{
"contact_id_pairs": [
[
0,
1
],
[
1,
5
],
[
0,
3
],
[
3,
15
],
[
1,
14
],
[
2,
14
],
[
2,
3
],
[
3,
4
],
[
4,
19
],
[
16,
19
],
[
5,
17
],
[
17,
18
],
[
6,
10
],
[
7,
10
],
[
6,
12
],
[
9,
12
],
[
7,
8
],
[
7,
13
],
[
8,
9
],
[
8,
11
],
[
10,
21
],
[
10,
22
],
[
11,
23
],
[
20,
23
],
[
12,
22
],
[
12,
23
],
[
13,
20
],
[
13,
21
],
[
14,
18
],
[
18,
19
],
[
15,
16
],
[
15,
17
]
],
"contact_t_bound_pairs": [
[
[
0.6,
0.9
],
[
0.6,
0.9
]
],
[
[
0.6,
0.9
],
[
0.1,
0.4
]
],
[
[
0.1,
0.4
],
[
0.6,
0.9
]
],
[
[
0.6,
0.9
],
[
0.1,
0.4
]
],
[
[
0.1,
0.4
],
[
0.1,
0.4
]
],
[
[
0.6,
0.9
],
[
0.1,
0.4
]
],
[
[
0.1,
0.4
],
[
0.1,
0.4
]
],
[
[
0.1,
0.4
],
[
0.1,
0.4
]
],
[
[
0.6,
0.9
],
[
0.6,
0.9
]
],
[
[
0.1,
0.4
],
[
0.6,
0.9
]
],
[
[
0.6,
0.9
],
[
0.6,
0.9
]
],
[
[
0.6,
0.9
],
[
0.1,
0.4
]
],
[
[
0.6,
0.9
],
[
0.1,
0.4
]
],
[
[
0.6,
0.9
],
[
0.1,
0.4
]
],
[
[
0.1,
0.4
],
[
0.1,
0.4
]
],
[
[
0.6,
0.9
],
[
0.1,
0.4
]
],
[
[
0.1,
0.4
],
[
0.6,
0.9
]
],
[
[
0.1,
0.4
],
[
0.1,
0.4
]
],
[
[
0.1,
0.4
],
[
0.1,
0.4
]
],
[
[
0.1,
0.4
],
[
0.1,
0.4
]
],
[
[
0.6,
0.9
],
[
0.6,
0.9
]
],
[
[
0.6,
0.9
],
[
0.1,
0.4
]
],
[
[
0.6,
0.9
],
[
0.6,
0.9
]
],
[
[
0.1,
0.4
],
[
0.6,
0.9
]
],
[
[
0.6,
0.9
],
[
0.6,
0.9
]
],
[
[
0.6,
0.9
],
[
0.1,
0.4
]
],
[
[
0.6,
0.9
],
[
0.6,
0.9
]
],
[
[
0.6,
0.9
],
[
0.1,
0.4
]
],
[
[
0.6,
0.9
],
[
0.6,
0.9
]
],
[
[
0.6,
0.9
],
[
0.1,
0.4
]
],
[
[
0.6,
0.9
],
[
0.6,
0.9
]
],
[
[
0.6,
0.9
],
[
0.1,
0.4
]
]
],
"line_pt_pairs": [
[
[
17.726591300002788,
174.85272361554522,
0.9300768215010907
],
[
18.431767883977866,
175.6833700052619,
0.9762451111989968
]
],
[
[
17.42561427610828,
175.60794841478625,
0.945168487806367
],
[
18.58421905528274,
175.5641904954534,
0.9310717598255137
]
],
[
[
16.85062363547653,
174.8895077031766,
0.9838199073391252
],
[
17.588545222922065,
175.6686419018891,
0.9659286806376369
]
],
[
[
16.746210247898265,
174.97207920307875,
0.9410276180446961
],
[
17.912703890773283,
174.93052949633443,
0.9739539148032463
]
],
[
[
16.86750865163767,
174.9333124696144,
1.0498445594741415
],
[
16.808053947966073,
174.9197039804635,
0.0
]
],
[
[
18.464679831349983,
175.60205251913035,
1.0371186741908849
],
[
18.51516072915262,
175.62681076165003,
0.0
]
],
[
[
19.277622190763847,
175.4999363611124,
0.9429147649734927
],
[
20.069284205872904,
176.31198350855198,
0.9382591474437797
]
],
[
[
18.948446222224668,
176.241275282785,
0.944863592461685
],
[
20.073946259394237,
176.2172780391385,
0.9617581500097148
]
],
[
[
18.337091743462057,
175.49805658751507,
0.9500468541973679
],
[
19.140805692225598,
176.320043853011,
0.9861435991219756
]
],
[
[
18.354746086523015,
175.62987751584834,
0.9946856923436985
],
[
19.436783957608974,
175.5653258960114,
0.9634830651000648
]
],
[
[
19.952224845448285,
176.2548303253227,
1.0671358075605448
],
[
20.051556832220513,
176.26320686471794,
0.0
]
],
[
[
18.396976064769376,
175.6109045803409,
1.0595897958313278
],
[
18.344450051033967,
175.5561000835314,
0.0
]
],
[
[
19.32912746128733,
175.61338796003037,
1.0605520154075136
],
[
19.344450051033967,
175.5561000835314,
0.1
]
],
[
[
19.087895208646334,
176.19571269150254,
1.038176261256244
],
[
19.051556832220513,
176.26320686471794,
0.1
]
],
[
[
17.54364699837404,
175.55924665962837,
1.0613426888222965
],
[
17.51516072915262,
175.62681076165003,
0.1
]
],
[
[
17.769568605995875,
174.97720283892113,
1.0643295638862933
],
[
17.808053947966073,
174.9197039804635,
0.1
]
],
[
[
16.775812502660674,
174.95467242910962,
0.05641938393792216
],
[
17.91563139398213,
174.88237245070613,
0.21425192185146386
]
],
[
[
17.748995528682,
174.81040097993096,
0.23511937062869656
],
[
18.563360232953322,
175.74047579288583,
0.11248487956466806
]
],
[
[
18.494543809774065,
175.52142784884495,
0.09097211257046689
],
[
17.388991395639962,
175.6741395020036,
0.2133310796183631
]
],
[
[
17.578266739400526,
175.7602584562525,
0.17340807810512884
],
[
16.7595303101464,
174.80191931546895,
0.09599324474706782
]
],
[
[
18.436656761509262,
175.49249428295747,
0.06691338999660111
],
[
19.09178512587517,
176.36498310750835,
0.21086347077246595
]
],
[
[
18.93618789759979,
176.2985677284431,
0.2344637063130326
],
[
20.161775503698767,
176.21844059768594,
0.09195698400853375
]
],
[
[
20.092303372151232,
176.37864543731536,
0.1165461936180409
],
[
19.289622246247326,
175.44673446204644,
0.23353664816828507
]
],
[
[
19.463582714868096,
175.51707079007127,
0.2099202101481843
],
[
18.229028558678447,
175.60634508569078,
0.09219502812579133
]
]
],
"contact_t_pairs": [
[
0.8650348804546165,
0.7859702734343942
],
[
0.8999999065051822,
0.10000021604970874
],
[
0.10000007737929589,
0.8999999311805582
],
[
0.8794464632406261,
0.1000000998340527
],
[
0.10000007975413368,
0.12489306839518541
],
[
0.899999897175188,
0.10000010922692516
],
[
0.10000579003475461,
0.15359097850033257
],
[
0.1000000991326767,
0.10000012896636382
],
[
0.8999999272014296,
0.8999999463739398
],
[
0.10000019198632651,
0.8468267962087181
],
[
0.8789876979752479,
0.8999999406042617
],
[
0.7823909370861231,
0.10176545751185087
],
[
0.899999862913354,
0.12239284756324001
],
[
0.8999997696904615,
0.10000008903237285
],
[
0.10000008530515725,
0.12493843209167645
],
[
0.8999999108677609,
0.10000010385890014
],
[
0.10000007450526656,
0.8999999283781384
],
[
0.12131698829005454,
0.10000014044169679
],
[
0.1554915781686975,
0.1000019245363814
],
[
0.1000001297011162,
0.10000008940184432
],
[
0.8999999487361426,
0.8999999381513939
],
[
0.8776072426386309,
0.10000006147202033
],
[
0.8999999685204565,
0.8999999423895584
],
[
0.11116789379614211,
0.7757677616226423
],
[
0.8750617283904146,
0.8999999493866455
],
[
0.8999999599641035,
0.10000004976253807
],
[
0.899999955341514,
0.8999999313593279
],
[
0.8745032939838293,
0.10000005012284525
],
[
0.8999999446026944,
0.8786235365719492
],
[
0.899999943954463,
0.10000004414219152
],
[
0.8999999571311303,
0.8999999394180999
],
[
0.875175937107286,
0.10000004913682983
]
],
"half_couplers": [
{
"pose": [
[
-0.7627645190698136,
0.009734741191527674,
0.6466030646866209,
18.336593642021064
],
[
0.6448458360913556,
-0.06372983540539012,
0.7616510721812466,
175.57126171597386
],
[
0.04862238295103305,
0.9979197076384132,
0.04233344993060695,
0.970014002460713
],
[
0.0,
0.0,
0.0,
1.0
]
],
"at_element": 0,
"to_element": 1
},
{
"pose": [
[
-0.03843435804859885,
-0.00973474119155232,
0.9992137083403758,
18.336243191198427
],
[
-0.9972534010235672,
0.06372983540530852,
-0.037738073959076024,
175.57355599096329
],
[
-0.06331235478420089,
-0.9979197076384181,
-0.01215741907370571,
0.9340888786607254
],
[
0.0,
0.0,
0.0,
1.0
]
],
"at_element": 1,
"to_element": 0
},
{
"pose": [
[
0.011174786947880211,
-0.038040625669660905,
0.9992137083403784,
18.468358469041753
],
[
-0.026140837119814075,
-0.99894569142098,
-0.037738073959017085,
175.56856629147782
],
[
0.9995958087003692,
-0.025698567861295863,
-0.01215741907369905,
0.93248143394157
],
[
0.0,
0.0,
0.0,
1.0
]
],
"at_element": 1,
"to_element": 5
},
{
"pose": [
[
-0.9980935216871472,
0.038040625669595304,
0.04860280614135399,
18.469727932036626
],
[
0.03923386936660003,
0.9989456914209807,
0.023837136698511646,
175.60452834873132
],
[
-0.04764478419169169,
0.025698567861355492,
-0.9985337040627134,
0.9334065827026089
],
[
0.0,
0.0,
0.0,
1.0
]
],
"at_element": 5,
"to_element": 1
},
{
"pose": [
[
0.7622639745971126,
0.029293510700633962,
0.6466030646867089,
17.797109012966363
],
[
-0.6472615065317004,
0.030662459255809238,
0.7616510721811525,
174.9357883187917
],
[
0.0024849937074504225,
-0.9991004473140914,
0.04233344993095001,
0.934693654043351
],
[
0.0,
0.0,
0.0,
1.0
]
],
"at_element": 0,
"to_element": 3
},
{
"pose": [
[
0.03468597143992658,
-0.029293510700780012,
0.9989688551782243,
17.79605444620834
],
[
0.9988962373572595,
-0.030662459256012742,
-0.0355825882403617,
174.93468446986827
],
[
0.03167318074930825,
0.999100447314081,
0.028197620431961612,
0.970661282861422
],
[
0.0,
0.0,
0.0,
1.0
]
],
"at_element": 3,
"to_element": 0
},
{
"pose": [
[
-0.026066819342635883,
-0.03717186184825819,
0.9989688551782243,
17.772078956517372
],
[
0.058988942306950155,
-0.9976242700033051,
-0.03558258824031322,
174.93553846043378
],
[
0.997918245957486,
0.05800059126514468,
0.028197620432014014,
0.9699845332766145
],
[
0.0,
0.0,
0.0,
1.0
]
],
"at_element": 3,
"to_element": 15
},
{
"pose": [
[
-0.9985157429042697,
0.03717186184825917,
0.03980658060005808,
17.773417144035044
],
[
0.03476774504377822,
0.9976242700033039,
-0.05947284930912473,
174.97145294733502
],
[
-0.04192272745070175,
-0.05800059126516691,
-0.9974359209172214,
0.9678965112247354
],
[
0.0,
0.0,
0.0,
1.0
]
],
"at_element": 15,
"to_element": 3
},
{
"pose": [
[
-0.009518528064166754,
0.03848847474458822,
0.9992137083403764,
17.541474846429246
],
[
0.06933490311405491,
0.9968793853741911,
-0.03773807395906202,
175.6035726193631
],
[
-0.9975480283343033,
0.06892117474194859,
-0.012157419073697495,
0.9437588138840093
],
[
0.0,
0.0,
0.0,
1.0
]
],
"at_element": 1,
"to_element": 14
},
{
"pose": [
[
0.9988221437969765,
-0.03848847474456657,
-0.029545936652081328,
17.540089260803846
],
[
-0.036340667674470584,
-0.9968793853741929,
0.07007743494838949,
175.56768494764322
],
[
-0.03215090875520676,
-0.0689211747419393,
-0.9971039016764531,
0.941277650636002
],
[
0.0,
0.0,
0.0,
1.0
]
],
"at_element": 14,
"to_element": 1
},
{
"pose": [
[
-0.0620534934693866,
-0.7234824875549843,
0.6875481467864608,
17.514752988300863
],
[
0.035867247763682,
0.6868142982528985,
0.7259474225129787,
175.5907284019035
],
[
-0.997428145024043,
0.06970803337227749,
-0.016669900937497983,
0.9677178051474478
],
[
0.0,
0.0,
0.0,
1.0
]
],
"at_element": 2,
"to_element": 14
},
{
"pose": [
[
0.6897101766891331,
0.7234824875550174,
-0.02954593665208257,
17.540798368340432
],
[
0.7234468002738499,
-0.6868142982528684,
0.07007743494840524,
175.56600307721035
],
[
0.030407225210023335,
-0.0697080333722288,
-0.9971039016764516,
0.965208314935561
],
[
0.0,
0.0,
0.0,
1.0
]
],
"at_element": 14,
"to_element": 2
},
{
"pose": [
[
-0.7256560125571436,
-0.026474464871013625,
0.687548146786434,
16.924420066812722
],
[
0.6860729539088068,
0.04800251724194016,
0.725947422513009,
174.96742563426193
],
[
-0.05222311130630336,
0.998496299967221,
-0.016669900937280602,
0.982030681078152
],
[
0.0,
0.0,
0.0,
1.0
]
],
"at_element": 2,
"to_element": 3
},
{
"pose": [
[
-0.03688263946217485,
0.02647446487109467,
0.9989688551782243,
16.925373147921857
],
[
-0.9982132225895313,
-0.04800251724173554,
-0.03558258824031424,
174.9656975429635
],
[
0.047010989712258755,
-0.9984962999672287,
0.02819762043201257,
0.9460848001822342
],
[
0.0,
0.0,
0.0,
1.0
]
],
"at_element": 3,
"to_element": 2
},
{
"pose": [
[
0.02764269662830854,
0.036015381533745686,
0.9989688551782253,
16.862859727823402
],
[
-0.01599222636664967,
0.999238774322714,
-0.03558258824028973,
174.9679242282854
],
[
-0.9994899349262868,
-0.014992137373266705,
0.02819762043201457,
0.9443202509846231
],
[
0.0,
0.0,
0.0,
1.0
]
],
"at_element": 3,
"to_element": 4
},
{
"pose": [
[
0.9977507240667951,
-0.036015381533723426,
-0.05653658034552931,
16.861563173602853
],
[
-0.03680235963886773,
-0.9992387743227147,
-0.012940564711427543,
174.93195161894428
],
[
-0.056027483873520474,
0.014992137373287959,
-0.9983166616198407,
0.9448599681320919
],
[
0.0,
0.0,
0.0,
1.0
]
],
"at_element": 4,
"to_element": 3
},
{
"pose": [
[
-0.6460034954785345,
-0.7612378727522353,
-0.05653658034552941,
16.81399942266145
],
[
-0.7619192128787655,
0.6475427822400246,
-0.012940564711425512,
174.9210648303693
],
[
0.046460702488419,
0.034716656758675794,
-0.9983166616198405,
0.10498453237459719
],
[
0.0,
0.0,
0.0,
1.0
]
],
"at_element": 4,
"to_element": 19
},
{
"pose": [
[
0.013350255402721167,
0.7612378727522465,
-0.6483353081302272,
16.84140399697742
],
[
0.06917398630295735,
-0.6475427822400124,
-0.7588829322022088,
174.89775328093927
],
[
-0.9975152782286798,
-0.03471665675865848,
-0.061302719710149,
0.10373473223432644
],
[
0.0,
0.0,
0.0,
1.0
]
],
"at_element": 19,
"to_element": 4
},
{
"pose": [
[
-0.06692017175695475,
0.13488379181064802,
0.9885990356655228,
16.889794610622463
],
[
-0.9974094419134563,
-0.03524372386926844,
-0.06270793498206179,
174.94744241738866
],
[
0.026383627383424868,
-0.9902344382188535,
0.13689288356771545,
0.07220266803096549
],
[
0.0,
0.0,
0.0,
1.0
]
],
"at_element": 16,
"to_element": 19
},
{
"pose": [
[
0.7493114779172576,
-0.13488379181059834,
-0.6483353081301759,
16.88493879207589
],
[
-0.6502726929065534,
0.03524372386939312,
-0.758882932202245,
174.94871119198135
],
[
0.12521075801030185,
0.9902344382188559,
-0.06130271971024204,
0.10785112279349023
],
[
0.0,
0.0,
0.0,
1.0
]
],
"at_element": 19,
"to_element": 16
},
{
"pose": [
[
0.6555788536466657,
0.7535609689245524,
0.04860280614134893,
18.509051919501246
],
[
0.7534763901359978,
-0.6570427082173895,
0.02383713669851554,
175.62381470972866
],
[
0.049896855200997056,
0.02099394417083162,
-0.9985337040627134,
0.12550411823669783
],
[
0.0,
0.0,
0.0,
1.0
]
],
"at_element": 5,
"to_element": 17
},
{
"pose": [
[
-0.049143500945175056,
-0.753560968924213,
0.6555385438163439,
18.481923714156398
],
[
-0.08815161330182464,
0.6570427082177943,
0.748681623021503,
175.64746825634785
],
[
-0.9948940694300761,
-0.020993944170347112,
-0.09871699408427692,
0.12474833595503705
],
[
0.0,
0.0,
0.0,
1.0
]
],
"at_element": 17,
"to_element": 5
},
{
"pose": [
[
-0.7464804795245725,
0.11417579094062436,
0.6555385438338823,
18.386147092786704
],
[
0.6622065170405046,
0.030957328367859915,
0.7486816229943195,
175.53808308439892
],
[
0.06518759450883255,
0.9929781128420744,
-0.09871699417397539,
0.13917125624603152
],
[
0.0,
0.0,
0.0,
1.0
]
],
"at_element": 17,
"to_element": 18
},
{
"pose": [
[
0.13168836744748558,
-0.11417579083697754,
-0.9846938928752257,
18.382036762546377
],
[
0.9902226736412838,
-0.030957328596451283,
0.1360172798319329,
175.53696862009605
],
[
-0.046013372900962746,
-0.9929781128468652,
0.10898273680429804,
0.10342402883277353
],
[
0.0,
0.0,
0.0,
1.0
]
],
"at_element": 18,
"to_element": 17
},
{
"pose": [
[
-0.040871877573099624,
0.7148754354492233,
0.6980563024677401,
19.99011789583571
],
[
0.045568290178249704,
-0.6965794890154524,
0.7160311071547114,
176.2307786824872
],
[
0.9981247519994084,
0.061074767901764415,
-0.004105139688880932,
0.938724709834974
],
[
0.0,
0.0,
0.0,
1.0
]
],
"at_element": 6,
"to_element": 10
},
{
"pose": [
[
-0.6930827196658449,
-0.7148754354490539,
0.09267931534124267,
19.964382370163452
],
[
-0.7174370585653247,
0.6965794890156483,
0.007815528122480774,
176.25585555383202
],
[
-0.07014563919254573,
-0.06107476790151545,
-0.9956653363595849,
0.9365260173365121
],
[
0.0,
0.0,
0.0,
1.0
]
],
"at_element": 10,
"to_element": 6
},
{
"pose": [
[
-0.015210784857472959,
-0.021168228606719533,
0.9996602113326675,
19.961395996463885
],
[
-0.009496835766650677,
-0.9997277212453355,
-0.021314161584029268,
176.21967776902994
],
[
0.9998392081402093,
-0.009817813975753738,
0.015005612093365706,
0.960068690363934
],
[
0.0,
0.0,
0.0,
1.0
]
],
"at_element": 7,
"to_element": 10
},
{
"pose": [
[
-0.9954709692429671,
0.02116822860671642,
0.0926793153412433,
19.96215805296927
],
[
0.021986379733262718,
0.9997277212453356,
0.007815528122483805,
176.25566798000798
],
[
-0.09248863984670008,
0.009817813975745994,
-0.9956653363595849,
0.9604221317948571
],
[
0.0,
0.0,
0.0,
1.0
]
],
"at_element": 10,
"to_element": 7
},
{
"pose": [
[
-0.035069761502892094,
0.7151835501557122,
0.6980563024676464,
19.356788459807607
],
[
0.03991447974245793,
-0.6969263145365923,
0.7160311071548023,
175.58114114512816
],
[
0.998587475454714,
0.05297359430051063,
-0.00410513968894155,
0.9424492028233733
],
[
0.0,
0.0,
0.0,
1.0
]
],
"at_element": 6,
"to_element": 12
},
{
"pose": [
[
-0.6987553176816605,
-0.7151835501556303,
0.01592154510060123,
19.33104184162586
],
[
-0.7146679085803955,
0.6969263145366843,
-0.059527242096690205,
175.60623050256274
],
[
0.03147676058499297,
-0.05297359430040101,
-0.9980997003556165,
0.9405421526599991
],
[
0.0,
0.0,
0.0,
1.0
]
],
"at_element": 12,
"to_element": 6
},
{
"pose": [
[
0.03215971302720377,
-0.05776797163913638,
0.9978119132936365,
19.328580074055917
],
[
0.05672685679941219,
-0.9966135711635777,
-0.05952691399895231,
175.57178106374872
],
[
0.9978716433367905,
0.058517101989756945,
-0.028773810992871462,
0.9666033306055881
],
[
0.0,
0.0,
0.0,
1.0
]
],
"at_element": 9,
"to_element": 12
},
{
"pose": [
[
-0.9982030684456475,
0.05776797163916762,
0.01592154510060562,
19.330659721853383
],
[
0.05672651250471775,
0.9966135711635744,
-0.059527242096700426,
175.6076591664306
],
[
-0.019306395954356532,
-0.05851710198978934,
-0.9980997003556162,
0.9644967141048865
],
[
0.0,
0.0,
0.0,
1.0
]
],
"at_element": 12,
"to_element": 9
},
{
"pose": [
[
-0.020873297693538184,
0.015613049725160588,
0.9996602113326694,
19.060996309797304
],
[
-0.999362964072964,
0.028624684369825903,
-0.021314161583984303,
176.23887555663242
],
[
-0.028947737091132186,
-0.9994682887030524,
0.015005612093319853,
0.9465530494752215
],
[
0.0,
0.0,
0.0,
1.0
]
],
"at_element": 7,
"to_element": 8
},
{
"pose": [
[
-0.7151758328630453,
-0.015613049725100803,
0.6987701773594313,
19.060434239785756
],
[
0.6988886249670371,
-0.02862468436975285,
0.7146574825302091,
176.23784506758912
],
[
0.008844092962750405,
0.9994682887030552,
0.03138346533849745,
0.9825339220441988
],
[
0.0,
0.0,
0.0,
1.0
]
],
"at_element": 8,
"to_element": 7
},
{
"pose": [
[
0.016477239675980804,
0.020198080378753987,
0.9996602113326677,
19.08498849705442
],
[
0.07063627550319013,
0.997274397093903,
-0.021314161584020684,
176.23836400945854
],
[
-0.9973660397044296,
0.07096347264618405,
0.01500561209336615,
0.9469131893019049
],
[
0.0,
0.0,
0.0,
1.0
]
],
"at_element": 7,
"to_element": 13
},
{
"pose": [
[
0.9990504199914927,
-0.02019808037874141,
-0.03860435032267588,
19.08426136590033
],
[
-0.017391497334787825,
-0.9972743970939071,
0.07170294778764824,
176.2024621183031
],
[
-0.03994739209605619,
-0.07096347264613001,
-0.9966786801245053,
0.9443585033715536
],
[
0.0,
0.0,
0.0,
1.0
]
],
"at_element": 13,
"to_element": 7
},
{
"pose": [
[
0.7149194288284099,
-0.024707276595301364,
0.6987701773594115,
18.462062493751496
],
[
-0.6961655844342967,
0.06795705785866557,
0.7146574825302316,
175.62586868466158
],
[
-0.06514360546449988,
-0.9973822681251343,
0.03138346533842862,
0.955659594032448
],
[
0.0,
0.0,
0.0,
1.0
]
],
"at_element": 8,
"to_element": 9
},
{
"pose": [
[
0.061326472037213975,
0.024707276595344885,
0.9978119132936378,
18.46295195605286
],
[
0.9959108317499907,
-0.06795705785865014,
-0.05952691399894683,
175.6234222296327
],
[
0.0663376139947065,
0.9973822681251344,
-0.028773810992847038,
0.9915653695687437
],
[
0.0,
0.0,
0.0,
1.0
]
],
"at_element": 9,
"to_element": 8
},
{
"pose": [
[
-0.022453543063525983,
0.7149937605582313,
0.6987701773592612,
18.417463242581007
],
[
-0.02193796670915732,
-0.6991304658502631,
0.7146574825303811,
175.58025542067733
],
[
0.9995071605649268,
0.0007169956714074832,
0.03138346533837355,
0.9536565333716168
],
[
0.0,
0.0,
0.0,
1.0
]
],
"at_element": 8,
"to_element": 11
},
{
"pose": [
[
-0.6973801580707242,
-0.7149937605583873,
-0.04944529797490596,
18.39172345869991
],
[
-0.7131304569565097,
0.6991304658501033,
-0.05159014519476778,
175.60542412576032
],
[
0.0714553461278534,
-0.0007169956716232967,
-0.9974435419746599,
0.953630721518913
],
[
0.0,
0.0,
0.0,
1.0
]
],
"at_element": 11,
"to_element": 8
},
{
"pose": [
[
-0.9934486820578088,
0.06686000766887402,
0.09267931534124325,
20.041623628451152
],
[
0.06787277462966847,
0.9976633720770934,
0.007815528122479334,
176.26236921034902
],
[
-0.09194021199493578,
0.01405472839585101,
-0.9956653363595851,
0.1067136354615523
],
[
0.0,
0.0,
0.0,
1.0
]
],
"at_element": 10,
"to_element": 21
},
{
"pose": [
[
0.11407518993243804,
-0.06686000766885852,
0.9912197488026548,
20.039216667287985
],
[
-0.021637295152080745,
-0.9976633720770942,
-0.06480450195984219,
176.2264533157174
],
[
0.9932364665578786,
-0.01405472839586833,
-0.11525530837813269,
0.10620766505282576
],
[
0.0,
0.0,
0.0,
1.0
]
],
"at_element": 21,
"to_element": 10
},
{
"pose": [
[
0.6431466255169889,
0.7601137826628253,
0.09267931534124277,
20.03939931646528
],
[
0.7629060371282623,
-0.6464621381283031,
0.007815528122480452,
176.26218163696421
],
[
0.06585435900045333,
0.06567907865214165,
-0.9956653363595849,
0.13060969396638644
],
[
0.0,
0.0,
0.0,
1.0
]
],
"at_element": 10,
"to_element": 22
},
{
"pose": [
[
0.011673761397829718,
-0.760113782662996,
-0.6496851242721959,
20.01203521021841
],
[
0.11464691925756793,
0.6464621381281302,
-0.7542829627345131,
176.28545428250203
],
[
0.9933377105494261,
-0.06567907865186645,
0.09469134822076763,
0.12824524626470493
],
[
0.0,
0.0,
0.0,
1.0
]
],
"at_element": 22,
"to_element": 10
},
{
"pose": [
[
0.9957840752993138,
-0.07726084317727093,
-0.049445297974911484,
18.349702654061
],
[
-0.07979855932545245,
-0.9954750860008346,
-0.051590145194729056,
175.56158053493755
],
[
-0.0452356641365293,
0.055318308571106256,
-0.9974435419746617,
0.10595901293853587
],
[
0.0,
0.0,
0.0,
1.0
]
],
"at_element": 11,
"to_element": 23
},
{
"pose": [
[
-0.09028250559487816,
0.07726084317726001,
-0.992914815729451,
18.352484045420624
],
[
0.06224164319858846,
0.9954750860008373,
0.07180063372676548,
175.5974176509857
],
[
0.9939693390821722,
-0.0553183085710722,
-0.09468282685569362,
0.10396755311023036
],
[
0.0,
0.0,
0.0,
1.0
]
],
"at_element": 23,
"to_element": 11
},
{
"pose": [
[
0.7971583438512504,
0.10084999711792614,
0.5952880419676225,
18.50948600194193
],
[
-0.6031346256476957,
0.08778100166864655,
0.7927944999120912,
175.58948702794345
],
[
0.027698342425956923,
-0.9910215809089947,
0.13080148317007378,
0.08291601728823852
],
[
0.0,
0.0,
0.0,
1.0
]
],
"at_element": 20,
"to_element": 23
},
{
"pose": [
[
-0.06284462416403191,
-0.10084999711771064,
-0.9929148157294461,
18.50585540051892
],
[
-0.9935487732077206,
-0.08778100166815461,
0.07180063372679407,
175.58632691055448
],
[
-0.0944001508002788,
0.9910215809090606,
-0.09468282685572627,
0.11859280920405438
],
[
0.0,
0.0,
0.0,
1.0
]
],
"at_element": 23,
"to_element": 20
},
{
"pose": [
[
-0.6498996652300089,
-0.7598532289432819,
0.01592154510060607,
19.342535673154437
],
[
-0.7592176910569318,
0.6481087910486494,
-0.059527242096701585,
175.56325753180536
],
[
0.034913073770486816,
-0.05077465342005301,
-0.9980997003556156,
0.22000970859611857
],
[
0.0,
0.0,
0.0,
1.0
]
],
"at_element": 12,
"to_element": 22
},
{
"pose": [
[
-0.02307183920448108,
0.7598532289432409,
-0.6496851242719454,
19.3698903994641
],
[
-0.10493906371554623,
-0.648108791048692,
-0.7542829627347467,
175.53992560674047
],
[
-0.9942109852250814,
0.05077465342012055,
0.09469134822062442,
0.2218375967919813
],
[
0.0,
0.0,
0.0,
1.0
]
],
"at_element": 22,
"to_element": 12
},
{
"pose": [
[
-0.9968640202705155,
0.07751535003929796,
0.015921545100606515,
19.34291779144585
],
[
0.07644263202210277,
0.9952954493304472,
-0.05952724209667749,
175.56182887347487
],
[
-0.02046091639294113,
-0.05812348105876121,
-0.9980997003556173,
0.1960552399973124
],
[
0.0,
0.0,
0.0,
1.0
]
],
"at_element": 12,
"to_element": 23
},
{
"pose": [
[
0.09006408392480103,
-0.07751535003936286,
-0.992914815729457,
19.340127237814585
],
[
-0.06505103795135603,
-0.995295449330448,
0.07180063372668359,
175.52599822407572
],
[
-0.9938092489246806,
0.05812348105866665,
-0.0946828268556934,
0.19814768608764113
],
[
0.0,
0.0,
0.0,
1.0
]
],
"at_element": 23,
"to_element": 12
},
{
"pose": [
[
0.5943365390965321,
0.8032893516230124,
-0.03860435032268725,
19.05519067148591
],
[
0.8034639204016598,
-0.5910198100667696,
0.07170294778762773,
176.25645744438222
],
[
0.03478227864231655,
-0.07363288448594338,
-0.9966786801245064,
0.1938176680231558
],
[
0.0,
0.0,
0.0,
1.0
]
],
"at_element": 13,
"to_element": 20
},
{
"pose": [
[
0.01893052190660427,
-0.8032893516229124,
0.5952880419675712,
19.026272244470128
],
[
0.14890421423750255,
0.5910198100668806,
0.7927944999120644,
176.27773416516504
],
[
-0.9886704053033324,
0.0736328844861418,
0.1308014831704708,
0.19646845281404918
],
[
0.0,
0.0,
0.0,
1.0
]
],
"at_element": 20,
"to_element": 13
},
{
"pose": [
[
0.9965813851007013,
-0.07304277518640527,
-0.03860435032267618,
19.056117178763927
],
[
-0.07014613242319563,
-0.9949563846644913,
0.07170294778761047,
176.2547365683041
],
[
-0.04364702712482436,
-0.06874987715213424,
-0.9966786801245082,
0.217738030450225
],
[
0.0,
0.0,
0.0,
1.0
]
],
"at_element": 13,
"to_element": 21
},
{
"pose": [
[
-0.1102187033886568,
0.0730427751863725,
0.9912197488026538,
19.058746719639625
],
[
0.07656480353982725,
0.9949563846644952,
-0.06480450195985411,
176.29055501135116
],
[
-0.9909539183444561,
0.06874987715210933,
-0.11525530837813469,
0.22021302693974032
],
[
0.0,
0.0,
0.0,
1.0
]
],
"at_element": 21,
"to_element": 13
},
{
"pose": [
[
0.9891927309067698,
-0.14361329586274188,
-0.029545936652058895,
17.518009357652822
],
[
-0.1412725763150113,
-0.987487322598285,
0.07007743494870627,
175.620054347705
],
[
-0.039240289276790775,
-0.0651460586613758,
-0.9971039016764314,
0.1961343221380244
],
[
0.0,
0.0,
0.0,
1.0
]
],
"at_element": 14,
"to_element": 18
},
{
"pose": [
[
0.09875808111429207,
0.14361329586652452,
-0.9846938928748249,
17.523179437801904
],
[
-0.07980029610619718,
0.9874873225979935,
0.13601727996695662,
175.65560390161897
],
[
0.9919066257244108,
0.06514605865745293,
0.10898273663940328,
0.19847958092938006
],
[
0.0,
0.0,
0.0,
1.0
]
],
"at_element": 18,
"to_element": 14
},
{
"pose": [
[
-0.150678450938162,
0.08760103743109715,
-0.9846938928742635,
17.49954669901465
],
[
-0.9786107854271815,
-0.1543380387165203,
0.13601727997108654,
175.65886832812893
],
[
-0.14006046932832583,
0.9841269369578973,
0.10898273663932123,
0.20109517605589944
],
[
0.0,
0.0,
0.0,
1.0
]
],
"at_element": 18,
"to_element": 19
},
{
"pose": [
[
-0.7562984771057992,
-0.08760103743126535,
-0.6483353081303024,
17.49639306033429
],
[
0.632674059067952,
0.15433803871628737,
-0.7588829322021223,
175.66442449987096
],
[
0.16654173203713715,
-0.9841269369579188,
-0.06130271971042145,
0.16566659135206235
],
[
0.0,
0.0,
0.0,
1.0
]
],
"at_element": 19,
"to_element": 18
},
{
"pose": [
[
-0.9966817612587413,
0.07099931630026067,
0.03980658060005781,
17.80420541211923
],
[
0.06856636108075238,
0.9958722982005253,
-0.05947284930914302,
174.92545386877418
],
[
-0.043864802545061594,
-0.056546111817698745,
-0.9974359209172201,
0.1964329977283477
],
[
0.0,
0.0,
0.0,
1.0
]
],
"at_element": 15,
"to_element": 16
},
{
"pose": [
[
-0.1327819406625359,
-0.07099931630023015,
0.9885990356655172,
17.80164943579759
],
[
0.06562073275331745,
-0.9958722982005257,
-0.06270793498211324,
174.88960245292654
],
[
0.9889706141573713,
0.05654611181772914,
0.1368928835677311,
0.19846865849831463
],
[
0.0,
0.0,
0.0,
1.0
]
],
"at_element": 16,
"to_element": 15
},
{
"pose": [
[
-0.6544520377863987,
-0.7550549426221648,
0.03980658060006089,
17.80325005121954
],
[
-0.7558659967806379,
0.6520196125162672,
-0.059472849309154606,
174.9268812215879
],
[
0.01895059756425113,
-0.06901056814703349,
-0.997435920917219,
0.22037153413184613
],
[
0.0,
0.0,
0.0,
1.0
]
],
"at_element": 15,
"to_element": 17
},
{
"pose": [
[
0.012698472065360566,
0.7550549426220675,
0.6555385438166024,
17.83043203912443
],
[
0.11977584165508148,
-0.6520196125163624,
0.7486816230213141,
174.9034085069274
],
[
0.9927197472413964,
0.0690105681471952,
-0.09871699408399359,
0.2228559154964236
],
[
0.0,
0.0,
0.0,
1.0
]
],
"at_element": 17,
"to_element": 15
}
],
"contact_residues": [
1.0335506634738296e-09,
8.910300338853435e-10,
9.162873656786349e-10,
9.512999712124947e-10,
1.0000610253977172e-09,
1.0437108860785122e-09,
1.0165198234126601e-09,
9.702541034291249e-10,
1.030658400021544e-09,
1.0896801045269388e-09,
9.997578522785226e-10,
1.113102425355089e-09,
1.0067734904165525e-09,
9.372071357427564e-10,
1.04460173029015e-09,
1.020094999395797e-09,
1.0211912096646817e-09,
9.284584937525464e-10,
1.0022568066954735e-09,
8.560526981936165e-10,
9.552835463437001e-10,
9.539514307929746e-10,
9.367900438191756e-10,
1.090009536572343e-09,
9.539670778529528e-10,
9.565726970859568e-10,
9.28345715783903e-10,
9.551547046829978e-10,
7.510285175990322e-10,
1.0954698028554505e-09,
9.48008093132406e-10,
9.507603730952825e-10
],
"collision_dists": [
0.02,
0.02,
0.02,
0.02,
0.02,
0.02,
0.02,
0.02,
0.02,
0.02,
0.02,
0.02,
0.02,
0.02,
0.02,
0.02,
0.02,
0.02,
0.02,
0.02,
0.02,
0.02,
0.02,
0.02,
0.02,
0.02,
0.02,
0.02,
0.02,
0.02,
0.02,
0.02,
0.02,
0.02,
0.02,
0.02,
0.02,
0.02,
0.02,
0.02,
0.02,
0.02,
0.02,
0.02,
0.02,
0.02,
0.02,
0.02,
0.02,
0.02,
0.02,
0.02,
0.02,
0.02,
0.02,
0.02,
0.02,
0.02,
0.02,
0.02,
0.02,
0.02,
0.02,
0.02,
0.02,
0.02,
0.02,
0.02,
0.02,
0.02,
0.02,
0.02,
0.02,
0.02,
0.02,
0.02,
0.02,
0.02,
0.02,
0.02,
0.02,
0.02,
0.02,
0.02,
0.02,
0.02,
0.02,
0.025,
0.025,
0.025,
0.025,
0.025,
0.025,
0.025,
0.025,
0.025,
0.025,
0.025,
0.025,
0.025,
0.025,
0.025,
0.025,
0.025,
0.025,
0.025,
0.025,
0.025,
0.025,
0.025,
0.025,
0.025,
0.025,
0.025,
0.025,
0.025,
0.025,
0.025,
0.025,
0.025,
0.025,
0.025,
0.025,
0.025,
0.025,
0.025,
0.025,
0.025,
0.025,
0.025,
0.025,
0.025,
0.025,
0.025,
0.025,
0.025,
0.025,
0.025,
0.025,
0.025,
0.025,
0.025,
0.025,
0.025,
0.025,
0.025,
0.025,
0.025,
0.025,
0.025,
0.025,
0.025,
0.025,
0.025,
0.025,
0.025,
0.025,
0.025,
0.025,
0.025,
0.025,
0.025,
0.025,
0.025,
0.025,
0.025,
0.025,
0.025,
0.025,
0.025,
0.025,
0.025,
0.025,
0.025
],
"collision_id_pairs": [
[
0,
1
],
[
0,
2
],
[
0,
3
],
[
0,
5
],
[
0,
9
],
[
0,
11
],
[
0,
14
],
[
0,
15
],
[
1,
2
],
[
1,
3
],
[
1,
5
],
[
1,
8
],
[
1,
11
],
[
1,
14
],
[
1,
15
],
[
2,
3
],
[
2,
4
],
[
2,
14
],
[
2,
15
],
[
3,
4
],
[
3,
14
],
[
3,
15
],
[
4,
16
],
[
4,
19
],
[
5,
8
],
[
5,
9
],
[
5,
11
],
[
5,
17
],
[
5,
18
],
[
5,
20
],
[
5,
23
],
[
6,
7
],
[
6,
8
],
[
6,
9
],
[
6,
10
],
[
6,
12
],
[
6,
13
],
[
7,
8
],
[
7,
9
],
[
7,
10
],
[
7,
12
],
[
7,
13
],
[
8,
9
],
[
8,
11
],
[
8,
12
],
[
8,
13
],
[
9,
11
],
[
9,
12
],
[
9,
13
],
[
10,
21
],
[
10,
22
],
[
11,
17
],
[
11,
18
],
[
11,
20
],
[
11,
23
],
[
12,
20
],
[
12,
21
],
[
12,
22
],
[
12,
23
],
[
13,
20
],
[
13,
21
],
[
13,
22
],
[
13,
23
],
[
14,
16
],
[
14,
17
],
[
14,
18
],
[
14,
19
],
[
15,
16
],
[
15,
17
],
[
15,
18
],
[
15,
19
],
[
16,
17
],
[
16,
18
],
[
16,
19
],
[
17,
18
],
[
17,
19
],
[
17,
20
],
[
17,
23
],
[
18,
19
],
[
18,
20
],
[
18,
23
],
[
20,
21
],
[
20,
22
],
[
20,
23
],
[
21,
22
],
[
21,
23
],
[
22,
23
]
],
"collision_t_pairs": [
[
[
0.8650348804523837,
0.13496511954761625
],
[
0.7859702734325931,
0.21402972656740699
]
],
[
[
0.48937131150952284,
0.510628688490477
],
[
0.9999999999894067,
1.0593383120134619e-11
]
],
[
[
0.10000007738031795,
0.8999999226196821
],
[
0.8999999311798461,
0.10000006882015389
]
],
[
[
0.9654931166832617,
0.03450688331673835
],
[
0.05858415006163934,
0.9414158499383606
]
],
[
[
0.9351978192247894,
0.06480218077521062
],
[
0.029410372134068316,
0.9705896278659317
]
],
[
[
0.9229227513178974,
0.07707724868210267
],
[
0.08209762302287713,
0.917902376977123
]
],
[
[
0.3895263243957265,
0.6104736756042735
],
[
0.07529628942110633,
0.9247037105788938
]
],
[
[
0.11013877381739477,
0.8898612261826053
],
[
0.1367175506458148,
0.8632824493541852
]
],
[
[
0.08782815446010343,
0.9121718455398966
],
[
0.9175014996636022,
0.08249850033639791
]
],
[
[
0.4413634111047305,
0.5586365888952696
],
[
0.999868872349641,
0.0001311276503590274
]
],
[
[
0.8999999065039438,
0.10000009349605621
],
[
0.10000021605127402,
0.8999997839487259
]
],
[
[
0.8470796651879272,
0.15292033481207282
],
[
0.08728909605204206,
0.9127109039479581
]
],
[
[
0.8318679696786908,
0.16813203032130922
],
[
0.12070863664183581,
0.8792913633581642
]
],
[
[
0.10000007975543186,
0.8999999202445682
],
[
0.12489306839663095,
0.875106931603369
]
],
[
[
0.3197784987932153,
0.6802215012067848
],
[
0.09074013391455867,
0.9092598660854414
]
],
[
[
0.1000057900384888,
0.8999942099615112
],
[
0.15359097850338138,
0.8464090214966186
]
],
[
[
0.03747093270987399,
0.9625290672901261
],
[
0.06291580725345192,
0.9370841927465481
]
],
[
[
0.8999998971737225,
0.10000010282627748
],
[
0.1000001092287607,
0.8999998907712393
]
],
[
[
0.6467921365127258,
0.3532078634872742
],
[
0.05120891673607338,
0.9487910832639266
]
],
[
[
0.10000009913386708,
0.8999999008661329
],
[
0.1000001289678601,
0.89999987103214
]
],
[
[
0.6643525149206625,
0.33564748507933756
],
[
0.057811136843987886,
0.9421888631560121
]
],
[
[
0.8794464632395977,
0.12055353676040238
],
[
0.10000009983593754,
0.8999999001640624
]
],
[
[
0.9407620028462129,
0.05923799715378715
],
[
0.03320831420351391,
0.9667916857964861
]
],
[
[
0.8999999271996574,
0.10000007280034262
],
[
0.8999999463726661,
0.10000005362733395
]
],
[
[
0.07852877618507538,
0.9214712238149247
],
[
0.14590052544708484,
0.8540994745529151
]
],
[
[
0.04458305253657154,
0.9554169474634284
],
[
0.10479330930852465,
0.8952066906914754
]
],
[
[
6.267734942064224e-11,
0.9999999999373227
],
[
0.01837768965410504,
0.9816223103458949
]
],
[
[
0.8789876979736883,
0.12101230202631175
],
[
0.8999999406029164,
0.1000000593970836
]
],
[
[
0.9091575141388174,
0.09084248586118274
],
[
2.2180721724730909e-10,
0.9999999997781928
]
],
[
[
0.9168306442271436,
0.08316935577285639
],
[
0.13776735518856748,
0.8622326448114325
]
],
[
[
0.8845825504550519,
0.1154174495449481
],
[
0.7750779454059157,
0.2249220545940843
]
],
[
[
0.8853590603122158,
0.11464093968778429
],
[
0.9149418713358902,
0.0850581286641098
]
],
[
[
0.00026306765032373347,
0.9997369323496762
],
[
0.5726323936210707,
0.42736760637892945
]
],
[
[
0.0876831207139094,
0.9123168792860906
],
[
0.9176580656870743,
0.08234193431292572
]
],
[
[
0.8999998629120506,
0.10000013708794941
],
[
0.12239284756436154,
0.8776071524356385
]
],
[
[
0.10000008530650602,
0.8999999146934939
],
[
0.12493843209311446,
0.8750615679068856
]
],
[
[
0.32337568178399717,
0.6766243182160028
],
[
0.05118244083252006,
0.9488175591674799
]
],
[
[
0.1000000745061375,
0.8999999254938625
],
[
0.8999999283773776,
0.10000007162262245
]
],
[
[
1.529953366085205e-11,
0.9999999999847005
],
[
0.5140488198323419,
0.4859511801676581
]
],
[
[
0.8999997696891656,
0.10000023031083442
],
[
0.10000008903381491,
0.8999999109661851
]
],
[
[
0.3515745924385714,
0.6484254075614285
],
[
0.07575490473152706,
0.9242450952684731
]
],
[
[
0.12131698829108624,
0.8786830117089137
],
[
0.10000014044363523,
0.8999998595563649
]
],
[
[
0.15549157817171047,
0.8445084218282896
],
[
0.10000192453998251,
0.8999980754600175
]
],
[
[
0.1000001297023233,
0.8999998702976767
],
[
0.1000000894032854,
0.8999999105967146
]
],
[
[
0.6744919180400225,
0.32550808195997755
],
[
0.054752564276061136,
0.9452474357239388
]
],
[
[
0.8916595166017435,
0.10834048339825654
],
[
0.06332280777319578,
0.9366771922268042
]
],
[
[
0.03712172301870966,
0.9628782769812904
],
[
0.06131975902477347,
0.9386802409752265
]
],
[
[
0.8999999108663278,
0.10000008913367217
],
[
0.10000010386074186,
0.8999998961392581
]
],
[
[
0.6421103027832114,
0.3578896972167887
],
[
0.02257716185377986,
0.9774228381462201
]
],
[
[
0.8999999487342376,
0.10000005126576239
],
[
0.8999999381498907,
0.10000006185010933
]
],
[
[
0.8776072426371534,
0.12239275736284667
],
[
0.10000006147339055,
0.8999999385266094
]
],
[
[
0.8681584887169657,
0.13184151128303434
],
[
0.7792131343595805,
0.22078686564041958
]
],
[
[
0.8998319116714165,
0.1001680883285835
],
[
0.13336241822792294,
0.8666375817720771
]
],
[
[
0.9358821308080739,
0.06411786919192612
],
[
0.00041940419936543487,
0.9995805958006346
]
],
[
[
0.8999999685186577,
0.10000003148134222
],
[
0.8999999423881935,
0.10000005761180658
]
],
[
[
0.9168154485017213,
0.08318455149827865
],
[
0.5530308307561822,
0.44696916924381785
]
],
[
[
0.8710606703204072,
0.12893932967959268
],
[
0.36522375090616865,
0.6347762490938313
]
],
[
[
0.8750617283890175,
0.12493827161098252
],
[
0.8999999493855461,
0.10000005061445387
]
],
[
[
0.8999999599622845,
0.10000004003771543
],
[
0.10000004976358325,
0.8999999502364168
]
],
[
[
0.8999999553396558,
0.10000004466034411
],
[
0.8999999313580134,
0.10000006864198667
]
],
[
[
0.8745032939823913,
0.12549670601760857
],
[
0.10000005012392935,
0.8999999498760707
]
],
[
[
0.8464186962909475,
0.15358130370905265
],
[
0.6309231088011721,
0.36907689119882797
]
],
[
[
0.87681891951709,
0.12318108048291
],
[
0.3676347654541561,
0.6323652345458439
]
],
[
[
0.8932139761887395,
0.10678602381126048
],
[
0.6177550844638712,
0.3822449155361289
]
],
[
[
0.8555479370028852,
0.14445206299711466
],
[
0.36462188280075875,
0.6353781171992413
]
],
[
[
0.8999999446008647,
0.10000005539913523
],
[
0.8786235365709328,
0.12137646342906722
]
],
[
[
0.935923389683968,
0.06407661031603194
],
[
0.1148302483022078,
0.8851697516977922
]
],
[
[
0.8999999571293621,
0.1000000428706379
],
[
0.899999939416901,
0.10000006058309895
]
],
[
[
0.8751759371059261,
0.1248240628940738
],
[
0.10000004913789708,
0.8999999508621029
]
],
[
[
0.9021634070541312,
0.09783659294586892
],
[
0.5432049573903474,
0.4567950426096528
]
],
[
[
0.903541859489283,
0.09645814051071697
],
[
0.3847703218117543,
0.6152296781882457
]
],
[
[
0.9201108359301842,
0.07988916406981587
],
[
0.0893968481492732,
0.9106031518507268
]
],
[
[
0.9999999999901287,
9.871317348465207e-12
],
[
0.442280113993524,
0.5577198860064759
]
],
[
[
0.10000019198911587,
0.8999998080108841
],
[
0.846826796206515,
0.153173203793485
]
],
[
[
0.7823909370845022,
0.21760906291549775
],
[
0.10176545751422761,
0.8982345424857725
]
],
[
[
0.21278164928302162,
0.7872183507169783
],
[
0.27353501238450406,
0.726464987615496
]
],
[
[
0.9999999999431899,
5.6810179844814696e-11
],
[
0.2525927940381793,
0.7474072059618206
]
],
[
[
0.8438125977229913,
0.15618740227700864
],
[
0.8309386551120461,
0.16906134488795396
]
],
[
[
0.8999999439534258,
0.10000005604657433
],
[
0.10000004414281882,
0.8999999558571812
]
],
[
[
0.025365949596623666,
0.9746340504033764
],
[
0.0430048754054842,
0.9569951245945157
]
],
[
[
0.190885415151015,
0.809114584848985
],
[
0.9515868290857087,
0.04841317091429144
]
],
[
[
0.9220520400590878,
0.07794795994091225
],
[
0.08712893641631475,
0.9128710635836853
]
],
[
[
0.44822002884239037,
0.5517799711576096
],
[
0.9999999999866356,
1.3364525824782795e-11
]
],
[
[
0.11116789379835613,
0.8888321062016439
],
[
0.7757677616211611,
0.22423223837883882
]
],
[
[
0.8382512585585616,
0.16174874144143844
],
[
0.15748778652464973,
0.8425122134753503
]
],
[
[
0.21371251201609467,
0.7862874879839055
],
[
0.2565884224588895,
0.7434115775411104
]
],
[
[
0.9118436721671469,
0.08815632783285315
],
[
0.08208122179318528,
0.9179187782068148
]
]
],
"collision_dual_t_pairs": [
[
[
2.3120463914490763e-13,
1.4818606814366404e-12
],
[
2.5446265733607585e-13,
9.344481881105232e-13
]
],
[
[
4.0868768415982916e-13,
3.9167397916036013e-13
],
[
2.0000000000207417e-13,
0.037760040719762515
]
],
[
[
1.9999969275391947e-12,
2.2222226015352903e-13
],
[
2.222222559574107e-13,
1.9999972674275028e-12
]
],
[
[
2.071480535803731e-13,
5.7959289519528774e-12
],
[
3.413866075541483e-12,
2.1244606933354775e-13
]
],
[
[
2.138585026142403e-13,
3.0863147130069513e-12
],
[
6.799884285121189e-12,
2.060607031145987e-13
]
],
[
[
2.1670300426524095e-13,
2.594778769116184e-12
],
[
2.4361122627808584e-12,
2.1788818954554294e-13
]
],
[
[
5.134449866635133e-13,
3.276141004076178e-13
],
[
2.656215436812314e-12,
2.1628521644535884e-13
]
],
[
[
1.815891559830051e-12,
2.2475413635071079e-13
],
[
1.4628692057699488e-12,
2.316739055930917e-13
]
],
[
[
2.27716993420246e-12,
2.1925697042964247e-13
],
[
2.179833123038421e-13,
2.4242843434004872e-12
]
],
[
[
4.5327445396941417e-13,
3.5793142285468465e-13
],
[
2.0005198353494278e-13,
1.5486521162917261e-09
]
],
[
[
2.2222226805308462e-13,
1.9999962876740224e-12
],
[
1.9999914201665917e-12,
2.2222232814435523e-13
]
],
[
[
2.3610538184057263e-13,
1.3078680784185598e-12
],
[
2.291225360456919e-12,
2.191275415637324e-13
]
],
[
[
2.40422906661778e-13,
1.1895379452857545e-12
],
[
