{
"contact_id_pairs": [
[
0,
1
],
[
0,
8
],
[
1,
72
],
[
1,
74
],
[
2,
74
],
[
2,
73
],
[
3,
73
],
[
0,
12
],
[
3,
12
],
[
3,
75
],
[
4,
5
],
[
4,
9
],
[
5,
72
],
[
5,
6
],
[
6,
74
],
[
6,
7
],
[
7,
73
],
[
4,
7
],
[
4,
13
],
[
7,
75
],
[
8,
15
],
[
10,
15
],
[
10,
64
],
[
9,
64
],
[
11,
16
],
[
11,
64
],
[
10,
14
],
[
10,
19
],
[
14,
19
],
[
11,
20
],
[
13,
20
],
[
14,
20
],
[
15,
22
],
[
15,
71
],
[
17,
71
],
[
16,
18
],
[
16,
23
],
[
16,
71
],
[
17,
19
],
[
17,
21
],
[
21,
26
],
[
18,
20
],
[
20,
21
],
[
21,
27
],
[
22,
24
],
[
22,
70
],
[
29,
70
],
[
23,
25
],
[
23,
30
],
[
25,
30
],
[
24,
26
],
[
24,
33
],
[
26,
33
],
[
25,
27
],
[
25,
28
],
[
27,
34
],
[
29,
36
],
[
29,
69
],
[
31,
69
],
[
30,
32
],
[
30,
37
],
[
37,
69
],
[
31,
35
],
[
31,
40
],
[
33,
35
],
[
32,
34
],
[
32,
35
],
[
34,
35
],
[
36,
38
],
[
38,
68
],
[
43,
68
],
[
37,
39
],
[
37,
44
],
[
44,
68
],
[
38,
40
],
[
40,
47
],
[
42,
47
],
[
39,
48
],
[
41,
42
],
[
41,
48
],
[
43,
45
],
[
43,
67
],
[
45,
67
],
[
44,
67
],
[
46,
51
],
[
51,
67
],
[
45,
47
],
[
45,
54
],
[
47,
54
],
[
46,
49
],
[
46,
55
],
[
49,
55
],
[
50,
57
],
[
50,
66
],
[
52,
57
],
[
51,
53
],
[
51,
66
],
[
58,
66
],
[
52,
54
],
[
52,
61
],
[
54,
61
],
[
53,
55
],
[
53,
56
],
[
53,
62
],
[
57,
65
],
[
59,
65
],
[
58,
65
],
[
60,
65
],
[
59,
61
],
[
59,
63
],
[
60,
63
],
[
62,
63
]
],
"contact_t_bound_pairs": [
[
[
0.6,
0.9
],
[
0.1,
0.4
]
],
[
[
0.6,
0.9
],
[
0.1,
0.4
]
],
[
[
0.1,
0.4
],
[
0.6,
0.9
]
],
[
[
0.6,
0.9
],
[
0.6,
0.9
]
],
[
[
0.1,
0.4
],
[
0.6,
0.9
]
],
[
[
0.6,
0.9
],
[
0.6,
0.9
]
],
[
[
0.1,
0.4
],
[
0.6,
0.9
]
],
[
[
0.1,
0.4
],
[
0.1,
0.4
]
],
[
[
0.6,
0.9
],
[
0.1,
0.4
]
],
[
[
0.6,
0.9
],
[
0.6,
0.9
]
],
[
[
0.6,
0.9
],
[
0.1,
0.4
]
],
[
[
0.6,
0.9
],
[
0.1,
0.4
]
],
[
[
0.1,
0.4
],
[
0.1,
0.4
]
],
[
[
0.6,
0.9
],
[
0.1,
0.4
]
],
[
[
0.1,
0.4
],
[
0.1,
0.4
]
],
[
[
0.6,
0.9
],
[
0.1,
0.4
]
],
[
[
0.1,
0.4
],
[
0.1,
0.4
]
],
[
[
0.1,
0.4
],
[
0.6,
0.9
]
],
[
[
0.1,
0.4
],
[
0.1,
0.4
]
],
[
[
0.6,
0.9
],
[
0.1,
0.4
]
],
[
[
0.6,
0.9
],
[
0.1,
0.4
]
],
[
[
0.1,
0.4
],
[
0.1,
0.4
]
],
[
[
0.1,
0.4
],
[
0.1,
0.4
]
],
[
[
0.6,
0.9
],
[
0.6,
0.9
]
],
[
[
0.1,
0.4
],
[
0.1,
0.4
]
],
[
[
0.1,
0.4
],
[
0.6,
0.9
]
],
[
[
0.6,
0.9
],
[
0.1,
0.4
]
],
[
[
0.6,
0.9
],
[
0.1,
0.4
]
],
[
[
0.1,
0.4
],
[
0.1,
0.4
]
],
[
[
0.6,
0.9
],
[
0.1,
0.4
]
],
[
[
0.6,
0.9
],
[
0.1,
0.4
]
],
[
[
0.6,
0.9
],
[
0.1,
0.4
]
],
[
[
0.6,
0.9
],
[
0.1,
0.4
]
],
[
[
0.6,
0.9
],
[
0.1,
0.4
]
],
[
[
0.1,
0.4
],
[
0.1,
0.4
]
],
[
[
0.6,
0.9
],
[
0.1,
0.4
]
],
[
[
0.6,
0.9
],
[
0.1,
0.4
]
],
[
[
0.6,
0.9
],
[
0.6,
0.9
]
],
[
[
0.6,
0.9
],
[
0.6,
0.9
]
],
[
[
0.6,
0.9
],
[
0.1,
0.4
]
],
[
[
0.1,
0.4
],
[
0.1,
0.4
]
],
[
[
0.6,
0.9
],
[
0.6,
0.9
]
],
[
[
0.6,
0.9
],
[
0.6,
0.9
]
],
[
[
0.6,
0.9
],
[
0.1,
0.4
]
],
[
[
0.6,
0.9
],
[
0.1,
0.4
]
],
[
[
0.6,
0.9
],
[
0.1,
0.4
]
],
[
[
0.1,
0.4
],
[
0.1,
0.4
]
],
[
[
0.6,
0.9
],
[
0.1,
0.4
]
],
[
[
0.6,
0.9
],
[
0.1,
0.4
]
],
[
[
0.1,
0.4
],
[
0.1,
0.4
]
],
[
[
0.6,
0.9
],
[
0.6,
0.9
]
],
[
[
0.6,
0.9
],
[
0.1,
0.4
]
],
[
[
0.6,
0.9
],
[
0.1,
0.4
]
],
[
[
0.6,
0.9
],
[
0.6,
0.9
]
],
[
[
0.6,
0.9
],
[
0.6,
0.9
]
],
[
[
0.6,
0.9
],
[
0.1,
0.4
]
],
[
[
0.6,
0.9
],
[
0.1,
0.4
]
],
[
[
0.6,
0.9
],
[
0.1,
0.4
]
],
[
[
0.1,
0.4
],
[
0.1,
0.4
]
],
[
[
0.6,
0.9
],
[
0.1,
0.4
]
],
[
[
0.6,
0.9
],
[
0.1,
0.4
]
],
[
[
0.1,
0.4
],
[
0.6,
0.9
]
],
[
[
0.6,
0.9
],
[
0.1,
0.4
]
],
[
[
0.6,
0.9
],
[
0.1,
0.4
]
],
[
[
0.6,
0.9
],
[
0.1,
0.4
]
],
[
[
0.6,
0.9
],
[
0.6,
0.9
]
],
[
[
0.6,
0.9
],
[
0.6,
0.9
]
],
[
[
0.6,
0.9
],
[
0.6,
0.9
]
],
[
[
0.6,
0.9
],
[
0.1,
0.4
]
],
[
[
0.1,
0.4
],
[
0.1,
0.4
]
],
[
[
0.1,
0.4
],
[
0.1,
0.4
]
],
[
[
0.6,
0.9
],
[
0.1,
0.4
]
],
[
[
0.6,
0.9
],
[
0.1,
0.4
]
],
[
[
0.1,
0.4
],
[
0.6,
0.9
]
],
[
[
0.6,
0.9
],
[
0.6,
0.9
]
],
[
[
0.6,
0.9
],
[
0.1,
0.4
]
],
[
[
0.1,
0.4
],
[
0.1,
0.4
]
],
[
[
0.6,
0.9
],
[
0.1,
0.4
]
],
[
[
0.6,
0.9
],
[
0.6,
0.9
]
],
[
[
0.6,
0.9
],
[
0.1,
0.4
]
],
[
[
0.6,
0.9
],
[
0.1,
0.4
]
],
[
[
0.6,
0.9
],
[
0.1,
0.4
]
],
[
[
0.1,
0.4
],
[
0.1,
0.4
]
],
[
[
0.6,
0.9
],
[
0.6,
0.9
]
],
[
[
0.1,
0.4
],
[
0.1,
0.4
]
],
[
[
0.1,
0.4
],
[
0.6,
0.9
]
],
[
[
0.6,
0.9
],
[
0.6,
0.9
]
],
[
[
0.6,
0.9
],
[
0.1,
0.4
]
],
[
[
0.6,
0.9
],
[
0.1,
0.4
]
],
[
[
0.6,
0.9
],
[
0.6,
0.9
]
],
[
[
0.6,
0.9
],
[
0.1,
0.4
]
],
[
[
0.6,
0.9
],
[
0.1,
0.4
]
],
[
[
0.6,
0.9
],
[
0.1,
0.4
]
],
[
[
0.6,
0.9
],
[
0.1,
0.4
]
],
[
[
0.1,
0.4
],
[
0.1,
0.4
]
],
[
[
0.6,
0.9
],
[
0.1,
0.4
]
],
[
[
0.6,
0.9
],
[
0.6,
0.9
]
],
[
[
0.1,
0.4
],
[
0.6,
0.9
]
],
[
[
0.6,
0.9
],
[
0.6,
0.9
]
],
[
[
0.6,
0.9
],
[
0.1,
0.4
]
],
[
[
0.6,
0.9
],
[
0.1,
0.4
]
],
[
[
0.6,
0.9
],
[
0.6,
0.9
]
],
[
[
0.6,
0.9
],
[
0.6,
0.9
]
],
[
[
0.6,
0.9
],
[
0.1,
0.4
]
],
[
[
0.6,
0.9
],
[
0.1,
0.4
]
],
[
[
0.1,
0.4
],
[
0.1,
0.4
]
],
[
[
0.6,
0.9
],
[
0.6,
0.9
]
],
[
[
0.1,
0.4
],
[
0.6,
0.9
]
],
[
[
0.6,
0.9
],
[
0.6,
0.9
]
],
[
[
0.6,
0.9
],
[
0.1,
0.4
]
],
[
[
0.6,
0.9
],
[
0.6,
0.9
]
],
[
[
0.6,
0.9
],
[
0.6,
0.9
]
]
],
"line_pt_pairs": [
[
[
282.2109867530848,
227.1782485130397,
16.37285456027416
],
[
282.2671477742792,
227.21197456077314,
15.499821148202095
]
],
[
[
282.24628398659667,
227.16726660066723,
15.672961308288121
],
[
282.45541197998136,
227.22524769550213,
14.80451068236837
]
],
[
[
282.43983994915897,
227.24587169242494,
14.807150779493021
],
[
282.38033231777445,
227.21988146796028,
15.716673220452487
]
],
[
[
282.31472519373546,
227.2602192150307,
15.523803260075441
],
[
282.24861299582585,
227.22625679460842,
16.490968077657957
]
],
[
[
282.254153861635,
226.69703881192297,
16.387907469370056
],
[
282.3183515576111,
226.68242344923388,
15.492480690012401
]
],
[
[
282.3098618253079,
226.64847274104866,
15.67002027829287
],
[
282.45541197998136,
226.66524769550216,
14.80451068236837
]
],
[
[
282.4291369649263,
226.70306429113924,
14.794927370730226
],
[
282.4066293795614,
226.67876884457377,
15.68262811593563
]
],
[
[
282.4147405003711,
226.7224615987502,
15.496087733671338
],
[
282.25314857762635,
226.65471651153425,
16.480617279623228
]
],
[
[
282.30780987000304,
227.17016881321098,
15.620573570072017
],
[
281.76507058032115,
227.15178154034288,
16.387367999535396
]
],
[
[
282.36130305450706,
226.72292781042665,
15.65755938618735
],
[
281.74478881548885,
226.71753595374273,
16.444884514100725
]
],
[
[
281.7215220181436,
227.14344456263342,
16.254865481968835
],
[
281.8322183481443,
227.19905725072115,
17.18869745064866
]
],
[
[
281.72549571122653,
226.6832086674495,
16.242027669905944
],
[
281.8637367043025,
226.73420308735396,
17.083688904683573
]
],
[
[
282.25277128847137,
227.20404744217535,
16.199517340191765
],
[
282.1943893618059,
227.17183285246162,
17.08678512528747
]
],
[
[
282.2983199137955,
226.6498700659386,
16.2119419742414
],
[
281.83952211325936,
226.75593013549334,
17.076064975644663
]
],
[
[
281.78164018347576,
227.2496707840456,
17.099819011163994
],
[
281.8201618469855,
226.6643561388187,
17.09844118217053
]
],
[
[
281.88890877529406,
227.19015950987756,
16.239122365408296
],
[
281.2192767440553,
227.1828102388657,
16.98177886337162
]
],
[
[
281.8033135552092,
226.65405395390098,
16.248560551360747
],
[
281.1942968748136,
226.63831326818755,
17.041561730557415
]
],
[
[
281.27638222256746,
227.20643333485526,
16.8460614044307
],
[
281.2908427288922,
227.18519296272294,
17.738555551942913
]
],
[
[
281.2402586081781,
226.58573119411093,
16.88272531777608
],
[
281.4420751788271,
226.75561600943283,
17.623055429746003
]
],
[
[
281.87393329103173,
227.14406079754764,
16.94176823612494
],
[
281.2304127751045,
227.2322340446141,
17.702101503043224
]
],
[
[
281.92046350659894,
226.7757106885878,
16.89403176091889
],
[
281.3285256916887,
226.68952899861057,
17.695393791432075
]
],
[
[
281.24110973206416,
227.24032163346803,
17.656690088643707
],
[
281.3722184595604,
226.63379299806329,
17.586728647200143
]
],
[
[
281.3904880346638,
227.14348381037732,
16.84608018240506
],
[
280.4767194121341,
227.18875174166172,
17.249785116649022
]
],
[
[
281.3905168029125,
226.59322148717322,
16.86714389637858
],
[
280.44082312788964,
226.72233337786483,
17.152471766274335
]
],
[
[
280.5904197307531,
227.21986237585995,
17.109235518165576
],
[
280.60551557888584,
227.21211027611525,
18.01689034537295
]
],
[
[
280.5298622146911,
226.66732572006384,
16.98515301922706
],
[
280.70926430249926,
226.69162167701205,
17.968628765110285
]
],
[
[
281.351812307133,
227.14272004877435,
17.657152926811413
],
[
280.5257276528631,
227.26073914340125,
17.901180317419428
]
],
[
[
281.447922495254,
226.7749689334628,
17.607705002250942
],
[
280.52130660322257,
226.62544736947302,
17.888825247438398
]
],
[
[
280.5799649566072,
227.21569607487268,
18.015628343338935
],
[
280.66506473075975,
226.6232593214792,
17.861362277583844
]
],
[
[
280.65528518076195,
227.24472762568143,
17.142239749571356
],
[
279.66115417611417,
227.16542453816496,
17.21582302073863
]
],
[
[
280.64340565152145,
226.70457826883776,
17.052749397024165
],
[
279.6890130917589,
226.71653976946217,
17.351064156028603
]
],
[
[
279.8230844306244,
227.19863340185017,
17.073079211429203
],
[
279.81037603815406,
227.19597756946877,
18.015375885441994
]
],
[
[
279.88718354829973,
226.67520179947857,
17.202772590015282
],
[
279.87633918698515,
226.70406480756736,
18.081210224695194
]
],
[
[
280.73913496808257,
227.2728082140788,
17.816021636475988
],
[
279.76560260428573,
227.11128530221012,
17.977715672954854
]
],
[
[
280.6953549423627,
226.6190743048153,
17.806153223092295
],
[
279.7919961067149,
226.74990845123966,
18.012933736402953
]
],
[
[
279.8390335472642,
227.26309927235647,
17.918044112562416
],
[
279.92192658761877,
226.64247741472,
17.954010380604014
]
],
[
[
279.842271934322,
227.12470107666536,
17.231546836352877
],
[
279.0387737449052,
227.29040896286034,
16.83798400431918
]
],
[
[
279.8666824666397,
226.67295766595376,
17.373555185502358
],
[
279.03232721228625,
226.73783172575324,
16.826158991909878
]
],
[
[
279.1125619115362,
227.23393800358258,
16.747367546329407
],
[
279.1040724658348,
227.2658977897442,
17.62386513646104
]
],
[
[
279.1357264826816,
226.69083591835232,
16.805920505382325
],
[
279.1011172029544,
226.7222530993451,
17.698317583246844
]
],
[
[
279.9005023389021,
227.2334337689117,
17.897811896761237
],
[
279.016859330987,
227.22347711730407,
17.429756492943497
]
],
[
[
279.78652862764807,
226.74266195580242,
18.086484970677894
],
[
279.089721734594,
226.69670454865332,
17.559715823602716
]
],
[
[
279.1794338943075,
227.29702433856616,
17.415471064927722
],
[
279.1807955456105,
226.65125656946023,
17.699566941255583
]
],
[
[
279.0932401712095,
227.0683016817444,
16.901176145740642
],
[
278.42780824556144,
227.02719969291437,
16.40554800155064
]
],
[
[
279.179107332666,
226.73326814257672,
16.96622018562737
],
[
278.34735217825147,
226.6917474454864,
16.41263260269327
]
],
[
[
278.5272312423153,
227.04157069336594,
16.355452079319424
],
[
278.5176234435834,
227.24843800670328,
17.237800755687417
]
],
[
[
278.39104090866056,
226.66658574751725,
16.34645281104304
],
[
278.35850510578877,
226.7332764764143,
17.21818443581268
]
],
[
[
279.2471590231562,
227.2539519620666,
17.523034275193808
],
[
278.38981833405904,
227.16379392680193,
17.01624196845891
]
],
[
[
279.21449018125776,
226.6772897139669,
17.684270629622596
],
[
278.49251506099625,
226.71537688542938,
17.20944693387032
]
],
[
[
278.25303704364336,
227.07897617240712,
17.231497841574424
],
[
278.42907009054386,
226.6594755515345,
17.09173410997256
]
],
[
[
278.21713287436734,
227.24381066522264,
16.343088552506316
],
[
278.0348596213587,
227.1677798462435,
15.500255986283827
]
],
[
[
278.4949212094802,
226.6308958232531,
16.54138998026041
],
[
277.7677119107863,
226.6747795721068,
15.856378464970065
]
],
[
[
278.07783923512545,
227.16720460992912,
15.622963837740652
],
[
278.26365037091404,
227.2450937194232,
16.48024427710203
]
],
[
[
277.8693361876979,
226.6233173195338,
15.876423238066808
],
[
277.92894771611566,
226.7164103327448,
16.7834501600465
]
],
[
[
278.5201783435016,
227.1968339091962,
17.25123970842126
],
[
278.2504740296509,
227.25679709050462,
16.29016533944618
]
],
[
[
278.48071545419276,
226.67287631466758,
17.21618192664226
],
[
277.8702629638851,
226.7495506732349,
16.630013661099067
]
],
[
[
278.0302699121229,
227.22944890213222,
16.381848582523237
],
[
277.86366339201373,
226.6462874744126,
16.590286399463253
]
],
[
[
278.1522312541127,
227.20140880479053,
15.794517602091917
],
[
277.7983333558375,
227.22524769550213,
14.865842630926469
]
],
[
[
277.95041965730076,
226.667565038311,
15.94302787381394
],
[
277.4659073200979,
226.66524769550216,
15.143278027169561
]
],
[
[
277.7447891256326,
227.09730456262224,
14.907850318025844
],
[
277.9423262079995,
227.17245253769252,
15.817395513977047
]
],
[
[
277.5091512881544,
226.68062186322243,
15.136791080968068
],
[
277.71834399455975,
226.7384430177531,
15.999817139921172
]
],
[
[
278.304826914205,
227.2859865835312,
16.506895799049058
],
[
277.87066005339176,
227.18908506667594,
15.611290342434103
]
],
[
[
277.9434195788562,
226.73808542647154,
16.673083087908765
],
[
277.73397387122066,
226.67739603833678,
15.822616445523588
]
],
[
[
277.9118093123716,
227.24186705079336,
15.708468361987233
],
[
277.69179515992477,
226.60918915678926,
15.948065210058745
]
],
[
[
281.7667537618624,
227.21938350845446,
16.34396574869089
],
[
281.78003930885603,
226.63178328585673,
16.34395658784565
]
],
[
[
277.84605863605395,
227.31326397956497,
14.93606556050764
],
[
277.44992568901677,
226.61722372120838,
15.271801211753019
]
],
[
[
278.1124614569985,
227.22200550648859,
15.538809036029411
],
[
277.83115839809216,
226.58471929334243,
15.943972893429505
]
],
[
[
278.5184090640559,
227.2129207274454,
16.485899515205542
],
[
278.38463046527374,
226.57742033612183,
16.50038369544301
]
],
[
[
279.086241040237,
227.30777720398495,
16.838688285867587
],
[
278.9853066628253,
226.65684886095906,
16.796511042998468
]
],
[
[
279.7941662406092,
227.26813320347858,
17.158212965650364
],
[
279.713314460708,
226.61402989036702,
17.244476476379667
]
],
[
[
280.56678686722717,
227.28864412781235,
17.19667139962227
],
[
280.489586508814,
226.69510507563433,
17.076571605205316
]
],
[
[
281.31672259064453,
227.27252729297115,
16.944311089987753
],
[
281.28744382745555,
226.57607927427776,
16.848144021456744
]
],
[
[
282.2910499402191,
226.58662877354033,
15.551696760721317
],
[
282.3096617912629,
227.2385336525293,
15.573338463365541
]
],
[
[
282.44050657338244,
226.651781330292,
15.624448276885088
],
[
282.3328032299544,
227.3303100517657,
15.622996406193295
]
],
[
[
282.46200447154376,
226.63232350227565,
14.8826167375706
],
[
282.4706766756481,
227.31056992237214,
14.902419271377235
]
],
[
[
282.2356087821055,
226.5897387456395,
16.37434960932929
],
[
282.21751014339054,
227.29981305930386,
16.393702791207204
]
]
],
"contact_t_pairs": [
[
0.899999891983991,
0.10000007648137425
],
[
0.772203235320506,
0.10000053735934739
],
[
0.12681119768377194,
0.8999999799742378
],
[
0.8999999316361926,
0.8646323049164493
],
[
0.10000098164871729,
0.8999998555309505
],
[
0.8999999163889995,
0.8327779477801321
],
[
0.10000010791420852,
0.8999998943561976
],
[
0.1000000588009358,
0.1000000578794282
],
[
0.8750779105771348,
0.18985123925271077
],
[
0.8999999256887505,
0.8999999640682396
],
[
0.8999998902038285,
0.10000012412868121
],
[
0.7269654279997414,
0.10000007670158308
],
[
0.12734157096122936,
0.1000000893661352
],
[
0.7689927308026979,
0.2371932332866232
],
[
0.10000051135213937,
0.10000032552930375
],
[
0.8999998859113927,
0.10000004599655161
],
[
0.12400014514734287,
0.10000137739421608
],
[
0.12673103689077356,
0.7927828221831763
],
[
0.10000028062665249,
0.10000006963416688
],
[
0.8999999615805541,
0.10000003611875803
],
[
0.8999999356011177,
0.10000006006865361
],
[
0.16510713375004213,
0.22632096147781453
],
[
0.1000001445497557,
0.11839620829957662
],
[
0.8999999677774623,
0.8542350909313678
],
[
0.10000461146366792,
0.10000001680212539
],
[
0.12809250110830137,
0.899999539678529
],
[
0.8999999057669137,
0.10000050345227134
],
[
0.8144420450039211,
0.1000000323990344
],
[
0.15073427416822258,
0.1772019776945946
],
[
0.8999998283045348,
0.13031497852664858
],
[
0.899999895884399,
0.10000005426308253
],
[
0.8402477605892503,
0.22853598076930853
],
[
0.8759999457789565,
0.1000000153984342
],
[
0.899999963981007,
0.13410746295851367
],
[
0.10000028262264657,
0.10000011164673521
],
[
0.8999999874664982,
0.11510588637050076
],
[
0.8231562546902141,
0.10000001566195123
],
[
0.7956177591080608,
0.8999999127254701
],
[
0.8731199822682358,
0.8999999645012985
],
[
0.899999854298315,
0.10000040571972059
],
[
0.1384334606134269,
0.10000024605629813
],
[
0.8999992111245344,
0.8232036151867247
],
[
0.8999999051251181,
0.8999996464710956
],
[
0.7891689185996391,
0.10000008416795332
],
[
0.8759999571631601,
0.10000008168687632
],
[
0.899999985968115,
0.16192587758508356
],
[
0.10000002265570378,
0.10000532698096896
],
[
0.8759999488570861,
0.13585835613804553
],
[
0.8999999840662704,
0.12400003195038942
],
[
0.10000001468233842,
0.10000001929093118
],
[
0.8453912533440748,
0.8999998214144667
],
[
0.8043119732331983,
0.1462774190386887
],
[
0.8502598454156094,
0.10000002537698019
],
[
0.8666609700688696,
0.8168344533982865
],
[
0.899999979324129,
0.8999997982397326
],
[
0.8999999171386168,
0.10000009695097938
],
[
0.8999999821077864,
0.1000001246961844
],
[
0.875999964459096,
0.14874497543431572
],
[
0.10000010686215595,
0.10000029754827348
],
[
0.7934102148248338,
0.1000002635825056
],
[
0.8999999793733151,
0.10000001517820904
],
[
0.19701728572192473,
0.8999997767616591
],
[
0.8999998669911201,
0.10000035475068547
],
[
0.8254638422034368,
0.1000000141645588
],
[
0.8999999671537702,
0.22307170747718455
],
[
0.899999825337327,
0.8999998702027072
],
[
0.8507807168669584,
0.8999995583658059
],
[
0.8595344848221056,
0.8615794400824724
],
[
0.8999998358151075,
0.14966090040102364
],
[
0.10000011792611066,
0.10000016010017701
],
[
0.10000029365279578,
0.37647792147250686
],
[
0.8759998650617896,
0.10000010069022777
],
[
0.8999999761447357,
0.10000003049438967
],
[
0.24488369772651977,
0.8999995495060444
],
[
0.8304465402141424,
0.899999987892573
],
[
0.8759999758399407,
0.124000021650689
],
[
0.10000003169485241,
0.10000001040123545
],
[
0.8999993924969282,
0.15591686611977681
],
[
0.8393112135443703,
0.899999954626837
],
[
0.899999896872735,
0.10000014537571655
],
[
0.8582882460241075,
0.12716461553691796
],
[
0.8871782537348238,
0.2768033302946948
],
[
0.15364517653217283,
0.20803890438244166
],
[
0.8999999484735843,
0.8059024386198543
],
[
0.10000010571033865,
0.15358716310975232
],
[
0.1000000195055931,
0.8999998618752545
],
[
0.8255605309665952,
0.8503320488460641
],
[
0.8999999243956408,
0.1000000161360536
],
[
0.899999990102554,
0.18773904118523932
],
[
0.8853315421291018,
0.8091901682149423
],
[
0.85789933273705,
0.20373604881345725
],
[
0.8999994538012617,
0.151243887854846
],
[
0.8722754254886907,
0.20847931163482336
],
[
0.8999999179193473,
0.10000017964711488
],
[
0.10000102660085694,
0.10000004539282854
],
[
0.843919043934155,
0.100197854867276
],
[
0.8999999740561546,
0.8999998962224293
],
[
0.100000059047066,
0.8377733182005589
],
[
0.8999999017424831,
0.8999999815036847
],
[
0.8727468965191538,
0.15463871041558366
],
[
0.875999971680959,
0.10000002151566237
],
[
0.8999999259999545,
0.8999998155224112
],
[
0.7627209922484655,
0.8999985395320887
],
[
0.7889868352561268,
0.10000009909804822
],
[
0.8999998003328669,
0.10000013549585982
],
[
0.12490046753868526,
0.2689171611213047
],
[
0.8999999568735267,
0.8999998982690869
],
[
0.10000157638458412,
0.8723626123675817
],
[
0.8742978614500598,
0.8999999665519555
],
[
0.8999999445027702,
0.10000035617132923
],
[
0.899999901341838,
0.8268411810337584
],
[
0.8999998646521032,
0.8605775653627316
]
],
"half_couplers": [
{
"pose": [
[
-0.985454923542125,
-0.15736452541062576,
0.06414826427014556,
282.26153166609345
],
[
-0.15512649794982084,
0.9871432421260171,
0.038522579855973474,
227.20860195235684
],
[
-0.06938561306501623,
0.028011170400826457,
-0.9971965759229056,
15.587124583710887
],
[
0.0,
0.0,
0.0,
1.0
]
],
"at_element": 0,
"to_element": 1
},
{
"pose": [
[
0.9595088026949258,
0.1573645254128775,
0.23362205309544276,
282.2671968019296
],
[
0.1461259479384358,
-0.987143242124773,
0.06477211488353148,
227.17306471458522
],
[
0.24081126404311654,
-0.02801117043202031,
-0.970167670787367,
15.58611617927585
],
[
0.0,
0.0,
0.0,
1.0
]
],
"at_element": 1,
"to_element": 0
},
{
"pose": [
[
-0.9976811403917685,
0.02274515987084193,
0.06414826427137131,
282.25435447535
],
[
0.025250728651821982,
0.9989386425329709,
0.0385225798323194,
227.20429187621403
],
[
-0.06320397779516655,
0.04005304179254313,
-0.9971965759237407,
15.69869533492921
],
[
0.0,
0.0,
0.0,
1.0
]
],
"at_element": 0,
"to_element": 8
},
{
"pose": [
[
-0.815990011524385,
-0.022745159873297255,
-0.5776183504657486,
282.2535356493888
],
[
0.04169706824031781,
-0.9989386425334876,
-0.019568928266903363,
227.16833007604362
],
[
-0.5765601925147075,
-0.04005304177826047,
0.8160723609164278,
15.69725342506251
],
[
0.0,
0.0,
0.0,
1.0
]
],
"at_element": 8,
"to_element": 0
},
{
"pose": [
[
-0.019380188515334185,
-0.9721343243612084,
0.23362205309406753,
282.272803757907
],
[
-0.9972703074587979,
0.03544724238368713,
0.0647721148985207,
227.17461925274625
],
[
-0.07124845369652004,
-0.2317290409210061,
-0.9701676707866977,
15.562832044286017
],
[
0.0,
0.0,
0.0,
1.0
]
],
"at_element": 1,
"to_element": 72
},
{
"pose": [
[
-0.2326828646882575,
0.9721343243590008,
0.028522620558690592,
282.3078006057858
],
[
-0.025632152791664364,
-0.035447242369105236,
0.9990427847453234,
227.17334315157552
],
[
0.9722148307980756,
0.23172904093249697,
0.033165861435733746,
15.571174292667727
],
[
0.0,
0.0,
0.0,
1.0
]
],
"at_element": 72,
"to_element": 1
},
{
"pose": [
[
-0.0035746203895576922,
-0.972320913277547,
0.2336220530947104,
282.4344991663461
],
[
-0.9977147608634429,
0.019230940873046887,
0.06477211489785102,
227.21944958205484
],
[
-0.06747205380210092,
-0.2328566351132269,
-0.9701676707865872,
14.891355804330935
],
[
0.0,
0.0,
0.0,
1.0
]
],
"at_element": 1,
"to_element": 74
},
{
"pose": [
[
-0.2332996361961559,
0.9723209132776245,
0.012779724320497343,
282.4695027393672
],
[
-0.02539827535476763,
-0.019230940874168434,
0.9994924204425454,
227.218757267785
],
[
0.9720731491815546,
0.23285663511281107,
0.029181845798277428,
14.899738648019017
],
[
0.0,
0.0,
0.0,
1.0
]
],
"at_element": 74,
"to_element": 1
},
{
"pose": [
[
0.012765698123167635,
-0.9977865553660825,
-0.0652612203541704,
282.4338891276049
],
[
0.9994863173932802,
0.014651720439497473,
-0.028503130210237128,
227.2432726444652
],
[
0.02939622926579318,
-0.06486383444455193,
0.9974610492074879,
14.898103916420505
],
[
0.0,
0.0,
0.0,
1.0
]
],
"at_element": 2,
"to_element": 74
},
{
"pose": [
[
-0.0652584751354004,
0.9977865553660507,
0.012779724322276587,
282.4698094539848
],
[
-0.028288311477646988,
-0.014651720438629168,
0.9994924204424622,
227.24274518237686
],
[
0.9974673442558136,
0.06486383444523852,
0.029181845800338557,
14.900439015135719
],
[
0.0,
0.0,
0.0,
1.0
]
],
"at_element": 74,
"to_element": 2
},
{
"pose": [
[
0.1581064657238217,
0.9852630707654771,
-0.0652612203540843,
282.3862830858884
],
[
-0.9872604065159486,
0.15653900885787753,
-0.028503130209807135,
227.22248049257982
],
[
-0.01786715484585892,
0.06893634811603866,
0.9974610492075059,
15.625720900310458
],
[
0.0,
0.0,
0.0,
1.0
]
],
"at_element": 2,
"to_element": 73
},
{
"pose": [
[
0.06841463830293448,
-0.985263070765497,
-0.15676772196986827,
282.3508136040734
],
[
0.008724865386013969,
-0.15653900885786332,
0.9876332393301643,
227.21684508647076
],
[
-0.997618821990581,
-0.06893634811578792,
-0.0021132720090708546,
15.623239190989935
],
[
0.0,
0.0,
0.0,
1.0
]
],
"at_element": 73,
"to_element": 2
},
{
"pose": [
[
-0.1585935049092282,
-0.9849887789911403,
-0.0681557441610709,
282.3081139668101
],
[
0.9870565879504022,
-0.1565037937594822,
-0.03501220819370622,
227.25682296932342
],
[
0.023819999670794005,
-0.07282628509289864,
0.9970601485443349,
15.620519846204518
],
[
0.0,
0.0,
0.0,
1.0
]
],
"at_element": 3,
"to_element": 73
},
{
"pose": [
[
-0.0722563949416668,
0.9849887789911179,
-0.15676772196986383,
282.34357357567535
],
[
-0.009335261597743338,
0.15650379375946888,
0.9876332393301652,
227.26245710793597
],
[
0.9973424017261754,
0.07282628509322914,
-0.0021132720090295543,
15.623141593415854
],
[
0.0,
0.0,
0.0,
1.0
]
],
"at_element": 73,
"to_element": 3
},
{
"pose": [
[
0.5348541189376018,
-0.8425058288364536,
0.06414826445105037,
282.2166028585066
],
[
-0.8449425745613947,
-0.5334679526558743,
0.038522580166853185,
227.18162111979618
],
[
0.0017655449707360792,
-0.0748055603932611,
-0.9971965758992587,
16.28555116773177
],
[
0.0,
0.0,
0.0,
1.0
]
],
"at_element": 0,
"to_element": 12
},
{
"pose": [
[
0.534676208131553,
0.8425058288024004,
-0.06561463931200513,
282.2469330924257
],
[
-0.8450450301804134,
0.53346795261982,
-0.03620553127633111,
227.20082598133942
],
[
0.004499936160466761,
0.07480556103390738,
0.9971879855939672,
16.288244170055886
],
[
0.0,
0.0,
0.0,
1.0
]
],
"at_element": 12,
"to_element": 0
},
{
"pose": [
[
0.9041281024233502,
0.4217904325094015,
-0.06815574408576298,
282.25687186972505
],
[
-0.42468066583539743,
0.9046659479425105,
-0.0350122078550085,
227.23049945112942
],
[
0.04689036653680082,
0.06059994782844952,
0.9970601485613763,
16.370147827829264
],
[
0.0,
0.0,
0.0,
1.0
]
],
"at_element": 3,
"to_element": 12
},
{
"pose": [
[
-0.904316067584269,
-0.4217904325398085,
-0.06561463957688941,
282.241687407344
],
[
0.4245805954341014,
-0.9046659479790233,
-0.03620553200878508,
227.19793146239618
],
[
-0.04408818310780925,
-0.06059994707173057,
0.9971879855499443,
16.367966228741192
],
[
0.0,
0.0,
0.0,
1.0
]
],
"at_element": 12,
"to_element": 3
},
{
"pose": [
[
0.02588658712771652,
0.9973387985758451,
-0.06815574416121527,
282.25522422052967
],
[
-0.9991096128132531,
0.023539899351675997,
-0.03501220819463206,
227.22965303917442
],
[
-0.03331465429852812,
0.06900140573787503,
0.9970601485442926,
16.39425152402848
],
[
0.0,
0.0,
0.0,
1.0
]
],
"at_element": 3,
"to_element": 75
},
{
"pose": [
[
0.06831227634035075,
-0.9973387985782116,
-0.025470644902885642,
282.21932000791236
],
[
0.0289212225975512,
-0.023539899324863445,
0.9993044761348957,
227.22880560242322
],
[
-0.9972447020589592,
-0.06900140571281593,
0.02723619329115068,
16.39176747232402
],
[
0.0,
0.0,
0.0,
1.0
]
],
"at_element": 75,
"to_element": 3
},
{
"pose": [
[
-0.9352068858017848,
-0.3468076376260847,
0.07150205055200742,
282.3119317809648
],
[
-0.3487453890447261,
0.9370761287457752,
-0.016278284764497525,
226.6838849871075
],
[
-0.061357431244879766,
-0.04015957443805587,
-0.9973076126311202,
15.5820234662626
],
[
0.0,
0.0,
0.0,
1.0
]
],
"at_element": 4,
"to_element": 5
},
{
"pose": [
[
0.9231641976547937,
0.34680763768034906,
0.1658081017771952,
282.3244168588422
],
[
0.3486017030238643,
-0.9370761287620968,
0.019109724045733027,
226.65015023857626
],
[
0.16200221238378984,
0.040159573588600825,
-0.9859728656671742,
15.583469211265855
],
[
0.0,
0.0,
0.0,
1.0
]
],
"at_element": 5,
"to_element": 4
},
{
"pose": [
[
0.996909215618475,
0.03254954026208035,
0.0715020506257281,
282.30082336716686
],
[
0.03379501608227404,
-0.9992962094996056,
-0.016278285159042092,
226.68641394853032
],
[
0.07092187746355715,
0.01864438544032657,
-0.9973076126193947,
15.736963157471887
],
[
0.0,
0.0,
0.0,
1.0
]
],
"at_element": 4,
"to_element": 9
},
{
"pose": [
[
0.7866705919253945,
-0.03254954026919196,
-0.6165143203754586,
282.29965158331765
],
[
0.037121604932789126,
0.9992962095000867,
-0.005391857376892201,
226.7223886243447
],
[
0.6162559259325329,
-0.018644385402127667,
0.7873252318108531,
15.73629195936777
],
[
0.0,
0.0,
0.0,
1.0
]
],
"at_element": 9,
"to_element": 4
},
{
"pose": [
[
0.02999616680878303,
0.9857017314528637,
0.16580810169471938,
282.3283964106577
],
[
0.9992518754947436,
-0.0336230241102935,
0.019109724485611032,
226.65060889010158
],
[
0.024411458314017545,
0.16511083810733124,
-0.985972865672518,
15.559804926665826
],
[
0.0,
0.0,
0.0,
1.0
]
],
"at_element": 5,
"to_element": 72
},
{
"pose": [
[
0.16606792805045434,
-0.9857017314533102,
0.028522620548882105,
282.2929111269868
],
[
0.027982253246497835,
0.0336230241082901,
0.9990427847460098,
226.65181931969744
],
[
-0.9857172194784253,
-0.16511083810507332,
0.033165861423492204,
15.553860932919774
],
[
0.0,
0.0,
0.0,
1.0
]
],
"at_element": 72,
"to_element": 5
},
{
"pose": [
[
0.9845770281727,
-0.055818894700459205,
0.16580810169902283,
282.421788836219
],
[
-0.05979962511809441,
-0.9980274661880499,
0.019109724487707168,
226.66137255908296
],
[
0.16441435591319215,
-0.028730258068450233,
-0.9859728656717537,
15.004449690586949
],
[
0.0,
0.0,
0.0,
1.0
]
],
"at_element": 5,
"to_element": 6
},
{
"pose": [
[
0.9981193678059065,
0.05581889469984662,
-0.02533729672291281,
282.42379831798013
],
[
-0.05650803422398892,
0.9980274661877364,
-0.027349932413575345,
226.69730157561423
],
[
0.02376067505097423,
0.028730258080533814,
0.9993047596162784,
15.005483980676441
],
[
0.0,
0.0,
0.0,
1.0
]
],
"at_element": 6,
"to_element": 5
},
{
"pose": [
[
0.01281778788311605,
-0.999596781561725,
-0.02533729672289947,
282.42688619488047
],
[
0.9995346189666952,
0.013510243660157628,
-0.02734993241941435,
226.70063473405918
],
[
0.02768121747479335,
-0.02497493959319981,
0.9993047596161189,
14.883697899178442
],
[
0.0,
0.0,
0.0,
1.0
]
],
"at_element": 6,
"to_element": 74
},
{
"pose": [
[
-0.02535651667127481,
0.9995967815617315,
0.012779724321266672,
282.4628716947773
],
[
-0.028850906298055257,
-0.013510243660328047,
0.9994924204425062,
226.7001483650744
],
[
0.9992620638591663,
0.02497493959285535,
0.02918184579928118,
14.88459699739757
],
[
0.0,
0.0,
0.0,
1.0
]
],
"at_element": 74,
"to_element": 6
},
{
"pose": [
[
-0.9578710986094177,
0.28607862528208217,
-0.02533729672837392,
282.40888014066576
],
[
-0.28539917288582295,
-0.9580184201333157,
-0.027349932382991583,
226.68119839200216
],
[
-0.03209782803984994,
-0.01896646624914885,
0.999304759616977,
15.593857940138548
],
[
0.0,
0.0,
0.0,
1.0
]
],
"at_element": 6,
"to_element": 7
},
{
"pose": [
[
0.9444824322034113,
-0.28607862527935773,
-0.16159194106576405,
282.398581300664
],
[
0.2785880629074145,
0.9580184201354195,
-0.06774509492745077,
226.71568708691254
],
[
0.17418847971270382,
0.018966466183969397,
0.9845296576009629,
15.59454073355149
],
[
0.0,
0.0,
0.0,
1.0
]
],
"at_element": 7,
"to_element": 6
},
{
"pose": [
[
-0.16397842637350668,
-0.9731387980474114,
-0.1615919410704248,
282.3947030784961
],
[
0.9856154358613752,
-0.15483156883858684,
-0.06774509489825262,
226.71406119810237
],
[
0.04090584647528704,
-0.17037624548575175,
0.9845296576022071,
15.618169540271218
],
[
0.0,
0.0,
0.0,
1.0
]
],
"at_element": 7,
"to_element": 73
},
{
"pose": [
[
-0.16859644445564959,
0.9731387980473666,
-0.1567677219705646,
282.42973609068963
],
[
-0.024652988899306227,
0.15483156883774774,
0.9876332393300526,
226.71963513704094
],
[
0.9853768157690967,
0.1703762454867721,
-0.0021132720097887248,
15.62430308781611
],
[
0.0,
0.0,
0.0,
1.0
]
],
"at_element": 73,
"to_element": 7
},
{
"pose": [
[
-0.7332328931376335,
-0.676207794365787,
0.07150205073963449,
282.26228970221206
],
[
-0.678710550417862,
0.7342254464220321,
-0.01627828547023406,
226.69518659185485
],
[
-0.04149112161051531,
-0.06046497056416324,
-0.9973076126061489,
16.274429105162294
],
[
0.0,
0.0,
0.0,
1.0
]
],
"at_element": 4,
"to_element": 7
},
{
"pose": [
[
-0.7187705221397802,
0.6762077943304782,
-0.16159194097979257,
282.2866331998155
],
[
-0.6755172802583899,
-0.7342254464116711,
-0.06774509512791071,
226.6687544573181
],
[
-0.1644546763555696,
0.06046497108484625,
0.98452965760128,
16.2766058456338
],
[
0.0,
0.0,
0.0,
1.0
]
],
"at_element": 7,
"to_element": 4
},
{
"pose": [
[
-0.9715609327771677,
0.22573615274698944,
0.07150205062897083,
282.2605736492482
],
[
0.2251486360523497,
0.9741884361437677,
-0.016278285153137097,
226.6955772715526
],
[
-0.07333106834709721,
0.00028324326666423656,
-0.9973076126192588,
16.29836454015367
],
[
0.0,
0.0,
0.0,
1.0
]
],
"at_element": 4,
"to_element": 13
},
{
"pose": [
[
-0.8553893231883922,
-0.22573615274093692,
-0.46621056950805456,
282.2524401017939
],
[
0.19834748718676368,
-0.9741884361451567,
0.10777367585709659,
226.66047608027947
],
[
-0.4785053605781244,
-0.00028324331290562055,
0.8780845857155363,
16.29835433455421
],
[
0.0,
0.0,
0.0,
1.0
]
],
"at_element": 13,
"to_element": 4
},
{
"pose": [
[
0.03143319525975241,
0.9863569327669562,
-0.16159194106861952,
282.2693077761091
],
[
-0.9974881197214122,
0.02068944494256042,
-0.067745094897048,
226.66149102285857
],
[
-0.06347759644475798,
0.1633154862544599,
0.9845296576025863,
16.38216428720296
],
[
0.0,
0.0,
0.0,
1.0
]
],
"at_element": 7,
"to_element": 75
},
{
"pose": [
[
0.16263839473665975,
-0.9863569327623416,
-0.025470644851439905,
282.23379891758026
],
[
0.031024358883076586,
-0.02068944497246994,
0.999304476134589,
226.66074620265292
],
[
-0.9861978714808588,
-0.16331548627854275,
0.027236193350514526,
16.376284928216094
],
[
0.0,
0.0,
0.0,
1.0
]
],
"at_element": 75,
"to_element": 7
},
{
"pose": [
[
-0.8131033356548818,
-0.0722496142062511,
-0.5776183504650391,
281.8193445442411
],
[
0.10227508459389488,
-0.9945636551366837,
-0.019568928240241104,
227.15362026881382
],
[
-0.5730643703967438,
-0.07498752648412894,
0.8160723609175694,
16.310688507208354
],
[
0.0,
0.0,
0.0,
1.0
]
],
"at_element": 8,
"to_element": 15
},
{
"pose": [
[
0.7391703597604935,
0.07224961421900919,
-0.6696321172828756,
281.8219455319463
],
[
-0.10387070847458973,
0.9945636551385006,
-0.007349271972951869,
227.18942458233494
],
[
0.6654607840981537,
0.0749875264477364,
0.7426565933893812,
16.313388059815004
],
[
0.0,
0.0,
0.0,
1.0
]
],
"at_element": 15,
"to_element": 8
},
{
"pose": [
[
-0.9907526662700643,
0.06782669364661074,
0.11751039914717175,
281.7397987719067
],
[
-0.061209673241198595,
-0.9963775017163303,
0.0590360057526786,
227.15262661416372
],
[
0.12108893500425423,
0.05129730697115997,
0.9913153161920994,
16.40904780172172
],
[
0.0,
0.0,
0.0,
1.0
]
],
"at_element": 10,
"to_element": 15
},
{
"pose": [
[
0.7395893232956838,
-0.06782669364671871,
-0.669632117282308,
281.7373570101478
],
[
0.08472226552157834,
0.9963775017163984,
-0.007349271955760985,
227.188496215796
],
[
0.6677048529042781,
-0.05129730696969116,
0.7426565933900632,
16.407201098075102
],
[
0.0,
0.0,
0.0,
1.0
]
],
"at_element": 15,
"to_element": 10
},
{
"pose": [
[
-0.029275885143980274,
-0.9926400297395421,
0.11751039914712896,
281.7325916671448
],
[
0.9980034865139578,
-0.022445287492737,
0.05903600575371709,
227.149005839481
],
[
-0.05596394781482995,
0.11900411937428668,
0.9913153161920427,
16.348248813822
],
[
0.0,
0.0,
0.0,
1.0
]
],
"at_element": 10,
"to_element": 64
},
{
"pose": [
[
-0.11897406310261416,
0.992640029740548,
0.02260406303166218,
281.7683267202516
],
[
-0.002674505056349974,
0.022445287504837763,
-0.9997444954044652,
227.1498138701029
],
[
-0.9928937603447605,
-0.11900411936361421,
-1.558627328046569e-05,
16.34396466408155
],
[
0.0,
0.0,
0.0,
1.0
]
],
"at_element": 64,
"to_element": 10
},
{
"pose": [
[
0.01732886377447551,
0.7871529732183291,
-0.6165143203801758,
281.8064402592563
],
[
-0.9998272462544298,
0.01778779134802244,
-0.005391857401980615,
226.71807513958487
],
[
0.006722211508852216,
0.6165012499845428,
0.7873252318069874,
16.366151975939772
],
[
0.0,
0.0,
0.0,
1.0
]
],
"at_element": 9,
"to_element": 64
},
{
"pose": [
[
-0.6163434538448551,
-0.7871529732119289,
0.02260406304661894,
281.77810274230654
],
[
-0.01394770190720701,
-0.01778779133718511,
-0.999744495404127,
226.7174347788724
],
[
0.7873539283664641,
-0.6165012499930274,
-1.5586276699508517e-05,
16.343957923175424
],
[
0.0,
0.0,
0.0,
1.0
]
],
"at_element": 64,
"to_element": 9
},
{
"pose": [
[
0.983082252599348,
-0.08587299078346863,
0.16178724942990427,
281.73932044802746
],
[
0.07711285467371692,
0.9952345874808598,
0.05968017699264136,
226.68830834459885
],
[
-0.1661411817348786,
-0.04619464618010505,
0.9850193715841495,
16.326197674673914
],
[
0.0,
0.0,
0.0,
1.0
]
],
"at_element": 11,
"to_element": 16
},
{
"pose": [
[
-0.7884950832324276,
0.08587299077989086,
-0.6090166936733378,
281.74241187693684
],
[
-0.09623069513235782,
-0.9952345874799491,
-0.015740686070147676,
226.6524798850652
],
[
-0.6074661776861577,
0.04619464620637891,
0.7930011964866364,
16.32786068260452
],
[
0.0,
0.0,
0.0,
1.0
]
],
"at_element": 16,
"to_element": 11
},
{
"pose": [
[
-0.03171772144643881,
-0.9863158074717243,
0.1617872494285219,
281.74320334578533
],
[
0.9979683627978092,
-0.022302989263319972,
0.05968017698181331,
226.6897406702376
],
[
-0.05525516266292625,
0.16335147566312608,
0.9850193715850327,
16.349838162554512
],
[
0.0,
0.0,
0.0,
1.0
]
],
"at_element": 11,
"to_element": 64
},
{
"pose": [
[
-0.16331008623455956,
0.986315807471317,
0.02260406304770929,
281.7787107480411
],
[
-0.0036770340494773346,
0.02230298925696439,
-0.9997444954041022,
226.6905435786015
],
[
-0.9865679374248182,
-0.16335147566645308,
-1.5586291233660177e-05,
16.34395750393439
],
[
0.0,
0.0,
0.0,
1.0
]
],
"at_element": 64,
"to_element": 11
},
{
"pose": [
[
0.07206376717838558,
0.9904534918675412,
0.11751039914600626,
281.821148704713
],
[
-0.9961065784920742,
0.06547086611313768,
0.059036005752495076,
227.19349597667184
],
[
0.05077891043408146,
-0.12130723860425591,
0.9913153161922486,
17.09531416578281
],
[
0.0,
0.0,
0.0,
1.0
]
],
"at_element": 10,
"to_element": 14
},
{
"pose": [
[
0.12119882327205911,
-0.9904534918684931,
0.06567134598115903,
281.78549236922055
],
[
0.005639924447910449,
-0.06547086610857589,
-0.9978385425223937,
227.19113902484494
],
[
0.992612228662175,
0.12130723859894704,
-0.0023489090676547253,
17.099681227570976
],
[
0.0,
0.0,
0.0,
1.0
]
],
"at_element": 14,
"to_element": 10
},
{
"pose": [
[
0.991362556588074,
0.05823733757162803,
0.11751039914716477,
281.8116777635238
],
[
-0.06551364627608977,
0.9961037657674677,
0.059036005754802834,
227.18873787404777
],
[
-0.11361445131130604,
-0.06622462031931906,
0.9913153161919738,
17.01541750023047
],
[
0.0,
0.0,
0.0,
1.0
]
],
"at_element": 10,
"to_element": 19
},
{
"pose": [
[
-0.7632101264353814,
-0.05823733757227661,
-0.6435205633225571,
281.8095812185896
],
[
0.0016628834184931121,
-0.9961037657672269,
0.08817325355846573,
227.15287812511102
],
[
-0.6461482320065768,
0.06622462032236717,
0.7603333229169515,
17.017801587450833
],
[
0.0,
0.0,
0.0,
1.0
]
],
"at_element": 19,
"to_element": 10
},
{
"pose": [
[
0.6404567021833136,
0.7651813425233185,
0.06567134597894492,
281.78744671846465
],
[
0.04395565358395004,
0.04884816858860763,
-0.9978385425225602,
227.16144380583728
],
[
-0.7667353605687441,
0.6419590091896454,
-0.002348909058902615,
17.099611325110736
],
[
0.0,
0.0,
0.0,
1.0
]
],
"at_element": 14,
"to_element": 19
},
{
"pose": [
[
0.01946272414933825,
-0.7651813425251285,
-0.6435205633234488,
281.75990018292237
],
[
0.9949066960180489,
-0.048848168592037666,
0.08817325356168698,
227.15968527130758
],
[
-0.09890332950480718,
-0.6419590091872267,
0.7603333229158233,
17.076500794729853
],
[
0.0,
0.0,
0.0,
1.0
]
],
"at_element": 19,
"to_element": 14
},
{
"pose": [
[
-0.9697121547991168,
0.18298421450175417,
0.16178724942970604,
281.84991258125956
],
[
-0.175472973432574,
-0.9826736549177457,
0.059680176988095676,
226.729103636608
],
[
0.16990459802367056,
0.029483303305010884,
0.9850193715844575,
16.999522636696394
],
[
0.0,
0.0,
0.0,
1.0
]
],
"at_element": 11,
"to_element": 20
},
{
"pose": [
[
0.784936919481546,
-0.18298421450085667,
-0.5919381806222044,
281.84332514295977
],
[
0.1640889852043832,
0.9826736549175248,
-0.08618174322691093,
226.76447992350901
],
[
0.5974519540259424,
-0.029483303317945353,
0.8013625256125003,
16.998461236717286
],
[
0.0,
0.0,
0.0,
1.0
]
],
"at_element": 20,
"to_element": 11
