{
"contact_id_pairs": [
[
0,
8
],
[
0,
30
],
[
10,
35
],
[
1,
12
],
[
1,
13
],
[
1,
14
],
[
1,
5
],
[
1,
9
],
[
2,
5
],
[
2,
32
],
[
5,
10
],
[
5,
11
],
[
5,
31
],
[
10,
11
],
[
10,
31
],
[
11,
32
],
[
3,
8
],
[
3,
9
],
[
3,
15
],
[
3,
24
],
[
6,
9
],
[
6,
27
],
[
15,
24
],
[
15,
27
],
[
24,
27
],
[
24,
34
],
[
4,
6
],
[
4,
7
],
[
5,
6
],
[
5,
29
],
[
6,
25
],
[
7,
29
],
[
23,
25
],
[
23,
29
],
[
7,
12
],
[
11,
12
],
[
12,
35
],
[
28,
33
],
[
28,
34
],
[
28,
35
],
[
33,
34
],
[
33,
35
],
[
16,
18
],
[
16,
20
],
[
19,
20
],
[
2,
18
],
[
2,
26
],
[
3,
4
],
[
3,
18
],
[
3,
22
],
[
4,
26
],
[
17,
18
],
[
18,
26
],
[
20,
24
],
[
20,
26
],
[
24,
26
]
],
"contact_t_bound_pairs": [
[
[
0.6,
0.9
],
[
0.6,
0.9
]
],
[
[
0.6,
0.9
],
[
0.6,
0.9
]
],
[
[
0.6,
0.9
],
[
0.6,
0.9
]
],
[
[
0.6,
0.9
],
[
0.6,
0.9
]
],
[
[
0.6,
0.9
],
[
0.6,
0.9
]
],
[
[
0.6,
0.9
],
[
0.6,
0.9
]
],
[
[
0.1,
0.4
],
[
0.6,
0.9
]
],
[
[
0.1,
0.4
],
[
0.6,
0.9
]
],
[
[
0.6,
0.9
],
[
0.6,
0.9
]
],
[
[
0.6,
0.9
],
[
0.6,
0.9
]
],
[
[
0.6,
0.9
],
[
0.1,
0.4
]
],
[
[
0.6,
0.9
],
[
0.1,
0.4
]
],
[
[
0.6,
0.9
],
[
0.6,
0.9
]
],
[
[
0.1,
0.4
],
[
0.1,
0.4
]
],
[
[
0.1,
0.4
],
[
0.6,
0.9
]
],
[
[
0.1,
0.4
],
[
0.6,
0.9
]
],
[
[
0.6,
0.9
],
[
0.1,
0.4
]
],
[
[
0.6,
0.9
],
[
0.1,
0.4
]
],
[
[
0.6,
0.9
],
[
0.6,
0.9
]
],
[
[
0.6,
0.9
],
[
0.6,
0.9
]
],
[
[
0.6,
0.9
],
[
0.1,
0.4
]
],
[
[
0.6,
0.9
],
[
0.6,
0.9
]
],
[
[
0.6,
0.9
],
[
0.6,
0.9
]
],
[
[
0.6,
0.9
],
[
0.6,
0.9
]
],
[
[
0.6,
0.9
],
[
0.6,
0.9
]
],
[
[
0.6,
0.9
],
[
0.1,
0.4
]
],
[
[
0.6,
0.9
],
[
0.1,
0.4
]
],
[
[
0.6,
0.9
],
[
0.1,
0.4
]
],
[
[
0.1,
0.4
],
[
0.1,
0.4
]
],
[
[
0.1,
0.4
],
[
0.6,
0.9
]
],
[
[
0.1,
0.4
],
[
0.6,
0.9
]
],
[
[
0.1,
0.4
],
[
0.6,
0.9
]
],
[
[
0.6,
0.9
],
[
0.6,
0.9
]
],
[
[
0.6,
0.9
],
[
0.6,
0.9
]
],
[
[
0.6,
0.9
],
[
0.1,
0.4
]
],
[
[
0.6,
0.9
],
[
0.1,
0.4
]
],
[
[
0.1,
0.4
],
[
0.1,
0.4
]
],
[
[
0.6,
0.9
],
[
0.6,
0.9
]
],
[
[
0.6,
0.9
],
[
0.6,
0.9
]
],
[
[
0.6,
0.9
],
[
0.1,
0.4
]
],
[
[
0.6,
0.9
],
[
0.6,
0.9
]
],
[
[
0.6,
0.9
],
[
0.1,
0.4
]
],
[
[
0.6,
0.9
],
[
0.1,
0.4
]
],
[
[
0.6,
0.9
],
[
0.1,
0.4
]
],
[
[
0.1,
0.4
],
[
0.1,
0.4
]
],
[
[
0.1,
0.4
],
[
0.6,
0.9
]
],
[
[
0.1,
0.4
],
[
0.6,
0.9
]
],
[
[
0.1,
0.4
],
[
0.1,
0.4
]
],
[
[
0.1,
0.4
],
[
0.6,
0.9
]
],
[
[
0.1,
0.4
],
[
0.6,
0.9
]
],
[
[
0.1,
0.4
],
[
0.6,
0.9
]
],
[
[
0.6,
0.9
],
[
0.6,
0.9
]
],
[
[
0.6,
0.9
],
[
0.6,
0.9
]
],
[
[
0.6,
0.9
],
[
0.1,
0.4
]
],
[
[
0.6,
0.9
],
[
0.1,
0.4
]
],
[
[
0.1,
0.4
],
[
0.1,
0.4
]
]
],
"line_pt_pairs": [
[
[
287.91845228934494,
223.26954179074698,
14.679781325165001
],
[
287.4137146739162,
222.70307040823,
14.724056554509245
]
],
[
[
287.84327216211915,
222.70242578925502,
15.335932258903044
],
[
287.94427516688927,
223.3410615456978,
14.668011152278327
]
],
[
[
287.7373003277538,
222.84385870375604,
15.985243376912702
],
[
287.8569811427549,
222.8986446840639,
15.109619279699928
]
],
[
[
287.8975752237967,
222.76483846826062,
15.972186453120875
],
[
287.2388658019094,
223.01642730928418,
15.335553890351573
]
],
[
[
287.7051467548625,
222.71490750967584,
15.914178724036327
],
[
287.6184495380212,
223.3688194617163,
15.437973339527138
]
],
[
[
287.6338670262591,
223.44698838131234,
15.530887666484377
],
[
287.8784800495533,
222.62041985296588,
15.13158379862728
]
],
[
[
287.84040606232304,
223.45783671056884,
15.535308723187697
],
[
287.2601494182846,
222.8298732414627,
15.38010123549201
]
],
[
[
287.76518852887773,
223.36625008898474,
15.67311122618478
],
[
287.4090391389082,
223.1332457566294,
14.992660594940867
]
],
[
[
287.2783330182229,
222.97409883198404,
15.50453015625032
],
[
287.55456976774843,
222.7584768820958,
14.643850814005646
]
],
[
[
287.24777828657295,
223.05482928059007,
15.41141534308867
],
[
287.95694901732816,
222.75078729356656,
15.276032014366358
]
],
[
[
287.9777010542928,
222.7593116565596,
15.249092868411537
],
[
287.3814413288707,
222.6857248038479,
14.766580569361514
]
],
[
[
287.91530024408195,
222.69122088130703,
15.248705488959708
],
[
287.60707229079435,
223.30166774379956,
14.960800832549296
]
],
[
[
287.4101259514638,
223.1150994627578,
15.12579835239772
],
[
288.0025701063819,
223.276524631905,
14.764404641380024
]
],
[
[
288.1670018121525,
223.21170423765327,
15.101207131163072
],
[
287.9103685289393,
223.23328452993093,
14.673119317449732
]
],
[
[
287.9815342675924,
222.70307040822996,
14.674247818311075
],
[
287.9684470468218,
223.34110128664054,
14.747616822043478
]
],
[
[
287.62731633827974,
222.69173358399019,
15.330421304841765
],
[
287.28942166932677,
223.01950388637658,
15.583687849544017
]
],
[
[
287.54572846193236,
222.36608344824285,
15.664782816466403
],
[
287.22032056542474,
222.76480889752477,
15.992386400461108
]
],
[
[
287.5599132121461,
222.47930876680465,
15.51540307414704
],
[
287.7544508910937,
222.80734135801814,
15.962954873262468
]
],
[
[
287.2451734248252,
222.58858035576608,
15.82233520351835
],
[
287.84559266384707,
222.85229064653257,
15.909472588240531
]
],
[
[
287.18123445556336,
222.68655790305945,
15.993190038193477
],
[
287.25253133842597,
222.94610933390666,
15.411951191449383
]
],
[
[
287.20695627945645,
222.6353966212517,
15.94400518237563
],
[
287.37130498651857,
223.3236386239393,
15.860545290717633
]
],
[
[
288.21463209101796,
222.98716580804944,
15.696418303432926
],
[
287.85441412710946,
222.7656485603315,
15.216730600282673
]
],
[
[
288.1863643430359,
222.99316686549724,
15.669943169135665
],
[
287.73212494796485,
222.77599135585618,
15.993139974227256
]
],
[
[
288.14372283944783,
222.97488248457364,
15.724422236877615
],
[
287.5758856192277,
223.39375457638576,
15.638485538981218
]
],
[
[
287.39891313949107,
223.2838250068214,
15.922145284164655
],
[
287.30892612591623,
222.90998475825276,
15.389176949556768
]
],
[
[
287.35092641929697,
223.1571521988615,
15.836638261603444
],
[
287.8035518573058,
223.44898562023133,
15.473334771914578
]
],
[
[
287.29216653604306,
223.2578551048868,
15.83581538478989
],
[
287.79656598733317,
222.75929288665515,
15.861302052438834
]
],
[
[
287.42831178706524,
223.25283100477915,
15.734205224490502
],
[
287.3263054248272,
222.8279139951362,
15.381943443957615
]
],
[
[
287.50587828119836,
223.54190553672245,
15.348638828145837
],
[
287.45165918322766,
223.13282662055522,
15.01867847136367
]
],
[
[
287.4655906593843,
223.37313954397067,
15.227860960306034
],
[
287.7394225446457,
223.33205485302526,
15.691972691151415
]
],
[
[
288.0233444635715,
222.69617998551374,
14.695008016941586
],
[
287.3916449563209,
222.76445697395013,
14.682301577728117
]
],
[
[
288.04304217985447,
222.87394954745164,
14.765306073701808
],
[
287.8656313833272,
222.68313200004988,
15.243193297543705
]
],
[
[
287.8788466689849,
223.19639969390863,
15.015014501895454
],
[
287.7848399464915,
222.79171121615377,
15.256554608336904
]
],
[
[
287.83766614169036,
223.49206084492693,
15.16423275380593
],
[
287.43076046585213,
223.11408120410897,
15.066652062030485
]
],
[
[
287.26990598822823,
222.97474124532303,
15.541715476913849
],
[
287.5341084117676,
223.26351665653402,
15.043193692544206
]
],
[
[
287.488614008165,
223.2759461985906,
15.088404521847114
],
[
287.52266712733257,
222.65092692516245,
14.806889273497244
]
]
],
"contact_t_pairs": [
[
0.8260191006560622,
0.8999997213618279
],
[
0.8999996223966613,
0.884556984324782
],
[
0.8025315375372547,
0.8999982889761932
],
[
0.831831915474839,
0.8871766876486976
],
[
0.8576495653476686,
0.8270608507005883
],
[
0.8999994879462764,
0.8999992880443041
],
[
0.16089030542586513,
0.782782017702406
],
[
0.10000029624185032,
0.8741493394244603
],
[
0.825006277933002,
0.6843818921907502
],
[
0.8999996826860193,
0.7356366264978756
],
[
0.8702149441657051,
0.18881659508510273
],
[
0.8080455785283241,
0.16549165866953222
],
[
0.8999997962873739,
0.8784856179888748
],
[
0.11820120398527553,
0.10000127947032084
],
[
0.15767024632083587,
0.8343922321996482
],
[
0.3445556324877828,
0.6856963311275867
],
[
0.87473664287489,
0.10000012468731184
],
[
0.8999998996999359,
0.10000095805129809
],
[
0.7421681708947356,
0.7065754315131724
],
[
0.8392979926949697,
0.8753290077990536
],
[
0.7603435698738498,
0.21058543899120669
],
[
0.8999995225483431,
0.8999993568196519
],
[
0.8999993404589183,
0.7218295431960972
],
[
0.7908751134278007,
0.6567538864738253
],
[
0.7583483158834801,
0.6139570490198797
],
[
0.7948671865976217,
0.10000086053742928
],
[
0.8496747372040053,
0.321607572020745
],
[
0.8999992850583699,
0.2971485606501722
],
[
0.17590127317730023,
0.27092317278701633
],
[
0.1000003872013509,
0.6000093068265157
],
[
0.10000095533671184,
0.8999996286845223
],
[
0.10000129793228396,
0.8511343183116653
],
[
0.8999997085239237,
0.600000776389439
],
[
0.7980431016281989,
0.8999989354992183
],
[
0.8649023799060118,
0.10000011098029196
],
[
0.8316250176007527,
0.3999998643453048
],
[
0.17736800490843777,
0.19331024417195955
],
[
0.8999978559971309,
0.899998763118441
],
[
0.7476753991613833,
0.8621287702219205
],
[
0.8248846625614746,
0.10000050596701594
],
[
0.7501423953985162,
0.8999949380053553
],
[
0.8329298942134727,
0.1349689103627165
],
[
0.6132082885723074,
0.16047197145452788
],
[
0.8999992636882126,
0.13368496190454737
],
[
0.10000106455111424,
0.10000032185562988
],
[
0.10000157214165299,
0.8637205621293146
],
[
0.13972362209466094,
0.8661803103111619
],
[
0.2916929633318643,
0.21366472658728417
],
[
0.1491776610211407,
0.899999491174937
],
[
0.10000009921431943,
0.7887373407548105
],
[
0.17039428042087493,
0.8258533952265732
],
[
0.8783416397793538,
0.7911627719792339
],
[
0.8274417240557383,
0.8999988233371121
],
[
0.8999997684268528,
0.10000099671103027
],
[
0.8375789409257868,
0.1000004182110148
],
[
0.19072361998524082,
0.13381897145888366
]
],
"half_couplers": [
{
"pose": [
[
-0.24592985303820836,
-0.7060167823837581,
-0.6641225868596027,
287.5015293781812
],
[
0.29138353718886545,
0.5996234226141703,
-0.7453505117109487,
222.8016256088129
],
[
0.9244534285943832,
-0.3768183302931975,
0.05825636716391058,
14.716353510289274
],
[
0.0,
0.0,
0.0,
1.0
]
],
"at_element": 0,
"to_element": 8
},
{
"pose": [
[
0.6427893781035217,
0.7060167823846014,
0.29725766329664616,
287.5269460158258
],
[
0.7659071240416818,
-0.5996234226144714,
-0.2320302316386966,
222.78003913716515
],
[
0.014425419906808706,
0.37681833029113865,
-0.9261748502400131,
14.729918988048233
],
[
0.0,
0.0,
0.0,
1.0
]
],
"at_element": 8,
"to_element": 0
},
{
"pose": [
[
0.7475485364864909,
-0.010600717959686867,
-0.6641225868585142,
287.4641886260497
],
[
-0.6609318573965152,
0.08730231708577696,
-0.74535051171234,
222.75971776038318
],
[
0.06588069121751927,
0.996125459071393,
0.05825636715851967,
14.719629014856347
],
[
0.0,
0.0,
0.0,
1.0
]
],
"at_element": 0,
"to_element": 30
},
{
"pose": [
[
0.10876653082897536,
0.010600717953333283,
-0.9940107980048827,
287.4645702524384
],
[
0.9903714155538316,
-0.08730231707056646,
0.1074372593098426,
222.7565748725038
],
[
-0.08564053377536629,
-0.9961254590727938,
-0.01999421820642633,
14.683768447389413
],
[
0.0,
0.0,
0.0,
1.0
]
],
"at_element": 30,
"to_element": 0
},
{
"pose": [
[
0.3002961954092923,
-0.5577194761173424,
-0.7738030634354592,
287.4991838200783
],
[
-0.9257237796125698,
-0.36594477337478626,
-0.09549820259824177,
222.70025588651035
],
[
-0.22990797916236516,
0.7450056434679362,
-0.6261860045692527,
14.861861531174286
],
[
0.0,
0.0,
0.0,
1.0
]
],
"at_element": 10,
"to_element": 35
},
{
"pose": [
[
-0.8285452731800598,
0.5577194761296101,
0.04961568538973285,
287.5192617571501
],
[
0.19179589925969778,
0.3659447734723721,
-0.9106584188351953,
222.71342992192814
],
[
-0.5260485370364065,
-0.7450056434108182,
-0.4101701207644075,
14.835041280011524
],
[
0.0,
0.0,
0.0,
1.0
]
],
"at_element": 35,
"to_element": 10
},
{
"pose": [
[
0.9660461552292232,
-0.23441376461848368,
0.10865087631595884,
287.9272896850458
],
[
-0.24340664655783423,
-0.6846854246862457,
0.6869927755323811,
223.23366339382756
],
[
-0.08664889138532135,
-0.690113074922947,
-0.718495590412418,
14.780334165393331
],
[
0.0,
0.0,
0.0,
1.0
]
],
"at_element": 1,
"to_element": 12
},
{
"pose": [
[
-0.5036401001125033,
0.23441376461591937,
0.8315027579733336,
287.9357285944409
],
[
0.692730410582279,
0.6846854246881844,
0.22656223752882518,
223.25831210962494
],
[
-0.5162085119534305,
0.6901130749218949,
-0.5072205792440525,
14.80517827691997
],
[
0.0,
0.0,
0.0,
1.0
]
],
"at_element": 12,
"to_element": 1
},
{
"pose": [
[
-0.7152571335858631,
-0.69036383156301,
0.10865087631572434,
287.92989734525906
],
[
-0.44792261549319845,
0.5721942475122864,
0.6869927755395835,
223.25015146818365
],
[
-0.5364443711926401,
0.4427092987316714,
-0.7184955904055672,
14.763090012119822
],
[
0.0,
0.0,
0.0,
1.0
]
],
"at_element": 1,
"to_element": 13
},
{
"pose": [
[
0.5094288248290774,
0.6903638315624956,
-0.5136925661362205,
287.95475047062007
],
[
0.8189797394010108,
-0.5721942475106301,
0.04319640686904347,
223.2295524525428
],
[
-0.26411069437627405,
-0.4427092987346139,
-0.8568862339482344,
14.74715245977876
],
[
0.0,
0.0,
0.0,
1.0
]
],
"at_element": 13,
"to_element": 1
},
{
"pose": [
[
0.10650194546756497,
-0.9883583978938467,
0.10865087631644854,
287.93417481469334
],
[
-0.7266589259500499,
-0.002780592774515478,
0.6869927755376632,
223.2771976430377
],
[
-0.6786929651534217,
-0.15211819620456551,
-0.7184955904072938,
14.734803604952289
],
[
0.0,
0.0,
0.0,
1.0
]
],
"at_element": 1,
"to_element": 14
},
{
"pose": [
[
-0.15077334942134346,
0.9883583978940829,
-0.02037337518702298,
287.9697557782164
],
[
-0.11598582349936976,
0.002780592773335311,
0.9932469768647685,
223.27729774454977
],
[
0.9817406408270173,
0.15211819620305328,
0.11421632340645038,
14.740279869434758
],
[
0.0,
0.0,
0.0,
1.0
]
],
"at_element": 14,
"to_element": 1
},
{
"pose": [
[
-0.297441371426457,
0.9485376205720062,
0.10865087631283032,
287.85952256640553
],
[
0.7121285120394778,
0.1446164192073004,
0.6869927755341376,
222.80517609116498
],
[
0.6359257919792122,
0.281713460195383,
-0.7184955904112127,
15.228470228057812
],
[
0.0,
0.0,
0.0,
1.0
]
],
"at_element": 1,
"to_element": 5
},
{
"pose": [
[
-0.18432642573662084,
-0.9485376205740573,
0.25748815726333346,
287.82534570218957
],
[
-0.47122826393670814,
-0.1446164192078816,
-0.8700747178045606,
222.79996540092398
],
[
0.8625356178398418,
-0.28171346018817667,
-0.4203211085663512,
15.218319779126825
],
[
0.0,
0.0,
0.0,
1.0
]
],
"at_element": 5,
"to_element": 1
},
{
"pose": [
[
0.9109420188748582,
-0.3979693773742149,
0.10865087629916914,
287.85337249251745
],
[
-0.358162220982163,
-0.6322663599402989,
0.6869927754707237,
222.76628955408992
],
[
-0.20470579305266834,
-0.6647252250067117,
-0.718495590473911,
15.269139950374388
],
[
0.0,
0.0,
0.0,
1.0
]
],
"at_element": 1,
"to_element": 9
},
{
"pose": [
[
0.148721172582699,
0.39796937733006105,
0.9052637115963231,
287.86769941240175
],
[
0.6705279788123222,
0.6322663600843493,
-0.3881127149882493,
222.78905117847617
],
[
-0.7268247673652084,
0.6647252248961306,
-0.17281820775398482,
15.293070095716976
],
[
0.0,
0.0,
0.0,
1.0
]
],
"at_element": 9,
"to_element": 1
},
{
"pose": [
[
-0.2220958555084369,
0.9656110270266408,
0.13516203405739194,
287.8360377514778
],
[
0.9745439486848221,
0.2154897941462447,
0.06187277834883579,
222.8890574814527
],
[
0.03061899815099594,
0.1454630300226317,
-0.9888897733563962,
15.262847999602746
],
[
0.0,
0.0,
0.0,
1.0
]
],
"at_element": 2,
"to_element": 5
},
{
"pose": [
[
-0.03598879571758351,
-0.9656110270076668,
0.2574881572111566,
287.8012757499957
],
[
-0.44332170485467,
-0.21548979416966585,
-0.8700747178337411,
222.88129984785726
],
[
0.8956398118594032,
-0.14546303011388967,
-0.4203211085379115,
15.257611329841254
],
[
0.0,
0.0,
0.0,
1.0
]
],
"at_element": 5,
"to_element": 2
},
{
"pose": [
[
0.14407567438795343,
0.9802925201345142,
0.13516203245726885,
287.84501302327834
],
[
0.9862132732139647,
-0.1534768347782398,
0.061872780146451395,
222.89316606864878
],
[
0.0813976645012289,
0.12438422791807766,
-0.988889773462629,
15.197181967268971
],
[
0.0,
0.0,
0.0,
1.0
]
],
"at_element": 2,
"to_element": 32
},
{
"pose": [
[
-0.027604582095205776,
-0.9802925201233248,
-0.19561329719016973,
287.8096918807817
],
[
0.5170333005557457,
0.1534768353932099,
-0.8420934788455005,
222.8986960273505
],
[
0.8555200483704523,
-0.12438422724745346,
0.5026072132871482,
15.19270025096198
],
[
0.0,
0.0,
0.0,
1.0
]
],
"at_element": 32,
"to_element": 2
},
{
"pose": [
[
0.8205851962512446,
-0.5102350287429305,
0.2574881572752571,
287.8467329346672
],
[
-0.03279814365749961,
-0.49182747711741404,
-0.8700747177828708,
222.7276960955682
],
[
0.5705823494167416,
0.7055252994726845,
-0.4203211086039469,
15.183407473411965
],
[
0.0,
0.0,
0.0,
1.0
]
],
"at_element": 5,
"to_element": 10
},
{
"pose": [
[
-0.3753518808452534,
0.5102350287484912,
-0.7738030634366586,
287.8651173231522
],
[
0.8654396720813083,
0.49182747715778175,
-0.09549820260303032,
222.74541723758753
],
[
0.3318510803564283,
-0.705525299440522,
-0.6261860045670404,
15.157986539018227
],
[
0.0,
0.0,
0.0,
1.0
]
],
"at_element": 10,
"to_element": 5
},
{
"pose": [
[
0.32672869291721485,
-0.909366928200587,
0.2574881572415256,
287.83152549818243
],
[
-0.3309712438244867,
-0.3652780053248721,
-0.870074717818622,
222.77908333663132
],
[
0.8852719339196744,
0.1990571996208902,
-0.420321108550604,
15.208231941573192
],
[
0.0,
0.0,
0.0,
1.0
]
],
"at_element": 5,
"to_element": 11
},
{
"pose": [
[
0.022033661180468456,
0.9093669281675857,
-0.41541101060279206,
287.8642910888441
],
[
0.43554356188438803,
0.36527800534629296,
0.8227233948972726,
222.79224474511054
],
[
0.8998979517012161,
-0.19905719973234437,
-0.38802049914749714,
15.201059669831666
],
[
0.0,
0.0,
0.0,
1.0
]
],
"at_element": 11,
"to_element": 5
},
{
"pose": [
[
-0.2910538667949383,
-0.921405174445546,
0.25748815725909946,
287.8540186973931
],
[
-0.48462253497448704,
-0.09006100174593534,
-0.8700747178026841,
222.70307687418295
],
[
0.824880988518111,
-0.3780231745138002,
-0.4203211085728298,
15.17151426675623
],
[
0.0,
0.0,
0.0,
1.0
]
],
"at_element": 5,
"to_element": 31
},
{
"pose": [
[
0.21159751591054876,
0.921405174453351,
-0.32594324007574516,
287.88718934662927
],
[
-0.9321944978652598,
0.09006100175184906,
-0.3505744344831632,
222.70631907639927
],
[
-0.2936663232483788,
0.3780231744933678,
0.8779855181811005,
15.185123126867545
],
[
0.0,
0.0,
0.0,
1.0
]
],
"at_element": 31,
"to_element": 5
},
{
"pose": [
[
-0.04514456863127836,
0.6318154690638267,
-0.7738030634307107,
287.90722243686
],
[
0.9943703555694305,
-0.0459095770536464,
-0.09549820259816189,
222.75061360197157
],
[
-0.09586221303422976,
-0.7737580524856669,
-0.6261860045751324,
15.192059333726121
],
[
0.0,
0.0,
0.0,
1.0
]
],
"at_element": 10,
"to_element": 11
},
{
"pose": [
[
-0.6544027087423907,
-0.6318154690932148,
-0.4154110106931967,
287.88447705438466
],
[
-0.5665849682770577,
0.045909577102344334,
0.8227233948617054,
222.75226634860493
],
[
-0.5007380238339283,
0.7737580524587806,
-0.3880204991261256,
15.219914654953204
],
[
0.0,
0.0,
0.0,
1.0
]
],
"at_element": 11,
"to_element": 10
},
{
"pose": [
[
-0.5498137089047093,
-0.31453728638237255,
-0.7738030634312978,
287.8836886365143
],
[
-0.38962647896134406,
0.9160083515946499,
-0.09549820260631872,
222.74770919936654
],
[
0.738847814094779,
0.24898794204552469,
-0.6261860045731631,
15.173015035367486
],
[
0.0,
0.0,
0.0,
1.0
]
],
"at_element": 10,
"to_element": 31
},
{
"pose": [
[
-0.8915308742275574,
0.31453728640879536,
-0.32594324008581577,
287.89501198932373
],
[
-0.19500324580130654,
-0.9160083515537565,
-0.35057443433702606,
222.71473286813222
],
[
-0.40883546131176474,
-0.24898794216259149,
0.8779855182357136,
15.164051461142941
],
[
0.0,
0.0,
0.0,
1.0
]
],
"at_element": 31,
"to_element": 10
},
{
"pose": [
[
0.8977160809542319,
-0.14676351750970254,
-0.4154110108366823,
287.80909856668654
],
[
0.3019742843038594,
-0.4815991557612125,
0.8227233950662025,
222.9015537861133
],
[
-0.3208073715102988,
-0.8640154646175415,
-0.3880204985389131,
15.14950631797404
],
[
0.0,
0.0,
0.0,
1.0
]
],
"at_element": 11,
"to_element": 32
},
{
"pose": [
[
0.9696369977173102,
0.14676351788085448,
-0.19561329831327218,
287.8143866042699
],
[
-0.24277731747200518,
0.48159915615731486,
-0.8420934787241019,
222.9189062894625
],
[
-0.029381401921254713,
0.864015464333711,
0.5026072130534374,
15.180637666702523
],
[
0.0,
0.0,
0.0,
1.0
]
],
"at_element": 32,
"to_element": 11
},
{
"pose": [
[
-0.5794189314832083,
0.4283667658913169,
-0.6933798495187693,
287.321377955465
],
[
0.34795812162557876,
0.8993273713993846,
0.26483093596986035,
222.98491244644237
],
[
0.7370202489983952,
-0.08781909206822301,
-0.6701409998162005,
15.415300622419219
],
[
0.0,
0.0,
0.0,
1.0
]
],
"at_element": 3,
"to_element": 8
},
{
"pose": [
[
0.8533110777972023,
-0.42836676589176914,
0.29725766329567227,
287.30595672761865
],
[
-0.3706376271476399,
-0.8993273713994347,
-0.23203023163835737,
222.9525366101099
],
[
0.36672599287607643,
0.08781909206550118,
-0.9261748502404104,
15.418462114710058
],
[
0.0,
0.0,
0.0,
1.0
]
],
"at_element": 8,
"to_element": 3
},
{
"pose": [
[
0.6073464540785805,
-0.38775593999357016,
-0.693379849518197,
287.30473681016673
],
[
-0.2856666197135923,
-0.9210098575658792,
0.26483093597215646,
222.99126839994744
],
[
-0.741299444961066,
0.03723134789638188,
-0.6701409998158847,
15.39921721048279
],
[
0.0,
0.0,
0.0,
1.0
]
],
"at_element": 3,
"to_element": 9
},
{
"pose": [
[
-0.17361723236858073,
0.38775594001710223,
0.9052637116366302,
287.3186960390704
],
[
0.033307098418000586,
0.9210098575569292,
-0.38811271491402927,
223.0244247905999
],
[
-0.9842498127099888,
-0.037231347872703935,
-0.17281820770952883,
15.397876880512266
],
[
0.0,
0.0,
0.0,
1.0
]
],
"at_element": 9,
"to_element": 3
},
{
"pose": [
[
-0.45435752123988227,
0.5592706206652004,
-0.693379849543893,
287.4087020570035
],
[
0.5611393097386842,
0.7842112282122413,
0.2648309359040987,
222.9515596982206
],
[
0.6918684253228666,
-0.2687547625747485,
-0.6701409998161936,
15.499698028478354
],
[
0.0,
0.0,
0.0,
1.0
]
],
"at_element": 3,
"to_element": 15
},
{
"pose": [
[
-0.5363409931511642,
-0.5592706206625417,
-0.6321034028775342,
287.3885682667583
],
[
0.09509524862905219,
-0.7842112281670008,
0.6131636350151426,
222.9233280268361
],
[
-0.8386269926217506,
0.2687547627122905,
0.4737886076782122,
15.509373222952608
],
[
0.0,
0.0,
0.0,
1.0
]
],
"at_element": 15,
"to_element": 3
},
{
"pose": [
[
-0.230564072287766,
0.6826892359567824,
-0.6933798494900372,
287.34472172823746
],
[
0.7995771000555012,
0.5390185863138373,
0.26483093602347035,
222.97599647751616
],
[
0.5545418556222035,
-0.4933501502148116,
-0.670140999824743,
15.437862021104346
],
[
0.0,
0.0,
0.0,
1.0
]
],
"at_element": 3,
"to_element": 24
},
{
"pose": [
[
0.717765203539414,
-0.6826892359973984,
-0.13692523376394916,
287.3201448961838
],
[
-0.6211929187183818,
-0.5390185863505426,
-0.568839451253867,
222.95659179296646
],
[
0.3145353244425203,
0.49335015011850475,
-0.8109705044302706,
15.45562264064402
],
[
0.0,
0.0,
0.0,
1.0
]
],
"at_element": 24,
"to_element": 3
},
{
"pose": [
[
0.7421177931338915,
0.058119176905025494,
-0.6677449680753611,
287.3992116541518
],
[
-0.6275261963883869,
-0.28981953952443584,
-0.7226448002692386,
222.98036872471832
],
[
-0.23552506015370483,
0.9553150243693055,
-0.1786089310585206,
15.417297707922007
],
[
0.0,
0.0,
0.0,
1.0
]
],
"at_element": 6,
"to_element": 9
},
{
"pose": [
[
-0.42085600115033683,
-0.05811917695608326,
0.9052637116142983,
287.3971193162287
],
[
-0.8748560766804312,
0.2898195396301333,
-0.388112714999008,
222.99080246528095
],
[
-0.23980632058198847,
-0.9553150243341331,
-0.17281820763566436,
15.38290558537759
],
[
0.0,
0.0,
0.0,
1.0
]
],
"at_element": 9,
"to_element": 6
},
{
"pose": [
[
-0.5429968147703348,
-0.5091867209113727,
-0.6677449680804747,
287.31817535973295
],
[
0.30873229260120405,
0.6184406714844979,
-0.7226448002712036,
222.8926698881955
],
[
0.7809217826738314,
-0.5985482596260112,
-0.1786089310314518,
15.395622058365651
],
[
0.0,
0.0,
0.0,
1.0
]
],
"at_element": 6,
"to_element": 27
},
{
"pose": [
[
0.8412498067029777,
0.509186720913078,
-0.1817350983381849,
287.33650612665946
],
[
0.21078404830407987,
-0.6184406714832535,
-0.7570344911798175,
222.8704059693988
],
[
-0.4978642864302941,
0.5985482596258458,
-0.627591533719285,
15.417169848578759
],
[
0.0,
0.0,
0.0,
1.0
]
],
"at_element": 27,
"to_element": 6
},
{
"pose": [
[
-0.7150768530685903,
-0.2985136217042189,
-0.6321034028246898,
287.3232113590775
],
[
-0.22603083563746015,
-0.7569282779084303,
0.6131636351281844,
222.98672663995998
],
[
-0.6614946375795899,
0.5813339829733062,
0.4737886076024187,
15.558361028034101
],
[
0.0,
0.0,
0.0,
1.0
]
],
"at_element": 15,
"to_element": 24
},
{
"pose": [
[
-0.9445322112117667,
0.2985136217164313,
-0.13692523373414348,
287.33395785458873
],
[
0.3216850339161112,
0.7569282778219324,
-0.5688394511528837,
223.01397607096877
],
[
-0.06616374337808356,
-0.5813339830796603,
-0.8109705045061355,
15.537432994656658
],
[
0.0,
0.0,
0.0,
1.0
]
],
"at_element": 24,
"to_element": 15
},
{
"pose": [
[
-0.7741257799919994,
-0.034271925163674666,
-0.6321034028522184,
287.36008385364494
],
[
-0.4726495667883103,
-0.6329555621717244,
0.6131636350361124,
222.9509589590683
],
[
-0.4211076629160303,
0.773429176758578,
0.47378860768484854,
15.530723512110626
],
[
0.0,
0.0,
0.0,
1.0
]
],
"at_element": 15,
"to_element": 27
},
{
"pose": [
[
-0.9827501153284202,
0.03427192512087893,
-0.18173509834505175,
287.36131871222034
],
[
0.162067997574486,
0.6329555620564313,
-0.7570344910398888,
222.9737651072673
],
[
0.08908521192753127,
-0.7734291768548275,
-0.6275915338860862,
15.50285593106934
],
[
0.0,
0.0,
0.0,
1.0
]
],
"at_element": 27,
"to_element": 15
},
{
"pose": [
[
-0.18803229153940393,
-0.9725715077319953,
-0.13692523392842545,
287.3306716392952
],
[
-0.7888714294592248,
0.23260169119812535,
-0.5688394510182387,
223.0003238839099
],
[
0.5850860835136996,
0.001056219525179758,
-0.8109705045677771,
15.517969645195542
],
[
0.0,
0.0,
0.0,
1.0
]
],
"at_element": 24,
"to_element": 27
},
{
"pose": [
[
0.14517925707579415,
0.972571507657237,
-0.18173509789869868,
287.36568426192434
],
[
0.6105695961319637,
-0.2326016915073561,
-0.757034491543924,
222.99195021146045
],
[
-0.7785420679668963,
-0.0010562202639127771,
-0.6275915334073452,
15.517931621232043
],
[
0.0,
0.0,
0.0,
1.0
]
],
"at_element": 27,
"to_element": 24
},
{
"pose": [
[
0.48674412806167644,
0.8627465642767893,
-0.1369252337083059,
287.3273854151805
],
[
0.6743941506446418,
-0.47075918288032037,
-0.5688394512603226,
222.98667166020468
],
[
-0.5552230933361565,
0.1845376860222561,
-0.810970504435137,
15.498506243489263
],
[
0.0,
0.0,
0.0,
1.0
]
],
"at_element": 24,
"to_element": 34
},
{
"pose": [
[
-0.2861947296564489,
-0.8627465642718641,
0.4168464256221541,
287.2963264579382
],
[
-0.755512638383419,
0.4707591828596054,
0.4556165547873362,
223.00361903494618
],
[
-0.5893158999719904,
-0.1845376860981269,
-0.7865447301010615,
15.49186286948023
],
[
0.0,
0.0,
0.0,
1.0
]
],
"at_element": 34,
"to_element": 24
},
{
"pose": [
[
-0.7775886785156247,
-0.6196772144095917,
-0.10656452029589428,
287.63148231992653
],
[
-0.434250153319899,
0.4066885570273878,
0.8037606745323047,
223.27051997568037
],
[
-0.4547336048566999,
0.6712708600293553,
-0.5853313429925662,
15.509559039098349
],
[
0.0,
0.0,
0.0,
1.0
]
],
"at_element": 4,
"to_element": 6
},
{
"pose": [
[
-0.41245218813999696,
0.6196772144231903,
-0.6677449681002804,
287.653791131885
],
[
0.5589176238583042,
-0.40668855700897577,
-0.7226448002570451,
223.2558789039519
],
[
-0.7193707543673961,
-0.6712708600279569,
-0.178608931014693,
15.485392819910448
],
[
0.0,
0.0,
0.0,
1.0
]
],
"at_element": 6,
"to_element": 4
},
{
"pose": [
[
-0.4320054879339348,
-0.895553047777463,
-0.10656452041584813,
287.6271193216888
],
[
-0.5676437226831891,
0.17818356261911572,
0.8037606746480761,
223.30342779900337
],
[
-0.7008222759682612,
0.4077197035082516,
-0.5853313428117528,
15.485594218437111
],
[
0.0,
0.0,
0.0,
1.0
]
],
"at_element": 4,
"to_element": 7
},
{
"pose": [
[
0.03270006684314042,
0.8955530477630276,
-0.4437515569221216,
287.6593592502718
],
[
0.940195172721719,
-0.17818356250244483,
-0.29031647429092694,
223.29701318700006
],
[
-0.3390630366454462,
-0.4077197035909476,
-0.8478212668272005,
15.47091630051715
],
[
0.0,
0.0,
0.0,
1.0
]
],
"at_element": 7,
"to_element": 4
},
{
"pose": [
[
-0.950270394912196,
-0.17517427158052468,
0.25748815726097307,
287.67689476849233
],
[
-0.3068676309461319,
0.38574893714205527,
-0.8700747178095013,
223.30159392480792
],
[
0.05308892192282319,
-0.9058210265113121,
-0.42032110855757066,
15.460649607743694
],
[
0.0,
0.0,
0.0,
1.0
]
],
"at_element": 5,
"to_element": 6
},
{
"pose": [
[
0.7234850600916167,
0.17517427157482415,
-0.6677449680847168,
287.68320109128945
],
[
-0.5735697430513715,
-0.3857489371355305,
-0.7226448002682869,
223.28770685512427
],
[
-0.3841706882106096,
0.9058210265151933,
-0.1786089310273935,
15.49325941818088
],
[
0.0,
0.0,
0.0,
1.0
]
],
"at_element": 6,
"to_element": 5
},
{
"pose": [
[
-0.5565729783400122,
0.7898900990985189,
0.257488157257495,
287.6583284233031
],
[
0.22203735758413407,
0.4400788534689427,
-0.8700747178067619,
223.36433120842923
],
[
-0.8005784980992083,
-0.4270880870213928,
-0.4203211085653722,
15.490957125087672
],
[
0.0,
0.0,
0.0,
1.0
]
],
"at_element": 5,
"to_element": 29
},
{
"pose": [
[
-0.3454596332087625,
-0.7898900990952787,
0.5066865630491084,
287.629892339047
],
[
0.8947353586009369,
-0.4400788534657918,
-0.07602131807254459,
223.34848834703533
],
[
0.2830305281988502,
0.42708808703063234,
0.858772080370569,
15.506332318220625
],
[
0.0,
0.0,
0.0,
1.0
]
],
"at_element": 29,
"to_element": 5
},
{
"pose": [
[
0.3260496507704381,
0.669184789758337,
-0.6677449680743133,
287.7823798435787
],
[
-0.06823546993105117,
-0.6878433057567914,
-0.7226448002780186,
223.3950397637417
],
[
-0.9428868149867002,
0.2811819764523664,
-0.17860893102691366,
15.519787826142718
],
[
0.0,
0.0,
0.0,
1.0
]
],
"at_element": 6,
"to_element": 25
},
{
"pose": [
[
-0.2583566316752588,
-0.669184789761844,
0.696737804357429,
287.75828914543814
],
[
-0.5701465312883932,
0.6878433057460179,
0.4492265793563459,
223.41980216973207
],
[
-0.7798620286494449,
-0.28118197647037535,
-0.5592422662665844,
15.509665255783673
],
[
0.0,
0.0,
0.0,
1.0
]
],
"at_element": 25,
"to_element": 6
},
{
"pose": [
[
-0.25621700739674047,
0.8587417545018163,
-0.4437515568376076,
287.729573127623
],
[
0.9476804660365119,
0.132733112051985,
-0.29031647431348867,
223.34294935332537
],
[
-0.1904063533957778,
-0.4949187004348666,
-0.8478212668637091,
15.605065279881547
],
[
0.0,
0.0,
0.0,
1.0
]
],
"at_element": 7,
"to_element": 29
},
{
"pose": [
[
-0.07636311886617064,
-0.8587417545031673,
0.5066865630247687,
287.6986583743783
],
[
0.9882320983251451,
-0.132733112080472,
-0.07602131804509454,
223.33817095354982
],
[
0.13253676439732362,
0.49491870042488256,
0.8587720803873596,
15.622882381959565
],
[
0.0,
0.0,
0.0,
1.0
]
],
"at_element": 29,
"to_element": 7
},
{
"pose": [
[
-0.5311230388645005,
0.2824294519312092,
-0.798837857308462,
287.63266950676064
],
[
-0.5965668876802925,
0.5448539395042546,
0.5892725457122054,
223.35186724511334
],
[
0.6016778757032597,
0.7895364394937898,
-0.12089642095894204,
15.64707923381935
],
[
0.0,
0.0,
0.0,
1.0
]
],
"at_element": 23,
"to_element": 25
},
{
"pose": [
[
0.6593861059015224,
-0.28242945193287117,
0.6967378043603809,
287.6225020335159
],
[
-0.7080463720721936,
-0.544853939507459,
0.4492265793545689,
223.3322524782598
],
[
0.25274552090874153,
-0.7895364394909838,
-0.5592422662643344,
15.618655885725131
],
[
0.0,
0.0,
0.0,
1.0
]
],
"at_element": 25,
"to_element": 23
},
{
"pose": [
[
-0.07758831843021285,
-0.5965216932955039,
-0.7988378573096274,
287.6905642630034
],
[
-0.30023023728804865,
-0.7500797767502456,
0.5892725457106105,
223.3091604679089
],
[
-0.9507059784502955,
0.2855559453735229,
-0.12089642095901665,
15.655841047944689
],
[
0.0,
0.0,
0.0,
1.0
]
],
"at_element": 23,
"to_element": 29
},
{
"pose": [
[
0.6224392309679111,
0.5965216932936088,
0.50668656305669,
287.71203906462534
],
[
-0.6569635360558799,
0.7500797767508436,
-0.07602131807828176,
223.3361633658545
],
[
-0.42540370948668293,
-0.2855559453759109,
0.8587720803655878,
15.645561024019576
],
[
0.0,
0.0,
0.0,
1.0
]
],
"at_element": 29,
"to_element": 23
},
{
"pose": [
[
-0.829416170489117,
-0.3393425583552362,
-0.4437515568649765,
287.457154073891
],
[
-0.22519358467996006,
0.9300560166624628,
-0.2903164743670987,
223.1647240874022
],
[
0.51123054051001,
-0.14086317460172376,
-0.8478212668310265,
15.084587855813371
],
[
0.0,
0.0,
0.0,
1.0
]
],
"at_element": 7,
"to_element": 12
},
{
"pose": [
[
0.4398292754728971,
0.33934255836251404,
0.8315027579755646,
287.46937043270526
],
[
0.2892496471963534,
-0.9300560166590939,
0.22656223752647944,
223.13124199758752
],
[
0.850226352234375,
0.14086317460643696,
-0.5072205792414433,
15.08965894118837
],
[
0.0,
0.0,
0.0,
1.0
]
],
"at_element": 12,
"to_element": 7
},
{
"pose": [
[
-0.8478088015440699,
0.32962695346174875,
-0.4154110104173146,
287.6589701670041
],
[
-0.1956074641352725,
0.533726460631005,
0.8227233953139221,
223.1988837640717
],
[
0.49290765463621705,
0.7787696301049665,
-0.3880204984626423,
15.009276774005059
],
[
0.0,
0.0,
0.0,
1.0
]
],
"at_element": 11,
"to_element": 12
},
{
"pose": [
[
0.44715683445507004,
-0.3296269539399619,
0.831502758044965,
287.64710353306316
],
[
-0.8147426697949218,
-0.5337264601856178,
0.22656223805650805,
223.1796695085186
],
[
0.3691140032775298,
-0.7787696302077998,
-0.507220578890923,
14.981240917015395
],
[
0.0,
0.0,
0.0,
1.0
]
],
"at_element": 12,
"to_element": 11
},
{
"pose": [
[
-0.013889288031636138,
0.555346964679049,
0.8315027579627992,
287.5152065892413
],
[
0.9212477569261466,
-0.31618368533617724,
0.22656223755466592,
223.14373112295146
],
[
0.3887282573167506,
0.7691668388256219,
-0.5072205792497795,
15.061698670888054
],
[
0.0,
0.0,
0.0,
1.0
]
],
"at_element": 12,
"to_element": 35
},
{
"pose": [
[
-0.8301373576485362,
-0.5553469646950361,
0.0496156854262588,
287.4951968249461
],
[
-0.265949471547668,
0.3161836853430051,
-0.9106584187863372,
223.15512357023204
],
[
0.4900437184780795,
-0.7691668388112726,
-0.41017012086846494,
15.033984740450471
],
[
0.0,
0.0,
0.0,
1.0
]
],
"at_element": 35,
"to_element": 12
},
{
"pose": [
[
-0.9111138280424909,
-0.3991754008275867,
-0.10261867141945699,
287.45708120927065
],
[
-0.1787793801347884,
0.6071037142948665,
-0.7742499682453968,
223.17373538923832
],
[
0.3713617179898593,
-0.6870837499632142,
-0.6245049198750221,
15.051675214477838
],
[
0.0,
0.0,
0.0,
1.0
]
],
"at_element": 28,
"to_element": 33
},
{
"pose": [
[
0.5656242083854375,
0.3991754008242099,
-0.7216150319007902,
287.4714515367301
],
[
-0.4267320048942145,
-0.607103714307581,
-0.6703169967059639,
223.15187963570682
],
[
-0.7056692220065371,
0.6870837499539415,
-0.1730516387149177,
15.076410251903788
],
[
0.0,
0.0,
0.0,
1.0
]
],
"at_element": 33,
"to_element": 28
},
{
"pose": [
[
-0.42862912782030427,
-0.897633822370364,
-0.1026186714042569,
287.4653399954809
],
[
-0.5321246688335942,
0.3426081193772963,
-0.7742499682631507,
223.23604729478862
],
[
0.7301509485049944,
-0.277260162074399,
-0.6245049198555084,
15.101935586681297
],
[
0.0,
0.0,
0.0,
1.0
]
],
"at_element": 28,
"to_element": 34
},
{
"pose": [
[
0.14315229093528437,
0.8976338223621392,
0.41684642561921426,
287.49768249872386
],
[
0.8216040600840684,
-0.3426081193665995,
0.45561655478862534,
223.2237028354607
],
[
0.5517917995524709,
0.2772601621142448,
-0.7865447301018731,
15.111925504026411
],
[
0.0,
0.0,
0.0,
1.0
]
],
"at_element": 34,
"to_element": 28
},
{
"pose": [
[
0.5043588506139842,
-0.8573748060647151,
-0.10261867146301018,
287.4611537788644
],
[
-0.581632289841223,
-0.24948119369066557,
-0.7742499682975365,
223.20446261299884
],
[
0.63822098776317,
0.45018615696195396,
-0.6245049198032235,
15.076459590582914
],
[
0.0,
0.0,
0.0,
1.0
]
],
"at_element": 28,
"to_element": 35
},
{
"pose": [
[
-0.512295545301475,
0.8573748060317592,
0.04961568548622819,
287.4920193373115
],
[
0.3293332331164163,
0.2494811935575485,
-0.9106584187422798,
223.21344395500864
],
[
-0.7931537655646307,
-0.4501861570984883,
-0.4101701209590267,
15.060252854574697
],
[
0.0,
0.0,
0.0,
1.0
]
],
"at_element": 35,
"to_element": 28
},
{
"pose": [
[
0.08794001262716,
0.6866864639742436,
-0.7216150319759733,
287.53242894331584
],
[
0.15918877526232006,
-0.7247993224900999,
-0.6703169966130764,
223.20852229175188
],
[
-0.9833236944209254,
-0.05592532800478117,
-0.17305163876120955,
15.091033339932853
],
[
0.0,
0.0,
0.0,
1.0
]
],
"at_element": 33,
"to_element": 34
},
{
"pose": [
[
-0.5955675928781747,
-0.6866864639162632,
0.4168464256623481,
287.5076868320224
],
[
-0.5167973462856298,
0.7247993225318557,
0.45561655471404217,
223.2346376536333
],
[
-0.6149957277781917,
0.05592532817553775,
-0.7865447301222168,
15.093048394495773
],
[
0.0,
0.0,
0.0,
1.0
]
],
"at_element": 34,
"to_element": 33
},
{
"pose": [
[
0.6750239291805767,
0.15366990857547153,
-0.7216150318778163,
287.4987422401596
],
[
-0.625790174516643,
-0.39882550245495696,
-0.6703169967037836,
223.1772303026856
],
[
-0.3908060292677751,
0.9040596096441633,
-0.17305163881916186,
15.082954878528131
],
[
0.0,
0.0,
0.0,
1.0
]
],
"at_element": 33,
"to_element": 35
},
{
"pose": [
[
-0.9868757991617818,
-0.15366990853265103,
0.04961568542669366,
287.49321012055344
],
[
-0.10788634215396889,
0.3988255025287947,
-0.910658418787907,
223.19158802830032
],
[
0.12015279524601459,
-0.9040596096188684,
-0.410170120864926,
15.050408715526842
],
[
0.0,
0.0,
0.0,
1.0
]
],
"at_element": 35,
"to_element": 33
},
{
"pose": [
[
-0.8359009372837172,
0.1294931621432743,
-0.5333864865239272,
287.346185642627
],
[
-0.5044490211402483,
-0.5642568253334419,
0.6535636312825795,
222.61058519860725
],
[
-0.21633494428512748,
0.8153807429800889,
0.5369855080524883,
15.865672049537949
],
[
0.0,
0.0,
0.0,
1.0
]
],
"at_element": 16,
"to_element": 18
},
{
"pose": [
[
0.39935742299409216,
-0.12949316218020368,
0.9076040819917511,
287.3415238838103
],
[
-0.7229862619521564,
0.5642568252312905,
0.3986290257976115,
222.6308984660182
],
[
-0.5637415309589721,
-0.8153807430449143,
0.13171837435816625,
15.83631831143211
],
[
0.0,
0.0,
0.0,
1.0
]
],
"at_element": 18,
"to_element": 16
},
{
"pose": [
[
-0.5229565002451895,
0.6648423533674181,
-0.533386486536898,
287.2528615946772
],
[
-0.7537599690061498,
-0.06856011228962999,
0.6535636312760077,
222.72493605901033
],
[
0.3979477452821555,
0.7438307308599897,
0.5369855080476028,
15.959625800843257
],
[
0.0,
0.0,
0.0,
1.0
]
],
"at_element": 16,
"to_element": 20
},
{
"pose": [
[
0.710477333659693,
-0.6648423533492611,
0.23066556645678502,
287.2289272300991
],
[
-0.24945381076625361,
0.06856011225936642,
0.9659566798263663,
222.72740422716208
],
[
-0.6580233693798476,
-0.743830730879008,
-0.11713705284833331,
15.932847849938772
],
[
0.0,
0.0,
0.0,
1.0
]
],
"at_element": 20,
"to_element": 16
},
{
"pose": [
[
-0.20233472403512587,
-0.972970311110985,
0.11130783057010324,
287.1883642197488
],
[
-0.8847311269715487,
0.23034075217550498,
0.405208552297303,
222.71251332244995
],
[
-0.4198946206100799,
-0.01648974177529791,
-0.9074230523845539,
15.935065534760607
],
[
0.0,
0.0,
0.0,
1.0
]
],
"at_element": 19,
"to_element": 20
},
{
"pose": [
[
0.011053060642100432,
0.9729703111107297,
0.23066556645397218,
287.2233912030592
],
[
0.11777449038512433,
-0.23034075217633543,
0.9659566798264632,
222.704221043035
],
[
0.9929788513684298,
0.01648974177874868,
-0.11713705285307396,
15.935659166347794
],
[
0.0,
0.0,
0.0,
1.0
]
],
"at_element": 20,
"to_element": 19
},
{
"pose": [
[
-0.9054272397860983,
-0.4024086703972469,
0.135162034027487,
287.7492685974091
],
[
-0.3976300808184441,
0.9154573054669336,
0.061872778307904316,
222.84933738791815
],
[
-0.14863321392490064,
0.002276808367288021,
-0.9888897733630446,
15.897679590586309
],
[
0.0,
0.0,
0.0,
1.0
]
],
"at_element": 2,
