{
"contact_id_pairs": [
[
1,
5
],
[
2,
5
],
[
2,
52
],
[
5,
52
],
[
2,
7
],
[
2,
53
],
[
7,
16
],
[
9,
16
],
[
9,
53
],
[
12,
16
],
[
12,
44
],
[
12,
53
],
[
16,
44
],
[
16,
53
],
[
3,
45
],
[
3,
52
],
[
6,
45
],
[
6,
47
],
[
45,
53
],
[
47,
52
],
[
1,
4
],
[
4,
46
],
[
6,
7
],
[
6,
21
],
[
8,
11
],
[
8,
13
],
[
8,
17
],
[
11,
13
],
[
11,
17
],
[
13,
17
],
[
8,
10
],
[
8,
31
],
[
9,
10
],
[
9,
15
],
[
10,
15
],
[
10,
42
],
[
14,
19
],
[
15,
19
],
[
19,
31
],
[
19,
42
],
[
10,
11
],
[
10,
12
],
[
10,
18
],
[
10,
22
],
[
10,
24
],
[
10,
28
],
[
10,
33
],
[
10,
37
],
[
11,
12
],
[
11,
18
],
[
11,
22
],
[
11,
24
],
[
11,
28
],
[
12,
18
],
[
12,
22
],
[
12,
24
],
[
12,
37
],
[
12,
39
],
[
18,
22
],
[
18,
24
],
[
18,
28
],
[
18,
33
],
[
18,
37
],
[
22,
24
],
[
22,
28
],
[
24,
28
],
[
24,
33
],
[
24,
37
],
[
24,
39
],
[
28,
33
],
[
28,
37
],
[
28,
39
],
[
33,
37
],
[
33,
39
],
[
37,
39
],
[
17,
19
],
[
17,
20
],
[
17,
29
],
[
18,
19
],
[
18,
20
],
[
18,
29
],
[
19,
20
],
[
19,
23
],
[
19,
50
],
[
27,
29
],
[
29,
50
],
[
23,
24
],
[
23,
25
],
[
23,
26
],
[
24,
25
],
[
24,
26
],
[
24,
35
],
[
25,
34
],
[
26,
35
],
[
30,
34
],
[
30,
35
],
[
26,
27
],
[
26,
28
],
[
26,
32
],
[
33,
38
],
[
36,
38
],
[
41,
43
],
[
41,
44
],
[
41,
45
],
[
42,
44
],
[
43,
44
],
[
43,
45
],
[
43,
46
],
[
0,
47
],
[
0,
48
],
[
47,
48
],
[
47,
49
],
[
13,
49
],
[
41,
49
],
[
14,
50
],
[
38,
39
],
[
38,
51
]
],
"contact_t_bound_pairs": [
[
[
0.6,
0.9
],
[
0.6,
0.9
]
],
[
[
0.1,
0.4
],
[
0.6,
0.9
]
],
[
[
0.1,
0.4
],
[
0.6,
0.9
]
],
[
[
0.6,
0.9
],
[
0.6,
0.9
]
],
[
[
0.6,
0.9
],
[
0.6,
0.9
]
],
[
[
0.6,
0.9
],
[
0.6,
0.9
]
],
[
[
0.6,
0.9
],
[
0.6,
0.9
]
],
[
[
0.6,
0.9
],
[
0.6,
0.9
]
],
[
[
0.6,
0.9
],
[
0.6,
0.9
]
],
[
[
0.6,
0.9
],
[
0.6,
0.9
]
],
[
[
0.6,
0.9
],
[
0.6,
0.9
]
],
[
[
0.6,
0.9
],
[
0.6,
0.9
]
],
[
[
0.6,
0.9
],
[
0.6,
0.9
]
],
[
[
0.6,
0.9
],
[
0.6,
0.9
]
],
[
[
0.6,
0.9
],
[
0.6,
0.9
]
],
[
[
0.6,
0.9
],
[
0.1,
0.4
]
],
[
[
0.6,
0.9
],
[
0.6,
0.9
]
],
[
[
0.6,
0.9
],
[
0.1,
0.4
]
],
[
[
0.6,
0.9
],
[
0.1,
0.4
]
],
[
[
0.1,
0.4
],
[
0.1,
0.4
]
],
[
[
0.1,
0.4
],
[
0.6,
0.9
]
],
[
[
0.6,
0.9
],
[
0.6,
0.9
]
],
[
[
0.1,
0.4
],
[
0.1,
0.4
]
],
[
[
0.1,
0.4
],
[
0.6,
0.9
]
],
[
[
0.6,
0.9
],
[
0.6,
0.9
]
],
[
[
0.6,
0.9
],
[
0.6,
0.9
]
],
[
[
0.6,
0.9
],
[
0.6,
0.9
]
],
[
[
0.6,
0.9
],
[
0.6,
0.9
]
],
[
[
0.6,
0.9
],
[
0.6,
0.9
]
],
[
[
0.6,
0.9
],
[
0.6,
0.9
]
],
[
[
0.1,
0.4
],
[
0.6,
0.9
]
],
[
[
0.1,
0.4
],
[
0.6,
0.9
]
],
[
[
0.1,
0.4
],
[
0.6,
0.9
]
],
[
[
0.1,
0.4
],
[
0.6,
0.9
]
],
[
[
0.6,
0.9
],
[
0.6,
0.9
]
],
[
[
0.6,
0.9
],
[
0.1,
0.4
]
],
[
[
0.6,
0.9
],
[
0.6,
0.9
]
],
[
[
0.6,
0.9
],
[
0.6,
0.9
]
],
[
[
0.6,
0.9
],
[
0.6,
0.9
]
],
[
[
0.6,
0.9
],
[
0.1,
0.4
]
],
[
[
0.1,
0.4
],
[
0.1,
0.4
]
],
[
[
0.1,
0.4
],
[
0.1,
0.4
]
],
[
[
0.1,
0.4
],
[
0.6,
0.9
]
],
[
[
0.1,
0.4
],
[
0.6,
0.9
]
],
[
[
0.1,
0.4
],
[
0.6,
0.9
]
],
[
[
0.1,
0.4
],
[
0.6,
0.9
]
],
[
[
0.1,
0.4
],
[
0.6,
0.9
]
],
[
[
0.1,
0.4
],
[
0.6,
0.9
]
],
[
[
0.1,
0.4
],
[
0.1,
0.4
]
],
[
[
0.1,
0.4
],
[
0.6,
0.9
]
],
[
[
0.1,
0.4
],
[
0.6,
0.9
]
],
[
[
0.1,
0.4
],
[
0.6,
0.9
]
],
[
[
0.1,
0.4
],
[
0.6,
0.9
]
],
[
[
0.1,
0.4
],
[
0.6,
0.9
]
],
[
[
0.1,
0.4
],
[
0.6,
0.9
]
],
[
[
0.1,
0.4
],
[
0.6,
0.9
]
],
[
[
0.1,
0.4
],
[
0.6,
0.9
]
],
[
[
0.1,
0.4
],
[
0.6,
0.9
]
],
[
[
0.6,
0.9
],
[
0.6,
0.9
]
],
[
[
0.6,
0.9
],
[
0.6,
0.9
]
],
[
[
0.6,
0.9
],
[
0.6,
0.9
]
],
[
[
0.6,
0.9
],
[
0.6,
0.9
]
],
[
[
0.6,
0.9
],
[
0.6,
0.9
]
],
[
[
0.6,
0.9
],
[
0.6,
0.9
]
],
[
[
0.6,
0.9
],
[
0.6,
0.9
]
],
[
[
0.6,
0.9
],
[
0.6,
0.9
]
],
[
[
0.6,
0.9
],
[
0.6,
0.9
]
],
[
[
0.6,
0.9
],
[
0.6,
0.9
]
],
[
[
0.6,
0.9
],
[
0.6,
0.9
]
],
[
[
0.6,
0.9
],
[
0.6,
0.9
]
],
[
[
0.6,
0.9
],
[
0.6,
0.9
]
],
[
[
0.6,
0.9
],
[
0.6,
0.9
]
],
[
[
0.6,
0.9
],
[
0.6,
0.9
]
],
[
[
0.6,
0.9
],
[
0.6,
0.9
]
],
[
[
0.6,
0.9
],
[
0.6,
0.9
]
],
[
[
0.1,
0.4
],
[
0.1,
0.4
]
],
[
[
0.1,
0.4
],
[
0.6,
0.9
]
],
[
[
0.1,
0.4
],
[
0.6,
0.9
]
],
[
[
0.1,
0.4
],
[
0.1,
0.4
]
],
[
[
0.1,
0.4
],
[
0.6,
0.9
]
],
[
[
0.1,
0.4
],
[
0.6,
0.9
]
],
[
[
0.1,
0.4
],
[
0.6,
0.9
]
],
[
[
0.1,
0.4
],
[
0.6,
0.9
]
],
[
[
0.1,
0.4
],
[
0.1,
0.4
]
],
[
[
0.6,
0.9
],
[
0.6,
0.9
]
],
[
[
0.6,
0.9
],
[
0.1,
0.4
]
],
[
[
0.1,
0.4
],
[
0.1,
0.4
]
],
[
[
0.1,
0.4
],
[
0.1,
0.4
]
],
[
[
0.1,
0.4
],
[
0.6,
0.9
]
],
[
[
0.1,
0.4
],
[
0.1,
0.4
]
],
[
[
0.1,
0.4
],
[
0.6,
0.9
]
],
[
[
0.1,
0.4
],
[
0.6,
0.9
]
],
[
[
0.1,
0.4
],
[
0.6,
0.9
]
],
[
[
0.6,
0.9
],
[
0.6,
0.9
]
],
[
[
0.6,
0.9
],
[
0.6,
0.9
]
],
[
[
0.6,
0.9
],
[
0.6,
0.9
]
],
[
[
0.1,
0.4
],
[
0.1,
0.4
]
],
[
[
0.1,
0.4
],
[
0.1,
0.4
]
],
[
[
0.1,
0.4
],
[
0.6,
0.9
]
],
[
[
0.1,
0.4
],
[
0.6,
0.9
]
],
[
[
0.6,
0.9
],
[
0.6,
0.9
]
],
[
[
0.6,
0.9
],
[
0.6,
0.9
]
],
[
[
0.6,
0.9
],
[
0.1,
0.4
]
],
[
[
0.6,
0.9
],
[
0.1,
0.4
]
],
[
[
0.6,
0.9
],
[
0.1,
0.4
]
],
[
[
0.6,
0.9
],
[
0.1,
0.4
]
],
[
[
0.6,
0.9
],
[
0.1,
0.4
]
],
[
[
0.6,
0.9
],
[
0.1,
0.4
]
],
[
[
0.1,
0.4
],
[
0.6,
0.9
]
],
[
[
0.1,
0.4
],
[
0.1,
0.4
]
],
[
[
0.6,
0.9
],
[
0.1,
0.4
]
],
[
[
0.6,
0.9
],
[
0.1,
0.4
]
],
[
[
0.1,
0.4
],
[
0.6,
0.9
]
],
[
[
0.1,
0.4
],
[
0.6,
0.9
]
],
[
[
0.1,
0.4
],
[
0.6,
0.9
]
],
[
[
0.1,
0.4
],
[
0.1,
0.4
]
],
[
[
0.1,
0.4
],
[
0.6,
0.9
]
]
],
"line_pt_pairs": [
[
[
-438.53012986492774,
758.2068977514815,
65.32253577142536
],
[
-439.2824480475739,
757.8859440936919,
65.01611856322793
]
],
[
[
-439.4803055555776,
758.0191723615404,
64.81649152302866
],
[
-439.9803055555776,
757.153146957756,
64.81649152302866
]
],
[
[
-439.93442258782096,
757.0417340105099,
64.75734290749642
],
[
-438.9803055555776,
757.153146957756,
64.81649152302866
]
],
[
[
-439.79256155132646,
757.5995566692247,
65.28288081019942
],
[
-439.1096348104393,
757.1646269237305,
65.36369266935293
]
],
[
[
-440.09281562948007,
757.6888685092226,
65.296255965408
],
[
-439.28214496692425,
757.9345229866805,
64.62307515133503
]
],
[
[
-440.19254930405,
757.84081053239,
65.28287561535991
],
[
-439.78825196677406,
756.9620172003008,
64.65393697475021
]
],
[
[
-438.9132503959649,
757.0906681019854,
65.3386779889108
],
[
-439.32000070838785,
757.2738817068459,
65.24234431023437
]
],
[
[
-439.0759697093409,
757.1299846202548,
65.36754443658909
],
[
-439.123265075252,
757.0975206585603,
64.7471943843253
]
],
[
[
-438.23626704558376,
757.3526493214221,
65.1111013810522
],
[
-438.9659957277507,
757.0866728288104,
65.41628266035288
]
],
[
[
-438.27271083740953,
757.1981125058645,
65.20789294198232
],
[
-439.1738050905651,
757.1587662901071,
64.86620817291451
]
],
[
[
-438.7456653041888,
756.5801080433148,
65.15468132448147
],
[
-438.27827730277244,
757.4166186945228,
65.10503851015035
]
],
[
[
-438.58504279884926,
756.6008078509566,
65.02250387175532
],
[
-438.9970548970269,
757.2639671454598,
65.44508167871257
]
],
[
[
-438.49200582718316,
756.658610796779,
65.26784009706098
],
[
-439.12426384088417,
757.2202185055189,
64.88198810373804
]
],
[
[
-438.6102695540929,
757.349524213453,
65.49975038803518
],
[
-438.96019975224993,
757.0871049402847,
65.29858450083331
]
],
[
[
-438.48829647453397,
757.3310111369151,
65.44827003379632
],
[
-438.4045015357857,
757.2819043476848,
64.89197336456671
]
],
[
[
-438.4166863206434,
757.4169751499962,
64.8801124090764
],
[
-438.4033929039485,
757.2002052385434,
65.21374268302581
]
],
[
[
-438.75231683650935,
757.5505726157097,
64.84732995629352
],
[
-439.117743850586,
757.0287770903981,
65.01105311646216
]
],
[
[
-438.2160108802671,
757.0413475679177,
65.72969539393458
],
[
-439.02379758027763,
757.1268959449457,
65.2126890586244
]
],
[
[
-438.40353434233714,
756.9631668664074,
65.78708208126949
],
[
-438.674665683758,
756.6096252669043,
65.00556936839894
]
],
[
[
-438.4762832791503,
756.8655947160998,
65.83892564049509
],
[
-438.38843695732464,
757.3872052288757,
64.98299413333793
]
],
[
[
-438.7546880989699,
756.7112352677246,
65.67632882511786
],
[
-438.28963677018214,
757.0691945987792,
65.61280537257491
]
],
[
[
-439.0522240747927,
756.7832893827946,
65.40679108347265
],
[
-439.02285641327325,
757.362198266695,
65.19032639733946
]
],
[
[
-438.66023056572584,
756.7596224134064,
65.6738832168574
],
[
-438.6135543558952,
756.7185267489396,
65.01944077612823
]
],
[
[
-438.06812033108076,
756.6397336330272,
65.16156547547298
],
[
-438.5215062354626,
756.999355135985,
65.90415807905147
]
],
[
[
-437.9853498283528,
756.7160937446502,
65.5398561030336
],
[
-438.83761220062746,
756.714533892772,
65.01196812568233
]
],
[
[
-438.0339684261211,
756.6072439072316,
65.5395798643373
],
[
-438.40441101476716,
757.0532767234213,
64.98241883308073
]
],
[
[
-438.51605613482957,
756.6618808422447,
65.56051943996823
],
[
-438.04815842802344,
756.6912195941019,
65.2701592133369
]
],
[
[
-438.51234135603147,
756.5665243464457,
65.41352771127842
],
[
-438.30973120104466,
757.0900763874098,
65.76660159684359
]
],
[
[
-438.29032902424706,
756.7117992614315,
65.52524705676967
],
[
-438.76253884056433,
756.6845085276391,
65.03628353949775
]
],
[
[
-437.9238848887948,
757.2070255838823,
65.64235381707708
],
[
-438.5244327086983,
756.9080862836483,
65.65882753684873
]
],
[
[
-438.15076600440705,
757.2356780353584,
65.38929840868829
],
[
-438.0751208974217,
756.530984849872,
65.42219799382448
]
],
[
[
-438.15152086130405,
757.2644765028343,
65.64240522451537
],
[
-438.40453839548655,
757.2690295742241,
65.07147476217813
]
],
[
[
-438.36557007988927,
756.4403335122314,
65.15256319320763
],
[
-438.2996940073546,
756.7277434117602,
65.5898865280677
]
],
[
[
-438.43026406276357,
756.3562559546993,
65.50934287500884
],
[
-438.7418207852018,
756.7315773638043,
65.00556949689859
]
],
[
[
-438.2598629279495,
756.1910161949965,
65.52783231242755
],
[
-438.0230688960462,
756.7248093227786,
65.4329229914015
]
],
[
[
-438.3322363790766,
756.5441805129997,
64.91947672675582
],
[
-438.07496563188806,
756.698086322038,
65.54772628378406
]
],
[
[
-438.18841950382864,
756.5472453664865,
64.98174718012754
],
[
-438.4963723235023,
756.2834157415829,
65.48375535376148
]
],
[
[
-438.43403494611533,
756.1580655020376,
64.9194445930097
],
[
-438.69543793902244,
756.8320164869838,
65.23182604303247
]
],
[
[
-438.95706750771194,
755.9003324032617,
64.92672854911204
],
[
-438.3756024097987,
756.4412485087179,
65.49359868671725
]
],
[
[
-438.75706794543015,
755.9261339895311,
65.0917402051971
],
[
-438.54705330771577,
756.832016405204,
65.18900069089986
]
],
[
[
-438.60299288111025,
757.5204510246848,
64.76225392322215
],
[
-438.6061418223298,
757.6212652633817,
65.43061679244538
]
],
[
[
-438.6371150045591,
757.3404521334235,
65.52042615668437
],
[
-438.7144126679997,
757.6203281615944,
65.0335790783024
]
],
[
[
-438.1931675461466,
757.0858832669779,
65.04014919300948
],
[
-438.769497326127,
757.9612491742909,
65.17738313768257
]
],
[
[
-439.075719504915,
757.326312608231,
65.25400332043134
],
[
-438.54697030372665,
757.7427512466721,
65.05723450224359
]
],
[
[
-438.5138741342498,
757.7429508906939,
65.1148435058664
],
[
-439.13837334371203,
757.1057924385767,
64.9349014349081
]
],
[
[
-438.65550752817853,
757.6360056259272,
65.13496140500827
],
[
-439.23925470605843,
757.1483746323926,
65.3421726933782
]
],
[
[
-438.57174307782003,
757.6220910906402,
65.21335336415017
],
[
-439.455411085017,
757.904956882332,
64.61735320172826
]
],
[
[
-439.37195274817697,
757.148383030007,
65.29010410195335
],
[
-438.50073443728223,
758.2729722498848,
65.26094094980716
]
],
[
[
-438.58731350916435,
758.1909075876838,
65.19912120017973
],
[
-438.9118382313167,
757.8665831005673,
65.39989383184913
]
],
[
[
-438.6479234856826,
758.1386960569778,
65.2027447856693
],
[
-438.68549696078,
757.232671139798,
65.53045004837618
]
],
[
[
-438.3921057304956,
756.9404295634981,
65.76526163312637
],
[
-438.50308567814164,
757.3548005748389,
65.13416046613511
]
],
[
[
-438.05257688908733,
756.170388788653,
64.7570550192678
],
[
-438.9376683426143,
755.9589435697548,
65.11266460900488
]
],
[
[
-439.21460205787156,
757.336048227289,
65.39671294639322
],
[
-439.8791865182323,
757.0440057773196,
64.61649278465157
]
],
[
[
-439.1096351892706,
757.2483050654438,
65.44556702319912
],
[
-439.0671247670965,
757.08818666602,
64.73481310377802
]
]
],
"contact_t_pairs": [
[
0.8999976009766694,
0.6967325154153267
],
[
0.10000109891228733,
0.8729638256789478
],
[
0.18821838171702077,
0.8180165589614723
],
[
0.8999978198440078,
0.8999987633237015
],
[
0.8508472264683099,
0.8999992667532041
],
[
0.8999998779017606,
0.8820315103889741
],
[
0.6035403068959887,
0.8836062135516297
],
[
0.804060258481764,
0.7026500181419236
],
[
0.8917148627806614,
0.7520590103230603
],
[
0.8464525322464733,
0.7701833633726091
],
[
0.8999999386544626,
0.899991664675664
],
[
0.8882214521779014,
0.726305977098314
],
[
0.6661607902776134,
0.8130555745394974
],
[
0.8188603203495909,
0.6616335759643992
],
[
0.8999995463616578,
0.8999994164158305
],
[
0.7242577674564263,
0.10000526835412149
],
[
0.600712331890355,
0.8617575466506935
],
[
0.899107214293536,
0.10000661078341169
],
[
0.8052646049515393,
0.1920446403024907
],
[
0.1168753862842174,
0.12253270850751873
],
[
0.17338050784758255,
0.6777879481565839
],
[
0.8983621668972275,
0.898701982235289
],
[
0.37405785208961584,
0.10000076524773657
],
[
0.30350990055068616,
0.605097824738985
],
[
0.899995922153347,
0.7870014331199424
],
[
0.8365366887570453,
0.7210738824991938
],
[
0.8077766974919154,
0.7476115545128597
],
[
0.7768470600250907,
0.8388381406662866
],
[
0.7328918858101079,
0.8104695022795785
],
[
0.8886893172827803,
0.8492903174350382
],
[
0.10003672745206872,
0.8999973197491348
],
[
0.18876700913599534,
0.8382438422804324
],
[
0.16538884290493366,
0.7202237550496928
],
[
0.1369717860568831,
0.899999558356514
],
[
0.7875936278769314,
0.7425351039697939
],
[
0.8749844598999156,
0.2599719868415088
],
[
0.6001438013487309,
0.8404572507131859
],
[
0.6000017668442643,
0.8643102488131861
],
[
0.8166042462533308,
0.899999461228725
],
[
0.8999995233880067,
0.3039700256963136
],
[
0.18867736421996023,
0.2191096485153752
],
[
0.24438951878962348,
0.23983595993737117
],
[
0.14409320779478066,
0.8243703465291063
],
[
0.19586507631110908,
0.8031246694223642
],
[
0.17085239729143537,
0.7837929614469976
],
[
0.1410094861332158,
0.7970478909364169
],
[
0.10002426012548057,
0.7733866013302623
],
[
0.16910583613859329,
0.8247288085180627
],
[
0.31824521488735535,
0.31313723925500453
],
[
0.10267202447742002,
0.8999998917858881
],
[
0.15623937781250496,
0.8928477667269991
],
[
0.1905826225720978,
0.8045518354667747
],
[
0.17724017728452715,
0.8268408204386027
],
[
0.12581953883942704,
0.7067916371461396
],
[
0.1748485389582978,
0.7235520312671299
],
[
0.10000006134506242,
0.6464090436898874
],
[
0.22867108062471803,
0.8999998290626532
],
[
0.14902924854436084,
0.8999997915770297
],
[
0.7333675210033069,
0.7080515752947499
],
[
0.7864321332443647,
0.7284555942822207
],
[
0.7600461556185168,
0.6777021830937476
],
[
0.8733210097181932,
0.7753612880443019
],
[
0.8137820433775359,
0.7591517168756179
],
[
0.8092246892465313,
0.7480270074934121
],
[
0.7600600627825572,
0.7087245675076099
],
[
0.8329820662547907,
0.862119168857249
],
[
0.8692798476307634,
0.8999996650008744
],
[
0.7523956477700435,
0.7988083629477203
],
[
0.6902080123875278,
0.8708825316825958
],
[
0.8973976549568224,
0.865774280739523
],
[
0.7379282098357136,
0.7896288378569043
],
[
0.6680762884389486,
0.843483526118381
],
[
0.7126541728716573,
0.7143941749774683
],
[
0.644703747097996,
0.7370428388169312
],
[
0.6908782718888434,
0.7619000269853617
],
[
0.29661408821872143,
0.32741384277140934
],
[
0.16557499060420947,
0.8999961465126275
],
[
0.10543872877547074,
0.6083972860532548
],
[
0.1000009739895964,
0.14591829516480265
],
[
0.18415721954811856,
0.6000025686108152
],
[
0.15526587308156448,
0.8950330964858824
],
[
0.22353210217318284,
0.6813768558687303
],
[
0.1000004159933228,
0.8128989163035321
],
[
0.3999967287209625,
0.39578489095071173
],
[
0.7563917026330972,
0.7441331280135653
],
[
0.7845294664473836,
0.14257773552473826
],
[
0.3037278919330644,
0.26714364545322167
],
[
0.25386480837399944,
0.33417941937745116
],
[
0.19663731782838575,
0.7982303206529408
],
[
0.16322142357738406,
0.2007581839775892
],
[
0.29110140425125725,
0.6064808351150325
],
[
0.1282509985927323,
0.8972234790183697
],
[
0.12109309450896513,
0.8547286135880686
],
[
0.7546754364520615,
0.6813094558492031
],
[
0.8940700365232402,
0.7814663438316763
],
[
0.7997786348594235,
0.8123282595213226
],
[
0.14270482255545144,
0.23227977832643723
],
[
0.35023144758566316,
0.13562227009038416
],
[
0.39486439489659514,
0.7100411137138545
],
[
0.10000136602004506,
0.8999985556125878
],
[
0.8371250336436208,
0.8370659399976189
],
[
0.857655499792354,
0.6760911219074881
],
[
0.8999963209901517,
0.2682855963616927
],
[
0.7860499767630853,
0.10000536838063198
],
[
0.6695030565657863,
0.10000092363740903
],
[
0.8687480073405015,
0.12637266152950044
],
[
0.6001944825373906,
0.14380911263982174
],
[
0.7448183621312217,
0.13529469904895963
],
[
0.10002721136733164,
0.8999867762810178
],
[
0.20029346795928477,
0.23309326141960443
],
[
0.8273559161804481,
0.28104968127057933
],
[
0.8104768715236823,
0.10003905419245535
],
[
0.1394180549795662,
0.8999995654490062
],
[
0.10001095669923486,
0.8453443963339569
],
[
0.39979057433259785,
0.8605059274080761
],
[
0.3650991329794345,
0.1855316432224263
],
[
0.21660361700053438,
0.8647090968074391
]
],
"half_couplers": [
{
"pose": [
[
-0.677374095601627,
-0.5395964552877555,
-0.5000000000487669,
-439.9303043560659
],
[
0.39108211642909024,
0.31153615882929286,
-0.866025403756283,
757.2397515757497
],
[
0.6230723174858767,
-0.7821642328710633,
-8.262657225088788e-11,
64.81649152302866
],
[
0.0,
0.0,
0.0,
1.0
]
],
"at_element": 1,
"to_element": 5
},
{
"pose": [
[
0.7655429300020797,
0.5395964552880822,
0.35039932614713704,
-439.910862203274
],
[
0.5682001072494697,
-0.3115361589653205,
-0.7616389300572981,
757.2285266435933
],
[
-0.30181560669641,
0.7821642328166583,
-0.5450930677020271,
64.84467361424602
],
[
0.0,
0.0,
0.0,
1.0
]
],
"at_element": 5,
"to_element": 1
},
{
"pose": [
[
-0.12999455597923326,
0.016724401305852565,
0.9913736479333727,
-439.8390098361057
],
[
0.8086339295599134,
-0.5768101908578722,
0.11576342983428695,
757.0528754276676
],
[
0.5737704971330043,
0.8167069842504504,
0.061458266297377495,
64.76325783404879
],
[
0.0,
0.0,
0.0,
1.0
]
],
"at_element": 2,
"to_element": 5
},
{
"pose": [
[
-0.936451070071368,
-0.016724401483628082,
0.3503993261369158,
-439.8396123537898
],
[
-0.2952899322757591,
0.5768101907202929,
-0.7616389300566226,
757.0736557432282
],
[
-0.18937594688546866,
-0.8167069843439774,
-0.5450930677095414,
64.73383493353595
],
[
0.0,
0.0,
0.0,
1.0
]
],
"at_element": 5,
"to_element": 2
},
{
"pose": [
[
-0.09087560029093367,
0.09444530388625164,
0.9913736479479347,
-439.75484022404345
],
[
0.269227998547247,
-0.9560936738382828,
0.11576342965141476,
757.0627039751429
],
[
0.9587793855053444,
0.27742561421081524,
0.061458266406936524,
64.7684757641927
],
[
0.0,
0.0,
0.0,
1.0
]
],
"at_element": 2,
"to_element": 52
},
{
"pose": [
[
-0.7760043855118284,
-0.09444530388723711,
-0.6236162908712835,
-439.75824315127517
],
[
0.10386149156806489,
0.9560936738380322,
-0.2740395544737132,
757.0971526672944
],
[
0.6221173396037651,
-0.2774256142113447,
-0.732123653725101,
64.75847993445295
],
[
0.0,
0.0,
0.0,
1.0
]
],
"at_element": 52,
"to_element": 2
},
{
"pose": [
[
0.8251044070040233,
-0.4431963783794768,
0.35039932610359675,
-439.8286825819329
],
[
-0.024373866843488662,
-0.6475430910400832,
-0.761638930111474,
757.0498984494163
],
[
0.5644542781817097,
0.6198910512643093,
-0.545093067654318,
64.71683220999553
],
[
0.0,
0.0,
0.0,
1.0
]
],
"at_element": 5,
"to_element": 52
},
{
"pose": [
[
-0.6439562811628643,
0.44319637831675845,
-0.6236162908374052,
-439.81272725032034
],
[
0.7110487101012322,
0.6475430908706572,
-0.2740395543147917,
757.0732103834785
],
[
0.28236508249829373,
-0.6198910514861338,
-0.7321236538134439,
64.69451576570552
],
[
0.0,
0.0,
0.0,
1.0
]
],
"at_element": 52,
"to_element": 5
},
{
"pose": [
[
0.06601912732645598,
-0.11322440093566077,
0.9913736479551056,
-439.1226147572105
],
[
-0.03598131317214969,
0.9926248906171065,
0.11576342958717625,
757.1365294076669
],
[
-0.9971694038273842,
-0.04331352629535216,
0.06145826641226515,
64.80766934297147
],
[
0.0,
0.0,
0.0,
1.0
]
],
"at_element": 2,
"to_element": 7
},
{
"pose": [
[
0.9906649329919679,
0.1132244008381941,
-0.07591591134177163,
-439.1185355039817
],
[
0.10945520051604582,
-0.9926248906766353,
-0.05210936085953753,
757.1007670785337
],
[
-0.0812560743576256,
0.043313525185896054,
-0.9957516703053821,
64.80922984442137
],
[
0.0,
0.0,
0.0,
1.0
]
],
"at_element": 7,
"to_element": 2
},
{
"pose": [
[
0.08554980869066342,
-0.09929511937780117,
0.991373647774006,
-439.075717375298
],
[
-0.21629638351511077,
0.969440406860432,
0.11576343129228767,
757.1420056494281
],
[
-0.9725724161784945,
-0.2243340741261307,
0.061458266121789284,
64.8105766542535
],
[
0.0,
0.0,
0.0,
1.0
]
],
"at_element": 2,
"to_element": 53
},
{
"pose": [
[
0.9933516681233419,
0.09929512090112093,
0.058248969105091086,
-439.0721396573931
],
[
0.10977023989611474,
-0.9694404063131186,
-0.21939870792829377,
757.107075591759
],
[
0.03468368304727015,
0.2243340758170437,
-0.9738948939991365,
64.81865967013725
],
[
0.0,
0.0,
0.0,
1.0
]
],
"at_element": 53,
"to_element": 2
},
{
"pose": [
[
-0.5758925619272657,
-0.8139929554666373,
-0.07591591116189066,
-439.1045143689977
],
[
-0.8129418217382477,
0.5800088008299992,
-0.05210936027860698,
757.1103913108507
],
[
0.08644854877758403,
0.0317058261276285,
-0.995751670349498,
64.99313817566286
],
[
0.0,
0.0,
0.0,
1.0
]
],
"at_element": 7,
"to_element": 16
},
{
"pose": [
[
-0.16952901467303416,
0.8139929566987629,
-0.5555856186302843,
-439.0752104167471
],
[
-0.18500413871356575,
-0.5800087989730633,
-0.7933241845378698,
757.0895108473409
],
[
-0.9680048459810735,
-0.03170582846465425,
0.24892038606455713,
64.99199675792084
],
[
0.0,
0.0,
0.0,
1.0
]
],
"at_element": 16,
"to_element": 7
},
{
"pose": [
[
0.13856424752091367,
0.3285788038551204,
-0.9342568806094508,
-438.9972449155182
],
[
0.8738411892636128,
-0.48449706319906616,
-0.04079426059919716,
757.1664757774523
],
[
-0.46604884428063775,
-0.8107395176063756,
-0.35425966371584483,
64.93315779824637
],
[
0.0,
0.0,
0.0,
1.0
]
],
"at_element": 9,
"to_element": 16
},
{
"pose": [
[
0.7637804623589977,
-0.3285788034995987,
-0.5555856146530865,
-439.0090841345799
],
[
-0.3686452506523081,
0.4844970691517302,
-0.7933241891905735,
757.1839329803831
],
[
0.5298491148338108,
0.8107395141931567,
0.24892038011314266,
64.96237003775627
],
[
0.0,
0.0,
0.0,
1.0
]
],
"at_element": 16,
"to_element": 9
},
{
"pose": [
[
-0.35437011847599753,
0.03982335613347074,
-0.9342568808617759,
-439.0762299757146
],
[
0.21714996435350473,
0.9752854563124651,
-0.04079426046220688,
757.1630269004795
],
[
0.9095425840017495,
-0.21733011528928406,
-0.3542596630661856,
64.90320755501878
],
[
0.0,
0.0,
0.0,
1.0
]
],
"at_element": 9,
"to_element": 53
},
{
"pose": [
[
0.9975074726469126,
-0.03982335491169968,
0.0582489692367653,
-439.0776648432419
],
[
-0.02612450659732241,
-0.9752854553648309,
-0.21939870261435224,
757.1278865804386
],
[
0.06554656488798848,
0.21733011976574096,
-0.9738948951883839,
64.91103813397606
],
[
0.0,
0.0,
0.0,
1.0
]
],
"at_element": 53,
"to_element": 9
},
{
"pose": [
[
0.7098823636514593,
0.1827895719103449,
-0.6801874757575666,
-439.02718222391354
],
[
0.6841176738129364,
-0.4085925204285181,
0.6041813971206396,
757.1339850639711
],
[
-0.1674814561478199,
-0.8942259919342002,
-0.4151022009046714,
64.94123470024043
],
[
0.0,
0.0,
0.0,
1.0
]
],
"at_element": 12,
"to_element": 16
},
{
"pose": [
[
0.8111181149628857,
-0.182789570830116,
-0.555585615701844,
-439.0337626432781
],
[
-0.4513190480131937,
0.40859252293671855,
-0.7933241878958889,
757.1486943830324
],
[
0.37201951626160634,
0.8942259910089557,
0.24892038189857257,
64.9734268104542
],
[
0.0,
0.0,
0.0,
1.0
]
],
"at_element": 16,
"to_element": 12
},
{
"pose": [
[
0.6053905983299602,
0.41333669432021647,
-0.6801874745848594,
-439.0610380007279
],
[
0.782302331074075,
-0.1515516492081066,
0.6041813969482771,
757.1640577001928
],
[
0.1466468078403389,
-0.8978779843334722,
-0.4151022030771456,
64.92057332674064
],
[
0.0,
0.0,
0.0,
1.0
]
],
"at_element": 12,
"to_element": 44
},
{
"pose": [
[
0.5986132265007937,
-0.4133366947788363,
-0.6861595891683047,
-439.07591821736236
],
[
-0.697807882456226,
0.1515516512388153,
-0.7000687510443147,
757.1695135947108
],
[
0.39335272242640873,
0.8978779837795867,
-0.19770878079548493,
64.95289714187945
],
[
0.0,
0.0,
0.0,
1.0
]
],
"at_element": 44,
"to_element": 12
},
{
"pose": [
[
-0.22217976841309284,
0.6985564766408354,
-0.6801874737534105,
-439.0535909582638
],
[
0.3697179379837257,
0.7058848945139702,
0.6041813982820583,
757.1574428113903
],
[
0.9021888919959978,
-0.11724062708866417,
-0.4151022024982405,
64.92511807922594
],
[
0.0,
0.0,
0.0,
1.0
]
],
"at_element": 12,
"to_element": 53
},
{
"pose": [
[
0.7131801337087806,
-0.6985564792981773,
0.05824896663169919,
-439.0787596155566
],
[
-0.673491442349496,
-0.7058848924681929,
-0.21939871391410468,
757.1320101148988
],
[
0.19437945870158535,
0.11724062357264495,
-0.9738948927985893,
64.92934220327753
],
[
0.0,
0.0,
0.0,
1.0
]
],
"at_element": 53,
"to_element": 12
},
{
"pose": [
[
-0.41893674628447997,
0.7182037513515749,
-0.5555856137060238,
-438.9957499849955
],
[
0.008497891637307131,
-0.6087401057637427,
-0.793324189390736,
757.2029728962048
],
[
-0.9079756541065924,
-0.33707396099264797,
0.24892038158903906,
64.95639590605822
],
[
0.0,
0.0,
0.0,
1.0
]
],
"at_element": 16,
"to_element": 44
},
{
"pose": [
[
0.11562169252360843,
-0.7182037566407702,
-0.6861595938009332,
-439.0216266977985
],
[
-0.3732817251361351,
0.6087400943355885,
-0.7000687475010505,
757.224905659335
],
[
0.9204848602217025,
0.3370739703616763,
-0.197708777264058,
64.96854060197957
],
[
0.0,
0.0,
0.0,
1.0
]
],
"at_element": 44,
"to_element": 16
},
{
"pose": [
[
0.0022963512695650667,
0.8314561603863972,
-0.5555856190780646,
-439.05155051832054
],
[
-0.30084061959145614,
-0.5292746548445497,
-0.7933241842670696,
757.123294964696
],
[
-0.9536716669665066,
0.16896447287726601,
0.2489203859281761,
64.98139635567786
],
[
0.0,
0.0,
0.0,
1.0
]
],
"at_element": 16,
"to_element": 53
},
{
"pose": [
[
-0.5525284732029914,
-0.831456158723316,
0.058248969270189466,
-439.0815088666318
],
[
-0.8195929140445417,
0.5292746565291159,
-0.21939870830058017,
757.1423653562554
],
[
0.15159070402880315,
-0.16896447578427354,
-0.9738948939053937,
64.97530836586182
],
[
0.0,
0.0,
0.0,
1.0
]
],
"at_element": 53,
"to_element": 16
},
{
"pose": [
[
0.5374491123255359,
0.0819887977858969,
0.8393010715459124,
-439.1779277943297
],
[
0.7881915231332377,
0.3050312418616741,
-0.5345185350848292,
757.2081200955807
],
[
-0.2998375802353672,
0.9488065021520184,
0.09931589476338354,
65.35561144677823
],
[
0.0,
0.0,
0.0,
1.0
]
],
"at_element": 3,
"to_element": 45
},
{
"pose": [
[
-0.667063471763147,
-0.08198879766888639,
-0.740475632074485,
-439.18087964760485
],
[
0.724118423180703,
-0.3050312429098416,
-0.6185535143050843,
757.1971380163197
],
[
-0.17515374346439244,
-0.9488065018251551,
0.26284479877814204,
65.32145144361598
],
[
0.0,
0.0,
0.0,
1.0
]
],
"at_element": 45,
"to_element": 3
},
{
"pose": [
[
0.2756766222362993,
-0.46858949151028817,
0.8393010713674292,
-439.2979465546352
],
[
0.5758731905527152,
-0.6185951856014535,
-0.5345185354628399,
757.2845554227526
],
[
0.7696573707533898,
0.6306852501817628,
0.09931589423725884,
65.34140942689395
],
[
0.0,
0.0,
0.0,
1.0
]
],
"at_element": 3,
"to_element": 52
},
{
"pose": [
[
-0.6257208724312153,
0.46858949151827733,
-0.6236162908732916,
-439.2810640051739
],
[
0.7363710470503091,
0.618595185598646,
-0.2740395544811157,
757.306842443709
],
[
0.25735397970490187,
-0.630685250178581,
-0.7321236537206202,
65.31868681974295
],
[
0.0,
0.0,
0.0,
1.0
]
],
"at_element": 52,
"to_element": 3
},
{
"pose": [
[
0.4527567938234901,
0.02680348374833602,
-0.8912310917520923,
-439.1575903246377
],
[
0.8149587769841455,
-0.41795751228069067,
0.4014395468120226,
757.2007267737952
],
[
-0.36173675160699287,
-0.9080710826730962,
-0.2110768375491059,
65.28080916015351
],
[
0.0,
0.0,
0.0,
1.0
]
],
"at_element": 6,
"to_element": 45
},
{
"pose": [
[
0.6715485175736311,
-0.026803483746511314,
-0.7404756321471416,
-439.1585560640526
],
[
-0.6653593526752443,
0.417957512277522,
-0.6185535140457655,
757.2157859372679
],
[
0.326066742174418,
0.9080710826746085,
0.2628447991837124,
65.31352729651228
],
[
0.0,
0.0,
0.0,
1.0
]
],
"at_element": 45,
"to_element": 6
},
{
"pose": [
[
0.4233478611764654,
0.16273822376713715,
-0.89123109178396,
-439.2789625362805
],
[
0.9032925225537123,
-0.15135689274744335,
0.40143954677683436,
757.2553967758722
],
[
-0.06956440997998514,
-0.9749909545954547,
-0.21107683748147354,
65.25206368343339
],
[
0.0,
0.0,
0.0,
1.0
]
],
"at_element": 6,
"to_element": 47
},
{
"pose": [
[
-0.7737000803449041,
-0.1627382237194806,
0.6122944195523237,
-439.28482515765194
],
[
0.5936460483011883,
0.1513568927059068,
0.7903641315031925,
757.2608493864105
],
[
-0.221297435617026,
0.9749909546098573,
-0.020495936628690536,
65.28718759394745
],
[
0.0,
0.0,
0.0,
1.0
]
],
"at_element": 47,
"to_element": 6
},
{
"pose": [
[
0.0636035740018841,
-0.6690668304224219,
-0.7404756321464476,
-439.1255784687656
],
[
0.3248398000184064,
0.7154513642340248,
-0.6185535140468241,
757.2433336465564
],
[
0.9436279402911874,
-0.20119374206015234,
0.26284479918317616,
65.30182132127898
],
[
0.0,
0.0,
0.0,
1.0
]
],
"at_element": 45,
"to_element": 53
},
{
"pose": [
[
0.7409160775859007,
0.6690668304231332,
0.05824896910904007,
-439.1014712905351
],
[
0.6633200979473867,
-0.7154513642338107,
-0.2193987080067883,
757.2175551850207
],
[
-0.10511809375075654,
0.20119374205854668,
-0.9738948939812169,
65.3090705424003
],
[
0.0,
0.0,
0.0,
1.0
]
],
"at_element": 53,
"to_element": 45
},
{
"pose": [
[
0.3279983655606662,
0.7193834971707245,
0.6122944195303023,
-439.2701287715533
],
[
-0.2303417955093444,
-0.5676858258294413,
0.7903641315203244,
757.2798198294913
],
[
0.9161657761732115,
-0.40027513931140335,
-0.020495936625917865,
65.28669564728101
],
[
0.0,
0.0,
0.0,
1.0
]
],
"at_element": 47,
"to_element": 52
},
{
"pose": [
[
-0.3059250001047351,
-0.7193834972040472,
-0.6236162908883897,
-439.29603539183154
],
[
-0.7762957721181145,
0.5676858257814941,
-0.27403955444118555,
757.300263474895
],
[
0.5511576621099069,
0.40027513931951586,
-0.7321236537227054,
65.30111045674285
],
[
0.0,
0.0,
0.0,
1.0
]
],
"at_element": 52,
"to_element": 47
},
{
"pose": [
[
-0.5648499662940818,
-0.6564636437588249,
-0.500000000000461,
-439.5669958095014
],
[
0.32611628009148785,
0.3790094614383015,
-0.8660254037841724,
757.8690204372234
],
[
0.758018922875191,
-0.6522325601832026,
-6.308287225920139e-13,
64.81649152302866
],
[
0.0,
0.0,
0.0,
1.0
]
],
"at_element": 1,
"to_element": 4
},
{
"pose": [
[
0.08772532428491897,
0.6564636437588725,
0.7492394489760468,
-439.5433528244756
],
[
0.8971092609512072,
-0.37900946143923386,
0.22703920818907228,
757.8553701534543
],
[
0.4330118259293673,
0.6522325601826134,
-0.6221683422056681,
64.8399821226991
],
[
0.0,
0.0,
0.0,
1.0
]
],
"at_element": 4,
"to_element": 1
},
{
"pose": [
[
-0.6612258184777675,
0.03769171098082952,
0.7492394489759225,
-439.3645397764264
],
[
0.30988846216827043,
0.9232672088620137,
0.22703920818909482,
757.9095551978996
],
[
-0.6831907186089333,
0.3823048469003294,
-0.6221683422058093,
64.69149579056376
],
[
0.0,
0.0,
0.0,
1.0
]
],
"at_element": 4,
"to_element": 46
},
{
"pose": [
[
0.5970503881329525,
-0.0376917109810159,
-0.8013177702719528,
-439.36589726752584
],
[
0.28597687744752076,
-0.9232672088620244,
0.25650513953036563,
757.8763031383402
],
[
-0.7494985387548506,
-0.3823048469002848,
-0.540458087589494,
64.67772683676905
],
[
0.0,
0.0,
0.0,
1.0
]
],
"at_element": 46,
"to_element": 4
},
{
"pose": [
[
-0.15837539791473154,
0.4249992635535622,
-0.8912310919813563,
-439.0653985441666
],
[
0.16063943222826513,
0.9016880078084325,
0.40143954636762036,
757.1592005894931
],
[
0.9742238993931177,
-0.07958870870538065,
-0.21107683742627703,
65.30264361998121
],
[
0.0,
0.0,
0.0,
1.0
]
],
"at_element": 6,
"to_element": 7
},
{
"pose": [
[
0.9020046568163822,
-0.4249992629558985,
-0.07591591116823582,
-439.0806992821246
],
[
-0.42923577540154734,
-0.9016880080409404,
-0.052109358762062595,
757.1267381992424
],
[
-0.04630602765291844,
0.0795887092627087,
-0.9957516704283769,
65.30550895664123
],
[
0.0,
0.0,
0.0,
1.0
]
],
"at_element": 7,
"to_element": 6
},
{
"pose": [
[
-0.4492287133930908,
-0.06245561749467016,
-0.8912310917526092,
-439.0367031428374
],
[
-0.8454053584828451,
0.3523294908261887,
0.4014395468095422,
757.1462752449762
],
[
0.2889348419828945,
0.9337897117325282,
-0.21107683755164053,
65.30943976367604
],
[
0.0,
0.0,
0.0,
1.0
]
],
"at_element": 6,
"to_element": 21
},
{
"pose": [
[
0.9969185472758809,
0.0624556174947673,
0.047462679451276205,
-439.03445376668964
],
[
-0.022470664497448414,
-0.35232949082606213,
0.9356062201221683,
757.1335858891648
],
[
0.07515636589398393,
-0.9337897117325696,
-0.34984038493006264,
65.27580877276066
],
[
0.0,
0.0,
0.0,
1.0
]
],
"at_element": 21,
"to_element": 6
},
{
"pose": [
[
0.17578213789098807,
0.45213892780178844,
-0.8744547043527886,
-438.8930198838123
],
[
-0.9108238988069575,
-0.2623219081293151,
-0.3187272217390421,
757.1132715626829
],
[
-0.37349761091681305,
0.852500795590036,
0.36570743519620796,
65.38576328794035
],
[
0.0,
0.0,
0.0,
1.0
]
],
"at_element": 8,
"to_element": 11
},
{
"pose": [
[
0.7616925940042617,
-0.45213892659307114,
-0.4641064353123369,
-438.90929691057784
],
[
0.610872880056939,
0.26232190708475245,
0.7470083945139835,
757.1227151661174
],
[
-0.21600628845012743,
-0.8525007965525216,
0.47600806214529234,
65.35507321143535
],
[
0.0,
0.0,
0.0,
1.0
]
],
"at_element": 11,
"to_element": 8
},
{
"pose": [
[
-0.20250512529331188,
0.4408181516146927,
-0.8744547051945836,
-438.84671186105476
],
[
-0.4452055504928177,
-0.8367825153345161,
-0.31872721854405206,
757.1301502270055
],
[
-0.8722291511067074,
0.32476819308153715,
0.3657074359679142,
65.36639671790903
],
[
0.0,
0.0,
0.0,
1.0
]
],
"at_element": 8,
"to_element": 13
},
{
"pose": [
[
-0.5266668376121355,
-0.44081814728911356,
-0.7268434516319354,
-438.8625950806817
],
[
0.05186257413234863,
0.8367825184384332,
-0.5450736557935998,
757.1603005293069
],
[
0.8484882530500931,
-0.32476819095537435,
-0.41784363891242204,
65.35469492072414
],
[
0.0,
0.0,
0.0,
1.0
]
],
"at_element": 13,
"to_element": 8
},
{
"pose": [
[
0.45758880858865403,
-0.161063502705651,
-0.8744547045734289,
-438.8257248705297
],
[
-0.2916496329212702,
0.90186110419129,
-0.31872721936438936,
757.1377997086097
],
[
0.8399720077903218,
0.40088040216884385,
0.36570743673822315,
65.35761970698205
],
[
0.0,
0.0,
0.0,
1.0
]
],
"at_element": 8,
"to_element": 17
},
{
"pose": [
[
0.5198610190799923,
0.16106350101520525,
-0.838929716652019,
-438.81992155077677
],
[
0.4227917156813663,
-0.9018611049967986,
0.08884656687323472,
757.1053045230536
],
[
-0.7422881421606563,
-0.40088040103586814,
-0.5369387470401099,
65.34317548390034
],
[
0.0,
0.0,
0.0,
1.0
]
],
"at_element": 17,
"to_element": 8
},
{
"pose": [
[
-0.884089799032143,
-0.05468494689129244,
-0.46410643588599504,
-438.90511318601335
],
[
-0.35747386294046657,
-0.5605273378727158,
0.7470083940704728,
757.1159811992196
],
[
-0.30099445935386454,
0.8263284214407869,
0.476008062281987,
65.35078219872192
],
[
0.0,
0.0,
0.0,
1.0
]
],
"at_element": 11,
"to_element": 13
},
{
"pose": [
[
-0.6846226335552421,
0.05468494567727994,
-0.7268434538056715,
-438.903804350878
],
[
0.6234611604005693,
0.5605273386096847,
-0.545073650200704,
757.1293969182735
],
[
0.37760830379622223,
-0.8263284210212164,
-0.4178436424270724,
65.33100476924928
],
[
0.0,
0.0,
0.0,
1.0
]
],
"at_element": 13,
"to_element": 11
},
{
"pose": [
[
-0.7614513172633168,
-0.4525451446252279,
-0.4641064355447913,
-438.8870031224592
],
[
-0.06190819088551011,
-0.6619258515947177,
0.7470083954627896,
757.0868319168976
],
[
-0.6452590699395424,
0.5975425165347984,
0.4760080604296708,
65.33220771759773
],
[
0.0,
0.0,
0.0,
1.0
]
],
"at_element": 11,
"to_element": 17
},
{
"pose": [
[
-0.30232403562214594,
0.4525451446254787,
-0.8389297166992264,
-438.87069736497267
],
[
0.7442851969543989,
0.6619258515937381,
0.08884656766840537,
757.1106819184683
],
[
0.5955163499684049,
-0.5975425165356933,
-0.5369387468347759,
65.31067752668035
],
[
0.0,
0.0,
0.0,
1.0
]
],
"at_element": 17,
"to_element": 11
},
{
"pose": [
[
0.43298680762098873,
-0.5331238358824086,
-0.7268434494719009,
-438.9212487829897
],
[
-0.8359247040747406,
0.0642230621968699,
-0.5450736531879106,
757.1163150087392
],
[
0.3372718688887981,
0.8435960964206057,
-0.4178436460689261,
65.32097641307716
],
[
0.0,
0.0,
0.0,
1.0
]
],
"at_element": 13,
"to_element": 17
},
{
"pose": [
[
0.10943446474743634,
0.5331238387613748,
-0.8389297172408292,
-438.90205630313886
],
[
0.9939726789545584,
-0.06422305423375185,
0.08884656885207565,
757.1140029761998
],
[
-0.0065124048814685365,
-0.8435960952074305,
-0.536938745792698,
65.29060691930309
],
[
0.0,
0.0,
0.0,
1.0
]
],
"at_element": 17,
"to_element": 13
},
{
"pose": [
[
0.20965818661453195,
0.4374613305160653,
-0.8744547038518462,
-438.3092667148756
],
[
-0.9281357171088951,
-0.19229417490726508,
-0.3187272202424689,
757.326041903522
],
[
-0.307583379609925,
0.8784364146595063,
0.3657074376983447,
65.14163071751307
],
[
0.0,
0.0,
0.0,
1.0
]
],
"at_element": 8,
"to_element": 10
},
{
"pose": [
[
0.7558783135359959,
-0.43746133182264113,
0.48710939047193474,
-438.3250173556312
],
[
-0.4505277761933524,
0.19229417220494527,
0.8718071313164898,
757.3329653873435
],
[
-0.47505020577224394,
-0.8784364146003828,
-0.05173748640756237,
65.11000292463866
],
[
0.0,
0.0,
0.0,
1.0
]
],
"at_element": 10,
"to_element": 8
},
{
"pose": [
[
0.38979929689173953,
-0.28876543849155734,
-0.8744547041874062,
-438.37401574639716
],
[
-0.012910758260844063,
0.947758550858699,
-0.31872722129643877,
757.3024417344113
],
[
0.9208093290490902,
0.13552952005743124,
0.3657074359774036,
65.16870953839008
],
[
0.0,
0.0,
0.0,
1.0
]
],
"at_element": 8,
"to_element": 31
},
{
"pose": [
[
0.867448103743828,
0.2887654384914234,
-0.4051522045405813,
-438.3636112513215
],
[
0.31890527477211655,
-0.9477585508587809,
0.007290747326908015,
757.2682930868903
],
[
-0.38188115040383686,
-0.13552952005714458,
-0.9142201792562461,
65.16382628009086
],
[
0.0,
0.0,
0.0,
1.0
]
],
"at_element": 31,
"to_element": 8
},
{
"pose": [
[
-0.052006341888957586,
-0.3527880680356691,
-0.9342568808710958,
-438.42174177328724
],
[
-0.9672267467124972,
0.2506157393997467,
-0.04079425951132126,
757.1916050807677
],
[
0.24853120698875547,
0.9015166832714625,
-0.3542596631511046,
65.15138209338795
],
[
0.0,
0.0,
0.0,
1.0
]
],
"at_element": 9,
"to_element": 10
},
{
"pose": [
[
0.7989149024932753,
0.352788068035813,
0.4871093897942421,
-438.40904136274355
],
[
-0.4208848731300866,
-0.250615739398939,
0.8718071316155851,
757.1825828856668
],
[
0.42964043355395587,
-0.9015166832716308,
-0.051737487748122035,
65.11892739033269
],
[
0.0,
0.0,
0.0,
1.0
]
],
"at_element": 10,
"to_element": 9
},
{
"pose": [
[
0.2650847272684095,
0.23852498361753405,
-0.9342568809269152,
-438.3961353266699
],
[
0.5850456106058445,
-0.8099737415081227,
-0.04079425913247173,
757.1927231844177
],
[
-0.7664539913653445,
-0.5357689523083508,
-0.3542596630475232,
65.16109176889468
],
[
0.0,
0.0,
0.0,
1.0
]
],
"at_element": 9,
"to_element": 15
},
{
"pose": [
[
0.9705620724536973,
-0.23852498296055746,
0.03339305344004564,
-438.4047222514889
],
[
0.21779375016158847,
0.8099737374688185,
-0.5445258735830146,
757.2218823254236
],
[
0.10283552841764143,
0.5357689587074445,
0.8380790398170122,
65.18037950828524
],
[
0.0,
0.0,
0.0,
1.0
]
],
"at_element": 15,
"to_element": 9
},
{
"pose": [
[
