{
"contact_id_pairs": [
[
0,
24
],
[
0,
45
],
[
0,
48
],
[
45,
48
],
[
0,
44
],
[
1,
44
],
[
23,
41
],
[
23,
44
],
[
41,
44
],
[
1,
40
],
[
2,
21
],
[
2,
36
],
[
3,
33
],
[
21,
36
],
[
3,
20
],
[
3,
29
],
[
3,
32
],
[
4,
29
],
[
4,
32
],
[
5,
47
],
[
46,
47
],
[
5,
42
],
[
6,
42
],
[
24,
42
],
[
24,
43
],
[
42,
43
],
[
6,
23
],
[
7,
23
],
[
7,
39
],
[
23,
39
],
[
7,
22
],
[
7,
34
],
[
8,
22
],
[
22,
35
],
[
34,
35
],
[
9,
21
],
[
9,
31
],
[
21,
30
],
[
21,
31
],
[
30,
31
],
[
10,
45
],
[
10,
41
],
[
10,
42
],
[
11,
41
],
[
11,
42
],
[
12,
37
],
[
12,
38
],
[
12,
33
],
[
12,
34
],
[
13,
33
],
[
33,
34
],
[
13,
29
],
[
14,
29
],
[
14,
30
],
[
15,
48
],
[
15,
43
],
[
15,
44
],
[
16,
43
],
[
16,
44
],
[
16,
40
],
[
17,
35
],
[
18,
32
],
[
19,
31
],
[
31,
32
],
[
9,
26
],
[
9,
27
],
[
20,
26
],
[
26,
27
],
[
4,
25
],
[
25,
28
],
[
14,
25
],
[
25,
26
],
[
19,
28
],
[
27,
28
],
[
35,
36
],
[
1,
37
],
[
1,
40
],
[
2,
22
],
[
2,
37
],
[
2,
40
],
[
22,
37
],
[
37,
40
],
[
16,
39
],
[
16,
40
],
[
17,
39
],
[
17,
40
]
],
"contact_t_bound_pairs": [
[
[
0.6,
0.9
],
[
0.1,
0.4
]
],
[
[
0.6,
0.9
],
[
0.6,
0.9
]
],
[
[
0.6,
0.9
],
[
0.1,
0.4
]
],
[
[
0.6,
0.9
],
[
0.1,
0.4
]
],
[
[
0.1,
0.4
],
[
0.1,
0.4
]
],
[
[
0.6,
0.9
],
[
0.1,
0.4
]
],
[
[
0.1,
0.4
],
[
0.6,
0.9
]
],
[
[
0.1,
0.4
],
[
0.1,
0.4
]
],
[
[
0.6,
0.9
],
[
0.1,
0.4
]
],
[
[
0.1,
0.4
],
[
0.1,
0.4
]
],
[
[
0.1,
0.4
],
[
0.1,
0.4
]
],
[
[
0.1,
0.4
],
[
0.1,
0.4
]
],
[
[
0.6,
0.9
],
[
0.6,
0.9
]
],
[
[
0.1,
0.4
],
[
0.1,
0.4
]
],
[
[
0.1,
0.4
],
[
0.1,
0.4
]
],
[
[
0.1,
0.4
],
[
0.6,
0.9
]
],
[
[
0.1,
0.4
],
[
0.1,
0.4
]
],
[
[
0.6,
0.9
],
[
0.6,
0.9
]
],
[
[
0.6,
0.9
],
[
0.1,
0.4
]
],
[
[
0.6,
0.9
],
[
0.6,
0.9
]
],
[
[
0.1,
0.4
],
[
0.6,
0.9
]
],
[
[
0.1,
0.4
],
[
0.1,
0.4
]
],
[
[
0.6,
0.9
],
[
0.1,
0.4
]
],
[
[
0.6,
0.9
],
[
0.1,
0.4
]
],
[
[
0.6,
0.9
],
[
0.6,
0.9
]
],
[
[
0.1,
0.4
],
[
0.6,
0.9
]
],
[
[
0.1,
0.4
],
[
0.6,
0.9
]
],
[
[
0.6,
0.9
],
[
0.6,
0.9
]
],
[
[
0.6,
0.9
],
[
0.6,
0.9
]
],
[
[
0.6,
0.9
],
[
0.6,
0.9
]
],
[
[
0.1,
0.4
],
[
0.6,
0.9
]
],
[
[
0.1,
0.4
],
[
0.1,
0.4
]
],
[
[
0.6,
0.9
],
[
0.6,
0.9
]
],
[
[
0.6,
0.9
],
[
0.6,
0.9
]
],
[
[
0.1,
0.4
],
[
0.6,
0.9
]
],
[
[
0.6,
0.9
],
[
0.6,
0.9
]
],
[
[
0.6,
0.9
],
[
0.6,
0.9
]
],
[
[
0.6,
0.9
],
[
0.1,
0.4
]
],
[
[
0.6,
0.9
],
[
0.6,
0.9
]
],
[
[
0.1,
0.4
],
[
0.6,
0.9
]
],
[
[
0.6,
0.9
],
[
0.1,
0.4
]
],
[
[
0.1,
0.4
],
[
0.1,
0.4
]
],
[
[
0.1,
0.4
],
[
0.6,
0.9
]
],
[
[
0.6,
0.9
],
[
0.1,
0.4
]
],
[
[
0.6,
0.9
],
[
0.6,
0.9
]
],
[
[
0.6,
0.9
],
[
0.1,
0.4
]
],
[
[
0.6,
0.9
],
[
0.6,
0.9
]
],
[
[
0.1,
0.4
],
[
0.1,
0.4
]
],
[
[
0.1,
0.4
],
[
0.6,
0.9
]
],
[
[
0.6,
0.9
],
[
0.1,
0.4
]
],
[
[
0.1,
0.4
],
[
0.6,
0.9
]
],
[
[
0.1,
0.4
],
[
0.1,
0.4
]
],
[
[
0.6,
0.9
],
[
0.1,
0.4
]
],
[
[
0.6,
0.9
],
[
0.6,
0.9
]
],
[
[
0.6,
0.9
],
[
0.6,
0.9
]
],
[
[
0.1,
0.4
],
[
0.1,
0.4
]
],
[
[
0.1,
0.4
],
[
0.6,
0.9
]
],
[
[
0.6,
0.9
],
[
0.1,
0.4
]
],
[
[
0.6,
0.9
],
[
0.6,
0.9
]
],
[
[
0.1,
0.4
],
[
0.6,
0.9
]
],
[
[
0.1,
0.4
],
[
0.1,
0.4
]
],
[
[
0.1,
0.4
],
[
0.6,
0.9
]
],
[
[
0.6,
0.9
],
[
0.1,
0.4
]
],
[
[
0.1,
0.4
],
[
0.6,
0.9
]
],
[
[
0.1,
0.4
],
[
0.1,
0.4
]
],
[
[
0.1,
0.4
],
[
0.6,
0.9
]
],
[
[
0.6,
0.9
],
[
0.1,
0.4
]
],
[
[
0.1,
0.4
],
[
0.6,
0.9
]
],
[
[
0.1,
0.4
],
[
0.6,
0.9
]
],
[
[
0.6,
0.9
],
[
0.1,
0.4
]
],
[
[
0.1,
0.4
],
[
0.1,
0.4
]
],
[
[
0.1,
0.4
],
[
0.6,
0.9
]
],
[
[
0.1,
0.4
],
[
0.6,
0.9
]
],
[
[
0.1,
0.4
],
[
0.6,
0.9
]
],
[
[
0.1,
0.4
],
[
0.6,
0.9
]
],
[
[
0.1,
0.4
],
[
0.6,
0.9
]
],
[
[
0.1,
0.4
],
[
0.1,
0.4
]
],
[
[
0.6,
0.9
],
[
0.1,
0.4
]
],
[
[
0.6,
0.9
],
[
0.6,
0.9
]
],
[
[
0.6,
0.9
],
[
0.1,
0.4
]
],
[
[
0.1,
0.4
],
[
0.6,
0.9
]
],
[
[
0.6,
0.9
],
[
0.1,
0.4
]
],
[
[
0.1,
0.4
],
[
0.1,
0.4
]
],
[
[
0.1,
0.4
],
[
0.6,
0.9
]
],
[
[
0.6,
0.9
],
[
0.1,
0.4
]
],
[
[
0.6,
0.9
],
[
0.6,
0.9
]
]
],
"line_pt_pairs": [
[
[
285.0224972903134,
221.54230229541812,
16.524006382254395
],
[
284.9096780704072,
222.49075977430692,
16.539326598775926
]
],
[
[
285.1394251106417,
220.85363672836482,
16.689647691992224
],
[
285.1026594840393,
221.80003311114518,
16.548192451295108
]
],
[
[
284.91629832030907,
220.28393914026506,
16.545206094885312
],
[
285.2354031115495,
221.18817272570394,
16.595702097139675
]
],
[
[
285.0349792179582,
219.53498921398892,
16.41346469221096
],
[
285.34892135941703,
220.4272139535074,
16.460101581932303
]
],
[
[
285.29504124008696,
218.98398390758635,
16.46754490936019
],
[
285.04386694190816,
219.8706121908955,
16.500213226433374
]
],
[
[
284.88723564919184,
221.59747236462584,
15.040868787000173
],
[
285.05551033696315,
222.44947095650224,
14.80451068236837
]
],
[
[
284.9777675735448,
220.96358442357723,
14.997917872741343
],
[
284.8588110756797,
221.83574772213876,
14.925243017884418
]
],
[
[
284.9732232320414,
220.24412591749885,
15.031362997362201
],
[
284.95680869123777,
221.21314415838557,
14.930490240596674
]
],
[
[
284.8178865112206,
219.85866629376034,
14.734995716867541
],
[
285.1171473079126,
220.46723173163548,
14.96899545481124
]
],
[
[
285.05551033696315,
218.94947095650224,
14.80451068236837
],
[
285.2421293225471,
219.86833980123714,
14.993488977849694
]
],
[
[
285.34062070091505,
221.61914650698563,
15.71157734894306
],
[
285.12988281425254,
222.53267625837256,
15.90464745775916
]
],
[
[
285.47248122157134,
221.04014272422134,
15.736232340302337
],
[
285.25357954132613,
221.91961127961466,
15.921241684002528
]
],
[
[
285.4795099338557,
220.280365561149,
15.61405241376681
],
[
285.3973244305947,
221.20763434022982,
15.870521102664581
]
],
[
[
285.6736489341247,
219.6781877776003,
15.653911022183179
],
[
285.4339517938239,
220.55723543599106,
15.909139621468183
]
],
[
[
285.66017777984166,
219.06203535023704,
15.730363742483753
],
[
285.5889154885495,
219.89708515905588,
15.753161064093865
]
],
[
[
284.5858782721168,
221.50095874778503,
15.728533308332148
],
[
285.0100521878616,
222.34140924124907,
15.669361283203294
]
],
[
[
284.83014645539674,
220.8452442557505,
15.713892497513891
],
[
284.60465417991765,
221.79073111430478,
15.811515999852803
]
],
[
[
284.8162172240079,
220.26521463122253,
15.632978972269164
],
[
284.7348820158992,
221.191661096419,
15.84866073755043
]
],
[
[
284.80524671544606,
219.53315519699416,
15.892564649238631
],
[
284.55324625875676,
220.41082737500383,
15.79750692833342
]
],
[
[
284.71839279012437,
218.98407435016196,
15.747487383419095
],
[
284.65366188844905,
219.88909466066877,
15.583680188885438
]
],
[
[
285.1234045933621,
219.85864588614112,
16.75971737994816
],
[
285.1916239223717,
218.9046328114331,
14.644460611793155
]
],
[
[
284.8955843049384,
220.55622718261458,
16.80300702082438
],
[
285.2421338065363,
219.62284755742866,
14.614108690257275
]
],
[
[
285.2749332009204,
221.21028134408851,
16.919527626100507
],
[
284.94623161849904,
220.14910833302812,
14.58253633676379
]
],
[
[
284.9273800667248,
221.774816722076,
16.741238850993597
],
[
284.9221103209646,
220.93544170866272,
14.567061725679578
]
],
[
[
284.93784908215525,
222.43261923784922,
16.935274666011306
],
[
285.1229922599326,
221.56281997556732,
14.765412269608094
]
],
[
[
285.7681179575666,
219.18854728514862,
15.440465881050807
],
[
285.1327592462057,
219.13208805520762,
16.613908732845392
]
],
[
[
284.90649508940595,
219.08633951296426,
14.682885903051348
],
[
285.80618236374204,
219.15421869050647,
15.723546942835773
]
],
[
[
284.56102978035176,
219.1576595524277,
15.840928404123217
],
[
285.2250370504588,
219.0387528194907,
14.637711604359968
]
],
[
[
285.5417061726509,
219.09769927104085,
16.390453584110556
],
[
284.5622304159024,
219.18361853104508,
15.542425426478951
]
],
[
[
285.75885622249876,
219.82360616260198,
15.581769284978833
],
[
285.01308280359655,
219.76563844101892,
16.644063997639776
]
],
[
[
285.0655648677198,
219.74489178163176,
14.804468791711338
],
[
285.64221772591725,
219.78486300807916,
15.911273799119533
]
],
[
[
284.5454589015689,
219.81899380561433,
15.823898716116378
],
[
285.2991757187364,
219.69003641288677,
14.772388590993987
]
],
[
[
285.27363467450976,
219.56173993632177,
16.677245372654642
],
[
284.58180343089606,
219.87078341194035,
15.550706880918092
]
],
[
[
285.5454616135713,
220.42543555351418,
15.51621965169625
],
[
285.15247079361353,
220.25428218239344,
16.83493290971827
]
],
[
[
284.89015580810894,
220.3808597177198,
14.823294990950119
],
[
285.59717784279724,
220.4434611349003,
15.928190070531357
]
],
[
[
284.7386340310774,
220.39728110768488,
16.014076823550244
],
[
285.09939927143444,
220.4371630476295,
14.79090703258756
]
],
[
[
285.1025844584466,
220.47766123681643,
16.813266793201755
],
[
284.6573314890854,
220.32213350088128,
15.52332970407993
]
],
[
[
285.4480032790167,
221.12013928712824,
15.599707146841196
],
[
285.01895436102484,
220.9442159187737,
16.907749480547828
]
],
[
[
284.9923734183055,
220.81767887883476,
14.738433282827671
],
[
285.45710584733666,
220.9475632723694,
15.993201899263926
]
],
[
[
284.65045306609284,
221.07532656600065,
15.994015966362703
],
[
285.0769944999443,
221.12236553460633,
14.69578667106775
]
],
[
[
285.23418292462094,
221.05478235436402,
16.808143690679646
],
[
284.6912290023711,
220.91379724279687,
15.54418054938891
]
],
[
[
285.4172329038788,
221.79336584629013,
15.645320134299835
],
[
284.7407642250008,
221.6289133412904,
16.624277959208875
]
],
[
[
284.8553240388529,
221.68022193277056,
14.790667696037588
],
[
285.3814032215663,
221.81972037334177,
16.032963217201115
]
],
[
[
284.5618958239996,
221.699037048113,
15.9574677660955
],
[
285.2725559656251,
221.69522578697297,
14.945295513176672
]
],
[
[
285.134423912971,
221.68850158467836,
16.70703037811941
],
[
284.58743081395824,
221.55264057348782,
15.560605978990306
]
],
[
[
285.21889649141065,
222.43354452273942,
15.59913185833381
],
[
284.79246096413965,
222.25591493575624,
16.82926542241935
]
],
[
[
285.1316547806754,
222.31167062516278,
14.76954824643195
],
[
284.808964910705,
222.3779855218001,
15.631788521506586
]
],
[
[
284.6503753947741,
222.3953776009972,
15.955650931625238
],
[
285.1228870956729,
222.2984998383082,
14.69292152602045
]
],
[
[
284.85424521103874,
222.39298681654586,
16.826392863482102
],
[
285.01207020342036,
222.211493007199,
15.53837230380736
]
]
],
"contact_t_pairs": [
[
0.7659545852942385,
0.18350450767072463
],
[
0.8028689542098711,
0.7519141261863891
],
[
0.8577785258628948,
0.2274936034856552
],
[
0.6732517634294194,
0.31487729426103017
],
[
0.12524527514748088,
0.17175752973470237
],
[
0.8654762296200385,
0.10851683742328762
],
[
0.1583599773382506,
0.7571970322950815
],
[
0.19486098691977596,
0.34975818936820585
],
[
0.6977662559696921,
0.33022190030669235
],
[
0.19453625519532652,
0.12670276925164764
],
[
0.16539298355703633,
0.11864017242954096
],
[
0.19063098134978582,
0.20809395442469295
],
[
0.8494552900435156,
0.704176404606763
],
[
0.16521760373530062,
0.2958963593692489
],
[
0.20947022451137587,
0.15599546254466123
],
[
0.28293777547779253,
0.8135172772229843
],
[
0.12552927683157328,
0.24671661720645643
],
[
0.8811270285317363,
0.880250651647531
],
[
0.7039529345666448,
0.18021710801528767
],
[
0.8409977397849251,
0.8717432847452369
],
[
0.32310952723129027,
0.7279747464190373
],
[
0.13578786963945447,
0.16545471938154716
],
[
0.8349307271443729,
0.10647485684980278
],
[
0.7673004343786861,
0.3946142646662859
],
[
0.8142423228315736,
0.766765281418412
],
[
0.37227478139478387,
0.6933300093855341
],
[
0.1595556801544001,
0.8062884572682221
],
[
0.8643820321808149,
0.8264083589529777
],
[
0.8949151685335855,
0.8023540940444563
],
[
0.7681107534693457,
0.7044251742371566
],
[
0.10485803276233725,
0.8146342116147894
],
[
0.15278610227357442,
0.15686643754339727
],
[
0.6797034434940241,
0.8680626467525153
],
[
0.7612785366202228,
0.7199709368893685
],
[
0.1965985604939432,
0.795802656822573
],
[
0.8851224022448936,
0.8407371530067909
],
[
0.817272539640129,
0.8425104351769388
],
[
0.8296689599239699,
0.17395669511187029
],
[
0.8820344358011668,
0.8908992974755031
],
[
0.15420221934943162,
0.8047082758614225
],
[
0.8551564007737723,
0.21560024026302116
],
[
0.16619082156009082,
0.12160350634634427
],
[
0.1977788009886859,
0.7836518801261232
],
[
0.8174912931259943,
0.22617657106162944
],
[
0.8546031989717814,
0.8768081896152421
],
[
0.8726522813121641,
0.1734933396160219
],
[
0.7058523438957058,
0.8523810886783385
],
[
0.1361998824468517,
0.10849535012883672
],
[
0.16907127708577688,
0.7723560513623003
],
[
0.8077959767124626,
0.25252216948588946
],
[
0.16437705889017137,
0.825577893847643
],
[
0.15494177233994907,
0.12465686340420519
],
[
0.8972794355913628,
0.17865549958885618
],
[
0.8631497208496727,
0.8693844814526471
],
[
0.8881354373040277,
0.8884203261740194
],
[
0.2496242220352336,
0.22158090719054216
],
[
0.1015397659015344,
0.8695359156607525
],
[
0.8973482686350279,
0.1338492123341551
],
[
0.7652053633127801,
0.814982143159786
],
[
0.10503856900264788,
0.8460616721102648
],
[
0.1537302665123314,
0.276114109667795
],
[
0.28358047242797324,
0.7356173855111475
],
[
0.8888422523612723,
0.1918824127096343
],
[
0.13990072918813065,
0.8852955469160084
],
[
0.1606513420102623,
0.1686508938624254
],
[
0.13016700287291422,
0.8263925132342486
],
[
0.8190978604079375,
0.3178829206047882
],
[
0.19862169289677184,
0.788111525487348
],
[
0.18468309354876167,
0.8659140345536732
],
[
0.6657117095792615,
0.2018227557195602
],
[
0.13827177832810097,
0.2350790484075744
],
[
0.12710407967386086,
0.8711472689371592
],
[
0.20800402185656205,
0.8305103563582882
],
[
0.1657338566026126,
0.8845915611351851
],
[
0.10239643738379371,
0.715623315773277
],
[
0.1342647282141888,
0.8099080430098529
],
[
0.19453625519532652,
0.12670276925164764
],
[
0.872228121728011,
0.14103396109668936
],
[
0.766404486714349,
0.7454609836791328
],
[
0.8149491148307041,
0.1655163482124235
],
[
0.21005820765685385,
0.6290186010259199
],
[
0.7279868793264331,
0.2019372350183939
],
[
0.2607645673044998,
0.2048387864768881
],
[
0.10503856900264788,
0.8460616721102648
],
[
0.8819638085488589,
0.14024280254223262
],
[
0.7210042831251152,
0.8182536626671925
]
],
"half_couplers": [
{
"pose": [
[
0.03544789767063061,
-0.992368523818338,
-0.11810232633333495,
284.93608289151695
],
[
0.02035580546388105,
-0.11743511540750151,
0.992871912611664,
222.2687776503296
],
[
-0.9991641945819763,
-0.03759928993797479,
0.01603763266542091,
16.535740972346762
],
[
0.0,
0.0,
0.0,
1.0
]
],
"at_element": 0,
"to_element": 24
},
{
"pose": [
[
-0.09471729387609851,
0.9923685238154802,
0.07895154957993694,
284.97182368984187
],
[
0.9212125638952076,
0.11743511544696772,
-0.37091293558135074,
222.27300715245184
],
[
-0.37735400668656827,
0.037599289890128035,
-0.925305488494125,
16.537095135246116
],
[
0.0,
0.0,
0.0,
1.0
]
],
"at_element": 24,
"to_element": 0
},
{
"pose": [
[
-0.3351789703184218,
0.9347228992393125,
-0.11810232636970613,
284.93191824121254
],
[
-0.05506200389824212,
0.10570497093449349,
0.992871912608292,
222.3037893596061
],
[
0.9405441157027099,
0.3392927360810897,
0.016037632606328955,
16.536306508471306
],
[
0.0,
0.0,
0.0,
1.0
]
],
"at_element": 0,
"to_element": 45
},
{
"pose": [
[
-0.14482335739293606,
-0.9347228992355201,
-0.32452934659007604,
284.89825359454784
],
[
0.9851662476602236,
-0.10570497104666177,
-0.13518107695642623,
222.2999823270581
],
[
0.0920524829893945,
-0.33929273605659194,
0.9361660000420433,
16.524086662265738
],
[
0.0,
0.0,
0.0,
1.0
]
],
"at_element": 45,
"to_element": 0
},
{
"pose": [
[
-0.10210955802550759,
0.9877375555920622,
-0.11810232611110344,
284.9257233861733
],
[
-0.028207835394708558,
0.1158001861532757,
0.9928719126398994,
222.355868753503
],
[
0.9943731473557504,
0.10471312315027459,
0.016037632553930092,
16.537147734998133
],
[
0.0,
0.0,
0.0,
1.0
]
],
"at_element": 0,
"to_element": 48
},
{
"pose": [
[
0.099328220980479,
-0.9877375556278445,
0.12045092660159841,
284.89014938727576
],
[
-0.9835669609367059,
-0.11580018599163044,
-0.1385148016568476,
222.35169813584722
],
[
0.15076451131013974,
-0.10471312299150584,
-0.9830082522556869,
16.533376424998085
],
[
0.0,
0.0,
0.0,
1.0
]
],
"at_element": 48,
"to_element": 0
},
{
"pose": [
[
-0.5444376257887367,
0.7734781023190418,
-0.32452934668294225,
284.93179802068653
],
[
-0.7826471463115783,
-0.6076096780319977,
-0.13518107682732347,
222.31395509006575
],
[
-0.3017467746237999,
0.1803943025563328,
0.9361660000284928,
16.427321449608115
],
[
0.0,
0.0,
0.0,
1.0
]
],
"at_element": 45,
"to_element": 48
},
{
"pose": [
[
-0.622272608699048,
-0.7734781023010622,
0.1204509266200535,
284.90394071760664
],
[
-0.7820640184132988,
0.6076096780288182,
-0.1385148016240848,
222.33583853693358
],
[
0.03395101715892169,
-0.18039430264413475,
-0.9830082522580426,
16.420824434699142
],
[
0.0,
0.0,
0.0,
1.0
]
],
"at_element": 48,
"to_element": 45
},
{
"pose": [
[
-0.4374355756089572,
-0.8914605755274299,
-0.11810232627668155,
285.00836721607436
],
[
-0.037520328967536376,
-0.11312643390468802,
0.9928719126182269,
221.66109211332724
],
[
-0.8984666616551935,
0.43874873473585285,
0.016037632676307423,
16.525925166987953
],
[
0.0,
0.0,
0.0,
1.0
]
],
"at_element": 0,
"to_element": 44
},
{
"pose": [
[
-0.14818246277537206,
0.8914605755315756,
-0.4281822042060339,
285.04047372950265
],
[
0.9878723971915884,
0.11312643388312182,
-0.10635100762960559,
221.665166433009
],
[
-0.04636900465580787,
-0.43874873473299025,
-0.8974126493299672,
16.510123355297402
],
[
0.0,
0.0,
0.0,
1.0
]
],
"at_element": 44,
"to_element": 0
},
{
"pose": [
[
0.4269083958557769,
0.9034795003116358,
-0.03839289080655889,
285.10760533475025
],
[
0.14987763038016017,
-0.028822929617807302,
0.9882843389631727,
221.6727203014596
],
[
0.8917880451427209,
-0.4276611172936863,
-0.1477161172507615,
16.56722154361369
],
[
0.0,
0.0,
0.0,
1.0
]
],
"at_element": 1,
"to_element": 44
},
{
"pose": [
[
0.019616129105398228,
-0.9034795003147408,
-0.4281822041957687,
285.07506595177375
],
[
-0.9939108118489753,
0.028822929618077753,
-0.10635100760191465,
221.67375837741483
],
[
0.10842742074139514,
0.4276611172871084,
-0.8974126493381465,
16.582624027981026
],
[
0.0,
0.0,
0.0,
1.0
]
],
"at_element": 44,
"to_element": 1
},
{
"pose": [
[
0.8015850718396785,
0.5978764587378402,
-0.0022611260197042266,
284.92654554990565
],
[
0.5571025528669782,
-0.7482807566694996,
-0.36015643099522254,
221.64189331397358
],
[
-0.21702100864403234,
0.28743633953489656,
-0.9328891855530892,
16.396936210699526
],
[
0.0,
0.0,
0.0,
1.0
]
],
"at_element": 23,
"to_element": 41
},
{
"pose": [
[
0.5704582546717013,
-0.5978764588530817,
-0.5631350811539054,
284.90501282779184
],
[
0.6491025593107861,
0.7482807565383096,
-0.1369006095334953,
221.66884289755083
],
[
0.5032327962018214,
-0.2874363396367174,
0.8149460739724695,
16.386584094063007
],
[
0.0,
0.0,
0.0,
1.0
]
],
"at_element": 41,
"to_element": 23
},
{
"pose": [
[
0.8851903954496372,
-0.465223442135179,
-0.0022611261819629608,
284.9263531988652
],
[
-0.43472500361961514,
-0.8254099083418096,
-0.36015643051192564,
221.6112552785665
],
[
0.16568685835527414,
0.31978998123621943,
-0.9328891857392807,
16.317576550616504
],
[
0.0,
0.0,
0.0,
1.0
]
],
"at_element": 23,
"to_element": 44
},
{
"pose": [
[
-0.7747432793613931,
0.4652234421281827,
-0.42818220418270564,
284.94310859706343
],
[
0.554425780784976,
0.8254099083411031,
-0.10635100758009626,
221.64098308339862
],
[
0.3039488520875257,
-0.31978998124822067,
-0.897412649346965,
16.30605905603248
],
[
0.0,
0.0,
0.0,
1.0
]
],
"at_element": 44,
"to_element": 23
},
{
"pose": [
[
0.7912902475755981,
-0.23819870816149988,
-0.5631350810613216,
284.94521588653737
],
[
0.19493316131449687,
0.971215365259468,
-0.13690060958174854,
221.67861643759164
],
[
0.5795349917922861,
-0.0014455843491867765,
0.8149460740283399,
16.32840387053885
],
[
0.0,
0.0,
0.0,
1.0
]
],
"at_element": 41,
"to_element": 44
},
{
"pose": [
[
0.8717346933670521,
0.23819870793063888,
-0.4281822041145871,
284.95379481236034
],
[
0.213143560151932,
-0.9712153653164319,
-0.10635100817119608,
221.64363730338542
],
[
-0.4411898085246433,
0.0014455841187101665,
-0.8974126493094159,
16.32845593448104
],
[
0.0,
0.0,
0.0,
1.0
]
],
"at_element": 44,
"to_element": 41
},
{
"pose": [
[
-0.39121585584001806,
-0.9194977651274726,
-0.03839289081256603,
285.13227286332256
],
[
-0.15089099461582978,
0.022934103463136624,
0.9882843389643428,
221.0377451366013
],
[
-0.9078447344580504,
0.39242564496210686,
-0.14771611724137168,
16.662129519189254
],
[
0.0,
0.0,
0.0,
1.0
]
],
"at_element": 1,
"to_element": 40
},
{
"pose": [
[
-0.019046376075639637,
0.9194977651245083,
-0.39263353841644755,
285.16538915909587
],
[
0.9945248738011087,
-0.022934103453923438,
-0.10195245112136289,
221.0369191503052
],
[
-0.10274974914458165,
-0.392425644969591,
-0.9140265872615119,
16.6479960604461
],
[
0.0,
0.0,
0.0,
1.0
]
],
"at_element": 40,
"to_element": 1
},
{
"pose": [
[
-0.2853169312478927,
0.8989737500451834,
0.3323258122279779,
284.9690760137997
],
[
0.047230886596393074,
-0.33312940501196353,
0.9416974263890147,
220.43349303079327
],
[
0.9572687669064543,
0.2843782626117458,
0.052588132304931534,
16.553557779355863
],
[
0.0,
0.0,
0.0,
1.0
]
],
"at_element": 2,
"to_element": 21
},
{
"pose": [
[
-0.4136151353459334,
-0.8989737500304037,
0.1441135544251081,
284.9366989975633
],
[
-0.8592820097773951,
0.33312940508302935,
-0.38814846018237376,
220.44549086294032
],
[
0.3009268141686383,
-0.284378262575219,
-0.9102593346343744,
16.543315745455168
],
[
0.0,
0.0,
0.0,
1.0
]
],
"at_element": 21,
"to_element": 2
},
{
"pose": [
[
-0.24521350456384994,
-0.91073041662536,
0.33232581213759615,
284.9771295798166
],
[
0.14010671455889928,
0.3059020522967556,
0.9416974264253588,
220.45631407602673
],
[
-0.959291637467473,
0.27747800387423727,
0.05258813222527525,
16.554832197349302
],
[
0.0,
0.0,
0.0,
1.0
]
],
"at_element": 2,
"to_element": 36
},
{
"pose": [
[
0.2558795522083249,
0.9107304166291937,
-0.3241847667427983,
285.00993000733285
],
[
0.9453047153105679,
-0.3059020522746607,
-0.11323837523453395,
220.44529685522298
],
[
-0.20229841811856422,
-0.2774780038860129,
-0.9391918373719825,
16.544838683367317
],
[
0.0,
0.0,
0.0,
1.0
]
],
"at_element": 36,
"to_element": 2
},
{
"pose": [
[
-0.23236427083793876,
0.9143879372662561,
0.33151402054802226,
285.301659030788
],
[
0.03094682138048832,
-0.3337201377657881,
0.9421640854416112,
220.29289423888056
],
[
0.9721363792618798,
0.22918457590236063,
0.049247236308831766,
16.45308064489593
],
[
0.0,
0.0,
0.0,
1.0
]
],
"at_element": 3,
"to_element": 33
},
{
"pose": [
[
0.28908631242358274,
-0.9143879372667392,
-0.2834145447051236,
285.26872675093
],
[
0.9345563610616756,
0.3337201378171756,
-0.1234312667618872,
220.30491338800203
],
[
0.20744520232700858,
-0.22918457582560642,
0.9510209872737527,
16.444826412437465
],
[
0.0,
0.0,
0.0,
1.0
]
],
"at_element": 33,
"to_element": 3
},
{
"pose": [
[
0.8541580958042391,
-0.499645104848397,
0.14411355443923665,
284.95284038316805
],
[
-0.41565991422078313,
-0.8225372991728421,
-0.38814846023064153,
220.402016437566
],
[
0.31247525195133075,
0.27163792200368697,
-0.9102593346115555,
16.441362483827884
],
[
0.0,
0.0,
0.0,
1.0
]
],
"at_element": 21,
"to_element": 36
},
{
"pose": [
[
-0.8032801542377852,
0.4996451048497148,
-0.3241847667726502,
284.97083572581425
],
[
0.5573234804517688,
0.8225372991663956,
-0.11323837519665395,
220.43164114597226
],
[
0.21007506264392006,
-0.27163792202078274,
-0.9391918373662456,
16.43157910471524
],
[
0.0,
0.0,
0.0,
1.0
]
],
"at_element": 36,
"to_element": 21
},
{
"pose": [
[
0.18687410208281974,
-0.9247575488599498,
0.3315140205138806,
285.10074074881317
],
[
-0.014410334430847216,
0.3348420199730733,
0.9421640854553645,
219.72188373049048
],
[
-0.9822781745678415,
-0.18084329538827204,
0.04924723627554317,
16.423233731971404
],
[
0.0,
0.0,
0.0,
1.0
]
],
"at_element": 3,
"to_element": 20
},
{
"pose": [
[
0.3794204852264351,
0.924757548859121,
0.029386582288631752,
285.1340464991455
],
[
0.8479360187893358,
-0.3348420199821531,
-0.41095660317600674,
219.7098241752784
],
[
-0.37019535846661733,
0.1808432953756956,
-0.9111811560208161,
16.429746921999094
],
[
0.0,
0.0,
0.0,
1.0
]
],
"at_element": 20,
"to_element": 3
},
{
"pose": [
[
0.5200201102856232,
-0.7871959978889076,
0.33151402052736056,
285.12380530909127
],
[
-0.13892414644417939,
0.30500314362942027,
0.9421640854495185,
219.78743329701453
],
[
-0.8427806158385969,
-0.5359995739586537,
0.049247236296642294,
16.42666003004392
],
[
0.0,
0.0,
0.0,
1.0
]
],
"at_element": 3,
"to_element": 29
},
{
"pose": [
[
-0.22546562965836103,
0.7871959978904777,
-0.574010200909334,
285.15215666132815
],
[
-0.9513056389634045,
-0.3050031436618339,
-0.044616853685883806,
219.77644841957292
],
[
-0.2101971244313005,
0.5359995739379033,
0.8176317175961305,
16.445964387231136
],
[
0.0,
0.0,
0.0,
1.0
]
],
"at_element": 29,
"to_element": 3
},
{
"pose": [
[
-0.5111314984544921,
-0.7929962455801915,
0.33151402049292833,
285.0743881479425
],
[
0.2232337259539765,
0.24998707899061312,
0.9421640854619994,
219.64698954031192
],
[
-0.8300068041193216,
0.5555748507928174,
0.049247236289647334,
16.41931898725136
],
[
0.0,
0.0,
0.0,
1.0
]
],
"at_element": 3,
"to_element": 32
},
{
"pose": [
[
0.33389692038901797,
0.792996245574763,
-0.5095780617913801,
285.10294841040763
],
[
0.9411115197174469,
-0.24998707896003247,
0.2276303314766019,
219.63798609719612
],
[
0.05312206707054201,
-0.5555748508143254,
-0.8297678176048962,
16.399309606820538
],
[
0.0,
0.0,
0.0,
1.0
]
],
"at_element": 32,
"to_element": 3
},
{
"pose": [
[
0.5407270867932408,
-0.7958741059611154,
-0.27239424566001835,
285.0737247770891
],
[
0.1834319571496234,
-0.2044663832253628,
0.9615332626732153,
219.76521605227074
],
[
-0.8209548920034242,
-0.5698928895778003,
0.03542823315255328,
16.496329846510015
],
[
0.0,
0.0,
0.0,
1.0
]
],
"at_element": 4,
"to_element": 29
},
{
"pose": [
[
0.19260502773793475,
0.7958741059720214,
-0.5740102008965564,
285.10238868452865
],
[
-0.9778562442995069,
0.20446638318613286,
-0.044616853668142886,
219.77258003790396
],
[
0.08185639116484661,
0.5698928895766442,
0.817631717606069,
16.516854898040354
],
[
0.0,
0.0,
0.0,
1.0
]
],
"at_element": 29,
"to_element": 4
},
{
"pose": [
[
-0.44480712562851,
-0.8531986848986883,
-0.27239424567573367,
285.11822635579625
],
[
-0.09318936047534593,
-0.25839800284175585,
0.9615332626704021,
219.6081284894916
],
[
-0.8907650442649281,
0.4530810923163103,
0.03542823310807386,
16.49054186703121
],
[
0.0,
0.0,
0.0,
1.0
]
],
"at_element": 4,
"to_element": 32
},
{
"pose": [
[
-0.11127534766618541,
0.8531986849056511,
-0.5095780618090195,
285.14895484855106
],
[
0.9388369956070327,
0.258398002843621,
0.2276303314718588,
219.61743485774875
],
[
0.32588785292080125,
-0.4530810923021346,
-0.8297678175953647,
16.474223863605978
],
[
0.0,
0.0,
0.0,
1.0
]
],
"at_element": 32,
"to_element": 4
},
{
"pose": [
[
0.3135490077277261,
-0.9309844917872988,
0.18696228444395757,
285.02875428127055
],
[
-0.3108405079351072,
0.08541265407040066,
0.9466165312053739,
222.31400125469384
],
[
-0.8972542551471143,
-0.35492612551937486,
-0.26260663937570605,
14.842092155224977
],
[
0.0,
0.0,
0.0,
1.0
]
],
"at_element": 5,
"to_element": 47
},
{
"pose": [
[
0.10522731468484725,
0.9309844921469705,
0.3495641395024146,
285.0622842969962
],
[
0.9937645924876346,
-0.08541265772779849,
-0.07167016546485541,
222.31092506193193
],
[
-0.03686661039615566,
0.354926123695793,
-0.9341671690635338,
14.85487505183892
],
[
0.0,
0.0,
0.0,
1.0
]
],
"at_element": 47,
"to_element": 5
},
{
"pose": [
[
0.19043965976591248,
0.9173405571790832,
-0.349598395509208,
285.0273906093469
],
[
-0.9707913090535999,
0.2289160593836822,
0.07184477727882826,
222.33309760006367
],
[
0.14593481508619333,
0.3257049890784844,
0.9341409368158228,
15.048146294071092
],
[
0.0,
0.0,
0.0,
1.0
]
],
"at_element": 46,
"to_element": 47
},
{
"pose": [
[
0.19050253597527822,
-0.9173405568713994,
0.34956413790012625,
284.99435198041596
],
[
-0.9708042155472542,
-0.22891605925170633,
-0.07167016738050536,
222.32485303627004
],
[
0.1457667961597161,
-0.3257049900378253,
-0.9341671695161375,
15.036415812784231
],
[
0.0,
0.0,
0.0,
1.0
]
],
"at_element": 47,
"to_element": 46
},
{
"pose": [
[
-0.4020960224375778,
-0.8963056921318995,
0.1869622822706104,
284.91008531055854
],
[
-0.17016016648472942,
0.2737930990879446,
0.9466165309319863,
221.71316343835258
],
[
-0.8996467676159171,
0.34881720878387795,
-0.2626066419084947,
15.0087742235002
],
[
0.0,
0.0,
0.0,
1.0
]
],
"at_element": 5,
"to_element": 42
},
{
"pose": [
[
-0.21490455754669102,
0.896305692211178,
0.3878816021101058,
284.9423663224012
],
[
-0.9562732753650961,
-0.27379309910830485,
0.10285310740654047,
221.70330260810942
],
[
0.19838713155891,
-0.34881720856418696,
0.9159525648423701,
14.99621135288065
],
[
0.0,
0.0,
0.0,
1.0
]
],
"at_element": 42,
"to_element": 5
},
{
"pose": [
[
-0.3845043258084133,
-0.9132452670223254,
-0.13468298220613795,
284.8784471382837
],
[
-0.12861444820286644,
-0.09147829332762947,
0.9874664781972785,
221.69178036063383
],
[
-0.9141196569093619,
0.39700730989641186,
-0.08228273658991125,
14.937239403330539
],
[
0.0,
0.0,
0.0,
1.0
]
],
"at_element": 6,
"to_element": 42
},
{
"pose": [
[
0.1246232128449144,
0.9132452670223389,
0.38788160188581816,
284.911338244524
],
[
-0.9904811760860551,
0.09147829335242674,
0.10285310721856003,
221.69507500926116
],
[
0.05844736640257098,
-0.39700730989066757,
0.9159525649584584,
14.922940933818627
],
[
0.0,
0.0,
0.0,
1.0
]
],
"at_element": 42,
"to_element": 6
},
{
"pose": [
[
-0.878238905933945,
0.471659916597318,
0.07895154956907682,
285.07990952288606
],
[
0.4132871913215759,
0.8316353117165824,
-0.3709129356002375,
221.76522188607805
],
[
-0.2406036608064608,
-0.29312050658641053,
-0.925305488487481,
15.270338306709144
],
[
0.0,
0.0,
0.0,
1.0
]
],
"at_element": 24,
"to_element": 42
},
{
"pose": [
[
-0.7918868517622235,
-0.4716599165935272,
0.3878816018904492,
285.0629223886956
],
[
0.5457141620431369,
-0.831635311709493,
0.10285310721320529,
221.73527000731866
],
[
0.27406434892497566,
0.2931205066126237,
0.9159525649570986,
15.280895229619754
],
[
0.0,
0.0,
0.0,
1.0
]
],
"at_element": 42,
"to_element": 24
},
{
"pose": [
[
-0.859223788230677,
-0.5054712005072076,
0.07895154967654044,
285.08860049328507
],
[
-0.4959684588612575,
0.7851362185991233,
-0.37091293595486635,
221.72439186613164
],
[
0.12549808585517946,
-0.35785469635268446,
-0.9253054883361573,
15.168480868139069
],
[
0.0,
0.0,
0.0,
1.0
]
],
"at_element": 24,
"to_element": 43
},
{
"pose": [
[
0.6436696276604785,
0.5054712005499832,
0.5746201143729477,
285.10680534748593
],
[
0.6193154459965803,
-0.7851362184969488,
-0.003081680445537277,
221.6961147053924
],
[
0.44959736295654323,
0.35785469651643564,
-0.8184144594297269,
15.181369223742287
],
[
0.0,
0.0,
0.0,
1.0
]
],
"at_element": 43,
"to_element": 24
},
{
"pose": [
[
0.9167244235818388,
-0.09572979753363565,
0.3878816018744825,
285.0511700515939
],
[
0.060163049673728,
0.992875443204084,
0.10285310756729774,
221.7321536842391
],
[
-0.3949642245349596,
-0.07095181566713218,
0.9159525649240987,
15.253142989606458
],
[
0.0,
0.0,
0.0,
1.0
]
],
"at_element": 42,
"to_element": 43
},
{
"pose": [
[
0.812802269965923,
0.09572979764549462,
0.5746201143198831,
285.0546178266627
],
[
0.11911699114051556,
-0.9928754431789084,
-0.003081680372292582,
221.69639458639102
],
[
0.5702311920264213,
0.0709518158685124,
-0.8184144594672604,
15.25569836847951
],
[
0.0,
0.0,
0.0,
1.0
]
],
"at_element": 43,
"to_element": 42
},
{
"pose": [
[
0.04142040789492363,
0.9900226482927266,
-0.13468298213684682,
284.9587873886191
],
[
0.08857722416832225,
0.13062936036062367,
0.9874664782008598,
221.10274303188493
],
[
0.9952077296567047,
-0.0528311090100369,
-0.08228273666035069,
14.986322186844523
],
[
0.0,
0.0,
0.0,
1.0
]
],
"at_element": 6,
"to_element": 23
},
{
"pose": [
[
0.1408901812217075,
-0.9900226482983036,
-0.002261126207841413,
284.9231311315456
],
[
-0.9237008800246943,
-0.13062936030764538,
-0.3601564305509769,
221.09803833744152
],
[
0.356267653705637,
0.05283110903652044,
-0.9328891857241413,
14.9882249307963
],
[
0.0,
0.0,
0.0,
1.0
]
],
"at_element": 23,
"to_element": 6
},
{
"pose": [
[
0.0069077416341101205,
0.9998342353102323,
-0.016845919598518888,
284.9590347979042
],
[
0.10365170111548766,
0.016039662461943882,
0.99448431565509,
221.0817278737768
],
[
0.9945896681352477,
-0.008615748934961476,
-0.10352372147922284,
14.944170398877533
],
[
0.0,
0.0,
0.0,
1.0
]
],
"at_element": 7,
"to_element": 23
},
{
"pose": [
[
0.018066245028256933,
-0.9998342353104458,
-0.0022611262138603483,
284.923025104779
],
[
-0.9327540269324105,
-0.016039662465107574,
-0.3601564305539713,
221.081150194695
],
[
0.3600604616338082,
0.008615748904271137,
-0.9328891857229709,
14.944480700789736
],
[
0.0,
0.0,
0.0,
1.0
]
],
"at_element": 23,
"to_element": 7
},
{
"pose": [
[
0.3166735794109322,
-0.9483849740982817,
-0.01684591961484233,
284.9585336104917
],
[
-0.09290147260436937,
-0.04868533977541856,
0.9944843156525355,
221.1113150398541
],
[
-0.943974131261555,
-0.31336189716612617,
-0.10352372150110623,
14.941090437240932
],
[
0.0,
0.0,
0.0,
1.0
]
],
"at_element": 7,
"to_element": 39
},
{
"pose": [
[
-0.05700586214733816,
0.9483849741023517,
0.3119555618637388,
284.99269033182316
],
[
0.9982215232697517,
0.048685339801499694,
0.03440244423626937,
221.11306847504105
],
[
0.01743909865376797,
0.31336189714975676,
-0.9494736432639139,
14.95237637627435
],
[
0.0,
0.0,
0.0,
1.0
]
],
"at_element": 39,
"to_element": 7
},
{
"pose": [
[
-0.6428595838311915,
-0.7659807065355783,
-0.0022611261893864254,
284.92333231833834
],
[
-0.714055249777452,
0.6003436064618136,
-0.36015643052107726,
221.13008374807976
],
[
0.2772303297650681,
-0.22991544401296637,
-0.9328891857357298,
15.07123002109283
],
[
0.0,
0.0,
0.0,
1.0
]
],
"at_element": 23,
"to_element": 39
},
{
"pose": [
[
0.5621007780150272,
0.7659807065390006,
0.31195556184321294,
284.95091958995306
],
[
0.7990018936209417,
-0.6003436064653096,
0.034402444191880974,
221.10846199965664
],
[
0.21363213556263183,
0.22991544399243696,
-0.9494736432722661,
15.079510568824775
],
[
0.0,
0.0,
0.0,
1.0
]
],
"at_element": 39,
"to_element": 23
},
{
"pose": [
[
-0.13924912216597107,
-0.990114082805966,
-0.016845919544721033,
284.971502035584
],
[
-0.10486289405460042,
-0.0021724131212503828,
0.9944843156489318,
220.34573526394905
],
[
-0.9846895223503194,
0.14024757983841063,
-0.10352372154713407,
15.020785678528455
],
[
0.0,
0.0,
0.0,
1.0
]
],
"at_element": 7,
"to_element": 22
},
{
"pose": [
[
-0.05947750871631796,
0.9901140828243643,
-0.12702963807619075,
285.00716164646803
],
[
0.9120381071268867,
0.002172413083273206,
-0.41009970954610675,
220.34581350483646
],
[
-0.40576953693606155,
-0.14024757970911053,
-0.9031509836569027,
15.015734569561062
],
[
0.0,
0.0,
0.0,
1.0
]
],
"at_element": 22,
"to_element": 7
},
{
"pose": [
[
-0.5381998095677858,
-0.8426489067061231,
-0.01684591962983234,
284.97071531833143
],
[
-0.09627793586060457,
0.041611356297944546,
0.9944843156598635,
220.3921784375559
],
[
-0.8373001397632873,
0.5368531596759221,
-0.10352372142827182,
15.015951042030407
],
[
0.0,
0.0,
0.0,
1.0
]
],
"at_element": 7,
"to_element": 34
},
{
"pose": [
[
-0.009418262857001425,
0.842648906680736,
0.5383810141475243,
285.00106383595516
],
[
-0.9979960471275883,
-0.04161135625368084,
0.0476695389996393,
220.39067977901806
],
[
0.06257144909993126,
-0.5368531597192007,
0.8413521846747919,
14.996615945943256
],
[
0.0,
0.0,
0.0,
1.0
]
],
"at_element": 34,
"to_element": 7
},
{
"pose": [
[
-0.2269509512113279,
0.880047078775035,
0.4171455440056874,
285.0212951052349
],
[
-0.2502960263312068,
-0.4666408153015793,
0.848291370165632,
220.2723103174755
],
[
0.9411934790185711,
0.0881106612970578,
0.32617686370850074,
14.894046144524573
],
[
0.0,
0.0,
0.0,
1.0
]
],
"at_element": 8,
"to_element": 22
},
{
"pose": [
[
-0.457581269715436,
-0.8800470746614778,
-0.12702963428029249,
284.989599635292
],
[
-0.7836227168490862,
0.4666408268489405,
-0.41009971513742116,
220.28911669144512
],
[
0.420184268201067,
-0.08811064122745113,
-0.903150981651917,
14.890872782041303
],
[
0.0,
0.0,
0.0,
1.0
]
],
"at_element": 22,
"to_element": 8
},
{
"pose": [
[
0.6705157440636978,
0.7309391958418201,
-0.12702963805671055,
285.0246997412699
],
[
0.6354723767607282,
-0.6542118057218176,
-0.41009970937354967,
220.4024331071276
],
[
-0.3828622406777361,
0.19425448575595902,
-0.9031509837379967,
15.140426317260044
],
[
0.0,
0.0,
0.0,
1.0
]
],
"at_element": 22,
"to_element": 35
},
{
"pose": [
[
-0.6211092025274711,
-0.7309391958302325,
0.28275652164847037,
284.9983745191744
],
[
-0.755665161961725,
0.65421180575317,
0.031258218287941245,
220.42599494535176
],
[
-0.20783051155460472,
-0.19425448569397252,
-0.9586822587566339,
15.133430123176069
],
[
0.0,
0.0,
0.0,
1.0
]
],
"at_element": 35,
"to_element": 22
},
{
"pose": [
[
-0.837323719147453,
0.09505194859591663,
0.538381014172302,
285.0291553223662
],
[
-0.0823531844684096,
-0.9954624895353266,
0.04766953886961643,
220.39316706622236
],
[
0.5404691872447396,
-0.004422555398069721,
0.8413521846663035,
15.040515773092633
],
[
0.0,
0.0,
0.0,
1.0
]
],
"at_element": 34,
"to_element": 35
},
{
"pose": [
[
-0.9544704691783106,
-0.09505194854176485,
0.2827565216665206,
285.0257319678428
],
[
-0.08987411032374137,
0.9954624895401566,
0.031258218311821614,
220.42901926145205
],
[
-0.28444466555035236,
0.004422555474748197,
-0.9586822587505317,
15.040675054157028
],
[
0.0,
0.0,
0.0,
1.0
]
],
"at_element": 35,
"to_element": 34
},
{
"pose": [
[
-0.2895083192877881,
0.9370790657127672,
0.195109604238354,
285.2206909817877
],
[
-0.13605952416931405,
-0.2420577212600854,
0.9606746928389414,
219.76278235570197
],
[
0.947455929817308,
0.2515767957925805,
0.1975762558425438,
14.971779605236945
],
[
0.0,
0.0,
0.0,
1.0
]
],
"at_element": 9,
"to_element": 21
},
{
"pose": [
[
-0.3179844461989678,
-0.9370790657139623,
0.144113554449896,
285.18694134628777
],
[
-0.8892405930984666,
0.24205772125008518,
-0.38814846021735483,
219.77150025386123
],
[
0.3288419978674,
-0.2515767957977514,
-0.9102593346155334,
14.962718870162076
],
[
0.0,
0.0,
0.0,
1.0
]
],
"at_element": 21,
"to_element": 9
},
{
"pose": [
[
-0.6136299657319606,
0.7651081671797362,
0.19510960425016988,
285.2080289092564
],
[
-0.0375809562874137,
-0.275121439138041,
0.9606746928337067,
219.70043723083492
],
[
0.7886988886009136,
0.5821663733345288,
0.19757625585632876,
14.958957453853253
],
[
0.0,
0.0,
0.0,
1.0
]
],
"at_element": 9,
"to_element": 31
},
{
"pose": [
[
-0.2802502476800426,
-0.7651081671866866,
0.5797148360871097,
285.18047318520087
],
[
-0.9562793718455949,
0.2751214391451453,
-0.09918647440704348,
219.71034585654814
],
[
-0.0836035983547955,
-0.5821663733220372,
-0.8087600089737359,
14.937990463006555
],
[
0.0,
0.0,
0.0,
1.0
]
],
"at_element": 31,
"to_element": 9
},
{
"pose": [
[
-0.8662649391548716,
0.47834750818780036,
0.14411355453783453,
285.1831056694913
],
[
0.39517081995015857,
0.8325747991287064,
-0.38814845989094654,
219.78183107977236
],
[
-0.3056551623168281,
-0.27928993047783984,
-0.9102593347407966,
14.986946019523455
],
[
0.0,
0.0,
0.0,
1.0
]
],
"at_element": 21,
"to_element": 30
},
{
"pose": [
[
-0.7469319000896273,
-0.47834750812702587,
0.4618185770377408,
285.16587749315863
],
[
0.5529868670606732,
-0.8325747992175305,
0.032011381824438884,
219.75184504408412
],
[
0.3691859443246996,
0.2792899303171412,
0.886396566631734,
14.997004932933336
],
[
0.0,
0.0,
0.0,
1.0
]
],
"at_element": 30,
"to_element": 21
},
{
"pose": [
[
-0.8884797186110185,
-0.43570066908634897,
0.14411355444438043,
285.20125289905747
],
[
-0.4557655605009455,
0.8010109404367363,
-0.388148460208094,
219.7329542115254
],
[
0.0536800100423287,
-0.410544029622114,
-0.9102593346203554,
14.872323316796507
],
[
0.0,
0.0,
0.0,
1.0
]
],
"at_element": 21,
"to_element": 31
},
{
"pose": [
[
0.6885460302621158,
0.43570066908476146,
0.5797148360783712,
285.2169446844789
],
[
0.5903757418790284,
-0.8010109404366053,
-0.09918647438866027,
219.70410575502905
],
[
