{
"contact_id_pairs": [
[
0,
1
],
[
0,
8
],
[
1,
72
],
[
1,
2
],
[
2,
74
],
[
2,
3
],
[
2,
73
],
[
0,
3
],
[
0,
12
],
[
3,
12
],
[
4,
72
],
[
5,
9
],
[
9,
72
],
[
5,
6
],
[
5,
74
],
[
6,
73
],
[
7,
73
],
[
4,
13
],
[
7,
13
],
[
13,
75
],
[
8,
10
],
[
10,
64
],
[
15,
64
],
[
9,
11
],
[
11,
16
],
[
16,
64
],
[
10,
19
],
[
12,
19
],
[
14,
19
],
[
11,
13
],
[
11,
14
],
[
13,
14
],
[
15,
22
],
[
17,
22
],
[
22,
71
],
[
16,
71
],
[
18,
71
],
[
23,
71
],
[
17,
19
],
[
17,
26
],
[
19,
21
],
[
18,
20
],
[
18,
21
],
[
20,
21
],
[
22,
24
],
[
22,
70
],
[
24,
70
],
[
23,
25
],
[
23,
70
],
[
30,
70
],
[
24,
28
],
[
26,
28
],
[
26,
33
],
[
27,
28
],
[
27,
34
],
[
28,
34
],
[
29,
36
],
[
29,
69
],
[
31,
36
],
[
30,
69
],
[
32,
37
],
[
37,
69
],
[
31,
33
],
[
33,
35
],
[
33,
40
],
[
32,
34
],
[
32,
41
],
[
35,
41
],
[
36,
38
],
[
36,
43
],
[
38,
68
],
[
37,
68
],
[
39,
44
],
[
44,
68
],
[
38,
40
],
[
40,
42
],
[
42,
47
],
[
39,
42
],
[
39,
48
],
[
42,
48
],
[
43,
50
],
[
43,
67
],
[
45,
50
],
[
44,
46
],
[
44,
67
],
[
46,
51
],
[
45,
47
],
[
47,
54
],
[
49,
54
],
[
46,
48
],
[
46,
49
],
[
49,
55
],
[
50,
66
],
[
52,
57
],
[
57,
66
],
[
51,
53
],
[
51,
58
],
[
53,
58
],
[
54,
56
],
[
54,
61
],
[
56,
61
],
[
53,
55
],
[
53,
62
],
[
55,
56
],
[
57,
65
],
[
59,
65
],
[
58,
60
],
[
58,
65
],
[
59,
63
],
[
61,
63
],
[
60,
63
],
[
62,
63
]
],
"contact_t_bound_pairs": [
[
[
0.6,
0.9
],
[
0.1,
0.4
]
],
[
[
0.6,
0.9
],
[
0.1,
0.4
]
],
[
[
0.1,
0.4
],
[
0.6,
0.9
]
],
[
[
0.6,
0.9
],
[
0.1,
0.4
]
],
[
[
0.1,
0.4
],
[
0.6,
0.9
]
],
[
[
0.6,
0.9
],
[
0.1,
0.4
]
],
[
[
0.6,
0.9
],
[
0.6,
0.9
]
],
[
[
0.1,
0.4
],
[
0.6,
0.9
]
],
[
[
0.1,
0.4
],
[
0.1,
0.4
]
],
[
[
0.6,
0.9
],
[
0.1,
0.4
]
],
[
[
0.6,
0.9
],
[
0.1,
0.4
]
],
[
[
0.1,
0.4
],
[
0.1,
0.4
]
],
[
[
0.1,
0.4
],
[
0.1,
0.4
]
],
[
[
0.6,
0.9
],
[
0.1,
0.4
]
],
[
[
0.6,
0.9
],
[
0.1,
0.4
]
],
[
[
0.6,
0.9
],
[
0.1,
0.4
]
],
[
[
0.1,
0.4
],
[
0.1,
0.4
]
],
[
[
0.1,
0.4
],
[
0.1,
0.4
]
],
[
[
0.6,
0.9
],
[
0.1,
0.4
]
],
[
[
0.1,
0.4
],
[
0.1,
0.4
]
],
[
[
0.6,
0.9
],
[
0.1,
0.4
]
],
[
[
0.1,
0.4
],
[
0.1,
0.4
]
],
[
[
0.1,
0.4
],
[
0.1,
0.4
]
],
[
[
0.6,
0.9
],
[
0.1,
0.4
]
],
[
[
0.1,
0.4
],
[
0.1,
0.4
]
],
[
[
0.1,
0.4
],
[
0.6,
0.9
]
],
[
[
0.6,
0.9
],
[
0.1,
0.4
]
],
[
[
0.6,
0.9
],
[
0.1,
0.4
]
],
[
[
0.1,
0.4
],
[
0.1,
0.4
]
],
[
[
0.6,
0.9
],
[
0.6,
0.9
]
],
[
[
0.6,
0.9
],
[
0.6,
0.9
]
],
[
[
0.6,
0.9
],
[
0.6,
0.9
]
],
[
[
0.6,
0.9
],
[
0.1,
0.4
]
],
[
[
0.1,
0.4
],
[
0.1,
0.4
]
],
[
[
0.1,
0.4
],
[
0.1,
0.4
]
],
[
[
0.6,
0.9
],
[
0.6,
0.9
]
],
[
[
0.1,
0.4
],
[
0.6,
0.9
]
],
[
[
0.1,
0.4
],
[
0.6,
0.9
]
],
[
[
0.6,
0.9
],
[
0.6,
0.9
]
],
[
[
0.6,
0.9
],
[
0.1,
0.4
]
],
[
[
0.6,
0.9
],
[
0.1,
0.4
]
],
[
[
0.6,
0.9
],
[
0.6,
0.9
]
],
[
[
0.6,
0.9
],
[
0.6,
0.9
]
],
[
[
0.6,
0.9
],
[
0.6,
0.9
]
],
[
[
0.6,
0.9
],
[
0.1,
0.4
]
],
[
[
0.6,
0.9
],
[
0.1,
0.4
]
],
[
[
0.1,
0.4
],
[
0.1,
0.4
]
],
[
[
0.6,
0.9
],
[
0.1,
0.4
]
],
[
[
0.6,
0.9
],
[
0.6,
0.9
]
],
[
[
0.1,
0.4
],
[
0.6,
0.9
]
],
[
[
0.6,
0.9
],
[
0.1,
0.4
]
],
[
[
0.6,
0.9
],
[
0.1,
0.4
]
],
[
[
0.6,
0.9
],
[
0.1,
0.4
]
],
[
[
0.6,
0.9
],
[
0.6,
0.9
]
],
[
[
0.6,
0.9
],
[
0.1,
0.4
]
],
[
[
0.6,
0.9
],
[
0.1,
0.4
]
],
[
[
0.6,
0.9
],
[
0.1,
0.4
]
],
[
[
0.6,
0.9
],
[
0.1,
0.4
]
],
[
[
0.1,
0.4
],
[
0.1,
0.4
]
],
[
[
0.6,
0.9
],
[
0.6,
0.9
]
],
[
[
0.1,
0.4
],
[
0.1,
0.4
]
],
[
[
0.1,
0.4
],
[
0.6,
0.9
]
],
[
[
0.6,
0.9
],
[
0.6,
0.9
]
],
[
[
0.6,
0.9
],
[
0.1,
0.4
]
],
[
[
0.6,
0.9
],
[
0.1,
0.4
]
],
[
[
0.6,
0.9
],
[
0.6,
0.9
]
],
[
[
0.6,
0.9
],
[
0.1,
0.4
]
],
[
[
0.6,
0.9
],
[
0.1,
0.4
]
],
[
[
0.6,
0.9
],
[
0.1,
0.4
]
],
[
[
0.6,
0.9
],
[
0.1,
0.4
]
],
[
[
0.1,
0.4
],
[
0.1,
0.4
]
],
[
[
0.6,
0.9
],
[
0.6,
0.9
]
],
[
[
0.1,
0.4
],
[
0.1,
0.4
]
],
[
[
0.1,
0.4
],
[
0.6,
0.9
]
],
[
[
0.6,
0.9
],
[
0.6,
0.9
]
],
[
[
0.6,
0.9
],
[
0.1,
0.4
]
],
[
[
0.1,
0.4
],
[
0.1,
0.4
]
],
[
[
0.6,
0.9
],
[
0.6,
0.9
]
],
[
[
0.6,
0.9
],
[
0.1,
0.4
]
],
[
[
0.6,
0.9
],
[
0.1,
0.4
]
],
[
[
0.6,
0.9
],
[
0.1,
0.4
]
],
[
[
0.6,
0.9
],
[
0.1,
0.4
]
],
[
[
0.1,
0.4
],
[
0.1,
0.4
]
],
[
[
0.6,
0.9
],
[
0.1,
0.4
]
],
[
[
0.6,
0.9
],
[
0.6,
0.9
]
],
[
[
0.1,
0.4
],
[
0.1,
0.4
]
],
[
[
0.6,
0.9
],
[
0.6,
0.9
]
],
[
[
0.6,
0.9
],
[
0.1,
0.4
]
],
[
[
0.1,
0.4
],
[
0.1,
0.4
]
],
[
[
0.6,
0.9
],
[
0.6,
0.9
]
],
[
[
0.6,
0.9
],
[
0.6,
0.9
]
],
[
[
0.6,
0.9
],
[
0.1,
0.4
]
],
[
[
0.6,
0.9
],
[
0.1,
0.4
]
],
[
[
0.1,
0.4
],
[
0.1,
0.4
]
],
[
[
0.1,
0.4
],
[
0.1,
0.4
]
],
[
[
0.6,
0.9
],
[
0.1,
0.4
]
],
[
[
0.6,
0.9
],
[
0.1,
0.4
]
],
[
[
0.1,
0.4
],
[
0.1,
0.4
]
],
[
[
0.6,
0.9
],
[
0.1,
0.4
]
],
[
[
0.6,
0.9
],
[
0.1,
0.4
]
],
[
[
0.1,
0.4
],
[
0.1,
0.4
]
],
[
[
0.6,
0.9
],
[
0.6,
0.9
]
],
[
[
0.6,
0.9
],
[
0.1,
0.4
]
],
[
[
0.6,
0.9
],
[
0.6,
0.9
]
],
[
[
0.6,
0.9
],
[
0.1,
0.4
]
],
[
[
0.1,
0.4
],
[
0.1,
0.4
]
],
[
[
0.6,
0.9
],
[
0.1,
0.4
]
],
[
[
0.6,
0.9
],
[
0.6,
0.9
]
],
[
[
0.6,
0.9
],
[
0.1,
0.4
]
],
[
[
0.6,
0.9
],
[
0.1,
0.4
]
],
[
[
0.6,
0.9
],
[
0.6,
0.9
]
],
[
[
0.6,
0.9
],
[
0.6,
0.9
]
]
],
"line_pt_pairs": [
[
[
282.06862803222725,
227.20538244749866,
16.404831865677853
],
[
282.22405767455297,
227.16917009581607,
15.492027005760292
]
],
[
[
282.1581559849031,
227.20343153858752,
15.691186800229827
],
[
282.45541197998136,
227.22524769550213,
14.80451068236837
]
],
[
[
282.4307216703144,
227.1828439611867,
14.774464581128404
],
[
282.44030447687936,
227.2215956061651,
15.746448634647077
]
],
[
[
282.4828593633215,
227.17448592790515,
15.564768564767451
],
[
282.0177375412113,
227.24837781216704,
16.424160282581116
]
],
[
[
282.30422695872267,
226.7622555753239,
16.419723886797243
],
[
282.13136642883205,
226.8008749762476,
15.541183223365726
]
],
[
[
282.1703759217541,
226.64454301015402,
15.645352377350406
],
[
282.45541197998136,
226.66524769550216,
14.80451068236837
]
],
[
[
282.41301427007585,
226.61881246120734,
14.79874619922868
],
[
282.62866955148087,
226.71115549735146,
15.714575060904508
]
],
[
[
282.56411397822205,
226.71515468959603,
15.53344373132984
],
[
282.2714636193306,
226.69203121030733,
16.397855643916447
]
],
[
[
282.19629709254696,
227.20037015726956,
15.510004734752199
],
[
281.96923162431193,
227.10946421243747,
16.41987152270866
]
],
[
[
282.2127298156871,
226.67949960748328,
15.461154481136496
],
[
281.89195670922567,
226.6563057648982,
16.40802005716619
]
],
[
[
281.9846729700981,
227.14884138796197,
16.227581556156977
],
[
281.8324001059032,
227.12564475240436,
17.2124126906612
]
],
[
[
281.9134208924405,
226.66805767798365,
16.22385649520558
],
[
281.73965896907504,
226.781591265066,
17.028876812938762
]
],
[
[
282.0725151297079,
227.22460426070614,
16.210837755473058
],
[
281.8553385044044,
227.1162818149061,
17.176368401106142
]
],
[
[
282.36928540019284,
226.7308628031664,
16.238870959241183
],
[
281.69571551990265,
226.72521176391683,
16.977971575355895
]
],
[
[
281.82391382355866,
227.20554881698675,
17.21931029971159
],
[
281.78333031543497,
226.6559527812792,
16.89352919942397
]
],
[
[
281.9816931080909,
227.1915905383398,
16.286140239162993
],
[
281.2413366187404,
227.1330297575909,
16.9557978792859
]
],
[
[
281.9416242738588,
226.72634973152884,
16.271952518394624
],
[
281.26993380998294,
226.6602761601878,
17.009831655463348
]
],
[
[
281.2596343772578,
227.21056864629526,
16.836780201884466
],
[
281.29609248140304,
227.23160533815033,
17.708112843974337
]
],
[
[
281.3370918891751,
226.68916583968885,
16.81974007624918
],
[
281.39043333536165,
226.71314994160412,
17.71268870536246
]
],
[
[
281.95790557841156,
227.15811099562487,
17.018181964629203
],
[
281.21730240317294,
227.19746487242566,
17.68897088611813
]
],
[
[
281.64115689847137,
226.58286376832828,
16.96521605483212
],
[
281.3572456040884,
226.77042066698263,
17.709793634307328
]
],
[
[
281.39028572423405,
227.27162037401365,
17.579596840668003
],
[
281.34467558611806,
226.65154607509393,
17.63055629458652
]
],
[
[
281.41378856839367,
227.16675940852667,
16.859963690812666
],
[
280.495353000356,
227.22687020758747,
17.250939239069087
]
],
[
[
281.3727604195483,
226.7203272887495,
16.836143414541862
],
[
280.4865060520622,
226.7793909450923,
17.25566869971438
]
],
[
[
280.60390624568583,
227.18316737227818,
17.083969398904724
],
[
280.64447494239715,
227.18464689635562,
18.017818017305736
]
],
[
[
280.6625342072068,
226.7309145943066,
17.080794393999085
],
[
280.71466051445776,
226.7341042166664,
17.963489039676894
]
],
[
[
281.3807441718388,
227.27046939944685,
17.557064588481452
],
[
280.4624278817618,
227.21403345894132,
17.948868098836197
]
],
[
[
281.2743754758828,
226.56661409043767,
17.548426627374646
],
[
280.4975755135437,
226.76827021852117,
18.00502544824479
]
],
[
[
280.6173308845613,
227.30588481459316,
17.92537919842712
],
[
280.5442324320304,
226.62796123870595,
17.928779770801075
]
],
[
[
280.58412465106665,
227.22416666418928,
17.15854037097481
],
[
279.658838742015,
227.06852175542022,
17.172302188145984
]
],
[
[
280.64511404402015,
226.6698645940857,
17.22714362095131
],
[
279.72365185425883,
226.69038294586886,
17.13108658075329
]
],
[
[
279.7183008759274,
227.15692121705544,
17.084364304154807
],
[
279.76034617721024,
227.13066551801595,
18.013207702730302
]
],
[
[
279.82854142857246,
226.66838801147927,
17.126872804321376
],
[
279.88801233158944,
226.64482988374812,
18.08577840828667
]
],
[
[
280.6455532744075,
227.27261666770286,
17.897083090227678
],
[
279.6646197526249,
227.0788546906875,
17.91210182479605
]
],
[
[
280.76588183903584,
226.76390295010137,
17.861290975016505
],
[
279.79049737459496,
226.59479508010264,
18.00279558469722
]
],
[
[
279.92492202084605,
227.26160399763955,
17.952763824590907
],
[
279.8534021879191,
226.614190153745,
17.912597985303016
]
],
[
[
279.82823195013344,
227.09933254103578,
17.23066568234042
],
[
279.0130469346294,
227.24143100196545,
16.8349328600416
]
],
[
[
279.91669241880703,
226.61501943739995,
17.266766785918588
],
[
279.034726456775,
226.77020421191966,
16.821735262234494
]
],
[
[
279.14426228769725,
227.1786737492385,
16.815972864015684
],
[
279.13376295045435,
227.21424209285613,
17.684191317627697
]
],
[
[
279.0237545109109,
226.7266451329764,
16.780077475008376
],
[
279.03448212124,
226.75886070445475,
17.70923635606588
]
],
[
[
279.92287670292603,
227.12915528481474,
17.972840468029272
],
[
279.03007807950763,
227.2627222058295,
17.542642497089144
]
],
[
[
279.9548317354261,
226.69188440026565,
18.00223124143156
],
[
279.1681544209859,
226.60881553571156,
17.62163446831931
]
],
[
[
279.10813714050374,
227.31328195911894,
17.62871998972234
],
[
279.0601463662388,
226.63333044638102,
17.517944981735205
]
],
[
[
279.19120995135063,
227.25880446037948,
16.90546656929267
],
[
278.38581502466786,
227.12252329003405,
16.32860871922308
]
],
[
[
279.1701023891532,
226.66734447008676,
16.970277683706204
],
[
278.3341998195416,
226.81685542243764,
16.443854920045016
]
],
[
[
278.3797556916592,
227.13269670630268,
16.19657870408787
],
[
278.5736133382706,
227.2221872220279,
17.140500289294792
]
],
[
[
278.4092390034111,
226.7661926403394,
16.287686469803845
],
[
278.4194967863625,
226.76756424430326,
17.287448981157663
]
],
[
[
279.13275517619365,
227.12242566893326,
17.698587755749173
],
[
278.4884414925278,
227.26329236689716,
16.946912100332813
]
],
[
[
279.1623652598119,
226.80223172241188,
17.6463048565947
],
[
278.3393312860605,
226.72370310540543,
17.109838432563123
]
],
[
[
278.53149070505225,
227.31316778115092,
17.06997496159468
],
[
278.35971304421474,
226.68968773145397,
17.20701915504615
]
],
[
[
278.49382465645795,
227.16990794598348,
16.48326977518334
],
[
278.13382095754446,
227.18046444412536,
15.550380131327076
]
],
[
[
278.4898805896072,
226.7438908853526,
16.444381876900486
],
[
277.75672651900726,
226.6138356390941,
15.877037361250357
]
],
[
[
278.09059589624735,
227.1724887627083,
15.563050859793265
],
[
278.0508684691937,
227.3340300685257,
16.41065745217929
]
],
[
[
277.7942798408885,
226.62681949497266,
15.683524063514431
],
[
277.95142032022807,
226.77047114818376,
16.660595573369445
]
],
[
[
278.60309622450717,
227.23669762699018,
17.140372588335804
],
[
277.97885804914034,
227.2582493690183,
16.359435999807243
]
],
[
[
278.47740375463775,
226.79612424272761,
17.236464334161887
],
[
277.8734649060295,
226.71218566522026,
16.494179354927077
]
],
[
[
278.10549006888186,
227.32824070801203,
16.555345169932032
],
[
278.02184495327975,
226.6401188417298,
16.64371400174629
]
],
[
[
278.14452021653386,
227.22051254340613,
15.753426955545743
],
[
277.7983333558375,
227.22524769550213,
14.865842630926469
]
],
[
[
277.91359279171803,
226.59170235423588,
16.033831836795287
],
[
277.4659073200979,
226.66524769550216,
15.143278027169561
]
],
[
[
277.815178632055,
227.18365042597466,
14.89622325834191
],
[
277.84034643457034,
227.2110376501601,
15.89553048780381
]
],
[
[
277.5093243462222,
226.69970607421573,
15.142780507646464
],
[
277.73718808091644,
226.63780988207063,
15.982955036019911
]
],
[
[
278.07982395230397,
227.25385334528065,
16.670935501926586
],
[
277.8734217406185,
227.11809793135367,
15.701931803819175
]
],
[
[
277.9131961752444,
226.77406108338081,
16.64597639804627
],
[
277.77533389595703,
226.64293253371974,
15.794836474332849
]
],
[
[
277.8885864149767,
227.2711000942501,
15.783147595639477
],
[
277.73222679827956,
226.56429168719444,
15.900980201248464
]
],
[
[
281.9527066843132,
227.2740834196762,
16.387135383316142
],
[
281.8101643608382,
226.62679854163807,
16.331680276130676
]
],
[
[
277.8506674582123,
227.31630539711063,
14.943110277635583
],
[
277.4449185124885,
226.60840904822018,
15.280491085571372
]
],
[
[
278.1578917337793,
227.28517243290594,
15.638295509905761
],
[
278.00196997978225,
226.5508769256617,
15.775164397615214
]
],
[
[
278.57672995669327,
227.24229356670665,
16.37916223772704
],
[
278.3988528993148,
226.57906615553387,
16.525108657093316
]
],
[
[
279.10648904707404,
227.26191758754885,
16.978512802126225
],
[
279.1060896853434,
226.62310466066137,
16.87773920656994
]
],
[
[
279.82820951966227,
227.2485162361488,
17.216917594721803
],
[
279.808704969229,
226.57060876643985,
17.168110594027475
]
],
[
[
280.5751864016254,
227.29060978192697,
17.178331087539338
],
[
280.5544190916404,
226.59550070232993,
17.18215059866028
]
],
[
[
281.21385384312055,
227.2421530657553,
16.899946450510356
],
[
281.3260217748019,
226.57191891712753,
16.913635157534504
]
],
[
[
282.1977394489427,
226.61363248412022,
15.636516232398879
],
[
282.14905979815194,
227.26759754610686,
15.58600014731564
]
],
[
[
282.58502736932417,
226.62967644155066,
15.632597630154024
],
[
282.46221667369053,
227.28930974983507,
15.623775646778816
]
],
[
[
282.3837879486717,
226.59709623178634,
14.90323465694546
],
[
282.3970113915471,
227.25306018053956,
14.868517613993355
]
],
[
[
282.2544336387968,
226.65244796396976,
16.32401493099901
],
[
282.1656785364364,
227.23206831767342,
16.32503639674837
]
]
],
"contact_t_pairs": [
[
0.8999992744242606,
0.12565759513629762
],
[
0.8740991774633436,
0.10000099528549189
],
[
0.10000046595369547,
0.8999983226731737
],
[
0.8987332706162952,
0.12467451089929575
],
[
0.10000124220222054,
0.8999971567331513
],
[
0.8999996075601925,
0.10000091050906859
],
[
0.875327665016621,
0.8999975044206635
],
[
0.13151970972807053,
0.837049943010435
],
[
0.10000095397083378,
0.10000043291344873
],
[
0.899999607186579,
0.12411095220557959
],
[
0.8999987735979903,
0.2836200256583524
],
[
0.10000057478006905,
0.10000051044229064
],
[
0.16764371982872606,
0.10000164377943915
],
[
0.8999997266623135,
0.10000179291511513
],
[
0.8729747154157158,
0.1000011617639596
],
[
0.8999995437536942,
0.10000196151844107
],
[
0.10000089726412507,
0.13576907194434024
],
[
0.10000145323324527,
0.12400052960567012
],
[
0.8999988312670104,
0.10000028978628223
],
[
0.14800265857014042,
0.1269351267334128
],
[
0.8999994889721766,
0.10000066595506348
],
[
0.15675721605876683,
0.18661659189355892
],
[
0.10000031631520256,
0.14805549941432278
],
[
0.8999995596417089,
0.10000188358999612
],
[
0.1602536909509819,
0.1000001701128469
],
[
0.12400056583854278,
0.8468193711060545
],
[
0.8999995809181628,
0.14471216656129085
],
[
0.8999995283010054,
0.10000012816301164
],
[
0.10000164694993391,
0.21500570584464787
],
[
0.8148601408313859,
0.8759995760536695
],
[
0.8999983475076279,
0.8057500993416095
],
[
0.8999996605577023,
0.899998899719797
],
[
0.8999997445861463,
0.10000022873757472
],
[
0.10000153708331651,
0.16599553692438201
],
[
0.18999571340750399,
0.10000247078895975
],
[
0.8999998462521531,
0.8655819591691727
],
[
0.100001690653395,
0.8302678873496171
],
[
0.10000059581632285,
0.7649005171790738
],
[
0.8999982760336823,
0.899999868035597
],
[
0.8724861571293671,
0.10000006932721471
],
[
0.8071527940417622,
0.13116395967005628
],
[
0.873179234194522,
0.8493276633417352
],
[
0.8999990807381876,
0.8999907497867977
],
[
0.8999991708155831,
0.8363031600462347
],
[
0.873748195289273,
0.12610679299154914
],
[
0.8999997904038428,
0.10000132904901447
],
[
0.10000043242717713,
0.15279879785393344
],
[
0.792937230235455,
0.1000006998648307
],
[
0.8999994255762764,
0.7435442477720602
],
[
0.1000006130537718,
0.8905097231111226
],
[
0.899987391834815,
0.17335636762463957
],
[
0.8567647658143723,
0.1255772692997965
],
[
0.8999999351341083,
0.1000000599466925
],
[
0.899999600620653,
0.8201648370906905
],
[
0.7699755603112995,
0.10000032420934456
],
[
0.8553626633834459,
0.22176943645579655
],
[
0.8999996543872517,
0.10000095524813514
],
[
0.8228254862784277,
0.22868942769732709
],
[
0.1000008816139785,
0.1368503872618674
],
[
0.8999987175060017,
0.8299774505224304
],
[
0.10000056332459464,
0.10000015018094978
],
[
0.13888245443800148,
0.899999100942246
],
[
0.8909447168161168,
0.8999999466903379
],
[
0.7510824256960531,
0.2113921246165608
],
[
0.822176488003937,
0.10000006329127718
],
[
0.8999991511643449,
0.8999994742259907
],
[
0.8719392637753248,
0.10011933201456107
],
[
0.8974578791827159,
0.13951032739177813
],
[
0.8319584742130967,
0.10000260601284139
],
[
0.8999989851164993,
0.1000002464872728
],
[
0.1737309974247221,
0.12049340682380641
],
[
0.8999997896338306,
0.8017790386130885
],
[
0.10000053937673165,
0.18232281856664748
],
[
0.1000003578984191,
0.8999979630175041
],
[
0.8999986705363816,
0.8759995148609003
],
[
0.8999999303226589,
0.10000100172085413
],
[
0.25726651410343593,
0.10000005721150741
],
[
0.8150079352851388,
0.8277973594111668
],
[
0.8408205297421283,
0.16065358978360783
],
[
0.761825421327552,
0.13380894415462669
],
[
0.8999996956981123,
0.10000025623497794
],
[
0.8249717084718948,
0.16204404786333465
],
[
0.10000045309833673,
0.21318178535819898
],
[
0.8999991329732381,
0.2089751620622382
],
[
0.8759773083354447,
0.6861257227237354
],
[
0.10000036558428607,
0.10000061747004706
],
[
0.8999991316162036,
0.8759996110743781
],
[
0.8999999441531467,
0.12400016063631623
],
[
0.1000009007308362,
0.10000008789684582
],
[
0.8759926403534392,
0.8999996740420589
],
[
0.89999911559168,
0.8598653662806159
],
[
0.8235599045541199,
0.10000172449704235
],
[
0.8999994719850419,
0.1314542333839795
],
[
0.1000010855918959,
0.12519267671527728
],
[
0.10000042717796276,
0.10000109891362684
],
[
0.8901903391857955,
0.2568846039138626
],
[
0.8645523264773319,
0.10000027960898446
],
[
0.10000023627217582,
0.27527118338242285
],
[
0.7663044666004223,
0.10000334441777599
],
[
0.899999911727223,
0.23382211162658226
],
[
0.13526884056648247,
0.10000010214562022
],
[
0.899999460185793,
0.8999996025878254
],
[
0.8758547786794202,
0.11967329620605541
],
[
0.7835084523288688,
0.877878759958592
],
[
0.887071762920621,
0.10000083757182135
],
[
0.10000066217775885,
0.15808831935861395
],
[
0.7924639863976725,
0.22327446634008485
],
[
0.8999994148901024,
0.899999421712678
],
[
0.8999998160889425,
0.10000159241713887
],
[
0.8999998235152739,
0.18504903287411437
],
[
0.8999990988636452,
0.8999986715653194
],
[
0.8999991527134638,
0.858292338927544
]
],
"half_couplers": [
{
"pose": [
[
0.9172472362722188,
0.3612800461242233,
0.1677326319576948,
282.2085145975444
],
[
0.3723703897601159,
-0.9272610989770445,
-0.03907873019666122,
227.17279135725914
],
[
0.14141357919547834,
0.09830352280749208,
-0.9850576719272639,
15.58330815406111
],
[
0.0,
0.0,
0.0,
1.0
]
],
"at_element": 0,
"to_element": 1
},
{
"pose": [
[
-0.87663916835103,
-0.36128004612409703,
0.3177742859096452,
282.19550845838444
],
[
-0.3736882887781068,
0.927261098977045,
0.023322031514708456,
227.20617290440052
],
[
-0.30308551820056484,
-0.09830352280794963,
-0.9478795208572881,
15.579769211594568
],
[
0.0,
0.0,
0.0,
1.0
]
],
"at_element": 1,
"to_element": 0
},
{
"pose": [
[
0.48627062645352226,
0.8575585356261229,
0.16773263195716812,
282.2044889547376
],
[
0.8724785274218477,
-0.48708733511975133,
-0.03907873019614927,
227.1737292606789
],
[
0.0481881420715009,
0.16534595834407048,
-0.985057671927374,
15.60694988843937
],
[
0.0,
0.0,
0.0,
1.0
]
],
"at_element": 0,
"to_element": 8
},
{
"pose": [
[
0.45443460516144607,
-0.8575585356265435,
-0.24100321077906595,
282.1735903197285
],
[
0.8680071381187088,
0.4870873351199212,
-0.09648593752844195,
227.191279472309
],
[
0.20013195098916475,
-0.16534595834138752,
0.9657162710928292,
15.600992319125059
],
[
0.0,
0.0,
0.0,
1.0
]
],
"at_element": 8,
"to_element": 0
},
{
"pose": [
[
-0.09729850367870774,
0.9431609111897495,
0.3177742859099931,
282.1878817229184
],
[
0.995222019554813,
0.09481146892284475,
0.023322031513824226,
227.20561316444432
],
[
-0.008132218339660019,
0.3185251653549747,
-0.9478795208571933,
15.602518775293667
],
[
0.0,
0.0,
0.0,
1.0
]
],
"at_element": 1,
"to_element": 72
},
{
"pose": [
[
0.3239900690338112,
-0.9431609111898726,
-0.07401304459995861,
282.1539278448827
],
[
-0.04886462467458774,
-0.09481146892224679,
0.9942952447921176,
227.20219994299504
],
[
-0.944797694547821,
-0.3185251653547878,
-0.07680517829435107,
15.591051840555949
],
[
0.0,
0.0,
0.0,
1.0
]
],
"at_element": 72,
"to_element": 1
},
{
"pose": [
[
-0.9302374292149678,
-0.18351519964851548,
0.3177742859098169,
282.4253098375701
],
[
-0.18582041581672015,
0.9823069051532537,
0.023322031513953057,
227.2230384446437
],
[
-0.31643182259884944,
-0.03735392330401334,
-0.9478795208572495,
14.89430147284684
],
[
0.0,
0.0,
0.0,
1.0
]
],
"at_element": 1,
"to_element": 2
},
{
"pose": [
[
-0.9829675147067976,
0.18351519964856647,
0.009850712110773714,
282.431916402036
],
[
-0.18299266435833259,
-0.9823069051532405,
0.03983502076442224,
227.18767530357096
],
[
0.016986754315677408,
0.037353923304120414,
0.9991577125717485,
14.89564621760276
],
[
0.0,
0.0,
0.0,
1.0
]
],
"at_element": 2,
"to_element": 1
},
{
"pose": [
[
-0.020254559836585084,
0.9997463259631096,
0.009850712110808768,
282.4316799628747
],
[
-0.9989932430816288,
-0.020631805493211974,
0.039835020764901655,
227.18671917382193
],
[
0.04002815363061443,
-0.00903395402656602,
0.999157712571729,
14.87166419388102
],
[
0.0,
0.0,
0.0,
1.0
]
],
"at_element": 2,
"to_element": 74
},
{
"pose": [
[
-0.01010969685156371,
-0.9997463259631088,
0.020126543489503268,
282.3956890096618
],
[
-0.05264532953223783,
0.02063180549322219,
0.9984001191308682,
227.1874619205837
],
[
-0.9985620978727419,
0.009033954026628266,
-0.05284055607800875,
14.871989416998382
],
[
0.0,
0.0,
0.0,
1.0
]
],
"at_element": 74,
"to_element": 2
},
{
"pose": [
[
0.9964743680107403,
0.08331744936390646,
0.009850712110732563,
282.4393461924622
],
[
-0.08364640873270206,
0.9956989753066906,
0.039835020764750664,
227.21772042645955
],
[
-0.006489391629220343,
-0.040518553832772156,
0.9991577125717358,
15.649249847849974
],
[
0.0,
0.0,
0.0,
1.0
]
],
"at_element": 2,
"to_element": 3
},
{
"pose": [
[
-0.876235413701391,
-0.0833174493638712,
-0.4746258551817953,
282.43634675761285
],
[
0.053834253611233736,
-0.9956989753067025,
0.0754017487284209,
227.1818751836106
],
[
-0.47886675904020853,
0.04051855383255076,
0.8769520362492156,
15.650708519032772
],
[
0.0,
0.0,
0.0,
1.0
]
],
"at_element": 3,
"to_element": 2
},
{
"pose": [
[
-0.18331153465669336,
-0.983005516125277,
0.009850712110596791,
282.4391097660092
],
[
0.9823447983217827,
-0.1827891362493752,
0.039835020764945786,
227.21676434810118
],
[
-0.03735744198876941,
0.016979014591113596,
0.9991577125717294,
15.625269113128295
],
[
0.0,
0.0,
0.0,
1.0
]
],
"at_element": 2,
"to_element": 73
},
{
"pose": [
[
0.014287606574332035,
0.9830055161252829,
-0.1830191781361819,
282.47449804973775
],
[
0.016031058267128195,
0.18278913624935222,
0.9830214325435899,
227.22334477283937
],
[
0.9997694081483055,
-0.016979014591022135,
-0.013146999441119966,
15.624657867132296
],
[
0.0,
0.0,
0.0,
1.0
]
],
"at_element": 73,
"to_element": 2
},
{
"pose": [
[
0.9780205402732052,
-0.12386116009542852,
0.16773263195789415,
282.0890700936691
],
[
-0.11894613688694894,
-0.9921313770695643,
-0.03907873019587643,
227.2006198095168
],
[
0.17125314398100536,
0.018268652218089987,
-0.9850576719272615,
16.284780035463125
],
[
0.0,
0.0,
0.0,
1.0
]
],
"at_element": 0,
"to_element": 3
},
{
"pose": [
[
0.8714291196721109,
0.12386116009584525,
-0.4746258551819541,
282.0935291686313
],
[
-0.09994952187587619,
0.9921313770694984,
0.07540174872617028,
227.2363371254155
],
[
0.4802305513649393,
-0.0182686522188191,
0.8769520362493232,
16.28412235318702
],
[
0.0,
0.0,
0.0,
1.0
]
],
"at_element": 3,
"to_element": 0
},
{
"pose": [
[
0.3353332902247653,
0.927047651765245,
0.16773263195806215,
282.0841711447352
],
[
0.9418928731922008,
-0.33363253479821475,
-0.03907873019762863,
227.20176117778487
],
[
0.0197332181048651,
0.17109056981804582,
-0.9850576719271631,
16.313550508896885
],
[
0.0,
0.0,
0.0,
1.0
]
],
"at_element": 0,
"to_element": 12
},
{
"pose": [
[
0.30495207313802264,
-0.9270476517652296,
-0.2181441826989564,
282.05079737315884
],
[
0.9364031156457152,
0.33363253479818245,
-0.108805040017166,
227.21377196923189
],
[
0.17364745347346622,
-0.17109056981819062,
0.9698322426180042,
16.307391238027567
],
[
0.0,
0.0,
0.0,
1.0
]
],
"at_element": 12,
"to_element": 0
},
{
"pose": [
[
0.7107970220114814,
0.5191318629140937,
-0.4746258551816915,
282.0642499061284
],
[
-0.5547943745762731,
0.8285636838693707,
0.07540174872865613,
227.2409885947151
],
[
0.4324011973134804,
0.20972441603246855,
0.8769520362492516,
16.33822077321915
],
[
0.0,
0.0,
0.0,
1.0
]
],
"at_element": 3,
"to_element": 12
},
{
"pose": [
[
-0.8263868491580941,
-0.5191318629144445,
-0.21814418269927752,
282.0455611319447
],
[
0.5492209801516604,
-0.8285636838696768,
-0.10880504001910843,
227.21116025881267
],
[
-0.12426218451245277,
-0.2097244160303914,
0.969832242617714,
16.33067068328625
],
[
0.0,
0.0,
0.0,
1.0
]
],
"at_element": 12,
"to_element": 3
},
{
"pose": [
[
0.0489044126253636,
-0.9800033100087038,
-0.19287786497613493,
282.1486526938176
],
[
-0.9973714499189876,
-0.058252120040124034,
0.04309154670381385,
226.79701298879232
],
[
-0.053465402946804935,
0.19026350906785802,
-0.9802761079435325,
15.629038367152912
],
[
0.0,
0.0,
0.0,
1.0
]
],
"at_element": 4,
"to_element": 72
},
{
"pose": [
[
0.18470403785713208,
0.9800033100088765,
-0.07401304459970015,
282.1839329251364
],
[
0.08935131053585571,
0.058252120040041655,
0.9942952447921924,
226.79911007178055
],
[
0.9787240477809852,
-0.19026350906699557,
-0.07680517829363565,
15.622188859051413
],
[
0.0,
0.0,
0.0,
1.0
]
],
"at_element": 72,
"to_element": 4
},
{
"pose": [
[
0.8003950782948046,
0.5063144228992049,
0.32095704355209087,
282.19887969140984
],
[
0.5277590012417968,
-0.8490741406682496,
0.023313949831272843,
226.64661349058946
],
[
0.2843205149997353,
0.15072759804600855,
-0.9468067574418586,
15.561267724553154
],
[
0.0,
0.0,
0.0,
1.0
]
],
"at_element": 5,
"to_element": 9
},
{
"pose": [
[
0.8004680236642414,
-0.5063144249188788,
-0.32077507105467007,
282.1806523413048
],
[
0.5277642861585413,
0.8490741413791191,
-0.023193979755037744,
226.67718021138563
],
[
0.2841052645528219,
-0.1507275872571998,
0.9468713709332405,
15.555841522059698
],
[
0.0,
0.0,
0.0,
1.0
]
],
"at_element": 9,
"to_element": 5
},
{
"pose": [
[
-0.0973762473015316,
-0.9421365193530516,
-0.320775069733899,
282.1589542188989
],
[
0.9952103932356519,
-0.09496479493382082,
-0.023193984541613588,
226.6756113054352
],
[
-0.0086104388511975,
-0.3214972264646993,
0.9468713712634339,
15.619890548479884
],
[
0.0,
0.0,
0.0,
1.0
]
],
"at_element": 9,
"to_element": 72
},
{
"pose": [
[
-0.3269569514942354,
0.9421365193530583,
-0.07401304459958452,
282.192871403845
],
[
0.04856597478502023,
0.0949647949338086,
0.9942952447921896,
226.67903006529323
],
[
0.943790494740637,
0.321497226464683,
-0.07680517829378042,
15.631464540853255
],
[
0.0,
0.0,
0.0,
1.0
]
],
"at_element": 72,
"to_element": 9
},
{
"pose": [
[
-0.9228064896181538,
-0.21310738569535614,
0.3209570452267885,
282.4269082962476
],
[
-0.21724557009203027,
0.9758385226571215,
0.02331394376237889,
226.66317722130796
],
[
-0.3181706224559533,
-0.048212237662831295,
-0.9468067570235934,
14.888595081700297
],
[
0.0,
0.0,
0.0,
1.0
]
],
"at_element": 5,
"to_element": 6
},
{
"pose": [
[
-0.9500267271170606,
0.21310738569537158,
0.22811063089064826,
282.43458018486797
],
[
-0.19544436949298866,
-0.9758385226571418,
0.09767638471920545,
226.62804693038498
],
[
0.24341470004240406,
0.04821223766234303,
0.9687233165062438,
14.890330727399672
],
[
0.0,
0.0,
0.0,
1.0
]
],
"at_element": 6,
"to_element": 5
},
{
"pose": [
[
-0.005492480226872765,
0.947077825619423,
0.3209570452271514,
282.41920519356825
],
[
0.9997259809552193,
-0.0021030999417688268,
0.023313943762481,
226.66261767695357
],
[
0.022755123908311498,
0.32099714825932835,
-0.9468067570234684,
14.911318837963796
],
[
0.0,
0.0,
0.0,
1.0
]
],
"at_element": 5,
"to_element": 74
},
{
"pose": [
[
0.3203724620929558,
-0.9470778256192319,
0.02012654348976073,
282.38511030832177
],
[
-0.05650468201910164,
0.0021030999414737295,
0.9984001191308804,
226.66269338873695
],
[
-0.9456049420568918,
-0.3209971482598932,
-0.05284055607767946,
14.89976291231724
],
[
0.0,
0.0,
0.0,
1.0
]
],
"at_element": 74,
"to_element": 5
},
{
"pose": [
[
0.1926596676380401,
0.9543834620006213,
0.22811063089060218,
282.60710392494843
],
[
-0.9798100537474523,
0.17444650309955734,
0.09767638471887945,
226.70192115160586
],
[
0.053427624325009304,
-0.24232338932931086,
0.9687233165062875,
15.62299175689339
],
[
0.0,
0.0,
0.0,
1.0
]
],
"at_element": 6,
"to_element": 73
},
{
"pose": [
[
-0.235915637238993,
-0.954383462000634,
-0.18301917813662016,
282.57274605886533
],
[
-0.05689710639947804,
-0.17444650309898058,
0.9830214325435147,
226.69564106626197
],
[
-0.9701064536376851,
0.2423233893296755,
-0.013146999440642348,
15.63171541451202
],
[
0.0,
0.0,
0.0,
1.0
]
],
"at_element": 73,
"to_element": 6
},
{
"pose": [
[
-0.17622383918338458,
-0.9306872101302893,
-0.32057210640255007,
282.5348486797482
],
[
0.9837851894299671,
-0.17755311299176624,
-0.025329688611929996,
226.7128423209193
],
[
-0.03334455820239429,
-0.3198377853957102,
0.9468853845484441,
15.619885698194299
],
[
0.0,
0.0,
0.0,
1.0
]
],
"at_element": 7,
"to_element": 73
},
{
"pose": [
[
-0.3167416886586769,
0.9306872101302405,
-0.18301917813617113,
282.5683534751531
],
[
-0.04630070438856826,
0.17755311299176846,
0.9830214325435915,
226.71923424364
],
[
0.9473810993674996,
0.31983778539585034,
-0.01314699944115616,
15.631399877658463
],
[
0.0,
0.0,
0.0,
1.0
]
],
"at_element": 73,
"to_element": 7
},
{
"pose": [
[
-0.9806767498105626,
0.03272982711353974,
-0.19287786497705922,
282.2869406545269
],
[
0.024858238349657336,
0.998761826757959,
0.043091546702994886,
226.76611757153927
],
[
0.19404942763930666,
0.03746427402503034,
-0.9802761079433868,
16.33186854372959
],
[
0.0,
0.0,
0.0,
1.0
]
],
"at_element": 4,
"to_element": 13
},
{
"pose": [
[
-0.738397917731475,
-0.032729827113470965,
-0.6735705408544412,
282.28576237831044
],
[
0.049425490426472714,
-0.9987618267579463,
-0.005651044791261047,
226.73016207130664
],
[
-0.672551586115091,
-0.03746427402542968,
0.7391013409444085,
16.330519827071285
],
[
0.0,
0.0,
0.0,
1.0
]
],
"at_element": 13,
"to_element": 4
},
{
"pose": [
[
-0.9466381907152643,
-0.033311566700658164,
-0.3205721064024112,
282.30072899724985
],
[
0.043722095483677885,
-0.9987225767155146,
-0.025329688613156695,
226.69434358526138
],
[
-0.3193188285175921,
-0.037994134845669644,
0.9468853845484583,
16.311413442391068
],
[
0.0,
0.0,
0.0,
1.0
]
],
"at_element": 7,
"to_element": 13
},
{
"pose": [
[
0.7383719022396764,
0.03331156670025113,
-0.6735705408544354,
282.3019282169725
],
[
-0.050212353575537876,
0.9987225767154643,
-0.005651044790897196,
226.73029769760387
],
[
0.6725218610062925,
0.03799413484734556,
0.7391013409444167,
16.312781235033874
],
[
0.0,
0.0,
0.0,
1.0
]
],
"at_element": 13,
"to_element": 7
},
{
"pose": [
[
0.08599566611037202,
0.7341031752447285,
-0.6735705408536221,
282.2695952671771
],
[
-0.9937786264595925,
0.11122997475889662,
-0.005651044790234427,
226.73002643433375
],
[
0.07077278433352358,
0.6698659722741132,
0.7391013409451628,
16.34825981537699
],
[
0.0,
0.0,
0.0,
1.0
]
],
"at_element": 13,
"to_element": 75
},
{
"pose": [
[
0.6619532761244443,
-0.7341031752447811,
-0.1513617795998891,
282.24316749863044
],
[
0.10267090913245158,
-0.1112299747611436,
0.9884768976220695,
226.7260221470244
],
[
-0.7424799961251691,
-0.6698659722736824,
0.0017419942030227897,
16.32414459088336
],
[
0.0,
0.0,
0.0,
1.0
]
],
"at_element": 75,
"to_element": 13
},
{
"pose": [
[
-0.7426640454325932,
0.6247940204707471,
-0.24100321077880874,
281.9919382871722
],
[
-0.6222458991962966,
-0.7768529492720655,
-0.09648593752815035,
227.11855485337614
],
[
-0.2475078919046572,
0.07830662290824184,
0.9657162710929225,
16.328884378945773
],
[
0.0,
0.0,
0.0,
1.0
]
],
"at_element": 8,
"to_element": 10
},
{
"pose": [
[
0.7656999832577067,
-0.6247940204703539,
-0.15276114566092575,
281.9694455822717
],
[
0.6292519009985298,
0.7768529492720416,
-0.023271018393427146,
227.14652170895826
],
[
0.13321253968333502,
-0.07830662291161386,
0.987989115364787,
16.32606532546068
],
[
0.0,
0.0,
0.0,
1.0
]
],
"at_element": 10,
"to_element": 8
},
{
"pose": [
[
-0.21851649642666593,
0.9638021442001766,
-0.15276114566393267,
281.96080309982557
],
[
-0.9741827182921655,
-0.22455843578854195,
-0.023271018393939018,
227.14520514795004
],
[
-0.056732461345358455,
0.1437321667245913,
0.9879891153643099,
16.381960943089858
],
[
0.0,
0.0,
0.0,
1.0
]
],
"at_element": 10,
"to_element": 64
},
{
"pose": [
[
-0.1586031965095871,
-0.9638021442002018,
-0.21431391203567435,
281.9261059217057
],
[
-0.049555464211063605,
0.22455843578474854,
-0.9731997559004693,
227.15328932175248
],
[
0.9860980083256266,
-0.1437321667303475,
-0.08337734838211341,
16.376786540210098
],
[
0.0,
0.0,
0.0,
1.0
]
],
"at_element": 64,
"to_element": 10
},
{
"pose": [
[
0.09723563668225421,
-0.6651440827147252,
-0.7403570626316625,
281.90765722496985
],
[
0.976391516986828,
0.20791881878123775,
-0.05856082609369184,
227.18573444174123
],
[
0.1928855528938273,
-0.7171841562849821,
0.6696581586590586,
16.353106214998174
],
[
0.0,
0.0,
0.0,
1.0
]
],
"at_element": 15,
"to_element": 64
},
{
"pose": [
[
0.7152991656212645,
0.6651440827150489,
-0.21431391203251135,
281.93160250942344
],
[
-0.09824459227351978,
-0.20791881877943696,
-0.9731997559013119,
227.17824933379492
],
[
-0.6918779543752877,
0.7171841562852037,
-0.08337734838040589,
16.37892494972672
],
[
0.0,
0.0,
0.0,
1.0
]
],
"at_element": 64,
"to_element": 15
},
{
"pose": [
[
-0.5409331810877627,
0.7774925390223602,
-0.3207750697339774,
281.92403416112694
],
[
-0.8161388002687529,
-0.5773902473864367,
-0.023193984541482082,
226.6586251593703
],
[
-0.20324554680030493,
0.2492505847286895,
0.9468713712634106,
16.313333082603116
],
[
0.0,
0.0,
0.0,
1.0
]
],
"at_element": 9,
"to_element": 11
},
{
"pose": [
[
0.5931435824092357,
-0.7774925390221935,
-0.20901206283743787,
281.89604437280775
],
[
0.804966060225358,
0.5773902473862591,
0.13656553045516226,
226.6794112505426
],
[
0.01450284565192378,
-0.24925058472961983,
0.9683304257741461,
16.304360043307117
],
[
0.0,
0.0,
0.0,
1.0
]
],
"at_element": 11,
"to_element": 9
},
{
"pose": [
[
-0.9278500591105776,
0.3088822192952594,
-0.2090120628378499,
281.88557490287445
],
[
-0.34045770740019343,
-0.93028942021452,
0.1365655304560303,
226.68625185436048
],
[
-0.1522590466287712,
0.1978721032388546,
0.9683304257739347,
16.352863972412855
],
[
0.0,
0.0,
0.0,
1.0
]
],
"at_element": 11,
"to_element": 16
},
{
"pose": [
[
0.6733672343646668,
-0.30888221929541915,
-0.6716906596694764,
281.874455113208
],
[
0.36082665542060677,
0.9302894202145452,
-0.06607359060066398,
226.71974236315478
],
[
0.6452756716489926,
-0.19787210323848586,
0.7378793521558382,
16.345740557624218
],
[
0.0,
0.0,
0.0,
1.0
]
],
"at_element": 16,
"to_element": 11
},
{
"pose": [
[
-0.11702132896041473,
0.7315310425945567,
-0.6716906596706993,
281.85833427626983
],
[
-0.9740475409547973,
-0.21648479989321578,
-0.06607359060249801,
226.71815657129557
],
[
-0.19374570067036484,
0.6465266159530596,
0.7378793521545608,
16.3634499489116
],
[
0.0,
0.0,
0.0,
1.0
]
],
"at_element": 16,
"to_element": 64
},
{
"pose": [
[
-0.647249473411414,
-0.7315310425930943,
-0.21431391203397693,
281.8319990835921
],
[
0.0775665297090466,
0.21648479989000402,
-0.9731997559008532,
226.7259500463295
],
[
0.7583215364458156,
-0.6465266159557896,
-0.08337734838199329,
16.340174924324728
],
[
0.0,
0.0,
0.0,
1.0
]
],
"at_element": 64,
"to_element": 16
},
{
"pose": [
[
-0.984495092920844,
-0.0862174251006208,
-0.1527611456614442,
281.8476274561375
],
[
0.09080058601040639,
-0.9955971641598702,
-0.02327101839178781,
227.12796442568143
],
[
-0.15008219612913756,
-0.036781004959666,
0.9879891153647453,
17.113929164485935
],
[
0.0,
0.0,
0.0,
1.0
]
],
"at_element": 10,
"to_element": 19
},
{
"pose": [
[
0.6663882167912716,
0.08621742510045653,
-0.7406033352144699,
281.85073128836063
],
[
-0.08507384103505163,
0.9955971641598755,
0.03935388530191889,
227.1638059803993
],
[
0.7407355709653021,
0.036781004959910914,
0.6707890663843941,
17.115253282763177
],
[
0.0,
0.0,
0.0,
1.0
]
],
"at_element": 19,
"to_element": 10
},
{
"pose": [
[
-0.9575233024560277,
-0.18857953443677355,
-0.2181441826987648,
281.87705626937674
],
[
0.21589109140275842,
-0.9703362818733632,
-0.10880504001700836,
227.12711411058172
],
[
-0.19115481136144113,
-0.15127874692694515,
0.9698322426180649,
17.079814881102998
],
[
0.0,
0.0,
0.0,
1.0
]
],
"at_element": 12,
"to_element": 19
},
{
"pose": [
[
0.6449375621415141,
0.18857953443643855,
-0.7406033352144027,
281.8838451659698
],
[
-0.23853463436532035,
0.9703362818733572,
0.03935388530236341,
227.16204638834867
],
[
0.7260556240035357,
0.1512787469274013,
0.6707890663844422,
17.085260942748423
],
[
0.0,
0.0,
0.0,
1.0
]
],
"at_element": 19,
"to_element": 12
},
{
"pose": [
[
0.806054799650539,
0.5884360026513151,
-0.06339345978940539,
281.81985540590733
],
[
0.25661030033928933,
-0.4439990378301901,
-0.8584963646781767,
227.15058830825885
],
[
-0.5333168042731349,
0.6757277004752777,
-0.5088862948540509,
17.186731653137667
],
[
0.0,
0.0,
0.0,
1.0
]
],
"at_element": 14,
"to_element": 19
},
{
"pose": [
[
0.324422210480947,
-0.5884360026511068,
-0.7406033352143659,
281.7986716699686
],
[
0.8951626255143768,
0.4439990378299338,
0.0393538853012082,
227.16657230368412
],
[
0.3056699252933854,
-0.6757277004756276,
0.6707890663845504,
17.162405410166702
],
[
0.0,
0.0,
0.0,
1.0
]
],
"at_element": 19,
"to_element": 14
},
{
"pose": [
[
0.9560483038147901,
-0.20563462344961939,
-0.2090120628375217,
281.7718292270958
],
[
0.23675441897408747,
0.9619236981114543,
0.13656553045269518,
226.76057167274266
],
[
0.17297105500373502,
-0.18004777324453916,
0.9683304257744759,
16.87983546468577
],
[
0.0,
0.0,
0.0,
1.0
]
],
"at_element": 11,
"to_element": 13
},
{
"pose": [
[
-0.7099416371300187,
0.2056346234510115,
-0.6735705408547126,
281.7792384706161
],
[
-0.27325970193729876,
-0.9619236981122423,
-0.0056510447889520365,
226.7259124951795
],
[
-0.6490855160657092,
0.18004777323874016,
0.7391013409441789,
16.886322785618674
],
[
0.0,
0.0,
0.0,
1.0
]
],
"at_element": 13,
"to_element": 11
},
{
"pose": [
[
0.23444576453332155,
