{
"contact_id_pairs": [
[
0,
1
],
[
0,
5
],
[
1,
2
],
[
1,
6
],
[
2,
3
],
[
2,
7
],
[
4,
8
],
[
4,
12
],
[
11,
12
],
[
5,
8
],
[
5,
13
],
[
9,
13
],
[
6,
9
],
[
6,
14
],
[
10,
14
],
[
7,
10
],
[
7,
15
],
[
11,
15
],
[
12,
16
],
[
12,
20
],
[
19,
20
],
[
13,
16
],
[
13,
21
],
[
17,
21
],
[
14,
17
],
[
14,
22
],
[
18,
22
],
[
15,
18
],
[
15,
23
],
[
19,
23
],
[
20,
24
],
[
20,
28
],
[
27,
28
],
[
21,
24
],
[
21,
29
],
[
25,
29
],
[
22,
25
],
[
22,
30
],
[
26,
30
],
[
23,
26
],
[
23,
31
],
[
27,
31
],
[
28,
32
],
[
28,
36
],
[
35,
36
],
[
29,
32
],
[
29,
37
],
[
33,
37
],
[
30,
33
],
[
30,
38
],
[
34,
38
],
[
31,
34
],
[
31,
39
],
[
35,
39
],
[
36,
40
],
[
36,
44
],
[
43,
44
],
[
37,
40
],
[
37,
45
],
[
41,
45
],
[
38,
41
],
[
38,
46
],
[
42,
46
],
[
39,
42
],
[
39,
47
],
[
43,
47
],
[
44,
48
],
[
44,
52
],
[
51,
52
],
[
45,
48
],
[
45,
53
],
[
49,
53
],
[
46,
49
],
[
46,
54
],
[
50,
54
],
[
47,
50
],
[
47,
55
],
[
51,
55
],
[
52,
56
],
[
52,
60
],
[
59,
60
],
[
53,
56
],
[
53,
61
],
[
57,
61
],
[
54,
57
],
[
54,
62
],
[
58,
62
],
[
55,
58
],
[
55,
63
],
[
59,
63
],
[
60,
64
],
[
60,
68
],
[
67,
68
],
[
61,
64
],
[
61,
69
],
[
65,
69
],
[
62,
65
],
[
62,
70
],
[
66,
70
],
[
63,
66
],
[
63,
71
],
[
67,
71
],
[
68,
72
],
[
68,
75
],
[
69,
72
],
[
69,
73
],
[
70,
73
],
[
70,
74
],
[
71,
74
],
[
71,
75
],
[
0,
4
],
[
3,
4
]
],
"contact_t_bound_pairs": [
[
[
0.6,
0.9
],
[
0.1,
0.4
]
],
[
[
0.6,
0.9
],
[
0.1,
0.4
]
],
[
[
0.6,
0.9
],
[
0.6,
0.9
]
],
[
[
0.6,
0.9
],
[
0.1,
0.4
]
],
[
[
0.1,
0.4
],
[
0.6,
0.9
]
],
[
[
0.1,
0.4
],
[
0.1,
0.4
]
],
[
[
0.6,
0.9
],
[
0.1,
0.4
]
],
[
[
0.6,
0.9
],
[
0.1,
0.4
]
],
[
[
0.1,
0.4
],
[
0.1,
0.4
]
],
[
[
0.6,
0.9
],
[
0.6,
0.9
]
],
[
[
0.6,
0.9
],
[
0.1,
0.4
]
],
[
[
0.1,
0.4
],
[
0.1,
0.4
]
],
[
[
0.6,
0.9
],
[
0.6,
0.9
]
],
[
[
0.6,
0.9
],
[
0.1,
0.4
]
],
[
[
0.6,
0.9
],
[
0.1,
0.4
]
],
[
[
0.6,
0.9
],
[
0.1,
0.4
]
],
[
[
0.6,
0.9
],
[
0.1,
0.4
]
],
[
[
0.6,
0.9
],
[
0.1,
0.4
]
],
[
[
0.6,
0.9
],
[
0.1,
0.4
]
],
[
[
0.6,
0.9
],
[
0.1,
0.4
]
],
[
[
0.1,
0.4
],
[
0.1,
0.4
]
],
[
[
0.6,
0.9
],
[
0.6,
0.9
]
],
[
[
0.6,
0.9
],
[
0.1,
0.4
]
],
[
[
0.1,
0.4
],
[
0.1,
0.4
]
],
[
[
0.6,
0.9
],
[
0.6,
0.9
]
],
[
[
0.6,
0.9
],
[
0.1,
0.4
]
],
[
[
0.6,
0.9
],
[
0.1,
0.4
]
],
[
[
0.6,
0.9
],
[
0.1,
0.4
]
],
[
[
0.6,
0.9
],
[
0.1,
0.4
]
],
[
[
0.6,
0.9
],
[
0.1,
0.4
]
],
[
[
0.6,
0.9
],
[
0.1,
0.4
]
],
[
[
0.6,
0.9
],
[
0.1,
0.4
]
],
[
[
0.1,
0.4
],
[
0.1,
0.4
]
],
[
[
0.6,
0.9
],
[
0.6,
0.9
]
],
[
[
0.6,
0.9
],
[
0.1,
0.4
]
],
[
[
0.1,
0.4
],
[
0.1,
0.4
]
],
[
[
0.6,
0.9
],
[
0.6,
0.9
]
],
[
[
0.6,
0.9
],
[
0.1,
0.4
]
],
[
[
0.6,
0.9
],
[
0.1,
0.4
]
],
[
[
0.6,
0.9
],
[
0.1,
0.4
]
],
[
[
0.6,
0.9
],
[
0.1,
0.4
]
],
[
[
0.6,
0.9
],
[
0.1,
0.4
]
],
[
[
0.6,
0.9
],
[
0.1,
0.4
]
],
[
[
0.6,
0.9
],
[
0.1,
0.4
]
],
[
[
0.1,
0.4
],
[
0.1,
0.4
]
],
[
[
0.6,
0.9
],
[
0.6,
0.9
]
],
[
[
0.6,
0.9
],
[
0.1,
0.4
]
],
[
[
0.1,
0.4
],
[
0.1,
0.4
]
],
[
[
0.6,
0.9
],
[
0.6,
0.9
]
],
[
[
0.6,
0.9
],
[
0.1,
0.4
]
],
[
[
0.6,
0.9
],
[
0.1,
0.4
]
],
[
[
0.6,
0.9
],
[
0.1,
0.4
]
],
[
[
0.6,
0.9
],
[
0.1,
0.4
]
],
[
[
0.6,
0.9
],
[
0.1,
0.4
]
],
[
[
0.6,
0.9
],
[
0.1,
0.4
]
],
[
[
0.6,
0.9
],
[
0.1,
0.4
]
],
[
[
0.1,
0.4
],
[
0.1,
0.4
]
],
[
[
0.6,
0.9
],
[
0.6,
0.9
]
],
[
[
0.6,
0.9
],
[
0.1,
0.4
]
],
[
[
0.1,
0.4
],
[
0.1,
0.4
]
],
[
[
0.6,
0.9
],
[
0.6,
0.9
]
],
[
[
0.6,
0.9
],
[
0.1,
0.4
]
],
[
[
0.6,
0.9
],
[
0.1,
0.4
]
],
[
[
0.6,
0.9
],
[
0.1,
0.4
]
],
[
[
0.6,
0.9
],
[
0.1,
0.4
]
],
[
[
0.6,
0.9
],
[
0.1,
0.4
]
],
[
[
0.6,
0.9
],
[
0.1,
0.4
]
],
[
[
0.6,
0.9
],
[
0.1,
0.4
]
],
[
[
0.1,
0.4
],
[
0.1,
0.4
]
],
[
[
0.6,
0.9
],
[
0.6,
0.9
]
],
[
[
0.6,
0.9
],
[
0.1,
0.4
]
],
[
[
0.1,
0.4
],
[
0.1,
0.4
]
],
[
[
0.6,
0.9
],
[
0.6,
0.9
]
],
[
[
0.6,
0.9
],
[
0.1,
0.4
]
],
[
[
0.6,
0.9
],
[
0.1,
0.4
]
],
[
[
0.6,
0.9
],
[
0.1,
0.4
]
],
[
[
0.6,
0.9
],
[
0.1,
0.4
]
],
[
[
0.6,
0.9
],
[
0.1,
0.4
]
],
[
[
0.6,
0.9
],
[
0.1,
0.4
]
],
[
[
0.6,
0.9
],
[
0.1,
0.4
]
],
[
[
0.1,
0.4
],
[
0.1,
0.4
]
],
[
[
0.6,
0.9
],
[
0.6,
0.9
]
],
[
[
0.6,
0.9
],
[
0.1,
0.4
]
],
[
[
0.1,
0.4
],
[
0.1,
0.4
]
],
[
[
0.6,
0.9
],
[
0.6,
0.9
]
],
[
[
0.6,
0.9
],
[
0.1,
0.4
]
],
[
[
0.6,
0.9
],
[
0.1,
0.4
]
],
[
[
0.6,
0.9
],
[
0.1,
0.4
]
],
[
[
0.6,
0.9
],
[
0.1,
0.4
]
],
[
[
0.6,
0.9
],
[
0.1,
0.4
]
],
[
[
0.6,
0.9
],
[
0.1,
0.4
]
],
[
[
0.6,
0.9
],
[
0.1,
0.4
]
],
[
[
0.1,
0.4
],
[
0.1,
0.4
]
],
[
[
0.6,
0.9
],
[
0.6,
0.9
]
],
[
[
0.6,
0.9
],
[
0.1,
0.4
]
],
[
[
0.1,
0.4
],
[
0.1,
0.4
]
],
[
[
0.6,
0.9
],
[
0.6,
0.9
]
],
[
[
0.6,
0.9
],
[
0.1,
0.4
]
],
[
[
0.6,
0.9
],
[
0.1,
0.4
]
],
[
[
0.6,
0.9
],
[
0.1,
0.4
]
],
[
[
0.6,
0.9
],
[
0.1,
0.4
]
],
[
[
0.6,
0.9
],
[
0.1,
0.4
]
],
[
[
0.6,
0.9
],
[
0.1,
0.4
]
],
[
[
0.6,
0.9
],
[
0.1,
0.4
]
],
[
[
0.6,
0.9
],
[
0.6,
0.9
]
],
[
[
0.6,
0.9
],
[
0.1,
0.4
]
],
[
[
0.6,
0.9
],
[
0.6,
0.9
]
],
[
[
0.6,
0.9
],
[
0.6,
0.9
]
],
[
[
0.6,
0.9
],
[
0.1,
0.4
]
],
[
[
0.6,
0.9
],
[
0.6,
0.9
]
],
[
[
0.1,
0.4
],
[
0.1,
0.4
]
],
[
[
0.1,
0.4
],
[
0.1,
0.4
]
]
],
"line_pt_pairs": [
[
[
35.513902712563194,
0.010531044665177134,
5.746931380342304
],
[
35.54712242731309,
-0.56,
5.636301721674922
]
],
[
[
35.49761893438157,
-0.47580741712450164,
5.5556200829043725
],
[
35.5880648985607,
-0.53877919772874,
6.549528030343924
]
],
[
[
35.54931144832255,
0.02390858753562705,
6.537173284765296
],
[
35.54007349844043,
-0.5927291627238699,
6.417580567161839
]
],
[
[
35.481537692497625,
-0.006369578388291302,
5.656240129617496
],
[
35.595144774266345,
-0.06710221550955922,
6.611988516512972
]
],
[
[
35.501344977601725,
-0.05618590376535989,
5.639043208372046
],
[
35.308209146424346,
0.034607657238294044,
6.531736165416073
]
],
[
[
35.53053649086232,
-0.5078112231655821,
5.542025175259787
],
[
35.31189061449497,
-0.464388954509212,
6.51686261576122
]
],
[
[
35.59467758777396,
-0.5681674912364,
6.354114531560704
],
[
35.36604651533534,
-0.5636748657524558,
7.298572262485851
]
],
[
[
35.53603372663169,
-0.04033608610491694,
6.419683288092877
],
[
35.309767410588016,
0.006687894469535308,
7.3926129996558325
]
],
[
[
35.381724116332386,
0.07765960945354625,
6.403274028280257
],
[
35.29340403195982,
-0.5456079594913318,
6.382726680780353
]
],
[
[
35.25499486203051,
-0.4758249739845409,
6.403299893859116
],
[
35.49418338175684,
-0.5451150306471851,
7.195301809997444
]
],
[
[
35.3027230295158,
0.06679244052215824,
7.265117327910628
],
[
35.30311704008806,
-0.5911466643919963,
7.252009998896045
]
],
[
[
35.276453127152095,
0.012561647834555123,
6.39054738846599
],
[
35.39700251390875,
0.013884629922737226,
7.296021459561723
]
],
[
[
35.354301249304044,
0.06572584265466759,
6.348424152738608
],
[
34.88183452519504,
-0.049354784010739665,
7.215387164399064
]
],
[
[
35.36482340333728,
-0.4258303292726611,
6.327236045814511
],
[
34.88452042518832,
-0.5415897756307644,
7.196666072245323
]
],
[
[
35.45456328833004,
-0.5306975687986389,
7.127521774626093
],
[
34.81520848035296,
-0.5053815999208239,
7.896016582474397
]
],
[
[
35.43537788708954,
0.06298471684554537,
7.12591921811451
],
[
34.85841229428852,
-0.07686740009468962,
7.930625398073059
]
],
[
[
34.936243792459585,
0.034697431582621535,
7.041863461875208
],
[
34.91779331924498,
-0.596512726544346,
7.060298640207648
]
],
[
[
34.80746296619177,
-0.5104153475922112,
7.0838525379520325
],
[
35.041430046560464,
-0.5592247701631158,
7.856880622435173
]
],
[
[
34.912243818190944,
0.004463426920680596,
7.77970451530723
],
[
34.91860322317292,
-0.561203290885033,
7.896203404003837
]
],
[
[
34.8487758250227,
-0.04113431377810194,
7.121507649890142
],
[
34.96216761187797,
-0.08229832272660619,
7.931544833418689
]
],
[
[
35.003504078909,
0.004390531704258906,
7.065657051848073
],
[
34.28337904374205,
-0.06386032649175968,
7.75613633539022
]
],
[
[
34.97829461167181,
-0.5617843494105147,
7.019201546358956
],
[
34.33830651024023,
-0.5220556633387303,
7.78655836854792
]
],
[
[
34.970478363680705,
-0.49920742814547336,
7.765517761440087
],
[
34.33392303499415,
-0.5830302668116513,
8.532179927805322
]
],
[
[
35.022508678212404,
-0.04596350215142666,
7.778987031290079
],
[
34.33902267530718,
-0.009947777937820639,
8.508061569628575
]
],
[
[
34.3667616469942,
0.0022795199617022467,
7.61851037115197
],
[
34.39264155557492,
-0.5895167041414994,
7.674111202772257
]
],
[
[
34.281457883395504,
-0.5119557449403621,
7.6645335476606835
],
[
34.522690360772266,
-0.6136189756913497,
8.461012584531005
]
],
[
[
34.45790380288157,
0.0505640090023728,
8.434959780676795
],
[
34.37913745768766,
-0.6032363430395492,
8.508229797675803
]
],
[
[
34.25826090919995,
-0.05913223651372483,
7.653534190446791
],
[
34.3249908377644,
-0.01627424435606272,
8.562166462272138
]
],
[
[
34.451605505285194,
-0.026672835197478196,
7.6536667680331405
],
[
33.550165210657156,
0.011021733089023626,
8.08492593342133
]
],
[
[
34.49587664323341,
-0.5660291148226969,
7.681771297040863
],
[
33.54726599514951,
-0.5257063603747035,
7.970149343362304
]
],
[
[
34.490040095991276,
-0.5333957102771943,
8.423185309607481
],
[
33.5568846955106,
-0.5874540755511638,
8.778570518206283
]
],
[
[
34.49082440703579,
0.027354112457935193,
8.384414657060493
],
[
33.597013829906814,
-0.03412536502823059,
8.81906667576204
]
],
[
[
33.68623259714379,
0.0728889123019458,
7.981973382765756
],
[
33.67430911149559,
-0.5988220380439014,
7.967313722938355
]
],
[
[
33.49919726903953,
-0.5263973337923991,
7.883288610901769
],
[
33.784838464947995,
-0.5413587264011042,
8.794205551814658
]
],
[
[
33.80096818104675,
0.03825074210795031,
8.768077563409332
],
[
33.604147454017344,
-0.6121365419083273,
8.779374052252276
]
],
[
[
33.53828542383911,
0.0734639337572804,
7.933782620640825
],
[
33.57988183392767,
-0.045611458229054096,
8.866743322425386
]
],
[
[
33.734153291856146,
0.056958938848305316,
8.037493337662823
],
[
32.75063659026672,
-0.10497682343736937,
7.957046606146557
]
],
[
[
33.74276654989768,
-0.5634579502238818,
7.935769748411746
],
[
32.75804893616581,
-0.5654308376530687,
8.109916795010763
]
],
[
[
33.74758605711142,
-0.5394891063412972,
8.7421793141488
],
[
32.74979844506755,
-0.6059702870271424,
8.742497686609992
]
],
[
[
33.78005055425389,
0.012095826696754141,
8.78425286228736
],
[
32.826665320612555,
-0.029395360637199823,
8.713944557795708
]
],
[
[
32.91575914621574,
0.009829642550512711,
7.911982144537676
],
[
32.88933357881998,
-0.6378937522264033,
8.065980428475758
]
],
[
[
32.72945401939386,
-0.6323268685767546,
7.935534912309918
],
[
32.860947429308766,
-0.555462204868427,
8.833723705728357
]
],
[
[
32.96358748589452,
0.038403292518364635,
8.762707405745704
],
[
32.772679058955184,
-0.6019259124948275,
8.722648973806479
]
],
[
[
32.74712266860706,
-0.09188552979693224,
7.855272559319194
],
[
32.78976354253552,
-0.024609070951902085,
8.781886121991691
]
],
[
[
32.93229795896883,
-0.07098160965125869,
8.028641438104133
],
[
32.03496975695255,
0.037891620109978714,
7.600916409570135
]
],
[
[
32.94007567500099,
-0.609954627240157,
8.13980696952593
],
[
32.09656650391723,
-0.5192978985873774,
7.6177075609046145
]
],
[
[
33.03473755850672,
-0.5731263955692628,
8.798833429642324
],
[
32.133867461584366,
-0.44329966354328904,
8.384613597410832
]
],
[
[
33.007143916832945,
0.01583698414611114,
8.75769670962251
],
[
32.14124983817292,
-0.035622151994556164,
8.374959144938659
]
],
[
[
32.230893438318745,
0.08395868849975814,
7.6535139476648775
],
[
32.256138762120685,
-0.603096792450371,
7.674695019476272
]
],
[
[
32.12596372175262,
-0.5077326051116738,
7.590464715768922
],
[
32.26678938359482,
-0.41514649335012266,
8.524876220759275
]
],
[
[
32.246662451142825,
0.03263732860634895,
8.454768435286281
],
[
32.156345927791264,
-0.5501493273374586,
8.474547340928641
]
],
[
[
32.21846150181742,
0.0470707614358145,
7.603322812845219
],
[
32.117803334584934,
-0.058516513304222466,
8.447196130539686
]
],
[
[
32.26445978414135,
0.08678922589283262,
7.762710393274932
],
[
31.590673135204845,
-0.07546747640445135,
7.041819074656754
]
],
[
[
32.245461423616426,
-0.523322637012945,
7.754206792312421
],
[
31.40866856616073,
-0.611723877023556,
7.213870956720821
]
],
[
[
32.29062020889288,
-0.4507291296944003,
8.508623987718991
],
[
31.469206256843773,
-0.6500386823913602,
7.974250709868567
]
],
[
[
32.299362446629594,
0.0135765552472594,
8.478346642756076
],
[
31.579829569360463,
-0.06902990785200452,
7.788819032106825
]
],
[
[
31.749295715811513,
0.045964226254603,
7.225225479925994
],
[
31.55503926712797,
-0.6502794361703811,
7.37665852899108
]
],
[
[
31.457341222728253,
-0.5265058286699441,
7.171123052640785
],
[
31.54984238247831,
-0.6036798235873985,
8.127081237961848
]
],
[
[
31.724431397428464,
0.024552175307016946,
7.954880657372286
],
[
31.577935466904087,
-0.6541731773158881,
8.025823461432232
]
],
[
[
31.656183612355598,
-0.08246000392715609,
7.065717967114679
],
[
31.540110228528338,
-0.05824112129968029,
7.94494998302879
]
],
[
[
31.70817647347022,
-0.04746471275187613,
7.232317764195882
],
[
31.09985244980588,
-0.014318225706824875,
6.439321444534588
]
],
[
[
31.543988124408724,
-0.5819271413439429,
7.358403786561182
],
[
30.902378286795834,
-0.4862072810405728,
6.597368689980482
]
],
[
[
31.678296444595745,
-0.5948871291642508,
8.174794508791768
],
[
31.036666629802298,
-0.49929062448889777,
7.413760695066399
]
],
[
[
31.691852318018785,
-0.042825788170062856,
7.952819491612828
],
[
31.100104028222827,
0.03182962337621257,
7.171270823074708
]
],
[
[
31.167517035400135,
0.060914349399365415,
6.543872290127274
],
[
30.97858043811378,
-0.6116975636874505,
6.691253771643348
]
],
[
[
31.033836239189192,
-0.48869607149195915,
6.6614516116992695
],
[
31.1157715666731,
-0.4718230972754362,
7.580520653844278
]
],
[
[
31.187699726155646,
0.08846320575252713,
7.326627664674551
],
[
31.182390019748038,
-0.5590883855092109,
7.509821950442951
]
],
[
[
31.243553496219928,
0.009113464909588129,
6.465407131044138
],
[
31.129726509787048,
-0.0520385449613388,
7.286636161085602
]
],
[
[
31.237331535644536,
0.04691911964288106,
6.698595015182439
],
[
30.934410792077053,
-0.11864632709452207,
5.760071179981573
]
],
[
[
31.104566644587646,
-0.5209651375098867,
6.923287176121063
],
[
30.548144700478034,
-0.5257461011418397,
6.092401096995038
]
],
[
[
31.208154383391413,
-0.4820731989449366,
7.5940156672747126
],
[
30.657372441540865,
-0.547601076744056,
6.761942775604548
]
],
[
[
31.181432233555647,
-0.012110475596806124,
7.335092279736863
],
[
30.890043803169178,
0.0,
6.497633670233021
]
],
[
[
30.982738711162668,
-0.01049652584177555,
5.814339052967847
],
[
30.58637205538103,
-0.6093358286690379,
6.199237400817315
]
],
[
[
30.693074343117562,
-0.4779494346576573,
5.995217374590645
],
[
30.707823887967855,
-0.5086623113955094,
6.940972233078736
]
],
[
[
30.99624318823182,
0.03990873786070653,
6.588415724376375
],
[
30.69613299534089,
-0.5770539021052993,
6.955342101612824
]
],
[
[
30.97562651670147,
-0.08129228908398409,
5.732785185078067
],
[
30.92679151667185,
0.04495517292832777,
6.671377244350568
]
]
],
"contact_t_pairs": [
[
0.8587698553595723,
0.10000007221276662
],
[
0.8999999608975238,
0.10000006009427412
],
[
0.8759998508445829,
0.8999996487228886
],
[
0.899999937694778,
0.10000012264329555
],
[
0.13820529651719718,
0.8999999495267913
],
[
0.10000031287424724,
0.10000002715272768
],
[
0.8447922068417043,
0.10000017209611003
],
[
0.8999999250734831,
0.10000008997640478
],
[
0.10000029020523943,
0.1540429405402964
],
[
0.8733609031360711,
0.8701952547300574
],
[
0.8999999487394518,
0.10000004232557988
],
[
0.1000003416509874,
0.18284358859625657
],
[
0.7008924595082137,
0.7753327200348618
],
[
0.8999999217191234,
0.10000004456021874
],
[
0.8999996406383677,
0.1936642931537904
],
[
0.8759978586409275,
0.10000018945319021
],
[
0.8999999814959927,
0.20426687849504935
],
[
0.8999999025007689,
0.10000001605704424
],
[
0.8217942108638575,
0.10000060004709327
],
[
0.8999999676753933,
0.10000003041379227
],
[
0.10000082532967527,
0.20114161011193943
],
[
0.8607248350776887,
0.8867890118856536
],
[
0.8999999590913674,
0.10000005104822916
],
[
0.1382775064468967,
0.22203283429190887
],
[
0.7239575103110975,
0.7744637275544988
],
[
0.8999999607925512,
0.10000004010163731
],
[
0.8999982369631159,
0.12514129451612452
],
[
0.8558250589393556,
0.11646966793178613
],
[
0.8999999824975302,
0.12400003718128604
],
[
0.8999993683716145,
0.10000001879497597
],
[
0.8464266807916226,
0.10000118837292547
],
[
0.8999999820413687,
0.10000001678899391
],
[
0.10000013557482987,
0.20633979235473254
],
[
0.8759997764153421,
0.8999995092848097
],
[
0.8999999526685737,
0.10000005491178103
],
[
0.10000021524068173,
0.20340681774891434
],
[
0.758769197000615,
0.8516462738537487
],
[
0.899999966872723,
0.10000001613334246
],
[
0.8999997683744867,
0.12400002390142707
],
[
0.8759999351893305,
0.10000020480078999
],
[
0.8999999790194454,
0.10000005920928116
],
[
0.8999998260437952,
0.19655130390502423
],
[
0.8331868234025986,
0.10000017611249418
],
[
0.899999985791143,
0.10000001123755842
],
[
0.10000006753056673,
0.18864157402388698
],
[
0.8758135336465491,
0.8999997193796778
],
[
0.8999999765494527,
0.10000003081319958
],
[
0.10000005504967602,
0.21837314177829478
],
[
0.784549526845403,
0.8999993831083164
],
[
0.8999999864320561,
0.10000000976249357
],
[
0.8999998627742334,
0.12400002204852602
],
[
0.8115901661823663,
0.10000017374232424
],
[
0.8999999750434868,
0.10000004583665022
],
[
0.8902817736171579,
0.2167286276891499
],
[
0.8404514770268505,
0.15037657606524577
],
[
0.8999999903235759,
0.10000000678215702
],
[
0.10000006690417827,
0.1953139099570681
],
[
0.8578014476919293,
0.8999998071913562
],
[
0.8999999668530647,
0.10000006621705496
],
[
0.10000006557274943,
0.22673690737003918
],
[
0.8999999900968773,
0.8953743827227612
],
[
0.8025371285716633,
0.10000000706023023
],
[
0.8999998893906139,
0.25335434012279495
],
[
0.8736996512139521,
0.1000002098966511
],
[
0.8999999164884511,
0.10000009551299563
],
[
0.8698371912358588,
0.25861390447399707
],
[
0.7960588264785675,
0.10000014780481949
],
[
0.8999999937154006,
0.1896685961824432
],
[
0.10000014454119226,
0.10000000739014947
],
[
0.836254735258402,
0.8999997674393788
],
[
0.8999999048949874,
0.10000002818144231
],
[
0.10000006901745742,
0.12400006260335673
],
[
0.8759999462763473,
0.8999997322643323
],
[
0.8999999933320549,
0.10000000793417656
],
[
0.8647227214468729,
0.12400062896879896
],
[
0.8717641934535212,
0.10000058642154616
],
[
0.8999999510285333,
0.10000004712682559
],
[
0.8368451491491342,
0.23976800671619164
],
[
0.7546721147239528,
0.10000004970343916
],
[
0.8999999921980799,
0.12400001322512838
],
[
0.10000013049497619,
0.10000000735093512
],
[
0.7787387583644305,
0.8999999464900967
],
[
0.8999999681882089,
0.10000002629391641
],
[
0.10000008182712716,
0.12400013765283587
],
[
0.8999999924515658,
0.8999998720340443
],
[
0.8015595789009526,
0.10000000800093763
],
[
0.8999998523664973,
0.17458681734976383
],
[
0.7849755150745502,
0.10000030773285887
],
[
0.899999957114455,
0.10000004099447656
],
[
0.8201572682473557,
0.21281293697869133
],
[
0.8759999528386744,
0.10000032933851423
],
[
0.8999999894810458,
0.20281529521440006
],
[
0.16970184965700977,
0.10000001982164641
],
[
0.8759999444816656,
0.8489953350211822
],
[
0.8999999710427282,
0.2842488291985535
],
[
0.19369168511394275,
0.10000001628499311
],
[
0.8999999911532747,
0.8999999062962333
],
[
0.8759999785363383,
0.12400002456103895
],
[
0.8999987990110845,
0.10000001397706385
],
[
0.8056368472677751,
0.10000020472726867
],
[
0.8999999279872101,
0.10000005723688238
],
[
0.8999997655931871,
0.1534794812569495
],
[
0.8999999468247446,
0.1163411911699365
],
[
0.8748652803652247,
0.1488992226295221
],
[
0.8999999552844772,
0.8999999308657838
],
[
0.7266362757237809,
0.34418751757922933
],
[
0.8999999801793193,
0.8999999460419998
],
[
0.8296176318894041,
0.899999871345324
],
[
0.835680796508902,
0.10000029327679359
],
[
0.8999999400602999,
0.8999999460931805
],
[
0.10000020033694162,
0.10000125711853577
],
[
0.10000115083894427,
0.12614989815571234
]
],
"half_couplers": [
{
"pose": [
[
-0.09814223769888475,
0.9935347674805851,
0.057068090792974424,
35.54243080219405
],
[
0.18393138670991205,
0.07446613056370377,
-0.9801142996517489,
-0.47942381804008277
],
[
-0.9780272727089079,
-0.08569399749205897,
-0.1900505002135131,
5.6519259643700375
],
[
0.0,
0.0,
0.0,
1.0
]
],
"at_element": 0,
"to_element": 1
},
{
"pose": [
[
-0.06861621223546943,
-0.9935347674806237,
0.0904460127682796,
35.50666353733084
],
[
0.9952333123372018,
-0.07446613056438056,
-0.06297181443384248,
-0.48210459973229197
],
[
0.06929985160719102,
0.0856939974910226,
0.9939084813810726,
5.65501094942117
],
[
0.0,
0.0,
0.0,
1.0
]
],
"at_element": 1,
"to_element": 0
},
{
"pose": [
[
0.21111849247179193,
0.9757931210813666,
0.05706809079269487,
35.543800454539124
],
[
0.19790303865545572,
0.014503341289750171,
-0.9801142996520202,
-0.5029468732243056
],
[
-0.9572164694714436,
0.21821420197072033,
-0.1900505002121975,
5.647364691867554
],
[
0.0,
0.0,
0.0,
1.0
]
],
"at_element": 0,
"to_element": 5
},
{
"pose": [
[
-0.004663045453433989,
-0.9757931210814121,
-0.21864592577337416,
35.50867189008622
],
[
0.9989515297671121,
-0.014503341290455829,
0.04342227846807477,
-0.5034689936905155
],
[
-0.045542257114087825,
-0.21821420197047026,
0.9748376607801655,
5.639508977892079
],
[
0.0,
0.0,
0.0,
1.0
]
],
"at_element": 5,
"to_element": 0
},
{
"pose": [
[
-0.003087916326943496,
0.9958965727158334,
0.0904460127679193,
35.57684958551199
],
[
-0.9980118548223601,
0.0026245420487478466,
-0.0629718144336577,
-0.5309706875412322
],
[
-0.06295079353582814,
-0.09046064465772492,
0.9939084813811171,
6.426283296614666
],
[
0.0,
0.0,
0.0,
1.0
]
],
"at_element": 1,
"to_element": 2
},
{
"pose": [
[
0.08929593438970751,
-0.9958965727158302,
-0.014705528019494651,
35.54099729667372
],
[
-0.19092401159402644,
-0.0026245420486437077,
-0.9816013109077835,
-0.5310651710871925
],
[
0.977534786029793,
0.09046064465776271,
-0.1903749297302273,
6.42953988093237
],
[
0.0,
0.0,
0.0,
1.0
]
],
"at_element": 2,
"to_element": 1
},
{
"pose": [
[
0.9755791048817628,
0.20016225641343377,
0.09044601276773466,
35.57902029650754
],
[
-0.19498154808034723,
0.9787832990477575,
-0.06297181443613774,
-0.5324820157448453
],
[
-0.1011316272305043,
0.04379868277323998,
0.9939084813809768,
6.450137173674314
],
[
0.0,
0.0,
0.0,
1.0
]
],
"at_element": 1,
"to_element": 6
},
{
"pose": [
[
-0.9510936755649897,
-0.20016225641347796,
-0.23527832753516287,
35.571814452490024
],
[
0.20484598876536875,
-0.9787832990476095,
0.00462324477139011,
-0.5677182281370152
],
[
-0.23121189672466402,
-0.04379868277634468,
0.9719170408013436,
6.448560420484627
],
[
0.0,
0.0,
0.0,
1.0
]
],
"at_element": 6,
"to_element": 1
},
{
"pose": [
[
0.11688126964058254,
-0.9930370165572266,
-0.014705528019350267,
35.548034714719876
],
[
-0.19077778553456176,
-0.007918520739917057,
-0.9816013109077537,
-0.06131401558268411
],
[
0.9746499912038857,
0.11753629557040668,
-0.1903749297303925,
6.520644937767613
],
[
0.0,
0.0,
0.0,
1.0
]
],
"at_element": 2,
"to_element": 3
},
{
"pose": [
[
0.00044569498936020135,
0.9930370165572618,
0.11780188921672298,
35.583784060355356
],
[
-0.9979836829984353,
0.00791852074016397,
-0.06297511808775305,
-0.061028948732061356
],
[
-0.06346944008619666,
-0.11753629557009276,
0.9910382683826112,
6.516413629583736
],
[
0.0,
0.0,
0.0,
1.0
]
],
"at_element": 3,
"to_element": 2
},
{
"pose": [
[
0.23583449620893626,
0.9716819633210969,
-0.014705528019608782,
35.54838765044402
],
[
0.18161889820217353,
-0.05893591638300988,
-0.9816013109078061,
-0.03775538042039457
],
[
-0.9546709727511912,
0.22882464883957138,
-0.19037492973010162,
6.5252139755874685
],
[
0.0,
0.0,
0.0,
1.0
]
],
"at_element": 2,
"to_element": 7
},
{
"pose": [
[
0.06810075255136361,
-0.9716819633211072,
-0.22626632462294535,
35.513407088883575
],
[
0.9971536004264022,
0.058935916383015985,
0.04702398235748381,
-0.03563368677064238
],
[
-0.03235714231202677,
-0.22882464883952577,
0.9729297484530253,
6.516976285666868
],
[
0.0,
0.0,
0.0,
1.0
]
],
"at_element": 7,
"to_element": 2
},
{
"pose": [
[
0.16210872922341502,
-0.9640763380164765,
-0.21042237140168824,
35.33818533256118
],
[
0.984625054296927,
0.14397338661153603,
0.09891999999180592,
0.02051578900193382
],
[
-0.06507120991915866,
-0.22322293436012727,
0.9725930594114433,
6.393183261585317
],
[
0.0,
0.0,
0.0,
1.0
]
],
"at_element": 4,
"to_element": 8
},
{
"pose": [
[
0.22559423751939955,
0.9640763379954416,
-0.14022857952407597,
35.37289209269559
],
[
0.00014947397401327,
-0.14397338664900028,
-0.9895815487337811,
0.015332745297134319
],
[
-0.9742213391501809,
0.2232229344268124,
-0.0326236707056593,
6.401219289994148
],
[
0.0,
0.0,
0.0,
1.0
]
],
"at_element": 8,
"to_element": 4
},
{
"pose": [
[
-0.7952739825361104,
0.5685610946295362,
-0.21042237137438188,
35.32752274401308
],
[
-0.5959179904477218,
-0.7969294713260715,
0.09891999996308787,
0.02552829433508337
],
[
-0.11144972571479753,
0.20406297901778264,
0.9725930594202719,
6.4424668028252965
],
[
0.0,
0.0,
0.0,
1.0
]
],
"at_element": 4,
"to_element": 12
},
{
"pose": [
[
0.6714339575116144,
-0.568561094628111,
-0.4753048730820839,
35.30705453438229
],
[
0.5928745894946836,
0.7969294713250238,
-0.11577192606641977,
0.05421776963358582
],
[
0.444607874235041,
-0.20406297902584486,
0.8721709343696886,
6.435120531910869
],
[
0.0,
0.0,
0.0,
1.0
]
],
"at_element": 12,
"to_element": 4
},
{
"pose": [
[
-0.9720676862852071,
0.1940836920728107,
0.1319694424914734,
35.288508100811825
],
[
-0.19560687109615385,
-0.9806813215159722,
0.001448312693662919,
0.012693946427309668
],
[
0.12970106113712626,
-0.024406271756914514,
0.9912527269263026,
6.481095058348882
],
[
0.0,
0.0,
0.0,
1.0
]
],
"at_element": 11,
"to_element": 12
},
{
"pose": [
[
0.8581473055944692,
-0.19408369206762346,
-0.4753048730807971,
35.28152108581485
],
[
0.15767373515851038,
0.9806813215171049,
-0.11577192608153661,
0.047998484523908216
],
[
0.4885920539080805,
0.02440627175266171,
0.8721709343683832,
6.481973684394456
],
[
0.0,
0.0,
0.0,
1.0
]
],
"at_element": 12,
"to_element": 11
},
{
"pose": [
[
-0.15001957764827933,
0.9642033423841084,
-0.21864592577394576,
35.33957973081115
],
[
-0.9886284441116152,
-0.14397327955596917,
0.043422278467921585,
-0.4698879113956376
],
[
0.010388735037477503,
0.2226737732855233,
0.9748376607800442,
6.393410082706975
],
[
0.0,
0.0,
0.0,
1.0
]
],
"at_element": 5,
"to_element": 8
},
{
"pose": [
[
-0.22505079429299313,
-0.9642033423842916,
-0.14022857955157791,
35.304868398014015
],
[
-0.00023062544593355216,
0.14397327956275496,
-0.9895815487284756,
-0.4647048714694255
],
[
0.9743470053322874,
-0.2226737732803421,
-0.03262367074837291,
6.385393823988551
],
[
0.0,
0.0,
0.0,
1.0
]
],
"at_element": 8,
"to_element": 5
},
{
"pose": [
[
-0.854513135533641,
0.4711700970385403,
-0.2186459257730573,
35.333755213339614
],
[
-0.49089493537649165,
-0.8701360055499996,
0.043422278466250436,
-0.4687311836006983
],
[
-0.16979241332337214,
0.14443708492690874,
0.9748376607803179,
6.419378821740375
],
[
0.0,
0.0,
0.0,
1.0
]
],
"at_element": 5,
"to_element": 13
},
{
"pose": [
[
0.7398024979900644,
-0.47117009703881707,
-0.4803030331198133,
35.31679308519328
],
[
0.47902304679076657,
0.8701360055501923,
-0.11575945960674933,
-0.43740627880805716
],
[
0.4724713585085892,
-0.14443708492484636,
0.8694301259373641,
6.414179085256722
],
[
0.0,
0.0,
0.0,
1.0
]
],
"at_element": 13,
"to_element": 5
},
{
"pose": [
[
-0.9561284473257572,
0.05307532439230001,
0.28809963928316307,
35.27891379572213
],
[
-0.08028496493296719,
-0.9932718237094793,
-0.08345902366165835,
-0.48275400332382157
],
[
0.28173163936652335,
-0.10292761614599429,
0.9539565971334094,
6.482500356061186
],
[
0.0,
0.0,
0.0,
1.0
]
],
"at_element": 9,
"to_element": 13
},
{
"pose": [
[
0.8754952920011156,
-0.05307532439515303,
-0.48030303311995703,
35.277003083199055
],
[
-0.003291160249489826,
0.9932718237102268,
-0.11575945960297307,
-0.44699620185869254
],
[
0.48321544051084864,
0.10292761613731005,
0.8694301259377876,
6.486205751880459
],
[
0.0,
0.0,
0.0,
1.0
]
],
"at_element": 13,
"to_element": 9
},
{
"pose": [
[
-0.9574648029316122,
-0.1670486747588812,
-0.23527832753662303,
35.43443179309246
],
[
0.17076904467113002,
-0.9853002379935023,
0.004623244754204146,
-0.5650186439113091
],
[
-0.23259209902582362,
-0.03575166109776165,
0.9719170408010718,
7.016077833490377
],
[
0.0,
0.0,
0.0,
1.0
]
],
"at_element": 6,
"to_element": 9
},
{
"pose": [
[
0.9429174609202235,
0.16704867475469254,
0.2880996392820714,
35.440445547631036
],
[
-0.14905714465779252,
0.9853002379941503,
-0.08345902368909378,
-0.5295478220881585
],
[
-0.2978063624542374,
0.03575166109947553,
0.9539565971313388,
7.017364893771468
],
[
0.0,
0.0,
0.0,
1.0
]
],
"at_element": 9,
"to_element": 6
},
{
"pose": [
[
-0.9707555472994336,
-0.04772605137259853,
-0.2352783275351922,
35.38890964047665
],
[
0.04798613948051332,
-0.9988373020795407,
0.004623244771920195,
-0.5641241286525369
],
[
-0.23522541913053066,
-0.0068020581329809975,
0.9719170408013339,
7.204126415460357
],
[
0.0,
0.0,
0.0,
1.0
]
],
"at_element": 6,
"to_element": 14
},
{
"pose": [
[
0.7674291802005944,
0.04772605137265169,
-0.639354891587621,
35.390627779042546
],
[
-0.041026156615016046,
0.998837302079544,
0.025315972188676015,
-0.5281659707827723
],
[
0.6398197463739641,
0.0068020581321136635,
0.7684949083469087,
7.204371289655221
],
[
0.0,
0.0,
0.0,
1.0
]
],
"at_element": 14,
"to_element": 6
},
{
"pose": [
[
-0.6398683920559916,
-0.7684842759367003,
0.0005987367751468797,
35.30307763888924
],
[
-0.015689589858055353,
0.012284772817898637,
-0.9998014408505815,
-0.5253525174625101
],
[
0.7683243310072684,
-0.6397507342667599,
-0.01991784093157367,
7.253320736507774
],
[
0.0,
0.0,
0.0,
1.0
]
],
"at_element": 10,
"to_element": 14
},
{
"pose": [
[
-0.02563669715684025,
0.7684842759366388,
-0.6393548915876286,
35.33074309136868
],
[
-0.9996040145522478,
-0.01228477281768603,
0.02531597218846582,
-0.5257947695804135
],
[
0.011600596963854848,
0.6397507342668375,
0.7684949083469093,
7.276351778380393
],
[
0.0,
0.0,
0.0,
1.0
]
],
"at_element": 14,
"to_element": 10
},
{
"pose": [
[
-0.014486580513922487,
0.9739577451443784,
-0.22626632462275903,
35.33782491829486
],
[
-0.9988860181292103,
-0.003932921205033191,
0.047023982357582234,
0.0008568201830758005
],
[
0.044909484198606076,
0.2266954847456674,
0.9729297484530638,
7.271967632030162
],
[
0.0,
0.0,
0.0,
1.0
]
],
"at_element": 7,
"to_element": 10
},
{
"pose": [
[
-0.22672880758252756,
-0.9739577451442545,
0.0005987367743426342,
35.302762430647675
],
[
-0.019534866366224313,
0.0039329212041459005,
-0.99980144085056,
0.0009984053820804029
],
[
0.9737620021382325,
-0.2266954847462157,
-0.019917840932674347,
7.2638065925259445
],
[
0.0,
0.0,
0.0,
1.0
]
],
"at_element": 10,
"to_element": 7
},
{
"pose": [
[
-0.882303026908827,
0.4127286263988904,
-0.22626632462301313,
35.33239404637922
],
[
-0.43311770177147757,
-0.9001098830117311,
0.04702398235795342,
0.0019854955419580022
],
[
-0.18425641133951096,
0.13948935248072813,
0.9729297484529867,
7.295320010496439
],
[
0.0,
0.0,
0.0,
1.0
]
],
"at_element": 7,
"to_element": 15
},
{
"pose": [
[
0.7048161233132326,
-0.412728626399151,
-0.576965608393062,
35.31752292644903
],
[
0.41260584440262726,
0.900109883011682,
-0.13985212071860417,
0.034417561467238955
],
[
0.5770534199556406,
-0.13948935248027408,
0.8047062017047792,
7.290294037600319
],
[
0.0,
0.0,
0.0,
1.0
]
],
"at_element": 15,
"to_element": 7
},
{
"pose": [
[
-0.970486802109878,
0.20184011786353523,
0.13196944249096645,
35.384947563479614
],
[
-0.20343203398940402,
-0.9790879990773349,
0.0014483126991349671,
0.01375233158492928
],
[
0.12950202499372845,
-0.02544124375054637,
0.9912527269263621,
7.205473964169125
],
[
0.0,
0.0,
0.0,
1.0
]
],
"at_element": 11,
"to_element": 15
},
{
"pose": [
[
0.7914361967660859,
-0.20184011786463052,
-0.5769656083934515,
35.37768131854507
],
[
0.1477432719126115,
0.9790879990767875,
-0.1398521207145922,
0.04899950290591024
],
[
0.5931278715867175,
0.02544124376292936,
0.8047062017051972,
7.206389849031567
],
[
0.0,
0.0,
0.0,
1.0
]
],
"at_element": 15,
"to_element": 11
},
{
"pose": [
[
0.04501360637145768,
0.8786689096838592,
-0.47530487310400404,
34.96603083060545
],
[
-0.993206392289972,
-0.011744081231155112,
-0.11577192608907522,
-0.028846750121548966
],
[
-0.10730721110798538,
0.47728715016330986,
0.8721709343547355,
7.060889336754266
],
[
0.0,
0.0,
0.0,
1.0
]
],
"at_element": 12,
"to_element": 16
},
{
"pose": [
[
-0.4765375033522945,
-0.8786689096536667,
-0.029205395165942227,
34.934398734066974
],
[
0.0395799597286014,
0.011744081298550535,
-0.9991473881977251,
-0.028423962985895838
],
[
0.878262736706189,
-0.47728715021723533,
0.029181184877688393,
7.043706990770428
],
[
0.0,
0.0,
0.0,
1.0
]
],
"at_element": 16,
"to_element": 12
},
{
"pose": [
[
-0.8772698877509444,
-0.06695387717861556,
-0.47530487308273667,
34.92908121287824
],
[
0.13779970278809023,
-0.9836707289772886,
-0.11577192606501682,
-0.037846717624262935
],
[
-0.45979211167326434,
-0.1670600948283,
0.872170934369519,
7.12869083520878
],
[
0.0,
0.0,
0.0,
1.0
]
],
"at_element": 12,
"to_element": 20
},
{
"pose": [
[
0.6906062940747013,
0.06695387717702019,
-0.7201250758829133,
34.931491553490574
],
[
-0.16653443122549444,
0.9836707289767358,
-0.06825086205153885,
-0.0024345561911103767
],
[
0.703796298513148,
0.16706009483219392,
0.6904793225824002,
7.134705001202382
],
[
0.0,
0.0,
0.0,
1.0
]
],
"at_element": 20,
"to_element": 12
},
{
"pose": [
[
-0.9895399209201143,
0.04050352556962399,
0.13845652502444425,
34.860115097293836
],
[
-0.04786578220099617,
-0.9975883344796079,
-0.05026312569357855,
-0.04525074864683051
],
[
0.13608678040023045,
-0.05636469929514831,
0.989092214545068,
7.202512036790722
],
[
0.0,
0.0,
0.0,
1.0
]
],
"at_element": 19,
"to_element": 20
},
{
"pose": [
[
0.6926610567235125,
-0.040503525567689214,
-0.7201250758828321,
34.858656969853605
],
[
-0.012622786459404371,
0.9975883344798026,
-0.0682508620591269,
-0.00933755580480993
],
[
0.7211527756035245,
0.05636469929309687,
0.6904793225817348,
7.20454116668868
],
[
0.0,
0.0,
0.0,
1.0
]
],
"at_element": 20,
"to_element": 19
},
{
"pose": [
[
0.045824246188151285,
0.8759047521290175,
-0.48030303315624834,
34.951414701682694
],
[
-0.9932105216762377,
-0.011515517069079051,
-0.1157594596490836,
-0.5254673596479241
],
[
-0.10692519858716074,
0.48234661610136365,
0.8694301259115996,
7.075576061925762
],
[
0.0,
0.0,
0.0,
1.0
]
],
"at_element": 13,
"to_element": 16
},
{
"pose": [
[
-0.48159932525961446,
-0.8759047521269094,
-0.02920539523754445,
34.91988211554878
],
[
0.039647061962675145,
0.011515517022458455,
-0.9991473881992752,
-0.5250528008349792
],
[
0.8754942606249407,
-0.4823466161063046,
0.029181184752945732,
7.058211575452568
],
[
0.0,
0.0,
0.0,
1.0
]
],
"at_element": 16,
"to_element": 13
},
{
"pose": [
[
0.7156650105893283,
0.5070824282004548,
-0.48030303312440903,
34.932550742651756
],
[
-0.6247989351535584,
0.772156744539974,
-0.11575945962386344,
-0.5300138262593934
],
[
0.3121696385767777,
0.38293781854468223,
0.8694301259325466,
7.109723034035048
],
[
0.0,
0.0,
0.0,
1.0
]
],
"at_element": 13,
"to_element": 21
},
{
"pose": [
[
-0.5773062358352616,
-0.5070824281863091,
-0.6399882194934512,
34.91429576885839
],
[
0.6341889251584802,
-0.772156744531403,
0.03972869342171842,
-0.5578114787752572
],
[
-0.5143169424314666,
-0.38293781858069603,
0.7673569637584619,
7.09593726775006
],
[
0.0,
0.0,
0.0,
1.0
]
],
"at_element": 21,
"to_element": 13
},
{
"pose": [
[
0.9519880458158263,
0.10053082784922841,
0.28915793828929015,
34.83981535065581
],
[
-0.08668774241272668,
0.994407538448269,
-0.06032315303960155,
-0.5171645928364288
],
[
-0.2936051701505763,
0.032360471708602206,
0.9553788797810259,
7.190744933887782
],
[
0.0,
0.0,
0.0,
1.0
]
],
"at_element": 17,
"to_element": 21
},
{
"pose": [
[
-0.7617799101805955,
-0.10053082784545908,
-0.6399882194993514,
34.836196239597854
],
[
0.09785335148013444,
-0.9944075384491595,
0.03972869340398526,
-0.5529632766393029
],
[
-0.6404030684259316,
-0.032360471692935155,
0.767356963754459,
7.189579956502804
],
[
0.0,
0.0,
0.0,
1.0
]
],
"at_element": 21,
"to_element": 17
},
{
"pose": [
[
0.7642742555130091,
0.08432191271411454,
-0.6393548915870347,
34.991697573341526
],
[
-0.08868108154842444,
0.9957383026312256,
0.025315972201108712,
-0.5123698829987426
],
[
0.6387648457260601,
0.0373503374726235,
0.7684949083469869,
7.683879362402957
],
[
0.0,
0.0,
0.0,
1.0
]
],
"at_element": 14,
"to_element": 17
},
{
"pose": [
[
-0.9535604342459472,
-0.084321912721583,
0.28915793828918945,
34.98866198337915
],
[
0.06975922793693988,
-0.9957383026303315,
-0.060323153038519726,
-0.5482164749362567
],
[
0.2930121983097683,
-0.03735033747960443,
0.9553788797811247,
7.68253474976516
],
[
0.0,
0.0,
0.0,
1.0
]
],
"at_element": 17,
"to_element": 14
},
{
"pose": [
[
0.009280594652818941,
-0.7688557687666543,
-0.6393548915877058,
34.87914398621814
],
[
0.9996391149800418,
-0.008985619292303682,
0.025315972188570846,
-0.5079131978011799
],
[
-0.02520933090759825,
-0.6393591052610189,
0.7684949083468416,
7.819167071558845
],
[
0.0,
0.0,
0.0,
1.0
]
],
"at_element": 14,
"to_element": 22
},
{
"pose": [
[
0.0604818345641408,
0.7688557687693005,
-0.6365553821294136,
34.90682280528514
],
[
-0.9964401583554343,
0.008985619294088032,
-0.08382284570747306,
-0.5075897153735243
],
[
-0.05872783415343208,
0.6393591052578118,
0.7666622307245723,
7.842184008821018
],
[
0.0,
0.0,
0.0,
1.0
]
],
"at_element": 22,
"to_element": 14
},
{
"pose": [
[
0.65664637388375,
0.7541182316988384,
0.011010553334845852,
34.917967271462864
],
[
-0.14504523486341314,
0.14059730941164295,
-0.9793846417162277,
-0.504635621813174
],
[
-0.740119868338055,
0.6415123453259677,
0.20170396943450686,
7.884553309742339
],
[
0.0,
0.0,
0.0,
1.0
]
],
"at_element": 18,
"to_element": 22
},
{
"pose": [
[
-0.16156403720026202,
-0.7541182316936713,
-0.6365553821237888,
34.89081900581773
],
[
0.986512101865641,
-0.14059730939954207,
-0.08382284570595627,
-0.5096971266861752
],
[
-0.026285637831095,
-0.641512345334694,
0.7666622307294084,
7.861458857395569
],
[
0.0,
0.0,
0.0,
1.0
]
],
"at_element": 22,
"to_element": 18
},
{
"pose": [
[
0.18827937572520614,
0.7947713906421542,
-0.5769656084146288,
34.94159627462463
],
[
-0.9814708671692257,
0.13098214084072468,
-0.13985212075213074,
-0.05670422937762489
],
[
-0.03557827391280616,
0.5926062060065831,
0.8047062016834894,
7.814606932006399
],
[
0.0,
0.0,
0.0,
1.0
]
],
"at_element": 15,
"to_element": 18
},
{
"pose": [
[
-0.6068090345378101,
-0.7947713906006714,
0.0110105533905413,
34.91298449597744
],
[
0.15378362209290664,
-0.13098214073670067,
-0.9793846416929444,
-0.061419587862214235
],
[
0.7798290794650307,
-0.5926062060852098,
0.2017039695445204,
7.793273102188146
],
[
0.0,
0.0,
0.0,
1.0
]
],
"at_element": 18,
"to_element": 15
},
{
"pose": [
[
-0.5527431411084858,
-0.6013199703065285,
-0.5769656083928052,
34.91610886366695
],
[
0.7922023865936186,
-0.594017477020357,
-0.13985212071950928,
-0.06288218595290868
],
[
-0.2586317819466492,
-0.5343758324484043,
0.804706201704806,
7.850154765992859
],
[
0.0,
0.0,
0.0,
1.0
]
],
"at_element": 15,
"to_element": 23
},
{
"pose": [
[
0.41383709949077196,
0.601319970306566,
-0.6834860264815774,
34.93775638843927
],
[
-0.8036455092353955,
0.5940174770203865,
0.03601572545592227,
-0.04149755100982857
],
[
0.42765961999100033,
0.5343758324483294,
0.7290745634873762,
7.869392301151981
],
[
0.0,
0.0,
0.0,
1.0
]
],
"at_element": 23,
"to_element": 15
},
{
"pose": [
[
-0.9860348909307315,
-0.09254720171576221,
0.13845652502429134,
34.95082836157097
],
[
0.08633062185960906,
-0.994997810010064,
-0.050263125693788886,
-0.07818189583139924
],
[
0.14241565081322133,
-0.037608157755445175,
0.9890922145450788,
7.850540603423356
],
[
0.0,
0.0,
0.0,
1.0
]
],
"at_element": 19,
"to_element": 23
},
{
"pose": [
[
0.7240731089189327,
0.09254720171445843,
-0.683486026481372,
34.954160065075776
],
[
-0.09317846100363528,
0.9949978100099568,
