{
"contact_id_pairs": [
[
0,
1
],
[
0,
9
],
[
6,
9
],
[
1,
2
],
[
1,
8
],
[
7,
8
],
[
2,
3
],
[
2,
11
],
[
5,
11
],
[
0,
3
],
[
0,
10
],
[
4,
10
],
[
4,
5
],
[
4,
7
],
[
6,
7
]
],
"contact_t_bound_pairs": [
[
[
0.6,
0.9
],
[
0.1,
0.4
]
],
[
[
0.6,
0.9
],
[
0.6,
0.9
]
],
[
[
0.6,
0.9
],
[
0.6,
0.9
]
],
[
[
0.6,
0.9
],
[
0.1,
0.4
]
],
[
[
0.6,
0.9
],
[
0.6,
0.9
]
],
[
[
0.6,
0.9
],
[
0.6,
0.9
]
],
[
[
0.6,
0.9
],
[
0.1,
0.4
]
],
[
[
0.6,
0.9
],
[
0.6,
0.9
]
],
[
[
0.6,
0.9
],
[
0.6,
0.9
]
],
[
[
0.1,
0.4
],
[
0.6,
0.9
]
],
[
[
0.1,
0.4
],
[
0.6,
0.9
]
],
[
[
0.6,
0.9
],
[
0.6,
0.9
]
],
[
[
0.1,
0.4
],
[
0.1,
0.4
]
],
[
[
0.1,
0.4
],
[
0.1,
0.4
]
],
[
[
0.1,
0.4
],
[
0.1,
0.4
]
]
],
"line_pt_pairs": [
[
[
-1.6079635249458495,
3.5796992929542246,
0.3857040940762035
],
[
-0.7680222981141777,
3.6084310393954855,
0.38700626734684634
]
],
[
[
-0.9197135914024087,
3.515423437376293,
0.34409698037212516
],
[
-0.8146538749474772,
4.424086668611106,
0.4120058145218177
]
],
[
[
-0.747356842643765,
4.337165312220016,
0.44747096506308737
],
[
-1.5521620551989685,
4.274039738790175,
0.38313211730694957
]
],
[
[
-1.4036304193654932,
4.3677976776601755,
0.3503407563318564
],
[
-1.504103436061296,
3.500131310894731,
0.4296613825340627
]
],
[
[
-1.1005209767483046,
4.022296347202718,
1.0694035524363044
],
[
-1.596807114328322,
3.5203141155056645,
0.34381370198173494
]
],
[
[
-1.1434086582451368,
3.9361728205995274,
1.0935594555151267
],
[
-1.5207495883222466,
4.348450547492975,
0.3017128315836243
]
],
[
[
-1.1732761742443794,
3.939210920260555,
1.0902733287021753
],
[
-0.8072258697869334,
3.537735170461042,
0.2972607644115015
]
],
[
[
-1.2180763012897171,
3.857458379176476,
1.0703692479750462
],
[
-0.7159472303047943,
4.327639103302841,
0.30500822367994024
]
],
[
[
-0.7606176448882236,
4.340912799076092,
0.0
],
[
-0.7957619738419626,
4.30116720853195,
0.4509314462127316
]
],
[
[
-0.7606176448882236,
3.540912799076092,
0.0
],
[
-0.8976671532570409,
3.5716010921993813,
0.43306133670956426
]
],
[
[
-1.5606176448882239,
3.540912799076092,
0.0
],
[
-1.5154999749616194,
3.5476819202343517,
0.46006064246703954
]
],
[
[
-1.5606176448882239,
4.340912799076092,
0.0
],
[
-1.4307155850717657,
4.316085767362876,
0.43885554475899347
]
]
],
"contact_t_pairs": [
[
0.8319536701437195,
0.10000017250153984
],
[
0.8605104267260824,
0.8999997356177039
],
[
0.8999998693712234,
0.8472831785846743
],
[
0.8999998823718611,
0.10000066725354786
],
[
0.8738340583571212,
0.8999996508908542
],
[
0.8999999080008184,
0.8471408982098653
],
[
0.8318255757635942,
0.10000019074913606
],
[
0.8614612443116683,
0.8999997394530491
],
[
0.8999998712376674,
0.8476380217543231
],
[
0.13581397937893525,
0.8999997587156573
],
[
0.10000023272801714,
0.8395480811584538
],
[
0.8999998845471503,
0.8999996971258041
],
[
0.10000011249282408,
0.10000024953325241
],
[
0.1465261983743295,
0.13932689439055929
],
[
0.10000031162066099,
0.10000011193909718
]
],
"half_couplers": [
{
"pose": [
[
-0.034207081916513005,
0.0010073067866759322,
0.9994142588935756,
-0.9091713385782216
],
[
0.9966241574967175,
-0.07464281770459524,
0.0341868170363524,
3.6036027748556703
],
[
0.07463353295078179,
0.9972098250108432,
0.001549406702088696,
0.38678744190787784
],
[
0.0,
0.0,
0.0,
1.0
]
],
"at_element": 0,
"to_element": 1
},
{
"pose": [
[
0.9934181582763324,
-0.0010073067465279709,
0.11453972297844178,
-0.9092076016339528
],
[
-0.11414555959042488,
0.07464281775582693,
0.9906559649965566,
3.606289917245581
],
[
-0.009547462105111926,
-0.9972098250070486,
0.07403655095128792,
0.3508878755014729
],
[
0.0,
0.0,
0.0,
1.0
]
],
"at_element": 1,
"to_element": 0
},
{
"pose": [
[
0.004323831854057714,
-0.033947659764240926,
0.9994142588909913,
-0.8851853414200984
],
[
-0.0812309429890694,
0.9961088271051208,
0.03418681711372268,
3.60442326034498
],
[
-0.9966859276518378,
-0.08133118073526231,
0.0015494066618237934,
0.38682462775299564
],
[
0.0,
0.0,
0.0,
1.0
]
],
"at_element": 0,
"to_element": 9
},
{
"pose": [
[
-0.9530095304397643,
0.033947659820019904,
-0.30103220971139405,
-0.8839621661866954
],
[
-0.05677528974514856,
-0.9961088271096941,
0.06740749979419437,
3.568532254773611
],
[
-0.29757251446552474,
0.08133118065597038,
0.9512285938131648,
0.38975508854485724
],
[
0.0,
0.0,
0.0,
1.0
]
],
"at_element": 9,
"to_element": 0
},
{
"pose": [
[
-0.1395482920572415,
0.9140674932333662,
0.3807977048223598,
-0.8438309480493814
],
[
0.8560028981945319,
0.3046755800272587,
-0.4176503671943981,
3.577882797885279
],
[
-0.49778038577917966,
0.26768154353470774,
-0.8249613801775255,
0.3765621244308299
],
[
0.0,
0.0,
0.0,
1.0
]
],
"at_element": 6,
"to_element": 9
},
{
"pose": [
[
-0.2717723800031502,
-0.9140674932337819,
-0.30103220970642663,
-0.8767373879624221
],
[
0.9500679027956994,
-0.3046755800273797,
0.06740749967445654,
3.566914473618931
],
[
-0.15333216735181673,
-0.26768154353315127,
0.9512285938232219,
0.3669255858894075
],
[
0.0,
0.0,
0.0,
1.0
]
],
"at_element": 9,
"to_element": 6
},
{
"pose": [
[
0.990629484596352,
0.07439002694078847,
0.11453972297903733,
-0.8251598589509493
],
[
-0.1194812901396351,
0.06576458260607254,
0.9906559649955262,
4.33322023860326
],
[
0.06616226685153848,
-0.9950583618895916,
0.07403655096415551,
0.4052149231188587
],
[
0.0,
0.0,
0.0,
1.0
]
],
"at_element": 1,
"to_element": 2
},
{
"pose": [
[
0.08278808940159665,
-0.07439002695314328,
-0.9937868263079079,
-0.8278379009084188
],
[
-0.994785931852378,
-0.06576458262079043,
-0.07794850518970514,
4.330852712756269
],
[
-0.05955738444415992,
0.9950583618876956,
-0.07944667642857484,
0.44103703735714916
],
[
0.0,
0.0,
0.0,
1.0
]
],
"at_element": 2,
"to_element": 1
},
{
"pose": [
[
0.07489524344508758,
-0.9905914164625773,
0.1145397229783865,
-0.8279088330027475
],
[
0.065703637972025,
0.11951481487839455,
0.9906559649958324,
4.309444316406105
],
[
-0.9950244893803077,
-0.0666697431767031,
0.07403655096106454,
0.4034380325154517
],
[
0.0,
0.0,
0.0,
1.0
]
],
"at_element": 1,
"to_element": 8
},
{
"pose": [
[
-0.11285999203095143,
0.9905914164631773,
-0.07740328047473018,
-0.792247528677382
],
[
-0.9889658401559462,
-0.11951481487720561,
-0.08753728365394317,
4.305141781461914
],
[
-0.09596452054492428,
0.06666974316992272,
0.9931495134883969,
0.40583814416716646
],
[
0.0,
0.0,
0.0,
1.0
]
],
"at_element": 8,
"to_element": 1
},
{
"pose": [
[
0.5558043777295295,
0.673045856478246,
0.487945456761465,
-0.7661601835987503
],
[
0.494363661894951,
-0.7394912900463197,
0.45689955323182807,
4.280620987633963
],
[
0.6683457664222202,
-0.01272426905931387,
-0.743741910532411,
0.3815443965220387
],
[
0.0,
0.0,
0.0,
1.0
]
],
"at_element": 7,
"to_element": 8
},
{
"pose": [
[
0.7355392628877706,
-0.6730458564793553,
-0.07740328046333801,
-0.790389843285077
],
[
0.6674502647519536,
0.7394912900453594,
-0.08753728365443535,
4.307242683802646
],
[
0.1161556577746523,
0.012724269056456392,
0.9931495134892413,
0.382002470375727
],
[
0.0,
0.0,
0.0,
1.0
]
],
"at_element": 8,
"to_element": 7
},
{
"pose": [
[
0.06925459994361538,
-0.08712946448320896,
-0.9937868266411662,
-1.416814401955039
],
[
-0.9918592811831077,
0.10069358074588974,
-0.0779485030484861,
4.2846558457563315
],
[
0.10685956540047631,
0.9910949799163753,
-0.07944667436073805,
0.39395226598437183
],
[
0.0,
0.0,
0.0,
1.0
]
],
"at_element": 2,
"to_element": 3
},
{
"pose": [
[
-0.9895883963801992,
0.08712946236566196,
-0.11455680921506096,
-1.4136777402002145
],
[
0.10565674348051005,
-0.10069358256809213,
-0.9892913903328464,
4.281030875477022
],
[
-0.0977315624901131,
-0.9910949799174009,
0.09043938564457221,
0.35827283408241795
],
[
0.0,
0.0,
0.0,
1.0
]
],
"at_element": 3,
"to_element": 2
},
{
"pose": [
[
0.0725738818886068,
0.08438468995934006,
-0.993786826119206,
-1.4406653424800875
],
[
0.0873609789035115,
-0.9931223940337053,
-0.07794850757893151,
4.282785077185258
],
[
-0.9935296125595046,
-0.08116116416876101,
-0.07944667644485026,
0.3920455412175059
],
[
0.0,
0.0,
0.0,
1.0
]
],
"at_element": 2,
"to_element": 11
},
{
"pose": [
[
0.9552783901210611,
-0.08438469208153704,
0.2834121047344625,
-1.4437058248989971
],
[
0.1037976386176068,
0.9931223939924533,
-0.05416604811232795,
4.318568477002804
],
[
-0.27689212264909674,
0.08116116246704763,
0.9574672934998224,
0.39496987594062005
],
[
0.0,
0.0,
0.0,
1.0
]
],
"at_element": 11,
"to_element": 2
},
{
"pose": [
[
0.1817433021996434,
-0.9029921201510859,
-0.3893258314710391,
-1.4830154467272374
],
[
-0.8340668325161796,
-0.35127047831291414,
0.42537227220664436,
4.307222721717789
],
[
-0.5208664809737675,
0.2474152016567765,
-0.8169968341353231,
0.38089759593679284
],
[
0.0,
0.0,
0.0,
1.0
]
],
"at_element": 5,
"to_element": 11
},
{
"pose": [
[
0.3229284902504417,
0.902992120153167,
0.2834121047624089,
-1.4505077198835896
],
[
-0.9347058843413489,
0.351270478312515,
-0.05416604881061303,
4.319868463028669
],
[
-0.1484658208552634,
-0.24741520164974745,
0.9574672934520466,
0.371990645795429
],
[
0.0,
0.0,
0.0,
1.0
]
],
"at_element": 11,
"to_element": 5
},
{
"pose": [
[
0.033900909342979624,
0.004676266696151898,
0.9994142588914297,
-1.4938877644854154
],
[
-0.9952111997343196,
-0.0915747206381865,
0.03418681709978744,
3.583601465772919
],
[
0.09168094823405393,
-0.9957872278101505,
0.0015494066864911726,
0.38588094740993034
],
[
0.0,
0.0,
0.0,
1.0
]
],
"at_element": 0,
"to_element": 3
},
{
"pose": [
[
0.9934056925578874,
-0.004676266720654541,
-0.11455680915223454,
-1.4940561101491499
],
[
-0.11365128872656055,
0.0915747206000267,
-0.9892913903991175,
3.5868981569255842
],
[
0.015116698196899904,
0.9957872278135448,
0.09043938499923299,
0.42172930077501697
],
[
0.0,
0.0,
0.0,
1.0
]
],
"at_element": 3,
"to_element": 0
},
{
"pose": [
[
0.0019365342963699739,
-0.03416707399344124,
0.9994142588985038,
-1.523969206784826
],
[
-0.011293682051895206,
0.9993516469673625,
0.034186816893811055,
3.582572474285033
],
[
-0.9999343491352968,
-0.011353270821528767,
0.0015494066681606133,
0.38583431170632
],
[
0.0,
0.0,
0.0,
1.0
]
],
"at_element": 0,
"to_element": 10
},
{
"pose": [
[
-0.9946400089531697,
0.034167073845113166,
0.0975902846317267,
-1.5227391916750026
],
[
-0.03289233421230732,
-0.9993516469667019,
0.014641723088716517,
3.5465958017556383
],
[
0.09802727650865714,
0.011353271326069872,
0.995118965898295,
0.3862430295997285
],
[
0.0,
0.0,
0.0,
1.0
]
],
"at_element": 10,
"to_element": 0
},
{
"pose": [
[
-0.4361036149827098,
-0.7546299237868306,
-0.4902522974188849,
-1.5471784432726716
],
[
-0.572465994727505,
0.6529828212711691,
-0.49587913850593934,
3.570512396630649
],
[
0.694331564801472,
0.0643980842123946,
-0.7167681388497349,
0.41637277079860785
],
[
0.0,
0.0,
0.0,
1.0
]
],
"at_element": 4,
"to_element": 10
},
{
"pose": [
[
-0.6488526908860295,
0.7546299237884955,
0.09759028462366896,
-1.5200117556192578
],
[
-0.7572311767556921,
-0.6529828212704554,
0.01464172376692223,
3.547005006068334
],
[
0.0747738622725148,
-0.06439808420012634,
0.9951189658891063,
0.4140544388798384
],
[
0.0,
0.0,
0.0,
1.0
]
],
"at_element": 10,
"to_element": 4
},
{
"pose": [
[
-0.1358905164320694,
0.8609218619726388,
-0.4902522974157183,
-1.1501496463349357
],
[
0.8558083952846799,
-0.1472951817035426,
-0.4958791385077427,
3.972098067563614
],
[
-0.4991249924659015,
-0.48694730415568044,
-0.7167681388506528,
0.9968444857671961
],
[
0.0,
0.0,
0.0,
1.0
]
],
"at_element": 4,
"to_element": 5
},
{
"pose": [
[
-0.3274735783453657,
-0.8609218619770367,
-0.3893258314775353,
-1.1811428454119572
],
[
-0.8929515997443032,
0.14729518170526357,
0.42537227220459883,
3.9774006961658745
],
[
-0.3088664695297496,
0.48694730414738485,
-0.8169968341332927,
1.014374595529913
],
[
0.0,
0.0,
0.0,
1.0
]
],
"at_element": 5,
"to_element": 4
},
{
"pose": [
[
-0.5221269765710312,
-0.6978797211427922,
-0.49025229744943805,
-1.173239897793784
],
[
-0.4913900978958393,
0.7159885835269431,
-0.4958791384490772,
3.9487427991406863
],
[
0.6970790428830227,
-0.018006750865725063,
-0.7167681388681757,
0.963085630070198
],
[
0.0,
0.0,
0.0,
1.0
]
],
"at_element": 4,
"to_element": 7
},
{
"pose": [
[
0.524283440621766,
0.6978797211112747,
0.487945456738202,
-1.1481162172461712
],
[
0.5278287093655994,
-0.7159885835577939,
0.45689955327659215,
3.922967199271307
],
[
0.6682243092399802,
0.018006750860533438,
-0.7437419105201737,
0.9637338733724317
],
[
0.0,
0.0,
0.0,
1.0
]
],
"at_element": 7,
"to_element": 4
},
{
"pose": [
[
0.3228821485243345,
0.8664526681605242,
0.38079770482740316,
-1.1366710297297968
],
[
0.8960788759401614,
-0.1503689425298893,
-0.4176503671927748,
3.899063220172465
],
[
-0.3046141268196969,
0.4760766271935132,
-0.8249613801760192,
1.0109718251540085
],
[
0.0,
0.0,
0.0,
1.0
]
],
"at_element": 6,
"to_element": 7
},
{
"pose": [
[
0.10568351366534634,
-0.8664526681601273,
0.48794545676493667,
-1.16786333798335
],
[
-0.8767165901160722,
0.1503689425286433,
0.4568995532259412,
3.904476504220718
],
[
-0.4692536793191862,
-0.47607662719462895,
-0.7437419105337497,
0.9938330598717134
],
[
0.0,
0.0,
0.0,
1.0
]
],
"at_element": 7,
"to_element": 6
}
],
"contact_residues": [
9.180633393926676e-10,
2.248038802128684e-06,
8.000207163660678e-10,
9.558449199608072e-10,
9.69002352320396e-10,
9.470562993971509e-10,
9.14355466562815e-10,
2.2479667933040192e-06,
8.386487832641967e-10,
9.521698427368316e-10,
9.523546665600783e-10,
9.919791919845891e-10,
1.0073481547583154e-09,
1.0922442603598065e-09,
1.013741511302345e-09
],
"collision_dists": [
0.02,
0.02,
0.02,
0.02,
0.02,
0.02,
0.02,
0.02,
0.02,
0.02,
0.02,
0.02,
0.02,
0.02,
0.02,
0.02,
0.02,
0.02,
0.02,
0.02,
0.02,
0.02,
0.02,
0.02,
0.02,
0.02,
0.02,
0.02,
0.02,
0.02,
0.025,
0.025,
0.025,
0.025,
0.025,
0.025,
0.025,
0.025,
0.025,
0.025,
0.025,
0.025,
0.025,
0.025,
0.025,
0.025,
0.025,
0.025,
0.025,
0.025,
0.025,
0.025,
0.025,
0.025,
0.025,
0.025,
0.025,
0.025,
0.025,
0.025
],
"collision_id_pairs": [
[
0,
1
],
[
0,
3
],
[
0,
4
],
[
0,
6
],
[
0,
9
],
[
0,
10
],
[
1,
2
],
[
1,
6
],
[
1,
7
],
[
1,
8
],
[
1,
9
],
[
2,
3
],
[
2,
5
],
[
2,
7
],
[
2,
8
],
[
2,
11
],
[
3,
4
],
[
3,
5
],
[
3,
10
],
[
3,
11
],
[
4,
5
],
[
4,
6
],
[
4,
7
],
[
4,
10
],
[
5,
6
],
[
5,
7
],
[
5,
11
],
[
6,
7
],
[
6,
9
],
[
7,
8
]
],
"collision_t_pairs": [
[
[
0.8319536701334711,
0.16804632986652887
],
[
0.1000001725212766,
0.8999998274787234
]
],
[
[
0.13581397940055542,
0.8641860205994446
],
[
0.8999997586894767,
0.10000024131052328
]
],
[
[
0.05852286076380483,
0.9414771392361951
],
[
0.9219691100330915,
0.0780308899669086
]
],
[
[
0.8982922135356077,
0.10170778646439235
],
[
0.8753367182519639,
0.12466328174803595
]
],
[
[
0.8605104267225666,
0.13948957327743336
],
[
0.8999997355338599,
0.10000026446614
]
],
[
[
0.100000232750829,
0.8999997672491711
],
[
0.8395480811154179,
0.16045191888458205
]
],
[
[
0.8999998823449745,
0.10000011765502555
],
[
0.10000066728665143,
0.8999993327133486
]
],
[
[
0.08388259586448617,
0.9161174041355139
],
[
0.8904245927537614,
0.10957540724623868
]
],
[
[
0.8214387262557546,
0.17856127374424532
],
[
0.8465181877866624,
0.15348181221333765
]
],
[
[
0.8738340583419338,
0.12616594165806622
],
[
0.8999996508052962,
0.10000034919470373
]
],
[
[
0.06210563483832369,
0.9378943651616762
],
[
0.8332315541566402,
0.16676844584335987
]
],
[
[
0.8318255757533839,
0.16817442424661608
],
[
0.10000019077051447,
0.8999998092294855
]
],
[
[
0.9003894543522558,
0.0996105456477443
],
[
0.8764834097295905,
0.12351659027040947
]
],
[
[
0.05460013750882983,
0.9453998624911701
],
[
0.8665464510297233,
0.13345354897027664
]
],
[
[
0.06246515899082771,
0.9375348410091724
],
[
0.9777781282611252,
0.022221871738874924
]
],
[
[
0.8614612443099094,
0.1385387556900905
],
[
0.8999997393695264,
0.1000002606304736
]
],
[
[
0.9051900612887457,
0.09480993871125437
],
[
0.8646209571499512,
0.13537904285004876
]
],
[
[
0.0898815742007088,
0.9101184257992911
],
[
0.8838452015369328,
0.11615479846306721
]
],
[
[
0.9485865775470568,
0.051413422452943225
],
[
0.9291917591605778,
0.07080824083942219
]
],
[
[
0.061903042540298076,
0.9380969574597019
],
[
0.8384929636123154,
0.16150703638768454
]
],
[
[
0.10000011253339477,
0.8999998874666052
],
[
0.10000024957614143,
0.8999997504238586
]
],
[
[
0.10759712592664653,
0.8924028740733534
],
[
0.07994701291958253,
0.9200529870804175
]
],
[
[
0.14652619838619332,
0.8534738016138067
],
[
0.13932689440270568,
0.8606731055972943
]
],
[
[
0.8999998845760548,
0.10000011542394521
],
[
0.899999696993998,
0.10000030300600207
]
],
[
[
0.022379076061030786,
0.9776209239389693
],
[
0.01818560629686003,
0.98181439370314
]
],
[
[
0.07965713378738476,
0.9203428662126152
],
[
0.0995090668915384,
0.9004909331084616
]
],
[
[
0.8999998712578826,
0.10000012874211742
],
[
0.8476380216639319,
0.1523619783360681
]
],
[
[
0.10000031166858311,
0.899999688331417
],
[
0.10000011198312615,
0.8999998880168739
]
],
[
[
0.899999869396372,
0.10000013060362799
],
[
0.8472831784836272,
0.15271682151637272
]
],
[
[
0.8999999080066623,
0.10000009199333765
],
[
0.8471408981470375,
0.15285910185296253
]
]
],
"collision_dual_t_pairs": [
[
[
2.4039854169008597e-12,
1.1901347263444182e-11
],
[
1.9999927727980233e-11,
2.2222231392847266e-12
]
],
[
[
1.4725868731474807e-11,
2.314320391867169e-12
],
[
2.2222235100669086e-12,
1.9999898366221e-11
]
],
[
[
3.417733711711495e-11,
2.1243109739467055e-12
],
[
2.1692504335601526e-12,
2.563361225420694e-11
]
],
[
[
2.2264516775324016e-12,
1.9663811361306733e-11
],
[
2.284835773829002e-12,
1.6043180118195205e-11
]
],
[
[
2.3242069810499054e-12,
1.4337796730145564e-11
],
[
2.2222236372469064e-12,
1.9999889726052105e-11
]
],
[
[
1.9999899509829758e-11,
2.2222234642647936e-12
],
[
2.382290627859209e-12,
1.2463222370392704e-11
]
],
[
[
2.2222228481657543e-12,
1.9999949304566753e-11
],
[
1.999971839084534e-11,
2.2222257575224385e-12
]
],
[
[
2.384283019498464e-11,
2.183126467118631e-12
],
[
2.2461191455704584e-12,
1.8252291092968295e-11
]
],
[
[
2.4347537820404113e-12,
1.120061001451377e-11
],
[
2.362619682985231e-12,
1.3030840893087723e-11
]
],
[
[
2.28876495021607e-12,
1.585209664038615e-11
],
[
2.2222240955695747e-12,
1.9999854456549552e-11
]
],
[
[
3.2203055249967346e-11,
2.1324369625210988e-12
],
[
2.400295088106896e-12,
1.1992630474600025e-11
]
],
[
[
2.4044006038025506e-12,
1.1891184138677604e-11
],
[
1.9999920226623785e-11,
2.222223234207022e-12
]
],
[
[
2.221307745722294e-12,
2.0074387700083714e-11
],
[
2.2818467614331496e-12,
1.619211005018476e-11
]
],
[
[
3.6628548637770976e-11,
2.1155117240635826e-12
],
[
2.3080125126759587e-12,
1.498648535109274e-11
]
],
[
[
3.2016969485684924e-11,
2.1332580634729415e-12
],
[
2.0454545747644173e-12,
9.000010103552551e-11
]
],
[
[
2.321685367695955e-12,
1.4434513653852982e-11
],
[
2.2222236100934055e-12,
1.999989095477827e-11
]
],
[
[
2.209467869326505e-12,
2.109597694006622e-11
],
[
2.313131345889399e-12,
1.4774188275583184e-11
]
],
[
[
2.2251602677149674e-11,
2.1975152637221474e-12
],
[
2.262839120033069e-12,
1.7218435917719296e-11
]
],
[
[
2.108400194146518e-12,
3.890031985456379e-11
],
[
2.152457090928494e-12,
2.823663195835628e-11
]
],
[
[
3.230856247484336e-11,
2.1319759535701843e-12
],
[
2.3852316773190575e-12,
1.2383362324376354e-11
]
],
[
[
1.9999952499287355e-11,
2.2222228224897563e-12
],
[
1.9999895343875763e-11,
2.222223559553452e-12
]
],
[
[
1.8587676100314222e-11,
2.241142910520751e-12
],
[
2.5016399808289875e-11,
2.1737892379388433e-12
]
],
[
[
1.3649346657134553e-11,
2.3433669225507083e-12
],
[
1.4354737135556777e-11,
2.323762461899299e-12
]
],
[
[
2.222222829193981e-12,
1.999995087291613e-11
],
[
2.222223863608098e-12,
1.9999867400248128e-11
]
],
[
[
8.93681106147373e-11,
2.045783338118461e-12
],
[
1.0997858821489014e-10,
2.0370444764433657e-12
]
],
[
[
2.510731549203033e-11,
2.1731053980287454e-12
],
[
2.009857235997311e-11,
2.2210119175656447e-12
]
],
[
[
2.222222909173053e-12,
1.9999946104032124e-11
],
[
2.3594981792690557e-12,
1.3126622318772014e-11
]
],
[
[
1.999986985769701e-11,
2.222223914728645e-12
],
[
1.9999952169314957e-11,
2.2222228212840282e-12
]
],
[
[
2.2222229185631505e-12,
1.999994408029059e-11
],
[
2.360486858674425e-12,
1.3096106849401207e-11
]
],
[
[
2.2222227116915074e-12,
1.9999960380540294e-11
],
[
2.360884264538259e-12,
1.3083889651273178e-11
]
]
],
"clamp_dist": 0.024,
"clamp_gap": 0.016,
"radius": [
0.01,
0.01,
0.01,
0.01,
0.01,
0.01,
0.01,
0.01,
0.01,
0.01,
0.01,
0.01
],
"boundary_vertices": [
false,
false,
false,
false,
false,
false,
false,
false,
false,
false,
false,
false,
false,
false,
false,
false,
true,
false,
true,
false,
true,
false,
true,
false
],
"nstatus": 0,
"config": {
"weights": [
1.0,
10.0,
0.0
],
"shape_deviation": 0.4,
"length_deviation_ratio": 0.25
}
}