{
"contact_id_pairs": [
[
0,
1
],
[
0,
6
],
[
1,
2
],
[
1,
7
],
[
2,
3
],
[
2,
5
],
[
0,
3
],
[
0,
4
],
[
4,
5
],
[
4,
7
],
[
6,
7
]
],
"contact_t_bound_pairs": [
[
[
0.6,
0.9
],
[
0.1,
0.4
]
],
[
[
0.6,
0.9
],
[
0.6,
0.9
]
],
[
[
0.6,
0.9
],
[
0.1,
0.4
]
],
[
[
0.6,
0.9
],
[
0.6,
0.9
]
],
[
[
0.6,
0.9
],
[
0.1,
0.4
]
],
[
[
0.6,
0.9
],
[
0.6,
0.9
]
],
[
[
0.1,
0.4
],
[
0.6,
0.9
]
],
[
[
0.1,
0.4
],
[
0.6,
0.9
]
],
[
[
0.1,
0.4
],
[
0.1,
0.4
]
],
[
[
0.1,
0.4
],
[
0.1,
0.4
]
],
[
[
0.1,
0.4
],
[
0.1,
0.4
]
]
],
"line_pt_pairs": [
[
[
-1.5606176448882239,
5.540912799076092,
0.0
],
[
-0.7606176448882236,
5.540912799076092,
0.0
]
],
[
[
-0.8495065337926938,
5.45382391017109,
0.039959479479169425
],
[
-0.7606176448882236,
6.340912799076092,
0.0
]
],
[
[
-0.6926198237812161,
6.152366873562241,
0.04849276369708883
],
[
-1.5606176448882239,
6.340912799076092,
0.0
]
],
[
[
-1.4107788685107538,
6.402511410420027,
-0.03592240378164658
],
[
-1.4823521402578195,
5.4485128410247174,
0.04385225673951801
]
],
[
[
-1.1022211896465286,
5.996320969012258,
0.6581302148626077
],
[
-1.4899696624326784,
5.524195258450403,
-0.09438392910924884
]
],
[
[
-1.1655372724093938,
5.8872684670237545,
0.6368765106080153
],
[
-1.4163865977037151,
6.31418033963888,
-0.07839783590494323
]
],
[
[
-1.1951667678451376,
5.959857705137014,
0.6661468295260563
],
[
-0.8278899622736069,
5.529162431056007,
-0.09374003124881468
]
],
[
[
-1.1654704183831894,
5.886784066369372,
0.6828927950839719
],
[
-0.7733243977918111,
6.1771615273067475,
-0.0834247771703857
]
]
],
"contact_t_pairs": [
[
0.8999999999843078,
0.1000000000165653
],
[
0.870000002559733,
0.899999999973571
],
[
0.8067029385997596,
0.10000000001482721
],
[
0.7798099637182186,
0.899999999902664
],
[
0.8371519359505332,
0.10000000000079504
],
[
0.7981574916267334,
0.899999999830539
],
[
0.1067785397564602,
0.8999999999992104
],
[
0.1367785371800344,
0.8999999999746912
],
[
0.14609028432767557,
0.10421396914687703
],
[
0.10000000003036963,
0.126417681967324
],
[
0.10000000005722467,
0.10000000004742331
]
],
"half_couplers": [
{
"pose": [
[
-4.107825191113079e-14,
-4.313216450668733e-14,
0.9999999999999999,
-0.8406176449007774
],
[
-0.9989869869021095,
-0.045000000002712426,
-4.318767565791859e-14,
5.540912799076091
],
[
0.04500000000271254,
-0.9989869869021096,
-4.107825191113079e-14,
0.0
],
[
0.0,
0.0,
0.0,
1.0
]
],
"at_element": 0,
"to_element": 1
},
{
"pose": [
[
-0.9950271951171406,
8.339856583106098e-14,
0.0996036192982738,
-0.8406176449007743
],
[
0.09950271952733117,
0.04500000000269688,
0.9940192195357304,
5.542532799076286
],
[
-0.0044821628686080445,
0.9989869869021103,
-0.044776223782962976,
0.035963531530590544
],
[
0.0,
0.0,
0.0,
1.0
]
],
"at_element": 1,
"to_element": 0
},
{
"pose": [
[
-1.0769163338864018e-13,
4.0858982863767324e-13,
1.0,
-0.8646176428404373
],
[
0.49309292083713807,
-0.8699766499282036,
4.0861758421328886e-13,
5.540912799076092
],
[
0.8699766499282036,
0.49309292083713807,
-1.0769163338864018e-13,
0.0
],
[
0.0,
0.0,
0.0,
1.0
]
],
"at_element": 0,
"to_element": 6
},
{
"pose": [
[
-0.9218218807032614,
-7.835954107804355e-13,
0.3876137513771955,
-0.8646176428404667
],
[
-0.19112959682376843,
0.8699766499283227,
-0.4545438436470968,
5.572231958475491
],
[
-0.3372149128889262,
-0.49309292083692774,
-0.8019635116049992,
-0.017751345151244574
],
[
0.0,
0.0,
0.0,
1.0
]
],
"at_element": 6,
"to_element": 0
},
{
"pose": [
[
0.9940091141546079,
0.04500000000284103,
0.09960361929827614,
-0.7777996059045901
],
[
-0.09736579117487536,
-0.04945395739925762,
0.9940192195357406,
6.169441123649951
],
[
0.049656658027521186,
-0.9977621490602341,
-0.04477622378272983,
0.007724049958406658
],
[
0.0,
0.0,
0.0,
1.0
]
],
"at_element": 1,
"to_element": 2
},
{
"pose": [
[
-0.21417512555364504,
-0.04500000000278648,
-0.9757581747512185,
-0.7794196059047869
],
[
-0.976027660755263,
0.0494539573990046,
0.21195355986202846,
6.171221466116421
],
[
0.03871719301149529,
0.997762149060249,
-0.05451305227176295,
0.043643487326660936
],
[
0.0,
0.0,
0.0,
1.0
]
],
"at_element": 2,
"to_element": 1
},
{
"pose": [
[
-0.4273543476895503,
0.8985807590490963,
0.0996036192996484,
-0.7801900925611461
],
[
0.08337365487341708,
-0.07053102059887317,
0.9940192195356838,
6.145584664442935
],
[
0.9002316897243108,
0.4331027529351801,
-0.044776223780942814,
0.008798679236319414
],
[
0.0,
0.0,
0.0,
1.0
]
],
"at_element": 1,
"to_element": 7
},
{
"pose": [
[
0.07893837090064526,
-0.8985807590502694,
0.4316495720653435,
-0.8125389998891188
],
[
-0.9449140539513773,
0.07053102060039274,
0.31962916916051476,
6.148123781184745
],
[
-0.31765730629835376,
-0.43310275293249867,
-0.8435139839727408,
-0.006793019870359643
],
[
0.0,
0.0,
0.0,
1.0
]
],
"at_element": 7,
"to_element": 1
},
{
"pose": [
[
-0.21571216942732807,
-0.03693567878283133,
-0.9757581747512072,
-1.4192658801217921
],
[
-0.9734861869048367,
0.08602518449420893,
0.2119535598621043,
6.310208460121746
],
[
0.07611112840076095,
0.9956080670954754,
-0.05451305227167236,
0.007896952688479182
],
[
0.0,
0.0,
0.0,
1.0
]
],
"at_element": 2,
"to_element": 3
},
{
"pose": [
[
-0.9965326057561152,
0.03693567878282329,
-0.07455549139922556,
-1.4179361956855174
],
[
0.07115874531264604,
-0.08602518449416063,
-0.9937485097338643,
6.307111553479738
],
[
-0.04311842564911052,
-0.9956080670954803,
0.0830986047051594,
-0.0279449377294667
],
[
0.0,
0.0,
0.0,
1.0
]
],
"at_element": 3,
"to_element": 2
},
{
"pose": [
[
-0.14557502395470356,
0.1634132699620843,
-0.9757581747548347,
-1.3854187874134556
],
[
-0.4426050256152031,
0.8713073394441748,
0.21195355984478984,
6.302856216526817
],
[
0.8848212834808806,
0.4627306164832974,
-0.054513052274062446,
0.009787901062572489
],
[
0.0,
0.0,
0.0,
1.0
]
],
"at_element": 2,
"to_element": 5
},
{
"pose": [
[
0.9434771179050903,
-0.16341326994785976,
-0.28835226927224317,
-1.3913016651317738
],
[
-0.0009307037645340382,
-0.8713073394207793,
0.4907368480784644,
6.271489152305023
],
[
-0.33143636158395023,
-0.46273061653237413,
-0.8222106267517844,
-0.006870401132436282
],
[
0.0,
0.0,
0.0,
1.0
]
],
"at_element": 5,
"to_element": 2
},
{
"pose": [
[
1.1324274851176597e-14,
1.2323475573339238e-14,
1.0,
-1.4751948130830557
],
[
-0.9965219634587371,
-0.08333052468539548,
1.2323475573339238e-14,
5.540912799076091
],
[
0.08333052468539554,
-0.9965219634587371,
1.1324274851176597e-14,
0.0
],
[
0.0,
0.0,
0.0,
1.0
]
],
"at_element": 0,
"to_element": 3
},
{
"pose": [
[
0.9972168664348895,
-2.4868995751603507e-14,
-0.07455549139922368,
-1.4751948130830566
],
[
-0.07429618467578342,
0.0833305246853785,
-0.993748509733867,
5.543912697965001
],
[
0.00621274821649824,
0.9965219634587386,
0.08309860470512642,
0.035874790687338565
],
[
0.0,
0.0,
0.0,
1.0
]
],
"at_element": 3,
"to_element": 0
},
{
"pose": [
[
-2.1382895454280515e-13,
7.43238803835311e-13,
1.0,
-1.4511948151441965
],
[
0.5314587414396812,
-0.8470841789027523,
7.43238803835311e-13,
5.540912799076092
],
[
0.8470841789027523,
0.5314587414396812,
-2.1382895454280515e-13,
0.0
],
[
0.0,
0.0,
0.0,
1.0
]
],
"at_element": 0,
"to_element": 4
},
{
"pose": [
[
-0.9165010742571966,
-1.422834072783985e-12,
-0.40003222480870854,
-1.45119481514425
],
[
0.2126006227306921,
0.8470841789033092,
-0.48708250745251397,
5.571407829518537
],
[
0.338860968687642,
-0.5314587414387936,
-0.7763535599508558,
-0.01913251469301791
],
[
0.0,
0.0,
0.0,
1.0
]
],
"at_element": 4,
"to_element": 0
},
{
"pose": [
[
-0.09619392627862533,
0.9114389435375421,
-0.40003222463980526,
-1.158867474283479
],
[
0.8647195511846519,
-0.12251827852883657,
-0.48708250761585004,
5.9273479897178705
],
[
-0.4929572256759369,
-0.3927700645791372,
-0.7763535599354099,
0.5481952096091618
],
[
0.0,
0.0,
0.0,
1.0
]
],
"at_element": 4,
"to_element": 5
},
{
"pose": [
[
-0.29348257394449195,
-0.9114389435050125,
-0.28835226902762956,
-1.191679276256131
],
[
-0.8626509245647276,
0.122518278362307,
0.49073684782656907,
5.9317586477449025
],
[
-0.41194825055889817,
0.39277006470656967,
-0.8222106269879152,
0.5623349319289612
],
[
0.0,
0.0,
0.0,
1.0
]
],
"at_element": 5,
"to_element": 4
},
{
"pose": [
[
-0.5948636584165661,
-0.6972169296638466,
-0.4000322248086746,
-1.1409960369369194
],
[
-0.5064184420491296,
0.7115412795379218,
-0.4870825074523508,
5.9491083979417345
],
[
0.6242416114356616,
-0.08716398627676347,
-0.7763535599509754,
0.5828788004425685
],
[
0.0,
0.0,
0.0,
1.0
]
],
"at_element": 4,
"to_element": 7
},
{
"pose": [
[
0.5723348669506376,
0.697216929663787,
0.4316495720637258,
-1.115896227467317
],
[
0.6257365274107688,
-0.7115412795379275,
0.31962916915926265,
5.923492911876632
],
[
0.5299873567704307,
0.08716398627719077,
-0.8435139839740424,
0.5860167039487487
],
[
0.0,
0.0,
0.0,
1.0
]
],
"at_element": 7,
"to_element": 4
},
{
"pose": [
[
-0.22484614369416622,
-0.8939797488811375,
0.387613751376652,
-1.1584390872669672
],
[
-0.8903197862919806,
0.02684347853669755,
-0.45454384364663025,
5.916788177704267
],
[
0.3959480897830735,
-0.4473026226733624,
-0.8019635116055264,
0.590158143405085
],
[
0.0,
0.0,
0.0,
1.0
]
],
"at_element": 6,
"to_element": 7
},
{
"pose": [
[
-0.12032811612216521,
0.8939797488806814,
0.43164957206248267,
-1.1262558163054548
],
[
0.9471624052314084,
-0.02684347853772917,
0.3196291691573969,
5.91582181247688
],
[
0.2973289804017498,
0.4473026226742117,
-0.8435139839753858,
0.6062610378221949
],
[
0.0,
0.0,
0.0,
1.0
]
],
"at_element": 7,
"to_element": 6
}
],
"contact_residues": [
1.5238721075063612e-13,
1.5255489703612684e-13,
1.50397840263027e-13,
1.529119149988895e-13,
1.8131789506292837e-13,
1.5638098457502105e-13,
2.0393978343680958e-13,
1.529142883429181e-13,
1.7433212304679084e-13,
1.6760107120847875e-13,
1.4234417962704717e-13
],
"collision_dists": [
0.02,
0.02,
0.02,
0.02,
0.02,
0.02,
0.02,
0.02,
0.02,
0.02,
0.02,
0.02,
0.02,
0.02,
0.02,
0.02,
0.02,
0.02,
0.025,
0.025,
0.025,
0.025,
0.025,
0.025,
0.025,
0.025,
0.025,
0.025,
0.025,
0.025,
0.025,
0.025,
0.025,
0.025,
0.025,
0.025
],
"collision_id_pairs": [
[
0,
1
],
[
0,
3
],
[
0,
4
],
[
0,
6
],
[
1,
2
],
[
1,
6
],
[
1,
7
],
[
2,
3
],
[
2,
5
],
[
2,
7
],
[
3,
4
],
[
3,
5
],
[
4,
5
],
[
4,
6
],
[
4,
7
],
[
5,
6
],
[
5,
7
],
[
6,
7
]
],
"collision_t_pairs": [
[
[
0.8999999999838997,
0.10000000001610038
],
[
0.10000000001688553,
0.8999999999831145
]
],
[
[
0.10677853975690207,
0.8932214602430979
],
[
0.8999999999988746,
0.10000000000112542
]
],
[
[
0.13677853718057506,
0.863221462819425
],
[
0.8999999999742117,
0.10000000002578832
]
],
[
[
0.8700000025591793,
0.12999999744082066
],
[
0.8999999999730748,
0.10000000002692522
]
],
[
[
0.8067029385996419,
0.1932970614003581
],
[
0.10000000001517224,
0.8999999999848277
]
],
[
[
0.14858529746918892,
0.8514147025308111
],
[
0.8613367301204786,
0.1386632698795213
]
],
[
[
0.779809963717897,
0.22019003628210293
],
[
0.8999999999021954,
0.10000000009780466
]
],
[
[
0.8371519359502813,
0.16284806404971883
],
[
0.10000000000113617,
0.8999999999988639
]
],
[
[
0.7981574916263527,
0.20184250837364717
],
[
0.8999999998299792,
0.10000000017002073
]
],
[
[
0.1454211433980359,
0.8545788566019641
],
[
0.8633586753545354,
0.13664132464546466
]
],
[
[
0.8444750645066731,
0.15552493549332688
],
[
0.8549527619400531,
0.1450472380599469
]
],
[
[
0.11816282996481339,
0.8818371700351866
],
[
0.9381283883067159,
0.06187161169328414
]
],
[
[
0.14609028432817053,
0.8539097156718295
],
[
0.10421396914754066,
0.8957860308524592
]
],
[
[
0.13068979391785995,
0.86931020608214
],
[
0.11942142382857392,
0.8805785761714261
]
],
[
[
0.10000000003079793,
0.8999999999692022
],
[
0.12641768196773595,
0.873582318032264
]
],
[
[
0.0541612656175276,
0.9458387343824725
],
[
0.08785496069816487,
0.9121450393018352
]
],
[
[
7.469790409107681e-12,
0.9999999999925303
],
[
0.042864179166466586,
0.9571358208335334
]
],
[
[
0.10000000005829715,
0.899999999941703
],
[
0.10000000004854871,
0.8999999999514513
]
]
],
"collision_dual_t_pairs": [
[
[
3.548389746683813e-14,
3.1935515112814793e-13
],
[
3.193551553056168e-13,
3.5483897415785576e-14
]
],
[
[
2.9908187109942563e-13,
3.575317876053345e-14
],
[
3.548389824374167e-14,
3.193550878351826e-13
]
],
[
[
2.334834880068181e-13,
3.6995726586542815e-14
],
[
3.548389700043751e-14,
3.1935518948885563e-13
]
],
[
[
3.6707478493326614e-14,
2.4565787024771245e-13
],
[
3.5483896926482395e-14,
3.1935519556367005e-13
]
],
[
[
3.95876969304088e-14,
1.6521459660737818e-13
],
[
3.1935514793130165e-13,
3.5483897505819016e-14
]
],
[
[
2.1493059821617341e-13,
3.7508754724285755e-14
],
[
3.70766781358229e-14,
2.3030995736953467e-13
]
],
[
[
4.095294051339173e-14,
1.4503607795473975e-13
],
[
3.548389274849652e-14,
3.1935554692104294e-13
]
],
[
[
3.814780146918034e-14,
1.961062419281223e-13
],
[
3.1935508785772326e-13,
3.5483898243483177e-14
]
],
[
[
4.001153318934658e-14,
1.5822000296839832e-13
],
[
3.548388013774034e-14,
3.1935659647406713e-13
]
],
[
[
2.1960729852649706e-13,
3.736987183043312e-14
],
[
3.698983106424578e-14,
2.3371858025525365e-13
]
],
[
[
3.781698416583146e-14,
2.0534040740420053e-13
],
[
3.73535192738459e-14,
2.2017372754731844e-13
]
],
[
[
2.702669820929567e-13,
3.621474478479569e-14
],
[
3.404168556884133e-14,
5.161670212599692e-13
]
],
[
[
2.186011986413629e-13,
3.739916227216803e-14
],
[
3.06494695461227e-13,
3.5650148718689396e-14
]
],
[
[
2.44361430957087e-13,
3.673660191775742e-14
],
[
2.674186985593379e-13,
3.62665043144519e-14
]
],
[
[
3.193551975331871e-13,
3.548389690624232e-14
],
[
2.526192757183415e-13,
3.655694813272888e-14
]
],
[
[
5.898590808432022e-13,
3.3763575229495054e-14
],
[
3.6350319258842823e-13,
3.501143176452703e-14
]
],
[
[
0.008545655254238508,
3.193550862215083e-14
],
[
7.44831696768654e-13,
3.336616304645265e-14
]
],
[
[
3.1935530559440795e-13,
3.548389561503923e-14
],
[
3.1935522422630545e-13,
3.5483896600883426e-14
]
]
],
"clamp_dist": 0.024,
"clamp_gap": 0.016,
"radius": [
0.01,
0.01,
0.01,
0.01,
0.01,
0.01,
0.01,
0.01
],
"boundary_vertices": [
true,
true,
false,
true,
false,
true,
false,
false,
false,
false,
false,
false,
false,
false,
false,
false
],
"nstatus": 0,
"config": {
"weights": [
1.0,
10.0,
0.0
],
"shape_deviation": 0.2,
"length_deviation_ratio": 0.2
}
}