{
"contact_id_pairs": [
[
0,
1
],
[
0,
9
],
[
0,
2
],
[
0,
8
],
[
2,
3
],
[
2,
11
],
[
4,
5
],
[
4,
11
],
[
5,
7
],
[
5,
8
],
[
6,
7
],
[
6,
9
],
[
4,
6
],
[
4,
10
],
[
1,
3
],
[
1,
10
]
],
"contact_t_bound_pairs": [
[
[
0.6,
0.9
],
[
0.6,
0.9
]
],
[
[
0.6,
0.9
],
[
0.6,
0.9
]
],
[
[
0.1,
0.4
],
[
0.6,
0.9
]
],
[
[
0.1,
0.4
],
[
0.6,
0.9
]
],
[
[
0.1,
0.4
],
[
0.6,
0.9
]
],
[
[
0.1,
0.4
],
[
0.6,
0.9
]
],
[
[
0.6,
0.9
],
[
0.1,
0.4
]
],
[
[
0.6,
0.9
],
[
0.1,
0.4
]
],
[
[
0.6,
0.9
],
[
0.1,
0.4
]
],
[
[
0.6,
0.9
],
[
0.1,
0.4
]
],
[
[
0.6,
0.9
],
[
0.6,
0.9
]
],
[
[
0.6,
0.9
],
[
0.1,
0.4
]
],
[
[
0.1,
0.4
],
[
0.1,
0.4
]
],
[
[
0.1,
0.4
],
[
0.6,
0.9
]
],
[
[
0.1,
0.4
],
[
0.1,
0.4
]
],
[
[
0.1,
0.4
],
[
0.1,
0.4
]
]
],
"line_pt_pairs": [
[
[
-3.127393984964317,
9.922868913362354,
0.0
],
[
-3.927393984964317,
9.922868913362354,
0.0
]
],
[
[
-3.127393984964317,
9.122868913362353,
0.0
],
[
-3.8957336019525504,
10.00995780230023,
0.03995947948651635
]
],
[
[
-2.3273939849643166,
9.122868913362353,
0.0
],
[
-3.3051717627793007,
10.00995780226772,
0.03995947948505002
]
],
[
[
-3.295222627558275,
9.211261793119967,
0.04867872966011885
],
[
-2.3518453299276914,
9.227241208373556,
-0.03993397413028878
]
],
[
[
-3.2503266850960872,
9.174517511921236,
0.7495842476241392
],
[
-2.290326754370089,
9.174445255068822,
0.7493358266005429
]
],
[
[
-2.3607963368820855,
9.082744269001337,
0.7890296818315237
],
[
-3.224625084433593,
10.014178087636523,
0.7522126714857218
]
],
[
[
-3.0663569216798736,
9.08456140303922,
0.7898458037706476
],
[
-3.945960286604016,
10.001116546028115,
0.7465770550995703
]
],
[
[
-3.007116726891207,
9.87983501896293,
0.7941935561468746
],
[
-3.913007443660126,
9.863915419753955,
0.7883808250794844
]
],
[
[
-3.1562720122890457,
9.8979023803033,
0.8532912405066412
],
[
-3.239740868573566,
9.885646317935263,
-0.0942928207246498
]
],
[
[
-3.888490585365455,
9.884224701323093,
0.8432718972567895
],
[
-3.842827695959304,
9.88716291131132,
-0.09382229482409503
]
],
[
[
-3.2055167141069703,
9.267574879076687,
-0.08772688591735475
],
[
-3.077575328629916,
9.124634349217809,
0.8364594835358596
]
],
[
[
-2.378452405120477,
9.132724123056853,
0.8399588469346672
],
[
-2.4572286788990976,
9.190707570789765,
-0.08845987154554312
]
]
],
"contact_t_pairs": [
[
0.8643820690633084,
0.8999999999495495
],
[
0.8999999999223971,
0.8999999999492915
],
[
0.10000000002050809,
0.8999999999825329
],
[
0.12999999747113558,
0.8999999999534141
],
[
0.11817049055847052,
0.8999129181454952
],
[
0.10000000001856858,
0.8999999999512721
],
[
0.8366022033028014,
0.1000000001797297
],
[
0.8999999999024688,
0.100000000112673
],
[
0.8527821154401718,
0.10000000004553612
],
[
0.8999999999716485,
0.10000000008278463
],
[
0.8506063412510009,
0.8916006105533799
],
[
0.8999999999514084,
0.10000000009919634
],
[
0.10000000003952313,
0.10000000004946558
],
[
0.16662638644957162,
0.8999999999068085
],
[
0.10000000001268548,
0.1000000000305607
],
[
0.12043853041571248,
0.10000000004189938
]
],
"half_couplers": [
{
"pose": [
[
0.0,
0.0,
-1.0,
-3.8188996402149638
],
[
0.9989869869018158,
0.045000000009239205,
0.0,
9.922868913362354
],
[
0.045000000009239316,
-0.9989869869018158,
0.0,
0.0
],
[
0.0,
0.0,
0.0,
1.0
]
],
"at_element": 0,
"to_element": 1
},
{
"pose": [
[
-0.7562158389458395,
-5.551115123125783e-17,
-0.6543222485346498,
-3.8188996402149638
],
[
-0.6536594115264509,
-0.045000000009239205,
0.755449782395933,
9.921248913361689
],
[
-0.02944450119010461,
0.9989869869018158,
0.03402971275954947,
0.03596353153584873
],
[
0.0,
0.0,
0.0,
1.0
]
],
"at_element": 1,
"to_element": 0
},
{
"pose": [
[
0.0,
-6.1673756379665434e-15,
-1.0,
-3.847393984902235
],
[
-0.003135432457355252,
0.9999950845195718,
-6.1673756379665434e-15,
9.922868913362354
],
[
0.9999950845195718,
0.003135432457355252,
0.0,
0.0
],
[
0.0,
0.0,
0.0,
1.0
]
],
"at_element": 0,
"to_element": 9
},
{
"pose": [
[
0.9988149041835511,
1.3071724150152952e-14,
0.04867018780324883,
-3.8473939849022347
],
[
-0.00015260208653259706,
-0.9999950845195715,
0.003131716669504266,
9.886869090312347
],
[
0.04866994856589328,
-0.0031354324573916424,
-0.9988099945284381,
-0.00011287556848790792
],
[
0.0,
0.0,
0.0,
1.0
]
],
"at_element": 9,
"to_element": 0
},
{
"pose": [
[
0.0,
0.0,
-1.0,
-3.2073939849807234
],
[
0.9989869869018156,
0.045000000009241425,
0.0,
9.922868913362354
],
[
0.045000000009241425,
-0.9989869869018156,
0.0,
0.0
],
[
0.0,
0.0,
0.0,
1.0
]
],
"at_element": 0,
"to_element": 2
},
{
"pose": [
[
-0.6722994487215495,
-8.326672684688674e-16,
-0.7402793062410297,
-3.2073939849807234
],
[
-0.7395293936074927,
-0.04500000000923943,
0.6716184005740926,
9.921248913361689
],
[
-0.033312568787686736,
0.9989869869018155,
0.030253475198680935,
0.03596353153584704
],
[
0.0,
0.0,
0.0,
1.0
]
],
"at_element": 2,
"to_element": 0
},
{
"pose": [
[
0.0,
-6.166941957097549e-15,
-1.0,
-3.2313939829412255
],
[
0.012932928959127933,
0.9999163661769609,
-6.166941957097549e-15,
9.922868913362354
],
[
0.999916366176961,
-0.012932928959127933,
0.0,
0.0
],
[
0.0,
0.0,
0.0,
1.0
]
],
"at_element": 0,
"to_element": 8
},
{
"pose": [
[
0.9961435044046455,
1.1969266723588223e-14,
-0.08773892313239363,
-3.231393982941225
],
[
-0.0011347212598084382,
-0.9999163661769612,
-0.01288305317554862,
9.886871924172638
],
[
-0.0877315851908229,
0.012932928959113424,
-0.9960601931150768,
0.00046558544262338686
],
[
0.0,
0.0,
0.0,
1.0
]
],
"at_element": 8,
"to_element": 0
},
{
"pose": [
[
-0.6659182959032011,
0.09240949988277675,
-0.7402792091588091,
-2.4429384646258843
],
[
-0.7386953326473988,
0.057077158035883535,
0.6716184955430393,
9.22769664253327
],
[
0.10431696269699148,
0.9940838407106121,
0.030253742441434195,
0.0047220312932095
],
[
0.0,
0.0,
0.0,
1.0
]
],
"at_element": 2,
"to_element": 3
},
{
"pose": [
[
0.02209879439792717,
-0.09240923858477501,
0.9954758540066858,
-2.446265210735325
],
[
-0.9982274093848813,
-0.057076515947611206,
0.016861508830196936,
9.225641875331082
],
[
0.05526013426428544,
-0.9940839018671737,
-0.09350675702658551,
-0.031064987192669265
],
[
0.0,
0.0,
0.0,
1.0
]
],
"at_element": 3,
"to_element": 2
},
{
"pose": [
[
0.029613805680418936,
0.6716469096664045,
-0.7402793062410236,
-2.425171762763971
],
[
-0.012381136411410809,
0.7407937847143765,
0.6716184005740998,
9.211577802269362
],
[
0.9994847322367082,
-0.010723677732880521,
0.03025347519867594,
0.003995947949246993
],
[
0.0,
0.0,
0.0,
1.0
]
],
"at_element": 2,
"to_element": 11
},
{
"pose": [
[
0.7360502384750679,
-0.671646909666329,
-0.08438290808253704,
-2.449351051517397
],
[
-0.6688549085662158,
-0.7407937847144184,
0.062110223114775626,
9.18490922601365
],
[
-0.10422647325739673,
0.010723677734726423,
-0.9944957742535496,
0.004382000347717782
],
[
0.0,
0.0,
0.0,
1.0
]
],
"at_element": 11,
"to_element": 2
},
{
"pose": [
[
-6.49246086783517e-05,
-0.0002615582631730895,
0.9999999636860346,
-2.4471886278801804
],
[
-0.9992101072994987,
-0.03973859339937036,
-7.526728540735439e-05,
9.174457061679302
],
[
0.039738611643084676,
-0.9992100759009162,
-0.00025877164758458804,
0.7493764180484518
],
[
0.0,
0.0,
0.0,
1.0
]
],
"at_element": 4,
"to_element": 5
},
{
"pose": [
[
-0.7334794849452728,
0.00026155807298017253,
-0.6797115393693063,
-2.4471792117924918
],
[
-0.6791670415716022,
0.03973859291952819,
0.7329072068656808,
9.175887651032262
],
[
0.027202477962403826,
0.9992100759200493,
-0.02896980104444058,
0.7853479807903264
],
[
0.0,
0.0,
0.0,
1.0
]
],
"at_element": 5,
"to_element": 4
},
{
"pose": [
[
-0.00025357779599799457,
9.124916981460493e-05,
0.9999999636859445,
-2.3863267475363186
],
[
0.06232484689482551,
0.9980559141622919,
-7.526757901763631e-05,
9.17445248075407
],
[
-0.9980558847869381,
0.06232482554537076,
-0.00025877190953393914,
0.7493606687029267
],
[
0.0,
0.0,
0.0,
1.0
]
],
"at_element": 4,
"to_element": 11
},
{
"pose": [
[
0.9964333979233141,
-9.124919107783092e-05,
-0.08438290808323384,
-2.3863300325072148
],
[
0.005168403091273116,
-0.9980559141616201,
0.06211022312388963,
9.138522467836678
],
[
-0.08422452797424562,
-0.06232482555610054,
-0.9944957742529215,
0.7471169749820384
],
[
0.0,
0.0,
0.0,
1.0
]
],
"at_element": 11,
"to_element": 4
},
{
"pose": [
[
0.7334461933616558,
0.006993194780158196,
-0.6797115393091862,
-3.0974540435970943
],
[
0.6795268682808899,
-0.03301910531073693,
0.732907206929257,
9.877054371249567
],
[
-0.017318104043535176,
-0.9994302546507412,
-0.02896980084660683,
0.7576327938646481
],
[
0.0,
0.0,
0.0,
1.0
]
],
"at_element": 5,
"to_element": 7
},
{
"pose": [
[
0.017348503098266077,
-0.006993194771975131,
-0.9998250470292943,
-3.0977057986093497
],
[
-0.9993002659847575,
0.03301910533062413,
-0.01757034677967345,
9.878243059041308
],
[
0.03313620139729789,
0.9994302546501412,
-0.006415469344587699,
0.793612283039871
],
[
0.0,
0.0,
0.0,
1.0
]
],
"at_element": 7,
"to_element": 5
},
{
"pose": [
[
0.0341139785322262,
0.732685785163562,
-0.6797115393223492,
-3.138242209653951
],
[
0.07104223128133375,
0.6766092132263197,
0.7329072069176494,
9.921034705746596
],
[
0.9968897821942366,
-0.07329060510403224,
-0.028969800831426307,
0.7558943725213458
],
[
0.0,
0.0,
0.0,
1.0
]
],
"at_element": 5,
"to_element": 8
},
{
"pose": [
[
0.6748877103642482,
-0.7326857851540376,
-0.08773892313286089,
-3.1646188979244076
],
[
-0.7362295834193948,
-0.6766092132383015,
-0.0128830531766102,
9.896676774065481
],
[
-0.04992573381941493,
0.07329060508863577,
-0.9960601931150221,
0.7585328343050667
],
[
0.0,
0.0,
0.0,
1.0
]
],
"at_element": 8,
"to_element": 5
},
{
"pose": [
[
0.7218509783169943,
0.007120038521122307,
-0.6920119002981495,
-3.8145531216700674
],
[
0.6916735555953626,
-0.040335411555868506,
0.7210830375654997,
9.864189019771791
],
[
-0.022778445795690105,
-0.9991608277079704,
-0.034040898652302864,
0.7530411317730334
],
[
0.0,
0.0,
0.0,
1.0
]
],
"at_element": 6,
"to_element": 7
},
{
"pose": [
[
0.017296831640725818,
-0.007120038507385129,
-0.9998250470291519,
-3.8148094430570136
],
[
-0.9990316999406363,
0.040335411582795855,
-0.017570346785670987,
9.865641094588442
],
[
0.04045345632841113,
0.9991608277069812,
-0.00641546935036863,
0.7890109215782068
],
[
0.0,
0.0,
0.0,
1.0
]
],
"at_element": 7,
"to_element": 6
},
{
"pose": [
[
-0.05045454790557646,
0.7201207318401355,
-0.6920119003092877,
-3.8579999500688604
],
[
-0.001272575277542709,
0.6928474821358238,
0.7210830375554623,
9.909461031684687
],
[
0.9987255474592642,
0.0372625558983396,
-0.03404089863849413,
0.7509039299687805
],
[
0.0,
0.0,
0.0,
1.0
]
],
"at_element": 6,
"to_element": 9
},
{
"pose": [
[
0.6921396856166069,
-0.7201207318317037,
0.04867018780235267,
-3.883924296420311
],
[
-0.7210773598149002,
-0.692847482143861,
0.003131716667427571,
9.884518522322209
],
[
0.03146580297589142,
-0.03726255591184943,
-0.9988099945284881,
0.7495624779557448
],
[
0.0,
0.0,
0.0,
1.0
]
],
"at_element": 9,
"to_element": 6
},
{
"pose": [
[
-6.291549262993357e-05,
-0.0002620491465245567,
0.999999963685942,
-3.154326691985545
],
[
-0.9988756807568577,
-0.04740642073935275,
-7.526757035869469e-05,
9.174510286235991
],
[
0.04740643874163597,
-0.9988756492191248,
-0.00025877192131162907,
0.7495594055217698
],
[
0.0,
0.0,
0.0,
1.0
]
],
"at_element": 4,
"to_element": 6
},
{
"pose": [
[
-0.7218860444493576,
0.00026204916101896236,
-0.6920119003019366,
-3.154317258215798
],
[
-0.6912249157922126,
0.047406420748835276,
0.7210830375621334,
9.176216917383446
],
[
0.03299476651393285,
0.9988756492186711,
-0.034040898646619855,
0.7855189289013995
],
[
0.0,
0.0,
0.0,
1.0
]
],
"at_element": 6,
"to_element": 4
},
{
"pose": [
[
-0.00024422845660998505,
0.00011393203440421273,
0.9999999636859757,
-3.090365365647375
],
[
0.15283356925858999,
0.98825193874969,
-7.526724988070332e-05,
9.174505472023021
],
[
-0.9882519114376359,
0.15283354532618376,
-0.00025877188521339356,
0.7495428541266593
],
[
0.0,
0.0,
0.0,
1.0
]
],
"at_element": 4,
"to_element": 10
},
{
"pose": [
[
-0.9907708496074064,
-0.00011393172971679681,
0.1355474477361315,
-3.0903694671895447
],
[
-0.02060464311650581,
-0.9882519387904116,
-0.15143828498445816,
9.138928402217017
],
[
0.13397228164907757,
-0.15283354506309632,
0.9791288654989121,
0.7440408465044118
],
[
0.0,
0.0,
0.0,
1.0
]
],
"at_element": 10,
"to_element": 4
},
{
"pose": [
[
0.750492476185604,
-0.09286246960631878,
-0.6543222485346316,
-3.204227946672887
],
[
0.6542381896698874,
-0.03560923272658778,
0.7554497823959526,
9.211577802267394
],
[
-0.09345284568309808,
-0.9950419811662418,
0.034029712759466646,
0.00399594794915854
],
[
0.0,
0.0,
0.0,
1.0
]
],
"at_element": 1,
"to_element": 3
},
{
"pose": [
[
-0.02010797754997995,
0.09286246960165628,
0.9954758816658146,
-3.2008848977663864
],
[
0.9992235281820903,
0.035609232722346174,
0.016861888158245797,
9.212859734645813
],
[
-0.03388229576319912,
0.9950419811668285,
-0.09350639416322215,
0.03981745927837002
],
[
0.0,
0.0,
0.0,
1.0
]
],
"at_element": 3,
"to_element": 1
},
{
"pose": [
[
-0.0248193779981849,
-0.7558084370686564,
-0.6543222485378424,
-3.219931679294551
],
[
0.023522331514765515,
-0.6547841829201118,
0.7554497823930792,
9.229708595494138
],
[
-0.9994151781896714,
0.00335860886026651,
0.03402971276151279,
0.004812660985532838
],
[
0.0,
0.0,
0.0,
1.0
]
],
"at_element": 1,
"to_element": 10
},
{
"pose": [
[
0.6406094722016039,
0.7558084370652861,
0.13554744773145658,
-3.192722575553904
],
[
-0.740489108372513,
0.6547841829239748,
-0.151438285034741,
9.25328082608481
],
[
-0.2032126583342269,
-0.0033586088656146346,
0.9791288654917822,
0.004691751066689523
],
[
0.0,
0.0,
0.0,
1.0
]
],
"at_element": 10,
"to_element": 1
}
],
"contact_residues": [
5.321413067835541e-13,
5.256147007864916e-13,
5.320187560297645e-13,
5.288810814245243e-13,
5.227695276885548e-13,
5.237324918868659e-13,
5.518359250344219e-13,
5.418445220066607e-13,
5.59892635378616e-13,
4.4725884796462375e-13,
5.480690936441178e-13,
5.249398952101322e-13,
5.493223356319765e-13,
5.004579290446245e-13,
5.227376835915104e-13,
5.23031902054541e-13
],
"collision_dists": [
0.02,
0.02,
0.02,
0.02,
0.02,
0.02,
0.02,
0.02,
0.02,
0.02,
0.02,
0.02,
0.02,
0.02,
0.02,
0.02,
0.02,
0.02,
0.02,
0.02,
0.02,
0.02,
0.02,
0.02,
0.025,
0.025,
0.025,
0.025,
0.025,
0.025,
0.025,
0.025,
0.025,
0.025,
0.025,
0.025,
0.025,
0.025,
0.025,
0.025,
0.025,
0.025,
0.025,
0.025,
0.025,
0.025,
0.025,
0.025
],
"collision_id_pairs": [
[
0,
1
],
[
0,
2
],
[
0,
8
],
[
0,
9
],
[
1,
3
],
[
1,
9
],
[
1,
10
],
[
2,
3
],
[
2,
8
],
[
2,
11
],
[
3,
10
],
[
3,
11
],
[
4,
5
],
[
4,
6
],
[
4,
10
],
[
4,
11
],
[
5,
7
],
[
5,
8
],
[
5,
11
],
[
6,
7
],
[
6,
9
],
[
6,
10
],
[
7,
8
],
[
7,
9
]
],
"collision_t_pairs": [
[
[
0.8643820690602622,
0.1356179309397378
],
[
0.8999999999474854,
0.10000000005251457
]
],
[
[
0.10000000002236478,
0.8999999999776352
],
[
0.8999999999828072,
0.10000000001719274
]
],
[
[
0.1299999974721509,
0.870000002527849
],
[
0.8999999999524133,
0.1000000000475867
]
],
[
[
0.8999999999209357,
0.10000000007906437
],
[
0.8999999999482461,
0.10000000005175397
]
],
[
[
0.1000000000129312,
0.8999999999870688
],
[
0.10000000003144964,
0.8999999999685504
]
],
[
[
0.8945591040579726,
0.10544089594202742
],
[
0.8636185353448103,
0.13638146465518983
]
],
[
[
0.12043853041614504,
0.879561469583855
],
[
0.1000000000429008,
0.8999999999570992
]
],
[
[
0.11817049056065586,
0.881829509439344
],
[
0.8999129181421937,
0.10008708185780645
]
],
[
[
0.8944032425746438,
0.10559675742535621
],
[
0.8599507666060591,
0.14004923339394096
]
],
[
[
0.1000000000190709,
0.8999999999809292
],
[
0.8999999999502077,
0.1000000000497923
]
],
[
[
0.1144810381947705,
0.8855189618052295
],
[
0.14234384155102656,
0.8576561584489734
]
],
[
[
0.8928457587743166,
0.10715424122568337
],
[
0.9401198486963347,
0.05988015130366533
]
],
[
[
0.8366022033007051,
0.16339779669929497
],
[
0.10000000018140895,
0.899999999818591
]
],
[
[
0.10000000004049088,
0.8999999999595092
],
[
0.10000000004956236,
0.8999999999504376
]
],
[
[
0.1666263864500048,
0.8333736135499952
],
[
0.8999999999057752,
0.10000000009422487
]
],
[
[
0.8999999999013129,
0.10000000009868718
],
[
0.1000000001138901,
0.8999999998861099
]
],
[
[
0.8527821154405009,
0.14721788455949922
],
[
0.10000000004702983,
0.8999999999529702
]
],
[
[
0.8999999999711059,
0.1000000000288941
],
[
0.1000000000838031,
0.899999999916197
]
],
[
[
0.04261650353387437,
0.9573834964661256
],
[
0.05697233486763842,
0.9430276651323616
]
],
[
[
0.8506063412493333,
0.14939365875066668
],
[
0.8916006105507092,
0.10839938944929085
]
],
[
[
0.8999999999508079,
0.10000000004919206
],
[
0.10000000010030029,
0.8999999998996997
]
],
[
[
0.03671826145351189,
0.9632817385464881
],
[
0.9480005355619705,
0.05199946443802952
]
],
[
[
0.1701289177557525,
0.8298710822442475
],
[
0.06365070957560276,
0.9363492904243972
]
],
[
[
0.9696072866734355,
0.03039271332656451
],
[
0.05833868873342307,
0.9416613112665769
]
]
],
"collision_dual_t_pairs": [
[
[
1.2671281797391454e-13,
8.076000624076139e-13
],
[
1.2169763565189257e-13,
1.0952787180511869e-12
]
],
[
[
1.0952787196446055e-12,
1.2169763564388183e-13
],
[
1.2169763564394272e-13,
1.095278719808037e-12
]
],
[
[
8.425221073341924e-13,
1.2589410547795423e-13
],
[
1.216976356512941e-13,
1.0952787182082032e-12
]
],
[
[
1.216976356595072e-13,
1.095278715888173e-12
],
[
1.2169763565238043e-13,
1.0952787179888113e-12
]
],
[
[
1.095278720065816e-12,
1.2169763564251414e-13
],
[
1.0952787189742203e-12,
1.2169763564752286e-13
]
],
[
[
1.224376267369076e-13,
1.0387742367461301e-12
],
[
1.2682436837167898e-13,
8.030992394157859e-13
]
],
[
[
9.0940863495553e-13,
1.2452555051406373e-13
],
[
1.0952787184510304e-12,
1.216976356501032e-13
]
],
[
[
9.268631391506286e-13,
1.2420526973466835e-13
],
[
1.217244564792586e-13,
1.0933650668998175e-12
]
],
[
[
1.224591607298498e-13,
1.0372277299824026e-12
],
[
1.273652796884615e-13,
7.820670059438659e-13
]
],
[
[
1.0952787197988065e-12,
1.2169763564357608e-13
],
[
1.2169763565177034e-13,
1.09527871811179e-12
]
],
[
[
9.567457582533332e-13,
1.2368757662406439e-13
],
[
7.694582720994464e-13,
1.2770608126141226e-13
]
],
[
[
1.226878657847408e-13,
1.0213107073380176e-12
],
[
1.1650419443434217e-13,
1.8291087418298504e-12
]
],
[
[
1.309200440946238e-13,
6.703100000976257e-13
],
[
1.0952787114715855e-12,
1.216976356786809e-13
]
],
[
[
1.095278718288279e-12,
1.216976356502731e-13
],
[
1.0952787178996533e-12,
1.216976356531775e-13
]
],
[
[
6.573214560854239e-13,
1.314272671895751e-13
],
[
1.2169763566416555e-13,
1.0952787154807754e-12
]
],
[
[
1.2169763567274488e-13,
1.0952787128530074e-12
],
[
1.0952787145879206e-12,
1.2169763566902398e-13
]
],
[
[
1.2843592613506947e-13,
7.43985241277124e-13
],
[
1.0952787182719496e-12,
1.2169763565074767e-13
]
],
[
[
1.2169763564651685e-13,
1.0952787192241306e-12
],
[
1.0952787162267445e-12,
1.2169763566103444e-13
]
],
[
[
2.5700670390129017e-12,
1.1440336940777365e-13
],
[
1.9224747327563235e-12,
1.1614491917217476e-13
]
],
[
[
1.2876446472651222e-13,
7.331494737601619e-13
],
[
1.2284435546389688e-13,
1.0103915627441473e-12
]
],
[
[
1.2169763565210078e-13,
1.0952787180820715e-12
],
[
1.095278715323888e-12,
1.2169763566544487e-13
]
],
[
[
2.9829034986959035e-12,
1.1370287391335521e-13
],
[
1.1553569187225802e-13,
2.1063172750766026e-12
]
],
[
[
6.437947617379091e-13,
1.3198172941910804e-13
],
[
1.7207644028418555e-12,
1.1697330576065324e-13
]
],
[
[
1.1296124493364154e-13,
3.6035570215708464e-12
],
[
1.877444067765781e-12,
1.1631346113439422e-13
]
]
],
"clamp_dist": 0.024,
"clamp_gap": 0.016,
"radius": [
0.01,
0.01,
0.01,
0.01,
0.01,
0.01,
0.01,
0.01,
0.01,
0.01,
0.01,
0.01
],
"boundary_vertices": [
true,
true,
true,
false,
true,
false,
false,
false,
false,
false,
false,
false,
false,
false,
false,
false,
false,
false,
false,
false,
false,
false,
false,
false
],
"nstatus": 0,
"config": {
"weights": [
1.0,
10.0,
0.0
],
"shape_deviation": 0.2,
"length_deviation_ratio": 0.2
}
}