{
"contact_id_pairs": [
[
0,
9
],
[
0,
12
],
[
12,
13
],
[
1,
4
],
[
1,
5
],
[
2,
3
],
[
2,
5
],
[
6,
8
],
[
6,
85
],
[
85,
88
],
[
7,
13
],
[
7,
83
],
[
83,
84
],
[
0,
9
],
[
0,
12
],
[
12,
13
],
[
10,
75
],
[
10,
78
],
[
78,
79
],
[
10,
11
],
[
10,
12
],
[
12,
85
],
[
2,
14
],
[
2,
15
],
[
15,
19
],
[
3,
15
],
[
3,
16
],
[
16,
20
],
[
4,
16
],
[
4,
17
],
[
17,
21
],
[
18,
22
],
[
18,
25
],
[
25,
26
],
[
19,
22
],
[
19,
23
],
[
23,
27
],
[
20,
23
],
[
20,
24
],
[
24,
28
],
[
21,
24
],
[
21,
25
],
[
25,
29
],
[
26,
30
],
[
26,
33
],
[
33,
34
],
[
27,
30
],
[
27,
31
],
[
31,
35
],
[
28,
31
],
[
28,
32
],
[
32,
36
],
[
29,
32
],
[
29,
33
],
[
33,
37
],
[
34,
38
],
[
34,
41
],
[
41,
42
],
[
35,
38
],
[
35,
39
],
[
39,
43
],
[
36,
39
],
[
36,
40
],
[
40,
44
],
[
37,
40
],
[
37,
41
],
[
41,
45
],
[
42,
46
],
[
42,
49
],
[
49,
50
],
[
43,
46
],
[
43,
47
],
[
47,
51
],
[
44,
47
],
[
44,
48
],
[
48,
52
],
[
45,
48
],
[
45,
49
],
[
49,
53
],
[
50,
54
],
[
50,
57
],
[
57,
58
],
[
51,
54
],
[
51,
55
],
[
55,
59
],
[
52,
55
],
[
52,
56
],
[
56,
60
],
[
53,
56
],
[
53,
57
],
[
57,
61
],
[
58,
62
],
[
58,
65
],
[
65,
66
],
[
59,
62
],
[
59,
63
],
[
63,
67
],
[
60,
63
],
[
60,
64
],
[
64,
68
],
[
61,
64
],
[
61,
65
],
[
65,
69
],
[
66,
70
],
[
66,
73
],
[
73,
74
],
[
67,
70
],
[
67,
71
],
[
71,
75
],
[
68,
71
],
[
68,
72
],
[
72,
76
],
[
69,
72
],
[
69,
73
],
[
73,
77
],
[
9,
74
],
[
9,
78
],
[
78,
81
],
[
76,
79
],
[
76,
80
],
[
80,
82
],
[
77,
80
],
[
77,
81
],
[
81,
83
],
[
6,
11
],
[
6,
82
],
[
82,
84
],
[
86,
87
],
[
86,
88
]
],
"contact_t_bound_pairs": [
[
[
0.6,
0.9
],
[
0.6,
0.9
]
],
[
[
0.6,
0.9
],
[
0.1,
0.4
]
],
[
[
0.1,
0.4
],
[
0.1,
0.4
]
],
[
[
0.6,
0.9
],
[
0.6,
0.9
]
],
[
[
0.6,
0.9
],
[
0.1,
0.4
]
],
[
[
0.6,
0.9
],
[
0.6,
0.9
]
],
[
[
0.6,
0.9
],
[
0.6,
0.9
]
],
[
[
0.6,
0.9
],
[
0.6,
0.9
]
],
[
[
0.6,
0.9
],
[
0.6,
0.9
]
],
[
[
0.6,
0.9
],
[
0.6,
0.9
]
],
[
[
0.6,
0.9
],
[
0.6,
0.9
]
],
[
[
0.6,
0.9
],
[
0.6,
0.9
]
],
[
[
0.6,
0.9
],
[
0.1,
0.4
]
],
[
[
0.6,
0.9
],
[
0.6,
0.9
]
],
[
[
0.6,
0.9
],
[
0.1,
0.4
]
],
[
[
0.1,
0.4
],
[
0.1,
0.4
]
],
[
[
0.6,
0.9
],
[
0.6,
0.9
]
],
[
[
0.6,
0.9
],
[
0.6,
0.9
]
],
[
[
0.6,
0.9
],
[
0.1,
0.4
]
],
[
[
0.1,
0.4
],
[
0.6,
0.9
]
],
[
[
0.1,
0.4
],
[
0.6,
0.9
]
],
[
[
0.6,
0.9
],
[
0.1,
0.4
]
],
[
[
0.1,
0.4
],
[
0.6,
0.9
]
],
[
[
0.1,
0.4
],
[
0.1,
0.4
]
],
[
[
0.1,
0.4
],
[
0.1,
0.4
]
],
[
[
0.1,
0.4
],
[
0.6,
0.9
]
],
[
[
0.1,
0.4
],
[
0.6,
0.9
]
],
[
[
0.6,
0.9
],
[
0.1,
0.4
]
],
[
[
0.1,
0.4
],
[
0.1,
0.4
]
],
[
[
0.1,
0.4
],
[
0.6,
0.9
]
],
[
[
0.6,
0.9
],
[
0.1,
0.4
]
],
[
[
0.6,
0.9
],
[
0.1,
0.4
]
],
[
[
0.6,
0.9
],
[
0.1,
0.4
]
],
[
[
0.1,
0.4
],
[
0.1,
0.4
]
],
[
[
0.6,
0.9
],
[
0.6,
0.9
]
],
[
[
0.6,
0.9
],
[
0.1,
0.4
]
],
[
[
0.1,
0.4
],
[
0.1,
0.4
]
],
[
[
0.6,
0.9
],
[
0.6,
0.9
]
],
[
[
0.6,
0.9
],
[
0.6,
0.9
]
],
[
[
0.6,
0.9
],
[
0.1,
0.4
]
],
[
[
0.6,
0.9
],
[
0.1,
0.4
]
],
[
[
0.6,
0.9
],
[
0.6,
0.9
]
],
[
[
0.6,
0.9
],
[
0.1,
0.4
]
],
[
[
0.6,
0.9
],
[
0.1,
0.4
]
],
[
[
0.6,
0.9
],
[
0.1,
0.4
]
],
[
[
0.1,
0.4
],
[
0.1,
0.4
]
],
[
[
0.6,
0.9
],
[
0.6,
0.9
]
],
[
[
0.6,
0.9
],
[
0.1,
0.4
]
],
[
[
0.1,
0.4
],
[
0.1,
0.4
]
],
[
[
0.6,
0.9
],
[
0.6,
0.9
]
],
[
[
0.6,
0.9
],
[
0.6,
0.9
]
],
[
[
0.6,
0.9
],
[
0.1,
0.4
]
],
[
[
0.6,
0.9
],
[
0.1,
0.4
]
],
[
[
0.6,
0.9
],
[
0.6,
0.9
]
],
[
[
0.6,
0.9
],
[
0.1,
0.4
]
],
[
[
0.6,
0.9
],
[
0.1,
0.4
]
],
[
[
0.6,
0.9
],
[
0.1,
0.4
]
],
[
[
0.1,
0.4
],
[
0.1,
0.4
]
],
[
[
0.6,
0.9
],
[
0.6,
0.9
]
],
[
[
0.6,
0.9
],
[
0.1,
0.4
]
],
[
[
0.1,
0.4
],
[
0.1,
0.4
]
],
[
[
0.6,
0.9
],
[
0.6,
0.9
]
],
[
[
0.6,
0.9
],
[
0.6,
0.9
]
],
[
[
0.6,
0.9
],
[
0.1,
0.4
]
],
[
[
0.6,
0.9
],
[
0.1,
0.4
]
],
[
[
0.6,
0.9
],
[
0.6,
0.9
]
],
[
[
0.6,
0.9
],
[
0.1,
0.4
]
],
[
[
0.6,
0.9
],
[
0.1,
0.4
]
],
[
[
0.6,
0.9
],
[
0.1,
0.4
]
],
[
[
0.1,
0.4
],
[
0.1,
0.4
]
],
[
[
0.6,
0.9
],
[
0.6,
0.9
]
],
[
[
0.6,
0.9
],
[
0.1,
0.4
]
],
[
[
0.1,
0.4
],
[
0.1,
0.4
]
],
[
[
0.6,
0.9
],
[
0.6,
0.9
]
],
[
[
0.6,
0.9
],
[
0.6,
0.9
]
],
[
[
0.6,
0.9
],
[
0.1,
0.4
]
],
[
[
0.6,
0.9
],
[
0.1,
0.4
]
],
[
[
0.6,
0.9
],
[
0.6,
0.9
]
],
[
[
0.6,
0.9
],
[
0.1,
0.4
]
],
[
[
0.6,
0.9
],
[
0.1,
0.4
]
],
[
[
0.6,
0.9
],
[
0.1,
0.4
]
],
[
[
0.1,
0.4
],
[
0.1,
0.4
]
],
[
[
0.6,
0.9
],
[
0.6,
0.9
]
],
[
[
0.6,
0.9
],
[
0.1,
0.4
]
],
[
[
0.1,
0.4
],
[
0.1,
0.4
]
],
[
[
0.6,
0.9
],
[
0.6,
0.9
]
],
[
[
0.6,
0.9
],
[
0.6,
0.9
]
],
[
[
0.6,
0.9
],
[
0.1,
0.4
]
],
[
[
0.6,
0.9
],
[
0.1,
0.4
]
],
[
[
0.6,
0.9
],
[
0.6,
0.9
]
],
[
[
0.6,
0.9
],
[
0.1,
0.4
]
],
[
[
0.6,
0.9
],
[
0.1,
0.4
]
],
[
[
0.6,
0.9
],
[
0.1,
0.4
]
],
[
[
0.1,
0.4
],
[
0.1,
0.4
]
],
[
[
0.6,
0.9
],
[
0.6,
0.9
]
],
[
[
0.6,
0.9
],
[
0.1,
0.4
]
],
[
[
0.1,
0.4
],
[
0.1,
0.4
]
],
[
[
0.6,
0.9
],
[
0.6,
0.9
]
],
[
[
0.6,
0.9
],
[
0.6,
0.9
]
],
[
[
0.6,
0.9
],
[
0.1,
0.4
]
],
[
[
0.6,
0.9
],
[
0.1,
0.4
]
],
[
[
0.6,
0.9
],
[
0.6,
0.9
]
],
[
[
0.6,
0.9
],
[
0.1,
0.4
]
],
[
[
0.6,
0.9
],
[
0.1,
0.4
]
],
[
[
0.6,
0.9
],
[
0.1,
0.4
]
],
[
[
0.1,
0.4
],
[
0.1,
0.4
]
],
[
[
0.6,
0.9
],
[
0.6,
0.9
]
],
[
[
0.6,
0.9
],
[
0.1,
0.4
]
],
[
[
0.1,
0.4
],
[
0.1,
0.4
]
],
[
[
0.6,
0.9
],
[
0.6,
0.9
]
],
[
[
0.6,
0.9
],
[
0.6,
0.9
]
],
[
[
0.6,
0.9
],
[
0.1,
0.4
]
],
[
[
0.6,
0.9
],
[
0.1,
0.4
]
],
[
[
0.6,
0.9
],
[
0.6,
0.9
]
],
[
[
0.6,
0.9
],
[
0.1,
0.4
]
],
[
[
0.1,
0.4
],
[
0.6,
0.9
]
],
[
[
0.1,
0.4
],
[
0.1,
0.4
]
],
[
[
0.1,
0.4
],
[
0.1,
0.4
]
],
[
[
0.6,
0.9
],
[
0.6,
0.9
]
],
[
[
0.6,
0.9
],
[
0.6,
0.9
]
],
[
[
0.6,
0.9
],
[
0.1,
0.4
]
],
[
[
0.6,
0.9
],
[
0.1,
0.4
]
],
[
[
0.6,
0.9
],
[
0.6,
0.9
]
],
[
[
0.6,
0.9
],
[
0.1,
0.4
]
],
[
[
0.1,
0.4
],
[
0.1,
0.4
]
],
[
[
0.1,
0.4
],
[
0.6,
0.9
]
],
[
[
0.6,
0.9
],
[
0.6,
0.9
]
],
[
[
0.6,
0.9
],
[
0.6,
0.9
]
],
[
[
0.6,
0.9
],
[
0.1,
0.4
]
]
],
"line_pt_pairs": [
[
[
715.1225302701895,
-103.84183152179325,
0.3705833341820673
],
[
715.1182897116753,
-103.88170559464628,
0.0
]
],
[
[
710.1315909125483,
-103.88170559464628,
0.0
],
[
709.9095295608348,
-103.8678156350224,
0.291945860025661
]
],
[
[
710.1315909125483,
-104.52170559464628,
0.0
],
[
710.0383869165959,
-104.39029371773488,
0.3339493678226869
]
],
[
[
709.9813992965259,
-104.17645288051969,
1.135609618857747
],
[
710.088886284928,
-104.41224885499471,
0.1563889424598457
]
],
[
[
710.0336601896264,
-103.67601212212277,
1.0971035273088876
],
[
709.9984888124461,
-103.93676461648474,
0.07265959101510466
]
],
[
[
709.896038918688,
-103.7871824396589,
0.22832913907439728
],
[
710.0609364051029,
-104.56028907362638,
0.2091887319343077
]
],
[
[
715.2086618102506,
-104.34954146170394,
1.1739321590136949
],
[
715.4481033256216,
-104.3473881310825,
-0.08516862751018961
]
],
[
[
715.022437728815,
-104.02140309417756,
0.11487927082885355
],
[
715.3689891156916,
-103.98801621589695,
1.111077308599899
]
],
[
[
715.6078162098931,
-103.8838622853182,
0.3617227010779476
],
[
715.3631963472565,
-104.56073939809299,
0.077278211549913
]
],
[
[
714.5309080981675,
-103.91715176145112,
0.8044745312995641
],
[
715.2067003308507,
-103.89957573515703,
0.057126914629271844
]
],
[
[
715.2984359163349,
-104.35374293468195,
0.21327806511306882
],
[
714.5388646889392,
-104.40812106194335,
0.8746965311742047
]
],
[
[
715.4637816544423,
-104.29572146632279,
1.0256205860546266
],
[
714.9466096050323,
-104.34626458925781,
0.18951993921208746
]
],
[
[
715.0618027795056,
-103.78126511807022,
0.0788391118971301
],
[
715.2520554205594,
-104.59730723449535,
0.32182523625457055
]
],
[
[
715.0445607766352,
-104.04255375501386,
0.039614595633960324
],
[
715.3565763162402,
-103.96815175686386,
0.98540718206647
]
],
[
[
709.7968766239529,
-103.9044052739021,
0.14384779397866174
],
[
710.1256240872149,
-104.610909436626,
0.06768872933475573
]
],
[
[
710.1341164592224,
-104.46851326940359,
0.030107706244220666
],
[
710.0099173239396,
-104.2460321915948,
0.9930287450873738
]
],
[
[
710.0708459754253,
-103.62430105630213,
0.9799110859485649
],
[
710.0208663246508,
-104.42361778294976,
0.9894242416083027
]
],
[
[
710.0402215772029,
-103.94970382418234,
0.08147985454061962
],
[
710.0433895746862,
-103.72786594271201,
1.0376644491546723
]
],
[
[
710.571311292695,
-104.01878111360463,
0.13891861336083164
],
[
710.5423518131441,
-103.92906991958841,
1.109237449567965
]
],
[
[
710.0258927244724,
-104.32794312132101,
0.3163141493080803
],
[
710.6573809040851,
-104.50455983031921,
1.0543622914040487
]
],
[
[
709.9708678549636,
-104.32677317570551,
0.8711408512443092
],
[
710.62245503621,
-104.44370610564759,
1.6120364853973004
]
],
[
[
709.9995094310098,
-103.72680603531838,
0.7398516321162614
],
[
710.6031155086096,
-103.92466148914608,
1.5081264697406795
]
],
[
[
710.5396587048651,
-103.80025281733742,
0.7092136850529384
],
[
710.4326102032808,
-104.55886804629894,
0.8916909896872083
]
],
[
[
710.5442008081366,
-104.44406736477598,
0.7447445781849883
],
[
710.3842745022755,
-104.33901306998682,
1.7135035197152928
]
],
[
[
710.4787572226838,
-103.75704810918324,
1.3850431728593873
],
[
710.5186624782748,
-104.52332810598604,
1.565568752299511
]
],
[
[
710.580993025544,
-103.9511769496809,
0.5641258571764137
],
[
710.5513093949181,
-103.86009569086164,
1.5460272377796875
]
],
[
[
710.5046564756025,
-103.89641283584555,
0.5730350651702284
],
[
711.1278451291884,
-103.9695669016894,
1.3332139731771142
]
],
[
[
710.2383865481812,
-104.52280413827302,
1.0722637332951788
],
[
711.1855455470654,
-104.22947159165034,
1.1143179100876859
]
],
[
[
710.4169637028715,
-104.2240187439188,
1.3966576413960503
],
[
711.2357420591212,
-104.32856194257268,
1.9411233508585102
]
],
[
[
710.5093949440588,
-103.82822743050498,
1.2305727804976636
],
[
711.1114924450445,
-104.02295583365893,
1.9988434361615575
]
],
[
[
710.9304489520528,
-103.7469320423994,
0.9950348287231932
],
[
710.8758286226241,
-104.5355705412767,
1.0909055124449156
]
],
[
[
711.0870227907699,
-104.29797294438522,
1.0027423190315676
],
[
710.941056873823,
-104.34054395330321,
1.9802208254611038
]
],
[
[
711.0278414757515,
-103.74138438121328,
1.8718670370666082
],
[
711.1584427643008,
-104.51330714619141,
1.9242366564004638
]
],
[
[
711.0696073762009,
-103.91726602717185,
1.0919125863390184
],
[
711.0199951075848,
-103.96912701165195,
2.0819396938212575
]
],
[
[
710.9699980538342,
-103.88397287425337,
1.362215345083767
],
[
711.8106931535365,
-104.02249949614185,
1.8774641438144157
]
],
[
[
710.9359973534963,
-104.36558004006321,
1.334240811291467
],
[
711.8369562893788,
-104.22520137240204,
1.729173304742246
]
],
[
[
711.0454659296879,
-104.35820315074552,
1.8117406467186437
],
[
711.8580333169768,
-104.46221806533627,
2.3549753232931474
]
],
[
[
710.9501700314322,
-103.90042349277796,
1.8865114482549095
],
[
711.7743701658331,
-104.15174782540117,
2.3828277529021338
]
],
[
[
711.4952877318866,
-103.73549278512095,
1.6675797295478227
],
[
711.5771132079063,
-104.52727701664685,
1.6309613702797632
]
],
[
[
711.7669723560189,
-104.24740844971267,
1.5641204712877028
],
[
711.6330771845537,
-104.46449187664138,
2.503317370731835
]
],
[
[
711.5988139694315,
-103.9714241528306,
2.357508093173574
],
[
711.8210215392628,
-104.73453040466671,
2.29642420157265
]
],
[
[
711.7341420151353,
-103.93370923866792,
1.6626878431393768
],
[
711.6756380876918,
-104.1569508527644,
2.6244607388338714
]
],
[
[
711.6114065902723,
-103.96349895802074,
1.9140012761897898
],
[
712.5663497263541,
-103.94769075860408,
2.176811243540406
]
],
[
[
711.6211495538805,
-104.36443523769,
1.8701254248631982
],
[
712.5600722832187,
-104.3503429835733,
2.1967161030714437
]
],
[
[
711.7506580735719,
-104.67614195520339,
2.209412747495205
],
[
712.3878706786334,
-104.27977900056644,
2.857895161311278
]
],
[
[
711.5702991126365,
-104.1072578041959,
2.4858917182806417
],
[
712.5185285344652,
-104.0031689154057,
2.764537719268836
]
],
[
[
712.282816659625,
-103.78090878148491,
2.1341761349894064
],
[
712.3262168218579,
-104.5559044676342,
2.154999056352576
]
],
[
[
712.5790072928975,
-104.40075759349997,
1.9351626676825449
],
[
712.1205925938681,
-104.35137927022723,
2.8068692513704434
]
],
[
[
712.3592920882475,
-103.77424326217032,
2.7453756356067673
],
[
712.3404445179548,
-104.53143964843923,
2.7704253557029044
]
],
[
[
712.471403775907,
-103.89988283992983,
2.0286116904208567
],
[
712.3903179263264,
-104.00655294219928,
2.9863820221662665
]
],
[
[
712.3059445106525,
-103.84886872604217,
2.476442029249629
],
[
713.1125946998535,
-104.1645490701297,
2.029095539242492
]
],
[
[
712.4204030594241,
-104.43017424501244,
2.0098788469512647
],
[
713.3553255457971,
-104.43341258821803,
2.350267917978346
]
],
[
[
712.2399199977998,
-104.4086461696655,
2.8029653047746703
],
[
713.2333259208464,
-104.35518352573038,
2.7957706811448713
]
],
[
[
712.2683434213309,
-103.89136725075565,
2.69525826705902
],
[
713.2127470365054,
-104.17998891588026,
2.6965732422843476
]
],
[
[
712.9664943124951,
-103.83572280495409,
2.110909239864257
],
[
713.0095141148206,
-104.60646056816849,
2.2031999552463515
]
],
[
[
713.3529126802663,
-104.57658943427421,
1.9673548075225484
],
[
713.0970891172776,
-104.29576789937639,
2.8866584238832247
]
],
[
[
713.0380417857098,
-103.84515713399118,
2.698262020032782
],
[
713.0764205810364,
-104.60106098699033,
2.789207072162551
]
],
[
[
713.0040466454728,
-104.08715645025615,
1.9303358247439133
],
[
713.1573437155649,
-104.12300858553732,
2.9087240639980325
]
],
[
[
712.9621515131643,
-104.07034496495463,
2.3688696651078
],
[
713.8190023754972,
-104.02555675162083,
1.879070076201729
]
],
[
[
713.2087356838636,
-104.85400429602376,
2.0210964432915097
],
[
713.5992450453631,
-104.08039159124336,
2.1696508306797213
]
],
[
[
712.9829110923381,
-104.47258018573297,
2.8600651015619767
],
[
713.8187552249066,
-104.39697987591886,
2.413147304398522
]
],
[
[
713.0333095556134,
-104.07798255710627,
2.8161345873287478
],
[
713.8888338946135,
-104.10717964541644,
2.321122022724652
]
],
[
[
713.5141477351556,
-103.74964101390944,
2.0494466213920655
],
[
713.5586270031606,
-104.54008794164183,
2.147907505018562
]
],
[
[
713.4742729477574,
-104.28982179857434,
1.777609832821188
],
[
713.5837901656693,
-104.40916955798352,
2.757680992755508
]
],
[
[
713.7185969987497,
-103.82186947243213,
2.417737011586029
],
[
713.7583250301356,
-104.56890003282598,
2.5120719834890126
]
],
[
[
713.6888859658055,
-103.95770806254073,
1.7153643482534544
],
[
713.8479429047666,
-104.11679481340323,
2.6692147094687177
]
],
[
[
713.6677353572268,
-103.95066733129036,
1.9972161169778986
],
[
714.2464323342878,
-103.99078243774838,
1.1902549971040983
]
],
[
[
713.3964648620506,
-104.34394615139956,
1.9303617577495245
],
[
714.2512524428093,
-104.28936105023506,
1.4224779210952616
]
],
[
[
713.6752490976395,
-104.31563171784937,
2.5625712068395163
],
[
714.5246713544157,
-104.20754597212068,
2.0520254645001037
]
],
[
[
713.7172096341552,
-104.04265808583678,
2.4852128723111435
],
[
714.580447035381,
-104.02566273068395,
1.9914008713378035
]
],
[
[
713.9824106962516,
-103.76398481927181,
1.4508030201909388
],
[
714.0310395939055,
-104.55513303935045,
1.5526257278438267
]
],
[
[
714.1153004992788,
-104.34639911958973,
1.3314791169952374
],
[
714.4351211212033,
-104.24729057789747,
2.26288465031715
]
],
[
[
714.3905177798342,
-103.7432930847594,
2.0111473574164704
],
[
714.434791323044,
-104.52519947476866,
2.114537413515908
]
],
[
[
714.1055890716821,
-103.94236953955767,
1.2384686443959558
],
[
714.5344213654561,
-103.99709508094418,
2.137254496723604
]
],
[
[
714.1082126756585,
-103.90981377756947,
1.4451546575855452
],
[
714.690250482528,
-103.95095222447311,
0.6364171882709718
]
],
[
[
714.0962416403665,
-104.37073277517543,
1.5311379995993317
],
[
714.6701384046211,
-104.36695661189553,
0.7179757695510893
]
],
[
[
714.3926910677756,
-104.36427807378693,
2.2046253915937566
],
[
714.9632414311085,
-104.42068578674805,
1.392790630810327
]
],
[
[
714.3413852605272,
-103.93937621015503,
2.042482695959812
],
[
714.9195441990904,
-103.99273808694534,
1.2370872747474713
]
],
[
[
714.6158532070143,
-103.74337198686808,
0.7287837385951175
],
[
714.6723300827254,
-104.57752452691408,
0.8408368826427808
]
],
[
[
714.5622422617569,
-104.28087158506665,
0.6841022734867594
],
[
714.9549391658774,
-104.39232532443316,
1.5863319672292175
]
],
[
[
714.7787368386779,
-103.74355640618573,
1.443520962118054
],
[
714.8280979336337,
-104.54568583234038,
1.5523561851320822
]
],
[
[
714.5352416582255,
-103.86494262768859,
0.6432920328493188
],
[
714.9639602556372,
-103.97811509007089,
1.5354167164742318
]
],
[
[
714.7790797508102,
-104.33967786839673,
1.6404530379996154
],
[
715.3490869541579,
-104.39572232812881,
0.831684427886285
]
],
[
[
714.76184004035,
-103.98355240661309,
1.5730224862837787
],
[
715.3403684256951,
-104.03860743339892,
0.7666178441315858
]
],
[
[
715.0801885446114,
-103.72409304337309,
0.9993850766860226
],
[
715.1343205840739,
-104.55223697178408,
1.1139863592256007
]
],
[
[
715.192153512759,
-104.55495776267719,
0.25040786728525644
],
[
715.5232536173378,
-104.26869079218011,
0.31985426342737594
]
],
[
[
715.5360048677371,
-103.82730544866689,
0.38337280612773506
],
[
715.3363752327296,
-104.52170559464628,
0.0
]
],
[
[
715.4801033353115,
-104.41813517708238,
0.17790143833022945
],
[
715.4295858930454,
-104.22683825624212,
0.10658555915429418
]
],
[
[
715.3154876354356,
-104.43325136897938,
0.04888533854199191
],
[
715.5253592107576,
-104.32092493089975,
0.33398364292065097
]
]
],
"contact_t_pairs": [
[
0.6122099636061333,
0.8791209532023883
],
[
0.7128255386495199,
0.11863430063257738
],
[
0.3027422512849439,
0.13142307708622253
],
[
0.6210604245898149,
0.8858069871551931
],
[
0.8478298804759211,
0.11419633937248092
],
[
0.8685143841195667,
0.8673648519451904
],
[
0.655551854591013,
0.8479955935408298
],
[
0.8095753233488857,
0.7065606695954968
],
[
0.7023229744216184,
0.6268193894159355
],
[
0.8653993997519009,
0.8916289458200515
],
[
0.6394068005545074,
0.7409465415769276
],
[
0.7401853365516553,
0.891808742973369
],
[
0.6344767822759494,
0.3612254426593583
],
[
0.6122099636061332,
0.8791209532023883
],
[
0.7128255386495199,
0.11863430063257738
],
[
0.3027422512849439,
0.13142307708622253
],
[
0.8982089703309915,
0.8952237006542156
],
[
0.8710087645422624,
0.7822665799983799
],
[
0.6637491477411525,
0.14785288843849778
],
[
0.2861877044215677,
0.7456398435974606
],
[
0.10177505309159539,
0.7239163775770838
],
[
0.8857292157998202,
0.15396122376166899
],
[
0.24697332289556595,
0.8488072053840021
],
[
0.3930685784263473,
0.10273547265655872
],
[
0.39353836361469896,
0.11828078036500857
],
[
0.3623749592497927,
0.7891230246529989
],
[
0.1563515595105089,
0.7396275913639458
],
[
0.8948180819843451,
0.12600862698982204
],
[
0.11278338950622158,
0.10430743707490932
],
[
0.34174210724408305,
0.7029042149126381
],
[
0.7782911176411358,
0.10257807287741101
],
[
0.628323183784443,
0.20759669523509544
],
[
0.7952969386820112,
0.3508916864633509
],
[
0.11250459428209825,
0.12963388745453025
],
[
0.7097997177368001,
0.8485707899105807
],
[
0.7669009456242555,
0.14018143819558748
],
[
0.3444722770305721,
0.27560254215549723
],
[
0.7028978084476365,
0.6656548107390164
],
[
0.873516615898232,
0.8712168048733213
],
[
0.6191005340052278,
0.12899581430800358
],
[
0.8513779291687571,
0.17525115741587935
],
[
0.8967006346046021,
0.8778937346187838
],
[
0.7632903357919728,
0.10463496107752436
],
[
0.61713982935707,
0.252725635494191
],
[
0.8907591332446838,
0.16184497339388998
],
[
0.3254174534395492,
0.10474040637866688
],
[
0.6851503767358198,
0.7347221310289274
],
[
0.8680052791770365,
0.10856173771723394
],
[
0.38497165845040815,
0.11173179584000478
],
[
0.6830003466867928,
0.7813425724416717
],
[
0.889804758173393,
0.7475122976168428
],
[
0.8190086328073548,
0.13471264072337466
],
[
0.8854133430373237,
0.3314813359124144
],
[
0.850338218439148,
0.8022031155256575
],
[
0.8528181965326069,
0.10476407013606934
],
[
0.6306360422353396,
0.2935896842581066
],
[
0.8957901156463208,
0.17599545906792136
],
[
0.28262331853558414,
0.10831090349586928
],
[
0.6977132699177376,
0.6758408304987499
],
[
0.8946250716344559,
0.12422946569985138
],
[
0.37075838840548797,
0.1058298494519713
],
[
0.7706801405157123,
0.7179258689039533
],
[
0.8802054889341305,
0.637543409104414
],
[
0.8809262236510966,
0.10368428183976054
],
[
0.8657758264867671,
0.20271654833166003
],
[
0.8945983765783568,
0.703068781133557
],
[
0.8804123368719293,
0.11207675946536375
],
[
0.7231162506763766,
0.2203387751962665
],
[
0.8913541182653616,
0.12893556952793234
],
[
0.37542422250507934,
0.1863744178689657
],
[
0.7514707944093542,
0.738953007551778
],
[
0.8924071372556874,
0.2619879589069129
],
[
0.12568881525110945,
0.10723824394404068
],
[
0.7161357669208416,
0.8379251147029915
],
[
0.8927049686436588,
0.7257465164808292
],
[
0.8320138173976447,
0.10457711114010593
],
[
0.8364995662304584,
0.3229641525216827
],
[
0.8921688843826946,
0.7406944911889004
],
[
0.6913756437311712,
0.1666981436599351
],
[
0.814060533466809,
0.3444003387876623
],
[
0.8791573944182555,
0.15541255321862094
],
[
0.388076745372753,
0.1171172712399756
],
[
0.6067993784143473,
0.7781733021341475
],
[
0.8950796831119413,
0.38806483738024256
],
[
0.10457369069119093,
0.3744724655809599
],
[
0.8931188048413327,
0.8900104096370041
],
[
0.8301980408950469,
0.6924265992740278
],
[
0.8238240845929149,
0.123540075877298
],
[
0.8287597832432966,
0.37179928577186633
],
[
0.8949048459687656,
0.7826259337684736
],
[
0.8440205467925552,
0.11916315165494479
],
[
0.6426220841763529,
0.36316608377384135
],
[
0.8899701334628118,
0.23409545652846223
],
[
0.2008477464779177,
0.10644887349332796
],
[
0.8065527077125065,
0.6114333368371611
],
[
0.6952092319854404,
0.34825478014580036
],
[
0.10621763714800997,
0.10430181101474505
],
[
0.6927993459957491,
0.7930825722141138
],
[
0.8972282314516645,
0.7737390245187548
],
[
0.6526051121398115,
0.10266262947841041
],
[
0.7970442741129127,
0.3675026399136285
],
[
0.8909617810870691,
0.6971031705827198
],
[
0.7456984586398984,
0.10743189386021784
],
[
0.6170636125147517,
0.2728811289679356
],
[
0.8268350106098196,
0.10249677328046827
],
[
0.13721897423474902,
0.10234450030379562
],
[
0.745656202469256,
0.6880226428821941
],
[
0.8954357194830842,
0.15740973528148405
],
[
0.11902105757109255,
0.10612741643960209
],
[
0.8370790116128468,
0.8648990229499741
],
[
0.8951673249270575,
0.614747277122783
],
[
0.8077272084944198,
0.11038377553062546
],
[
0.8194578565525995,
0.3715713110140875
],
[
0.8952570770666166,
0.8974783961020316
],
[
0.7531365850724233,
0.15736743095781763
],
[
0.12862949210118652,
0.8976370321471536
],
[
0.10336510229323635,
0.20014781401508494
],
[
0.16377995206590265,
0.13387458986261422
],
[
0.8941564938488026,
0.882678657194546
],
[
0.8004200748424153,
0.8358222141016084
],
[
0.7570064039571364,
0.11644236001837235
],
[
0.7305186238085496,
0.2869960264359915
],
[
0.8924281224807257,
0.764678164557497
],
[
0.8426935856892412,
0.22280089816481918
],
[
0.34306674647069013,
0.3398005604745382
],
[
0.14686586414763886,
0.8067036930685202
],
[
0.6550670186805799,
0.7933780153446992
],
[
0.6349275256214084,
0.7905350975834466
],
[
0.8486775935585575,
0.11013864425506589
]
],
"half_couplers": [
{
"pose": [
[
-0.9899487780729483,
-0.14096805108288457,
-0.011376526964294233,
715.1199341580159
],
[
-0.1389632098680854,
0.9845028521217161,
-0.10697364379773633,
-103.86624282648344
],
[
0.026280089326988873,
-0.10431750925947078,
-0.9941967683345514,
0.14370852464942432
],
[
0.0,
0.0,
0.0,
1.0
]
],
"at_element": 0,
"to_element": 9
},
{
"pose": [
[
0.7282980184038856,
0.14096803679553294,
0.670604211879844,
715.1250112099307
],
[
0.17449908538244263,
-0.9845028573333301,
0.017441132509087867,
-103.90170030846195
],
[
0.6626704049447693,
0.10431747938155826,
-0.7416102735978067,
0.1474655821588437
],
[
0.0,
0.0,
0.0,
1.0
]
],
"at_element": 9,
"to_element": 0
},
{
"pose": [
[
-0.219586871331104,
0.9755266201682049,
-0.011376259588111177,
715.1195074917824
],
[
0.970258241397673,
0.2171534945862209,
-0.10697338355351257,
-103.87025477925286
],
[
-0.1018849887810368,
-0.03452786023186216,
-0.9941967993958225,
0.10642206937920012
],
[
0.0,
0.0,
0.0,
1.0
]
],
"at_element": 0,
"to_element": 12
},
{
"pose": [
[
-0.028184288122005796,
-0.9755265824252378,
0.21806772545425296,
715.0843732685205
],
[
0.2792247017226771,
-0.21715368190744178,
-0.9353490494900412,
-103.87807570383904
],
[
0.9598120711112867,
0.03452774848983481,
0.2785114409378633,
0.10766560082369553
],
[
0.0,
0.0,
0.0,
1.0
]
],
"at_element": 12,
"to_element": 0
},
{
"pose": [
[
-0.26449076881958034,
0.9394098135917863,
0.21806841893468348,
715.1194002923711
],
[
-0.33134111243762243,
0.12383667514773022,
-0.9353488895043145,
-104.0283155455401
],
[
-0.905680793888126,
-0.31964617941686835,
0.27851143525243827,
0.15240127821610497
],
[
0.0,
0.0,
0.0,
1.0
]
],
"at_element": 12,
"to_element": 13
},
{
"pose": [
[
-0.14109029088365732,
-0.9394088273852115,
0.3124173248222754,
715.0855668189488
],
[
0.989501882644322,
-0.12383720670887555,
0.07450080857202672,
-104.03277561547561
],
[
-0.031297828386447735,
0.31964887183483903,
0.9470190307871363,
0.16391356762825784
],
[
0.0,
0.0,
0.0,
1.0
]
],
"at_element": 13,
"to_element": 12
},
{
"pose": [
[
0.7575878708986958,
-0.24510808461087735,
-0.6049649946282577,
709.9936773951681
],
[
0.3348333661518042,
0.9415172379918615,
0.03784055332085291,
-103.87307909042474
],
[
0.5603099452790684,
-0.2312300097793612,
0.7953524047859564,
0.18131601978477568
],
[
0.0,
0.0,
0.0,
1.0
]
],
"at_element": 1,
"to_element": 4
},
{
"pose": [
[
0.9689253109207672,
0.24510810861253038,
-0.033252923923810296,
710.0025051379722
],
[
0.22971397493226667,
-0.941517240443728,
-0.24652946206903015,
-103.90698850354674
],
[
-0.09173457133443562,
0.2312299743537058,
-0.9685646428517161,
0.18964393059108514
],
[
0.0,
0.0,
0.0,
1.0
]
],
"at_element": 4,
"to_element": 1
},
{
"pose": [
[
0.0998630663224025,
0.7899650231040224,
-0.6049649826700293,
709.9433206632667
],
[
-0.9873775107213153,
0.1537977130458844,
0.03784064988388397,
-103.86992927183854
],
[
0.1229350206672872,
0.5935499353332601,
0.7953524092874908,
0.24752042361099613
],
[
0.0,
0.0,
0.0,
1.0
]
],
"at_element": 1,
"to_element": 5
},
{
"pose": [
[
-0.5765993818809103,
-0.7899650751586477,
0.20853856440511004,
709.9148696080082
],
[
-0.14290014115062555,
-0.15379800633928387,
-0.9777145406023134,
-103.87546838720257
],
[
0.8044331560009714,
-0.5935497900561112,
-0.024206285354487767,
0.22614337464490014
],
[
0.0,
0.0,
0.0,
1.0
]
],
"at_element": 5,
"to_element": 1
},
{
"pose": [
[
-0.702283286498887,
-0.6660406262061768,
-0.25137237268086216,
710.0506419014062
],
[
0.5735544478575855,
-0.7385269847985718,
0.3544195085870847,
-104.40757248930457
],
[
-0.42170307189668726,
0.10472715487023523,
0.9006657216668585,
0.2900398295216396
],
[
0.0,
0.0,
0.0,
1.0
]
],
"at_element": 2,
"to_element": 3
},
{
"pose": [
[
-0.7383288555639129,
0.666040625541414,
0.10611496675815336,
710.0746297323074
],
[
0.6327625935278549,
0.7385269862541399,
-0.23278614822682187,
-104.3809740210095
],
[
-0.233413798378726,
-0.10472714883342961,
-0.9667213781765847,
0.2862680218522121
],
[
0.0,
0.0,
0.0,
1.0
]
],
"at_element": 3,
"to_element": 2
},
{
"pose": [
[
0.1132911638905173,
0.9612372510639053,
-0.251372352002837,
710.0704908601464
],
[
-0.9133745493745944,
0.2003340357642911,
0.3544195348300488,
-104.43555829502174
],
[
0.3910396971396745,
0.18944450712939126,
0.9006657171111897,
0.21892112741565875
],
[
0.0,
0.0,
0.0,
1.0
]
],
"at_element": 2,
"to_element": 5
},
{
"pose": [
[
-0.18037333358905405,
-0.9612372559200248,
0.20853872149150754,
710.0358712605538
],
[
-0.06277425983912543,
-0.20033402873248596,
-0.9777145131547662,
-104.44277345860051
],
[
0.981593017921186,
-0.1894444899255509,
-0.024206040676368,
0.2120981581610239
],
[
0.0,
0.0,
0.0,
1.0
]
],
"at_element": 5,
"to_element": 2
},
{
"pose": [
[
-0.39028470483815414,
-0.901541005076384,
0.18681987403715547,
715.4025077524802
],
[
-0.9175694988137951,
0.39757186756608953,
0.0016807636993171615,
-104.3477981783698
],
[
-0.07578960361419182,
-0.17076424182443833,
-0.9823927471730078,
0.15459523263478475
],
[
0.0,
0.0,
0.0,
1.0
]
],
"at_element": 6,
"to_element": 8
},
{
"pose": [
[
0.2954840556064635,
0.9015410785758886,
-0.3160899500499504,
715.4349774359522
],
[
0.2773849012670591,
-0.39757205513208893,
-0.8746393985678391,
-104.36211703135423
],
[
-0.9141918777977742,
0.17076341709590803,
-0.3675500863151968,
0.16074541209427018
],
[
0.0,
0.0,
0.0,
1.0
]
],
"at_element": 8,
"to_element": 6
},
{
"pose": [
[
-0.7496653020324759,
-0.634901639479092,
0.18682034984261567,
715.376827087526
],
[
-0.6460352460080524,
0.7633057307693925,
0.001679967237436207,
-104.34802912813697
],
[
-0.14366765761253072,
-0.11943311752342736,
-0.9823926580521474,
0.28963674952564117
],
[
0.0,
0.0,
0.0,
1.0
]
],
"at_element": 6,
"to_element": 85
},
{
"pose": [
[
-0.19676068752038445,
0.6349009714456368,
0.7471184566746374,
715.3996934781467
],
[
-0.010261270304444514,
-0.7633064321750189,
0.6459551044244345,
-104.37552007502026
],
[
0.9803978468857653,
0.11943218602047567,
0.1567035888680468,
0.29393821491219696
],
[
0.0,
0.0,
0.0,
1.0
]
],
"at_element": 85,
"to_element": 6
},
{
"pose": [
[
-0.02048771824217277,
-0.6643743123717313,
0.7471191514489632,
715.4786873445192
],
[
0.25802237580527776,
0.7184480827950477,
0.6459541825175532,
-104.30722249824022
],
[
-0.9659216878117136,
0.20600758575525707,
0.15670407661021768,
0.3105067368215794
],
[
0.0,
0.0,
0.0,
1.0
]
],
"at_element": 85,
"to_element": 88
},
{
"pose": [
[
-0.4891868455727697,
0.6643741922364973,
0.5650691663935173,
715.5026152068976
],
[
-0.6263913484807934,
-0.718448124717471,
0.3024337458657058,
-104.33309786540671
],
[
0.6069020585456736,
-0.20600782698735187,
0.7676136180090691,
0.30308723913021984
],
[
0.0,
0.0,
0.0,
1.0
]
],
"at_element": 88,
"to_element": 85
},
{
"pose": [
[
-0.341097578920615,
-0.8807996992556151,
0.3283966069339222,
715.2440250423256
],
[
0.935966212864654,
-0.3506655110189958,
0.03163775841591729,
-104.00005529715565
],
[
0.08729083588952635,
0.3181596913076902,
0.9440099156241438,
0.7518550708787161
],
[
0.0,
0.0,
0.0,
1.0
]
],
"at_element": 7,
"to_element": 13
},
{
"pose": [
[
0.3557890458032066,
0.8807996364547158,
0.3124198382108343,
715.2757476116237
],
[
-0.9335329205983439,
0.3506654957680042,
0.0744982968725171,
-103.98742585179819
],
[
-0.04393678465215328,
-0.31815988197605916,
0.9470183992169373,
0.7403963416002258
],
[
0.0,
0.0,
0.0,
1.0
]
],
"at_element": 13,
"to_element": 7
},
{
"pose": [
[
0.9439780154594994,
0.03257669914601412,
0.3283965057699232,
715.2789499837427
],
[
-0.045463343294348826,
0.9984648922807875,
0.031637687956228865,
-103.99669061644101
],
[
-0.3268617303167278,
-0.044795284969130454,
0.9440099531778725,
0.8522504506885136
],
[
0.0,
0.0,
0.0,
1.0
]
],
"at_element": 7,
"to_element": 83
},
{
"pose": [
[
0.8125167828536566,
-0.032576875371772326,
0.5820268247874457,
715.2777767124592
],
[
-0.0003567531697805798,
-0.9984648717138018,
-0.05538747765260312,
-104.03265096084533
],
[
0.5829376899020339,
0.04479561523803164,
-0.8112810872608376,
0.8538637760381422
],
[
0.0,
0.0,
0.0,
1.0
]
],
"at_element": 83,
"to_element": 7
},
{
"pose": [
[
-0.07546267645994487,
0.8096605518988063,
0.5820267821676437,
715.128902868739
],
[
0.9896933056838717,
0.13205805898316647,
-0.0553879927613275,
-104.01848354285627
],
[
-0.12170679991698075,
0.5718482838625283,
-0.8112810826695327,
1.061377463718667
],
[
0.0,
0.0,
0.0,
1.0
]
],
"at_element": 83,
"to_element": 84
},
{
"pose": [
[
-0.5833308549134208,
-0.8096605787898441,
0.06461316320744603,
715.0997424145282
],
[
0.07380499365202647,
-0.13205808873212632,
-0.9884905078514625,
-104.023239700499
],
[
0.8088744875553944,
-0.5718482389184323,
0.13679055167622411,
1.0407819757007117
],
[
0.0,
0.0,
0.0,
1.0
]
],
"at_element": 84,
"to_element": 83
},
{
"pose": [
[
-0.9899487780729563,
-0.14096805108282986,
-0.01137652696429579,
715.1199341580159
],
[
-0.13896320986803143,
0.9845028521217261,
-0.1069736437977146,
-103.86624282648343
],
[
0.026280089326981605,
-0.10431750925945049,
-0.9941967683345538,
0.14370852464942438
],
[
0.0,
0.0,
0.0,
1.0
]
],
"at_element": 0,
"to_element": 9
},
{
"pose": [
[
0.7282980184038959,
0.14096803679547928,
0.6706042118798442,
715.1250112099307
],
[
0.17449908538237272,
-0.9845028573333425,
0.017441132509085,
-103.90170030846195
],
[
0.6626704049447764,
0.10431747938151334,
-0.7416102735978065,
0.1474655821588437
],
[
0.0,
0.0,
0.0,
1.0
]
],
"at_element": 9,
"to_element": 0
},
{
"pose": [
[
-0.219586871331104,
0.9755266201682049,
-0.011376259588111177,
715.1195074917824
],
[
0.970258241397673,
0.2171534945862209,
-0.10697338355351257,
-103.87025477925286
],
[
-0.1018849887810368,
-0.03452786023186216,
-0.9941967993958225,
0.10642206937920012
],
[
0.0,
0.0,
0.0,
1.0
]
],
"at_element": 0,
"to_element": 12
},
{
"pose": [
[
-0.028184288122005796,
-0.9755265824252378,
0.21806772545425296,
715.0843732685205
],
[
0.2792247017226771,
-0.21715368190744178,
-0.9353490494900412,
-103.87807570383904
],
[
0.9598120711112867,
0.03452774848983481,
0.2785114409378633,
0.10766560082369553
],
[
0.0,
0.0,
0.0,
1.0
]
],
"at_element": 12,
"to_element": 0
},
{
"pose": [
[
-0.26449076881958034,
0.9394098135917863,
0.21806841893468348,
715.1194002923711
],
[
-0.33134111243762243,
0.12383667514773022,
-0.9353488895043145,
-104.0283155455401
],
[
-0.905680793888126,
-0.31964617941686835,
0.27851143525243827,
0.15240127821610497
],
[
0.0,
0.0,
0.0,
1.0
]
],
"at_element": 12,
"to_element": 13
},
{
"pose": [
[
-0.14109029088365732,
-0.9394088273852115,
0.3124173248222754,
715.0855668189488
],
[
0.989501882644322,
-0.12383720670887555,
0.07450080857202672,
-104.03277561547561
],
[
-0.031297828386447735,
0.31964887183483903,
0.9470190307871363,
0.16391356762825784
],
[
0.0,
0.0,
0.0,
1.0
]
],
"at_element": 13,
"to_element": 12
},
{
"pose": [
[
-0.6352283531618368,
0.17144235766095894,
-0.753055414520706,
714.6161822262827
],
[
-0.20011899612269363,
-0.9782872278216725,
-0.05391184723075415,
-104.40258585637794
],
[
-0.74594726806266,
0.11645435964633813,
0.6557446571564387,
0.8073700644717454
],
[
0.0,
0.0,
0.0,
1.0
]
],
"at_element": 10,
"to_element": 75
},
{
"pose": [
[
-0.798828005348815,
-0.17144245168146577,
0.5766119176984481,
714.610007625456
],
[
-0.20721893945231862,
0.9782872362636899,
0.003794007881890299,
-104.36735226430972
],
[
-0.564742533374891,
-0.11645415031247192,
-0.8170093646172671,
0.8031758987833095
],
[
0.0,
0.0,
0.0,
1.0
]
],
"at_element": 75,
"to_element": 10
},
{
"pose": [
[
-0.13527629093995008,
-0.6439002842191334,
-0.7530556082335815,
714.6368427199791
],
[
0.9880315872878523,
-0.1445238380090148,
-0.05391143448834773,
-104.40110676012603
],
[
-0.07412089874642186,
-0.7513356668158804,
0.655744468630395,
0.789379346082417
],
[
0.0,
0.0,
0.0,
1.0
]
],
"at_element": 10,
"to_element": 78
},
{
"pose": [
[
0.76217454062793,
0.6439001058879332,
0.06695239544715592,
714.6600331794258
],
[
-0.03523011415864247,
0.14452393220539284,
-0.9888739414486863,
-104.39590164156682
],
[
-0.6464122590692204,
0.7513358015277852,
0.1328371358755812,
0.8164391683673489
],
[
0.0,
0.0,
0.0,
1.0
]
],
"at_element": 78,
"to_element": 10
},
{
"pose": [
[
-0.39260237326612835,
0.9172680990390749,
0.06695230385166173,
714.6533396851346
],
[
-0.1485062760255867,
0.008616315427304233,
-0.9888739278034734,
-104.29704002440974
],
[
-0.9076393901141662,
-0.3981770882329857,
0.13283728361979308,
0.8031589174584706
],
[
0.0,
0.0,
0.0,
1.0
]
],
"at_element": 78,
"to_element": 79
},
{
"pose": [
[
0.036963635239170456,
-0.9172679536611392,
0.3965516244528722,
714.6203036333119
],
[
0.9936089952675766,
-0.00861631020903042,
-0.11254742876555893,
-104.29735034235927
],
[
0.10665296148378792,
0.3981774232483404,
0.9110871996807164,
0.8174995397415631
],
[
0.0,
0.0,
0.0,
1.0
]
],
"at_element": 79,
"to_element": 78
},
{
"pose": [
[
-0.6530169333159521,
0.08047613060218133,
-0.7530554277116195,
715.0810559704219
],
[
-0.060660192628893536,
-0.9967014912920511,
-0.05391176389645533,
-104.36930528609363
],
[
-0.7549100779780695,
0.010475192575903718,
0.6557446488593275,
0.40256789757713984
],
[
0.0,
0.0,
0.0,
1.0
]
],
"at_element": 10,
"to_element": 11
},
{
"pose": [
[
-0.8470681546225958,
-0.080475912028338,
-0.525356230578336,
715.0781575684073
],
[
-0.06284809916267288,
0.996701519933918,
-0.051343905120827274,
-104.333408432603
],
[
0.5277553011158763,
-0.010474146486701499,
-0.849331875299324,
0.40219063051122006
],
[
0.0,
0.0,
0.0,
1.0
]
],
"at_element": 11,
"to_element": 10
},
{
"pose": [
[
0.27055138623564046,
0.5997575142170973,
-0.7530556895383644,
715.2211305143398
],
[
-0.9338531225707122,
0.3535700972558784,
-0.053912260121416145,
-104.35927727147099
],
[
0.23392369027292598,
0.717829443855988,
0.6557443073809327,
0.2805939646122025
],
[
0.0,
0.0,
0.0,
1.0
]
],
"at_element": 10,
"to_element": 12
},
{
"pose": [
[
-0.769894651709411,
-0.599757131351783,
0.2180678992009711,
715.1995297822417
],
[
0.01050334874588954,
-0.3535699353116879,
-0.935349122258,
-104.37201137094303
],
[
0.6380845593919092,
-0.7178298435119349,
0.2785110605151331,
0.2547407468434632
],
[
0.0,
0.0,
0.0,
1.0
]
],
"at_element": 12,
"to_element": 10
},
{
"pose": [
[
0.9087575609937595,
-0.35581747870271946,
0.21806791874623233,
715.2303151020701
],
[
0.29866056518972134,
0.18953660906151293,
-0.9353489940263043,
-104.50405746191107
],
[
0.29148166689730215,
0.9151337583518068,
0.278511475863504,
0.2940590212744834
],
[
0.0,
0.0,
0.0,
1.0
]
],
"at_element": 12,
"to_element": 85
},
{
"pose": [
[
0.5614330459226247,
0.3558173183865414,
0.7471191142530452,
715.2431300900475
],
[
-0.7394720551149367,
-0.18953721042786076,
0.6459541203269139,
-104.5108837495769
],
[
0.37144853566831604,
-0.9151336961337593,
0.15670451030659016,
0.2610999194211348
],
[
0.0,
0.0,
0.0,
1.0
]
],
"at_element": 85,
"to_element": 12
},
{
"pose": [
[
0.3389215098002051,
0.90661132925706,
-0.25137244848530294,
710.1085720119609
],
[
-0.8393988409462193,
0.4120636746758508,
0.3544194038576023,
-104.48925036673752
],
[
0.42490210168095555,
0.09088138244646932,
0.9006657417220473,
0.08247658505004257
],
[
0.0,
0.0,
0.0,
1.0
]
],
"at_element": 2,
"to_element": 14
},
{
"pose": [
[
-0.041925332811269644,
-0.9066113086834543,
0.419878793744027,
710.0759198395214
],
[
-0.12634615219032008,
-0.41206369361228345,
-0.9023525709130014,
-104.50409109785593
],
[
0.9910998518289493,
-0.09088150182450305,
-0.09727094289024918,
0.07920343115360831
],
[
0.0,
0.0,
0.0,
1.0
]
],
"at_element": 14,
"to_element": 2
},
{
"pose": [
[
-0.6320179965911752,
-0.7330519645615766,
-0.25137237166659926,
710.0949553503557
],
[
0.6446624645715412,
-0.6773456405233802,
0.3544195113654421,
-104.47005171500038
],
[
-0.4300738991817851,
0.061949176882226564,
0.9006657208566285,
0.13126500327644092
],
[
0.0,
0.0,
0.0,
1.0
]
],
"at_element": 2,
"to_element": 15
},
{
"pose": [
[
0.6686457885658492,
0.7330519643344016,
-0.12469012398192963,
710.1213568023555
],
[
-0.7009371784502838,
0.6773456408016902,
0.22336059355468835,
-104.44565657071777
],
[
0.24819323379034447,
-0.06194917652740091,
0.9667276856634801,
0.12903385430071654
],
[
0.0,
0.0,
0.0,
1.0
]
],
"at_element": 15,
"to_element": 2
},
{
"pose": [
[
-0.8960430807046695,
-0.4260976073589677,
-0.12469012199949016,
710.0852393347609
],
[
0.393076184304845,
-0.8919647728012179,
0.22336059951122805,
-104.38095843010748
],
[
-0.20639261336983028,
0.15112800231801748,
0.9667276845429311,
0.4090540761607211
],
[
0.0,
0.0,
0.0,
1.0
]
],
"at_element": 15,
"to_element": 19
},
{
"pose": [
[
0.6397707497299274,
0.4260976122114755,
0.6396360001263889,
710.1005856391483
],
[
-0.41520506218842285,
0.8919647719728749,
-0.1788955055122546,
-104.34883348348681
],
[
-0.6467597267325128,
-0.15112799352554182,
0.747570856474374,
0.40361105950213616
],
[
0.0,
0.0,
0.0,
1.0
]
],
"at_element": 19,
"to_element": 15
},
{
"pose": [
[
-0.8929157814230002,
-0.43753973662013945,
0.10611496673010812,
710.020349889568
],
[
