{
"contact_id_pairs": [
[
0,
2
],
[
0,
73
],
[
0,
1
],
[
0,
71
],
[
1,
3
],
[
1,
4
],
[
4,
7
],
[
2,
4
],
[
2,
5
],
[
5,
8
],
[
5,
6
],
[
5,
9
],
[
9,
74
],
[
3,
6
],
[
3,
10
],
[
10,
75
],
[
7,
11
],
[
7,
12
],
[
12,
15
],
[
8,
12
],
[
8,
13
],
[
13,
16
],
[
9,
13
],
[
9,
14
],
[
14,
17
],
[
10,
11
],
[
10,
14
],
[
14,
18
],
[
15,
19
],
[
15,
20
],
[
20,
23
],
[
16,
20
],
[
16,
21
],
[
21,
24
],
[
17,
21
],
[
17,
22
],
[
22,
25
],
[
18,
19
],
[
18,
22
],
[
22,
26
],
[
23,
27
],
[
23,
28
],
[
28,
31
],
[
24,
28
],
[
24,
29
],
[
29,
32
],
[
25,
29
],
[
25,
30
],
[
30,
33
],
[
26,
27
],
[
26,
30
],
[
30,
34
],
[
31,
35
],
[
31,
36
],
[
36,
39
],
[
32,
36
],
[
32,
37
],
[
37,
40
],
[
33,
37
],
[
33,
38
],
[
38,
41
],
[
34,
35
],
[
34,
38
],
[
38,
42
],
[
39,
43
],
[
39,
44
],
[
44,
47
],
[
40,
44
],
[
40,
45
],
[
45,
48
],
[
41,
45
],
[
41,
46
],
[
46,
49
],
[
42,
43
],
[
42,
46
],
[
46,
50
],
[
47,
51
],
[
47,
52
],
[
52,
55
],
[
48,
52
],
[
48,
53
],
[
53,
56
],
[
49,
53
],
[
49,
54
],
[
54,
57
],
[
50,
51
],
[
50,
54
],
[
54,
58
],
[
55,
59
],
[
55,
60
],
[
60,
63
],
[
56,
60
],
[
56,
61
],
[
61,
64
],
[
57,
61
],
[
57,
62
],
[
62,
65
],
[
58,
59
],
[
58,
62
],
[
62,
66
],
[
63,
67
],
[
63,
68
],
[
64,
68
],
[
64,
69
],
[
65,
69
],
[
65,
70
],
[
72,
73
],
[
72,
74
],
[
71,
72
],
[
71,
75
],
[
66,
67
],
[
66,
70
]
],
"contact_t_bound_pairs": [
[
[
0.6,
0.9
],
[
0.6,
0.9
]
],
[
[
0.6,
0.9
],
[
0.1,
0.4
]
],
[
[
0.1,
0.4
],
[
0.6,
0.9
]
],
[
[
0.1,
0.4
],
[
0.6,
0.9
]
],
[
[
0.1,
0.4
],
[
0.6,
0.9
]
],
[
[
0.1,
0.4
],
[
0.1,
0.4
]
],
[
[
0.1,
0.4
],
[
0.6,
0.9
]
],
[
[
0.1,
0.4
],
[
0.6,
0.9
]
],
[
[
0.1,
0.4
],
[
0.6,
0.9
]
],
[
[
0.6,
0.9
],
[
0.6,
0.9
]
],
[
[
0.1,
0.4
],
[
0.6,
0.9
]
],
[
[
0.1,
0.4
],
[
0.6,
0.9
]
],
[
[
0.6,
0.9
],
[
0.6,
0.9
]
],
[
[
0.1,
0.4
],
[
0.1,
0.4
]
],
[
[
0.1,
0.4
],
[
0.6,
0.9
]
],
[
[
0.6,
0.9
],
[
0.1,
0.4
]
],
[
[
0.1,
0.4
],
[
0.6,
0.9
]
],
[
[
0.1,
0.4
],
[
0.1,
0.4
]
],
[
[
0.1,
0.4
],
[
0.6,
0.9
]
],
[
[
0.1,
0.4
],
[
0.6,
0.9
]
],
[
[
0.1,
0.4
],
[
0.6,
0.9
]
],
[
[
0.6,
0.9
],
[
0.6,
0.9
]
],
[
[
0.1,
0.4
],
[
0.1,
0.4
]
],
[
[
0.1,
0.4
],
[
0.6,
0.9
]
],
[
[
0.6,
0.9
],
[
0.6,
0.9
]
],
[
[
0.1,
0.4
],
[
0.1,
0.4
]
],
[
[
0.1,
0.4
],
[
0.1,
0.4
]
],
[
[
0.1,
0.4
],
[
0.6,
0.9
]
],
[
[
0.1,
0.4
],
[
0.6,
0.9
]
],
[
[
0.1,
0.4
],
[
0.1,
0.4
]
],
[
[
0.1,
0.4
],
[
0.6,
0.9
]
],
[
[
0.1,
0.4
],
[
0.6,
0.9
]
],
[
[
0.1,
0.4
],
[
0.6,
0.9
]
],
[
[
0.6,
0.9
],
[
0.6,
0.9
]
],
[
[
0.1,
0.4
],
[
0.1,
0.4
]
],
[
[
0.1,
0.4
],
[
0.6,
0.9
]
],
[
[
0.6,
0.9
],
[
0.6,
0.9
]
],
[
[
0.1,
0.4
],
[
0.1,
0.4
]
],
[
[
0.1,
0.4
],
[
0.1,
0.4
]
],
[
[
0.1,
0.4
],
[
0.6,
0.9
]
],
[
[
0.1,
0.4
],
[
0.6,
0.9
]
],
[
[
0.1,
0.4
],
[
0.1,
0.4
]
],
[
[
0.1,
0.4
],
[
0.6,
0.9
]
],
[
[
0.1,
0.4
],
[
0.6,
0.9
]
],
[
[
0.1,
0.4
],
[
0.6,
0.9
]
],
[
[
0.6,
0.9
],
[
0.6,
0.9
]
],
[
[
0.1,
0.4
],
[
0.1,
0.4
]
],
[
[
0.1,
0.4
],
[
0.6,
0.9
]
],
[
[
0.6,
0.9
],
[
0.6,
0.9
]
],
[
[
0.1,
0.4
],
[
0.1,
0.4
]
],
[
[
0.1,
0.4
],
[
0.1,
0.4
]
],
[
[
0.1,
0.4
],
[
0.6,
0.9
]
],
[
[
0.1,
0.4
],
[
0.6,
0.9
]
],
[
[
0.1,
0.4
],
[
0.1,
0.4
]
],
[
[
0.1,
0.4
],
[
0.6,
0.9
]
],
[
[
0.1,
0.4
],
[
0.6,
0.9
]
],
[
[
0.1,
0.4
],
[
0.6,
0.9
]
],
[
[
0.6,
0.9
],
[
0.6,
0.9
]
],
[
[
0.1,
0.4
],
[
0.1,
0.4
]
],
[
[
0.1,
0.4
],
[
0.6,
0.9
]
],
[
[
0.6,
0.9
],
[
0.6,
0.9
]
],
[
[
0.1,
0.4
],
[
0.1,
0.4
]
],
[
[
0.1,
0.4
],
[
0.1,
0.4
]
],
[
[
0.1,
0.4
],
[
0.6,
0.9
]
],
[
[
0.1,
0.4
],
[
0.6,
0.9
]
],
[
[
0.1,
0.4
],
[
0.1,
0.4
]
],
[
[
0.1,
0.4
],
[
0.6,
0.9
]
],
[
[
0.1,
0.4
],
[
0.6,
0.9
]
],
[
[
0.1,
0.4
],
[
0.6,
0.9
]
],
[
[
0.6,
0.9
],
[
0.6,
0.9
]
],
[
[
0.1,
0.4
],
[
0.1,
0.4
]
],
[
[
0.1,
0.4
],
[
0.6,
0.9
]
],
[
[
0.6,
0.9
],
[
0.6,
0.9
]
],
[
[
0.1,
0.4
],
[
0.1,
0.4
]
],
[
[
0.1,
0.4
],
[
0.1,
0.4
]
],
[
[
0.1,
0.4
],
[
0.6,
0.9
]
],
[
[
0.1,
0.4
],
[
0.6,
0.9
]
],
[
[
0.1,
0.4
],
[
0.1,
0.4
]
],
[
[
0.1,
0.4
],
[
0.6,
0.9
]
],
[
[
0.1,
0.4
],
[
0.6,
0.9
]
],
[
[
0.1,
0.4
],
[
0.6,
0.9
]
],
[
[
0.6,
0.9
],
[
0.6,
0.9
]
],
[
[
0.1,
0.4
],
[
0.1,
0.4
]
],
[
[
0.1,
0.4
],
[
0.6,
0.9
]
],
[
[
0.6,
0.9
],
[
0.6,
0.9
]
],
[
[
0.1,
0.4
],
[
0.1,
0.4
]
],
[
[
0.1,
0.4
],
[
0.1,
0.4
]
],
[
[
0.1,
0.4
],
[
0.6,
0.9
]
],
[
[
0.1,
0.4
],
[
0.6,
0.9
]
],
[
[
0.1,
0.4
],
[
0.1,
0.4
]
],
[
[
0.1,
0.4
],
[
0.6,
0.9
]
],
[
[
0.1,
0.4
],
[
0.6,
0.9
]
],
[
[
0.1,
0.4
],
[
0.6,
0.9
]
],
[
[
0.6,
0.9
],
[
0.6,
0.9
]
],
[
[
0.1,
0.4
],
[
0.1,
0.4
]
],
[
[
0.1,
0.4
],
[
0.6,
0.9
]
],
[
[
0.6,
0.9
],
[
0.6,
0.9
]
],
[
[
0.1,
0.4
],
[
0.1,
0.4
]
],
[
[
0.1,
0.4
],
[
0.1,
0.4
]
],
[
[
0.1,
0.4
],
[
0.6,
0.9
]
],
[
[
0.1,
0.4
],
[
0.6,
0.9
]
],
[
[
0.1,
0.4
],
[
0.1,
0.4
]
],
[
[
0.1,
0.4
],
[
0.6,
0.9
]
],
[
[
0.1,
0.4
],
[
0.6,
0.9
]
],
[
[
0.1,
0.4
],
[
0.1,
0.4
]
],
[
[
0.1,
0.4
],
[
0.6,
0.9
]
],
[
[
0.6,
0.9
],
[
0.6,
0.9
]
],
[
[
0.6,
0.9
],
[
0.1,
0.4
]
],
[
[
0.1,
0.4
],
[
0.1,
0.4
]
],
[
[
0.1,
0.4
],
[
0.6,
0.9
]
],
[
[
0.1,
0.4
],
[
0.1,
0.4
]
],
[
[
0.1,
0.4
],
[
0.1,
0.4
]
]
],
"line_pt_pairs": [
[
[
721.6110449862819,
-103.7362343694426,
0.7586436989862578
],
[
721.8959418570032,
-104.50115380592818,
1.024120726407711
]
],
[
[
721.3575383762541,
-103.89484318069965,
1.6551768274619654
],
[
721.6814236317912,
-103.94152843610223,
0.7194510741951236
]
],
[
[
721.4242749122463,
-104.40345012849095,
1.7459350243609473
],
[
721.8707097544925,
-104.40684928543321,
0.8848345227004555
]
],
[
[
721.3471686012722,
-103.9403302182033,
0.7184006138780611
],
[
721.4271449453303,
-103.8606184051125,
1.5460735013625533
]
],
[
[
721.3436713365859,
-103.83797274009181,
1.541075998812131
],
[
721.472780727797,
-104.53061086288683,
1.6347953227507657
]
],
[
[
721.5137696339301,
-104.51087858869239,
0.8086469430836793
],
[
721.4705801390276,
-104.4311708311271,
1.75800055887539
]
],
[
[
721.3763311550874,
-103.84749674437366,
0.8375967001685066
],
[
721.561563332917,
-104.56307663596986,
0.9417149141929152
]
],
[
[
720.9058215030658,
-103.8906303278616,
2.2194956056062103
],
[
721.3781189928344,
-103.94401548462565,
1.4595024166969675
]
],
[
[
720.912251037554,
-104.43813080613032,
2.3416619474716858
],
[
721.5401066888936,
-104.48130939183254,
1.5645308354628757
]
],
[
[
720.9660500011764,
-104.47347480145844,
1.5775533065724696
],
[
721.5931699359639,
-104.54892676068492,
0.8022936240043169
]
],
[
[
720.8746491343202,
-103.97246886558096,
1.5334708166341158
],
[
721.4125596413289,
-103.88706706987296,
0.6948059738116835
]
],
[
[
720.9242422142389,
-103.93497304535876,
1.346446424607468
],
[
721.0020866297064,
-103.85717856841532,
2.152259908165016
]
],
[
[
720.9130432548948,
-103.83232230338749,
2.1184021862513562
],
[
721.0097336536373,
-104.52855296997156,
2.1849984679514103
]
],
[
[
721.0612408135954,
-104.52512852488991,
1.3711841293973874
],
[
720.9652714297579,
-104.47320807679333,
2.3652133394107016
]
],
[
[
720.8829758681135,
-103.88929784552235,
1.4223851970937982
],
[
721.0192829932045,
-104.58114324296407,
1.4869731679202718
]
],
[
[
720.3118227902805,
-103.90297059729895,
2.7784004276456478
],
[
720.9643548338272,
-103.93474072021418,
2.029233304380081
]
],
[
[
720.3026749476173,
-104.43850902673103,
2.8374852257660894
],
[
721.049134005708,
-104.52406540305415,
2.177576979865457
]
],
[
[
720.414811184356,
-104.51224546440912,
2.1603709468331687
],
[
721.0407173274757,
-104.52023586074189,
1.3805134981426685
]
],
[
[
720.3907651586568,
-103.8849999651017,
2.042806734358998
],
[
720.9290354992797,
-104.01557526093393,
1.3415903865894157
]
],
[
[
720.4521662068205,
-103.93525051756976,
1.865835003202536
],
[
720.4276762751123,
-103.94601652925336,
2.7390965147831716
]
],
[
[
720.3406184852365,
-103.8081607570107,
2.675720034589292
],
[
720.4072521022867,
-104.53014109164828,
2.7064188498163047
]
],
[
[
720.4916919429077,
-104.47635765541797,
1.9968894729611637
],
[
720.3590261489229,
-104.48340004797,
2.856374904756866
]
],
[
[
720.4035334508774,
-103.82366167538409,
1.9475295620122721
],
[
720.5270436751284,
-104.6228855176953,
1.9890076261731628
]
],
[
[
719.5963362463881,
-103.91107709226674,
3.175210112437399
],
[
720.4075282944614,
-103.88046388007606,
2.591232170832767
]
],
[
[
719.6045059726002,
-104.48858630586203,
3.1501734245021344
],
[
720.459916385139,
-104.5217703332707,
2.7004837729737767
]
],
[
[
719.7048231805383,
-104.47229674940874,
2.3726918716998875
],
[
720.5857619260072,
-104.5555506626671,
1.9068424410062252
]
],
[
[
719.6346930938865,
-103.88077385573126,
2.3814545601633585
],
[
720.4911793863,
-103.97018721038606,
1.8730884896080169
]
],
[
[
719.7394004866011,
-103.9257277790722,
2.2210818331002304
],
[
719.712227892462,
-103.94449357206148,
3.186297907302715
]
],
[
[
719.6435302037871,
-103.80860150432733,
3.0952930941266548
],
[
719.7419176947756,
-104.57003336134106,
3.036565415008546
]
],
[
[
719.8253637997901,
-104.51720748377124,
2.215066905209677
],
[
719.6730522048082,
-104.52903765407365,
3.2033284538992577
]
],
[
[
719.6925723466215,
-103.81791717544263,
2.3004800169337467
],
[
719.7852414410332,
-104.55629627278732,
2.2937200449903408
]
],
[
[
718.7547059209405,
-103.89598115805316,
3.029634252362483
],
[
719.7490274316194,
-103.88709366392685,
3.135679867773553
]
],
[
[
718.8031046028437,
-104.46603724827705,
3.0420847186825144
],
[
719.7969683496237,
-104.57333446152288,
3.015214558994679
]
],
[
[
718.8744026755077,
-104.52927773812092,
2.3070589512667103
],
[
719.8678259071849,
-104.42807812482563,
2.2534970486508246
]
],
[
[
718.8216655225359,
-103.85654712331238,
2.3124136510642925
],
[
719.8101930222896,
-103.99725895928391,
2.2575329334562313
]
],
[
[
718.917988219759,
-103.90316331466391,
2.2133835620312077
],
[
718.8918691625228,
-103.93377480273953,
3.1355267028437463
]
],
[
[
718.8407014006254,
-103.82272215022397,
3.076193209483823
],
[
718.9369466401696,
-104.55224524373014,
3.074577975280718
]
],
[
[
719.0323261928999,
-104.47425519780178,
2.2081126395456394
],
[
718.8837123548514,
-104.51672788030832,
3.129230990117976
]
],
[
[
718.9385747562052,
-103.79322305127073,
2.2701513762860057
],
[
718.9754848129891,
-104.59967459531057,
2.265267500108967
]
],
[
[
718.0917450110283,
-103.85124162103699,
2.6093689749787994
],
[
718.9192591043516,
-103.95692627820803,
3.1607772967093024
]
],
[
[
718.1374789403135,
-104.45637999670022,
2.5410330212618284
],
[
718.9840992842014,
-104.55729608656713,
3.063574579228021
]
],
[
[
718.1951305504581,
-104.44604090084191,
1.8104991447238183
],
[
719.0352064152338,
-104.50169596031802,
2.3501054504385555
]
],
[
[
718.1097074299663,
-103.92625382994613,
1.9441852456083142
],
[
719.0503286274035,
-103.923007250551,
2.2676708746400545
]
],
[
[
718.2939716887473,
-103.88835365031616,
1.920169263557451
],
[
718.1790133245033,
-103.90143176365268,
2.7607155931616205
]
],
[
[
718.1447058864309,
-103.79093917039485,
2.7005165286430923
],
[
718.2405101929029,
-104.55084163057707,
2.6339361534301036
]
],
[
[
718.3457362318214,
-104.48956986838189,
1.804121594528568
],
[
718.1945431488826,
-104.504679432412,
2.741124559177123
]
],
[
[
718.2093220879815,
-103.84862356092971,
1.9493278454280993
],
[
718.270016441487,
-104.58144977148257,
1.8830464831615479
]
],
[
[
717.6065120199,
-103.8335682372312,
1.9830390389285342
],
[
718.1883642912935,
-103.92123945593453,
2.7915943279696256
]
],
[
[
717.6593283115832,
-104.46607313738647,
1.9488788728770041
],
[
718.2670881938025,
-104.54709721387185,
2.723797814064868
]
],
[
[
717.6802727486681,
-104.46641847797626,
1.2049285078821559
],
[
718.2974273046947,
-104.51760607003948,
1.9901036053242376
]
],
[
[
717.6599491233792,
-103.91184398361926,
1.2351407906509875
],
[
718.248038256613,
-103.96599876792604,
2.0410624932188046
]
],
[
[
717.7674040114047,
-103.88529708131459,
1.274051186619487
],
[
717.6478371469999,
-103.87718731765395,
2.151281838903414
]
],
[
[
717.6612596829863,
-103.77231443657375,
2.1352150287754417
],
[
717.735263465833,
-104.56186152156396,
2.089698048913598
]
],
[
[
717.8326493309256,
-104.51462082367601,
1.3047611862127364
],
[
717.7020709207318,
-104.50937102357938,
2.1113992068447156
]
],
[
[
717.6865360127734,
-103.84742667820754,
1.340872796585569
],
[
717.7178408167738,
-104.57022949965292,
1.3001147614215736
]
],
[
[
717.1218131444148,
-103.87679545670049,
1.4207519957712167
],
[
717.7077782504306,
-103.96737827647554,
2.226009477045658
]
],
[
[
717.0351509667604,
-104.43381881355027,
1.4517504826360474
],
[
717.7898658815193,
-104.55810498212792,
2.0626930943166033
]
],
[
[
717.0666651020598,
-104.46270147536322,
0.6800070364134727
],
[
717.8133026331008,
-104.49903632769092,
1.343793439171937
]
],
[
[
717.130899732576,
-103.89388919928835,
0.6315728642083199
],
[
717.7206098891277,
-103.95189623009715,
1.437101096379615
]
],
[
[
717.2817191709397,
-103.94682923251648,
0.7235890795382071
],
[
717.1625342305127,
-103.91852547632811,
1.5880667080313615
]
],
[
[
717.1799149775294,
-103.82101894075143,
1.5693388521058493
],
[
717.2222762313121,
-104.54276018220688,
1.5507822085512806
]
],
[
[
717.2329035104915,
-104.5095438960642,
0.7155559741200795
],
[
717.0903062291784,
-104.47864329022723,
1.6017245561268074
]
],
[
[
717.1600024211542,
-103.79898398480425,
0.7358368291815643
],
[
717.1661182885667,
-104.57361530906248,
0.7168599579896988
]
],
[
[
716.775475172855,
-103.95411527248599,
0.769178223223902
],
[
717.2024026088974,
-104.04241409659684,
1.669142777906191
]
],
[
[
716.7434437116195,
-104.44815212052823,
0.694538125833227
],
[
717.1531942414445,
-104.52823068218332,
1.5024371773618346
]
],
[
[
716.79242937411,
-104.52170559464628,
0.0
],
[
717.1706880372733,
-104.4940118698738,
0.8154682349916591
]
],
[
[
716.79242937411,
-103.88170559464628,
0.0
],
[
717.1650251826184,
-103.87655171473773,
0.8318404851200721
]
],
[
[
716.8431362560643,
-103.91571405530897,
0.010226500088270717
],
[
716.8220852341744,
-103.92876284352127,
0.9541966279151454
]
],
[
[
716.7943685666804,
-103.88152507162843,
0.8963257622839989
],
[
716.8059752432272,
-104.53209366379657,
0.8949844810029206
]
],
[
[
716.8452859078144,
-104.48101773077019,
0.010066757609181555
],
[
716.7719846138913,
-104.49298011328423,
0.8593102911754041
]
],
[
[
716.7967390904671,
-103.80153888605655,
0.09805139647496748
],
[
716.7976939737608,
-104.59872238821113,
0.09654668810851542
]
],
[
[
721.779128173237,
-103.88170559464628,
-2.7755575615628915e-18
],
[
721.6609685138004,
-103.79011467513445,
0.8758559888198647
]
],
[
[
721.689302562269,
-103.80393842225726,
0.1887602533919374
],
[
721.9972136942913,
-104.52170559464628,
0.20282551404687182
]
],
[
[
721.8705769047625,
-104.33378888088102,
1.0718989684520779
],
[
721.9298034012635,
-104.45410434461381,
0.10393033841140949
]
],
[
[
721.9858803396212,
-104.45646820769812,
0.0961047503984143
],
[
721.5003270743395,
-104.51920771578362,
0.9803825489241952
]
],
[
[
721.338147496362,
-103.9084568788701,
0.8783668788611353
],
[
721.8362304447684,
-103.89693591170021,
0.05671555342813521
]
]
],
"contact_t_pairs": [
[
0.8555543715267431,
0.8999999027371619
],
[
0.8135451038632997,
0.1000000934128321
],
[
0.24258330400072303,
0.8999998772604741
],
[
0.10000005161331686,
0.8999998874179608
],
[
0.2017648442065852,
0.8999997681048181
],
[
0.10000005762193598,
0.10000028409266916
],
[
0.13376655273932136,
0.8999997863073257
],
[
0.12897285029590141,
0.8285950164443184
],
[
0.10000009437900362,
0.8999998904385214
],
[
0.8748340032590455,
0.8999999706274019
],
[
0.12833883668163826,
0.8999997225399368
],
[
0.10000010655407249,
0.8655006544584231
],
[
0.8999999947313136,
0.899999994769575
],
[
0.16162770924811848,
0.1000006074764245
],
[
0.10008941048089158,
0.8759998375757699
],
[
0.8999999660688721,
0.10000005455304095
],
[
0.19011808462308782,
0.8999963586487043
],
[
0.1000001560604109,
0.10000023505326376
],
[
0.13399177180797023,
0.8999999345642797
],
[
0.18256669291989985,
0.8900265093685322
],
[
0.10000003252381036,
0.8999999761977883
],
[
0.8759999521130989,
0.89999997664549
],
[
0.14010986058554487,
0.10000001981135843
],
[
0.10000000517170379,
0.8661060324337201
],
[
0.8999997165201268,
0.8999999957940336
],
[
0.12400021220851812,
0.10000063713685228
],
[
0.10000002214872876,
0.11884321514450835
],
[
0.15273698090673307,
0.8999997789547667
],
[
0.18542167637442677,
0.8853537339493589
],
[
0.10000008612963462,
0.14056369632277438
],
[
0.10000015729945427,
0.8999999827145005
],
[
0.16299801899947317,
0.8970305964901563
],
[
0.1000000278341354,
0.8999999434582235
],
[
0.8715892348757279,
0.8999999200677994
],
[
0.10000000488057732,
0.100000006407901
],
[
0.1981137694836137,
0.8703619535264745
],
[
0.8999998965894274,
0.8999999928042588
],
[
0.1268583945024093,
0.10000013612396771
],
[
0.10000013527207538,
0.10000017323582401
],
[
0.16657393608695006,
0.8999999560973825
],
[
0.14514062323405427,
0.899999846837404
],
[
0.10000001901818552,
0.13116925627358372
],
[
0.10000014731558252,
0.8999999770221815
],
[
0.16870844821005912,
0.8999998417678499
],
[
0.10000012138179845,
0.8999999302818124
],
[
0.813410624230767,
0.8999999681334397
],
[
0.12400004094146137,
0.10000003888000793
],
[
0.10000000781868963,
0.8999997410210726
],
[
0.8401723293170912,
0.8999999863050665
],
[
0.1240001802032726,
0.10000007477167999
],
[
0.10000006966496144,
0.10000018205841864
],
[
0.22393734272331345,
0.8999999477935039
],
[
0.1401232423050186,
0.8999996487615302
],
[
0.10000001995796982,
0.10000017931368536
],
[
0.1657412902969201,
0.8999999854369721
],
[
0.12400011297596807,
0.8999997208050015
],
[
0.10000003686123911,
0.8999997658811659
],
[
0.8743024673886742,
0.89999994939728
],
[
0.1476257403003549,
0.10000009285639816
],
[
0.10000001475533991,
0.8999999302159319
],
[
0.8702715862642643,
0.8999999749335161
],
[
0.10000010013948692,
0.1000000758527597
],
[
0.12400033839962961,
0.10000006743988168
],
[
0.16225476497155553,
0.8999999390864992
],
[
0.12400012508112002,
0.899999786172846
],
[
0.10000001278215097,
0.10000012128612155
],
[
0.15274342991898865,
0.8999999868673746
],
[
0.13300627797659237,
0.8999997391616463
],
[
0.10000003961781943,
0.8409943792588315
],
[
0.8999998982970182,
0.8999999114765601
],
[
0.1634455181764295,
0.10000017705069172
],
[
0.10000002476574214,
0.8287193175031213
],
[
0.8999997962440788,
0.899999967076166
],
[
0.1839964908508246,
0.10000027548227176
],
[
0.1000001039647097,
0.10000036253675573
],
[
0.14692223511300354,
0.8999999329739896
],
[
0.10000001140876454,
0.8999968215190856
],
[
0.15707525449489204,
0.1000001010818629
],
[
0.2306091801062689,
0.899999987804889
],
[
0.15942386016186907,
0.8999998163746153
],
[
0.10000007552757445,
0.8940354101500145
],
[
0.8646650896207311,
0.899999918134166
],
[
0.2301433406623757,
0.10000050488347288
],
[
0.10000003472603995,
0.8668792413485938
],
[
0.8999997675685582,
0.8999999575778428
],
[
0.15700488419837635,
0.1000001102446928
],
[
0.10000009228280875,
0.10000033753264764
],
[
0.1331209271194838,
0.8999999379397512
],
[
0.10000001228678149,
0.8999998865881997
],
[
0.15616962074961083,
0.10000019908327112
],
[
0.2913286216395622,
0.8999999802063781
],
[
0.21111698160021186,
0.8825678009061585
],
[
0.10000008273288365,
0.8999998881223252
],
[
0.7966874308561913,
0.8999997116754331
],
[
0.20425831787652912,
0.11384316905359128
],
[
0.10000007209209145,
0.8604139193329476
],
[
0.8999998107177645,
0.8999999190464322
],
[
0.23935078124401415,
0.11725507326456394
],
[
0.10000007873561459,
0.1309724971494808
],
[
0.10000012817091035,
0.8999999158565181
],
[
0.10000002800659669,
0.8999999385037303
],
[
0.12400007354744445,
0.12935082530090303
],
[
0.2281804769884044,
0.8999912524791577
],
[
0.10000011879021012,
0.8999998163188105
],
[
0.12668616121965254,
0.11007044794074469
],
[
0.10000005158977168,
0.8999998700001532
],
[
0.8692760151468338,
0.8999999032383048
],
[
0.8999999582546331,
0.10000000528792227
],
[
0.22050479303838247,
0.10000010808665485
],
[
0.19349369267065042,
0.8569344496343406
],
[
0.12633154073991232,
0.10000124481500988
],
[
0.10000041557869747,
0.1000001254417324
]
],
"half_couplers": [
{
"pose": [
[
0.5032160436550828,
0.7978753552841018,
0.33191645159346106,
721.8547897494618
],
[
-0.11005354900064473,
0.44013407749575484,
-0.8911622804962762,
-104.39066453719362
],
[
-0.8571241623945091,
0.41191857357641615,
0.30929154366435907,
0.9857737303366072
],
[
0.0,
0.0,
0.0,
1.0
]
],
"at_element": 0,
"to_element": 2
},
{
"pose": [
[
0.38929652026661143,
-0.7978753584123142,
0.460264197767683,
721.8260662268464
],
[
-0.8979252256927321,
-0.44013407949097183,
-0.0035044450760319534,
-104.40650936940838
],
[
0.20537406937820502,
-0.4119185653852664,
-0.8877750768736303,
0.9709446566195834
],
[
0.0,
0.0,
0.0,
1.0
]
],
"at_element": 2,
"to_element": 0
},
{
"pose": [
[
-0.12110190875172755,
-0.9355029646788959,
0.33191645149598226,
721.8428214405632
],
[
0.2849104115996571,
-0.3530663493481634,
-0.8911622805752466,
-104.35853083184531
],
[
0.9508734853064325,
-0.013355000372786974,
0.3092915435414305,
0.9746212348331641
],
[
0.0,
0.0,
0.0,
1.0
]
],
"at_element": 0,
"to_element": 73
},
{
"pose": [
[
-0.34808179042701415,
0.9355029646778256,
0.06060750986572334,
721.8764995599452
],
[
0.9274618010079932,
0.35306634934902836,
-0.12312091872772762,
-104.3458204384933
],
[
-0.13657845673507296,
0.013355000424907143,
-0.9905392314893524,
0.9751020150273199
],
[
0.0,
0.0,
0.0,
1.0
]
],
"at_element": 73,
"to_element": 0
},
{
"pose": [
[
0.37750871843151046,
0.8644759318457125,
0.3319164514869449,
721.6801562104808
],
[
-0.17498960207287562,
0.41857905923957395,
-0.8911622805822124,
-103.92179105363964
],
[
-0.9093216189416016,
0.27833960268995167,
0.3092915435310586,
0.8230439934344445
],
[
0.0,
0.0,
0.0,
1.0
]
],
"at_element": 0,
"to_element": 1
},
{
"pose": [
[
0.3820065866859427,
-0.86447593140736,
0.32672975338333154,
721.649035066484
],
[
-0.9069584374014188,
-0.4185790590213079,
-0.04709526701498842,
-103.93685990483185
],
[
0.17747495754311937,
-0.27833960437963856,
-0.9439436975152988,
0.813023764372343
],
[
0.0,
0.0,
0.0,
1.0
]
],
"at_element": 1,
"to_element": 0
},
{
"pose": [
[
-0.19179288099593106,
-0.9236054135680885,
0.3319164515762978,
721.6395346880585
],
[
0.25727642030418946,
-0.37368253013863795,
-0.891162280521706,
-103.81272635257119
],
[
0.9471136860772009,
-0.08552430471454331,
0.3092915436095065,
0.7851914154305532
],
[
0.0,
0.0,
0.0,
1.0
]
],
"at_element": 0,
"to_element": 71
},
{
"pose": [
[
0.3595389099147769,
0.9236054135388646,
-0.13298425598166416,
721.6727844930467
],
[
-0.9218109564708842,
0.37368253020906583,
0.10308213786483193,
-103.79927377739712
],
[
0.14490111382431672,
0.08552430472242033,
0.9857429992215105,
0.7882702913322249
],
[
0.0,
0.0,
0.0,
1.0
]
],
"at_element": 71,
"to_element": 0
},
{
"pose": [
[
0.9393914324839248,
0.10388168375912955,
0.32672975431565454,
721.4228870343783
],
[
0.12595977423366692,
-0.9909168338017984,
-0.04709526264098358,
-103.9042626239827
],
[
0.31886967847508396,
0.08539569232454153,
-0.94394369741082,
1.4663802666339916
],
[
0.0,
0.0,
0.0,
1.0
]
],
"at_element": 1,
"to_element": 3
},
{
"pose": [
[
0.9899708274970281,
-0.10388168429567815,
0.09574109030475045,
721.4191472923783
],
[
0.09475236004989784,
0.9909168338150877,
0.09542441368358731,
-103.86858960490636
],
[
-0.1047843068871663,
-0.08539569151763418,
0.9908217927056314,
1.4633060206807493
],
[
0.0,
0.0,
0.0,
1.0
]
],
"at_element": 3,
"to_element": 1
},
{
"pose": [
[
-0.1879609651141767,
0.9262388153853931,
0.3267297544865037,
721.3899269204707
],
[
0.9755693615883916,
0.21458438135687719,
-0.047095265236584416,
-103.89951170893
],
[
-0.11373256492036561,
0.3098954664901538,
-0.9439436972221831,
1.5616041982169517
],
[
0.0,
0.0,
0.0,
1.0
]
],
"at_element": 1,
"to_element": 4
},
{
"pose": [
[
-0.33028222172932775,
-0.9262388153721541,
0.18164611448508344,
721.3565823123861
],
[
0.06583814308268049,
-0.2145843814184809,
-0.9744839055452239,
-103.90723674914473
],
[
0.9415832373852904,
-0.30989546648706684,
0.1318552498985135,
1.5504479578309673
],
[
0.0,
0.0,
0.0,
1.0
]
],
"at_element": 4,
"to_element": 1
},
{
"pose": [
[
0.5197290129276462,
0.8347972461436934,
0.18164611460793834,
721.3609418547745
],
[
-0.01869125941682942,
0.2236777922443537,
-0.9744839054997801,
-103.93062455407394
],
[
-0.8541266826078363,
0.5030723636690823,
0.13185525006511956,
1.5536125097004618
],
[
0.0,
0.0,
0.0,
1.0
]
],
"at_element": 4,
"to_element": 7
},
{
"pose": [
[
0.15968265617272226,
-0.8347972461687608,
0.526891836249792,
721.330889142931
],
[
-0.9728418753628237,
-0.2236777923614235,
-0.05955611425256399,
-103.93867695754123
],
[
0.1675712829161625,
-0.5030723635754338,
-0.847843182521661,
1.5355018979928687
],
[
0.0,
0.0,
0.0,
1.0
]
],
"at_element": 7,
"to_element": 4
},
{
"pose": [
[
-0.19555957552428338,
0.8659753607565467,
0.46026419259304874,
721.4818528863223
],
[
0.9750291323967407,
0.22204934086387518,
-0.0035044542482087493,
-104.40388852745039
],
[
-0.10523613162037762,
0.44808566679206263,
-0.8877750795201966,
1.6348764382705632
],
[
0.0,
0.0,
0.0,
1.0
]
],
"at_element": 2,
"to_element": 4
},
{
"pose": [
[
-0.46593064200861445,
-0.8659753609033124,
0.18164611514100232,
721.4506507347196
],
[
0.03279037775758631,
-0.2220493400933159,
-0.9744839053009741,
-104.4118892368391
],
[
0.8842134515850544,
-0.4480856668902732,
0.13185525080004967,
1.6187313635722145
],
[
0.0,
0.0,
0.0,
1.0
]
],
"at_element": 4,
"to_element": 2
},
{
"pose": [
[
-0.872099733310767,
-0.166129250293704,
0.4602641929980448,
721.4689184386051
],
[
-0.18891173599159877,
0.9819878180551512,
-0.0035044537268656487,
-104.40379004450598
],
[
-0.4513916383407318,
-0.09000554087463233,
-0.8877750793122858,
1.6598248929250907
],
[
0.0,
0.0,
0.0,
1.0
]
],
"at_element": 2,
"to_element": 5
},
{
"pose": [
[
-0.9850635050541301,
0.1661292502878425,
-0.04528756130849576,
721.4748990932496
],
[
-0.1694530607585504,
-0.98198781806984,
0.08357981432136136,
-104.43914161561653
],
[
-0.03058678162262903,
0.09000554072518874,
0.9954714719311327,
1.663065093283633
],
[
0.0,
0.0,
0.0,
1.0
]
],
"at_element": 5,
"to_element": 2
},
{
"pose": [
[
0.9982853486730658,
-0.03708637779121432,
-0.04528756128367616,
721.4759859952059
],
[
0.040780706580140394,
0.9956662838139425,
0.08357981363318599,
-104.44114753205076
],
[
0.041991625302194406,
-0.08528336214327466,
0.995471471990041,
1.6391737672951914
],
[
0.0,
0.0,
0.0,
1.0
]
],
"at_element": 5,
"to_element": 8
},
{
"pose": [
[
0.7774457101095783,
0.03708637777004255,
0.6278556907571285,
721.477321105318
],
[
0.08236662380270844,
-0.9956662838491566,
-0.043178588320525,
-104.47699153199405
],
[
0.6235334049716635,
0.08528336174136177,
-0.7771311608052627,
1.6422439694901165
],
[
0.0,
0.0,
0.0,
1.0
]
],
"at_element": 8,
"to_element": 5
},
{
"pose": [
[
-0.25058015675634215,
-0.9670359982088288,
-0.04528756129690599,
721.5082267443973
],
[
0.9636847530808836,
-0.2536259279909281,
0.08357981413102572,
-104.50064898781196
],
[
-0.09231078874867864,
-0.022699489399425867,
0.9954714719476406,
0.9304858817338945
],
[
0.0,
0.0,
0.0,
1.0
]
],
"at_element": 5,
"to_element": 6
},
{
"pose": [
[
0.05713666971150877,
0.9670359981785437,
0.24814668887798136,
721.5430400637395
],
[
-0.12925149695284782,
0.25362592811941864,
-0.9586281547717089,
-104.4915184482654
],
[
-0.9899643688081536,
0.022699489253972582,
0.13948219125710226,
0.931303063901828
],
[
0.0,
0.0,
0.0,
1.0
]
],
"at_element": 6,
"to_element": 5
},
{
"pose": [
[
0.9988216871907981,
0.01744345119624661,
-0.04528756129106159,
721.5094506798378
],
[
-0.013611709253974423,
0.9964081171981594,
0.08357981426639119,
-104.50290780444267
],
[
0.04658281408967007,
-0.08286488998353492,
0.9954714719365412,
0.9035824058203443
],
[
0.0,
0.0,
0.0,
1.0
]
],
"at_element": 5,
"to_element": 9
},
{
"pose": [
[
0.7787273643325717,
-0.01744345124161613,
0.6271199391252263,
721.5088227151589
],
[
0.03844302035801173,
-0.9964081171758774,
-0.0754519596284711,
-104.53877852154913
],
[
0.6261835403660813,
0.08286489024191304,
-0.7752596879367559,
0.9065655439345042
],
[
0.0,
0.0,
0.0,
1.0
]
],
"at_element": 9,
"to_element": 5
},
{
"pose": [
[
0.5871890575619516,
-0.5117905750271053,
0.6271199390809798,
721.5304579391811
],
[
-0.6081651689309985,
-0.7902165077043586,
-0.07545195988612402,
-104.54138156436474
],
[
0.5341761301093835,
-0.33708793847444624,
-0.7752596879474716,
0.8798195963457323
],
[
0.0,
0.0,
0.0,
1.0
]
],
"at_element": 9,
"to_element": 74
},
{
"pose": [
[
0.712252403508741,
0.5117905751103854,
-0.48038205724631583,
721.5488824034072
],
[
-0.6096761612837877,
0.7902165077433684,
-0.062071323911609966,
-104.51293376464693
],
[
0.34783831309717267,
0.3370879382565563,
0.8748601201470194,
0.8919547644464685
],
[
0.0,
0.0,
0.0,
1.0
]
],
"at_element": 74,
"to_element": 9
},
{
"pose": [
[
-0.24200040733458983,
-0.9655410122900285,
0.09574109063426924,
721.3600949945563
],
[
0.9677608421983315,
-0.2330946873997981,
0.09542441518587653,
-103.92744658045342
],
[
-0.06981944684304449,
0.11574722584985432,
0.9908217925291076,
0.8521754866889553
],
[
0.0,
0.0,
0.0,
1.0
]
],
"at_element": 3,
"to_element": 6
},
{
"pose": [
[
-0.0784459911973725,
0.9655410124931119,
0.24814668980028315,
721.3948544853946
],
[
-0.16339806765594328,
0.23309468679541767,
-0.9586281544342675,
-103.9190551682312
],
[
-0.9834364737751826,
-0.11574722537288917,
0.13948219193543,
0.8480085848203079
],
[
0.0,
0.0,
0.0,
1.0
]
],
"at_element": 6,
"to_element": 3
},
{
"pose": [
[
-0.9612023932858931,
0.25869596589313204,
0.09574109030135072,
721.3551733864014
],
[
-0.2498300508184026,
-0.9635762174150475,
0.09542441480136975,
-103.93235190982269
],
[
0.11693974880059524,
0.06780317442958665,
0.9908217925983082,
0.8012419052574011
],
[
0.0,
0.0,
0.0,
1.0
]
],
"at_element": 3,
"to_element": 10
},
{
"pose": [
[
-0.8023270246988197,
-0.2586959657327845,
0.5379105341518436,
721.3458586510902
],
[
-0.2534312640303015,
0.9635762174785601,
0.08540180045944086,
-103.89765690641207
],
[
-0.540410899085079,
-0.06780317413877089,
-0.8386648852353151,
0.7988005505411565
],
[
0.0,
0.0,
0.0,
1.0
]
],
"at_element": 10,
"to_element": 3
},
{
"pose": [
[
-0.2309243775465355,
-0.8107565534968749,
0.5379105342123488,
721.3587685723762
],
[
-0.9418737774697884,
0.3249312540620395,
0.08540180003057307,
-103.89560725234155
],
[
-0.2440240135100169,
-0.48692246928596294,
-0.8386648852401799,
0.7786724865507708
],
[
0.0,
0.0,
0.0,
1.0
]
],
"at_element": 10,
"to_element": 75
},
{
"pose": [
[
0.272005591647589,
0.8107565534923372,
0.5183500449326418,
721.3879558183746
],
[
0.945661633908346,
-0.3249312540592497,
0.011989757682306673,
-103.9073047815246
],
[
0.17814890475734704,
0.48692246929537963,
-0.8550844850826422,
0.7962017014942568
],
[
0.0,
0.0,
0.0,
1.0
]
],
"at_element": 75,
"to_element": 10
},
{
"pose": [
[
0.8491507604378536,
0.03644144560582169,
0.5268918362339398,
720.9956137971928
],
[
0.07965651136521361,
-0.995041662146904,
-0.05955611462351887,
-103.90077981161288
],
[
0.5221090175863069,
0.09254248556249212,
-0.8478431825054542,
2.075007156204192
],
[
0.0,
0.0,
0.0,
1.0
]
],
"at_element": 7,
"to_element": 11
},
{
"pose": [
[
0.9947415061742563,
-0.0364414454980086,
0.0957149776377118,
720.9943019047008
],
[
0.027248563103291386,
0.9950416621375962,
0.09565357504691607,
-103.86495829938669
],
[
-0.09872614498185348,
-0.09254248570503024,
0.9908022187281155,
2.0716756255592887
],
[
0.0,
0.0,
0.0,
1.0
]
],
"at_element": 11,
"to_element": 7
},
{
"pose": [
[
-0.11026138671034924,
0.8427499151291546,
0.5268918362913906,
720.9530513257496
],
[
0.984322508874838,
0.16601887779407998,
-0.059556114197781146,
-103.89596885186931
],
[
-0.13766490156556108,
0.5120647544654846,
-0.8478431824996573,
2.1434961681104365
],
[
0.0,
0.0,
0.0,
1.0
]
],
"at_element": 7,
"to_element": 12
},
{
"pose": [
[
-0.5205949003012589,
-0.8427499150928053,
0.13694352993621833,
720.9227123174965
],
[
0.009365014340007694,
-0.16601887779754088,
-0.9860781047773329,
-103.90194553369719
],
[
0.8537524502376166,
-0.512064754524186,
0.09432094617502196,
2.125061830075035
],
[
0.0,
0.0,
0.0,
1.0
]
],
"at_element": 12,
"to_element": 7
},
{
"pose": [
[
0.6503955169688651,
0.7471493432460403,
0.13694352994505948,
720.9259989727391
],
[
0.01768733715351395,
0.16533943688012465,
-0.986078104774962,
-103.92561148399014
],
[
-0.7593897744974056,
0.6437629451119207,
0.09432094618697051,
2.127325540032169
],
[
0.0,
0.0,
0.0,
1.0
]
],
"at_element": 12,
"to_element": 15
},
{
"pose": [
[
0.10403747477516712,
-0.7471493432778243,
0.6564632988080312,
720.8991015867737
],
[
-0.9857186878043566,
-0.16533943688845043,
-0.031961525662396295,
-103.93156370584376
],
[
0.1324193050716711,
-0.6437629450728942,
-0.7536805677443263,
2.1041500657289283
],
[
0.0,
0.0,
0.0,
1.0
]
],
"at_element": 15,
"to_element": 12
},
{
"pose": [
[
-0.10240564119783446,
0.7715635528724565,
0.6278556908475807,
721.02687656745
],
[
0.985197421572845,
0.16589650400266198,
-0.04317858828068594,
-104.44601377772693
],
[
-0.13747408911165288,
0.6141400767239726,
-0.7771311607343994,
2.199783690387073
],
[
0.0,
0.0,
0.0,
1.0
]
],
"at_element": 8,
"to_element": 12
},
{
"pose": [
[
-0.6212375983754022,
-0.7715635527478972,
0.13694353009837662,
720.9991002729771
],
[
-0.01132790556446095,
-0.16589650367844833,
-0.986078104727404,
-104.45198605328262
],
[
0.7835403786150941,
-0.6141400769680393,
0.09432094646156741,
2.177674642389779
],
[
0.0,
0.0,
0.0,
1.0
]
],
"at_element": 12,
"to_element": 8
},
{
"pose": [
[
-0.7783157381562502,
0.0046736837647186995,
0.6278556907589189,
720.9750366231082
],
[
-0.028834753723212255,
0.9986511735771905,
-0.043178588335213736,
-104.44244866610487
],
[
-0.6272106254807978,
-0.05171063906941746,
-0.7771311608030007,
2.2639488109955397
],
[
0.0,
0.0,
0.0,
1.0
]
],
"at_element": 8,
"to_element": 13
},
{
"pose": [
[
-0.995373313568221,
-0.004673683743197307,
-0.09596938739248473,
720.9748683704258
],
[
-0.0003168600264689299,
-0.9986511735748604,
0.051920449894792456,
-104.4784001228388
],
[
-0.09608260110937808,
0.05171063911636174,
0.9940292468364468,
2.2658103947492765
],
[
0.0,
0.0,
0.0,
1.0
]
],
"at_element": 13,
"to_element": 8
},
{
"pose": [
[
0.992589135251586,
0.07454317718126861,
-0.09596938739113986,
720.9771716379494
],
[
-0.06979507237203862,
0.9962092725627147,
0.05192045004281765,
-104.47964621484361
],
[
0.09947590890808977,
-0.04483748427140873,
0.9940292468288449,
2.241953669768072
],
[
0.0,
0.0,
0.0,
1.0
]
],
"at_element": 13,
"to_element": 16
},
{
"pose": [
[
0.6612428753988782,
-0.07454317717828152,
0.7464590909556873,
720.9744880824658
],
[
-0.01572231170086026,
-0.9962092725623026,
-0.08555638009914149,
-104.51550976342372
],
[
0.7500071123989457,
0.044837484285529555,
-0.659908274954891,
2.2435678198673537
],
[
0.0,
0.0,
0.0,
1.0
]
],
"at_element": 16,
"to_element": 13
},
{
"pose": [
[
-0.7763621734219428,
0.06310592389252427,
0.6271199391258643,
721.0539156878099
],
[
0.020088353197639745,
0.9969470697318845,
-0.07545195967511958,
-104.48404636494656
],
[
-0.6299668513067681,
-0.04598024056787794,
-0.7752596879316995,
1.468931780530252
],
[
0.0,
0.0,
0.0,
1.0
]
],
"at_element": 9,
"to_element": 13
},
{
"pose": [
[
-0.9933818596378727,
-0.06310592386260781,
-0.09596938738914697,
721.0516438733104
],
[
0.058316438463523954,
-0.9969470697411997,
0.05192045010749556,
-104.51993647905164
],
[
-0.0989528875138641,
0.045980240406958056,
0.994029246825659,
1.470587070091788
],
[
0.0,
0.0,
0.0,
1.0
]
],
"at_element": 13,
"to_element": 9
},
{
"pose": [
[
-0.11579690747085536,
0.7702672641223614,
0.6271199391198132,
721.0287619978984
],
[
0.9752066511684254,
0.20803602881811367,
-0.07545195975224156,
-104.4810199977713
],
[
-0.18858171633817275,
0.602834432108055,
-0.7752596879290885,
1.500027334306241
],
[
0.0,
0.0,
0.0,
1.0
]
],
"at_element": 9,
"to_element": 14
},
{
"pose": [
[
-0.6079744468706259,
-0.7702672641245607,
0.1924978279628663,
721.0010322914185
],
[
-0.045785578807086336,
-0.20803602881778782,
-0.9770489708745538,
-104.48850931775813
],
[
0.7926353213967046,
-0.6028344321053576,
0.09121345702556205,
1.47832522824926
],
[
0.0,
0.0,
0.0,
1.0
]
],
"at_element": 14,
"to_element": 9
},
{
"pose": [
[
0.6159101090041763,
0.7639367276543584,
0.19249782795453652,
721.005652242055
],
[
0.04793520188627054,
0.2075512585539212,
-0.9770489708775123,
-104.51195850709566
],
[
-0.7863567600310855,
0.6110017604012563,
0.091213457011451,
1.4805143525282347
],
[
0.0,
0.0,
0.0,
1.0
]
],
"at_element": 14,
"to_element": 17
},
{
"pose": [
[
0.15697824979067843,
-0.7639367276640161,
0.6259061472925878,
720.9781267105312
],
[
-0.9781915091849946,
-0.20755125854665146,
-0.00799039636588833,
-104.519436821075
],
[
0.13601176585515737,
-0.6110017603916509,
-0.7798574538640162,
1.4584992462917727
],
[
0.0,
0.0,
0.0,
1.0
]
],
"at_element": 17,
"to_element": 14
},
{
"pose": [
[
0.8022339382345981,
0.25898448897540394,
0.5379105342106213,
720.9413501513385
],
[
0.2537777777477903,
-0.9634850139306965,
0.08540180005338863,
-103.96187902479018
],
[
0.5403864800917954,
0.06799751760994452,
-0.8386648852389644,
1.4294761981523105
],
[
0.0,
0.0,
0.0,
1.0
]
],
"at_element": 10,
"to_element": 11
},
{
"pose": [
[
0.9611272951698112,
-0.2589844889838105,
0.09571497764382118,
720.9320267053832
],
[
0.25009402542976683,
0.963485013929238,
0.09565357483184356,
-103.92719354809869
],
[
-0.11699273876569345,
-0.06799751759858955,
0.9908022187482887,
1.4270282863766894
],
[
0.0,
0.0,
0.0,
1.0
]
],
"at_element": 11,
"to_element": 10
},
{
"pose": [
[
-0.22318719573644752,
0.8129204960086024,
0.5379105342233299,
720.9284401969351
],
[
0.9737825479605896,
0.21084136652264318,
0.08540180004101874,
-103.96392868411863
],
[
-0.04398891845319941,
0.5428684788528361,
-0.8386648852320724,
1.4496043137765124
],
[
0.0,
0.0,
0.0,
1.0
]
],
"at_element": 10,
"to_element": 14
},
{
"pose": [
[
-0.5496406584448232,
-0.8129204960175322,
0.1924978278811244,
720.8991750451064
],
[
-0.03035171436563039,
-0.21084136665642284,
-0.9770489709024412,
-103.97151897693725
],
[
0.8348496391682809,
-0.5428684787875067,
0.09121345689935167,
1.430061039206476
],
[
0.0,
0.0,
0.0,
1.0
]
],
"at_element": 14,
"to_element": 10
},
{
"pose": [
[
0.5765341926191676,
0.7940736180889454,
0.19249782802955562,
720.903795006876
],
[
0.03738973039772847,
0.20970769327543837,
-0.9770489708514511,
-103.99496822278182
],
[
-0.8162170868107025,
0.5704995814514036,
0.09121345713228846,
1.4322501687607259
],
[
0.0,
0.0,
0.0,
1.0
]
],
"at_element": 14,
"to_element": 18
},
{
"pose": [
[
0.08119824610029647,
-0.7940736181260242,
0.6023735832741016,
720.8752083462354
],
[
-0.9667833132611636,
-0.20970769340531192,
-0.1461256600545938,
-104.00251770248767
],
[
0.2423569062973091,
-0.5704995813520541,
-0.7847250204034077,
1.411712176366905
],
[
0.0,
0.0,
0.0,
1.0
]
],
"at_element": 18,
"to_element": 14
},
{
"pose": [
[
-0.751570531187322,
0.06478945902436302,
0.6564632987838213,
720.432816375683
],
[
0.05809873086462133,
0.9977990771519218,
-0.0319615254124943,
-103.90886146674852
],
[
-0.657089243651672,
0.01411834388671729,
-0.7536805677760106,
2.6394886037651397
],
[
0.0,
0.0,
0.0,
1.0
]
],
"at_element": 15,
"to_element": 19
},
{
"pose": [
[
-0.99750518070436,
-0.06478945891531007,
-0.0280310627951175,
720.4304839543385
],
[
0.06515483099733813,
-0.9977990771598948,
-0.01232272764330058,
-103.94478224621358
],
[
-0.027170985732409118,
-0.014118343823692809,
0.9995310950150602,
2.6389803431947128
],
[
0.0,
0.0,
0.0,
1.0
]
],
"at_element": 19,
"to_element": 15
},
{
"pose": [
[
-0.052401368972675,
0.7525357359494463,
0.6564632987828146,
720.3770760508376
],
[
0.994756509264808,
0.09714910267256427,
-0.031961525702159266,
-103.90614761232682
],
[
-0.08782701068056342,
0.6513463118564048,
-0.7536805677646037,
2.7034836507936006
],
[
0.0,
0.0,
0.0,
1.0
]
],
"at_element": 15,
"to_element": 20
},
{
"pose": [
[
-0.6521188964618059,
-0.7525357354109212,
0.09181999677075126,
720.3499847527486
],
[
-0.02797251124543726,
-0.09714910021430145,
-0.994876671222205,
-103.90964498151972
],
[
0.7576004774893299,
-0.651346312845245,
0.042302449702632194,
2.6800351735303307
],
[
0.0,
0.0,
0.0,
1.0
]
],
