{
"contact_id_pairs": [
[
0,
31
],
[
0,
33
],
[
33,
49
],
[
0,
1
],
[
0,
46
],
[
46,
48
],
[
1,
2
],
[
1,
43
],
[
43,
45
],
[
2,
3
],
[
2,
40
],
[
40,
42
],
[
3,
4
],
[
3,
37
],
[
37,
39
],
[
4,
5
],
[
4,
52
],
[
52,
54
],
[
5,
6
],
[
5,
55
],
[
55,
57
],
[
6,
7
],
[
6,
58
],
[
58,
60
],
[
7,
8
],
[
7,
61
],
[
61,
63
],
[
9,
30
],
[
9,
65
],
[
65,
66
],
[
9,
10
],
[
9,
62
],
[
62,
63
],
[
10,
11
],
[
10,
59
],
[
59,
60
],
[
11,
12
],
[
11,
56
],
[
56,
57
],
[
12,
13
],
[
12,
53
],
[
53,
54
],
[
13,
14
],
[
13,
38
],
[
38,
39
],
[
14,
15
],
[
14,
41
],
[
41,
42
],
[
15,
16
],
[
15,
44
],
[
44,
45
],
[
16,
17
],
[
16,
47
],
[
47,
48
],
[
18,
27
],
[
18,
49
],
[
49,
50
],
[
18,
19
],
[
18,
46
],
[
46,
47
],
[
19,
20
],
[
19,
43
],
[
43,
44
],
[
20,
21
],
[
20,
40
],
[
40,
41
],
[
21,
22
],
[
21,
37
],
[
37,
38
],
[
22,
23
],
[
22,
52
],
[
52,
53
],
[
23,
24
],
[
23,
55
],
[
55,
56
],
[
24,
25
],
[
24,
58
],
[
58,
59
],
[
25,
26
],
[
25,
61
],
[
61,
62
],
[
27,
31
],
[
27,
32
],
[
28,
32
],
[
28,
33
],
[
29,
34
],
[
29,
35
],
[
30,
35
],
[
30,
36
],
[
0,
31
],
[
0,
33
],
[
33,
49
],
[
8,
34
],
[
8,
36
],
[
36,
64
],
[
2,
3
],
[
2,
40
],
[
40,
42
],
[
17,
28
],
[
17,
50
],
[
50,
51
],
[
26,
29
],
[
26,
64
],
[
64,
65
]
],
"contact_t_bound_pairs": [
[
[
0.6,
0.9
],
[
0.1,
0.4
]
],
[
[
0.6,
0.9
],
[
0.6,
0.9
]
],
[
[
0.6,
0.9
],
[
0.1,
0.4
]
],
[
[
0.1,
0.4
],
[
0.6,
0.9
]
],
[
[
0.1,
0.4
],
[
0.1,
0.4
]
],
[
[
0.1,
0.4
],
[
0.6,
0.9
]
],
[
[
0.1,
0.4
],
[
0.6,
0.9
]
],
[
[
0.1,
0.4
],
[
0.1,
0.4
]
],
[
[
0.1,
0.4
],
[
0.6,
0.9
]
],
[
[
0.1,
0.4
],
[
0.6,
0.9
]
],
[
[
0.1,
0.4
],
[
0.1,
0.4
]
],
[
[
0.1,
0.4
],
[
0.6,
0.9
]
],
[
[
0.1,
0.4
],
[
0.6,
0.9
]
],
[
[
0.1,
0.4
],
[
0.1,
0.4
]
],
[
[
0.1,
0.4
],
[
0.6,
0.9
]
],
[
[
0.1,
0.4
],
[
0.6,
0.9
]
],
[
[
0.1,
0.4
],
[
0.1,
0.4
]
],
[
[
0.1,
0.4
],
[
0.6,
0.9
]
],
[
[
0.1,
0.4
],
[
0.6,
0.9
]
],
[
[
0.1,
0.4
],
[
0.1,
0.4
]
],
[
[
0.1,
0.4
],
[
0.6,
0.9
]
],
[
[
0.1,
0.4
],
[
0.6,
0.9
]
],
[
[
0.1,
0.4
],
[
0.1,
0.4
]
],
[
[
0.1,
0.4
],
[
0.6,
0.9
]
],
[
[
0.1,
0.4
],
[
0.6,
0.9
]
],
[
[
0.1,
0.4
],
[
0.1,
0.4
]
],
[
[
0.1,
0.4
],
[
0.6,
0.9
]
],
[
[
0.6,
0.9
],
[
0.1,
0.4
]
],
[
[
0.6,
0.9
],
[
0.6,
0.9
]
],
[
[
0.6,
0.9
],
[
0.1,
0.4
]
],
[
[
0.1,
0.4
],
[
0.6,
0.9
]
],
[
[
0.1,
0.4
],
[
0.6,
0.9
]
],
[
[
0.6,
0.9
],
[
0.1,
0.4
]
],
[
[
0.1,
0.4
],
[
0.6,
0.9
]
],
[
[
0.1,
0.4
],
[
0.6,
0.9
]
],
[
[
0.6,
0.9
],
[
0.1,
0.4
]
],
[
[
0.1,
0.4
],
[
0.6,
0.9
]
],
[
[
0.1,
0.4
],
[
0.6,
0.9
]
],
[
[
0.6,
0.9
],
[
0.1,
0.4
]
],
[
[
0.1,
0.4
],
[
0.6,
0.9
]
],
[
[
0.1,
0.4
],
[
0.6,
0.9
]
],
[
[
0.6,
0.9
],
[
0.1,
0.4
]
],
[
[
0.1,
0.4
],
[
0.6,
0.9
]
],
[
[
0.1,
0.4
],
[
0.6,
0.9
]
],
[
[
0.6,
0.9
],
[
0.1,
0.4
]
],
[
[
0.1,
0.4
],
[
0.6,
0.9
]
],
[
[
0.1,
0.4
],
[
0.6,
0.9
]
],
[
[
0.6,
0.9
],
[
0.1,
0.4
]
],
[
[
0.1,
0.4
],
[
0.6,
0.9
]
],
[
[
0.1,
0.4
],
[
0.6,
0.9
]
],
[
[
0.6,
0.9
],
[
0.1,
0.4
]
],
[
[
0.1,
0.4
],
[
0.6,
0.9
]
],
[
[
0.1,
0.4
],
[
0.6,
0.9
]
],
[
[
0.6,
0.9
],
[
0.1,
0.4
]
],
[
[
0.6,
0.9
],
[
0.1,
0.4
]
],
[
[
0.6,
0.9
],
[
0.6,
0.9
]
],
[
[
0.6,
0.9
],
[
0.1,
0.4
]
],
[
[
0.1,
0.4
],
[
0.6,
0.9
]
],
[
[
0.1,
0.4
],
[
0.6,
0.9
]
],
[
[
0.6,
0.9
],
[
0.1,
0.4
]
],
[
[
0.1,
0.4
],
[
0.6,
0.9
]
],
[
[
0.1,
0.4
],
[
0.6,
0.9
]
],
[
[
0.6,
0.9
],
[
0.1,
0.4
]
],
[
[
0.1,
0.4
],
[
0.6,
0.9
]
],
[
[
0.1,
0.4
],
[
0.6,
0.9
]
],
[
[
0.6,
0.9
],
[
0.1,
0.4
]
],
[
[
0.1,
0.4
],
[
0.6,
0.9
]
],
[
[
0.1,
0.4
],
[
0.6,
0.9
]
],
[
[
0.6,
0.9
],
[
0.1,
0.4
]
],
[
[
0.1,
0.4
],
[
0.6,
0.9
]
],
[
[
0.1,
0.4
],
[
0.6,
0.9
]
],
[
[
0.6,
0.9
],
[
0.1,
0.4
]
],
[
[
0.1,
0.4
],
[
0.6,
0.9
]
],
[
[
0.1,
0.4
],
[
0.6,
0.9
]
],
[
[
0.6,
0.9
],
[
0.1,
0.4
]
],
[
[
0.1,
0.4
],
[
0.6,
0.9
]
],
[
[
0.1,
0.4
],
[
0.6,
0.9
]
],
[
[
0.6,
0.9
],
[
0.1,
0.4
]
],
[
[
0.1,
0.4
],
[
0.6,
0.9
]
],
[
[
0.1,
0.4
],
[
0.6,
0.9
]
],
[
[
0.6,
0.9
],
[
0.1,
0.4
]
],
[
[
0.6,
0.9
],
[
0.6,
0.9
]
],
[
[
0.6,
0.9
],
[
0.1,
0.4
]
],
[
[
0.6,
0.9
],
[
0.6,
0.9
]
],
[
[
0.6,
0.9
],
[
0.1,
0.4
]
],
[
[
0.6,
0.9
],
[
0.6,
0.9
]
],
[
[
0.6,
0.9
],
[
0.1,
0.4
]
],
[
[
0.6,
0.9
],
[
0.6,
0.9
]
],
[
[
0.6,
0.9
],
[
0.1,
0.4
]
],
[
[
0.6,
0.9
],
[
0.1,
0.4
]
],
[
[
0.6,
0.9
],
[
0.6,
0.9
]
],
[
[
0.6,
0.9
],
[
0.1,
0.4
]
],
[
[
0.1,
0.4
],
[
0.1,
0.4
]
],
[
[
0.1,
0.4
],
[
0.6,
0.9
]
],
[
[
0.6,
0.9
],
[
0.1,
0.4
]
],
[
[
0.1,
0.4
],
[
0.6,
0.9
]
],
[
[
0.1,
0.4
],
[
0.1,
0.4
]
],
[
[
0.1,
0.4
],
[
0.6,
0.9
]
],
[
[
0.1,
0.4
],
[
0.1,
0.4
]
],
[
[
0.1,
0.4
],
[
0.6,
0.9
]
],
[
[
0.6,
0.9
],
[
0.1,
0.4
]
],
[
[
0.1,
0.4
],
[
0.1,
0.4
]
],
[
[
0.1,
0.4
],
[
0.6,
0.9
]
],
[
[
0.6,
0.9
],
[
0.1,
0.4
]
]
],
"line_pt_pairs": [
[
[
348.19327418863594,
-183.54813116697136,
0.8824380326595959
],
[
348.61505943168095,
-183.56289393522974,
0.0
]
],
[
[
347.60616481082053,
-183.5826934770291,
1.3853602730513033
],
[
348.3162843602287,
-183.58609155578822,
0.7155995399368579
]
],
[
[
347.0306391179913,
-183.5632433850011,
1.884384070617714
],
[
347.7436494459933,
-183.56664626084086,
1.211903282897916
]
],
[
[
346.3041194388579,
-183.63433777177306,
2.1275609431673037
],
[
347.19828130312845,
-183.51662713307923,
1.7627216943195747
]
],
[
[
345.56979076084576,
-183.58486656591054,
2.210776668332147
],
[
346.5253123047843,
-183.5889320569177,
2.086098712225879
]
],
[
[
344.9679165489283,
-183.7266842647721,
1.724805788515623
],
[
345.7635177305951,
-183.60744010240953,
2.2637149295858383
]
],
[
[
344.43211929216926,
-183.73818246363305,
1.1791734606685034
],
[
345.1235712793847,
-183.67178857458248,
1.866677169586641
]
],
[
[
343.90857799612536,
-183.76604105514474,
0.6208502787613093
],
[
344.5996076760747,
-183.69958381136263,
1.308052173984331
]
],
[
[
343.615059450736,
-183.56289393522974,
0.0
],
[
344.10231004275414,
-183.80356127146672,
0.8096641557697725
]
],
[
[
343.5492611721819,
-184.02865474518975,
1.3179069414619962
],
[
343.16114159220217,
-184.11266873012306,
0.354794614065217
]
],
[
[
344.1737361879717,
-184.01276550645542,
1.8696888751544312
],
[
343.3995216640901,
-184.0842726463326,
1.1015934823921079
]
],
[
[
344.8357906718171,
-183.9661444780869,
2.4788126641770365
],
[
343.99640515144677,
-184.04382053190855,
1.6461420702568383
]
],
[
[
345.7707242660206,
-183.9459588732695,
3.031141393836441
],
[
344.6007027794322,
-184.01980815819627,
2.298106213056087
]
],
[
[
346.84159537181154,
-183.9459582769968,
2.7362712432112333
],
[
345.35613539341944,
-184.00423921503656,
2.892573767037144
]
],
[
[
347.7654122488382,
-183.9666996785909,
2.225707555079925
],
[
346.52422741514556,
-183.99150078880515,
2.8291579641382425
]
],
[
[
348.351756596184,
-183.93725843772629,
1.6048956641878305
],
[
347.4964741124044,
-183.9329385158045,
2.4117331022078883
]
],
[
[
348.8895964128905,
-183.93967342353594,
1.0480107849604028
],
[
348.0961106691948,
-183.9356770792623,
1.7965515578101354
]
],
[
[
349.15532291137464,
-183.98886566673153,
0.3832814445642018
],
[
348.7202798155998,
-183.97235930946522,
1.295357965650045
]
],
[
[
348.6786421260869,
-183.27757028583136,
1.3248431479712295
],
[
349.1351178497234,
-183.2947935945042,
0.3710685920447573
]
],
[
[
348.0462118099548,
-183.24082628775778,
1.8343307807438973
],
[
348.843584384847,
-183.24483937617896,
1.0824243338381014
]
],
[
[
347.4110893175921,
-183.22519964913192,
2.3868337593215054
],
[
348.26943509809456,
-183.2295082141996,
1.5774362220880773
]
],
[
[
346.4272919883959,
-183.21250265203378,
2.7998082675069367
],
[
347.67326097604547,
-183.18640628079797,
2.212225825360231
]
],
[
[
345.3197429801601,
-183.2208200915768,
2.924695706645405
],
[
346.7660201593878,
-183.16615512573293,
2.699007301160336
]
],
[
[
344.55446542603636,
-183.24460153970008,
2.1756814377648426
],
[
345.6406655757232,
-183.16846776822774,
2.9911481732253717
]
],
[
[
343.9416633138663,
-183.2685171449662,
1.5310689914435502
],
[
344.7801513921498,
-183.19051222332686,
2.367734000260577
]
],
[
[
343.3839718234224,
-183.31301586919471,
0.9255671313005713
],
[
344.15884469031454,
-183.240779845881,
1.6988128498098387
]
],
[
[
342.84242674328897,
-183.35500270131595,
0.33658872836350195
],
[
343.59080911450656,
-183.28509311976978,
1.0834630543571941
]
],
[
[
348.994389727974,
-183.25346710142045,
0.6648051026347448
],
[
349.20974047308454,
-183.26159166862956,
0.2149242414455868
]
],
[
[
349.046379579618,
-183.94814969722202,
0.6453252173687485
],
[
349.17355256019647,
-183.9573427192705,
0.11707295721788306
]
],
[
[
342.83617790369766,
-183.30414859511848,
0.4841347894771491
],
[
343.14327619175646,
-183.33084005007504,
0.23201103416429705
]
],
[
[
343.19854015530206,
-184.08934646714252,
0.5479794794721998
],
[
343.0510460956882,
-184.0540513350845,
0.057210845357387484
]
],
[
[
348.2675398328122,
-183.71428609303692,
0.2922891278599882
],
[
349.309917281173,
-183.11722482681435,
0.38290237408394967
]
],
[
[
349.22274581579313,
-183.00656754289827,
0.3056295220469942
],
[
349.1564957247502,
-184.17946367896838,
0.2854040495571017
]
],
[
[
349.30776686834946,
-184.0135582306503,
0.21130147950884803
],
[
348.28877907289234,
-183.34222089517664,
0.09796677124037997
]
],
[
[
343.9142917573,
-183.75789906358247,
0.26145602632110887
],
[
342.8638666925931,
-183.19014075965205,
0.3491019723349584
]
],
[
[
343.0754575899943,
-183.0938405882657,
0.24147942818187412
],
[
343.0684907947485,
-184.2794579018468,
0.2452208897004787
]
],
[
[
342.98652124690494,
-184.18619369869157,
0.11798146728334587
],
[
343.8861207746661,
-183.34562808622567,
0.10660803706266557
]
],
[
[
346.4247552392551,
-183.72838450740943,
1.9534189534892494
],
[
346.73644454420406,
-183.08867812979173,
2.9402636351943063
]
],
[
[
346.67841091759067,
-183.0121130012026,
2.823142415237388
],
[
346.5209859956515,
-184.21474703737914,
2.7046199460734948
]
],
[
[
346.5915977501767,
-184.21135094396536,
2.8010496190977467
],
[
346.4739220989243,
-183.1833390649771,
2.1457991591196337
]
],
[
[
347.14603586038373,
-183.67291463128726,
1.6026700152945768
],
[
347.7788233659194,
-183.1012218745042,
2.462544297471749
]
],
[
[
347.6742163022946,
-182.96221751806215,
2.360607745537998
],
[
347.5333896230679,
-184.14932552739663,
2.274996916621868
]
],
[
[
347.64418486049084,
-183.89877533243512,
2.597648136768274
],
[
347.3124187711429,
-183.29979079641942,
1.6176795613584847
]
],
[
[
347.6891629678022,
-183.69164004429263,
1.137386247739301
],
[
348.3200029968485,
-183.1165169549366,
1.994729141472504
]
],
[
[
348.27117673191015,
-182.9611069055137,
1.8463923478300834
],
[
348.16589007797194,
-184.1472081718564,
1.8048880805033887
]
],
[
[
348.4049287174223,
-183.8476048253462,
1.9637533923902433
],
[
347.6245868223685,
-183.31735721895956,
1.2127190305203155
]
],
[
[
348.24118266355146,
-183.6345767986576,
0.5507551363208286
],
[
348.89510561650917,
-183.21507687641133,
1.4268694611179868
]
],
[
[
348.5840806127498,
-183.0581743020973,
1.0899048366836281
],
[
348.73139474571997,
-184.23817140649808,
1.2137737591062225
]
],
[
[
348.81179444186773,
-184.22606719049844,
1.2442908458259536
],
[
348.3463459501527,
-183.24149258946753,
0.7934410632910845
]
],
[
[
348.3084694903975,
-183.4341038532682,
-0.009748558635178617
],
[
349.2877903975022,
-183.29607411548835,
0.6916530049481521
]
],
[
[
349.15950036224166,
-183.01134150768067,
0.5510870235151063
],
[
349.1139711109288,
-184.18126291056495,
0.5351447913151025
]
],
[
[
349.3997831980388,
-183.74552845725773,
0.6916441801179225
],
[
348.4722276573211,
-183.87588913640766,
0.020583052799349643
]
],
[
[
345.8300553475039,
-183.629966476656,
1.9910246982319781
],
[
345.7184703139366,
-183.14121009862367,
3.091662668314564
]
],
[
[
345.7385702405383,
-182.994375541461,
2.7079116837204418
],
[
345.64340779979665,
-184.14328006762418,
2.9588795795777094
]
],
[
[
345.55622296368466,
-183.89715064340848,
3.075909096103905
],
[
345.933981797485,
-183.27250193620426,
2.1295020889486773
]
],
[
[
345.26830304164054,
-183.8038241792689,
1.8214405958607942
],
[
344.5301027198132,
-183.08606488622922,
2.481339703785976
]
],
[
[
344.6016842950059,
-182.978513880606,
2.3692218838118677
],
[
344.710396021334,
-184.16779444719174,
2.271072216775149
]
],
[
[
344.50266888445816,
-183.95011058603117,
2.5413647284286798
],
[
345.1461559823933,
-183.35962565963166,
1.8483670630046027
]
],
[
[
344.62218770658274,
-183.84889300773548,
1.2334253828586397
],
[
343.9066871152335,
-183.0906556639532,
1.8676426605327279
]
],
[
[
343.98132133453754,
-182.99275131449014,
1.7494460435853294
],
[
344.00580313433943,
-184.19804887991302,
1.7505106426039245
]
],
[
[
343.8271262702695,
-183.89247450473394,
1.9860622058546489
],
[
344.55839087182045,
-183.4208150132389,
1.1984373773148116
]
],
[
[
344.11537460058895,
-183.9362323584969,
0.5895566112470756
],
[
343.3918997292916,
-183.17787709815545,
1.2313063090235887
]
],
[
[
343.4447447061111,
-183.02792170638884,
1.1308150320840193
],
[
343.5114828886883,
-184.22315394612437,
1.0982866667316393
]
],
[
[
343.26211960115205,
-183.78056381779,
1.2482008911131637
],
[
344.1933424375526,
-183.859654034674,
0.4849812024835097
]
],
[
[
343.8831968715366,
-183.4310469697501,
-0.012167501154886224
],
[
342.9504804352822,
-183.35057143391094,
0.7534391397034367
]
],
[
[
343.23492004460513,
-183.06847867576383,
0.5688286550409506
],
[
343.2093753329021,
-184.25231053463756,
0.5809524245288816
]
],
[
[
342.9357517864093,
-183.78927684208398,
0.7619194869842472
],
[
343.82088283319223,
-183.8656041108411,
0.03649037618640583
]
]
],
"contact_t_pairs": [
[
0.6568328404815977,
0.21067417582691944
],
[
0.8623478672530415,
0.7185123776598004
],
[
0.8625946264687343,
0.13894444407869372
],
[
0.10821930192756146,
0.892068496508764
],
[
0.26641510904344995,
0.11770154242421611
],
[
0.3760329156211416,
0.7579140014743659
],
[
0.11063026544252771,
0.8867653873326944
],
[
0.21863145629204173,
0.1331295160525311
],
[
0.3530268237203827,
0.6659798462154365
],
[
0.10828105336650343,
0.8898915222543161
],
[
0.26514877239632917,
0.13480399518016767
],
[
0.36616171487771887,
0.7105934616487417
],
[
0.11563506013538292,
0.8790230463429769
],
[
0.16856243277399652,
0.13065085602173973
],
[
0.3792274600166497,
0.7078619128717356
],
[
0.10951885408868843,
0.8889528324893397
],
[
0.2558819474817715,
0.15727161068329978
],
[
0.3728358874765289,
0.7047780074552041
],
[
0.11019170712517397,
0.8885102664331402
],
[
0.2826939598115102,
0.11503343661703416
],
[
0.3838893983799559,
0.7101820181289569
],
[
0.10702998036082743,
0.8902832533013613
],
[
0.1678611247826308,
0.12365002225916503
],
[
0.3735616059326695,
0.6869299475076475
],
[
0.1703257150718117,
0.8875719295010315
],
[
0.11360962056297723,
0.19716535846810632
],
[
0.11934763290728209,
0.7991782387922735
],
[
0.8840307416090571,
0.14550675667093946
],
[
0.780776628747247,
0.8657596630794441
],
[
0.6280046243450106,
0.29408914128364266
],
[
0.1217932057744801,
0.867199121012004
],
[
0.20884468154095806,
0.8500866269076901
],
[
0.643675320324186,
0.21770200333607526
],
[
0.11691868100601704,
0.8675204001310466
],
[
0.1886713501811675,
0.8578775389225665
],
[
0.6419754721776507,
0.268215065909212
],
[
0.11743043714690728,
0.8829309402311747
],
[
0.19988319680232317,
0.8398044344521151
],
[
0.6648551147278352,
0.3069672435112856
],
[
0.2143634537378109,
0.8887121557185989
],
[
0.11224319983155293,
0.84245084281821
],
[
0.6619230554622818,
0.22751745982883304
],
[
0.11310678010484848,
0.8783796727627754
],
[
0.19014216665905098,
0.7823743644280216
],
[
0.8733860627344296,
0.14157305154415978
],
[
0.113023535754386,
0.8515333751359294
],
[
0.15679707948925017,
0.8459126240949459
],
[
0.647650778976778,
0.2850487248828229
],
[
0.12518597275826063,
0.8438978535646343
],
[
0.22452576479968225,
0.8247861854274573
],
[
0.6448692150923665,
0.22699568721565366
],
[
0.12055139785239215,
0.8288712581769123
],
[
0.21480369329117835,
0.7511895904250377
],
[
0.8533164270572859,
0.16406070772481895
],
[
0.7635778030593204,
0.15298815874637134
],
[
0.8349330798165956,
0.770646447896134
],
[
0.8353140864711457,
0.2631656677834157
],
[
0.16263799301957005,
0.8852618915627148
],
[
0.1136167093334226,
0.7673528255097798
],
[
0.6280204653466179,
0.2662818785822649
],
[
0.17947168250671203,
0.8797173137095455
],
[
0.11351557799433735,
0.7280522886096346
],
[
0.8407035172743919,
0.20987523369960578
],
[
0.11912075365712677,
0.8702934674285359
],
[
0.212922358019784,
0.726079649368743
],
[
0.8384671412086393,
0.19317001955080948
],
[
0.11640764047543795,
0.8649324316100176
],
[
0.1826665917420207,
0.7661799299825384
],
[
0.8561551353116988,
0.13709632218402848
],
[
0.13295611818718361,
0.8801419419226671
],
[
0.2884651028862291,
0.8026377378741539
],
[
0.7120978232007722,
0.24856264713221024
],
[
0.11114148456999981,
0.8748007963245953
],
[
0.154539826379648,
0.7554216086330221
],
[
0.8432910163727859,
0.18499125316781342
],
[
0.11429967584577383,
0.8744171175197798
],
[
0.19068737879642542,
0.7479775042051393
],
[
0.8559849425070538,
0.1722536689673679
],
[
0.11572116281435131,
0.8751749716637277
],
[
0.21119892586421454,
0.8046950506842054
],
[
0.874449041448808,
0.20564919724081518
],
[
0.6448762928205438,
0.8143959542093313
],
[
0.8427612756477009,
0.21813169990381742
],
[
0.690064658343792,
0.8099997111936432
],
[
0.8574535414243397,
0.13050324994858795
],
[
0.6663255434373031,
0.8161211053997275
],
[
0.8491154772804521,
0.19645949280501185
],
[
0.6394292325167148,
0.8204179861540448
],
[
0.8606879296429418,
0.12097028180089256
],
[
0.6568328404815977,
0.21067417582691944
],
[
0.8623478672530415,
0.7185123776598004
],
[
0.8625946264687343,
0.13894444407869372
],
[
0.33752155637641484,
0.1445515926240547
],
[
0.11175422731150404,
0.736198868778726
],
[
0.8874422285700154,
0.12504687654866048
],
[
0.10828105336650334,
0.8898915222543161
],
[
0.26514877239632917,
0.13480399518016767
],
[
0.36616171487771887,
0.7105934616487417
],
[
0.21265117045117096,
0.13003409961174878
],
[
0.15238336368027863,
0.8346576431454795
],
[
0.6571068980253647,
0.2685034390495947
],
[
0.10710925941224204,
0.2820114278166756
],
[
0.3689142686566252,
0.8200425250967798
],
[
0.7265690715649931,
0.2570502819521542
]
],
"half_couplers": [
{
"pose": [
[
-0.7718946701633018,
-0.46716892811303795,
0.43119811082517867,
348.4703165878984
],
[
-0.5238761912429757,
0.8516607042777371,
-0.01509241656932131,
-183.5578278379799
],
[
-0.36018377867727613,
-0.23754417988000454,
-0.9021310371464311,
0.3028237531188006
],
[
0.0,
0.0,
0.0,
1.0
]
],
"at_element": 0,
"to_element": 31
},
{
"pose": [
[
-0.18179246702909935,
0.467169651169305,
0.86527684353496,
348.4871418426461
],
[
0.17040277371986665,
-0.8516599749208082,
0.4956189885652731,
-183.5885007028573
],
[
0.9684598048654625,
0.23754537281167618,
0.07521836355380229,
0.311378998827223
],
[
0.0,
0.0,
0.0,
1.0
]
],
"at_element": 31,
"to_element": 0
},
{
"pose": [
[
0.7396075252193811,
-0.5167679114313796,
0.43119790624922166,
348.5569997934146
],
[
-0.5667571599685265,
-0.8237466418111188,
-0.015092770763353802,
-183.56086180869374
],
[
0.3629972868538727,
-0.2332217738971962,
-0.9021311290034133,
0.12146947721262362
],
[
0.0,
0.0,
0.0,
1.0
]
],
"at_element": 0,
"to_element": 33
},
{
"pose": [
[
-0.20393913901724314,
0.5167678431278966,
-0.8314805012060399,
348.57561152462927
],
[
-0.14612856365012644,
0.8237467787035627,
0.5478025989907811,
-183.53119404552731
],
[
0.9680161519636211,
0.23322144173391385,
-0.09247966616017878,
0.12986908879949122
],
[
0.0,
0.0,
0.0,
1.0
]
],
"at_element": 33,
"to_element": 0
},
{
"pose": [
[
-0.3427357677350835,
-0.4372325766928502,
-0.8314805273688457,
348.42879347155093
],
[
-0.6368157548880666,
-0.5425661865480502,
0.5478025442995389,
-183.4344662525229
],
[
-0.6906503368864629,
0.7172514252988538,
-0.09247975489466942,
0.11353956916406585
],
[
0.0,
0.0,
0.0,
1.0
]
],
"at_element": 33,
"to_element": 49
},
{
"pose": [
[
0.3955217728773124,
0.4372326808477737,
0.8077066979904627,
348.4445406894098
],
[
-0.8322633222760902,
0.542565971506483,
0.11384168374190023,
-183.41492538808603
],
[
-0.38845886471279345,
-0.7172515244751279,
0.5784893785231953,
0.08770729169283381
],
[
0.0,
0.0,
0.0,
1.0
]
],
"at_element": 49,
"to_element": 33
},
{
"pose": [
[
-0.9020354305113445,
-0.020007840301918316,
0.43119806171719605,
348.2389194932016
],
[
-0.02938312827869386,
0.9994542806500541,
-0.01509213910751495,
-183.5497287834468
],
[
-0.43066078748218034,
-0.026283592158144863,
-0.9021310652607488,
0.7869412047708437
],
[
0.0,
0.0,
0.0,
1.0
]
],
"at_element": 0,
"to_element": 1
},
{
"pose": [
[
0.6858447708184601,
0.02000774115072235,
0.7274727765593841,
348.2396400896025
],
[
0.03284860154363299,
-0.999454277645021,
-0.0034808438197129025,
-183.58572479603876
],
[
0.727006134580446,
0.026283781902825414,
-0.6861277163118273,
0.7878878228412924
],
[
0.0,
0.0,
0.0,
1.0
]
],
"at_element": 1,
"to_element": 0
},
{
"pose": [
[
-0.8327599651702562,
-0.3472453385899887,
0.4311977681263651,
348.3056441501547
],
[
-0.39146541153146414,
0.9200690767389659,
-0.015090579949371422,
-183.5520641914867
],
[
-0.39149159886788865,
-0.18136584258407384,
-0.9021312316728833,
0.6473432079645022
],
[
0.0,
0.0,
0.0,
1.0
]
],
"at_element": 0,
"to_element": 46
},
{
"pose": [
[
-0.7533650989747138,
0.3472458946753043,
0.5584454461072872,
348.3181504037412
],
[
-0.15852542091879795,
-0.920069087161677,
0.35824930672926125,
-183.58520101076238
],
[
0.6382089928615371,
0.1813647250173689,
0.7481952405288586,
0.6538751436894048
],
[
0.0,
0.0,
0.0,
1.0
]
],
"at_element": 46,
"to_element": 0
},
{
"pose": [
[
0.28523903764490477,
0.7789594547722686,
0.5584450368875156,
348.4870792181437
],
[
-0.9298695447553008,
0.08366611537680246,
0.35824936967749876,
-183.47683101979248
],
[
0.2323388067886597,
-0.6214677376651547,
0.7481955158254935,
0.8802029602917518
],
[
0.0,
0.0,
0.0,
1.0
]
],
"at_element": 46,
"to_element": 48
},
{
"pose": [
[
-0.4871196246204801,
-0.778959438482217,
-0.39488816709173746,
348.45902451303175
],
[
-0.5433649283289467,
-0.0836668234999487,
0.8353169561953758,
-183.4798443148811
],
[
-0.6837170657309071,
0.6214676627507644,
-0.38250348780556354,
0.9025854830811033
],
[
0.0,
0.0,
0.0,
1.0
]
],
"at_element": 48,
"to_element": 46
},
{
"pose": [
[
0.3224483670001139,
0.6056495823149823,
0.7274720847294742,
347.68472552506745
],
[
0.884416776566769,
-0.4666849674882887,
-0.0034794320945488177,
-183.58306940738422
],
[
0.3373929696158555,
0.6445104534157241,
-0.6861284569901265,
1.3112644653638703
],
[
0.0,
0.0,
0.0,
1.0
]
],
"at_element": 1,
"to_element": 2
},
{
"pose": [
[
-0.3224408511357175,
-0.6056496041602686,
0.7274753978653743,
347.6629119976742
],
[
-0.8844168050579309,
0.4666849817458282,
-0.0034702656984904046,
-183.5662609375132
],
[
-0.33740007772671965,
-0.6445104225638296,
-0.686124990622407,
1.288051384421572
],
[
0.0,
0.0,
0.0,
1.0
]
],
"at_element": 2,
"to_element": 1
},
{
"pose": [
[
-0.6039512815991817,
-0.32561630623128945,
0.7274729345968808,
347.7614192820491
],
[
-0.4778084762915674,
0.8784571335742238,
-0.003482019024780153,
-183.5834364039368
],
[
-0.6379199867057287,
-0.3496957042756593,
-0.6861275427881568,
1.2389295086032666
],
[
0.0,
0.0,
0.0,
1.0
]
],
"at_element": 1,
"to_element": 43
},
{
"pose": [
[
-0.7887333359227573,
0.3256158285959946,
0.5214154360698416,
347.7731463955757
],
[
-0.048403871711387575,
-0.8784570457864216,
0.47536331780180585,
-183.61507418573603
],
[
0.6128268842075278,
0.3496963695492662,
0.7086294229825321,
1.251523892273079
],
[
0.0,
0.0,
0.0,
1.0
]
],
"at_element": 43,
"to_element": 1
},
{
"pose": [
[
0.42593441725597603,
0.7393954334482449,
0.5214156357386053,
347.9118664195321
],
[
-0.8645898690742764,
0.16283125140216437,
0.4753633787545384,
-183.48860616680903
],
[
0.266578751011662,
-0.6532842999511674,
0.7086292351761783,
1.4400512863531754
],
[
0.0,
0.0,
0.0,
1.0
]
],
"at_element": 43,
"to_element": 45
},
{
"pose": [
[
-0.18584787472218856,
-0.7393949649324054,
-0.6471133233784121,
347.8852367421589
],
[
-0.8832521033773657,
-0.16283133835379204,
0.439717724374823,
-183.4944706059887
],
[
-0.4304953999065561,
0.6532848085502376,
-0.6228102998319591,
1.4635796435696002
],
[
0.0,
0.0,
0.0,
1.0
]
],
"at_element": 45,
"to_element": 43
},
{
"pose": [
[
0.6490110026595846,
0.2226280425056375,
0.7274760979694856,
347.10784462736854
],
[
0.32794574149521494,
-0.9446901794573939,
-0.0034720990640124544,
-183.56361185198153
],
[
0.6864665389237514,
0.2408261188635168,
-0.6861242390494455,
1.8115671425546782
],
[
0.0,
0.0,
0.0,
1.0
]
],
"at_element": 2,
"to_element": 3
},
{
"pose": [
[
-0.3251312115376166,
-0.22262619582593499,
0.9190904592128861,
347.0998265013954
],
[
-0.30482735408273226,
0.9446908685814204,
0.12099358256453971,
-183.52958807232028
],
[
-0.8951927052244126,
-0.24082512275706194,
-0.37501104085352455,
1.802893588632077
],
[
0.0,
0.0,
0.0,
1.0
]
],
"at_element": 3,
"to_element": 2
},
{
"pose": [
[
-0.6051674300966585,
-0.3233418610552553,
0.72747675044604,
347.21969293116695
],
[
-0.474497289371296,
0.8802501013086468,
-0.0034758488761220396,
-183.56414565335263
],
[
-0.6392375958354597,
-0.3472892166990518,
-0.686123528262266,
1.706076615293693
],
[
0.0,
0.0,
0.0,
1.0
]
],
"at_element": 2,
"to_element": 40
},
{
"pose": [
[
-0.7889437462566808,
0.3233398424739544,
0.5225123075214518,
347.23133814423005
],
[
-0.04811479311575459,
-0.880249604396051,
0.47206525040933056,
-183.59584816365737
],
[
0.6125787556926064,
0.3472923555587052,
0.7100248501598967,
1.7185845038847385
],
[
0.0,
0.0,
0.0,
1.0
]
],
"at_element": 40,
"to_element": 2
},
{
"pose": [
[
-0.02435197265024569,
-0.8522844034624832,
0.5225115090049602,
347.37773841856387
],
[
0.8406676128641639,
0.26539011963938886,
0.47206572538054387,
-183.46358263108038
],
[
-0.5410036470388254,
0.4507542346028374,
0.71002512200506,
1.9175230570358175
],
[
0.0,
0.0,
0.0,
1.0
]
],
"at_element": 40,
"to_element": 42
},
{
"pose": [
[
0.44339088121117676,
0.8522850039709772,
-0.2775154022121434,
347.4084340466034
],
[
0.8237286953063111,
-0.265390117915818,
0.5010380443056104,
-183.47314083751365
],
[
0.3533773662640814,
-0.4507531001766042,
-0.8197231725975798,
1.901288874460846
],
[
0.0,
0.0,
0.0,
1.0
]
],
"at_element": 42,
"to_element": 40
},
{
"pose": [
[
0.38928139465006817,
-0.06109205162031739,
0.9190907229474783,
346.4075158998036
],
[
-0.42634232718962994,
-0.8964336433591289,
0.12099150011636489,
-183.6207262949891
],
[
0.8165122263786553,
-0.43894701762592975,
-0.37501106635867854,
2.0853727346870485
],
[
0.0,
0.0,
0.0,
1.0
]
],
"at_element": 3,
"to_element": 4
},
{
"pose": [
[
-0.11413169297760617,
0.06109032817779142,
0.9915855628543585,
346.40971621924496
],
[
0.4431550471264086,
0.8964350436192793,
-0.004220992500756499,
-183.58844022620053
],
[
-0.8891499091067016,
0.4389443978164326,
-0.12938413643531943,
2.1011818715437993
],
[
0.0,
0.0,
0.0,
1.0
]
],
"at_element": 4,
"to_element": 3
},
{
"pose": [
[
-0.26088159180690096,
-0.29531882628557077,
0.9190906298606303,
346.45484153799305
],
[
-0.5264096925896051,
0.8415780451116496,
0.12099268380266531,
-183.61449618015143
],
[
-0.8092179129282882,
-0.45225345197949257,
-0.37501091259937747,
2.066062751810093
],
[
0.0,
0.0,
0.0,
1.0
]
],
"at_element": 3,
"to_element": 37
},
{
"pose": [
[
-0.9204098703509671,
0.2953196822428232,
0.25618734519978537,
346.4654777137595
],
[
-0.12367662213817164,
-0.8415755463566059,
0.5257895899607297,
-183.6448063215711
],
[
0.3708770196399447,
0.4522575428387881,
0.8111185802633385,
2.082351055914516
],
[
0.0,
0.0,
0.0,
1.0
]
],
"at_element": 37,
"to_element": 3
},
{
"pose": [
[
0.09167718151801652,
0.9622709217465235,
0.25618346463034763,
346.54295638268525
],
[
-0.8485558766800132,
-0.05913682557266231,
0.5257906047211214,
-183.48579028266903
],
[
0.5211028867131007,
-0.26558898512981366,
0.8111191481138815,
2.3276575555631975
],
[
0.0,
0.0,
0.0,
1.0
]
],
"at_element": 37,
"to_element": 39
},
{
"pose": [
[
-0.25456188392288537,
-0.962271662229207,
-0.09608067091913203,
346.50829963858274
],
[
-0.5403418548773987,
0.0591347342740256,
0.8393650952178038,
-183.48366048884986
],
[
-0.8020155404487395,
0.2655867678800648,
-0.5350091042269627,
2.3372227750875547
],
[
0.0,
0.0,
0.0,
1.0
]
],
"at_element": 39,
"to_element": 37
},
{
"pose": [
[
-0.12785543978363845,
-0.020271177538410262,
0.9915856321462807,
345.674438385395
],
[
-0.18842407331596253,
0.9820786992910145,
-0.004218648348668891,
-183.58531181382696
],
[
-0.9737296108842298,
-0.18737798099049738,
-0.12938368184269455,
2.197122081449269
],
[
0.0,
0.0,
0.0,
1.0
]
],
"at_element": 4,
"to_element": 5
},
{
"pose": [
[
-0.5696472804583956,
0.020271301543875887,
0.8216392457764367,
345.6751684729029
],
[
0.14267510613009318,
-0.9820787152625929,
0.12314711169549217,
-183.62068182888208
],
[
0.8094107671368852,
0.18737788386544615,
0.5565462592462431,
2.2038705959243883
],
[
0.0,
0.0,
0.0,
1.0
]
],
"at_element": 5,
"to_element": 4
},
{
"pose": [
[
0.11958777388549557,
0.04956681241534522,
0.9915855462057187,
345.81429147436955
],
[
0.41251841586264393,
-0.9109395085041687,
-0.004215260414016403,
-183.58590685166695
],
[
0.9030655130782518,
0.4095513923223375,
-0.12938445090329997,
2.1788738301156285
],
[
0.0,
0.0,
0.0,
1.0
]
],
"at_element": 4,
"to_element": 52
},
{
"pose": [
[
0.9945001373747852,
-0.04957017162604867,
-0.09226199025870598,
345.81250618954664
],
[
0.0828964293728547,
0.9109416383476299,
0.40412066703123106,
-183.55309897385112
],
[
0.06401295774110731,
-0.40954624843782894,
0.9100407747083288,
2.164123804566064
],
[
0.0,
0.0,
0.0,
1.0
]
],
"at_element": 52,
"to_element": 4
},
{
"pose": [
[
0.31612544194345304,
-0.9442206880160942,
-0.09226048600820613,
345.78845244248475
],
[
0.8785455993501581,
0.25465082903101455,
0.4041170438577029,
-183.4477405586925
],
[
-0.35808146394155627,
-0.2088067230628145,
0.9100425361406141,
2.401382032598084
],
[
0.0,
0.0,
0.0,
1.0
]
],
"at_element": 52,
"to_element": 54
},
{
"pose": [
[
0.09251144184035476,
0.9442202751970377,
0.3160533262527855,
345.82245908186906
],
[
0.8136463214077061,
-0.25465191849103874,
0.5226203823699778,
-183.45691197218565
],
[
0.5739523471407072,
0.20880726116604406,
-0.7918195696596602,
2.4089022513594003
],
[
0.0,
0.0,
0.0,
1.0
]
],
"at_element": 54,
"to_element": 52
},
{
"pose": [
[
-0.5108981091025735,
0.2527691369989705,
0.8216391455476124,
345.055585201327
],
[
-0.2738724479733602,
-0.9538493533350272,
0.12314744570403979,
-183.71354454695665
],
[
0.8148478412295721,
-0.16210852699085876,
0.5565463333095997,
1.7841891067555111
],
[
0.0,
0.0,
0.0,
1.0
]
],
"at_element": 5,
"to_element": 6
},
{
"pose": [
[
0.6599732948978876,
-0.25276985526733003,
0.7074903888320739,
345.04648148155576
],
[
0.2925002312422667,
0.9538494139528797,
0.06793313054002764,
-183.6791908115832
],
[
-0.692010740339228,
0.16210705033983244,
0.7034503816796693,
1.79002756425313
],
[
0.0,
0.0,
0.0,
1.0
]
],
"at_element": 6,
"to_element": 5
},
{
"pose": [
[
0.5061274549351946,
0.26219058385467975,
0.8216392743161469,
345.1928281974044
],
[
-0.6067310623619935,
0.7853103039176945,
0.12314684131468837,
-183.69297466032944
],
[
-0.6129538459997697,
-0.5608420671620847,
0.5565462769397082,
1.8771521475833821
],
[
0.0,
0.0,
0.0,
1.0
]
],
"at_element": 5,
"to_element": 55
},
{
"pose": [
[
-0.7529194265726304,
-0.26219241933181925,
-0.6036285880692435,
345.18338532170895
],
[
-0.19706336891722895,
-0.7853060737819126,
0.586907487694806,
-183.72125786112673
],
[
-0.6279158906418384,
0.5608471322260321,
0.5396036772977948,
1.897351058065943
],
[
0.0,
0.0,
0.0,
1.0
]
],
"at_element": 55,
"to_element": 5
},
{
"pose": [
[
-0.37942577683303114,
0.7011923741506564,
-0.6036268170878568,
344.98491576421037
],
[
-0.8067291153933617,
0.06871489722418866,
0.5869125976464582,
-183.52828399608228
],
[
0.45301679246060533,
0.7096530964720968,
0.5396001004598403,
2.074768867393662
],
[
0.0,
0.0,
0.0,
1.0
]
],
"at_element": 55,
"to_element": 57
},
{
"pose": [
[
0.4185678109406965,
-0.7011935793010173,
0.5771728960990293,
344.95966185030966
],
[
-0.8454386323694245,
-0.06871613770611495,
0.5296334688405473,
-183.53075880932602
],
[
-0.33171449552533905,
-0.7096517855721789,
-0.6215785040464219,
2.049210247839153
],
[
0.0,
0.0,
0.0,
1.0
]
],
"at_element": 57,
"to_element": 55
},
{
"pose": [
[
-0.5096778425304953,
-0.4895812569167729,
0.7074875897916885,
344.5061253847814
],
[
0.7385772383091361,
-0.6707383755523895,
0.06792418282902757,
-183.7310763269919
],
[
0.44128466989587245,
0.557153681166278,
0.7034540608154568,
1.2527569691320077
],
[
0.0,
0.0,
0.0,
1.0
]
],
"at_element": 6,
"to_element": 7
},
{
"pose": [
[
0.5097701688666445,
0.4895802499125947,
0.707421765165021,
344.52379014771844
],
[
-0.7385688641139005,
0.670737651674506,
0.06802231683551929,
-183.70687528394495
],
[
-0.4411920306342529,
-0.5571554374873231,
0.7035107750298741,
1.2326546177153221
],
[
0.0,
0.0,
0.0,
1.0
]
],
"at_element": 7,
"to_element": 6
},
{
"pose": [
[
0.5813937630797104,
0.40179496519124197,
0.7074899986565057,
344.54818720047643
],
[
-0.6218456521267797,
0.7801878943387915,
0.06793257288092958,
-183.72703751073834
],
[
-0.524680166561529,
-0.47944515377065955,
0.70345082794947,
1.2945786065397322
],
[
0.0,
0.0,
0.0,
1.0
]
],
"at_element": 6,
"to_element": 58
},
{
"pose": [
[
-0.7033948985636354,
-0.4017969155257445,
-0.5863402214999841,
344.53371604253596
],
[
-0.07229309709732859,
-0.7801852982599207,
0.6213570700419802,
-183.75513694329908
],
[
-0.7071133747757349,
0.47944774381894395,
0.5197312153028673,
1.3118463633601878
],
[
0.0,
0.0,
0.0,
1.0
]
],
"at_element": 58,
"to_element": 6
},
{
"pose": [
[
-0.39604793168117713,
0.7066481118495351,
-0.5863399029833708,
344.35490415663253
],
[
-0.7795675243363389,
0.07865559966305602,
0.6213596153933378,
-183.56564464791404
],
[
0.4852015156727906,
0.7031797370950987,
0.5197285315697944,
1.4703446076168178
],
[
0.0,
0.0,
0.0,
1.0
]
],
"at_element": 58,
"to_element": 60
},
{
"pose": [
[
0.335361172126333,
-0.7066466716474373,
0.6230436306388589,
344.3294538246271
],
[
-0.9123179264414598,
-0.07865500778439083,
0.4018574260157356,
-183.56847747499975
],
[
-0.23496571095291127,
-0.7031812506033109,
-0.6710642618083282,
1.4450191237300585
],
[
0.0,
0.0,
0.0,
1.0
]
],
"at_element": 60,
"to_element": 58
},
{
"pose": [
[
0.38908237022758474,
-0.5900546162703716,
0.7074252320889532,
344.02627812049855
],
[
0.7934771073363299,
0.6047855300093516,
0.0680333949210093,
-183.75472167757587
],
[
-0.4679839626645931,
0.5348551322641788,
0.7035062175840471,
0.7378984329638747
],
[
0.0,
0.0,
0.0,
1.0
]
],
"at_element": 7,
"to_element": 8
},
{
"pose": [
[
-0.634162727027527,
0.5900537486908314,
0.49967410309611504,
344.04752939884406
],
[
-0.7571815692148646,
-0.6047847521658405,
-0.24680250158581782,
-183.7765035072215
],
[
0.15656853735768606,
-0.5348569689212243,
0.830309771052994,
0.7186351769844006
],
[
0.0,
0.0,
0.0,
1.0
]
],
"at_element": 8,
"to_element": 7
},
{
"pose": [
[
0.5836721014645396,
0.398592910177838,
0.7074253104942813,
343.98708561586216
],
[
-0.6175657931813154,
0.7835710947735333,
0.06803550931490965,
-183.758490872895
],
[
-0.5271995533612494,
-0.4765921016879827,
0.7035059342637635,
0.6989230253277556
],
[
0.0,
0.0,
0.0,
1.0
]
],
"at_element": 7,
"to_element": 61
},
{
"pose": [
[
-0.7032596998028153,
-0.3985921581004413,
-0.5886850483357688,
343.97273041824695
],
[
-0.07242417805962154,
-0.7835706837390086,
0.6170670320290743,
-183.7867109717455
],
[
-0.7072344258204926,
0.4765934064646878,
0.522185974389147,
0.7160874204559806
],
[
0.0,
0.0,
0.0,
1.0
]
],
"at_element": 61,
"to_element": 7
},
{
"pose": [
[
-0.5062649267202692,
0.6301952809967066,
-0.5886847473668759,
344.0290295872317
],
[
-0.7850397828361522,
-0.05423813238055164,
0.6170662560539482,
-183.84572445327237
],
[
0.3569430813694075,
0.7745399491345504,
0.5221872306531066,
0.666147918595666
],
[
0.0,
0.0,
0.0,
1.0
]
],
"at_element": 61,
"to_element": 63
},
{
"pose": [
[
-0.08507661716231785,
-0.630196246204386,
0.7717607533958416,
344.00633262746976
],
[
-0.9963742592391651,
0.05423919132720589,
-0.0655472779738071,
-183.84377099802506
],
[
-0.0005520306342567949,
-0.7745390896488514,
-0.6325258049029361,
0.6382523245425294
],
[
0.0,
0.0,
0.0,
1.0
]
],
"at_element": 63,
"to_element": 61
},
{
"pose": [
[
0.4578173248098202,
0.8072197309580135,
-0.3725581874768718,
343.20615153205944
],
[
0.8505775441121249,
-0.519628732658695,
-0.08064627485324175,
-184.10292569059587
],
[
-0.2586912030900272,
-0.27996836633375366,
-0.9244980125972384,
0.4664860364205965
],
[
0.0,
0.0,
0.0,
1.0
]
],
"at_element": 9,
"to_element": 30
},
{
"pose": [
[
-0.5157012412017496,
-0.8072196712973002,
-0.28713869835613187,
343.1770787730594
],
[
-0.8516248695041354,
0.5196286064162439,
0.06871093825568551,
-184.08421078695048
],
[
0.0937406606816875,
0.2799687726597219,
-0.955421464522527,
0.4765693272463265
],
[
0.0,
0.0,
0.0,
1.0
]
],
"at_element": 30,
"to_element": 9
},
{
"pose": [
[
-0.007957981167281192,
0.9279750676295255,
-0.37255730350339233,
343.2462264749745
],
[
0.9964577712778748,
-0.023832338665746633,
-0.08064694472608233,
-184.09425090111358
],
[
-0.08371726581579106,
-0.3718794071896141,
-0.9244983103892779,
0.5659313453722241
],
[
0.0,
0.0,
0.0,
1.0
]
],
"at_element": 9,
"to_element": 65
},
{
"pose": [
[
0.3720161870212155,
-0.9279755432022693,
-0.0215719218580393,
343.21280446360765
],
[
0.0014787889269821664,
0.023832421789034997,
-0.9997148737790087,
-184.09339254704508
],
[
0.9282250641829843,
0.3718782151324853,
0.01023832663923585,
0.5793249256280746
],
[
0.0,
0.0,
0.0,
1.0
]
],
"at_element": 65,
"to_element": 9
},
{
"pose": [
[
0.7733803620939564,
0.633575204643957,
-0.021570247745188675,
343.21887784752806
],
[
-0.02317762315862293,
-0.005743562363514698,
-0.9997148639867736,
-183.81193055758348
],
[
-0.6335184395991467,
0.7736597905744774,
0.010242808995480801,
0.5764424383438642
],
[
0.0,
0.0,
0.0,
1.0
]
],
"at_element": 65,
"to_element": 66
},
{
"pose": [
[
-0.055113808841237066,
-0.633575960352335,
0.7717149542017623,
343.1960592158812
],
[
-0.997766828465301,
0.00573865759463299,
-0.06654640353397184,
-183.81172386300932
],
[
0.03773359364420842,
-0.7736592080965805,
-0.6324773558302825,
0.5485786627275536
],
[
0.0,
0.0,
0.0,
1.0
]
],
"at_element": 66,
"to_element": 65
},
{
"pose": [
[
-0.9279586166682283,
-0.009639903478944424,
-0.3725585564875745,
343.50199084431233
],
[
0.02202603011861782,
0.9964994014743137,
-0.0806461211624478,
-184.03888707774468
],
[
0.3720317993779596,
-0.08304224901970748,
-0.924497877298454,
1.2006064035874218
],
[
0.0,
0.0,
0.0,
1.0
]
],
"at_element": 9,
"to_element": 10
},
{
"pose": [
[
0.7057597503074402,
0.009641641464364914,
-0.7083856390384071,
343.5023380333869
],
[
-0.05205307548742215,
-0.9964990129924955,
-0.06542319494860883,
-184.074776435303
],
[
-0.7065363771089783,
0.08304670887431713,
-0.7027870175002271,
1.2035972256975744
],
[
0.0,
0.0,
0.0,
1.0
]
],
"at_element": 10,
"to_element": 9
},
{
"pose": [
[
0.08764927845229342,
-0.9238606837311509,
-0.3725574332134611,
343.4682044621012
],
[
-0.9948214631974766,
-0.061860802149654726,
-0.08064426525818827,
-184.04620061911814
],
[
0.051457364375025016,
0.37769654249570705,
-0.9244984918529422,
1.1167660541586448
],
[
0.0,
0.0,
0.0,
1.0
]
],
"at_element": 9,
"to_element": 62
},
{
"pose": [
[
-0.37864792560337124,
0.9238615133857245,
0.05572838164618382,
343.5014779426241
],
[
0.004044763203341906,
0.06186287271324997,
-0.9980764624367681,
-184.04397264943694
],
[
-0.9255319488417959,
-0.37769417398776894,
-0.027161049479063948,
1.1031631037027936
],
[
0.0,
0.0,
0.0,
1.0
]
],
"at_element": 62,
"to_element": 9
},
{
"pose": [
[
0.7708685308976257,
0.63455172432011,
0.05572985944815717,
343.4877024271594
],
[
0.060300766784627646,
0.014401806805785955,
-0.9980763525331691,
-183.79726320116242
],
[
-0.6341336811721343,
0.7727462048584284,
-0.027162055886362557,
1.1098773260962038
],
[
0.0,
0.0,
0.0,
1.0
]
],
"at_element": 62,
"to_element": 63
},
{
"pose": [
[
-0.04154316824040949,
-0.634553422412475,
0.7717616985036014,
343.46484867818873
],
[
-0.9977454349462379,
-0.01440152208383072,
-0.0655487849285642,
