{
"line_pt_pairs": [
[
[
1.669151150373773,
0.054369418182306395,
-0.5105876308472898
],
[
2.4813653365892474,
-0.3950460736101923,
-0.8825201938842487
]
],
[
[
1.7026237411819958,
-0.35010078676760537,
0.3141839046409587
],
[
1.633275119138597,
-0.05709252210382554,
-0.6394076879496021
]
],
[
[
0.7367952382390703,
0.027681669441723525,
0.37538538620101836
],
[
1.640516280207545,
-0.38617214463101907,
0.2657801906998105
]
],
[
[
0.4395529049364073,
-0.3255306137953698,
1.210391463145665
],
[
0.8465575545182014,
0.0644609621644463,
0.3844049100473833
]
],
[
[
-0.1929071435503261,
0.08518700221355918,
0.6316569305252013
],
[
0.474518110443597,
-0.40641273449639176,
1.1910076516276724
]
],
[
[
-0.5245512920364166,
-0.24093548851873503,
1.2184381577299688
],
[
0.09071127055578154,
0.011112846847153357,
0.471495311381089
]
],
[
[
-0.9215245456753568,
0.019685064144860234,
0.36855415657206675
],
[
-0.37044928760308515,
-0.3713718870548451,
1.105704426774127
]
],
[
[
-1.74245191269231,
-0.338270049343819,
0.29240759778856557
],
[
-0.7672099859006047,
-0.1296006065723079,
0.36562131153831073
]
],
[
[
-1.6765842373927906,
0.06020463227681355,
-0.6375638149963959
],
[
-1.7605497937073582,
-0.3977407072556021,
0.24744231569046304
]
],
[
[
-2.5987044314204057,
-0.3464610209169281,
-0.7433065212499218
],
[
-1.7483458338380504,
0.033719322553860676,
-0.37950278026282996
]
],
[
[
1.5431520837255683,
-0.11189043120010249,
-0.4722607099283693
],
[
2.4230662027117402,
0.33034069824025264,
-0.6459926049928523
]
],
[
[
1.7133075982088217,
0.3819251531165097,
0.3687734412652753
],
[
1.7205650033568063,
-0.10863067028058598,
-0.502606105316876
]
],
[
[
0.7517612483645838,
-0.059609486863445325,
0.40611747468978937
],
[
1.733696644120022,
0.10628763917304831,
0.3151173530665571
]
],
[
[
0.37714844500096445,
0.3358995663131325,
1.231539769172978
],
[
0.7730768758369062,
0.04918886263634634,
0.3591650503434193
]
],
[
[
-0.18256613910932978,
-0.0807645752442727,
0.5835342018663886
],
[
0.5695155079329548,
0.35962201929988075,
1.0738737204940108
]
],
[
[
-0.531876515938162,
0.3337123268951526,
1.169532530178569
],
[
0.05958007164443341,
-0.03563623536252902,
0.45276147568255
]
],
[
[
-0.9167957269988802,
0.0049589674997460725,
0.306475419702246
],
[
-0.4338780577830257,
0.3415402910673498,
1.1148710761629959
]
],
[
[
-1.627265089559244,
0.28678885562443895,
0.34183638677535116
],
[
-0.7284655688218696,
-0.15136307004399197,
0.3283341071414622
]
],
[
[
-1.7062435478640554,
-0.06563163618976209,
-0.7402150803453462
],
[
-1.7868524231257632,
0.11071961029204262,
0.2408060443473673
]
],
[
[
-2.5255788444577254,
0.36172189299160856,
-0.7374939542712694
],
[
-1.6904441644889348,
-0.15162580210405696,
-0.5399484905081323
]
],
[
[
-2.619254981120122,
0.33802520335004205,
-0.9332179380039428
],
[
-2.1652129582840556,
0.22600232368276357,
-0.04930803539509454
]
],
[
[
-2.8405998855832633,
-0.43050942290970906,
-1.0378289708290673
],
[
-2.0247997281302017,
0.14682173564138556,
-1.003787283655681
]
],
[
[
-2.7541792726290413,
0.5627737857891701,
-1.0981618701621625
],
[
-2.6484166274789125,
-0.4309532765636642,
-1.0618192170056562
]
],
[
[
-2.00030071229757,
-0.059903964189527696,
-1.0729206536249707
],
[
-2.828495450909908,
0.500276311593254,
-1.0558462997933558
]
],
[
[
-2.863876344907023,
-0.39833886381300704,
-1.3482445438027222
],
[
-2.4376120707710736,
-0.366898382335811,
-0.444192407739854
]
],
[
[
-2.8326806325924485,
0.3403149451475318,
-1.4125372485923555
],
[
-2.424453282380547,
0.22118137765947926,
-0.5074639788309843
]
],
[
[
-2.1248293004195893,
0.031173874990658636,
-1.3942781492996685
],
[
-1.616031015162184,
-0.12974270291906462,
-0.5485653376000068
]
],
[
[
-1.8427276523878524,
0.08322840460119868,
-0.6979974698101049
],
[
-1.3205906750822234,
-0.06969106091365079,
0.1410428236185205
]
],
[
[
-1.390762841299976,
-0.05841530852531537,
-0.17821027999877667
],
[
-0.6051236875027041,
0.052301176668465614,
0.43048749388169494
]
],
[
[
-1.0493915048499944,
-0.0481737101457761,
0.3325830569911902
],
[
-0.14840572728290657,
-0.05836590681192548,
0.7663119443724072
]
],
[
[
-0.5256014472585656,
0.03221150658384954,
0.7487173494129394
],
[
0.45964278742962056,
-0.13253207582069096,
0.702313146260543
]
],
[
[
0.06039658952800492,
-0.007516199948365016,
0.7705687258531573
],
[
0.9943430117258191,
-0.093652081181668,
0.42369023065914097
]
],
[
[
0.6754532867005975,
0.005858836950736175,
0.5595283882875168
],
[
1.3364030329311074,
0.06205257748951859,
-0.18879486838842297
]
],
[
[
1.1723372828480674,
-0.03200054027778781,
0.0973009234617414
],
[
1.6933588671080932,
-0.103736371284886,
-0.753222726582685
]
],
[
[
1.6217475016067824,
-0.004874778457842904,
-0.3882648574688032
],
[
2.068367169159389,
0.014040893066468038,
-1.2827887922665164
]
],
[
[
-1.922757973322248,
-0.11441613901088636,
-1.1849581870991466
],
[
-2.5676177628152472,
0.5087120293683294,
-0.7423893928225855
]
],
[
[
-2.5047814453014894,
0.5261954983711913,
-0.818882936120614
],
[
-2.604402271993139,
-0.4675944427740479,
-0.8684535299017546
]
],
[
[
-2.6395910230667026,
-0.45873042050378415,
-0.7378568738997263
],
[
-1.9676999828938546,
0.07747360840174844,
-1.2487851169250292
]
],
[
[
-1.4818944820824806,
-0.042042631165270405,
-0.6491550346588947
],
[
-2.291471917885979,
0.3862258533074335,
-0.24769459993925008
]
],
[
[
-2.2120222400958895,
0.4899656015271364,
-0.15317562949303348
],
[
-2.143993649345673,
-0.4988776649193605,
-0.28569394990180497
]
],
[
[
-2.2008383239112823,
-0.44641790415111193,
-0.10629864021844526
],
[
-1.529988412064411,
0.022301638930123435,
-0.6809832369397799
]
],
[
[
-1.1141275603194667,
-0.12858949369689862,
-0.0956611920551401
],
[
-1.839719550446196,
0.32388927633960357,
0.42277802958051725
]
],
[
[
-1.721549853512686,
0.4457342142368737,
0.27486483050928945
],
[
-1.8059624429383585,
-0.5443411791918736,
0.1625027814296988
]
],
[
[
-1.8450908948780764,
-0.38064840153029744,
0.42314262462752983
],
[
-1.237008915611104,
0.05931188224816408,
-0.23766843398781812
]
],
[
[
-0.6651036768051759,
-0.07798841371418772,
0.30068244457920446
],
[
-1.3154553008555805,
0.34480993994053605,
0.9317801527368689
]
],
[
[
-1.1337804958474271,
0.4810549837465755,
0.8122924048323108
],
[
-1.0779197019126117,
-0.5140988073568213,
0.7313695789207718
]
],
[
[
-1.1888193408579386,
-0.3006347104122826,
0.8990913025103558
],
[
-0.5581251492874755,
0.1637049899094748,
0.2773088008070831
]
],
[
[
-0.18768657647390247,
-0.08260804060621166,
0.5203951629445797
],
[
-0.5213941260144284,
0.35294029680534267,
1.356419634570673
]
],
[
[
-0.36691495509822875,
0.4176106953525687,
1.0750246456993835
],
[
-0.40885411360991053,
-0.5793968673985685,
1.1399632844314165
]
],
[
[
-0.5815361842740773,
-0.3712440417699723,
1.3212303373882306
],
[
-0.2304166924780907,
0.17188331560344905,
0.5585195297071722
]
],
[
[
0.20234044417812364,
-0.1799496781276154,
0.5233923738837128
],
[
0.512584495105896,
0.3399223073697254,
1.319308039993495
]
],
[
[
0.37261170317252845,
0.46449191814558755,
1.1212504397800191
],
[
0.46444678124236793,
-0.5312798690192537,
1.123456414042027
]
],
[
[
0.5205388842983596,
-0.3836452232427735,
1.3697058057848297
],
[
0.13005883029203036,
0.1033587471101157,
0.5884552312034497
]
],
[
[
0.719116144503399,
-0.18786887100428684,
0.2690796254294665
],
[
1.227683613489809,
0.32320703236946713,
0.9620158060979738
]
],
[
[
1.2207952926501453,
0.44801522316431963,
0.7341643944956909
],
[
1.0979559967117107,
-0.5401809407980823,
0.8257004469741724
]
],
[
[
1.3026498514338567,
-0.33804808799170494,
0.9276711113277822
],
[
0.7471980219263004,
0.19200270552301546,
0.28695321600166934
]
],
[
[
1.124064798062064,
-0.12517019110798847,
-0.1861515569513334
],
[
1.8489878897351857,
0.4109310903940862,
0.24637812657445224
]
],
[
[
1.6882876080104088,
0.4765108669546119,
0.27117156502334816
],
[
1.6179017683075039,
-0.5202926399059625,
0.3089684204451684
]
],
[
[
1.808074447728091,
-0.2839569043869927,
0.37465172753297815
],
[
1.058243552186623,
0.09280211155169563,
-0.16922902410325252
]
],
[
[
1.5224711014827317,
-0.0027826882460483815,
-0.6172943666010318
],
[
2.360232058273791,
0.3834035359026236,
-0.23126745101829682
]
],
[
[
2.185753401561012,
0.4977568462777654,
-0.2639593103047835
],
[
2.1813035994366516,
-0.5012345725424316,
-0.3086397801396421
]
],
[
[
2.2791692494955114,
-0.4385465798086705,
-0.1858459931508204
],
[
1.4649277213858802,
0.059942725098420746,
-0.483367667646878
]
],
[
[
1.8475551869732791,
-0.017306875524075123,
-1.1661342140662323
],
[
2.7142041133691195,
0.3998873781984247,
-0.8925129556854853
]
],
[
[
2.537683502837496,
0.5057806455044428,
-0.8172417631032016
],
[
2.4134424570362247,
-0.4790271120260178,
-0.9385588816233521
]
],
[
[
2.620010487299475,
-0.413018104163749,
-0.738021859857274
],
[
1.9002487714514982,
0.04442108798151051,
-1.2602214939906848
]
],
[
[
-2.289586306537133,
0.32432028048718287,
-0.3586707450573982
],
[
-1.6913508492845195,
0.21662079969561504,
0.4353791019440249
]
],
[
[
-1.7703853601062547,
0.28080097729140646,
0.16948413438988683
],
[
-1.0797194961212733,
0.08632065593656235,
0.8660170258828843
]
],
[
[
-1.1868668817727859,
0.30696939535360207,
0.7234819154785909
],
[
-0.31417073841758447,
0.10465182276620788,
1.1678568036026862
]
],
[
[
0.3804151332888919,
0.20589395617469092,
1.2061868313417348
],
[
1.2714209002922217,
0.13109726445793307,
0.7583987362844444
]
],
[
[
1.091112296926571,
0.24626624203396136,
0.8177067741658212
],
[
1.7466739421255633,
0.1822044457732639,
0.06528733289397093
]
],
[
[
1.6358993247596683,
0.24715986963119652,
0.39657358986682156
],
[
2.200303835326257,
0.24003445569338333,
-0.42889402120480874
]
],
[
[
2.10036720583997,
0.3775813806527522,
-0.1788013060681508
],
[
2.5412308542172624,
0.3236713774392538,
-1.074754962845656
]
],
[
[
-2.5489528602330647,
-0.3936021462442963,
-0.9406827947898972
],
[
-2.121319821009051,
-0.3806748565449072,
-0.036822811747688644
]
],
[
[
-2.2837268706036293,
-0.27635764939644514,
-0.4392216773760368
],
[
-1.5868177587430177,
-0.39290459672726663,
0.26840428234669705
]
],
[
[
-1.8479808018084538,
-0.23333836731541893,
0.19493307634039875
],
[
-1.020634610070588,
-0.3191642728802897,
0.7500296381661958
]
],
[
[
-1.2038391146515257,
-0.3019572608807347,
0.7521831496975736
],
[
-0.253979484507879,
-0.19828324519624232,
1.0471719316795784
]
],
[
[
-0.5404487035704484,
-0.2852302723435512,
1.094564480645573
],
[
0.45656207878251104,
-0.3250764930749842,
1.0283694765639828
]
],
[
[
0.35323512078543967,
-0.16641740418009265,
1.2103041227612472
],
[
1.2039661813368396,
-0.3517640381200774,
0.7184674751838146
]
],
[
[
1.1139054318824528,
-0.26871997895277455,
0.8790872153118741
],
[
1.7479118760859402,
-0.26736399412813566,
0.10576064133836449
]
],
[
[
1.6334725011680766,
-0.30639765408111913,
0.44779798472513754
],
[
2.1392347844943833,
-0.34940734447416905,
-0.4138020845046966
]
],
[
[
2.033963169580153,
-0.37666632706747344,
-0.13390709456941993
],
[
2.56331842787594,
-0.3591824310670008,
-0.9821271862291526
]
],
[
[
-0.5489361024884601,
0.26837770712194564,
1.1285757793844784
],
[
0.4418274646288586,
0.3730162632066291,
1.2148215135020513
]
],
[
[
2.833126832300477,
-0.3491904932440478,
-1.1112632646642135
],
[
1.9010753656409687,
-0.008523349420609116,
-1.2346567840120293
]
],
[
[
2.9342569201068023,
-0.3309922339643703,
-1.3753676441090856
],
[
2.377249258650349,
-0.4344901105387815,
-0.5513344805632237
]
],
[
[
2.326358986480025,
0.29244084114143387,
-0.44372133739674907
],
[
2.8227115525004267,
0.3180442265660837,
-1.3114647308373213
]
],
[
[
2.7848576409616204,
0.39447261864618477,
-1.1103649594528426
],
[
1.9299601805696578,
-0.09846615260379527,
-1.2721107476945555
]
],
[
[
2.7384689756390257,
0.5054412361899324,
-1.0280588510185373
],
[
2.6090934267497685,
-0.4818949656734623,
-1.1198694813375254
]
]
],
"contact_id_pairs": [
[
0,
10
],
[
0,
34
],
[
0,
59
],
[
1,
10
],
[
1,
33
],
[
10,
33
],
[
10,
34
],
[
11,
61
],
[
34,
61
],
[
0,
80
],
[
63,
64
],
[
64,
80
],
[
64,
83
],
[
1,
78
],
[
1,
79
],
[
2,
57
],
[
57,
58
],
[
57,
78
],
[
2,
12
],
[
2,
13
],
[
2,
32
],
[
3,
32
],
[
3,
55
],
[
12,
53
],
[
31,
53
],
[
53,
55
],
[
3,
51
],
[
3,
52
],
[
4,
51
],
[
4,
76
],
[
51,
52
],
[
51,
77
],
[
4,
15
],
[
4,
30
],
[
5,
14
],
[
5,
15
],
[
5,
30
],
[
5,
48
],
[
5,
49
],
[
5,
75
],
[
6,
48
],
[
48,
76
],
[
6,
16
],
[
6,
29
],
[
6,
46
],
[
7,
17
],
[
16,
44
],
[
17,
29
],
[
28,
46
],
[
7,
43
],
[
8,
42
],
[
8,
73
],
[
42,
74
],
[
43,
74
],
[
8,
18
],
[
8,
38
],
[
9,
18
],
[
18,
26
],
[
19,
40
],
[
27,
38
],
[
38,
40
],
[
9,
24
],
[
24,
36
],
[
24,
37
],
[
37,
72
],
[
10,
84
],
[
62,
71
],
[
62,
84
],
[
63,
84
],
[
11,
56
],
[
11,
57
],
[
11,
69
],
[
12,
57
],
[
57,
70
],
[
13,
14
],
[
13,
51
],
[
13,
81
],
[
50,
51
],
[
50,
68
],
[
15,
16
],
[
15,
81
],
[
47,
48
],
[
47,
81
],
[
48,
67
],
[
17,
66
],
[
18,
42
],
[
41,
65
],
[
41,
66
],
[
42,
66
],
[
19,
20
],
[
20,
36
],
[
25,
36
],
[
35,
36
],
[
20,
39
],
[
38,
65
],
[
39,
65
],
[
21,
22
],
[
21,
24
],
[
21,
35
],
[
23,
35
],
[
26,
35
],
[
26,
37
],
[
22,
23
],
[
22,
25
],
[
27,
43
],
[
28,
41
],
[
28,
43
],
[
29,
30
],
[
30,
47
],
[
30,
49
],
[
47,
49
],
[
30,
50
],
[
31,
50
],
[
31,
52
],
[
32,
58
],
[
33,
56
],
[
33,
58
],
[
34,
62
],
[
34,
64
],
[
34,
85
],
[
64,
82
],
[
82,
85
],
[
39,
73
],
[
40,
72
],
[
40,
73
],
[
44,
45
],
[
45,
66
],
[
45,
67
],
[
45,
46
],
[
45,
74
],
[
45,
75
],
[
53,
69
],
[
54,
68
],
[
54,
69
],
[
54,
55
],
[
54,
77
],
[
54,
78
],
[
55,
78
],
[
59,
60
],
[
59,
70
],
[
60,
71
],
[
60,
80
],
[
61,
79
],
[
61,
80
],
[
82,
83
],
[
82,
86
],
[
84,
85
],
[
84,
86
]
],
"contact_t_pairs": [
[
0.10414146062646613,
0.2515115471240068
],
[
0.06269286347644283,
0.1747797080660001
],
[
0.015973677139239376,
0.1919491995815536
],
[
0.8538368869312453,
0.0983374589677337
],
[
0.9805309611014994,
0.8538689274826743
],
[
0.00399873432507938,
0.6856563690337821
],
[
0.1783319161481518,
0.137297736684388
],
[
0.896154855714142,
0.7126266386537526
],
[
0.033102168010172094,
0.8087889801033433
],
[
0.9840263228607604,
0.8597202590225007
],
[
0.8009030903444014,
0.2824789418255518
],
[
0.18134352015316185,
0.8346950008654836
],
[
0.09030486882536906,
0.7017911499490337
],
[
0.16973299245495335,
0.9277678100980845
],
[
0.01946903889850135,
0.16704348607875438
],
[
0.9808537128478385,
0.8564828608350799
],
[
0.6858303062671703,
0.19714482242501466
],
[
0.7476643018843613,
0.779060979206623
],
[
0.15458814357500156,
0.1306914641111804
],
[
0.019146287152162142,
0.9886044454668226
],
[
0.08993515768130646,
0.23857325173707217
],
[
0.9296350315529658,
0.18346952374163414
],
[
0.9937168445459419,
0.8115643378957575
],
[
0.07060431419882089,
0.21390355619442208
],
[
0.8557318126580209,
0.2677628397198922
],
[
0.3788398002096744,
0.6531126169446232
],
[
0.08533732370369336,
0.762920408429088
],
[
0.006283155454057758,
0.18863919196568454
],
[
0.9263992577678324,
0.8361035971023394
],
[
0.7651869401259308,
0.8582203995064043
],
[
0.7032633699666865,
0.29743986503275455
],
[
0.6567866511170672,
0.1151658276514059
],
[
0.07360074223216793,
0.6907212464143511
],
[
0.20460887692369487,
0.47029590448763203
],
[
0.7540701954984337,
0.14002816200626503
],
[
0.9233101542628813,
0.9258912497262889
],
[
0.6766095076958993,
0.42974370544694146
],
[
0.16904901240630205,
0.6174568496624117
],
[
0.07668984573711835,
0.2399394297115166
],
[
0.2628787151400087,
0.891670820626286
],
[
0.9974047374956811,
0.7876860200022705
],
[
0.7083791871096953,
0.14177960049359586
],
[
0.0025952625043193095,
0.054752687466373545
],
[
0.11086786253054429,
0.2210524321601271
],
[
0.19663659120776006,
0.5897064495914701
],
[
0.987890968305059,
0.9456427599170656
],
[
0.17780898215415084,
0.26258775612289226
],
[
0.7096253867328551,
0.05361534878022132
],
[
0.9241186272528222,
0.810604514210093
],
[
0.012109031694940974,
0.175155686831077
],
[
0.9293296315108068,
0.815961771870892
],
[
0.865985683666304,
0.7814174548739489
],
[
0.6892407392002882,
0.05813293880857827
],
[
0.23005114377041475,
0.16437703079149732
],
[
0.17598284165481604,
0.26027252856503513
],
[
0.0706703684891932,
0.22211176303348376
],
[
0.9999984433826417,
0.37478031643068754
],
[
0.008221856329195433,
0.7879536777391785
],
[
0.959439672598939,
0.7214247940635686
],
[
0.2038435279388594,
0.29531008558467564
],
[
0.09379528982094178,
0.9300609840981304
],
[
1.5566173585986053e-06,
0.6615609838694889
],
[
0.5522155705411829,
0.9153560109678149
],
[
0.6306959254297143,
0.09349500373365963
],
[
0.18043455590416357,
0.11349205537754761
],
[
0.9960012656749214,
0.2220962538389815
],
[
0.7547915839138747,
0.8808089564814398
],
[
0.8547722140809563,
0.5551538116234932
],
[
0.19909690965559854,
0.43813503149233457
],
[
0.2211801843844342,
0.7986654425674785
],
[
0.10384514428585807,
0.1435171391649201
],
[
0.3465938608339037,
0.9767657984131641
],
[
0.9293956858011789,
0.38430289929031286
],
[
0.22959074238754568,
0.11679598132583144
],
[
0.242788597784281,
0.8599718379937349
],
[
0.10998464408209678,
0.16389640289766097
],
[
0.011395554533177728,
0.9367473118139951
],
[
0.7334221208393358,
0.2672714287777796
],
[
0.7895244392514308,
0.08210095500425134
],
[
0.11714383457989737,
0.9452473125336264
],
[
0.074108750273711,
0.06325268818600517
],
[
0.6636648505466498,
0.21231397999772988
],
[
0.7590720758805363,
0.10709143426570147
],
[
0.2978328147022301,
0.9071713318286064
],
[
0.05435724008293442,
0.2555967926683681
],
[
0.991778143670805,
0.34331488102686336
],
[
0.8574677256381645,
0.8998216893909637
],
[
0.7589429602217476,
0.1751291487937301
],
[
0.18403822812910794,
0.08535732759184443
],
[
0.0405603274010611,
0.23767544241474411
],
[
0.13657264478150474,
0.2071160820673147
],
[
0.6578344861781881,
0.26843656030629315
],
[
0.8876843625073194,
0.08464398903218533
],
[
0.8634273552184955,
0.24708865030823995
],
[
0.9062047101790586,
0.1001783106090362
],
[
0.1941414139503329,
0.19988292040851405
],
[
0.21657815527621702,
0.8748065863885848
],
[
0.12326684335216848,
0.33843901613051147
],
[
0.8767331566478315,
0.32741318729137425
],
[
0.10784014470228913,
0.22960873892577205
],
[
0.2971909126661176,
0.11231563749268057
],
[
0.21204632226082162,
0.9065049962663405
],
[
0.1251934136114151,
0.8921598552977114
],
[
0.26787115092586244,
0.34216551382181215
],
[
0.7961564720611402,
0.7041766731691677
],
[
0.230682224574166,
0.14253227436183558
],
[
0.07588137274717813,
0.824844313168923
],
[
0.9463846512197783,
0.3391307102414903
],
[
0.25659215619166353,
0.24092792411946384
],
[
0.1988559408770881,
0.7334664058068853
],
[
0.28132605977982666,
0.7600605702884833
],
[
0.801144059122912,
0.21047556074856932
],
[
0.22583928621098542,
0.23531078895768873
],
[
0.14426818734197866,
0.8113608080343154
],
[
0.816530476258365,
0.8028551775749854
],
[
0.21685065692199976,
0.20133455743252135
],
[
0.14613107251732668,
0.7290260685794978
],
[
0.8182499754470369,
0.14522778591904384
],
[
0.8835305932315654,
0.858909601152836
],
[
0.9668978319898279,
0.8361023831140416
],
[
0.9096951311746311,
0.9414884052477791
],
[
0.8797655030282182,
0.8962864359685193
],
[
0.8058585860496673,
0.21858254512605077
],
[
0.06993901590186923,
0.8865079446224524
],
[
0.2173906062911328,
0.31452551527190786
],
[
0.7374122438771076,
0.24920062750039362
],
[
0.3764918505830871,
0.9146426724081554
],
[
0.1973403616996218,
0.09282866817139362
],
[
0.6964875937275452,
0.189395485789907
],
[
0.802659638300378,
0.9418670611914215
],
[
0.7721537664900209,
0.10832917937371385
],
[
0.7860964438055779,
0.023234201586835646
],
[
0.3154594273866022,
0.9178990449957483
],
[
0.2129043443553258,
0.1166193631547455
],
[
0.656702835192563,
0.24841872329672984
],
[
0.7870956556446741,
0.8848341723485944
],
[
0.7238354985851789,
0.0722321899019152
],
[
0.18843566210424245,
0.10914276736052388
],
[
0.8080508004184461,
0.1900805404565831
],
[
0.7166754363283889,
0.8832040186741684
],
[
0.12758600780688162,
0.1191910435185602
],
[
0.8724139921931182,
0.22172288464602
],
[
0.25574858668864475,
0.8329565139212456
],
[
0.19121101989665673,
0.1402797409774993
],
[
0.05851159475222121,
0.2982088500509663
],
[
0.2061544602589833,
0.7970553690711882
],
[
0.7779037461610189,
0.10371356403148088
],
[
0.7150660685884063,
0.20294463092881188
]
],
"half_couplers": [
{
"pose": [
[
-0.5015609740414175,
-0.29790049518078904,
0.8122141862154744,
1.7537363220677893
],
[
-0.8635688936185408,
0.22863613387072967,
-0.4494154917925005,
0.007566632438873976
],
[
-0.05182041386436337,
-0.92681217798413,
-0.37193256303695676,
-0.5493212312165039
],
[
0.0,
0.0,
0.0,
1.0
]
],
"at_element": 0,
"to_element": 10
},
{
"pose": [
[
-0.3701438074314196,
0.29790049518078876,
0.8799141189861734,
1.7644606451280378
],
[
0.867269938624969,
-0.2286361338707248,
0.44223112944035375,
-0.0006641956481618638
],
[
0.3329210347479042,
0.9268121779841314,
-0.17373189506448128,
-0.515956287640823
],
[
0.0,
0.0,
0.0,
1.0
]
],
"at_element": 10,
"to_element": 0
},
{
"pose": [
[
-0.1532027799140756,
0.562882779925744,
0.8122141862154747,
1.7200711834638098
],
[
0.4508623164800615,
0.771199641672077,
-0.4494154917924981,
0.026194274111160862
],
[
-0.8793475307322084,
0.29734506679601486,
-0.37193256303695876,
-0.5339051482442093
],
[
0.0,
0.0,
0.0,
1.0
]
],
"at_element": 0,
"to_element": 34
},
{
"pose": [
[
0.6954810195959816,
-0.5628827799257432,
0.4466196675526068,
1.699807556718161
],
[
-0.6363122740098941,
-0.7711996416720774,
0.018915671524311783,
-0.0015687029109514865
],
[
0.3337856218085062,
-0.29734506679601325,
-0.8945239347977125,
-0.5446094896507973
],
[
0.0,
0.0,
0.0,
1.0
]
],
"at_element": 34,
"to_element": 0
},
{
"pose": [
[
0.5824787685238006,
-0.032040598142537624,
0.8122141862154741,
1.682125197552289
],
[
0.5897608757988495,
-0.670975279063156,
-0.44941549179249873,
0.04719060021504054
],
[
0.5593751814265366,
0.7407871320135008,
-0.37193256303695854,
-0.5165287615268119
],
[
0.0,
0.0,
0.0,
1.0
]
],
"at_element": 0,
"to_element": 59
},
{
"pose": [
[
0.5450963028192328,
0.032040598142537735,
0.8377609567910596,
1.683278646579452
],
[
-0.6329710697685254,
0.6709752790631561,
0.3861862241486721,
0.07134544836871165
],
[
-0.5497432541549663,
-0.740787132013501,
0.38602691558273494,
-0.5431968091379898
],
[
0.0,
0.0,
0.0,
1.0
]
],
"at_element": 59,
"to_element": 0
},
{
"pose": [
[
0.921799781712904,
0.3814130714261434,
-0.06934862204339928,
1.6434113296234887
],
[
0.3842911562123748,
-0.8754807045821595,
0.29300826466378244,
-0.0999195222219572
],
[
0.05104380169030048,
-0.2967450165539443,
-0.9535915925905596,
-0.5000277721803741
],
[
0.0,
0.0,
0.0,
1.0
]
],
"at_element": 1,
"to_element": 10
},
{
"pose": [
[
-0.2833288057258949,
-0.381413071426145,
0.8799141189861728,
1.6296806022965007
],
[
0.19484651410337303,
0.8754807045821588,
0.4422311294403538,
-0.06840254565450704
],
[
-0.9390205662219024,
0.29674501655394536,
-0.17373189506448283,
-0.48934506303065956
],
[
0.0,
0.0,
0.0,
1.0
]
],
"at_element": 10,
"to_element": 1
},
{
"pose": [
[
-0.8726238833327831,
0.4834442334519,
-0.06934862204339945,
1.6346252701587174
],
[
0.44541900711950766,
0.8460189506951921,
0.2930082646637773,
-0.06279711140614683
],
[
0.20032340435876553,
0.22479681538382823,
-0.9535915925905618,
-0.6208421761401733
],
[
0.0,
0.0,
0.0,
1.0
]
],
"at_element": 1,
"to_element": 33
},
{
"pose": [
[
0.7034331395927237,
-0.48344423345190074,
0.5210215842600264,
1.6172214241954996
],
[
-0.5283047469163287,
-0.846018950695193,
-0.07173583100709588,
-0.09325353736189712
],
[
0.4754744078374752,
-0.22479681538382337,
-0.8505236500444262,
-0.6289347934003423
],
[
0.0,
0.0,
0.0,
1.0
]
],
"at_element": 33,
"to_element": 1
},
{
"pose": [
[
-0.018957183788946175,
0.4747544295649919,
0.8799141189861721,
1.5466706265162804
],
[
0.3980343464216438,
-0.80374143057491,
0.44223112944035525,
-0.11012206640319072
],
[
0.9171746203703453,
0.3586194980558315,
-0.17373189506448306,
-0.4729554176205248
],
[
0.0,
0.0,
0.0,
1.0
]
],
"at_element": 10,
"to_element": 33
},
{
"pose": [
[
-0.7093269629328856,
-0.4747544295649926,
0.5210215842600264,
1.5295790505000255
],
[
-0.5906383693319606,
0.8037414305749103,
-0.07173583100710015,
-0.08118666969573576
],
[
-0.3847097299644133,
-0.3586194980558297,
-0.8505236500444262,
-0.4858660342050791
],
[
0.0,
0.0,
0.0,
1.0
]
],
"at_element": 33,
"to_element": 10
},
{
"pose": [
[
0.05210321856079947,
0.4722672948917743,
0.879914118986172,
1.7000688546101852
],
[
0.27363407650314575,
-0.8541405155653128,
0.4422311294403551,
-0.033026506506642614
],
[
0.9604215984617775,
0.21773282215924034,
-0.1737318950644826,
-0.5032426516712682
],
[
0.0,
0.0,
0.0,
1.0
]
],
"at_element": 10,
"to_element": 34
},
{
"pose": [
[
-0.7599305723096057,
-0.4722672948917743,
0.44661966755260674,
1.683067371120489
],
[
-0.5196981595509126,
0.8541405155653129,
0.018915671524310687,
-0.0022776995696896845
],
[
-0.3904092061268397,
-0.21773282215924022,
-0.8945239347977132,
-0.5110809691265423
],
[
0.0,
0.0,
0.0,
1.0
]
],
"at_element": 34,
"to_element": 10
},
{
"pose": [
[
-0.8143370431705859,
0.5803468878099596,
0.007257405147984813,
1.7198113570720728
],
[
0.5028297198781937,
0.7117002577900442,
-0.4905558233970952,
-0.057688830019646704
],
[
-0.2898576425202639,
-0.39582853973769877,
-0.8713795465821519,
-0.412117570574307
],
[
0.0,
0.0,
0.0,
1.0
]
],
"at_element": 11,
"to_element": 61
},
{
"pose": [
[
0.014429958800733722,
-0.580346887809958,
-0.8142415281096298,
1.6989190462664499
],
[
-0.4949658129152226,
-0.7117002577900446,
0.4984893049070932,
-0.08330982204788447
],
[
-0.8687926221683642,
0.39582853973770027,
-0.29752167449605715,
-0.39786786397358187
],
[
0.0,
0.0,
0.0,
1.0
]
],
"at_element": 61,
"to_element": 11
},
{
"pose": [
[
-0.7779241900804479,
0.44200093556787673,
0.4466196675526066,
1.636531580878756
],
[
0.5021073136587741,
0.864598428717722,
0.01891567152431077,
-0.0042486287210199356
],
[
-0.37778591828977504,
0.23896595995239134,
-0.8945239347977132,
-0.4178755390475973
],
[
0.0,
0.0,
0.0,
1.0
]
],
"at_element": 34,
"to_element": 61
},
{
"pose": [
[
0.3763587475518787,
-0.4420009355678747,
-0.8142415281096296,
1.6206196744179349
],
[
0.0630711499188393,
-0.8645984287177237,
0.49848930490709426,
-0.03537392330043964
],
[
-0.9243246849398195,
-0.23896595995238773,
-0.29752167449605604,
-0.42647824482512575
],
[
0.0,
0.0,
0.0,
1.0
]
],
"at_element": 61,
"to_element": 34
},
{
"pose": [
[
0.10323611827942503,
-0.5741519133408297,
0.8122141862154716,
2.468391289410731
],
[
-0.5167739692176805,
-0.7286771441975559,
-0.4494154917925034,
-0.38786725564292635
],
[
0.8498746781859078,
-0.3733352379981808,
-0.37193256303695876,
-0.8765790632047264
],
[
0.0,
0.0,
0.0,
1.0
]
],
"at_element": 0,
"to_element": 80
},
{
"pose": [
[
-0.6246059485160735,
0.5741519133408318,
0.5293552582957858,
2.48906060935713
],
[
0.6846341599020168,
0.728677144197555,
0.01748389600046879,
-0.3616350674692247
],
[
-0.37569066553961106,
0.37333523799817964,
-0.8482200916597336,
-0.8631390914792146
],
[
0.0,
0.0,
0.0,
1.0
]
],
"at_element": 80,
"to_element": 0
},
{
"pose": [
[
-0.7926946542870537,
0.5968243858983436,
-0.1242410458012716,
2.4381784653076375
],
[
0.17204974832668204,
0.023506697099997198,
-0.9848077575304606,
-0.2829549308968431
],
[
-0.5848367884850046,
-0.8020274855567695,
-0.12131711852014937,
-0.9144050182376682
],
[
0.0,
0.0,
0.0,
1.0
]
],
"at_element": 63,
"to_element": 64
},
{
"pose": [
[
-0.35460361644608085,
-0.5968243858983446,
-0.7197617158479777,
2.416692959440195
],
[
-0.8889301551195912,
-0.023506697099995533,
0.45743919214526085,
-0.2838011652170208
],
[
-0.28993008557654143,
0.802027485556769,
-0.5221996341334094,
-0.8855322599289701
],
[
0.0,
0.0,
0.0,
1.0
]
],
"at_element": 64,
"to_element": 63
},
{
"pose": [
[
-0.5811095858643571,
0.37980879612791174,
-0.7197617158479757,
2.4894863640761233
],
[
0.014539683994020752,
0.8891220293519007,
0.4574391921452642,
-0.330064470804109
],
[
0.8136954263149754,
0.2553571916062368,
-0.5221996341334092,
-0.8327193797337198
],
[
0.0,
0.0,
0.0,
1.0
]
],
"at_element": 64,
"to_element": 80
},
{
"pose": [
[
0.7586358078145705,
-0.37980879612791335,
0.529355258295787,
2.475813357361503
],
[
-0.4573361239852011,
-0.8891220293518982,
0.01748389600047094,
-0.36207260648022693
],
[
0.46402088401248376,
-0.25535719160624337,
-0.8482200916597329,
-0.8419121647114611
],
[
0.0,
0.0,
0.0,
1.0
]
],
"at_element": 80,
"to_element": 64
},
{
"pose": [
[
-0.6140537107758044,
0.3238535358492179,
-0.7197617158479768,
2.555012499964301
],
[
-0.06859581521954944,
0.8865912246485737,
0.45743919214525974,
-0.3717091179214886
],
[
0.7862777209210685,
0.33026487505349666,
-0.5221996341334108,
-0.7851790293183474
],
[
0.0,
0.0,
0.0,
1.0
]
],
"at_element": 64,
"to_element": 83
},
{
"pose": [
[
-0.7647622848943143,
-0.3238535358492185,
-0.5570076614564533,
2.543353872842856
],
[
0.4508261193861006,
-0.8865912246485737,
-0.10349787657441184,
-0.4036261277828095
],
[
-0.4603199514278057,
-0.3302648750534966,
0.8240331635458618,
-0.7970684626680951
],
[
0.0,
0.0,
0.0,
1.0
]
],
"at_element": 83,
"to_element": 64
},
{
"pose": [
[
0.9472610821932164,
-0.31286931901805015,
-0.06934862204339903,
1.6908529920399422
],
[
-0.2804502228166793,
-0.9140535155891016,
0.2930082646637784,
-0.3003676171921891
],
[
-0.1550616480120457,
-0.2581064893728662,
-0.9535915925905614,
0.15232795005067806
],
[
0.0,
0.0,
0.0,
1.0
]
],
"at_element": 1,
"to_element": 78
},
{
"pose": [
[
-0.7072118621216927,
0.31286931901805026,
0.6340064442034875,
1.7021162022091958
],
[
0.4055913361307888,
0.9140535155891021,
0.0013559848246390283,
-0.2674619398814931
],
[
-0.57909157318166,
0.2581064893728645,
-0.7733265739735096,
0.16161971328581673
],
[
0.0,
0.0,
0.0,
1.0
]
],
"at_element": 78,
"to_element": 1
},
{
"pose": [
[
0.883417775283234,
-0.46342615693797784,
-0.06934862204339892,
1.7012735901618754
],
[
-0.4260173015088756,
-0.8559529284100946,
0.2930082646637792,
-0.3443961974652838
],
[
-0.19514685016345323,
-0.22930499648258912,
-0.9535915925905609,
0.29561839283152924
],
[
0.0,
0.0,
0.0,
1.0
]
],
"at_element": 1,
"to_element": 79
},
{
"pose": [
[
-0.7276267654713215,
0.46342615693797806,
0.5057622833263068,
1.7179567961020534
],
[
0.5152618274998423,
0.8559529284100947,
-0.043009690393049596,
-0.3135821426995421
],
[
-0.4528405230224716,
0.22930499648258817,
-0.8616000692298342,
0.3038733055552899
],
[
0.0,
0.0,
0.0,
1.0
]
],
"at_element": 79,
"to_element": 1
},
{
"pose": [
[
-0.4069207119151921,
-0.13305567450450356,
0.9037210419684746,
1.6232133776325661
],
[
-0.9099073829582345,
-0.028170463530791112,
-0.4138538140727443,
-0.3782483806677651
],
[
0.08052383903249172,
-0.9907081368731219,
-0.10960519550120518,
0.26787872324624545
],
[
0.0,
0.0,
0.0,
1.0
]
],
"at_element": 2,
"to_element": 57
},
{
"pose": [
[
0.9886061000476727,
0.1330556745045017,
-0.07038583970290482,
1.6280033426593854
],
[
-0.07476091020661475,
0.028170463530791334,
-0.9968035068605742,
-0.377234252291773
],
[
-0.13064756122335158,
0.9907081368731218,
0.03779685542182243,
0.3035439238855987
],
[
0.0,
0.0,
0.0,
1.0
]
],
"at_element": 57,
"to_element": 2
},
{
"pose": [
[
0.8240905070040296,
-0.5620682074580969,
-0.07038583970290513,
1.6400148660100935
],
[
-0.036756579409548795,
0.07093463597263772,
-0.9968035068605742,
-0.2071271874437653
],
[
0.5652643542060218,
0.8240434500584729,
0.037796855421821096,
0.2970937939532311
],
[
0.0,
0.0,
0.0,
1.0
]
],
"at_element": 57,
"to_element": 58
},
{
"pose": [
[
0.3490457824645934,
0.5620682074580976,
-0.7498308955414684,
1.6602491689777785
],
[
0.9235913172655641,
-0.07093463597263883,
0.3767590159386892,
-0.20968081509273673
],
[
0.15857528311606406,
-0.8240434500584725,
-0.5438807516362298,
0.26742845333126997
],
[
0.0,
0.0,
0.0,
1.0
]
],
"at_element": 58,
"to_element": 57
},
{
"pose": [
[
0.6304985659842182,
0.7729924914649311,
-0.07038583970290391,
1.6356626283063918
],
[
-0.07381871210666907,
-0.030554319717083,
-0.9968035068605742,
-0.2687635311181826
],
[
-0.7726722177189737,
0.6336789736810465,
0.03779685542182243,
0.29943092454572756
],
[
0.0,
0.0,
0.0,
1.0
]
],
"at_element": 57,
"to_element": 78
},
{
"pose": [
[
-0.022769208314897593,
-0.7729924914649321,
0.6340064442034874,
1.6078351131269308
],
[
-0.9995321880018581,
0.030554319717081002,
0.0013559848246385564,
-0.26766358408750207
],
[
-0.020419801686869132,
-0.6336789736810458,
-0.7733265739735093,
0.27661865734556873
],
[
0.0,
0.0,
0.0,
1.0
]
],
"at_element": 78,
"to_element": 57
},
{
"pose": [
[
-0.4163320355645046,
-0.0997793288518698,
0.903721041968475,
0.8764997964266429
],
[
-0.9092125961921655,
0.04535940368817237,
-0.41385381407274163,
-0.03629522338721561
],
[
0.0003018082468210226,
-0.9939751556406848,
-0.10960519550120917,
0.35844172250231154
],
[
0.0,
0.0,
0.0,
1.0
]
],
"at_element": 2,
"to_element": 12
},
{
"pose": [
[
-0.16076991042008348,
0.0997793288518693,
0.9819353957554382,
0.8800918228984534
],
[
0.9850993188861139,
-0.04535940368817526,
0.16589712603649237,
-0.03792814856989894
],
[
0.06109310790615424,
0.9939751556406851,
-0.0910001216232339,
0.3942245355605537
],
[
0.0,
0.0,
0.0,
1.0
]
],
"at_element": 12,
"to_element": 2
},
{
"pose": [
[
0.14761596061414461,
-0.4018678967961683,
0.9037210419684757,
0.7540981408140499
],
[
0.06090296643280982,
-0.9083038309162466,
-0.41385381407274036,
0.019757905478469274
],
[
0.9871678463420733,
0.11613072060180515,
-0.10960519550120829,
0.37328685365458336
],
[
0.0,
0.0,
0.0,
1.0
]
],
"at_element": 2,
"to_element": 13
},
{
"pose": [
[
-0.8256772197296076,
0.40186789679616647,
0.39592843083594165,
0.7685650518120798
],
[
0.3045999394944628,
0.9083038309162479,
-0.2867107036767862,
0.05245609009534083
],
[
-0.47484313797248345,
-0.11613072060180281,
-0.8723747188295583,
0.3691062440252068
],
[
0.0,
0.0,
0.0,
1.0
]
],
"at_element": 13,
"to_element": 2
},
{
"pose": [
[
-0.09015319259077836,
-0.41852201873868417,
0.9037210419684754,
0.8180715326484197
],
[
-0.43423529177529546,
-0.80010295084712,
-0.41385381407274163,
-0.009538338583918664
],
[
0.8962768061500388,
-0.4297378129471829,
-0.10960519550120806,
0.3655280256609268
],
[
0.0,
0.0,
0.0,
1.0
]
],
"at_element": 2,
"to_element": 32
},
{
"pose": [
[
-0.6228842210144043,
0.41852201873868344,
0.6609497462305102,
0.8331382168936028
],
[
0.5972248584662151,
0.8001029508471201,
0.05619374053878334,
0.01926516035834283
],
[
-0.505309524589917,
0.4297378129471829,
-0.7483232566759395,
0.3809984755918621
],
[
0.0,
0.0,
0.0,
1.0
]
],
"at_element": 32,
"to_element": 2
},
{
"pose": [
[
-0.698220544862685,
0.5889272331540266,
0.4070046495817929,
0.8179186851925823
],
[
0.7158571200381115,
0.5791849051651143,
0.38999157595981254,
0.0370192172274247
],
[
-0.00605428958640053,
0.5636573069502606,
-0.8259865530982835,
0.4425254277938184
],
[
0.0,
0.0,
0.0,
1.0
]
],
"at_element": 3,
"to_element": 32
},
{
"pose": [
[
0.46509154691025345,
-0.5889272331540246,
0.6609497462305078,
0.796717421858663
],
[
-0.8132570990487192,
-0.5791849051651141,
0.05619374053877629,
0.016168675764647544
],
[
0.3497180919533463,
-0.5636573069502628,
-0.7483232566759421,
0.4222338767803935
],
[
0.0,
0.0,
0.0,
1.0
]
],
"at_element": 32,
"to_element": 3
},
{
"pose": [
[
0.8869146675181027,
-0.21847102270107732,
0.4070046495817938,
0.8440002810343545
],
[
-0.38501076492743824,
-0.8364647521386479,
0.3899915759598144,
0.06201058446691767
],
[
0.2552431848869668,
-0.50259042039177,
-0.8259865530982826,
0.38959471196346146
],
[
0.0,
0.0,
0.0,
1.0
]
],
"at_element": 3,
"to_element": 55
},
{
"pose": [
[
-0.8023363866463078,
0.21847102270107832,
-0.5554518295075568,
0.8518649551865696
],
[
-0.13918647464480222,
0.8364647521386473,
0.530050793514719,
0.09212223329819003
],
[
0.5804166158366755,
0.5025904203917702,
-0.6407178953261143,
0.4076873168294821
],
[
0.0,
0.0,
0.0,
1.0
]
],
"at_element": 55,
"to_element": 3
},
{
"pose": [
[
0.0036650061807111944,
-0.18918098818937046,
0.9819353957554381,
0.8210901235694443
],
[
-0.49751651569093813,
0.8514431632161834,
0.1658971260364937,
-0.04789643405208334
],
[
-0.8674467616773055,
-0.4891370907221339,
-0.09100012162323257,
0.3996924735105718
],
[
0.0,
0.0,
0.0,
1.0
]
],
"at_element": 12,
"to_element": 53
},
{
"pose": [
[
-0.8399819540897588,
0.18918098818937065,
0.50856746898641,
0.8279005346843886
],
[
0.11766886080489539,
-0.851443163216183,
0.5110759033737536,
-0.07854791778736404
],
[
0.5297021389426592,
0.4891370907221343,
0.6929361806685075,
0.41730113869024077
],
[
0.0,
0.0,
0.0,
1.0
]
],
"at_element": 53,
"to_element": 12
},
{
"pose": [
[
0.3367407909083773,
0.11979031764839473,
0.9339464221978138,
0.8596042543208138
],
[
0.5373418081174053,
-0.8389543439385005,
-0.08613588123330285,
-0.08122541373103538
],
[
0.773220163334815,
0.5308539239606473,
-0.34687849519401626,
0.4737337623886951
],
[
0.0,
0.0,
0.0,
1.0
]
],
"at_element": 31,
"to_element": 53
},
{
"pose": [
[
0.8526484675916878,
-0.11979031764839487,
0.5085674689864101,
0.8552916141883584
],
[
-0.18696799131782477,
0.8389543439385003,
0.5110759033737536,
-0.05102173580452127
],
[
-0.48788683209953965,
-0.5308539239606477,
0.6929361806685075,
0.45462218490992234
],
[
0.0,
0.0,
0.0,
1.0
]
],
"at_element": 53,
"to_element": 31
},
{
"pose": [
[
-0.36369953201396044,
-0.7804369160294666,
0.5085674689864086,
0.9117817428473503
],
[
0.8569726716630093,
-0.06632692525260087,
0.5110759033737553,
0.005747022121804973
],
[
-0.36513078538462135,
0.621706489498824,
0.6929361806685074,
0.5315914296719786
],
[
0.0,
0.0,
0.0,
1.0
]
],
"at_element": 53,
"to_element": 55
},
{
"pose": [
[
0.28703917014080405,
0.7804369160294677,
-0.5554518295075567,
0.939877253477498
],
[
0.8453679052820438,
0.06632692525260031,
0.5300507935147207,
0.008134772874268212
],
[
0.45051261860676867,
-0.6217064894988222,
-0.6407178953261119,
0.5092101699880934
],
[
0.0,
0.0,
0.0,
1.0
]
],
"at_element": 55,
"to_element": 53
},
{
"pose": [
[
-0.25159806897400494,
0.878092037833935,
0.40700464958179483,
0.4742855924666771
],
[
0.9171576973719162,
0.08202639106911369,
0.38999157595981715,
-0.29224977643597344
],
[
0.30906337511907966,
0.47140857465772135,
-0.8259865530982808,
1.139903981289019
],
[
0.0,
0.0,
0.0,
1.0
]
],
"at_element": 3,
"to_element": 51
},
{
"pose": [
[
-0.46959630697925614,
-0.8780920378339339,
0.09183507806984081,
0.44267455844168757
],
[
-0.04135479482134713,
-0.0820263910691108,
-0.9957717871648412,
-0.2952027004203761
],
[
0.8819121778367327,
-0.4714085746577238,
0.0022059742620097467,
1.122933422564974
],
[
0.0,
0.0,
0.0,
1.0
]
],
"at_element": 51,
"to_element": 3
},
{
"pose": [
[
0.9037698721061092,
-0.1324659710722274,
0.4070046495817939,
0.442110178420254
],
[
-0.3030741137362949,
-0.8695128821721603,
0.3899915759598176,
-0.32308023609784126
],
[
0.3022351730958302,
-0.47581521018621775,
-0.8259865530982806,
1.205201661229587
],
[
0.0,
0.0,
0.0,
1.0
]
],
"at_element": 3,
"to_element": 52
},
{
"pose": [
[
-0.9110313353178945,
0.1324659710722268,
-0.39048005400632907,
0.44687904243188875
],
[
-0.0823072329578898,
0.8695128821721602,
0.4870039703528902,
-0.2917771877913243
],
[
0.4040388910386095,
0.4758152101862183,
-0.7812505745813791,
1.2223313286730715
],
[
0.0,
0.0,
0.0,
1.0
]
],
"at_element": 52,
"to_element": 3
},
{
"pose": [
[
0.33174826893045173,
-0.6666982948776714,
0.6674252539939242,
0.42539511636515126
],
[
0.8687628101786298,
-0.059840442154410534,
-0.4915997367099528,
-0.3702306289934012
],
[
0.36768772853085385,
0.74292160090414,
0.559350721102468,
1.1498390233864324
],
[
0.0,
0.0,
0.0,
1.0
]
],
"at_element": 4,
"to_element": 51
},
{
"pose": [
[
-0.7396483637804612,
0.6666982948776701,
0.09183507806983904,
0.44939534228689537
],
[
-0.06969698249782691,
0.05984044215441353,
-0.9957717871648412,
-0.36807645499596137
],
[
-0.6693748042670741,
-0.7429216009041407,
0.0022059742620089695,
1.123094862795599
],
[
0.0,
0.0,
0.0,
1.0
]
],
"at_element": 51,
"to_element": 4
},
{
"pose": [
[
0.7411890807155546,
0.07198803344430985,
0.6674252539939226,
0.3177979443160561
],
[
0.3659263405953511,
0.7902073222422076,
-0.4915997367099529,
