{
"line_pt_pairs": [
[
[
1.6268751357386806,
-0.026916348949557058,
-0.5213765970409261
],
[
2.534548875117883,
-0.5229407575207573,
-0.8576581770142058
]
],
[
[
1.6776999209874546,
-0.36219866872563833,
0.3650420833602418
],
[
1.64287316456622,
-0.16311102665261556,
-0.6614617441404413
]
],
[
[
0.7762492177425259,
0.02499959432035658,
0.4491888033137786
],
[
1.7012566182284397,
-0.3801874928563382,
0.1721680076682643
]
],
[
[
0.38202860087775803,
-0.3184729356428731,
1.141082460539048
],
[
0.923097842155336,
0.11641779143569819,
0.3847816488985625
]
],
[
[
-0.16647882057008903,
0.01002680626962589,
0.6059056914256116
],
[
0.4405860576103059,
-0.27666224239173964,
1.3470410522453906
]
],
[
[
-0.5771516888400228,
-0.3033270516369009,
1.3038682706708578
],
[
0.07214767679720041,
0.12280216146909617,
0.6739284104296093
]
],
[
[
-0.8843294845714792,
0.08582507057772003,
0.29629224262304804
],
[
-0.50099532413917,
-0.21575908844081929,
1.2358711522522934
]
],
[
[
-1.8125144693331845,
-0.38179167452216,
0.25910336170400833
],
[
-0.8567719298640634,
0.03959124185907226,
0.25283847586848446
]
],
[
[
-1.6528227546554688,
-0.025121359733295275,
-0.5807804340353812
],
[
-1.810670444753689,
-0.4440478816791203,
0.3136105051946855
]
],
[
[
-2.665379290475813,
-0.4218677271923248,
-0.7947833291129639
],
[
-1.570548953462104,
-0.16694642503964333,
-0.5846926079632996
]
],
[
[
1.7149666910126355,
0.07172005221117304,
-0.6050431674574391
],
[
2.618707042098799,
0.45197118744770626,
-0.8016708663454302
]
],
[
[
1.7445162015263815,
0.3890393523503549,
0.3985829642795554
],
[
1.6788153837449025,
-0.1645159641588027,
-0.6629536592867007
]
],
[
[
0.6898166530618878,
-0.0197515051312197,
0.37369487562587267
],
[
1.731928019899081,
0.4192589375678899,
0.3836035863856941
]
],
[
[
0.37134117441895664,
0.3095456461477173,
1.1682004794568317
],
[
0.9996706795249068,
0.03423348021104056,
0.4405980850816015
]
],
[
[
-0.14745467044260457,
-0.12479355053436786,
0.6270966644314138
],
[
0.5493754322551356,
0.38174313794637205,
1.1348844066990098
]
],
[
[
-0.6223689846900768,
0.32588212341706957,
1.2059368198095743
],
[
0.06482833824968937,
-0.16845150826614735,
0.6735890951677754
]
],
[
[
-0.9371091056427704,
-0.04369806418036491,
0.40400866142876923
],
[
-0.32966092952255144,
0.3334187560888244,
1.103143567722451
]
],
[
[
-1.8274947841478109,
0.38370941202966147,
0.3301893484093211
],
[
-0.8332259623032673,
0.029925310863788968,
0.2878264502375132
]
],
[
[
-1.7288379217467402,
0.03076011278068517,
-0.6516584814594073
],
[
-1.7861021015931497,
0.2335529603814339,
0.3537524399681925
]
],
[
[
-2.5860690062085387,
0.37917596675385096,
-0.7980837690114253
],
[
-1.716173196414287,
0.016972129504193356,
-0.46328582937614904
]
],
[
[
-2.603901016202948,
0.335532471336502,
-0.9743825005040336
],
[
-2.165233432839608,
0.2022510589486568,
-0.08567173967232822
]
],
[
[
-2.8475312558288923,
-0.47429857264346986,
-1.1440375181435631
],
[
-2.02807028165723,
0.09443803684961838,
-1.0731687603448228
]
],
[
[
-2.6502099298088106,
0.46146723693769964,
-1.0773579220352312
],
[
-2.7866181713830906,
-0.5233428861097265,
-1.1847907530224422
]
],
[
[
-1.8404603800790322,
-0.10249391140709417,
-1.1113814812407483
],
[
-2.7503855571951146,
0.40969972878464056,
-1.1259537670614588
]
],
[
[
-2.787759973196774,
-0.27334735053189163,
-1.38246779353658
],
[
-2.3642392314518355,
-0.3758771935042637,
-0.48240234446530383
]
],
[
[
-2.9496031287136257,
0.3802250016193972,
-1.3397759133949525
],
[
-2.3230148172327847,
0.3817296450013619,
-0.5604269389528983
]
],
[
[
-2.1212962165308404,
-0.0190206161694114,
-1.3447331764987593
],
[
-1.582753352877787,
0.11051043232583231,
-0.5121508733694581
]
],
[
[
-1.8550039475584141,
-0.022142453587097998,
-0.7931287335268395
],
[
-1.2198098096819812,
0.06946106138765439,
-0.02622769476650144
]
],
[
[
-1.4716713509978234,
0.040164285561636225,
-0.21815284897104817
],
[
-0.7355509703859101,
-0.08363542010981709,
0.4472796555877789
]
],
[
[
-1.090158164296974,
0.007524881453745354,
0.3531516843649687
],
[
-0.14197398428936736,
-0.01676990008123696,
0.6699426633613261
]
],
[
[
-0.4857089745741281,
0.028193455160430904,
0.7112791490620366
],
[
0.5127079114507962,
0.046802789046987106,
0.7643584707663703
]
],
[
[
0.05486816494306801,
0.022563534695388267,
0.868821376909207
],
[
0.8574533877506632,
-0.06447667984066577,
0.2786680398989002
]
],
[
[
0.6552323996374716,
0.007153425412393563,
0.513695430153489
],
[
1.4352263972017338,
-0.05197153277134128,
-0.10929221264811051
]
],
[
[
1.2002759796692297,
0.029983922079468622,
0.0765177899794909
],
[
1.753974788176744,
-0.08700397415615459,
-0.7479404937388076
]
],
[
[
1.6427028648265147,
-0.012212953096419645,
-0.3800728342133273
],
[
2.1358114341837595,
-0.00423860610917027,
-1.250004066332613
]
],
[
[
-1.7605276635533065,
-0.10197156716944406,
-1.1288877895602076
],
[
-2.612379260789324,
0.3123370926809376,
-0.8084237655896114
]
],
[
[
-2.5463121860140094,
0.4667547899923603,
-0.7485531888969489
],
[
-2.6867454414376786,
-0.5232607495748383,
-0.7607077019097863
]
],
[
[
-2.694394718658932,
-0.373682233693514,
-0.6882452968734704
],
[
-1.9763546896159996,
0.07337807601635798,
-1.221682824775415
]
],
[
[
-1.5095862482871185,
-0.18577230662746874,
-0.6448846241259716
],
[
-2.268821355849557,
0.32828607478369565,
-0.2457530268480982
]
],
[
[
-2.168821210210519,
0.43083364116014444,
-0.2530071251021698
],
[
-2.325856516032952,
-0.555454719582346,
-0.20226087214546326
]
],
[
[
-2.300193678460913,
-0.4982016923429034,
-0.17131781980315774
],
[
-1.6974282243340748,
0.12359147147670468,
-0.6713648863263691
]
],
[
[
-1.2030477138100921,
-0.09078122191671187,
-0.07415298764700863
],
[
-1.9013463695954733,
0.47843226715715725,
0.35986889104654574
]
],
[
[
-1.742099821429666,
0.4525593527703795,
0.3681105475224605
],
[
-1.7787962494750227,
-0.545284561550516,
0.31369644253611084
]
],
[
[
-1.806542070337475,
-0.3948097865079244,
0.4285627018240268
],
[
-1.262824052440836,
0.07634393069879125,
-0.2659766359941018
]
],
[
[
-0.7507178793983037,
-0.09786833090098138,
0.15874109456261928
],
[
-1.224915542364906,
0.3936872515663576,
0.8891585681913705
]
],
[
[
-1.098992751860616,
0.5262767053705818,
0.8251074890532433
],
[
-1.2303409231796216,
-0.4598664863016465,
0.72377011485367
]
],
[
[
-1.2258106654208492,
-0.3540141732238709,
0.8993798736549985
],
[
-0.6854382196764486,
-0.004674166723431461,
0.1339001680203633
]
],
[
[
-0.27980747432225955,
-0.13073897804448295,
0.39111830723425123
],
[
-0.513682756450786,
0.21128172738628215,
1.3012414799235
]
],
[
[
-0.3560839498838375,
0.5071152988615354,
1.0948103093256734
],
[
-0.5233217941565693,
-0.4785323760097433,
1.071785008809678
]
],
[
[
-0.47124876557095013,
-0.41445042359342155,
1.2528532827268366
],
[
-0.3994686476340415,
0.13805525968145627,
0.4224406837027589
]
],
[
[
0.26062184704219876,
-0.1562435960927369,
0.44686195803679357
],
[
0.5999403212879963,
0.2746081419206852,
1.2830615471818239
]
],
[
[
0.3759268758019625,
0.48327916015778943,
1.077425400781333
],
[
0.4185220355384969,
-0.5100846354825646,
1.1842618265826876
]
],
[
[
0.4967274609200584,
-0.3552293990862959,
1.341357958282945
],
[
0.24801378233830046,
0.02542386588801876,
0.4507151578569132
]
],
[
[
0.7777994699803037,
-0.1816582369306254,
0.3246401942193735
],
[
1.3496511911595837,
0.43129459726196473,
0.8698689829306505
]
],
[
[
1.143477871577951,
0.47677120627573155,
0.8425937775027346
],
[
1.1145284180181714,
-0.5097453296228286,
0.6815128862173453
]
],
[
[
1.253049937698094,
-0.3978367700956291,
0.9171776521495436
],
[
0.6899874196279253,
0.17264059674666032,
0.31925108921294926
]
],
[
[
1.189722749048319,
-0.10915151684980953,
-0.18284063006955947
],
[
1.7988852543402576,
0.33679469767223724,
0.4729436453594158
]
],
[
[
1.7037931787994742,
0.5066885456966537,
0.3641693324829622
],
[
1.7095085902103977,
-0.4781189639603801,
0.19061385721492158
]
],
[
[
1.8818380154335292,
-0.373334338769325,
0.436774907229573
],
[
1.1378687689910305,
-0.0005057694043902328,
-0.11775968881748788
]
],
[
[
1.5417638146387023,
-0.10980475657967413,
-0.6972221647012744
],
[
2.2262759652672868,
0.38523790116604156,
-0.1620811714538049
]
],
[
[
2.1069457029900436,
0.5131099396971677,
-0.27052016139677165
],
[
2.104829396374364,
-0.4778071943188891,
-0.4049774213707607
]
],
[
[
2.2824839840215843,
-0.351303957045199,
-0.16680682795451057
],
[
1.6239157084357552,
0.14210999161973598,
-0.7349885785016261
]
],
[
[
1.7941380296131269,
-0.11986660538989687,
-1.2354658119353503
],
[
2.5496524237641904,
0.3511460186298674,
-0.7801141805068823
]
],
[
[
2.5920780738037825,
0.4597104609693717,
-0.8327034912255442
],
[
2.546193675839506,
-0.5391958167648316,
-0.8237106981858584
]
],
[
[
2.6849310523962533,
-0.44953693997669025,
-0.7741705181343419
],
[
1.9808195783859377,
0.040825872442023126,
-1.287757262865775
]
],
[
[
-2.259513441520999,
0.37849676082265044,
-0.38223631555911386
],
[
-1.5703121189186413,
0.2269377902121329,
0.3263054371630823
]
],
[
[
-1.7761419244480972,
0.2817402865529777,
0.25172333670252256
],
[
-1.046733012414811,
0.40170719602055494,
0.9251998245469135
]
],
[
[
-1.209389154483521,
0.24482667137525352,
0.6950046916214966
],
[
-0.29324118310657943,
0.2658027270411955,
1.095295710294929
]
],
[
[
0.3671520976011543,
0.18679086156429603,
1.1596938411372244
],
[
1.2521735244858523,
0.33646059334812584,
0.7188582194563877
]
],
[
[
1.1025738792433761,
0.23760745461008567,
0.8956610220727675
],
[
1.777040993224797,
0.34619994831133416,
0.16538588045194147
]
],
[
[
1.5917562357054458,
0.26716965661769604,
0.3208469096111953
],
[
2.194716365731566,
0.4446383994888303,
-0.4569345037065974
]
],
[
[
2.0677802358055533,
0.2683121525710461,
-0.09256455814860595
],
[
2.51929510497362,
0.3400899620490647,
-0.9819363976998036
]
],
[
[
-2.6400402332250508,
-0.3329049267570589,
-0.9700980712293679
],
[
-2.174601787094446,
-0.28466685828088795,
-0.08633331655015097
]
],
[
[
-2.3636740853809135,
-0.3526623533795906,
-0.37205527893715773
],
[
-1.6289987944664253,
-0.42848740185744305,
0.3021129337093922
]
],
[
[
-1.8379681660139484,
-0.23225383419379092,
0.23388931773619714
],
[
-1.036426238654104,
-0.3394860654061612,
0.8221339839028212
]
],
[
[
-1.255947804756727,
-0.27917279558444524,
0.7631422366295826
],
[
-0.31726077804825725,
-0.1919696135443662,
1.0967022326292488
]
],
[
[
-0.5693782879334073,
-0.2208354617427094,
1.1482561563644964
],
[
0.4222485062398423,
-0.3407696462673826,
1.1003803539160197
]
],
[
[
0.32460567866702505,
-0.19001516619831277,
1.2449645756750198
],
[
1.1626195601263238,
-0.3521960910865993,
0.7239750536269268
]
],
[
[
1.069607559526721,
-0.2472874526500165,
0.8720460171321073
],
[
1.7510515075234285,
-0.1700678437727186,
0.14426083059455652
]
],
[
[
1.6569130722471643,
-0.32579469319672816,
0.427873923845288
],
[
2.1698542013173414,
-0.3780632057218418,
-0.4289570984144247
]
],
[
[
2.0684274697699387,
-0.2636974832178938,
-0.14744478570514682
],
[
2.6004938249836687,
-0.47400142468823525,
-0.9676140644833855
]
],
[
[
-0.4999562846911835,
0.21439915042393218,
1.138629717977374
],
[
0.4871631413875793,
0.16270313394474767,
0.9872270742153909
]
],
[
[
2.7050563754708317,
-0.42061484405395333,
-1.0799250173555373
],
[
1.7667978375555395,
-0.09193582724492733,
-1.1878185757291078
]
],
[
[
2.9319144638017813,
-0.3120655703856146,
-1.3194381332455558
],
[
2.2814618767049106,
-0.3151873186767857,
-0.5598976888802845
]
],
[
[
2.380423550159884,
0.34749059698094287,
-0.5017887033687598
],
[
2.819382546629827,
0.1894847925787776,
-1.386293743034066
]
],
[
[
2.8515277256730722,
0.3717637704517402,
-1.110143063372982
],
[
1.9668933307575056,
-0.09452042675125388,
-1.1091258263659625
]
],
[
[
2.7589037599187227,
0.45313728086678345,
-1.078580967149041
],
[
2.626626493044177,
-0.5375427476804058,
-1.0460878031612006
]
]
],
"contact_id_pairs": [
[
0,
11
],
[
0,
33
],
[
1,
11
],
[
10,
61
],
[
11,
34
],
[
33,
59
],
[
34,
59
],
[
34,
61
],
[
0,
63
],
[
63,
64
],
[
63,
80
],
[
63,
83
],
[
64,
83
],
[
1,
2
],
[
1,
57
],
[
1,
79
],
[
2,
57
],
[
57,
78
],
[
58,
79
],
[
2,
32
],
[
2,
53
],
[
2,
55
],
[
3,
12
],
[
3,
55
],
[
12,
31
],
[
12,
32
],
[
13,
53
],
[
3,
51
],
[
3,
52
],
[
3,
76
],
[
4,
77
],
[
51,
52
],
[
51,
77
],
[
4,
14
],
[
4,
15
],
[
5,
15
],
[
5,
30
],
[
14,
30
],
[
5,
6
],
[
5,
75
],
[
5,
76
],
[
6,
76
],
[
48,
49
],
[
48,
75
],
[
6,
16
],
[
6,
17
],
[
6,
29
],
[
6,
44
],
[
7,
17
],
[
7,
28
],
[
16,
29
],
[
17,
44
],
[
28,
46
],
[
44,
46
],
[
7,
8
],
[
7,
43
],
[
8,
42
],
[
8,
73
],
[
42,
43
],
[
42,
74
],
[
8,
27
],
[
8,
38
],
[
9,
38
],
[
18,
19
],
[
18,
27
],
[
18,
40
],
[
19,
38
],
[
26,
40
],
[
9,
24
],
[
9,
36
],
[
24,
72
],
[
36,
37
],
[
37,
72
],
[
10,
63
],
[
10,
71
],
[
62,
71
],
[
62,
84
],
[
63,
84
],
[
11,
12
],
[
11,
57
],
[
11,
69
],
[
11,
70
],
[
12,
57
],
[
12,
69
],
[
56,
57
],
[
13,
14
],
[
13,
51
],
[
50,
68
],
[
50,
81
],
[
51,
68
],
[
15,
48
],
[
15,
81
],
[
16,
48
],
[
16,
67
],
[
47,
48
],
[
48,
67
],
[
48,
81
],
[
17,
41
],
[
17,
42
],
[
17,
66
],
[
18,
42
],
[
41,
65
],
[
19,
20
],
[
19,
25
],
[
19,
36
],
[
20,
35
],
[
20,
39
],
[
38,
39
],
[
39,
65
],
[
21,
22
],
[
21,
24
],
[
21,
23
],
[
21,
37
],
[
23,
26
],
[
23,
35
],
[
23,
37
],
[
26,
35
],
[
26,
37
],
[
22,
23
],
[
23,
25
],
[
27,
43
],
[
28,
41
],
[
28,
43
],
[
29,
47
],
[
29,
49
],
[
30,
47
],
[
30,
31
],
[
30,
50
],
[
31,
50
],
[
50,
52
],
[
32,
56
],
[
32,
58
],
[
33,
56
],
[
34,
62
],
[
34,
64
],
[
34,
85
],
[
62,
82
],
[
39,
40
],
[
39,
72
],
[
40,
73
],
[
44,
45
],
[
44,
66
],
[
44,
67
],
[
45,
66
],
[
45,
74
],
[
45,
75
],
[
46,
74
],
[
46,
75
],
[
53,
68
],
[
53,
69
],
[
54,
68
],
[
54,
69
],
[
54,
55
],
[
54,
77
],
[
55,
78
],
[
59,
60
],
[
59,
71
],
[
60,
70
],
[
60,
61
],
[
60,
79
],
[
61,
80
],
[
82,
86
],
[
83,
86
],
[
84,
85
],
[
85,
86
]
],
"contact_t_pairs": [
[
0.0777348767892465,
0.8757736574615078
],
[
8.982210844182706e-17,
0.7358030675965453
],
[
1,
1.0
],
[
0.02179355874476371,
0.8250254632400719
],
[
0.7707901738540744,
0.059450392974411695
],
[
0.8252891884892511,
0.1503899865585163
],
[
0.19269340457657327,
0.26322221582894384
],
[
0.2581508878915356,
0.7546065620243028
],
[
1.0,
0.9839917512953561
],
[
0.8320687642659231,
0.15677167410374804
],
[
0.9043008902496975,
0.849732541213513
],
[
0.7756021882867434,
0.6191973992821631
],
[
0.21266446970228148,
0.5893475902488113
],
[
0.16921809905904342,
0.9512185857745922
],
[
0.1439217354614686,
0.8527801025027152
],
[
0,
0.06640148142681356
],
[
1.0,
0.9067105665949435
],
[
0.6993808142578476,
0.8978868468317518
],
[
0.19925149353552507,
0.12498458560844805
],
[
0,
0.13352406913579884
],
[
0.13407298111917382,
0.21106388172292423
],
[
0.02630475675020107,
0.7740863867150338
],
[
0.9999999999999998,
0.23693211143293227
],
[
0.8526287889013738,
0.7391802656127853
],
[
3.180507353133113e-17,
0.8054839409273958
],
[
0.10092813224816047,
0.19458059485928392
],
[
0.9351756428089572,
0.335796113560755
],
[
0,
0.8034923017429642
],
[
0.09012168189580032,
0.28438916761487965
],
[
0.025137020076501638,
0.9685801365236429
],
[
0.8341762063006319,
0.030024003927100505
],
[
0.7619634449790775,
0.21560090934539267
],
[
0.7014912166720753,
0.12010653812249977
],
[
0.16582379369936773,
0.1527466502406374
],
[
0.2127937469468226,
0.8238226209443344
],
[
0.691316711034596,
0.6846473250137213
],
[
0.8704023581870604,
0.4760427236628314
],
[
0.27245578706016493,
0.5298700664320622
],
[
0.12959764181293987,
1
],
[
0.3287864153221379,
0.9589591647460483
],
[
0.22050805348790442,
0.13209276207077175
],
[
0.9149311564276019,
0.03141986347635686
],
[
0.8090169280587052,
0.21386364752603057
],
[
0.7218676099126633,
0.8429770305764174
],
[
0.23988526650146935,
0.19175263564267533
],
[
0,
0.936401684374761
],
[
0.17107049719050668,
0.2896004590493835
],
[
0.06833651079127151,
0.27846938170512037
],
[
0.9999999999999997,
0.9772767017722167
],
[
0.8681085442446328,
0.6807629837897843
],
[
0.04983808750627635,
0.2017610645125434
],
[
0.9999999999999999,
0.19622901747721747
],
[
0.8608537255352653,
0.7269964669263936
],
[
0.0898186040639674,
0.8553418732086805
],
[
0,
0.9254857189099293
],
[
0.15165146588234896,
0.23015692831415852
],
[
1.0,
0.9001559404013408
],
[
0.849452155856183,
0.797362054606977
],
[
0.7910262739028711,
0.1184866123551253
],
[
0.6993650843079137,
0.11423938334882815
],
[
1.0458406595141849e-17,
0.29100156170603436
],
[
0.047292038319000904,
0.229285630850775
],
[
0.9999999999999998,
0.07998716379288608
],
[
0.1673696963764722,
0.9566293734709012
],
[
0,
0.19347966428941665
],
[
0.036994315754307394,
0.8982801680569975
],
[
0.9074762610067991,
0.39952371902891304
],
[
0.8075623955334833,
0.9835241063643871
],
[
0.1681729377226902,
0.7013971878483265
],
[
0,
0.8970329867564402
],
[
0.6030436333204262,
0.16526050144393506
],
[
0.8093398706534363,
0.07965093109287065
],
[
0.18441928932901072,
0.20049509276025718
],
[
0.978206441255236,
0.016008248704644217
],
[
0.7411182485652156,
0.7346184045970214
],
[
0.8848099055284279,
0.8384659830250282
],
[
0.9495327403364046,
0.3272324376439941
],
[
0.17546478806988242,
0.39063641912598984
],
[
1.0888084323458607e-16,
0.9999999999999994
],
[
0.05999107055935979,
0.15385569923189474
],
[
0.14508875031294324,
0.9097410127884858
],
[
0.2038882205412996,
0.1935067933051569
],
[
0.9757063514953711,
0.09328943340505665
],
[
0.8314853369562044,
0.6928893462248653
],
[
0.8060876646983917,
0.2555335545323655
],
[
0.12708608396045717,
0.8472533497593626
],
[
0.06482435719104276,
0.19650769825703585
],
[
0.7793788913694562,
0.16562779439084294
],
[
0.6658769942322454,
0.9985785414387423
],
[
0.2963666715220942,
0.04155954273745422
],
[
0.2786010271308565,
0.3277481090669899
],
[
0.17617737905566574,
0.0014214585612577946
],
[
0.9501619124937236,
0.19098307194129494
],
[
0.8844559479369551,
0.8736423051440331
],
[
0.7512446709702134,
0.3925327664599628
],
[
0.24520014098842982,
0.9023964877405577
],
[
0.30047204101518854,
0.10027599122991289
],
[
2.9482519293718354e-16,
0.8816304394379438
],
[
0.08137435570116919,
0.09984405959865914
],
[
0.15786497351125303,
0.13090476612835716
],
[
0.9999999999999998,
0.22093020592239754
],
[
0.6505413604383778,
0.8483801598288503
],
[
0.12041273258004204,
0.2462733026711399
],
[
0.072673163458675,
0.7084861788337309
],
[
0.04337062652909904,
0.10296701324355986
],
[
0.15745078104769747,
0.9265154574883039
],
[
0.8425492189523027,
0.21642442568797418
],
[
0.920012836207114,
0.14661071706518364
],
[
0.0710094672999451,
0.15161984017114974
],
[
0.09155388666423919,
0.89342130183862
],
[
0.25163856769524817,
0.2986028121516731
],
[
0.9084461133357616,
0.28675626059412024
],
[
0.8120463449744101,
0.7417816104846184
],
[
0.17302099019392653,
0.2593080009835099
],
[
0,
0.07348454251169573
],
[
0.2529658159957712,
0.8547257482918356
],
[
0.3319165619101714,
0.2266204326775186
],
[
0.19243760446651673,
0.9203490689071292
],
[
0.10657869816137965,
0.9030647512177844
],
[
1,
0.29151382116626917
],
[
0.8065203357105835,
0.8815133876448747
],
[
0.27477207092867345,
0.11836956056205625
],
[
0.1391462744647349,
0.8194511346282143
],
[
0.7982389354874564,
0.2487553290297867
],
[
0.7182552789401982,
0.7861363524739697
],
[
0.1189876917796645,
0.37262050422161186
],
[
0.6974391023939024,
0.1945160590726039
],
[
0.8810123082203355,
0.391964711199729
],
[
0.36071916921115815,
0.2667636648147431
],
[
0.22062110863054446,
0.7843990906546068
],
[
0.866475930864201,
0.21791089741411207
],
[
0.8214761541687371,
0.8007485064644749
],
[
0.17471081151074885,
0.1939123353016078
],
[
0.8118107363031762,
0.30971093310846176
],
[
0.9405496070255883,
0.8432283258962524
],
[
0.8484795972318943,
0.8751227789213005
],
[
0.05046725966359544,
0.9398672877166128
],
[
0.9289905327000552,
0.016475893635612634
],
[
0.7275855537436136,
0.8347394985560646
],
[
0.16447897143990903,
0.20263794539302304
],
[
0.8523896115710218,
0.21408642577759618
],
[
0.9101813959360326,
0.8263837093652237
],
[
0.7647920371569297,
0.09760351225944217
],
[
0.14279825126340476,
0.869095233871643
],
[
0.857201748736595,
0.8080618211426627
],
[
0.8112070085844546,
0.041040835253951496
],
[
0.1727831416389764,
0.8857606166511719
],
[
0.14465812679131956,
0.10805358587387799
],
[
0.7889361182770754,
0.9584404572625455
],
[
0.7645313469468895,
0.1937772237172269
],
[
0.17025192499284336,
0.8528448651519234
],
[
0.22776085512039734,
0.09025898721151387
],
[
0.721355002782994,
0.28050294534193104
],
[
0.8297480750071571,
0.9699759960728995
],
[
0.22591361328496606,
0.10211315316824825
],
[
0.7954369089059953,
0.22724068952177606
],
[
0.8496100134414838,
0.1615340169749719
],
[
0.10676842479111777,
0.8064932066948435
],
[
0.7161947961160707,
0.3065877629305296
],
[
0.8932315752088821,
0.9335985185731864
],
[
0.1749745367599279,
0.1502674587864871
],
[
0.060132712283387096,
0.8603600089963644
],
[
0.3808026007178365,
0.770699728379536
],
[
0.6727675623560062,
0.21640532539262264
],
[
0.1248772210786997,
0.1396399910036354
]
],
"half_couplers": [
{
"pose": [
[
-0.46820557021353815,
0.2904412914992832,
0.8345222586685416,
1.6974330420341575
],
[
-0.2911737392937589,
0.8409741113372114,
-0.4560486789875372,
-0.06547474523429818
],
[
-0.8342669821865815,
-0.45651549837088334,
-0.30917988644230765,
-0.5475174042266422
],
[
0.0,
0.0,
0.0,
1.0
]
],
"at_element": 0,
"to_element": 11
},
{
"pose": [
[
0.9553225710997771,
-0.29044129149928066,
-0.05479636246632821,
1.6869771560396836
],
[
-0.28215814568762454,
-0.8409741113372127,
-0.46168097738883135,
-0.09574981179613262
],
[
0.0880088971038302,
0.4565154983708825,
-0.8853519265115721,
-0.5310828470704045
],
[
0.0,
0.0,
0.0,
1.0
]
],
"at_element": 11,
"to_element": 0
},
{
"pose": [
[
-0.13982818773619665,
0.5329359039332694,
0.8345222586685392,
1.6268751357386806
],
[
0.36748001240618067,
0.8105418205593542,
-0.45604867898754076,
-0.026916348949557103
],
[
-0.9194599058123005,
0.2429017896664345,
-0.30917988644230876,
-0.5213765970409261
],
[
0.0,
0.0,
0.0,
1.0
]
],
"at_element": 0,
"to_element": 33
},
{
"pose": [
[
0.6398413488953234,
-0.5329359039332711,
0.5536988085075136,
1.607689261493611
],
[
-0.5738778522113341,
-0.8105418205593515,
-0.11698789623562503,
-0.056096130842369266
],
[
0.5111430905188086,
-0.2429017896664383,
-0.8244582837182981,
-0.530121144285816
],
[
0.0,
0.0,
0.0,
1.0
]
],
"at_element": 33,
"to_element": 0
},
{
"pose": [
[
-0.04617630630506042,
-0.9983784995742642,
-0.03328844129518037,
1.64287316456622
],
[
-0.9809512077601683,
0.03902539774880265,
0.1902938420559506,
-0.16311102665261556
],
[
-0.18868618584805985,
0.041441403431702994,
-0.9811626436792846,
-0.6614617441404413
],
[
0.0,
0.0,
0.0,
1.0
]
],
"at_element": 1,
"to_element": 11
},
{
"pose": [
[
0.015418503439068365,
0.9983784995742637,
-0.0547963624663268,
1.6788153837449025
],
[
0.8861871661493652,
-0.03902539774880265,
-0.46168097738882957,
-0.1645159641588027
],
[
-0.4630708113278753,
-0.04144140343170549,
-0.885351926511573,
-0.6629536592867007
],
[
0.0,
0.0,
0.0,
1.0
]
],
"at_element": 11,
"to_element": 1
},
{
"pose": [
[
-0.40954315442254274,
-0.12461052316835908,
0.9037403510861628,
1.7346624094440453
],
[
0.6342962267909887,
0.673110221902804,
0.3802511352365334,
0.08000707766471352
],
[
-0.6557001611593118,
0.7289683440902395,
-0.1966276988879907,
-0.6093283847640023
],
[
0.0,
0.0,
0.0,
1.0
]
],
"at_element": 10,
"to_element": 61
},
{
"pose": [
[
0.7421320933011961,
0.12461052316835905,
-0.6585682755858291,
1.7391483873811704
],
[
0.5508768505145573,
-0.6731102219028027,
0.4934139486649333,
0.05577511452120202
],
[
-0.3818044678360204,
-0.7289683440902405,
-0.5681817505471165,
-0.6355712399041995
],
[
0.0,
0.0,
0.0,
1.0
]
],
"at_element": 61,
"to_element": 10
},
{
"pose": [
[
0.7927191925973159,
0.6071191319241377,
-0.054796362466326215,
1.6938746567662404
],
[
0.5190179603661661,
-0.7193545940178856,
-0.46168097738883285,
-0.037635646299585906
],
[
-0.31971336929381666,
0.33754307535045747,
-0.8853519265115715,
-0.41963903435154637
],
[
0.0,
0.0,
0.0,
1.0
]
],
"at_element": 11,
"to_element": 34
},
{
"pose": [
[
-0.6230973426986597,
-0.6071191319241388,
0.493108569357246,
1.6720183630538528
],
[
-0.6945972774604664,
0.7193545940178843,
0.007974346987246,
-0.011738875034313354
],
[
-0.35956129333728004,
-0.33754307535045847,
-0.8699312321192854,
-0.431790587823533
],
[
0.0,
0.0,
0.0,
1.0
]
],
"at_element": 34,
"to_element": 11
},
{
"pose": [
[
0.756488192151214,
0.3480563813423723,
0.5536988085075144,
1.6572376200098615
],
[
0.4844992052541928,
-0.8669338799714883,
-0.11698789623562376,
-0.06656492386789357
],
[
0.43930187257038134,
0.356766594798945,
-0.8244582837182983,
-0.6038987179336244
],
[
0.0,
0.0,
0.0,
1.0
]
],
"at_element": 33,
"to_element": 59
},
{
"pose": [
[
0.640546540891983,
-0.34805638134237116,
0.6845121506285838,
1.6447075877708761
],
[
-0.05795183146058511,
0.8669338799714892,
0.4950426577457175,
-0.03535529793540377
],
[
-0.765729530697151,
-0.3567665947989435,
0.5351409932474687,
-0.6167423179198764
],
[
0.0,
0.0,
0.0,
1.0
]
],
"at_element": 59,
"to_element": 33
},
{
"pose": [
[
0.7514864297844046,
0.43830592589690165,
0.49310856935724506,
1.7377216338818455
],
[
0.4998930237246799,
-0.8660504457717946,
0.007974346987248276,
-0.010676349026171624
],
[
0.4305520998454028,
0.24050892021323503,
-0.8699312321192856,
-0.5477028450778857
],
[
0.0,
0.0,
0.0,
1.0
]
],
"at_element": 34,
"to_element": 59
},
{
"pose": [
[
0.5825212708266447,
-0.43830592589690176,
0.684512150628585,
1.7219426196889942
],
[
0.06992419031019825,
0.8660504457717936,
0.49504265774571465,
0.020501468722002633
],
[
-0.8098021836497935,
-0.24050892021323714,
0.53514099324747,
-0.5563611666777736
],
[
0.0,
0.0,
0.0,
1.0
]
],
"at_element": 59,
"to_element": 34
},
{
"pose": [
[
0.7555615466891059,
-0.43124318892153873,
0.49310856935724423,
1.7699992798330122
],
[
-0.4996049153968834,
-0.8662166809184642,
0.00797434698724718,
-0.010154368341306027
],
[
0.4236999854567369,
-0.25238457501872424,
-0.8699312321192862,
-0.6046463541894985
],
[
0.0,
0.0,
0.0,
1.0
]
],
"at_element": 34,
"to_element": 61
},
{
"pose": [
[
-0.6166985798594733,
0.4312431889215381,
-0.658568275585828,
1.7855240417234883
],
[
0.07881203563841951,
0.8662166809184657,
0.49341394866493743,
0.02102944641168339
],
[
0.783244230516789,
0.2523845750187193,
-0.5681817505471143,
-0.5955605053398195
],
[
0.0,
0.0,
0.0,
1.0
]
],
"at_element": 61,
"to_element": 34
},
{
"pose": [
[
-0.43049441455694515,
-0.34387084613562485,
0.8345222586685404,
2.534548875117883
],
[
-0.8899245441859935,
0.0073422100945567115,
-0.45604867898753865,
-0.5229407575207573
],
[
0.1506946073707504,
-0.9389882497288753,
-0.3091798864423081,
-0.8576581770142058
],
[
0.0,
0.0,
0.0,
1.0
]
],
"at_element": 0,
"to_element": 63
},
{
"pose": [
[
0.937895230396991,
0.34387084613562535,
-0.045884397964277096,
2.546928204693781
],
[
-0.04617726988601814,
-0.007342210094553936,
-0.9989062777342032,
-0.5232050766382325
],
[
-0.34383163982456433,
0.938988249728875,
0.008992793039683478,
-0.8238546570533871
],
[
0.0,
0.0,
0.0,
1.0
]
],
"at_element": 63,
"to_element": 0
},
{
"pose": [
[
0.8178952690931833,
-0.5735346117005016,
-0.045884397964277124,
2.553899099490561
],
[
-0.03239811834044126,
0.03371365051722475,
-0.9989062777342033,
-0.3714482511623999
],
[
0.5744542546826406,
0.8184872869815127,
0.008992793039687141,
-0.8252208690337137
],
[
0.0,
0.0,
0.0,
1.0
]
],
"at_element": 63,
"to_element": 64
},
{
"pose": [
[
0.4186706119953706,
0.5735346117005002,
-0.7041114740103149,
2.5745463178599985
],
[
0.8708660643093253,
-0.03371365051722419,
0.4903628124187115,
-0.37266194095558636
],
[
0.2575018770529796,
-0.8184872869815137,
-0.513586744731436,
-0.8546863719033829
],
[
0.0,
0.0,
0.0,
1.0
]
],
"at_element": 64,
"to_element": 63
},
{
"pose": [
[
0.549043100858882,
0.8345335795656874,
-0.04588439796427596,
2.5505847718761157
],
[
-0.03273867357592242,
-0.03338304293631578,
-0.9989062777342034,
-0.44360137526168
],
[
-0.8351525924355099,
0.5499447945217707,
0.008992793039687141,
-0.824571300473925
],
[
0.0,
0.0,
0.0,
1.0
]
],
"at_element": 63,
"to_element": 80
},
{
"pose": [
[
-0.1430353041275263,
-0.8345335795656886,
0.5320663552137312,
2.5205415658799133
],
[
-0.9770659264585736,
0.03338304293631511,
-0.21030394147034304,
-0.442399585830705
],
[
0.15774370709094981,
-0.5499447945217688,
-0.8201692787782373,
-0.8443693111866338
],
[
0.0,
0.0,
0.0,
1.0
]
],
"at_element": 80,
"to_element": 63
},
{
"pose": [
[
0.6491408375292713,
0.7592830796713779,
-0.045884397964276624,
2.5564900343344696
],
[
-0.03665811430948296,
-0.029024661212003977,
-0.9989062777342032,
-0.3150434339346419
],
[
-0.7597844139669285,
0.6501128932472239,
0.00899279303968592,
-0.8257286612651541
],
[
0.0,
0.0,
0.0,
1.0
]
],
"at_element": 63,
"to_element": 83
},
{
"pose": [
[
0.02001591526095514,
-0.7592830796713786,
-0.6504525870968716,
2.5291559135150443
],
[
0.999573821050319,
0.029024661212004532,
-0.003121748291170068,
-0.3139985488087213
],
[
0.02124945663143718,
-0.6501128932472232,
0.7595404443652709,
-0.8491326654449612
],
[
0.0,
0.0,
0.0,
1.0
]
],
"at_element": 83,
"to_element": 63
},
{
"pose": [
[
0.6050545152984199,
-0.3716666055539767,
-0.7041114740103153,
2.535191559164558
],
[
0.03574616052759244,
-0.870785004581696,
0.4903628124187146,
-0.3452541925119453
],
[
-0.7953811951036621,
-0.32186551556766785,
-0.5135867447314326,
-0.8833921708487731
],
[
0.0,
0.0,
0.0,
1.0
]
],
"at_element": 64,
"to_element": 83
},
{
"pose": [
[
0.6624012124498058,
0.3716666055539767,
-0.6504525870968706,
2.5485717990251358
],
[
-0.4916540760364587,
0.870785004581695,
-0.0031217482911698458,
-0.31390536521837964
],
[
0.5652441094445507,
0.3218655155676701,
0.7595404443652718,
-0.8718048026623717
],
[
0.0,
0.0,
0.0,
1.0
]
],
"at_element": 83,
"to_element": 64
},
{
"pose": [
[
-0.8996431300918741,
0.4353551632341498,
-0.03328844129517919,
1.6718066034694608
],
[
0.4219228980084352,
0.8864363044301319,
0.19029384205594832,
-0.32850943638789415
],
[
0.11235348955265892,
0.15715139208297632,
-0.9811626436792851,
0.19133905699374398
],
[
0.0,
0.0,
0.0,
1.0
]
],
"at_element": 1,
"to_element": 2
},
{
"pose": [
[
0.17369323060167496,
-0.43535516323415113,
0.8833439553698883,
1.6561334490637685
],
[
-0.25398908741157533,
-0.886436304430132,
-0.3869369737619888,
-0.3604218937179854
],
[
0.951483160712258,
-0.15715139208297374,
-0.26454344604883917,
0.18568147384970018
],
[
0.0,
0.0,
0.0,
1.0
]
],
"at_element": 2,
"to_element": 1
},
{
"pose": [
[
0.005140061113905747,
-0.999432568734821,
-0.03328844129517787,
1.6726875937628167
],
[
-0.9816611398231828,
-0.011386844893755077,
0.1902938420559502,
-0.3335456297695572
],
[
-0.19056491369817968,
0.03169984724699393,
-0.9811626436792844,
0.21730587104850346
],
[
0.0,
0.0,
0.0,
1.0
]
],
"at_element": 1,
"to_element": 57
},
{
"pose": [
[
-0.03319449690115772,
0.9994325687348213,
0.005715411410922522,
1.7086671679283267
],
[
0.1732758167964495,
0.011386844893755632,
-0.9848075096570339,
-0.3331357033341153
],
[
-0.9843137795891119,
-0.031699847246991764,
-0.1735554752680395,
0.21616467649397506
],
[
0.0,
0.0,
0.0,
1.0
]
],
"at_element": 57,
"to_element": 1
},
{
"pose": [
[
0.9289536420499326,
-0.36869636640235975,
-0.03328844129517892,
1.6776999209874546
],
[
-0.35626134584319874,
-0.9148038626577708,
0.19029384205594924,
-0.36219866872563833
],
[
-0.1006130427934592,
-0.16491477274070593,
-0.9811626436792844,
0.3650420833602418
],
[
0.0,
0.0,
0.0,
1.0
]
],
"at_element": 1,
"to_element": 79
},
{
"pose": [
[
-0.7752124789436177,
0.3686963664023597,
0.512941129070177,
1.6909731231021665
],
[
0.40050205425794505,
0.914803862657771,
-0.052268512525114004,
-0.3292653998603717
],
[
-0.48851173683470195,
0.16491477274070648,
-0.8568310222597126,
0.370979074634792
],
[
0.0,
0.0,
0.0,
1.0
]
],
"at_element": 79,
"to_element": 1
},
{
"pose": [
[
-0.4168110881007263,
-0.21441075847020907,
0.8833439553698874,
1.7012566182284397
],
[
-0.9066144996815877,
0.16831496458431094,
-0.3869369737619892,
-0.3801874928563382
],
[
-0.06571655653937214,
-0.9621320592045624,
-0.26454344604884006,
0.1721680076682643
],
[
0.0,
0.0,
0.0,
1.0
]
],
"at_element": 2,
"to_element": 57
},
{
"pose": [
[
0.976726860859592,
0.21441075847021063,
0.005715411410923035,
1.7089754027181958
],
[
0.042711141638871894,
-0.1683149645843085,
-0.984807509657033,
-0.3862468293714308
],
[
-0.21019133582350946,
0.9621320592045626,
-0.17355547526804416,
0.20680474916702238
],
[
0.0,
0.0,
0.0,
1.0
]
],
"at_element": 57,
"to_element": 2
},
{
"pose": [
[
0.6821355728856081,
0.7312033877632318,
0.00571541141092391,
1.7077904278858644
],
[
0.13074807718428566,
-0.11427645967443745,
-0.9848075096570337,
-0.18206693229452572
],
[
-0.7194414503742714,
0.6725195138342452,
-0.17355547526803972,
0.24278796287109222
],
[
0.0,
0.0,
0.0,
1.0
]
],
"at_element": 57,
"to_element": 78
},
{
"pose": [
[
-0.031237020700378038,
-0.731203387763231,
0.6814439479967065,
1.681467117286065
],
[
-0.9904433465721872,
0.11427645967443578,
0.07721960887729945,
-0.17795298152159836
],
[
-0.134336241456467,
-0.6725195138342464,
-0.7277851865375515,
0.21857727082104755
],
[
0.0,
0.0,
0.0,
1.0
]
],
"at_element": 78,
"to_element": 57
},
{
"pose": [
[
-0.569590203029384,
0.3493948496482533,
-0.7439692464424986,
1.7336010319353623
],
[
0.08009364499937305,
0.924437053506625,
0.3728285693649345,
-0.29904768949064864
],
[
0.8180171200186822,
0.15277229180471136,
-0.5545345960470605,
0.32628306075007707
],
[
0.0,
0.0,
0.0,
1.0
]
],
"at_element": 58,
"to_element": 79
},
{
"pose": [
[
0.7841011651231533,
-0.34939484964825324,
0.5129411290701771,
1.72102280670553
],
[
-0.3777355380453384,
-0.9244370535066249,
-0.05226851252511356,
-0.3323274515750495
],
[
0.49244413505504586,
-0.15277229180471105,
-0.8568310222597124,
0.3207832535916949
],
[
0.0,
0.0,
0.0,
1.0
]
],
"at_element": 79,
"to_element": 58
},
{
"pose": [
[
0.011593218578402453,
0.4685819605943819,
0.8833439553698881,
0.7762492177425259
],
[
0.5822522441461926,
0.715025945349283,
-0.3869369737619898,
0.02499959432035658
],
[
-0.8129255325487792,
0.5188148452799799,
-0.2645434460488385,
0.4491888033137786
],
[
0.0,
0.0,
0.0,
1.0
]
],
"at_element": 2,
"to_element": 32
},
{
"pose": [
[
0.4147774222028566,
-0.4685819605943814,
0.7799939975642626,
0.7593803720937503
],
[
-0.69659323625566,
-0.7150259453492844,
-0.059124958183733894,
-0.0007411795917826643
],
[
0.5854208343009492,
-0.5188148452799782,
-0.6229876428015992,
0.4305115850652998
],
[
0.0,
0.0,
0.0,
1.0
]
],
"at_element": 32,
"to_element": 2
},
{
"pose": [
[
-0.4661366253012358,
0.04919454303331822,
0.8833439553698876,
0.9002677174829697
],
[
-0.6659461725529461,
0.6378052003535211,
-0.3869369737619896,
-0.029325046368417457
],
[
-0.582436556042679,
-0.7686250212800438,
-0.2645434460488394,
0.412047799409579
],
[
0.0,
0.0,
0.0,
1.0
]
],
"at_element": 2,
"to_element": 53
},
{
"pose": [
[
-0.8188806420474468,
-0.04919454303331791,
0.5718517211792797,
0.8984967140223379
],
[
0.46636182246971336,
-0.6378052003535231,
0.6129528341925911,
-0.05228603243286939
],
[
0.33457606702017584,
0.7686250212800424,
0.545228788711276,
0.43971829879186375
],
[
0.0,
0.0,
0.0,
1.0
]
],
"at_element": 53,
"to_element": 2
},
{
"pose": [
[
0.08260821441914745,
-0.4613884907775241,
0.8833439553698881,
0.8005813124044436
],
[
-0.42703899267327816,
-0.8172621838018115,
-0.3869369737619894,
0.01434124655385111
],
[
0.9004518763637912,
-0.34525814038995967,
-0.26454344604883895,
0.44190183866957616
],
[
0.0,
0.0,
0.0,
1.0
]
],
"at_element": 2,
"to_element": 55
},
{
"pose": [
[
-0.6856247233892026,
0.4613884907775231,
-0.5630625180701686,
0.8171909075904886
],
[
0.08147451655691185,
0.8172621838018113,
0.5704773668422893,
0.043761993506025554
],
[
0.7233813944450721,
0.34525814038996083,
-0.5979265629365944,
0.454330839525016
],
[
0.0,
0.0,
0.0,
1.0
]
],
"at_element": 55,
"to_element": 2
},
{
"pose": [
[
-0.7608497583752136,
-0.37857380749468234,
0.5270574138168997,
0.9230978421553359
],
[
-0.150954834110616,
0.8931693477568187,
0.42362855697685864,
0.1164177914356981
],
[
-0.6311262023074433,
0.24275582074718285,
-0.7367152287379066,
0.38478164889856264
],
[
0.0,
0.0,
0.0,
1.0
]
],
"at_element": 3,
"to_element": 12
},
{
"pose": [
[
0.08641471398515932,
0.3785738074946821,
0.9215282792653963,
0.9367262995548831
],
[
-0.22702348191393912,
-0.8931693477568181,
0.3882123837377305,
0.08426416599858666
],
[
0.9700478523591165,
-0.24275582074718402,
0.008762170212143539,
0.37604256738777536
],
[
0.0,
0.0,
0.0,
1.0
]
],
"at_element": 12,
"to_element": 3
},
{
"pose": [
[
-0.8303396025828214,
0.18096029101226382,
0.5270574138169001,
0.8433598127800446
],
[
0.4413001329500984,
0.7910708175453894,
0.42362855697685753,
0.05232741829056704
],
[
-0.3402797922898563,
0.5843460744326311,
-0.7367152287379068,
0.4962386154648948
],
[
0.0,
0.0,
0.0,
1.0
]
],
"at_element": 3,
"to_element": 55
},
{
"pose": [
[
0.8063584648413124,
-0.1809602910122635,
-0.5630625180701687,
0.836845236034383
],
[
0.22082240726148736,
-0.7910708175453889,
0.5704773668422894,
0.02384884145293674
],
[
-0.5486560768186242,
-0.584346074432632,
-0.5979265629365944,
0.475202136541132
],
[
0.0,
0.0,
0.0,
1.0
]
],
"at_element": 55,
"to_element": 3
},
{
"pose": [
[
0.21992940774440273,
-0.3200260710057119,
0.9215282792653967,
0.6898166530618878
],
[
-0.5032000353244197,
0.7720627368045764,
0.3882123837377295,
-0.019751505131219687
],
[
-0.8357157292158015,
-0.5490923823132811,
0.00876217021214376,
0.37369487562587267
],
[
0.0,
0.0,
0.0,
1.0
]
],
"at_element": 12,
"to_element": 31
},
{
"pose": [
[
0.5034285192631922,
0.3200260710057117,
0.802585222807595,
0.7013376731402218
],
[
0.6295578857351757,
-0.7720627368045767,
-0.0870402145360541,
-0.04754596032827854
],
[
0.5917910057622752,
0.5490923823132807,
-0.5901533370103067,
0.39346234126269153
],
[
0.0,
0.0,
0.0,
1.0
]
],
"at_element": 31,
"to_element": 12
},
{
"pose": [
[
0.1987611426805207,
-0.3335860288958332,
0.9215282792653964,
0.7949950069113433
],
[
-0.4521889825567942,
0.8030045262431089,
0.3882123837377312,
0.024556998887839503
],
[
-0.8694936067703921,
-0.49386647199277306,
0.008762170212142317,
0.3746949432958487
],
[
0.0,
0.0,
0.0,
1.0
]
],
"at_element": 12,
"to_element": 32
},
{
"pose": [
[
0.5294617314681296,
0.3335860288958339,
0.7799939975642624,
0.8070040956701967
],
[
0.5930328575659656,
-0.8030045262431078,
-0.0591249581837337,
-0.00435114412202785
],
[
0.6066154504774138,
0.4938664719927756,
-0.6229876428016001,
0.39247412402717063
],
[
0.0,
0.0,
0.0,
1.0
]
],
"at_element": 32,
"to_element": 12
},
{
"pose": [
[
-0.7167794127015799,
-0.30237279398201494,
0.6283295051059501,
0.9589396232522475
],
[
-0.5684060796201504,
0.775317831562068,
-0.2753121659366764,
0.052080414394759356
],
[
-0.4039081605736996,
-0.5544844033166332,
-0.7276023943752299,
0.48776444258763946
],
[
0.0,
0.0,
0.0,
1.0
]
],
"at_element": 13,
"to_element": 53
},
{
"pose": [
[
-0.7625983886973577,
0.30237279398201466,
0.5718517211792797,
0.9698250554853345
],
[
0.15222050820162364,
-0.7753178315620697,
0.6129528341925915,
0.024168942587296224
],
[
0.6287070974937645,
0.5544844033166317,
0.5452287887112759,
0.5077259024700583
],
[
0.0,
0.0,
0.0,
1.0
]
],
"at_element": 53,
"to_element": 13
},
{
"pose": [
[
0.334570182960062,
-0.7811998945306582,
0.5270574138169002,
0.38202860087775803
],
[
-0.900324154992183,
-0.09977605750538343,
0.423628556976857,
-0.3184729356428731
],
[
-0.27835087320086194,
-0.6162560045419201,
-0.7367152287379071,
1.141082460539048
],
[
0.0,
0.0,
0.0,
1.0
]
],
"at_element": 3,
"to_element": 51
},
{
"pose": [
[
0.6228261211223463,
0.7811998945306582,
0.04259515973653405,
0.4101517587417797
],
[
-0.05721108161598881,
0.09977605750538399,
-0.993363795640354,
-0.3148810024694061
],
[
-0.7802656694921424,
0.6162560045419199,
0.10683642580135377,
1.1632676464584548
],
[
0.0,
0.0,
0.0,
1.0
]
],
"at_element": 51,
"to_element": 3
},
{
"pose": [
[
0.8393277530468399,
0.133189359582451,
0.5270574138169004,
0.430790670923778
],
[
-0.12361990838793882,
-0.8973611112388731,
