{
"line_pt_pairs": [
[
[
49.909153222877066,
-13.285729749251018,
0.3553573185139203
],
[
50.82626975844849,
-13.211239473945874,
-0.03623999897743446
]
],
[
[
56.13308463116423,
-13.285729743952192,
0.3553572906578495
],
[
55.2159680955928,
-13.211239468647046,
-0.03624002683350436
]
],
[
[
53.52111896010723,
-13.58334839321621,
-3.055401173623906e-06
],
[
52.52111896010723,
-13.58334839321621,
-3.055401173623906e-06
]
],
[
[
49.96106440970147,
-14.218182558967994,
0.2655678472663696
],
[
50.91693673673844,
-14.242254514998297,
-0.02722668024020103
]
],
[
[
56.081173509578434,
-14.218182558967994,
0.26556784726636895
],
[
55.125301182541456,
-14.242254514998297,
-0.02722668024020103
]
],
[
[
49.80578662701818,
-12.358505868435987,
0.2750035955554384
],
[
50.74177878426918,
-12.179621353202934,
-0.028177887676048563
]
],
[
[
56.23645129226172,
-12.358505868435987,
0.2750035955554375
],
[
55.30045913501072,
-12.179621353202933,
-0.028177887676048563
]
],
[
[
53.62735669887491,
-13.895243725690023,
7.3581896353758225e-06
],
[
52.6274687642135,
-13.910214284431618,
-1.4766742084892925e-05
]
],
[
[
50.317796801035804,
-13.59160616156146,
-0.02980999585064925
],
[
50.67793050300794,
-13.788481911722625,
0.882080159651821
]
],
[
[
50.69638369747848,
-13.224438759335957,
-0.20541408756077928
],
[
51.125416677753286,
-13.35152982469196,
0.6888893077940575
]
],
[
[
50.87243349422475,
-13.03223312456805,
-0.11167372469277437
],
[
50.30808018993692,
-13.79780141394312,
0.1972122449509386
]
],
[
[
50.92455383955306,
-13.395693737093683,
-0.011399878104599859
],
[
50.16173899033237,
-12.791585437931206,
0.21917910769294813
]
],
[
[
51.07263388698333,
-13.443690109854646,
0.425082675581097
],
[
50.47570557955165,
-12.710726836259138,
0.7513363121078064
]
],
[
[
49.94621781619383,
-13.296046190235435,
0.12854548148715472
],
[
50.45925308306144,
-13.37099804479039,
0.9836343858993483
]
],
[
[
50.29692631507366,
-13.265553728584194,
0.6948733614314414
],
[
50.845772218279684,
-13.322636145139837,
1.5288456464950024
]
],
[
[
50.317504984450004,
-12.932450251921223,
-0.03470324001757863
],
[
50.6673312455276,
-12.89317574564254,
0.9012877322770453
]
],
[
[
50.56742951335638,
-12.833403291775483,
0.5598758567564655
],
[
50.97787718234827,
-12.83049832415265,
1.4717553839870272
]
],
[
[
50.20676498818122,
-13.33466416150364,
0.8966928594500564
],
[
51.10290270017376,
-13.205991304553736,
0.4719806074144868
]
],
[
[
49.77900948923338,
-13.192914441842062,
0.34810240503401935
],
[
50.57040521587672,
-13.70787245151716,
0.018692247142500618
]
],
[
[
50.1441154866743,
-13.179190618866222,
0.8734147933346088
],
[
50.79066015816407,
-13.90304350638699,
0.6325476411613946
]
],
[
[
49.866855240944055,
-13.444281027083225,
0.4116915020364693
],
[
50.52247541086606,
-12.741542733094702,
0.1354287956254483
]
],
[
[
50.22868730015722,
-13.512070230924376,
0.9245911085343675
],
[
50.71785651262159,
-12.659898530129817,
0.7388039347523776
]
],
[
[
50.89116234410513,
-13.231982486740096,
0.376730317645001
],
[
51.41450970771235,
-13.385822586870704,
1.2148477083470326
]
],
[
[
51.179592704816216,
-13.268485551093898,
0.9113654158691772
],
[
51.78829449197155,
-13.293662293973677,
1.7043649530265892
]
],
[
[
51.34725662790377,
-13.138827382414684,
1.0755983502313207
],
[
50.881993400099724,
-14.00643152133274,
1.2510782265294813
]
],
[
[
51.37329352535214,
-13.482998848824726,
1.0636117286797666
],
[
50.893757360069905,
-12.687569744922566,
1.4342026174666125
]
],
[
[
50.69279174633851,
-13.349037874072959,
1.275395189661283
],
[
51.32155203513465,
-13.384912053095244,
2.0521664188610167
]
],
[
[
50.812487029391555,
-12.888672895146263,
1.2140713335658233
],
[
51.44159141600392,
-12.825536990987926,
1.9888238930008924
]
],
[
[
50.623185801610916,
-13.418521678280126,
1.5417849025252077
],
[
51.413294034457415,
-13.297308274209833,
0.9409219472168586
]
],
[
[
50.64078041602521,
-13.15984301754383,
1.416058708405166
],
[
50.9659777270488,
-14.066628862920608,
1.147756379814173
]
],
[
[
50.741923700326495,
-13.594235357647285,
1.383301058425019
],
[
50.98319404246753,
-12.632274492619674,
1.2551608377350525
]
],
[
[
50.61438154978688,
-13.64865721748494,
0.5321723787270147
],
[
51.05921554527601,
-13.819374094870836,
1.4113643169480055
]
],
[
[
51.233450944671326,
-13.210034347470563,
1.968056990495322
],
[
51.45871084790676,
-14.14077532392145,
1.679995867207891
]
],
[
[
51.63511842339539,
-13.20575671735253,
1.506157320967179
],
[
51.299508118825756,
-14.107542438230338,
1.7784590600133474
]
],
[
[
51.102483434186,
-13.449587795568084,
2.1064499821402993
],
[
51.85488354535653,
-13.295748260196875,
1.4659599587462298
]
],
[
[
51.20711539065848,
-13.601303340642447,
1.892699453818128
],
[
51.33768711113989,
-12.609967879306742,
1.8783806232496065
]
],
[
[
51.7318093376633,
-13.453030380337891,
1.4897078675096485
],
[
51.24499769377987,
-12.673462779706403,
1.8837748407834605
]
],
[
[
50.861573445122914,
-13.796523326789226,
1.1473545829111051
],
[
51.50601520468093,
-14.048660156186486,
1.8692422734830267
]
],
[
[
51.16274366367822,
-13.13340802285067,
0.4935098948581076
],
[
50.577553079263936,
-13.899726724768122,
0.7586657490352617
]
],
[
[
55.272914511518024,
-13.824683454360931,
0.8295237821064358
],
[
55.67103977223834,
-13.53714805381252,
-0.04157877799073373
]
],
[
[
54.91483054459009,
-13.32442816307551,
0.6936056526937109
],
[
55.33355592101413,
-13.23064751978795,
-0.20965192412649802
]
],
[
[
54.937279355412656,
-13.114032012695336,
0.4296243418100989
],
[
55.46637462556936,
-13.899091177960404,
0.751711755614365
]
],
[
[
55.16089387916089,
-13.043293824404442,
-0.12374253613115194
],
[
55.719657181609385,
-13.813482393897342,
0.18381744055523463
]
],
[
[
55.13461821067488,
-13.406622925005946,
-0.045523379450670864
],
[
55.838697008591346,
-12.787073532297198,
0.3015091785589834
]
],
[
[
55.60777483837993,
-13.315077829385135,
1.0038235591217497
],
[
56.125144183665086,
-13.341787484145605,
0.14847827509793343
]
],
[
[
55.8262275493843,
-13.129003390298747,
0.9140381538771115
],
[
55.2135632741019,
-13.835382311730495,
0.5595366656579253
]
],
[
[
56.23135599440045,
-13.153361101505686,
0.3681967491704361
],
[
55.48985488560577,
-13.718268540395972,
0.0061806015434526795
]
],
[
[
56.154649721559466,
-13.446973965335747,
0.44042364414099455
],
[
55.50355394118402,
-12.774731361276277,
0.08805428386029535
]
],
[
[
54.963380385112195,
-13.91989667981393,
1.3830686583308784
],
[
55.37943547265775,
-13.739152009713711,
0.491873097099887
]
],
[
[
55.34956375079727,
-12.82778312531868,
0.8868985733739365
],
[
55.74159922207364,
-12.89842339469237,
-0.03033538893008325
]
],
[
[
54.36050120991304,
-13.350681316844293,
1.7746516410578785
],
[
54.8711170571448,
-13.345874197541411,
0.9148561141098752
]
],
[
[
54.632373253860806,
-12.789493523056295,
2.0087810037486964
],
[
55.18213897806024,
-12.818468921977018,
1.1739648115525554
]
],
[
[
54.617250477338054,
-13.326990471720537,
1.2169500953002363
],
[
55.1536122458895,
-13.23729630539958,
0.37774153375885366
]
],
[
[
54.697993799639605,
-13.14018069103593,
1.0617504590750262
],
[
55.11389593692718,
-14.013981793696468,
1.3137366594687239
]
],
[
[
54.70491672760591,
-13.495157607255889,
1.029835868875551
],
[
55.28785298056843,
-12.749187472367025,
1.351882267451757
]
],
[
[
54.67886891884908,
-13.418952730151492,
2.016756423394232
],
[
55.31896802984392,
-13.41591874442915,
1.248470068553635
]
],
[
[
55.154919852413656,
-13.368546900103524,
1.4904389257918373
],
[
55.811001655330045,
-13.36945127611956,
0.7357496851198954
]
],
[
[
55.452687450564646,
-13.353477769864439,
1.506012937557543
],
[
54.57154583022593,
-13.266952122819774,
1.041144399893018
]
],
[
[
55.41983321100341,
-13.182474775373134,
1.4467870616859575
],
[
54.93453826172948,
-14.003822438328482,
1.1469924173592039
]
],
[
[
55.319165796839776,
-13.572928493788615,
1.4949599378395073
],
[
54.98232960903538,
-12.655755062276194,
1.2820414578685728
]
],
[
[
54.52313532322556,
-14.036027859135443,
1.8691357911720279
],
[
55.17859528291531,
-13.925353581254935,
1.1220591917130829
]
],
[
[
55.04202727360667,
-12.860951819418712,
1.4653542888760562
],
[
55.47949007115841,
-12.977257977382548,
0.5736709491315594
]
],
[
[
54.36625285066699,
-13.460530904822818,
1.4484218663425763
],
[
54.83660712474845,
-12.712506883453445,
1.9166386113525078
]
],
[
[
54.971029386103844,
-13.424422524057942,
2.076181795266459
],
[
54.213649369691055,
-13.265092000383268,
1.4429446398782788
]
],
[
[
54.87161178859532,
-13.220553843654168,
1.95371224875154
],
[
54.667496027711465,
-14.16104349467627,
1.6820212984437917
]
],
[
[
54.38752286414663,
-13.207044912890934,
1.5267696830466229
],
[
54.70440812697622,
-14.117617380067992,
1.792177882280382
]
],
[
[
54.783938952052836,
-13.595507874303932,
2.006275904373551
],
[
54.6660321038297,
-12.618878779350137,
1.8265717418401906
]
],
[
[
55.79907375202693,
-13.540175640707004,
0.8433570475416571
],
[
55.31629287394866,
-12.694439520222925,
0.6160839997103814
]
],
[
[
54.908985300036385,
-13.436836734382911,
0.5278478624407652
],
[
55.54945741976561,
-12.728687066650636,
0.8250338512427506
]
],
[
[
55.810676271031255,
-13.295967992407425,
0.9513101623792464
],
[
54.936370813606366,
-13.206187078584845,
0.47430979064959033
]
]
],
"contact_id_pairs": [
[
8,
10
],
[
8,
18
],
[
8,
19
],
[
19,
38
],
[
31,
38
],
[
39,
41
],
[
41,
45
],
[
45,
48
],
[
39,
42
],
[
39,
46
],
[
0,
9
],
[
0,
10
],
[
0,
11
],
[
9,
11
],
[
9,
12
],
[
9,
38
],
[
12,
22
],
[
17,
22
],
[
22,
25
],
[
22,
28
],
[
23,
24
],
[
24,
25
],
[
24,
28
],
[
23,
33
],
[
23,
34
],
[
23,
36
],
[
50,
63
],
[
50,
65
],
[
62,
65
],
[
50,
53
],
[
50,
54
],
[
52,
57
],
[
53,
54
],
[
53,
57
],
[
40,
68
],
[
41,
52
],
[
41,
69
],
[
52,
68
],
[
52,
69
],
[
1,
40
],
[
1,
43
],
[
40,
42
],
[
24,
31
],
[
24,
37
],
[
29,
37
],
[
32,
37
],
[
33,
37
],
[
60,
64
],
[
60,
65
],
[
48,
53
],
[
48,
58
],
[
53,
60
],
[
11,
15
],
[
15,
20
],
[
12,
15
],
[
12,
16
],
[
15,
21
],
[
16,
21
],
[
16,
25
],
[
16,
30
],
[
27,
30
],
[
27,
35
],
[
27,
36
],
[
51,
62
],
[
51,
66
],
[
51,
59
],
[
54,
61
],
[
59,
61
],
[
49,
67
],
[
49,
68
],
[
61,
67
],
[
61,
68
],
[
43,
47
],
[
47,
49
],
[
0,
13
],
[
0,
20
],
[
13,
18
],
[
13,
19
],
[
14,
17
],
[
14,
21
],
[
17,
19
],
[
14,
29
],
[
26,
28
],
[
26,
29
],
[
26,
30
],
[
26,
34
],
[
26,
35
],
[
32,
34
],
[
55,
63
],
[
55,
64
],
[
55,
66
],
[
55,
58
],
[
56,
57
],
[
56,
58
],
[
56,
59
],
[
44,
45
],
[
44,
69
],
[
45,
67
],
[
56,
67
],
[
1,
46
],
[
44,
46
],
[
44,
47
]
],
"coupler_pt_pairs": [
[
[
50.390248733529226,
-13.63121375308138,
0.15364465897916624
],
[
50.41381953327146,
-13.654361679327904,
0.1393382157794525
]
],
[
[
50.367547328643674,
-13.618803484083834,
0.09616270847620245
],
[
50.386859020773564,
-13.58843968213053,
0.0950914227682822
]
],
[
[
50.604847256993146,
-13.748529197481819,
0.6970269635523982
],
[
50.630631998245455,
-13.723880564134578,
0.6921653734648721
]
],
[
[
50.66750959451041,
-13.765167664188636,
0.678426799808597
],
[
50.681150923557375,
-13.764063288488034,
0.7117245035228562
]
],
[
[
50.70306146815686,
-13.682690494852404,
0.7074437610934836
],
[
50.725809393007175,
-13.705582135082869,
0.6914892930998148
]
],
[
[
55.34425731979954,
-13.773158005012755,
0.6734249130567549
],
[
55.366538640548214,
-13.750956882522635,
0.6909364736683753
]
],
[
[
55.32351513282704,
-13.687119609797909,
0.664745859016698
],
[
55.34184907056136,
-13.68747360186444,
0.633765746080964
]
],
[
[
55.29715567375423,
-13.739003411428062,
0.6079051298823247
],
[
55.322180757762325,
-13.764024880795532,
0.6145134620461865
]
],
[
[
55.59650279420889,
-13.590980407465715,
0.12150897048793441
],
[
55.57474402540262,
-13.613736891659606,
0.10405291996270338
]
],
[
[
55.61634409154744,
-13.576650557188652,
0.07809598816175689
],
[
55.638027176081586,
-13.605384516172112,
0.07852137237562706
]
],
[
[
50.783193696445665,
-13.214738208941043,
-0.017847057977970815
],
[
50.78380059619084,
-13.250333987204815,
-0.023196792098368668
]
],
[
[
50.747316667192905,
-13.217652222245256,
-0.0025280141378254406
],
[
50.73344757901425,
-13.22077319077569,
-0.0356029391397632
]
],
[
[
50.68635483850335,
-13.2226036795858,
0.02350192606963364
],
[
50.700046370197015,
-13.217895906334997,
0.056462860331833564
]
],
[
[
50.806722081170314,
-13.257123945272182,
0.024582196432045622
],
[
50.785804160133225,
-13.28581145972416,
0.030540522495946965
]
],
[
[
51.01613457413127,
-13.319157537217064,
0.46109480057903873
],
[
50.991002193111385,
-13.343455236043813,
0.4696988156602073
]
],
[
[
51.05355119108383,
-13.330241341794213,
0.5390883561372328
],
[
51.03001023431009,
-13.30722508690382,
0.5536527727159192
]
],
[
[
50.93685597845468,
-13.276969552162718,
0.49929265333882333
],
[
50.961058567884976,
-13.25252876787721,
0.48866599319805526
]
],
[
[
50.98064941264537,
-13.223545168839639,
0.5299208864252727
],
[
50.98218632109641,
-13.258739357431306,
0.5225011448092385
]
],
[
[
51.340689106927314,
-13.364122719046406,
1.0966273185784436
],
[
51.31458496379334,
-13.385616207236858,
1.108982358848333
]
],
[
[
51.295413602740055,
-13.350813799231421,
1.0241206240369793
],
[
51.295082078706386,
-13.315443604235146,
1.0308199917283645
]
],
[
[
51.30890764007762,
-13.273834194623937,
1.0798332698721544
],
[
51.28411203962512,
-13.256576868870777,
1.0994141256415837
]
],
[
[
51.254285545975314,
-13.312196113619875,
1.1106635627414807
],
[
51.27241490361967,
-13.31566675273492,
1.1415718509688235
]
],
[
[
51.2431195747043,
-13.333017967381007,
1.114874949200354
],
[
51.22105544718984,
-13.3268003014887,
1.087115899979198
]
],
[
[
51.63604956988774,
-13.287365234660005,
1.5060245582805236
],
[
51.61053673331139,
-13.271807779584432,
1.526101991519387
]
],
[
[
51.704307726649844,
-13.290188485878435,
1.5949493616272115
],
[
51.70812461169244,
-13.325755334665981,
1.5908903401487122
]
],
[
[
51.66581021518729,
-13.288596175870387,
1.5447958884228958
],
[
51.643197404756556,
-13.311129518287084,
1.56143794347485
]
],
[
[
54.44302000680938,
-13.34990445552367,
1.6357031676698253
],
[
54.44790383656652,
-13.314372264017866,
1.6388022397972397
]
],
[
[
54.4704822764632,
-13.349645915943926,
1.5894610920738448
],
[
54.44227302481513,
-13.364369959922435,
1.572625843793989
]
],
[
[
54.45279895937174,
-13.322893018160418,
1.5345746655068855
],
[
54.428161698687035,
-13.323820945642435,
1.5608068604085994
]
],
[
[
54.761054576905295,
-13.346910364899221,
1.1001837507426981
],
[
54.788058400707655,
-13.329404406588822,
1.116318672552178
]
],
[
[
54.77901251969497,
-13.346741302434959,
1.0699454434761762
],
[
54.80216471729807,
-13.370711588296428,
1.0835610655672543
]
],
[
[
54.69163738302683,
-13.314550973079593,
1.1005619934987434
],
[
54.69275351853153,
-13.27885437940981,
1.1050905800708017
]
],
[
[
54.798699412908555,
-13.351760935591555,
1.122765834017456
],
[
54.816587914873,
-13.352254553610704,
1.0915292418667237
]
],
[
[
54.76729506651359,
-13.285781105126583,
1.103738612913173
],
[
54.75060268003985,
-13.284535005559977,
1.1356103676903588
]
],
[
[
54.976025251409766,
-13.310722571548306,
0.5615988871419876
],
[
55.000108633499046,
-13.336084560593484,
0.5701300744588055
]
],
[
[
55.045021282141626,
-13.273896959204574,
0.4952123757536715
],
[
55.06773566197255,
-13.251657188394141,
0.5121067489636331
]
],
[
[
55.003848833642536,
-13.212806244783634,
0.47014859574079515
],
[
54.98673586532638,
-13.211358978553836,
0.5017877712439127
]
],
[
[
55.02428086779111,
-13.258924003005626,
0.5800974922553603
],
[
55.04691756544041,
-13.28432941219578,
0.5918499250116127
]
],
[
[
55.053543626353765,
-13.25403047985125,
0.5343120560815282
],
[
55.054717986623544,
-13.218339944898979,
0.538877208184209
]
],
[
[
55.24957219950237,
-13.213968869824015,
-0.02189149375478605
],
[
55.2484717568499,
-13.249703560090664,
-0.026111779975015903
]
],
[
[
55.35547662534733,
-13.222570666358312,
0.023328374672851426
],
[
55.341212526701845,
-13.224831649071557,
0.056304646294820904
]
],
[
[
55.26683122224975,
-13.24559164671604,
-0.06571608189337086
],
[
55.29100078820965,
-13.222630680855643,
-0.05212781530316413
]
],
[
[
50.9921209023607,
-13.801070188090709,
1.2095422543767012
],
[
50.96561753752055,
-13.78345336989121,
1.2263725791612803
]
],
[
[
50.9679622927971,
-13.846120190745802,
1.2186539777290193
],
[
50.94698567289457,
-13.829940727171339,
1.2430312440495375
]
],
[
[
50.88103145094609,
-13.829763187294462,
1.2178408574863706
],
[
50.90784675982729,
-13.81462768871522,
1.199188803446347
]
],
[
[
51.422889165426575,
-13.992765370748065,
1.7258044374197934
],
[
51.39568095407409,
-14.005492053391578,
1.7456485799021157
]
],
[
[
51.347154518952685,
-13.979516442899845,
1.7398005401848506
],
[
51.36858636876594,
-13.99489133931291,
1.7152978968108847
]
],
[
[
54.67107279446787,
-14.011048647882081,
1.7005204222018566
],
[
54.69746526717088,
-14.022956364909641,
1.721912246175957
]
],
[
[
54.64042486993595,
-14.016223543565582,
1.735452147475541
],
[
54.66395542188895,
-14.00137619186508,
1.7582965981983232
]
],
[
[
55.021724646653375,
-13.894550482591075,
1.258094469899385
],
[
55.048718036488694,
-13.877044480405232,
1.2742467650713425
]
],
[
[
55.045498514214486,
-13.884222523678977,
1.2071705276667632
],
[
55.017097917574425,
-13.86409260910999,
1.1979942724100447
]
],
[
[
55.073788143239796,
-13.929716214832464,
1.2894362059933693
],
[
55.051289774670224,
-13.946849089846955,
1.267158773748804
]
],
[
[
50.36602835346382,
-12.953371616876737,
0.15742777418364273
],
[
50.38606602260299,
-12.924752999819228,
0.14873785604155154
]
],
[
[
50.40104519656012,
-12.92307130885693,
0.18881595524746597
],
[
50.376974898076156,
-12.897500079776993,
0.19673924227066197
]
],
[
[
50.611726278261536,
-12.87774551398294,
0.6769936363718542
],
[
50.587296834903455,
-12.902161097265045,
0.6871486176595173
]
],
[
[
50.59522983185225,
-12.85748966547935,
0.6860098374194356
],
[
50.61929351681285,
-12.833036221227363,
0.6751005894692524
]
],
[
[
50.62074844935442,
-12.898405531179927,
0.77665135835811
],
[
50.59175712418009,
-12.879573700968933,
0.7866966647060027
]
],
[
[
50.65743661696945,
-12.832766261182854,
0.7598419944413595
],
[
50.629425900042264,
-12.813951695381952,
0.7723900091992031
]
],
[
[
50.940810644520965,
-12.83076066476368,
1.3894057459124434
],
[
50.967156742765546,
-12.809320739803635,
1.3774787571221616
]
],
[
[
50.89927977757879,
-12.831054601927733,
1.2971378390055255
],
[
50.930876100477285,
-12.840869599199273,
1.2829472310944015
]
],
[
[
50.89113741528382,
-12.880779668948223,
1.3109305974134535
],
[
50.918434877996596,
-12.890473578840192,
1.2895548438667837
]
],
[
[
51.33636302766501,
-12.83609754275371,
1.8592333752335604
],
[
51.308430026393985,
-12.83209550002727,
1.8815890303829501
]
],
[
[
51.313075992936774,
-12.838434592095634,
1.8305550030249207
],
[
51.333947999653105,
-12.815905503491454,
1.8117708568039022
]
],
[
[
54.74724085716649,
-12.795547619341939,
1.8343551874830752
],
[
54.769498506512214,
-12.819232518252111,
1.8498349688129658
]
],
[
[
54.717617507500876,
-12.79398632089035,
1.8793380790664909
],
[
54.688031130865745,
-12.801097964985715,
1.8601008946386761
]
],
[
[
55.073046192558316,
-12.81271918742619,
1.3396215991258482
],
[
55.04524381479851,
-12.827064559532943,
1.3218103352774446
]
],
[
[
55.161667872755096,
-12.91066365680075,
1.2821705977473716
],
[
55.13890863758962,
-12.886709207901148,
1.2678803581126015
]
],
[
[
55.06845008292689,
-12.890253056916901,
1.3364793153769383
],
[
55.09884606919081,
-12.87605796296168,
1.3495401586453903
]
],
[
[
55.441316514215195,
-12.844315914819896,
0.6722273078678744
],
[
55.412788588070065,
-12.863480827801691,
0.6615101465336014
]
],
[
[
55.405113575616596,
-12.837792562924216,
0.7569302678059922
],
[
55.427799318199334,
-12.863200563096848,
0.7685831766606459
]
],
[
[
55.43119271341103,
-12.964417388077951,
0.6721157757500388
],
[
55.45945478077943,
-12.945230720085926,
0.6834786385127332
]
],
[
[
55.39046475869991,
-12.953589240037283,
0.7551318376437904
],
[
55.36892839838167,
-12.92829226814343,
0.7412664333103003
]
],
[
[
55.65573817896177,
-12.948066921280281,
0.21133081948228116
],
[
55.67221961116082,
-12.94887509345537,
0.179335192172694
]
],
[
[
55.63430669537909,
-12.90973081084628,
0.15881693620629345
],
[
55.65740542786801,
-12.883252644242377,
0.16665037669263594
]
],
[
[
50.044141362577136,
-13.274765707824242,
0.29771906715826324
],
[
50.04538839371943,
-13.310534509426848,
0.2938356008273739
]
],
[
[
50.00793656683104,
-13.277706343062938,
0.31317806320139896
],
[
50.02208627211363,
-13.27789384892309,
0.3462808469692473
]
],
[
[
50.018012318992795,
-13.306535003537663,
0.24820720204685953
],
[
50.00104516078436,
-13.3373921584248,
0.2556823891547566
]
],
[
[
50.346097463835655,
-13.354466581824754,
0.7950350425001498
],
[
50.322783897856254,
-13.37922265229835,
0.8068527237941571
]
],
[
[
50.378233577141394,
-13.274010045694768,
0.8184198846773896
],
[
50.38124972061479,
-13.30961059137049,
0.8139981991696501
]
],
[
[
50.39986522009605,
-13.276259832833029,
0.8512892030037141
],
[
50.37460866289788,
-13.257863603237183,
0.8691699640976085
]
],
[
[
50.28974809402002,
-13.322748946728098,
0.8573641477017939
],
[
50.274678180827735,
-13.325364869978195,
0.8247742806097315
]
],
[
[
50.72794717434366,
-13.310381816193669,
1.3498102914799632
],
[
50.7001703722495,
-13.32544700575708,
1.3670593378392206
]
],
[
[
50.80063012908578,
-13.355190637720861,
1.408618859498787
],
[
50.80324462331034,
-13.390898193542544,
1.4048534401787378
]
],
[
[
50.740768507716325,
-13.35177520808919,
1.334665739300835
],
[
50.71505391290066,
-13.36694852970596,
1.3547797510191018
]
],
[
[
50.77311326007301,
-13.353620651348173,
1.3746244858914773
],
[
50.79985243555561,
-13.36326964608717,
1.3525347369174607
]
],
[
[
51.258913938229405,
-13.381338210500484,
1.9747832373929606
],
[
51.26239031466598,
-13.416892425338235,
1.9703272462462813
]
],
[
[
51.20822371760187,
-13.378446058941496,
1.912160476880126
],
[
51.23594463200614,
-13.38242402155276,
1.8895379650918236
]
],
[
[
51.28079155448493,
-13.405638823770266,
1.9075180794678932
],
[
51.30437799415794,
-13.408307411848126,
1.9345847079068998
]
],
[
[
54.769705146386585,
-13.418522178362425,
1.9077291916054004
],
[
54.77404278972756,
-13.382982326432739,
1.9114834546240334
]
],
[
[
54.799970114727394,
-13.418378726387166,
1.871403313617869
],
[
54.8260862088438,
-13.43031881441235,
1.8931148310291537
]
],
[
[
54.73464611245525,
-13.418688353578979,
1.949809202217312
],
[
54.76169625510943,
-13.411270357038926,
1.9723753694433483
]
],
[
[
55.24681795216752,
-13.416260726321918,
1.3350690330379316
],
[
55.26964634189821,
-13.436661706703651,
1.3540079815135648
]
],
[
[
55.23973450313776,
-13.3686638128659,
1.3928768473005533
],
[
55.24216409736628,
-13.332804964343689,
1.394946020405296
]
],
[
[
55.27537067678307,
-13.36871293555244,
1.3518846467711678
],
[
55.29776966504344,
-13.38906379583638,
1.3713813781916604
]
],
[
[
55.21394558430695,
-13.368628264128583,
1.422541775490395
],
[
55.238917982861956,
-13.354421202760397,
1.444234264079446
]
],
[
[
55.70402992303651,
-13.320047084142004,
0.8446890192140184
],
[
55.68261920865558,
-13.29457841878527,
0.8309431007412749
]
],
[
[
55.681579195581435,
-13.31888804527565,
0.8818058759172586
],
[
55.68480595490035,
-13.283042587551032,
0.8826382959574011
]
],
[
[
55.65764707478216,
-13.323370352154036,
0.8164936559486027
],
[
55.67464012652776,
-13.322192666513129,
0.7847789003862397
]
],
[
[
55.73545781092573,
-13.369347142700931,
0.8226475785190169
],
[
55.71222383999458,
-13.388031860781416,
0.8024717409610803
]
],
[
[
56.054824589978224,
-13.279373286743944,
0.3219412295505133
],
[
56.069094272221555,
-13.276979060830127,
0.2889772269420616
]
],
[
[
56.04539523385265,
-13.337670373349592,
0.28032390675266705
],
[
56.028318771229095,
-13.30804359136409,
0.269069785656038
]
],
[
[
55.999615020194945,
-13.335306928911297,
0.35601043555568057
],
[
56.020683895021584,
-13.308657086619567,
0.3679220951839277
]
]
],
"half_couplers": [
{
"pose": [
[
0.6645607768384931,
-0.65472336951698,
0.3601337019721297,
50.390248733529226
],
[
0.7401487554551988,
0.6429772614926659,
-0.19687575016114184,
-13.63121375308138
],
[
-0.10265862694356995,
0.39738841277989473,
0.9118901555024799,
0.15364465897916663
],
[
0.0,
0.0,
0.0,
1.0
]
],
"at_element": 8,
"to_element": 10
},
{
"pose": [
[
-0.5028346222643727,
0.6547233695169803,
-0.5643533042878165,
50.413819533271464
],
[
0.022032600996358565,
-0.6429772614926907,
-0.7655682893750855,
-13.654361679327906
],
[
-0.8641017921203383,
-0.3973884127798532,
0.3088859696436992,
0.13933821577945252
],
[
0.0,
0.0,
0.0,
1.0
]
],
"at_element": 10,
"to_element": 8
},
{
"pose": [
[
-0.76325045506241,
-0.5364256328242185,
0.36013370197214417,
50.367547328643674
],
[
0.49987788453935683,
-0.8434228118488039,
-0.19687575016114867,
-13.618803484083834
],
[
0.40935417842680183,
0.029757367191912604,
0.9118901555024727,
0.09616270847620152
],
[
0.0,
0.0,
0.0,
1.0
]
],
"at_element": 8,
"to_element": 18
},
{
"pose": [
[
-0.2931558362027151,
0.53642563282426,
0.7913957266433648,
50.386859020773564
],
[
0.15315419917387194,
0.8434228118487779,
-0.5149580096750714,
-13.58843968213053
],
[
-0.9437178852685252,
-0.029757367191892314,
-0.32941015789151074,
0.09509142276828134
],
[
0.0,
0.0,
0.0,
1.0
]
],
"at_element": 18,
"to_element": 8
},
{
"pose": [
[
-0.5977599823329962,
-0.7162309126427774,
0.360133701972129,
50.604847256993146
],
[
0.7017570668300547,
-0.6846728840494178,
-0.19687575016118733,
-13.748529197481819
],
[
0.3875822785878298,
0.13504192542446372,
0.9118901555024703,
0.6970269635523983
],
[
0.0,
0.0,
0.0,
1.0
]
],
"at_element": 8,
"to_element": 19
},
{
"pose": [
[
-0.2626656954061015,
0.7162309126427434,
0.6465446714897369,
50.63063199824546
],
[
0.08520586291577603,
0.6846728840494497,
-0.7238528875207908,
-13.723880564134578
],
[
-0.9611174191437835,
-0.13504192542448318,
-0.2408671521732284,
0.6921653734648724
],
[
0.0,
0.0,
0.0,
1.0
]
],
"at_element": 19,
"to_element": 8
},
{
"pose": [
[
-0.6621177671603267,
-0.37891958273334037,
0.6465446714897702,
50.66750959451041
],
[
-0.6892720388262538,
-0.030676598901276275,
-0.7238528875207652,
-13.765167664188638
],
[
0.2941158256587409,
-0.9249210215478084,
-0.24086715217321686,
0.6784267998085969
],
[
0.0,
0.0,
0.0,
1.0
]
],
"at_element": 19,
"to_element": 38
},
{
"pose": [
[
0.7169183563935816,
0.3789195827333199,
-0.5851905844142848,
50.681150923557375
],
[
-0.6417278187607482,
0.03067659890123353,
-0.7663187019174367,
-13.764063288488034
],
[
-0.27242150593243897,
0.9249210215478183,
0.26515585417720366,
0.7117245035228568
],
[
0.0,
0.0,
0.0,
1.0
]
],
"at_element": 38,
"to_element": 19
},
{
"pose": [
[
0.6347079724838994,
-0.6318769707170329,
0.4448339954891527,
50.70306146815686
],
[
0.7526794533078351,
0.6358690025027244,
-0.17071687738594787,
-13.682690494852404
],
[
-0.17498408565808507,
0.4431727716519329,
0.879191938220971,
0.7074437610934856
],
[
0.0,
0.0,
0.0,
1.0
]
],
"at_element": 31,
"to_element": 38
},
{
"pose": [
[
-0.5082159716009291,
0.6318769707170389,
-0.5851905844143281,
50.72580939300717
],
[
0.09179465533419617,
-0.6358690025026406,
-0.7663187019174031,
-13.70558213508287
],
[
-0.8563236931568579,
-0.4431727716520455,
0.2651558541772059,
0.6914892930998158
],
[
0.0,
0.0,
0.0,
1.0
]
],
"at_element": 38,
"to_element": 31
},
{
"pose": [
[
0.6770730789875865,
-0.6189251347995621,
0.3981252607203082,
55.34425731979954
],
[
-0.7328080933301158,
-0.6166974069844582,
0.28753540054839444,
-13.773158005012755
],
[
0.0675599293971644,
-0.4864318921822347,
-0.8711025600971798,
0.6734249130567571
],
[
0.0,
0.0,
0.0,
1.0
]
],
"at_element": 39,
"to_element": 41
},
{
"pose": [
[
0.5805082881502857,
0.6189251347995586,
0.5290952701566826,
55.366538640548214
],
[
0.05802081740093129,
0.6166974069844984,
-0.7850591652650923,
-13.750956882522638
],
[
-0.8121845308407151,
0.4864318921821883,
0.32208741380423933,
0.690936473668376
],
[
0.0,
0.0,
0.0,
1.0
]
],
"at_element": 41,
"to_element": 39
},
{
"pose": [
[
0.6787498074738213,
-0.5092709435576123,
0.5290952701566985,
55.32351513282704
],
[
0.6193427313379553,
0.00983301439908979,
-0.7850591652650573,
-13.687119609797907
],
[
0.39460522043314616,
0.8605500670360594,
0.32208741380429884,
0.6647458590166977
],
[
0.0,
0.0,
0.0,
1.0
]
],
"at_element": 41,
"to_element": 45
},
{
"pose": [
[
-0.6043886099527653,
0.5092709435576146,
-0.6126642752823942,
55.34184907056136
],
[
0.7077655905628384,
-0.009833014399133422,
-0.7063789214317364,
-13.687473601864438
],
[
-0.36576259646743686,
-0.8605500670360577,
-0.35450148821921124,
0.6337657460809643
],
[
0.0,
0.0,
0.0,
1.0
]
],
"at_element": 45,
"to_element": 41
},
{
"pose": [
[
-0.3760594687448058,
-0.695141540810291,
-0.6126642752823679,
55.29715567375423
],
[
-0.1339650749004953,
0.6950411340804032,
-0.7063789214317848,
-13.739003411428062
],
[
0.9168602045428078,
-0.1835648663991058,
-0.35450148821916017,
0.6079051298823247
],
[
0.0,
0.0,
0.0,
1.0
]
],
"at_element": 45,
"to_element": 48
},
{
"pose": [
[
0.5862392023460663,
0.6951415408103025,
0.41605508754553944,
55.322180757762325
],
[
0.695880152157413,
-0.695041134080371,
0.18074467010024783,
-13.764024880795532
],
[
0.4148185283542959,
0.1835648663991836,
-0.8911955612309939,
0.6145134620461863
],
[
0.0,
0.0,
0.0,
1.0
]
],
"at_element": 48,
"to_element": 45
},
{
"pose": [
[
-0.6900643764142289,
0.6044066786365166,
0.3981252607203116,
55.59650279420889
],
[
0.7195461402041655,
0.6321208314466122,
0.2875354005484038,
-13.590980407465713
],
[
-0.07787495439054151,
0.4848874315455271,
-0.8711025600971753,
0.12150897048793435
],
[
0.0,
0.0,
0.0,
1.0
]
],
"at_element": 39,
"to_element": 42
},
{
"pose": [
[
-0.5678698254498307,
-0.604406678636519,
0.558763302448497,
55.574744025402616
],
[
-0.08504599857560025,
-0.6321208314466153,
-0.7701885694928995,
-13.613736891659606
],
[
0.8187130385366157,
-0.48488743154552016,
0.30755997668638657,
0.10405291996270344
],
[
0.0,
0.0,
0.0,
1.0
]
],
"at_element": 42,
"to_element": 39
},
{
"pose": [
[
-0.6918924548971974,
-0.6023131308818716,
0.39812526072030036,
55.61634409154743
],
[
-0.5293808900363061,
0.7981724542326754,
0.28753540054844784,
-13.576650557188652
],
[
-0.49095896378485443,
-0.011816330710734402,
-0.8711025600971658,
0.07809598816175717
],
[
0.0,
0.0,
0.0,
1.0
]
],
"at_element": 39,
"to_element": 46
},
{
"pose": [
[
0.2956264501421031,
0.6023131308818445,
-0.7415011087946457,
55.638027176081586
],
[
0.20928525698316172,
-0.7981724542326978,
-0.5649074388903415,
-13.605384516172112
],
[
-0.9320969279993743,
0.011816330710631984,
-0.3620161476269623,
0.07852137237562681
],
[
0.0,
0.0,
0.0,
1.0
]
],
"at_element": 46,
"to_element": 39
},
{
"pose": [
[
-0.3982625608994881,
-0.016858017892002947,
0.9171165355714258,
50.783193696445665
],
[
0.12968288649830104,
0.9887535324004808,
0.07449027530517024,
-13.214738208941043
],
[
-0.9080579725630132,
0.1486010073933693,
-0.3915973174913556,
-0.017847057977972924
],
[
0.0,
0.0,
0.0,
1.0
]
],
"at_element": 0,
"to_element": 9
},
{
"pose": [
[
-0.9031315015374395,
0.0168580178920387,
0.42903298027480596,
50.78380059619084
],
[
-0.07883091571361224,
-0.9887535324004826,
-0.12709106535599374,
-13.250333987204815
],
[
0.4220653713093313,
-0.14860100739335452,
0.8943033953548407,
-0.023196792098370694
],
[
0.0,
0.0,
0.0,
1.0
]
],
"at_element": 9,
"to_element": 0
},
{
"pose": [
[
-0.10238506756145527,
0.38524610072248644,
0.9171165355714378,
50.747316667192905
],
[
0.9934463606367964,
0.08669214164192396,
0.07449027530517799,
-13.217652222245256
],
[
-0.05080970850084543,
0.9187327764130637,
-0.39159731749132654,
-0.0025280141378263947
],
[
0.0,
0.0,
0.0,
1.0
]
],
"at_element": 0,
"to_element": 10
},
{
"pose": [
[
-0.7301306662629254,
-0.38524610072246684,
-0.5643533042878291,
50.73344757901426
],
[
0.637486993499359,
-0.08669214164191907,
-0.7655682893750796,
-13.22077319077569
],
[
0.2460072017271129,
-0.9187327764130723,
0.3088859696436912,
-0.03560293913976326
],
[
0.0,
0.0,
0.0,
1.0
]
],
"at_element": 10,
"to_element": 0
},
{
"pose": [
[
0.1194096355736205,
-0.380313816622013,
0.917116535571447,
50.686354838503355
],
[
-0.9886104411728023,
-0.13076924137224122,
0.07449027530521102,
-13.2226036795858
],
[
0.09160095270406665,
-0.915565839466134,
-0.3915973174912988,
0.023501926069633
],
[
0.0,
0.0,
0.0,
1.0
]
],
"at_element": 0,
"to_element": 11
},
{
"pose": [
[
-0.5229482830020848,
0.3803138166219826,
-0.7628148492206961,
50.700046370197015
],
[
-0.7860995919054694,
0.13076924137215806,
0.6041082991624971,
-13.217895906334999
],
[
0.32950345204751136,
0.9155658394661585,
0.23057898579749647,
0.05646286033183371
],
[
0.0,
0.0,
0.0,
1.0
]
],
"at_element": 11,
"to_element": 0
},
{
"pose": [
[
0.6916044346522301,
0.5810456159423892,
0.4290329802748253,
50.80672208117031
],
[
-0.5906389646818605,
0.7968647780559951,
-0.12709106535594675,
-13.25712394527218
],
[
-0.4157269769559213,
-0.16550685087904674,
0.894303395354838,
0.024582196432045067
],
[
0.0,
0.0,
0.0,
1.0
]
],
"at_element": 9,
"to_element": 11
},
{
"pose": [
[
-0.28372433452631896,
-0.5810456159424338,
-0.7628148492207499,
50.785804160133225
],
[
0.007725825327721925,
-0.7968647780559301,
0.6041082991623926,
-13.285811459724162
],
[
-0.9588747643048091,
0.16550685087920425,
0.2305789857975915,
0.03054052249594664
],
[
0.0,
0.0,
0.0,
1.0
]
],
"at_element": 11,
"to_element": 9
},
{
"pose": [
[
0.5732131183320988,
0.6981098930745068,
0.4290329802748176,
51.016134574131264
],
[
-0.7268593762755363,
0.6749246685571815,
-0.1270910653559768,
-13.319157537217064
],
[
-0.37828847205846716,
-0.23899637855934036,
0.8943033953548375,
0.46109480057904023
],
[
0.0,
0.0,
0.0,
1.0
]
],
"at_element": 9,
"to_element": 12
},
{
"pose": [
[
-0.395372195504726,
-0.6981098930745084,
-0.5969283074316973,
50.991002193111385
],
[
0.08509718757507823,
-0.6749246685571615,
0.7329632735954902,
-13.343455236043809
],
[
-0.9145705526030152,
0.23899637855939107,
0.3262536365267239,
0.46969881566020805
],
[
0.0,
0.0,
0.0,
1.0
]
],
"at_element": 12,
"to_element": 9
},
{
"pose": [
[
-0.6231699026202204,
0.6539036429817688,
0.4290329802747991,
51.05355119108382
],
[
-0.7583577502144074,
-0.6393288541872819,
-0.12709106535598608,
-13.330241341794213
],
[
0.19118785306092864,
-0.40455981251076883,
0.894303395354845,
0.5390883561372344
],
[
0.0,
0.0,
0.0,
1.0
]
],
"at_element": 9,
"to_element": 38
},
{
"pose": [
[
0.47954353880333944,
-0.6539036429817748,
-0.5851905844142862,
51.03001023431008
],
[
-0.06335821410931564,
0.6393288541872861,
-0.7663187019174529,
-13.30722508690382
],
[
0.8752278166836611,
0.4045598125107528,
0.2651558541771546,
0.5536527727159197
],
[
0.0,
0.0,
0.0,
1.0
]
],
"at_element": 38,
"to_element": 9
},
{
"pose": [
[
-0.43784954963765155,
-0.6722829520885254,
-0.596928307431674,
50.93685597845469
],
[
0.04313340825674744,
-0.678899365629617,
0.7329632735955194,
-13.276969552162715
],
[
-0.8980129625869897,
0.2951800868602774,
0.32625363652670103,
0.499292653338824
],
[
0.0,
0.0,
0.0,
1.0
]
],
"at_element": 12,
"to_element": 22
},
{
"pose": [
[
0.5235868307516024,
0.672282952088531,
0.5233473636072155,
50.961058567884976
],
[
-0.7179337538655794,
0.6788993656296067,
-0.1538401001306069,
-13.252528767877212
],
[
-0.45872426982226533,
-0.2951800868602889,
0.8381173907020316,
0.4886659931980568
],
[
0.0,
0.0,
0.0,
1.0
]
],
"at_element": 22,
"to_element": 12
},
{
"pose": [
[
-0.44171785878940906,
-0.04269115097150582,
0.8961377119925417,
50.98064941264536
],
[
0.16656280613074032,
0.9775991650457808,
0.12867285694988495,
-13.223545168839639
],
[
-0.8815566713719277,
0.20610031084527808,
-0.4247122520355713,
0.5299208864252726
],
[
0.0,
0.0,
0.0,
1.0
]
],
"at_element": 17,
"to_element": 22
},
{
"pose": [
[
-0.8510493538180428,
0.04269115097147658,
0.5233473636072149,
50.9821863210964
],
[
-0.14364225037778972,
-0.9775991650457798,
-0.15384010013061747,
-13.258739357431306
],
[
0.5050563347511802,
-0.2061003108452887,
0.83811739070203,
0.5225011448092381
],
[
0.0,
0.0,
0.0,
1.0
]
],
"at_element": 22,
"to_element": 17
},
{
"pose": [
[
0.447586004613707,
0.7251029619849318,
0.5233473636072096,
51.340689106927314
],
[
-0.7873288922430755,
0.5970313551490345,
-0.15384010013061938,
-13.364122719046406
],
[
-0.4240046979848575,
-0.3431898242803618,
0.838117390702033,
1.0966273185784454
],
[
0.0,
0.0,
0.0,
1.0
]
],
"at_element": 22,
"to_element": 25
},
{
"pose": [
[
-0.4942375549339504,
-0.7251029619849348,
-0.4795361652822284,
51.31458496379334
],
[
0.10414461884468862,
-0.5970313551490403,
0.7954291039021613,
-13.385616207236856
],
[
-0.8630661258899025,
0.34318982428034617,
0.3705908887868403,
1.1089823588483334
],
[
0.0,
0.0,
0.0,
1.0
]
],
"at_element": 25,
"to_element": 22
},
{
"pose": [
[
-0.8520696767658664,
0.00920885125789539,
0.5233473636072143,
51.29541360274005
],
[
-0.10510808264570916,
-0.9824894475536823,
-0.15384010013063115,
-13.350813799231421
],
[
0.5127665715495255,
-0.18609052233837653,
0.8381173907020278,
1.0241206240369811
],
[
0.0,
0.0,
0.0,
1.0
]
],
"at_element": 22,
"to_element": 28
},
{
"pose": [
[
-0.6128981786942227,
-0.009208851257908685,
0.7901082328464972,
51.295082078706386
],
[
0.14149839617248353,
0.9824894475536705,
0.12121340407025216,
-13.315443604235146
],
[
-0.7773892374055096,
0.18609052233843892,
-0.6008629553083527,
1.0308199917283662
],
[
0.0,
0.0,
0.0,
1.0
]
],
"at_element": 28,
"to_element": 22
},
{
"pose": [
[
-0.3938271219575211,
0.6887541886075887,
0.6087017871553834,
51.308907640077614
],
[
-0.8772563570668122,
-0.4793614665404653,
-0.025176742879889247,
-13.273834194623937
],
[
0.2744475942625867,
-0.543902796528641,
0.7929995371573695,
1.079833269872152
],
[
0.0,
0.0,
0.0,
1.0
]
],
"at_element": 23,
"to_element": 24
},
{
"pose": [
[
0.556010608288091,
-0.6887541886075446,
-0.4652632278040786,
51.28411203962513
],
[
-0.132195470907921,
0.4793614665403726,
-0.86760413891803,
-13.256576868870777
],
[
0.8205952479405058,
0.5439027965287788,
0.1754798762982066,
1.0994141256415835
],
[
0.0,
0.0,
0.0,
1.0
]
],
"at_element": 24,
"to_element": 23
},
{
"pose": [
[
-0.7279642960383463,
-0.503585258468477,
-0.4652632278040381,
51.25428554597531
],
[
0.4878207797270969,
0.09640510877916963,
-0.8676041389180458,
-13.312196113619873
],
[
0.48176640663276044,
-0.8585499067931426,
0.17547987629823558,
1.11066356274148
],
[
0.0,
0.0,
0.0,
1.0
]
],
"at_element": 24,
"to_element": 25
},
{
"pose": [
[
-0.7186424379617731,
0.5035852584684908,
-0.479536165282226,
51.27241490361967
],
[
-0.5983298385228091,
-0.09640510877907893,
0.795429103902141,
-13.315666752734916
],
[
0.35433663470438437,
0.8585499067931446,
0.3705908887868865,
1.1415718509688246
],
[
0.0,
0.0,
0.0,
1.0
]
],
"at_element": 25,
"to_element": 24
},
{
"pose": [
[
0.63867633527276,
0.612880630804986,
-0.4652632278040458,
51.2431195747043
],
[
-0.46629866675090426,
-0.17270961617288316,
-0.8676041389180577,
-13.333017967381009
],
[
-0.6120932054425094,
0.7710698547249125,
0.1754798762981561,
1.114874949200354
],
[
0.0,
0.0,
0.0,
1.0
]
],
"at_element": 24,
"to_element": 28
},
{
"pose": [
[
-0.010310808516622139,
-0.6128806308049864,
0.7901082328464978,
51.22105544718984
],
[
-0.9774859073946317,
0.17270961617288838,
0.12121340407028885,
-13.326800301488701
],
[
-0.21074863717857617,
-0.7710698547249111,
-0.6008629553083447,
1.0871158999791994
],
[
0.0,
0.0,
0.0,
1.0
]
],
"at_element": 28,
"to_element": 24
},
{
"pose": [
[
-0.3567313378436292,
0.7086782675616188,
0.6087017871553826,
51.63604956988774
],
[
-0.9014528940365083,
-0.43214443355337906,
-0.025176742879739755,
-13.287365234660005
],
[
0.2452048784863341,
-0.5576973208064491,
0.7929995371573748,
1.5060245582805216
],
[
0.0,
0.0,
0.0,
1.0
]
],
"at_element": 23,
"to_element": 33
},
{
"pose": [
[
0.6205971612508137,
-0.7086782675615915,
-0.3356103045696499,
51.61053673331139
],
[
0.005805356987718113,
0.43214443355336485,
-0.9017857208777963,
