{
"line_pt_pairs": [
[
[
262.87687652446516,
-14.110197232807241,
1.8587401800511882
],
[
262.876869026397,
-13.150210061422477,
1.5786962000757931
]
],
[
[
264.3181011910624,
-11.513310912156703,
1.8298137046718976
],
[
263.53666609758034,
-11.964482225353505,
1.5663679971286912
]
],
[
[
261.34855227685875,
-11.463070385955405,
1.8591637007639945
],
[
262.1798736507839,
-11.94302698393476,
1.5789023275580434
]
],
[
[
264.1584619125556,
-11.097365398466849,
2.042870256849416
],
[
263.4266888998195,
-11.773429876875339,
1.9565853864177294
]
],
[
[
264.321566453453,
-10.96665251323044,
2.12359850906771
],
[
263.5233619722494,
-11.452169613365607,
2.019951262780989
]
],
[
[
263.90770158930746,
-12.336962967499545,
1.9811522011044604
],
[
263.29499420028895,
-11.550488784668142,
1.9033832151153658
]
],
[
[
264.6471885063792,
-11.856925277871177,
2.12204537093656
],
[
263.75301959701073,
-12.228825765844444,
1.8727423654111386
]
],
[
[
264.4823893375108,
-11.983087292562386,
2.14721196908301
],
[
263.8193500204327,
-11.23627688257982,
2.095703954655405
]
],
[
[
265.26202998447627,
-11.42718907581148,
2.238233890570344
],
[
264.4206769837404,
-11.950827786729652,
2.1043397959257453
]
],
[
[
263.05135163175987,
-12.434057402750456,
1.8165778631404264
],
[
263.98630641511085,
-12.096322623358475,
1.9251816010052694
]
],
[
[
263.22826744493193,
-13.415111515932963,
1.896656537405512
],
[
263.15067278066505,
-12.433744981999537,
1.720876009039028
]
],
[
[
263.3527313982862,
-14.125484521733709,
2.065594206482036
],
[
263.19725617248133,
-13.145675178407924,
1.9398917606330346
]
],
[
[
263.39946482037254,
-14.885206827109954,
2.288262234784786
],
[
263.3866703083945,
-13.91045632003112,
2.0653323143775024
]
],
[
[
262.35659650250733,
-13.24957099427194,
1.9249751082454665
],
[
263.3256544629626,
-13.464655013065228,
1.803873769945525
]
],
[
[
262.4119235921314,
-14.120524264427267,
2.1382253853346493
],
[
262.53824324939757,
-13.177553737104047,
1.8302482290585143
]
],
[
[
262.42584236661145,
-14.119265805265364,
2.0525361517920273
],
[
263.4165881268039,
-14.189225003143786,
2.168848443889308
]
],
[
[
262.35608339337364,
-14.868285436205179,
2.310171997986777
],
[
262.5019066936103,
-13.917552991688323,
2.036596808959907
]
],
[
[
262.70362650685627,
-12.387168253352197,
1.9218921522538284
],
[
262.5783115491812,
-13.379220803796727,
1.9332013758962563
]
],
[
[
262.381078213471,
-12.56247885984914,
1.8230240721976207
],
[
263.36935552723605,
-12.44227277957988,
1.9171434079565906
]
],
[
[
261.8138139836039,
-12.082140687934885,
1.9642906427409281
],
[
262.66801326914936,
-12.516868903635135,
1.6790627355373893
]
],
[
[
261.15608425127385,
-11.708294425329973,
2.0369460710543406
],
[
262.09663648648154,
-12.04765382749841,
2.0229214852983772
]
],
[
[
260.45322344888154,
-11.484049083696275,
2.330882857067229
],
[
261.3638558513797,
-11.84852656737348,
2.136191328199548
]
],
[
[
262.78750912149656,
-13.297244407134462,
1.4783551189554056
],
[
262.54420810224866,
-12.39377449874492,
1.8312669190804953
]
],
[
[
262.91464914274627,
-13.313846122265977,
1.5516683809229745
],
[
263.1654926563159,
-12.43264840590416,
1.9523778971298535
]
],
[
[
263.0745912077149,
-13.189541937768533,
1.4109605618353218
],
[
262.32715385709827,
-13.485828656366749,
2.005562602939717
]
],
[
[
262.6356182750204,
-13.158715933924853,
1.4914818338178053
],
[
263.4417063163047,
-13.267514670383164,
2.0731904418368705
]
],
[
[
263.73602045575274,
-11.937490986926228,
1.5873055251215804
],
[
263.065469228607,
-12.630486664418973,
1.8521036420895007
]
],
[
[
263.54398452166555,
-11.827487519966107,
1.3675985433644113
],
[
263.9104986018399,
-12.276160910318728,
2.1826811268020676
]
],
[
[
263.5638779031962,
-12.107698080342317,
1.4071648904269485
],
[
263.48686165234733,
-11.56837340364934,
2.245733546062965
]
],
[
[
262.11779250705473,
-11.7466205108669,
1.6635218770357454
],
[
262.59426549606826,
-12.612547045060895,
1.8156557921214231
]
],
[
[
262.25036657331924,
-11.809820990606715,
1.3882255879988115
],
[
261.8831155954301,
-12.137203557659603,
2.2588273190040744
]
],
[
[
263.0190355030497,
-11.96692351532883,
1.7737216914560439
],
[
262.0653021697547,
-11.78842441508477,
1.5317902958617273
]
],
[
[
262.7650075280958,
-12.030770252070575,
1.877015690450482
],
[
263.6267429434307,
-11.888709038027038,
1.389952362512509
]
],
[
[
262.7847188085898,
-12.07460041281698,
1.7324120657863493
],
[
263.5156315784416,
-11.453587517455848,
2.015448294320267
]
],
[
[
262.70129467595467,
-11.871407115161768,
1.821463940188489
],
[
263.27221300169964,
-12.690532940107518,
1.7659198294700453
]
],
[
[
262.8966254344463,
-11.793084630033592,
1.8825883969254553
],
[
262.60606285632497,
-12.749922504575961,
1.8884765236843737
]
],
[
[
262.1750331601706,
-11.412283147724402,
2.025127438561701
],
[
262.9132491940016,
-12.076484230845566,
1.9073394571053865
]
],
[
[
262.4317287201675,
-11.519437803757258,
1.8829851383611138
],
[
261.8459057606561,
-12.329816138801348,
1.8730647451996072
]
],
[
[
262.2229936167062,
-11.341958614975553,
2.0655412304805596
],
[
262.1181764988275,
-12.047762430414666,
1.3649312491705687
]
],
[
[
261.57991930421065,
-11.123231500262408,
2.1461517128948033
],
[
262.4307788755781,
-11.549689759295603,
1.8392782159702512
]
],
[
[
261.7738474706464,
-11.132021203703841,
2.123953714455855
],
[
261.243481048307,
-11.977143937357615,
2.1908792186864563
]
],
[
[
260.86201732835497,
-10.709251762616487,
2.1681652412448393
],
[
261.68709496104776,
-11.251218731346771,
2.0084194906430293
]
],
[
[
262.85541913894,
-14.227148548309014,
1.749836890555183
],
[
262.46733841827637,
-13.375462414826602,
1.8371528929999241
]
],
[
[
262.8108955976729,
-14.189578319218018,
1.7903275748486447
],
[
263.2543421570791,
-13.3637583666275,
1.8608722759551495
]
],
[
[
263.07033096771363,
-13.944098758952718,
1.6491138449379634
],
[
262.2251130534938,
-14.00193411565947,
2.1803969606084044
]
],
[
[
262.7142576791202,
-14.217485627133746,
1.6433286580772148
],
[
263.54222578320696,
-13.94108897492936,
2.1312566335665597
]
],
[
[
264.3509494728394,
-11.4281759479867,
1.8828998382380093
],
[
263.8233804682748,
-12.267847590485864,
2.0118280283498575
]
],
[
[
264.4395725782875,
-11.587853285484316,
1.9221231704285382
],
[
263.4461978842379,
-11.596945591449726,
2.0366834043409026
]
],
[
[
264.21913975733446,
-11.377181927295577,
1.6243714577032478
],
[
264.6626200964491,
-11.95977852782801,
2.305478196670668
]
],
[
[
264.3837599201288,
-11.644378275275209,
1.5846484801871432
],
[
263.9133489996808,
-11.061463732831164,
2.247162028826343
]
],
[
[
261.4773138347381,
-11.523163131156018,
1.7788714729003454
],
[
262.40428684300184,
-11.585678348138211,
1.9217451569576713
]
],
[
[
261.41180058443354,
-11.401677493625344,
1.8171725146583622
],
[
261.9511795428449,
-12.219898714086922,
2.0161307354220273
]
],
[
[
261.2865017992517,
-11.742345581771637,
1.7797666964212535
],
[
261.7284971816063,
-10.946017114739773,
2.192684429840269
]
],
[
[
261.5859812331085,
-11.302579139272058,
1.745328795055163
],
[
261.1373069354289,
-12.02639316639816,
2.2695278304770006
]
],
[
[
262.9258158189403,
-12.351555408637187,
1.1940666800082527
],
[
262.2223000712862,
-11.803747356552714,
1.4916770475598669
]
],
[
[
262.7665793940619,
-12.285051309755366,
1.3979552234014583
],
[
263.6558472246113,
-11.851054132898582,
1.542347660981673
]
],
[
[
262.9571993128088,
-12.282674764827876,
1.3718535402249206
],
[
262.92514552050767,
-13.237141579045344,
1.6684435855006703
]
],
[
[
262.83813057398123,
-12.404208387466996,
1.1302432315807
],
[
262.7336329818137,
-12.071302766160182,
2.0673953539885357
]
],
[
[
262.9439921487406,
-12.412662964350474,
1.120433706687532
],
[
262.388487384973,
-12.53233711728389,
1.943290045638148
]
],
[
[
262.81795158995715,
-12.310922432440398,
1.1422901674360328
],
[
263.1460558344921,
-12.593345861054992,
2.043724919199974
]
],
[
[
262.35883092086704,
-12.480054721019028,
0.7062556128736012
],
[
262.94269977238366,
-12.67759809592471,
-0.08119202301056982
]
],
[
[
262.3721140469531,
-12.630415502249384,
0.7478782195091547
],
[
262.5907770908323,
-12.128592482155177,
-0.08899699803823768
]
],
[
[
263.26610725536074,
-12.417916713387866,
0.662698848526349
],
[
262.72104690310704,
-13.255899508548406,
0.6890436281990945
]
],
[
[
262.9981000244475,
-13.222546830565328,
0.6226099818514015
],
[
262.56183335492267,
-12.327044196189158,
0.7106237585404696
]
],
[
[
263.7467760975373,
-11.99159125477545,
0.6546197593020898
],
[
262.7502265043476,
-11.937802577848153,
0.5914083161295054
]
],
[
[
263.10182473117965,
-12.694265844025672,
0.793505650532642
],
[
263.6780526445078,
-11.886769610607551,
0.6673659465649112
]
],
[
[
262.1646340226917,
-11.75383940936179,
0.6246711561812506
],
[
262.68652727773076,
-12.596210557050023,
0.7589778197804702
]
],
[
[
263.09653751256553,
-11.941933651648386,
0.6465062032744764
],
[
262.0984506291146,
-11.997629082145686,
0.6196623565879236
]
],
[
[
262.87176507848244,
-11.81339095812316,
0.7763468330642553
],
[
262.4978015175088,
-12.20911175392957,
-0.062435800774937045
]
],
[
[
262.8752470595558,
-11.890773395877902,
0.8168883367964328
],
[
263.0914333098993,
-12.385657863085372,
-0.024748680734990147
]
],
[
[
263.15636256918475,
-12.581071537888583,
0.8181591637441549
],
[
263.03351652864313,
-12.108350542003436,
-0.054448256790759375
]
],
[
[
263.35113420673474,
-12.534356785674706,
0.8151169734600799
],
[
262.8493018259533,
-12.700174011165032,
-0.03380523106158351
]
],
[
[
263.0265075357512,
-12.250521971352107,
1.304559238644652
],
[
262.409599296457,
-12.592773756754271,
0.5958364863078236
]
],
[
[
262.94032414612195,
-11.851377505372021,
0.6503568630620284
],
[
262.83206405454195,
-12.377212160251181,
1.4940260780974284
]
],
[
[
262.79116782937007,
-12.360243575008559,
1.4843981353894342
],
[
263.15524654094327,
-12.715009149229497,
0.6232430511410219
]
],
[
[
262.56754218322715,
-12.632973076339887,
0.8061105176880315
],
[
262.91888810766966,
-11.713600454484945,
0.6291641315672298
]
],
[
[
262.8962384408484,
-11.708066485161972,
0.6653399438444827
],
[
263.330036883813,
-12.596300214387018,
0.8165343655286948
]
],
[
[
263.3733920831516,
-12.514315966104883,
0.6245129365519334
],
[
262.38491613305735,
-12.662288501996066,
0.6564413675672945
]
]
],
"contact_id_pairs": [
[
3,
49
],
[
4,
7
],
[
4,
49
],
[
3,
5
],
[
3,
28
],
[
3,
47
],
[
5,
28
],
[
5,
33
],
[
5,
27
],
[
5,
46
],
[
6,
9
],
[
9,
27
],
[
27,
46
],
[
6,
8
],
[
7,
8
],
[
8,
48
],
[
9,
34
],
[
10,
34
],
[
18,
23
],
[
23,
26
],
[
23,
59
],
[
26,
34
],
[
10,
25
],
[
10,
43
],
[
11,
25
],
[
13,
43
],
[
11,
45
],
[
12,
15
],
[
12,
45
],
[
13,
14
],
[
13,
17
],
[
14,
24
],
[
24,
42
],
[
14,
44
],
[
15,
16
],
[
16,
44
],
[
17,
35
],
[
18,
29
],
[
18,
35
],
[
18,
58
],
[
19,
29
],
[
19,
58
],
[
22,
29
],
[
29,
58
],
[
19,
37
],
[
19,
51
],
[
20,
30
],
[
30,
37
],
[
20,
53
],
[
21,
40
],
[
21,
53
],
[
0,
24
],
[
22,
25
],
[
23,
24
],
[
23,
56
],
[
25,
56
],
[
1,
27
],
[
1,
28
],
[
26,
27
],
[
27,
32
],
[
27,
55
],
[
32,
55
],
[
2,
30
],
[
29,
38
],
[
30,
38
],
[
30,
54
],
[
31,
38
],
[
31,
32
],
[
31,
33
],
[
32,
33
],
[
32,
34
],
[
32,
35
],
[
35,
36
],
[
35,
57
],
[
36,
38
],
[
37,
39
],
[
37,
50
],
[
38,
39
],
[
38,
50
],
[
39,
40
],
[
39,
52
],
[
41,
52
],
[
0,
43
],
[
0,
44
],
[
42,
43
],
[
42,
45
],
[
1,
48
],
[
46,
47
],
[
47,
48
],
[
48,
49
],
[
2,
50
],
[
2,
51
],
[
51,
53
],
[
52,
53
],
[
54,
59
],
[
54,
72
],
[
55,
57
],
[
56,
59
],
[
57,
59
],
[
57,
73
],
[
58,
74
],
[
73,
74
],
[
60,
61
],
[
61,
72
],
[
63,
66
],
[
63,
77
],
[
66,
75
],
[
72,
75
],
[
60,
71
],
[
61,
68
],
[
62,
74
],
[
62,
77
],
[
65,
70
],
[
65,
74
],
[
65,
76
],
[
71,
76
],
[
71,
77
],
[
62,
63
],
[
64,
65
],
[
64,
67
],
[
64,
68
],
[
67,
69
],
[
67,
75
],
[
68,
75
],
[
69,
73
],
[
73,
76
],
[
75,
76
],
[
66,
67
],
[
69,
70
]
],
"coupler_pt_pairs": [
[
[
264.0351865996097,
-11.211255988440701,
2.0283346095655714
],
[
264.04958280200697,
-11.230279253679939,
2.0552941620307017
]
],
[
[
263.84323082808515,
-11.257605685241884,
2.06148639176231
],
[
263.8392412049407,
-11.258681200506112,
2.097249195476318
]
],
[
[
264.00169759761724,
-11.16121644135416,
2.082063380086389
],
[
264.0117060624728,
-11.183343901341976,
2.108638699814367
]
],
[
[
263.44864209397736,
-11.753147939034767,
1.9591739329758875
],
[
263.4529907142445,
-11.75329387798104,
1.92343720646647
]
],
[
[
263.49086623784046,
-11.714138241628332,
1.964152669167171
],
[
263.5111254596475,
-11.738286504887569,
1.981544260762751
]
],
[
[
263.62913436208294,
-11.58639621552246,
1.980456149860571
],
[
263.6332123855476,
-11.595233857623546,
2.015116089264952
]
],
[
[
263.48937980077295,
-11.800003086331357,
1.9280559566416886
],
[
263.5170144396094,
-11.779525492490967,
1.9174238451970862
]
],
[
[
263.3393637289134,
-11.60744172728474,
1.9090148972393006
],
[
263.32960961694005,
-11.61163925998633,
1.9434137690258648
]
],
[
[
263.7841178858296,
-12.178330324991727,
1.9654661175407382
],
[
263.81254314597896,
-12.15624735484558,
1.9648401478497992
]
],
[
[
263.8378217947536,
-12.247264923534015,
1.972282582652026
],
[
263.83920753880346,
-12.24265744058747,
2.0079601825507787
]
],
[
[
263.9687722379487,
-12.139090469072578,
1.9328963041942209
],
[
263.95825776586565,
-12.106454668815395,
1.9219234882020246
]
],
[
[
263.8066354221073,
-12.161225380439085,
1.9043111356378064
],
[
263.79448576692573,
-12.134142159113837,
1.9246827406314588
]
],
[
[
263.83861425590925,
-12.188162672470275,
2.0228191145104364
],
[
263.86217207870374,
-12.206107391645126,
2.002348070124771
]
],
[
[
264.54345163720507,
-11.90007125606664,
2.093122520904601
],
[
264.5286839761064,
-11.883606724698394,
2.121528179928031
]
],
[
[
264.4412762087052,
-11.93677976329801,
2.144018107758136
],
[
264.4459175739791,
-11.935118625267306,
2.1083566187995517
]
],
[
[
264.5813008155611,
-11.850859216862126,
2.129901697435772
],
[
264.5654509556208,
-11.832128198985403,
2.156243719286746
]
],
[
[
263.0805401494606,
-12.423513601315385,
1.8199683823200472
],
[
263.083151080852,
-12.41927609846024,
1.7843134871801896
]
],
[
[
263.1603165217554,
-12.555712708227103,
1.7427226388339203
],
[
263.17342699390775,
-12.548799584429998,
1.7755306279096748
]
],
[
[
263.152455856375,
-12.468654705869952,
1.896486804123393
],
[
263.15109550317777,
-12.483224712570172,
1.9293791909378515
]
],
[
[
263.1104518668792,
-12.626003287871054,
1.8644530877816414
],
[
263.0855857747401,
-12.609696784463601,
1.8441596949005532
]
],
[
[
263.1306867140722,
-12.554919523799569,
1.8967772077633067
],
[
263.09737863481047,
-12.55144581904572,
1.9099890101331995
]
],
[
[
263.16842941603824,
-12.524080230495358,
1.8114450575537555
],
[
263.1590990534574,
-12.528242552868875,
1.7769245798549074
]
],
[
[
263.214235036186,
-13.237638793241672,
1.86486795700602
],
[
263.1935961905012,
-13.234026928588946,
1.8941432552706847
]
],
[
[
263.2259395983275,
-13.385670435475783,
1.891383106429931
],
[
263.24001994574235,
-13.390430279254334,
1.8585938590940692
]
],
[
[
263.21205618681336,
-13.23894529426591,
1.9518576413095472
],
[
263.2330851937283,
-13.23935680998535,
1.9226402579835553
]
],
[
[
263.20819868804733,
-13.438585509351148,
1.8185519957212133
],
[
263.21156262180216,
-13.443425674998533,
1.8540667895541918
]
],
[
[
263.3333910212075,
-14.003600909299315,
2.04995742132962
],
[
263.3519133639335,
-14.004620064231561,
2.019104060311318
]
],
[
[
263.390406121532,
-14.19506942261345,
2.1304246388695356
],
[
263.3868657533529,
-14.187126227161873,
2.16535907505064
]
],
[
[
263.3875790646427,
-13.979689958267702,
2.081166365603433
],
[
263.4071409853845,
-13.98618369016965,
2.051650122644737
]
],
[
[
262.52861634349,
-13.287751082791473,
1.903478114456405
],
[
262.5221144967937,
-13.297954145695106,
1.8695713832589096
]
],
[
[
262.5838667545945,
-13.300014003014281,
1.896573575203423
],
[
262.5882976088123,
-13.300166426651948,
1.932300169976628
]
],
[
[
262.50627881097324,
-13.416166824005002,
1.908180017830993
],
[
262.4859308078981,
-13.42288893077946,
1.8792522186004776
]
],
[
[
262.5082915093977,
-13.414025072333784,
1.8614638130020285
],
[
262.4878113248151,
-13.420392476235785,
1.8325466029622954
]
],
[
[
262.43050915705265,
-13.981783863022759,
2.092912331482942
],
[
262.4121166461218,
-13.989138102580329,
2.062851118688268
]
],
[
[
262.47531961788405,
-14.122759525805321,
2.058344718160325
],
[
262.4720241143506,
-14.112380139215244,
2.0926587157767393
]
],
[
[
262.49247223196573,
-13.979063386580515,
2.0542965498352705
],
[
262.4738560564518,
-13.984913486940709,
2.024043249465504
]
],
[
[
262.69553238558547,
-12.451245150470495,
1.9226226175497434
],
[
262.69659670623395,
-12.451789768140488,
1.8866418938167435
]
],
[
[
262.55354760180006,
-12.541501074718681,
1.8394493245455097
],
[
262.557433293322,
-12.545609396114996,
1.8038955720581251
]
],
[
[
262.67791151387627,
-12.526374451665204,
1.851293215560677
],
[
262.674343526563,
-12.525070660937663,
1.8870928450147224
]
],
[
[
262.4672444912296,
-12.55199828890363,
1.8312301826835182
],
[
262.4627062556656,
-12.516347910599926,
1.8333513516746256
]
],
[
[
262.458299770913,
-12.410139272225592,
1.74908871568803
],
[
262.4750608325065,
-12.395908361320402,
1.7775947213319403
]
],
[
[
262.57590064334596,
-12.469989963162353,
1.7098203022194436
],
[
262.5571843820708,
-12.495994188209513,
1.6934030915059366
]
],
[
[
262.57578417945786,
-12.511028572203596,
1.785465342567491
],
[
262.545995742949,
-12.524823163563537,
1.800243656089436
]
],
[
[
262.52720476348844,
-12.490673047830592,
1.794243850560994
],
[
262.5021924791861,
-12.50784126824405,
1.7748613234258872
]
],
[
[
261.97757388288363,
-12.165483123385004,
1.9096091484505409
],
[
261.96932029812973,
-12.159094821423256,
1.8751546611267758
]
],
[
[
261.839439967669,
-12.095182537204364,
1.9557338036887277
],
[
261.85714860350987,
-12.077256683388416,
1.9814459778965734
]
],
[
[
261.999944570742,
-12.012766545865773,
2.0243632596235406
],
[
261.9887989979213,
-12.042993043091819,
2.0082952341714715
]
],
[
[
262.0460304672602,
-11.991974566691667,
1.8726228485980223
],
[
262.07497000989207,
-12.012947873568459,
1.8769437454585958
]
],
[
[
261.3052826006274,
-11.762126483503703,
2.0347213726624487
],
[
261.31216949375334,
-11.74429995716165,
2.065230894193577
]
],
[
[
261.32584540880015,
-11.833313018605793,
2.144317890749314
],
[
261.3327704687707,
-11.834863966510666,
2.1796120282398337
]
],
[
[
261.27336502318445,
-11.812307924959706,
2.1555381004443173
],
[
261.2610320021818,
-11.826796400356487,
2.124976290563096
]
],
[
[
262.8768699407545,
-13.267276411879594,
1.612846371745187
],
[
262.85719332380836,
-13.275719201454558,
1.5839051242069802
]
],
[
[
262.74945407249584,
-13.155931428912224,
1.5335545418275458
],
[
262.7290703032161,
-13.171329273989985,
1.5589209303607148
]
],
[
[
262.92587944400265,
-13.274394769985248,
1.569608205314924
],
[
262.9022129406456,
-13.257873271579292,
1.5480910776663759
]
],
[
[
262.9622693379695,
-13.146559327856929,
1.6277391754913133
],
[
262.92834193219767,
-13.141961924357927,
1.6388675565884283
]
],
[
[
262.9067814377691,
-13.195315173673025,
1.6871651064505122
],
[
262.9262283187878,
-13.20489905949655,
1.6584245778302762
]
],
[
[
263.61646088199655,
-11.91841170974497,
1.5932692632915884
],
[
263.6360891964381,
-11.940238759094152,
1.5724280992292174
]
],
[
[
263.5374340084014,
-11.964038862447932,
1.5666268833897208
],
[
263.5474553121443,
-11.992694967208223,
1.585977413091684
]
],
[
[
263.67899600080574,
-11.996424143991451,
1.6098242644509595
],
[
263.66226409196145,
-11.972281127319109,
1.6306378723823176
]
],
[
[
263.5752509439208,
-11.865762752586962,
1.4371312505788154
],
[
263.571512762087,
-11.897813998173628,
1.4211691321255173
]
],
[
[
263.60865400734673,
-11.90665358468905,
1.5114155869921961
],
[
263.5930971316287,
-11.881678610998856,
1.5321587858499348
]
],
[
[
263.43970504281344,
-11.919543132530995,
1.4956684566918064
],
[
263.45249617493903,
-11.950297328746684,
1.5093290891431583
]
],
[
[
262.13640365589964,
-11.9179299378185,
1.5935572622699916
],
[
262.15634735244225,
-11.893633575830934,
1.6111066730641723
]
],
[
[
262.13208673361504,
-11.772598373935242,
1.6680859062669606
],
[
262.1609484916724,
-11.759749972575555,
1.650824295212216
]
],
[
[
262.1782561543678,
-11.874103172245222,
1.5591698722686511
],
[
262.1459480312468,
-11.860758113382769,
1.5505594481044236
]
],
[
[
262.21755932409025,
-11.839066716601126,
1.4659981459711033
],
[
262.24113428250513,
-11.818413030483647,
1.4837095549456767
]
],
[
[
262.1613097292073,
-11.806393025786154,
1.5561443181393366
],
[
262.1505488812452,
-11.829777510702325,
1.581312072261626
]
],
[
[
262.9889358132424,
-11.961290108840181,
1.7660863706511487
],
[
262.9863588940127,
-11.994279418326519,
1.751905208731213
]
],
[
[
262.9344304493585,
-11.951088978113061,
1.7522601172410317
],
[
262.9248684533894,
-11.955523636092323,
1.786683147823259
]
],
[
[
262.91098618596527,
-12.006704970555685,
1.794506779194704
],
[
262.8958390656436,
-11.98018817183199,
1.775441904321808
]
],
[
[
262.8275001807325,
-12.02046803871786,
1.84169408381433
],
[
262.81149848208656,
-12.029522172148566,
1.8107423148116923
]
],
[
[
262.8067361376596,
-12.023891090753201,
1.853430173268889
],
[
262.8249171640249,
-12.029223741617518,
1.884041534451402
]
],
[
[
262.83189049724115,
-12.006260188030508,
1.8839002228269848
],
[
262.8365173070449,
-12.007445629554214,
1.9195826131244385
]
],
[
[
262.78854679418777,
-12.148993285226004,
1.8847785644889743
],
[
262.7548189995773,
-12.13879661228915,
1.8773955549435808
]
],
[
[
262.197179641202,
-11.432209180232876,
2.0215937991153803
],
[
262.21280592229175,
-11.41055918073991,
1.9974454791589014
]
],
[
[
262.414154003687,
-11.543749192119774,
1.882687526097275
],
[
262.4052530866464,
-11.536896010627096,
1.8484844215238239
]
],
[
[
262.3827258628565,
-11.587224245506189,
1.8821553183571864
],
[
262.3774867161574,
-11.583870943035915,
1.9176144726536757
]
],
[
[
262.2049921428446,
-11.463174588016807,
1.9452172555328346
],
[
262.2082639562034,
-11.438163335525159,
1.9195310963799646
]
],
[
[
262.19263293554684,
-11.546397403555947,
1.8626068559231828
],
[
262.18701844544444,
-11.571025730537066,
1.8882577348736154
]
],
[
[
261.7218775826665,
-11.194382231032636,
2.0949526257679723
],
[
261.7323065773854,
-11.198215351358003,
2.129195647411222
]
],
[
[
261.6287813849264,
-11.147721602479061,
2.1285289722207175
],
[
261.62631320913283,
-11.130118599514503,
2.09722285718596
]
],
[
[
261.5897899320054,
-11.187302186354266,
2.0272590086299336
],
[
261.5862819739192,
-11.202241552476657,
2.0598251657840434
]
],
[
[
262.8768758267393,
-14.02086650499994,
1.8326809437458018
],
[
262.8970013634695,
-14.029225604962956,
1.8040255174368025
]
],
[
[
262.87687527224534,
-13.949873942436524,
1.8119712505733052
],
[
262.858714080482,
-13.958578975181348,
1.7821309962375544
]
],
[
[
262.82460057456996,
-14.159513794686234,
1.7567708960303325
],
[
262.82521780900976,
-14.162906406591183,
1.7926059917097252
]
],
[
[
262.8349462324013,
-14.182218486899831,
1.7544431805928118
],
[
262.849953269161,
-14.172187014033724,
1.723295113553759
]
],
[
[
264.3173332802413,
-11.513754275062277,
1.829554818410868
],
[
264.3357153284662,
-11.530326329552661,
1.8034107523320015
]
],
[
[
264.24771696358187,
-11.592479403757629,
1.908127970414319
],
[
264.25180163410215,
-11.589571942992077,
1.9437777217440433
]
],
[
[
264.4034330964457,
-11.588184068247664,
1.9262909306081248
],
[
264.4010992926336,
-11.616220724170722,
1.9038288648998103
]
],
[
[
264.29813519521707,
-11.480957606866514,
1.7456943672981402
],
[
264.2698103203266,
-11.503176453754763,
1.7451319010632131
]
],
[
[
261.4985029319529,
-11.549643170610194,
1.8086111974506465
],
[
261.50411396158245,
-11.524970536258316,
1.7830021572043409
]
],
[
[
261.46591282298317,
-11.530827537667863,
1.8195982224198997
],
[
261.4848017098229,
-11.512417946102453,
1.844100102015458
]
],
[
[
261.46877916444515,
-11.488112239642458,
1.838189939835899
],
[
261.48029387606266,
-11.473076963451621,
1.8688063619811737
]
],
[
[
261.41849312596946,
-11.504541172352923,
1.9030746802488536
],
[
261.4495749132053,
-11.522633660436352,
1.904696206312089
]
],
[
[
262.86777362694994,
-12.306359575794836,
1.218620441810095
],
[
262.84546802818573,
-12.334607852416582,
1.2178889262974733
]
],
[
[
262.9069816077214,
-12.336889734706254,
1.2020341726224428
],
[
262.9179576587093,
-12.310743876096447,
1.179853872882359
]
],
[
[
262.79325743487937,
-12.272031391569765,
1.402286997487017
],
[
262.80640113487044,
-12.303125592908877,
1.4147982207310648
]
],
[
[
262.95311459779157,
-12.404305456537921,
1.4096489374287295
],
[
262.92023073763045,
-12.39896160914359,
1.4232922563429122
]
],
[
[
262.8251842472075,
-12.362964327495346,
1.2463480849244786
],
[
262.8543292749834,
-12.34223537855828,
1.242234346816741
]
],
[
[
262.80944514277877,
-12.31282311151146,
1.3874990417480717
],
[
262.84519414587174,
-12.31343744011028,
1.391703479955352
]
],
[
[
262.8503186521738,
-12.43284334278307,
1.25919008731487
],
[
262.8789947223775,
-12.445823855149623,
1.2766612558550499
]
],
[
[
262.8353118571658,
-12.361437121205041,
1.4687160026094053
],
[
262.802090219203,
-12.370886569992276,
1.4585634154846494
]
],
[
[
262.4457664150065,
-12.509468057364677,
0.589008136566662
],
[
262.4179794290831,
-12.525156267904352,
0.5723405476326555
]
],
[
[
262.40398026324135,
-12.557283798724786,
0.6259186683405564
],
[
262.42810654391855,
-12.582506203035319,
0.6170981692028056
]
],
[
[
262.5749213606412,
-12.353909286782507,
0.7079833441034291
],
[
262.54603211440724,
-12.369441824496448,
0.7228220801620394
]
],
[
[
262.7033888912156,
-12.61760812076965,
0.6820659102548059
],
[
262.70181754905417,
-12.614849101828476,
0.6462052409338028
]
],
[
[
262.62240837816523,
-12.492718299784736,
0.7424771361806118
],
[
262.6235759248301,
-12.486348669036444,
0.7778905572794844
]
],
[
[
262.5870898806576,
-12.49430454291424,
0.7997430113567661
],
[
262.615143500262,
-12.508413932198737,
0.782137332180715
]
],
[
[
262.8785029753122,
-12.65587806081976,
0.005388406745075347
],
[
262.87703883597095,
-12.691009050471656,
0.013115941411116383
]
],
[
[
262.56374117151285,
-12.190638845560827,
0.014475863496450136
],
[
262.53388201182054,
-12.170932093095859,
0.018491046670435773
]
],
[
[
263.1011943568519,
-12.671455924374332,
0.6706696979165928
],
[
263.12758670487585,
-12.688056852065802,
0.6886668391893933
]
],
[
[
263.18524881000184,
-12.542229527141416,
0.6666070357919466
],
[
263.18414881756416,
-12.542645239980118,
0.6306256199711445
]
],
[
[
263.17821361018144,
-12.587218388249552,
0.776783672369424
],
[
263.15261398347064,
-12.566646692251519,
0.7915319831184989
]
],
[
[
263.1191115693025,
-12.670040956009977,
0.7897214592553449
],
[
263.092452841245,
-12.653821713043925,
0.7717689386345907
]
],
[
[
263.2642668459741,
-12.466627798712347,
0.7579461092502402
],
[
263.2638528753173,
-12.460783663706334,
0.7934668486863864
]
],
[
[
263.3360792350287,
-12.5393313025328,
0.7896493068463422
],
[
263.3074596627917,
-12.55007171922172,
0.8086653887471593
]
],
[
[
263.2432425458458,
-12.5700067288575,
0.6326025919275345
],
[
263.23782391045876,
-12.534610204217186,
0.6288918787500619
]
],
[
[
262.8906493030793,
-12.995150597703907,
0.6808461178853049
],
[
262.88657426311505,
-12.993623513588547,
0.6451095311836612
]
],
[
[
263.6150798009935,
-11.984482958714997,
0.6462662232393505
],
[
263.613210663638,
-11.977635835774162,
0.681560240319897
]
],
[
[
263.06814654511993,
-11.954962284177551,
0.6115740808120073
],
[
263.0665949060089,
-11.943604514566271,
0.6457008878724502
]
],
[
[
262.7801230066643,
-11.939416238939742,
0.5933046603457537
],
[
262.7828835824407,
-11.9074435878888,
0.5769898284530555
]
],
[
[
262.9143004119663,
-11.95210288033854,
0.6416048816859447
],
[
262.9155266334178,
-11.982979701405561,
0.6600754943570745
]
],
[
[
262.83009014531734,
-11.956801997350368,
0.6393400212566174
],
[
262.8287354737034,
-11.94950432497445,
0.6745671992274429
]
],
[
[
262.82375960521694,
-11.864189394297636,
0.6686728201215953
],
[
262.8560459260019,
-11.87804061816312,
0.6608129886294067
]
],
[
[
262.8905978569239,
-11.925913795254104,
0.7571259823771509
],
[
262.92574638936617,
-11.922183742284629,
0.7639610954217226
]
],
[
[
262.9370763434982,
-11.867152544418161,
0.6756669385500516
],
[
262.96589883865,
-11.850701194719111,
0.6896191078910928
]
],
[
[
262.90834772951507,
-11.741181634243093,
0.6344725233630455
],
[
262.909252394633,
-11.734713498053628,
0.6698757766677652
]
],
[
[
262.305428785721,
-11.981091716181929,
0.6609039963111636
],
[
262.30666185649306,
-11.986010440386645,
0.6252622601222143
]
],
[
[
263.03496423063564,
-12.256391223043796,
0.19509169939415716
],
[
263.0688851567591,
-12.24445173852847,
0.19678432027945747
]
]
],
"half_couplers": [
{
"pose": [
[
-0.55189383517168,
-0.39990180360981054,
-0.7317730127362685,
264.0351865996097
],
[
0.5135120996637799,
0.5284336708930244,
-0.67606447840825,
-11.211255988440678
],
[
0.6570529036526591,
-0.7488901140595617,
-0.08628487043199407,
2.028334609565574
],
[
0.0,
0.0,
0.0,
1.0
]
],
"at_element": 3,
"to_element": 49
},
{
"pose": [
[
-0.7866334047019048,
0.39990180360974337,
-0.4704109204480308,
264.04958280200697
],
[
-0.6172264508856261,
-0.5284336708936481,
0.5829145424442569,
-11.230279253679925
],
[
-0.0154723926470062,
0.7488901140591574,
0.6625135486389988,
2.0552941620307172
],
[
0.0,
0.0,
0.0,
1.0
]
],
"at_element": 49,
"to_element": 3
},
{
"pose": [
[
-0.5163881998041178,
0.11082064379736933,
-0.8491537034079277,
263.8432308280851
],
[
0.855761323131174,
0.029874825186424037,
-0.5165075533357308,
-11.257605685241895
],
[
-0.03187138114115334,
-0.9933913024223724,
-0.1102630279637653,
2.0614863917623083
],
[
0.0,
0.0,
0.0,
1.0
]
],
"at_element": 4,
"to_element": 7
},
{
"pose": [
[
-0.7403361729087312,
-0.11082064379714573,
-0.6630393170779842,
263.8392412049407
],
[
-0.6643656420688911,
-0.029874825185054688,
0.7468104099827162,
-11.258681200506121
],
[
-0.10257019411721763,
0.9933913024224386,
-0.05150801442695796,
2.097249195476319
],
[
0.0,
0.0,
0.0,
1.0
]
],
"at_element": 7,
"to_element": 4
},
{
"pose": [
[
-0.4490537625720261,
-0.27800846445508903,
-0.8491537034078283,
264.00169759761724
],
[
0.5961840033097714,
0.6146418319189397,
-0.5165075533357324,
-11.16121644135415
],
[
0.6655188596256616,
-0.7381915145452793,
-0.11026302796452558,
2.082063380086391
],
[
0.0,
0.0,
0.0,
1.0
]
],
"at_element": 4,
"to_element": 49
},
{
"pose": [
[
-0.8375111101438131,
0.2780084644556032,
-0.47041092044797955,
264.0117060624728
],
[
-0.5314377241623207,
-0.6146418319189071,
0.5829145424438672,
-11.18334390134197
],
[
-0.12707905304514538,
0.7381915145451129,
0.6625135486393781,
2.108638699814374
],
[
0.0,
0.0,
0.0,
1.0
]
],
"at_element": 49,
"to_element": 4
},
{
"pose": [
[
0.6707587758270694,
-0.1207928908584715,
-0.7317730127362068,
263.4486420939774
],
[
-0.7368313157246213,
0.004053788586959706,
-0.6760644784083956,
-11.753147939034745
],
[
0.08463023584095003,
0.992669453703571,
-0.08628487043137723,
1.9591739329758904
],
[
0.0,
0.0,
0.0,
1.0
]
],
"at_element": 3,
"to_element": 5
},
{
"pose": [
[
0.7810241564510485,
0.12079289085841766,
-0.6127073890186038,
263.4529907142445
],
[
0.617609849773963,
-0.004053788587556895,
0.7864741828313694,
-11.753293877981019
],
[
0.09251670390859745,
-0.9926694537035748,
-0.07776898598885751,
1.923437206466468
],
[
0.0,
0.0,
0.0,
1.0
]
],
"at_element": 5,
"to_element": 3
},
{
"pose": [
[
-0.3844789448879151,
-0.562747011337242,
-0.7317730127361064,
263.49086623784046
],
[
0.304957070712515,
0.6707741841012757,
-0.6760644784084653,
-11.71413824162832
],
[
0.8713077102610294,
-0.48309191172516025,
-0.08628487043168276,
1.9641526691671725
],
[
0.0,
0.0,
0.0,
1.0
]
],
"at_element": 3,
"to_element": 28
},
{
"pose": [
[
-0.8230335949013394,
0.5627470113372084,
-0.07701625084888518,
263.5111254596475
],
[
-0.5091079326167245,
-0.6707741841012831,
0.5393246766929763,
-11.738286504887563
],
[
0.2518428371236779,
0.4830919117251898,
0.8385686556360178,
1.9815442607627576
],
[
0.0,
0.0,
0.0,
1.0
]
],
"at_element": 28,
"to_element": 3
},
{
"pose": [
[
-0.6720689746101507,
-0.11327643708017798,
-0.7317730127361085,
263.6291343620829
],
[
0.6947471283264068,
0.2454857403527081,
-0.6760644784084532,
-11.586396215522457
],
[
0.25622201515223364,
-0.9627591599594901,
-0.08628487043175759,
1.9804561498605713
],
[
0.0,
0.0,
0.0,
1.0
]
],
"at_element": 3,
"to_element": 47
},
{
"pose": [
[
-0.019369202983677614,
0.11327643708021695,
-0.9933746940496264,
263.63321238554755
],
[
-0.969357561096856,
-0.2454857403528523,
-0.00909230596533761,
-11.595233857623548
],
[
-0.24488926624115703,
0.962759159959449,
0.11456023391231307,
2.015116089264956
],
[
0.0,
0.0,
0.0,
1.0
]
],
"at_element": 47,
"to_element": 3
},
{
"pose": [
[
-0.18803435975931437,
-0.7676149653258193,
-0.6127073890184009,
263.48937980077295
],
[
-0.24064817517566284,
-0.5688117575473952,
0.7864741828314943,
-11.800003086331344
],
[
-0.9522245193936818,
0.2953310845198731,
-0.07776898598919346,
1.9280559566416877
],
[
0.0,
0.0,
0.0,
1.0
]
],
"at_element": 5,
"to_element": 28
},
{
"pose": [
[
0.6362670525124752,
0.7676149653258919,
-0.07701625084887498,
263.5170144396094
],
[
-0.6209525566305516,
0.5688117575472382,
0.5393246766929949,
-11.779525492490963
],
[
0.45780144200413875,
-0.29533108451998663,
0.8385686556360068,
1.9174238451970895
],
[
0.0,
0.0,
0.0,
1.0
]
],
"at_element": 28,
"to_element": 5
},
{
"pose": [
[
0.7424147026876964,
0.2709429177434429,
-0.6127073890184525,
263.33936372891344
],
[
0.6065176840108005,
0.11659613510652211,
0.7864741828314495,
-11.607441727284735
],
[
0.28452892333700275,
-0.955507863182136,
-0.07776898598923876,
1.9090148972393002
],
[
0.0,
0.0,
0.0,
1.0
]
],
"at_element": 5,
"to_element": 33
},
{
"pose": [
[
-0.6263836349971188,
-0.27094291774338497,
0.7309127698518461,
263.32960961694005
],
[
0.775079560479827,
-0.11659613510619193,
0.6210128953610361,
-11.611639259986324
],
[
-0.08303744176089961,
0.9555078631821929,
0.28303622853409627,
1.9434137690258673
],
[
0.0,
0.0,
0.0,
1.0
]
],
"at_element": 33,
"to_element": 5
},
{
"pose": [
[
0.034028889180314104,
-0.7895769057811195,
-0.6127073890188262,
263.7841178858296
],
[
-0.07205819595272805,
-0.6134052299549682,
0.7864741828311537,
-12.17833032499172
],
[
-0.996819768612758,
0.01738774628886347,
-0.07776898598928739,
1.9654661175407375
],
[
0.0,
0.0,
0.0,
1.0
]
],
"at_element": 5,
"to_element": 27
},
{
"pose": [
[
0.4921745004480176,
0.7895769057809376,
0.3665140801744795,
263.8125431459789
],
[
-0.6499432380241297,
0.6134052299551976,
-0.44867339035240394,
-12.156247354845581
],
[
-0.5790838008919382,
-0.01738774628902376,
0.8150825834377364,
1.9648401478498
],
[
0.0,
0.0,
0.0,
1.0
]
],
"at_element": 27,
"to_element": 5
},
{
"pose": [
[
0.7893719015373799,
-0.03849229150636568,
-0.6127073890184858,
263.8378217947536
],
[
0.6042173002776504,
-0.12798364655231564,
0.7864741828314264,
-12.247264923534015
],
[
-0.10868971942391192,
-0.9910290256646176,
-0.07776898598921278,
1.9722825826520265
],
[
0.0,
0.0,
0.0,
1.0
]
],
"at_element": 5,
"to_element": 46
},
{
"pose": [
[
0.8486396696580758,
0.03849229150634548,
-0.5275690045645427,
263.83920753880346
],
[
-0.5277989380416074,
0.1279836465524934,
-0.8396716424991845,
-12.24265744058747
],
[
0.03519931937954879,
0.9910290256645954,
0.12892819011178103,
2.0079601825507787
],
[
0.0,
0.0,
0.0,
1.0
]
],
"at_element": 46,
"to_element": 5
},
{
"pose": [
[
0.3393542317544581,
0.29206277905438544,
-0.8941689093685661,
263.96877223794877
],
[
-0.1997254560075772,
-0.906531725461382,
-0.37190048797302644,
-12.139090469072562
],
[
-0.9192107743128923,
0.30479429755662935,
-0.24930300552551343,
1.932896304194231
],
[
0.0,
0.0,
0.0,
1.0
]
],
"at_element": 6,
"to_element": 9
},
{
"pose": [
[
0.20139236872339517,
-0.29206277905442257,
0.9349547833510389,
263.9582577658657
],
[
-0.253249776942166,
0.9065317254613681,
0.3377347793917263,
-12.106454668815372
],
[
-0.9462059312320567,
-0.30479429755663473,
0.10860373786492983,
1.9219234882020315
],
[
0.0,
0.0,
0.0,
1.0
]
],
"at_element": 9,
"to_element": 6
},
{
"pose": [
[
0.10940783964178435,
0.3374751512538092,
0.934954783351118,
263.8066354221073
],
[
-0.5656973887917716,
-0.7522776635680986,
0.3377347793916017,
-12.161225380439085
],
[
0.8173226957200495,
-0.5658523121652338,
0.1086037378646334,
1.904311135637806
],
[
0.0,
0.0,
0.0,
1.0
]
],
"at_element": 9,
"to_element": 27
},
{
"pose": [
[
0.8670512968218056,
-0.3374751512534804,
0.3665140801743716,
263.79448576692573
],
[
0.48246295783728066,
0.7522776635686028,
-0.44867339035278936,
-12.134142159113837
],
[
-0.12430423562585242,
0.5658523121647597,
0.8150825834375728,
1.9246827406314582
],
[
0.0,
0.0,
0.0,
1.0
]
],
"at_element": 27,
"to_element": 9
},
{
"pose": [
[
0.66141120869207,
-0.6543719447305574,
0.3665140801743413,
263.83861425590925
],
[
0.7417779576256218,
0.49845526416144137,
-0.4486733903526139,
-12.188162672470279
],
[
0.11090840634170346,
0.5686296752538476,
0.815082583437683,
2.022819114510442
],
[
0.0,
0.0,
0.0,
1.0
]
],
"at_element": 27,
"to_element": 46
},
{
"pose": [
[
-0.5417271484542021,
0.654371944730559,
-0.5275690045645448,
263.86217207870374
],
[
0.21562440124544643,
-0.4984552641614697,
-0.8396716424991748,
-12.206107391645135
],
[
-0.8124271131709117,
-0.5686296752538205,
0.12892819011183398,
2.0023480701247722
],
[
0.0,
0.0,
0.0,
1.0
]
],
"at_element": 46,
"to_element": 27
},
{
"pose": [
[
-0.17942518016790387,
0.4102055170772406,
-0.8941689093684195,
264.54345163720507
],
[
0.8077934042023177,
-0.45733996454756753,
-0.37190048797341013,
-11.900071256066662
],
[
-0.561494809280501,
-0.7890320592897498,
-0.24930300552546591,
2.093122520904587
],
[
0.0,
0.0,
0.0,
1.0
]
],
"at_element": 6,
"to_element": 8
},
{
"pose": [
[
0.3519326099016262,
-0.4102055170773158,
-0.8413530007358159,
264.5286839761063
],
[
-0.7187785870873882,
0.4573399645477504,
-0.523638710918244,
-11.883606724698408
],
[
0.5995838397025788,
0.7890320592896046,
-0.1338940946446776,
2.1215281799280277
],
[
0.0,
0.0,
0.0,
1.0
]
],
"at_element": 8,
"to_element": 6
},
{
"pose": [
[
-0.7373990087200619,
-0.1289246522086131,
-0.6630393170782244,
264.4412762087051
],
[
-0.6634343464295143,
-0.046141949671979265,
0.7468104099824209,
-11.936779763298004
],
[
-0.1268761991719224,
0.9905803120057235,
-0.05150801442814501,
2.1440181077581357
],
[
0.0,
0.0,
0.0,
1.0
]
],
"at_element": 7,
"to_element": 8
},
{
"pose": [
[
-0.5248843322156738,
0.12892465220848537,
-0.8413530007359735,
264.4459175739791
],
[
0.8506899675609498,
0.0461419496709341,
-0.5236387109178569,
-11.935118625267302
],
[
-0.028688270872535837,
-0.9905803120057888,
-0.13389409464520052,
2.1083566187995535
],
[
0.0,
0.0,
0.0,
1.0
]
],
"at_element": 8,
"to_element": 7
},
{
"pose": [
[
-0.313495973819947,
0.4402787782203918,
-0.8413530007359824,
264.58130081556106
],
[
0.6745947655473935,
-0.5203118321969591,
-0.5236387109180342,
-11.850859216862128
],
[
-0.6683129332092417,
-0.7317309578831569,
-0.13389409464445157,
2.1299016974357716
],
[
0.0,
0.0,
0.0,
1.0
]
],
"at_element": 8,
"to_element": 48
},
{
"pose": [
[
0.7806918638410463,
-0.44027877822030154,
0.44348033911463525,
264.5654509556208
],
[
0.6243851362127675,
0.5203118321972995,
-0.5825966005325239,
-11.832128198985403
],
[
0.025756851689545085,
0.7317309578829695,
0.6811067389673331,
2.1562437192867474
],
[
0.0,
0.0,
0.0,
1.0
]
],
"at_element": 48,
"to_element": 8
},
{
"pose": [
[
-0.3472747232002016,
-0.07252461454854303,
0.9349547833509431,
263.0805401494606
],
[
0.933852466300914,
-0.11770637184410537,
0.3377347793920515,
-12.423513601315374
],
[
0.08555605069148514,
0.9903965823405705,
0.10860373786474165,
1.81996838232005
],
[
0.0,
0.0,
0.0,
1.0
]
],
"at_element": 9,
"to_element": 34
},
{
"pose": [
[
-0.8177973132831515,
0.0725246145484803,
0.570918325744982,
263.083151080852
],
