{
"line_pt_pairs": [
[
[
262.87687654840283,
-14.113262001856363,
1.8596342233757293
],
[
262.8768690503347,
-13.153274830471599,
1.5795902434003342
]
],
[
[
264.4368953961365,
-11.444723593836239,
1.8698628701992817
],
[
263.65546030265443,
-11.89589490703304,
1.6064171626560753
]
],
[
[
261.3485522743005,
-11.46307038447842,
1.8591637016264504
],
[
262.1798736482257,
-11.943026982457775,
1.5789023284204993
]
],
[
[
264.20757317895743,
-11.091791673043545,
2.143879429335171
],
[
263.41067319412065,
-11.631334448270744,
1.872136889663381
]
],
[
[
264.87278868466746,
-10.688171677367642,
2.166765248963061
],
[
264.06177057619453,
-11.268121530456446,
2.089903062998377
]
],
[
[
263.99594247950523,
-12.261244603234429,
1.8808335763362292
],
[
263.36793406388995,
-11.484864178064244,
1.9341145797887924
]
],
[
[
264.6271685202382,
-11.783679256095729,
2.0984887751023575
],
[
263.76017751772247,
-12.182894247459238,
1.8002372164687042
]
],
[
[
264.63074600418275,
-11.914743166356596,
2.0201999245026356
],
[
264.0436108271647,
-11.11568465278457,
2.1497289783709097
]
],
[
[
265.30222210558304,
-11.434192794576976,
2.2488552296461375
],
[
264.50441892268987,
-11.955838808881127,
1.946538314594865
]
],
[
[
263.0269603896881,
-12.510594829536236,
1.7984539627452685
],
[
263.96456524387435,
-12.186714988002388,
1.9249410595356364
]
],
[
[
263.22726687008054,
-13.378304870426179,
1.9764459989762377
],
[
263.1174202985247,
-12.43925852458977,
1.6506766156869066
]
],
[
[
263.2271544247687,
-14.107379859458447,
2.151141189113272
],
[
263.12880010901563,
-13.171844879871786,
1.8118762033830504
]
],
[
[
263.2445563443014,
-14.908634433294413,
2.2636673301042403
],
[
263.07004720917195,
-13.960793592800716,
1.9969384361902685
]
],
[
[
262.36640549790326,
-13.306163403532816,
1.9062707881165042
],
[
263.3609893021525,
-13.31922128106688,
1.8031565400254888
]
],
[
[
262.42776472987714,
-14.163470484062616,
2.1224298521046667
],
[
262.4286318495514,
-13.186145955479704,
1.9106846893885814
]
],
[
[
262.3480254595883,
-13.951759109719399,
2.040378407276065
],
[
263.34649222713665,
-14.006983222109941,
2.044174657028905
]
],
[
[
262.359133016175,
-14.893470798341411,
2.2533664662480075
],
[
262.37830239085497,
-13.927271105160068,
1.996285374040397
]
],
[
[
262.6011995612073,
-12.385077668689004,
1.7823523679424578
],
[
262.40939246122446,
-13.322784115734216,
2.072036084374729
]
],
[
[
262.37963075929525,
-12.446347781290608,
1.762288249282212
],
[
263.37884683680846,
-12.481974494820808,
1.7795499908558416
]
],
[
[
261.82111350605516,
-12.161232039755804,
2.0544972448485757
],
[
262.73952485079116,
-12.514738644175644,
1.8768636824460891
]
],
[
[
261.1249923659778,
-11.836555714209354,
2.160113674157591
],
[
262.00959432959246,
-12.197565046409295,
1.864899128388592
]
],
[
[
260.4380462044559,
-11.535019065968728,
2.3295444278317774
],
[
261.3128720790741,
-11.943116655252966,
2.0685156042915813
]
],
[
[
262.9185832555218,
-13.310621950777763,
1.6257241658551458
],
[
262.6499678899365,
-12.367766253174105,
1.822876185544945
]
],
[
[
262.9040403363682,
-13.29825418328238,
1.5376442945977853
],
[
263.2474605032425,
-12.43764846269863,
1.9137033094911255
]
],
[
[
263.0155748009041,
-13.23873069493003,
1.379377177039332
],
[
262.38678237633616,
-13.292027084396413,
2.155121710810484
]
],
[
[
262.81389049230415,
-13.086506904374891,
1.3475405572595203
],
[
263.4083403938117,
-13.290671583013248,
2.1253233666569264
]
],
[
[
263.66963128268486,
-11.720967464640264,
1.472953211528958
],
[
263.13116349568975,
-12.39376172270495,
1.8484533163009103
]
],
[
[
263.6255146396565,
-11.721848896088336,
1.4031567530813502
],
[
263.96114512669595,
-12.340285225323127,
2.113711946470482
]
],
[
[
263.7735943202702,
-12.091397568831388,
1.4659950709886846
],
[
263.41333532480263,
-11.415779187339345,
2.1092316206146733
]
],
[
[
262.0565611941809,
-11.892935617490686,
1.4940839519074958
],
[
262.65842654442406,
-12.562552939422854,
1.9292514396005584
]
],
[
[
262.1997441065772,
-11.757534902000716,
1.4010837518320371
],
[
261.76772840138005,
-12.358710009492627,
2.073356702793985
]
],
[
[
263.0342408972451,
-12.0366982301278,
1.8005473432775128
],
[
262.1043825887011,
-11.905362948121867,
1.4568694649158356
]
],
[
[
262.7649776118081,
-12.095517793141946,
1.8014264548996175
],
[
263.7402253975572,
-11.972809039873798,
1.6174853820995176
]
],
[
[
262.822922557667,
-12.189151211855002,
1.8704220693992033
],
[
263.5174539832693,
-11.493536721145121,
2.054124489539148
]
],
[
[
262.7276507359624,
-11.850086222691102,
1.8612605321190951
],
[
263.38704750353315,
-12.601874401033605,
1.8644912939104148
]
],
[
[
263.0800740729592,
-11.892549151819827,
1.8184195799933223
],
[
262.53923692084305,
-12.733066978527427,
1.850434543332745
]
],
[
[
262.17315802861987,
-11.58650085572684,
2.0975603817223356
],
[
262.916728552065,
-12.177770316635259,
1.785305195599502
]
],
[
[
262.2882724565086,
-11.479493901523973,
1.959255333416745
],
[
261.7525020398518,
-12.321348202482266,
2.024304519371642
]
],
[
[
262.3250095520855,
-11.53850134614778,
2.20835216765028
],
[
262.08532473522837,
-12.008299673413772,
1.3587400677680672
]
],
[
[
261.5796475540763,
-11.0770973101941,
2.1936878151067085
],
[
262.29921197228873,
-11.70182805251465,
1.890474115478481
]
],
[
[
261.70760640099286,
-11.097605574196537,
2.0141631161894473
],
[
261.1855273702556,
-11.949113886791121,
2.062815754830576
]
],
[
[
260.9164073494827,
-10.6771785376102,
2.3113699785988713
],
[
261.6467668001347,
-11.269010929380757,
1.970328202720216
]
],
[
[
262.8040118440711,
-14.117058023531177,
1.7747751454197074
],
[
262.44339534361194,
-13.201152242737507,
1.9510486269911451
]
],
[
[
262.9188088224379,
-14.142571480398495,
1.8012945564060852
],
[
263.2693684407872,
-13.207885048968484,
1.860194716706459
]
],
[
[
263.07533528725816,
-14.073385368277597,
1.6497774039080397
],
[
262.29246562328206,
-14.141801655347662,
2.2681901308869055
]
],
[
[
262.63225570680873,
-14.078104747289569,
1.7172249793954113
],
[
263.423254065898,
-13.99958184825957,
2.3239833746781295
]
],
[
[
264.3566114436423,
-11.392169878511941,
1.7991823212938218
],
[
263.6484724629778,
-12.093930307965461,
1.877102047401377
]
],
[
[
264.43001151584576,
-11.434729554426395,
1.8216443721786892
],
[
263.4433241597118,
-11.408859949128429,
1.982202227069106
]
],
[
[
264.23159896136764,
-11.248398425397909,
1.7707465668653801
],
[
264.6979303124795,
-11.988834686867046,
2.2547808772936464
]
],
[
[
264.56835702990713,
-11.651999383726503,
1.7416781898885882
],
[
264.03722375156053,
-11.009319165451384,
2.293819093708109
]
],
[
[
261.31276984937045,
-11.515288458912625,
1.8740380515609303
],
[
262.2720251658545,
-11.746281306713323,
2.036738826181078
]
],
[
[
261.3178075150388,
-11.472074306860446,
1.7604193315737575
],
[
261.9554282099636,
-12.239880244655719,
1.8229804320267706
]
],
[
[
261.3078158057649,
-11.710777854491061,
1.6937661098511951
],
[
261.81063053953807,
-11.084221195835653,
2.2892525471402503
]
],
[
[
261.4433243470462,
-11.285426617746062,
1.6575319593461761
],
[
261.2241931427294,
-12.125590355086333,
2.1536230898384536
]
],
[
[
262.97067159598,
-12.3192101156074,
1.372666648470985
],
[
262.14023341576404,
-11.776514791907847,
1.498580168294373
]
],
[
[
262.7430038461537,
-12.461375716517464,
1.3338358828541688
],
[
263.463030319893,
-11.925197773804067,
1.6125384708410484
]
],
[
[
262.95124923172324,
-12.290526557609235,
1.323533800894062
],
[
262.91482397707404,
-13.281897474529126,
1.4494580078963533
]
],
[
[
262.9346613754564,
-12.497615044120648,
1.1917479940168043
],
[
262.78900099085627,
-12.034174378669997,
2.0658222482794533
]
],
[
[
262.8832816933563,
-12.309601160767922,
1.123249463238247
],
[
262.5356249123445,
-12.57767114926717,
2.021733321681171
]
],
[
[
262.75634909279313,
-12.242268788688495,
1.1954958723693814
],
[
263.26727557039527,
-12.48911480314079,
2.0189162872450903
]
],
[
[
262.39481415848456,
-12.55882659327355,
0.7948625024080577
],
[
262.8832195529612,
-12.747427847234393,
-0.05712912762743705
]
],
[
[
262.5651487941891,
-12.656218166499404,
0.7765625324571368
],
[
262.5613299445052,
-12.284774085437155,
-0.15188494103337424
]
],
[
[
263.3531751972415,
-12.472873040760037,
0.7151176615289352
],
[
262.82887083932064,
-13.323868153899916,
0.6849140578163179
]
],
[
[
262.8946714636447,
-13.33786092392307,
0.7273719038651872
],
[
262.4375716174795,
-12.450484008838004,
0.6671893382018478
]
],
[
[
263.74452283790896,
-11.990737579364591,
0.6526241578542233
],
[
262.7624464315924,
-11.872812241295724,
0.7996600269396664
]
],
[
[
263.2117430208783,
-12.75020194298032,
0.7997836478015017
],
[
263.7621337032572,
-11.92338632179258,
0.6838266501236151
]
],
[
[
262.03329430491954,
-11.834627858595365,
0.627499756106685
],
[
262.55084088674573,
-12.684047839962291,
0.7306076165960002
]
],
[
[
263.0181952025786,
-11.922270014512867,
0.689362163995748
],
[
262.03812987306304,
-12.10397058992968,
0.6090076322339676
]
],
[
[
262.88161173603254,
-11.968175205004167,
0.8202130562532542
],
[
262.5861514286724,
-12.363102927803057,
-0.04969228373468204
]
],
[
[
262.8653875450866,
-11.903433772873925,
0.8257367145848236
],
[
263.1066387974013,
-12.378819279249461,
-0.02031674329160693
]
],
[
[
263.1845032233607,
-12.66955736649322,
0.9280659314654134
],
[
263.0919824659821,
-12.258551507374849,
0.08775997931200497
]
],
[
[
263.3684150088647,
-12.594613629829746,
0.785459776780671
],
[
262.79594869996873,
-12.775054448600121,
-0.01436735210440232
]
],
[
[
262.8783587265052,
-12.284962173556883,
1.476415880735668
],
[
262.32204861747016,
-12.44173580282024,
0.6603637428467919
]
],
[
[
262.8201189009717,
-11.9269012738839,
0.5501242179591184
],
[
262.7147020386822,
-12.463166726616077,
1.3875647527739718
]
],
[
[
262.83158303118114,
-12.398330866518101,
1.4846051795225386
],
[
263.2633062082939,
-12.762408062276927,
0.6593398319693816
]
],
[
[
262.5278426447701,
-12.734979982356492,
0.6416299724709971
],
[
263.0128860509909,
-11.871150637834717,
0.505498574091408
]
],
[
[
262.8644447882874,
-11.778955936989481,
0.7399261753323325
],
[
263.26304263822067,
-12.696067269243722,
0.7450796478937822
]
],
[
[
263.3709587425224,
-12.577821335357296,
0.6368245702364678
],
[
262.38188632109336,
-12.599967001019769,
0.7825822961410116
]
]
],
"contact_id_pairs": [
[
3,
7
],
[
4,
7
],
[
4,
49
],
[
3,
5
],
[
3,
47
],
[
5,
28
],
[
28,
33
],
[
5,
9
],
[
5,
27
],
[
5,
46
],
[
6,
27
],
[
9,
27
],
[
6,
7
],
[
7,
8
],
[
7,
48
],
[
9,
18
],
[
9,
34
],
[
9,
59
],
[
10,
23
],
[
23,
59
],
[
26,
34
],
[
10,
25
],
[
11,
13
],
[
11,
25
],
[
13,
43
],
[
11,
45
],
[
12,
15
],
[
12,
45
],
[
13,
14
],
[
13,
24
],
[
13,
42
],
[
14,
42
],
[
17,
24
],
[
14,
15
],
[
14,
44
],
[
15,
16
],
[
17,
18
],
[
17,
35
],
[
17,
58
],
[
18,
22
],
[
19,
29
],
[
29,
58
],
[
19,
37
],
[
20,
30
],
[
30,
37
],
[
30,
51
],
[
20,
21
],
[
21,
40
],
[
21,
53
],
[
0,
22
],
[
0,
24
],
[
23,
24
],
[
23,
25
],
[
24,
56
],
[
25,
56
],
[
1,
27
],
[
1,
28
],
[
26,
27
],
[
26,
32
],
[
26,
55
],
[
28,
32
],
[
2,
30
],
[
2,
38
],
[
29,
38
],
[
30,
38
],
[
30,
54
],
[
31,
38
],
[
31,
35
],
[
32,
36
],
[
33,
34
],
[
33,
57
],
[
34,
35
],
[
35,
36
],
[
36,
38
],
[
37,
39
],
[
37,
50
],
[
38,
39
],
[
39,
52
],
[
40,
41
],
[
40,
52
],
[
0,
44
],
[
42,
45
],
[
43,
44
],
[
44,
45
],
[
1,
46
],
[
1,
49
],
[
46,
47
],
[
48,
49
],
[
2,
52
],
[
50,
52
],
[
51,
52
],
[
51,
53
],
[
54,
55
],
[
54,
59
],
[
55,
57
],
[
55,
58
],
[
55,
59
],
[
55,
73
],
[
56,
57
],
[
56,
74
],
[
57,
74
],
[
72,
73
],
[
60,
63
],
[
60,
66
],
[
60,
77
],
[
61,
63
],
[
61,
66
],
[
61,
75
],
[
66,
72
],
[
60,
71
],
[
61,
68
],
[
62,
71
],
[
62,
74
],
[
62,
76
],
[
65,
71
],
[
65,
74
],
[
70,
74
],
[
70,
77
],
[
62,
63
],
[
64,
65
],
[
64,
69
],
[
64,
76
],
[
67,
69
],
[
67,
73
],
[
68,
73
],
[
69,
75
],
[
66,
67
],
[
69,
70
]
],
"coupler_pt_pairs": [
[
[
264.0945394280288,
-11.16832140680039,
2.105334970644693
],
[
264.08923835432086,
-11.177781194525718,
2.1396629992672436
]
],
[
[
264.12557376945244,
-11.22249659043359,
2.0959498489506223
],
[
264.1260670783294,
-11.227903051663393,
2.1315381415466974
]
],
[
[
264.18378689087723,
-11.180869047391797,
2.1014668500111284
],
[
264.1935372409395,
-11.198461122035562,
2.13132302196209
]
],
[
[
263.46787857042784,
-11.592603430479329,
1.8916438974891838
],
[
263.4613035406211,
-11.600292940227266,
1.92619299898131
]
],
[
[
263.6987835465317,
-11.436268741068625,
1.9703823914322753
],
[
263.69459925941356,
-11.415448041709205,
1.9413137016971267
]
],
[
[
263.49523770991084,
-11.642244328339135,
1.9233139824806835
],
[
263.5221692442099,
-11.619882894412495,
1.9149104359043483
]
],
[
[
263.46548600334734,
-11.513580928518241,
2.016117436236804
],
[
263.4778528959919,
-11.533199563088065,
2.0436500670654136
]
],
[
[
263.9395234830689,
-12.191496167780766,
1.8856202331216612
],
[
263.9364358030283,
-12.196431830660547,
1.9211462719008807
]
],
[
[
263.8806856462532,
-12.118757421567722,
1.890612107288585
],
[
263.85289414322625,
-12.14082080406759,
1.8845364053200337
]
],
[
[
263.7676110260253,
-11.97896801820047,
1.9002054966141977
],
[
263.7640707923726,
-11.979373228782952,
1.8643822418111222
]
],
[
[
263.8582301710312,
-12.137744887165733,
1.8339680817171709
],
[
263.8407970437538,
-12.118530559048061,
1.8589259283609272
]
],
[
[
263.8905647857382,
-12.212277202775008,
1.9149580660933518
],
[
263.8792246630649,
-12.189337701860392,
1.9402801125767883
]
],
[
[
264.54705881972126,
-11.820566597841148,
2.070930423318404
],
[
264.55385516173016,
-11.810098981026863,
2.037162965491942
]
],
[
[
264.6131319480145,
-11.890771409782081,
2.024085796307914
],
[
264.6193964525184,
-11.880660404663573,
1.99010752171676
]
],
[
[
264.4787150999472,
-11.707837511388911,
2.053739763291355
],
[
264.50785448321926,
-11.687034183689372,
2.0574893533039105
]
],
[
[
263.10704222072815,
-12.482931906684268,
1.8092573606465108
],
[
263.108014682839,
-12.472318065364377,
1.7748712884641769
]
],
[
[
263.2468385096951,
-12.434641627772542,
1.828116506537821
],
[
263.24310481746136,
-12.437763178368183,
1.8637860363884315
]
],
[
[
263.16467969977805,
-12.463022008076393,
1.8170329148779012
],
[
263.15226870802104,
-12.433551063823595,
1.8335686834681912
]
],
[
[
263.1538422739918,
-12.750619384433625,
1.758692408242303
],
[
263.1239019794373,
-12.747284246122346,
1.7784017132955205
]
],
[
[
263.2371578977374,
-12.463466635566252,
1.9024215384980652
],
[
263.2071685350549,
-12.460075043479193,
1.922046459301958
]
],
[
[
263.1569227497335,
-12.361576550943074,
1.83049011993914
],
[
263.16779382423977,
-12.351899981598548,
1.86341704477165
]
],
[
[
263.2096186102995,
-13.22743503786803,
1.9241069716988826
],
[
263.237410208459,
-13.231965363576371,
1.9016770014421351
]
],
[
[
263.1426684809543,
-13.303759244373646,
1.8597139924201938
],
[
263.1390259126601,
-13.31630712667923,
1.8261687667613946
]
],
[
[
263.13175073851386,
-13.199910929503636,
1.8220541530435324
],
[
263.15936908516477,
-13.205162026882165,
1.7995673973015895
]
],
[
[
263.2232873212434,
-13.31741339359151,
1.8174328998067575
],
[
263.2269340700823,
-13.321026518915682,
1.8530649986615375
]
],
[
[
263.21898947853964,
-14.029715826668046,
2.1229768900209725
],
[
263.19710642256325,
-14.022031665455007,
2.150510219405425
]
],
[
[
263.07762584505485,
-14.001956713572316,
2.0085220198515685
],
[
263.078037384659,
-13.992135276364914,
2.0431539704497146
]
],
[
[
263.0844975817317,
-14.039280333694336,
2.019025141775315
],
[
263.0624725705785,
-14.035396851670555,
2.0472353907761094
]
],
[
[
262.4248037487435,
-13.306930113391168,
1.9002163041207911
],
[
262.42853140933687,
-13.299351419725959,
1.9352115571240407
]
],
[
[
262.6052539485455,
-13.309299241663663,
1.881507989556484
],
[
262.60604674323514,
-13.273442256339083,
1.8846141038056
]
],
[
[
262.4838730363214,
-13.307705633281921,
1.8940922498703094
],
[
262.4874733863644,
-13.313103121611995,
1.9295027741337822
]
],
[
[
262.42858942566687,
-13.233961619383205,
1.921044334764826
],
[
262.4542138387957,
-13.228629416593103,
1.9457604224609013
]
],
[
[
262.4164138965471,
-13.28845772651204,
2.0614317038322745
],
[
262.4443180276539,
-13.287150367755089,
2.08413967403209
]
],
[
[
262.4279554229137,
-13.948541694384367,
2.075863813688768
],
[
262.42766760682434,
-13.956164030376685,
2.040681213029433
]
],
[
[
262.42779074346976,
-14.134150745521785,
2.1160774966418163
],
[
262.44945742619706,
-14.128081879566173,
2.144177497084081
]
],
[
[
262.37797946278096,
-13.953415833100308,
2.0404922947692823
],
[
262.3776001786685,
-13.96266491483975,
2.005702763958915
]
],
[
[
262.5893176224826,
-12.443166084324055,
1.8002975022388557
],
[
262.58953132186764,
-12.453831715327382,
1.76591434112443
]
],
[
[
262.53773372408506,
-12.695349419015093,
1.8782039790960643
],
[
262.55546217549875,
-12.707851226008167,
1.8494740861397758
]
],
[
[
262.5737950101754,
-12.519053023007553,
1.8237410975087553
],
[
262.60754698995197,
-12.522213722373376,
1.8358579718376251
]
],
[
[
262.6784363637994,
-12.45700159472742,
1.767450200977925
],
[
262.6775574989146,
-12.46460739985614,
1.8026266100203292
]
],
[
[
262.60690731157126,
-12.463692698102733,
1.9025137640393814
],
[
262.5929185938756,
-12.489670760055361,
1.8818871408374516
]
],
[
[
262.60966367593596,
-12.508300835703107,
1.8939943593182518
],
[
262.59093973906283,
-12.53501918396084,
1.8787777354436113
]
],
[
[
261.85361740247333,
-12.173743146156077,
2.0482105379760855
],
[
261.8472699171759,
-12.172439747223015,
2.0127985214983886
]
],
[
[
261.9146413082437,
-12.158814367304513,
1.8965874065293429
],
[
261.8984037272094,
-12.176867654904749,
1.8700088016497134
]
],
[
[
261.7989623739909,
-12.315246110806049,
2.0247525555726527
],
[
261.7685751525187,
-12.296092573190839,
2.022353043772698
]
],
[
[
261.91528218679554,
-12.153380291751207,
1.8437437105959238
],
[
261.8975869975552,
-12.170229390017596,
1.8173052556584217
]
],
[
[
261.2149514799801,
-11.873268361260868,
2.130091992010915
],
[
261.19893335203284,
-11.88996536974492,
2.10251241752968
]
],
[
[
261.22515803508986,
-11.902198924153643,
2.0946875481874603
],
[
261.21637606629645,
-11.898799816382247,
2.0599409593060223
]
],
[
[
261.2866272880532,
-11.930873720678592,
2.0763464734085337
],
[
261.2714403216273,
-11.944441501706843,
2.0466602021697904
]
],
[
[
262.87687002494613,
-13.278055572597188,
1.6159908294610072
],
[
262.9078409877988,
-13.272915960631874,
1.6336085241196812
]
],
[
[
262.8768697762763,
-13.246218060413128,
1.6067033057416247
],
[
262.8495970421957,
-13.252798954860102,
1.5841448142037307
]
],
[
[
262.9163726278959,
-13.267349648079184,
1.5511486541276835
],
[
262.89160608171613,
-13.24923827244105,
1.5323180403691383
]
],
[
[
262.96464885028473,
-13.14637016823631,
1.6040130761549518
],
[
262.99301023849205,
-13.148025840328113,
1.5819022066689747
]
],
[
[
262.94398517527316,
-13.244798625172674,
1.4676976761231177
],
[
262.91611868028167,
-13.246660078979364,
1.444982144205278
]
],
[
[
262.89292362874295,
-13.1136509494187,
1.450948119005202
],
[
262.9208636246904,
-13.117518912100243,
1.42857859760828
]
],
[
[
263.6977552308178,
-11.871475401894088,
1.6206760785512446
],
[
263.7165846489611,
-11.889655470379349,
1.5959588690159894
]
],
[
[
263.67225348859864,
-11.886199151341465,
1.6120786600598767
],
[
263.67664463554354,
-11.909581181439897,
1.6390971488701196
]
],
[
[
263.6438720286411,
-11.753152636402138,
1.4909164078907284
],
[
263.655009426699,
-11.776196306512903,
1.465599453968938
]
],
[
[
263.4249550336931,
-12.026680785626636,
1.6435780090573688
],
[
263.42924153873645,
-12.011938010131445,
1.6761399163121367
]
],
[
[
263.48616025417186,
-11.950207277097013,
1.600896594760293
],
[
263.463030319893,
-11.925197773804067,
1.6125384708410484
]
],
[
[
263.7007940386108,
-11.95487021188628,
1.5959787843047513
],
[
263.7087267006134,
-11.976772305300317,
1.6234263380209923
]
],
[
[
262.10435698410595,
-11.899428053886362,
1.6043610795725314
],
[
262.0860508726583,
-11.915745682997954,
1.5780052964694102
]
],
[
[
262.1359788566645,
-11.917684683453425,
1.593700473813347
],
[
262.1462854521332,
-11.888812576957852,
1.5748278591391602
]
],
[
[
262.09919830970347,
-11.940372392343395,
1.524911921048661
],
[
262.12760969701833,
-11.925418310389134,
1.5086278063861616
]
],
[
[
262.1079118959515,
-11.885324791187662,
1.5439866844987304
],
[
262.1381932042351,
-11.904673925941903,
1.546143223125811
]
],
[
[
262.1574119191021,
-11.816442615423108,
1.466958173183433
],
[
262.17338115698925,
-11.798176999381782,
1.4935542086609013
]
],
[
[
262.1322783391522,
-11.909303006750791,
1.4671798017082622
],
[
262.1212521097511,
-11.937879608116559,
1.486092031533431
]
],
[
[
263.00634514679405,
-12.032758171498877,
1.790237006485086
],
[
262.99525930990256,
-12.024360215534937,
1.8234402068479596
]
],
[
[
262.8095091482447,
-12.089914694732398,
1.7930273806281634
],
[
262.8170285143966,
-12.098491235948156,
1.827173253620907
]
],
[
[
262.9258245719623,
-12.086088730261803,
1.8976394829912893
],
[
262.9308877748472,
-12.081799829352837,
1.862256306578574
]
],
[
[
262.8437585716147,
-12.168282705843058,
1.8759331608303014
],
[
262.82339205223167,
-12.143594770584464,
1.8594494489249502
]
],
[
[
262.94684313012425,
-12.099990770025373,
1.8623344809869593
],
[
262.9460435093543,
-12.10084674674791,
1.8263535460002471
]
],
[
[
262.9045876392118,
-12.165273529819535,
1.828807534520865
],
[
262.89442112089023,
-12.16003198195268,
1.7946729836623394
]
],
[
[
262.26389646420193,
-11.65865388519563,
2.059455661056586
],
[
262.2776479246081,
-11.631333314635398,
2.0404691440091396
]
],
[
[
262.20312665232746,
-11.613283224767528,
1.9695930920485454
],
[
262.19239536089196,
-11.609089140971689,
1.9354850402874408
]
],
[
[
262.13637713033495,
-11.718166530058932,
1.9776973134342395
],
[
262.1317614036347,
-11.71250518337929,
2.0129484730059257
]
],
[
[
262.2452986910759,
-11.694739983447663,
1.9258006364611675
],
[
262.2604032018323,
-11.66813401295104,
1.9068275517661735
]
],
[
[
261.7129832138538,
-11.192860240659105,
2.1375021593540917
],
[
261.70628022689743,
-11.214251958313818,
2.165669860057696
]
],
[
[
261.618924683477,
-11.24224501610877,
2.0224273813722125
],
[
261.6073685207909,
-11.23708530991372,
1.9887252524769752
]
],
[
[
261.5553802664657,
-11.345885645435906,
2.028349097006236
],
[
261.5855426743487,
-11.364702834984577,
2.0226796686710973
]
],
[
[
262.87687632346064,
-14.084462369454391,
1.8512328989413178
],
[
262.85557751616597,
-14.092590366816639,
1.8233707985041492
]
],
[
[
262.77861459261794,
-14.052553239660828,
1.787189613227724
],
[
262.75899551181016,
-14.065523208027379,
1.8144444487122122
]
],
[
[
262.93573798326383,
-14.097433774595451,
1.8041389521499314
],
[
262.91375807896287,
-14.087505870291388,
1.777412189872317
]
],
[
[
262.81520225440903,
-14.096118828355003,
1.8552644544656984
],
[
262.81185387080353,
-14.060275925857407,
1.8549909968959577
]
],
[
[
264.2181404242087,
-11.571024509646405,
1.7961138680891888
],
[
264.1984622437057,
-11.548894551910218,
1.8165841910957419
]
],
[
[
264.4201022101922,
-11.454419349527814,
1.8642013727954803
],
[
264.423159049469,
-11.476307380296436,
1.8926191070185638
]
],
[
[
264.3183234329243,
-11.430113010549627,
1.803395323811421
],
[
264.324050549558,
-11.431951401490904,
1.8388867796581287
]
],
[
[
264.3697190519841,
-11.467704125703,
1.9141099985935108
],
[
264.39884435069416,
-11.446886184990154,
1.9178955118400167
]
],
[
[
261.44670356261304,
-11.519737228256695,
1.826074194118046
],
[
261.442731184178,
-11.542660011035272,
1.8535471835358133
]
],
[
[
261.44522616974496,
-11.547184516330008,
1.8965041724756975
],
[
261.45479871812074,
-11.527622675735596,
1.8678388347380213
]
],
[
[
261.4141477804383,
-11.588084700518166,
1.7698718996433074
],
[
261.39613997125974,
-11.600717249075458,
1.7983689369051166
]
],
[
[
261.36841474639516,
-11.533014193285211,
1.7653847351588907
],
[
261.3824203482136,
-11.518936634896173,
1.7954125214804035
]
],
[
[
262.9436631434117,
-12.301559962641946,
1.3767617508023475
],
[
262.94031296103987,
-12.314446681049045,
1.410208853790337
]
],
[
[
262.8945720114418,
-12.269478673041041,
1.3842050950098974
],
[
262.8752546753835,
-12.299716132768802,
1.3871267399005864
]
],
[
[
262.88469069328397,
-12.35586659293025,
1.388678992682919
],
[
262.8989595693055,
-12.384024318366325,
1.4059862693919634
]
],
[
[
262.81280846883067,
-12.409394712562957,
1.3608553463087134
],
[
262.79124401014593,
-12.380569259269839,
1.361111565315884
]
],
[
[
262.9193902914335,
-12.330027044208979,
1.4021102596697457
],
[
262.8969025886466,
-12.310174978306222,
1.422014995846918
]
],
[
[
262.7430038461537,
-12.461375716517464,
1.3338358828541688
],
[
262.7198610005766,
-12.436922604225721,
1.3465815199769433
]
],
[
[
262.94639508154273,
-12.422639932289366,
1.3403148781448249
],
[
262.9109339006693,
-12.422122474641512,
1.3341310783878821
]
],
[
[
262.94480622685046,
-12.465883125736012,
1.3458076404904602
],
[
262.9127556722228,
-12.466784702423828,
1.3294386946721424
]
],
[
[
262.9190668701948,
-12.447998754038473,
1.2853270106762211
],
[
262.9266955815674,
-12.478540390726854,
1.3027917024788978
]
],
[
[
262.7115003096493,
-12.33198450724953,
1.2316510174183324
],
[
262.7358464957792,
-12.35560289278885,
1.2195913842340524
]
],
[
[
262.47088851617673,
-12.58820325335401,
0.6621557044344552
],
[
262.50025604630616,
-12.572174522503111,
0.6754424797978896
]
],
[
[
262.44717942311485,
-12.579047816636255,
0.703514684234591
],
[
262.47546941442585,
-12.560344898310834,
0.7155917870538333
]
],
[
[
262.40946633176117,
-12.56448463531089,
0.7693027335466924
],
[
262.4115585010424,
-12.599302630886307,
0.7782095632871799
]
],
[
[
262.5647775885003,
-12.620112488775389,
0.6863141559971936
],
[
262.53348085920715,
-12.636674504779764,
0.6798169168073048
]
],
[
[
262.56497778319346,
-12.639584617817597,
0.7349859478884974
],
[
262.53531448591684,
-12.658565234983561,
0.7275143801091175
]
],
[
[
262.5645468868261,
-12.59767306893404,
0.6302254370742417
],
[
262.5947618557031,
-12.615801415294635,
0.6228485486933784
]
],
[
[
262.3881265771843,
-12.41699403137931,
0.6981909705992777
],
[
262.3618290651502,
-12.430525283623778,
0.7187177415397048
]
],
[
[
262.8332415739753,
-12.728128491384169,
0.030054225102985166
],
[
262.8333570001708,
-12.763263389087326,
0.03789803518932744
]
],
[
[
262.5618796028984,
-12.338237136788624,
-0.018250734747427666
],
[
262.5950152380347,
-12.3512550959299,
-0.023595123118314687
]
],
[
[
263.27568802518425,
-12.59864198346581,
0.710653857629023
],
[
263.30335893167,
-12.615119241518288,
0.6945660165181994
]
],
[
[
263.203040515879,
-12.716555699929469,
0.7064688522049497
],
[
263.22807507449716,
-12.7326972358119,
0.7266863063280617
]
],
[
[
263.244374421274,
-12.649466897468248,
0.7088499746953202
],
[
263.24296703875575,
-12.649876453678248,
0.7448200904199666
]
],
[
[
263.3247871091775,
-12.580383264937458,
0.7759673778244173
],
[
263.3512409954342,
-12.600026862009202,
0.7614649291536936
]
],
[
[
263.2282547456681,
-12.725397467857444,
0.7963049369613596
],
[
263.20215702503646,
-12.71084024210059,
0.7762302484418653
]
],
[
[
263.1794439370785,
-12.647082449902868,
0.8821157198904834
],
[
263.1501766327476,
-12.667004570396465,
0.8755939582966719
]
],
[
[
263.1576476789801,
-12.550256720854478,
0.6841544630473704
],
[
263.1560646085564,
-12.582632887616292,
0.6684931109807941
]
],
[
[
262.8623567206904,
-13.269517429984806,
0.6868430791482606
],
[
262.8590832093608,
-13.268772746439106,
0.7226862920273014
]
],
[
[
263.7150605016217,
-11.987199813927369,
0.6570352405290831
],
[
263.72054398597777,
-11.985863811016749,
0.6925888238020463
]
],
[
[
262.8738085007627,
-11.886184326777558,
0.7829869671672367
],
[
262.87262508291207,
-11.91769533856973,
0.8003551099505899
]
],
[
[
262.9202482622079,
-11.891760699993572,
0.7760340349510702
],
[
262.9146217812043,
-11.894405352560128,
0.7405749137945608
]
],
[
[
262.8976688510852,
-11.944615165146935,
0.6794803344405687
],
[
262.90184197447377,
-11.975267212939352,
0.6978932495581387
]
],
[
[
262.80006593297975,
-11.962710393952634,
0.6714779732236666
],
[
262.80715856518304,
-11.992831716019182,
0.6530822295950566
]
],
[
[
262.8354523951807,
-12.029874197777122,
0.6843089903024241
],
[
262.80262221282777,
-12.015908565365155,
0.6891193991715667
]
],
[
[
262.94430520758453,
-12.058940998592336,
0.5489772756045788
],
[
262.9151971804931,
-12.045127877576357,
0.5329157544435781
]
],
[
[
262.17963997210853,
-12.07481673871159,
0.6566553706264363
],
[
262.18299835235234,
-12.077112496643556,
0.6208852473987516
]
],
[
[
263.06342596344615,
-12.29366840540079,
0.13122803519803417
],
[
263.0970417522643,
-12.281026423965201,
0.1337101908869347
]
]
],
"half_couplers": [
{
"pose": [
[
-0.5858901695504737,
0.14725190454214665,
-0.7968999848367598,
264.0945394280288
],
[
0.7999029104427904,
0.2627716262558919,
-0.5395427752273098,
-11.168321406800388
],
[
0.12995400374467436,
-0.9535554252604012,
-0.2717425396716253,
2.1053349706446935
],
[
0.0,
0.0,
0.0,
1.0
]
],
"at_element": 3,
"to_element": 7
},
{
"pose": [
[
-0.7959831408494957,
-0.14725190454209122,
-0.5871351770181197,
264.0892383543209
],
[
-0.5407925335312515,
-0.2627716262555695,
0.7990585135719748,
-11.177781194525718
],
[
-0.2719453532609486,
0.9535554252604985,
0.1295290538684184,
2.1396629992672436
],
[
0.0,
0.0,
0.0,
1.0
]
],
"at_element": 7,
"to_element": 3
},
{
"pose": [
[
-0.5848605430492047,
-0.013703025699821791,
-0.8110181084728381,
264.12557376945244
],
[
0.8006898823499446,
0.15017949328891267,
-0.5799498530889697,
-11.222496590433586
],
[
0.1297453563200694,
-0.9885637798757123,
-0.07686218596437944,
2.095949848950623
],
[
0.0,
0.0,
0.0,
1.0
]
],
"at_element": 4,
"to_element": 7
},
{
"pose": [
[
-0.8093729121947204,
0.013703025699910165,
-0.5871351770181249,
264.1260670783294
],
[
-0.582195509845127,
-0.15017949328835445,
0.7990585135719571,
-11.227903051663388
],
[
-0.07722614402914174,
0.9885637798757957,
0.129529053868503,
2.1315381415466983
],
[
0.0,
0.0,
0.0,
1.0
]
],
"at_element": 7,
"to_element": 4
},
{
"pose": [
[
-0.5185463818927101,
-0.2708491786119745,
-0.8110181084730463,
264.18378689087723
],
[
0.6518053667419432,
0.48867978451016947,
-0.5799498530886054,
-11.180869047391793
],
[
0.5534070958276376,
-0.8293568536259364,
-0.07686218596492544,
2.101466850011129
],
[
0.0,
0.0,
0.0,
1.0
]
],
"at_element": 4,
"to_element": 49
},
{
"pose": [
[
-0.8028313416141941,
0.2708491786118954,
-0.5311332783466072,
264.1935372409395
],
[
-0.5900459348629282,
-0.4886797845106683,
0.642680218275263,
-11.19846112203556
],
[
-0.08548468677889628,
0.8293568536256682,
0.5521409038193474,
2.1313230219620913
],
[
0.0,
0.0,
0.0,
1.0
]
],
"at_element": 49,
"to_element": 4
},
{
"pose": [
[
-0.5758412522247869,
0.18263971748593544,
-0.7968999848367717,
263.46787857042784
],
[
0.8144137181858908,
0.2135974937369488,
-0.5395427752272534,
-11.592603430479324
],
[
0.07167389948106384,
-0.9596972669888936,
-0.2717425396717019,
1.8916438974891865
],
[
0.0,
0.0,
0.0,
1.0
]
],
"at_element": 3,
"to_element": 5
},
{
"pose": [
[
-0.7564708609807858,
-0.18263971748590213,
-0.6280084156153156,
263.4613035406211
],
[
-0.5929667326941163,
-0.21359749373679904,
0.7763804251701758,
-11.60029294022726
],
[
-0.27593892513571483,
0.9596972669889334,
0.0532810034526221,
1.9261929989813107
],
[
0.0,
0.0,
0.0,
1.0
]
],
"at_element": 5,
"to_element": 3
},
{
"pose": [
[
0.5928245437761553,
0.1162302648361179,
-0.7968999848366916,
263.69878354653173
],
[
-0.6118833977626744,
-0.5783530939160382,
-0.5395427752274615,
-11.436268741068623
],
[
-0.5236007714270463,
0.8074640699708391,
-0.27174253967152384,
1.970382391432275
],
[
0.0,
0.0,
0.0,
1.0
]
],
"at_element": 3,
"to_element": 47
},
{
"pose": [
[
0.11374790891051811,
-0.11623026483589677,
-0.9866873561339791,
263.69459925941356
],
[
0.8153762703686231,
0.5783530939153904,
0.02586960529752247,
-11.415448041709206
],
[
0.5676468540723523,
-0.807464069971335,
0.160557854890655,
1.9413137016971271
],
[
0.0,
0.0,
0.0,
1.0
]
],
"at_element": 47,
"to_element": 3
},
{
"pose": [
[
-0.214330700264862,
-0.7481094711608502,
-0.6280084156151151,
263.49523770991084
],
[
-0.10673935614234953,
-0.6211603217065784,
0.7763804251703521,
-11.642244328339139
],
[
-0.9709114587717516,
0.2334353741334272,
0.05328100345241504,
1.9233139824806835
],
[
0.0,
0.0,
0.0,
1.0
]
],
"at_element": 5,
"to_element": 28
},
{
"pose": [
[
0.5572662517540741,
0.7481094711609471,
-0.3602589954675014,
263.5221692442099
],
[
-0.3971141615801135,
0.6211603217064261,
0.6756183814921652,
-11.619882894412495
],
[
0.7292151036069457,
-0.23343537413352228,
0.6432365496259165,
1.9149104359043474
],
[
0.0,
0.0,
0.0,
1.0
]
],
"at_element": 28,
"to_element": 5
},
{
"pose": [
[
0.8672905712523589,
-0.3435411492113453,
-0.3602589954675736,
263.46548600334734
],
[
0.4965157266398797,
0.5449880143538728,
0.6756183814920189,
-11.513580928518234
],
[
-0.035765880613083556,
-0.7648317089459427,
0.6432365496260295,
2.0161174362368106
],
[
0.0,
0.0,
0.0,
1.0
]
],
"at_element": 28,
"to_element": 33
},
{
"pose": [
[
-0.6321436368812445,
0.34354114921132883,
0.6945314256022638,
263.4778528959919
],
[
0.46809031663223244,
-0.5449880143539856,
0.695614490709931,
-11.533199563088054
],
[
0.6174835040919634,
0.7648317089458699,
0.18370242013988425,
2.0436500670654163
],
[
0.0,
0.0,
0.0,
1.0
]
],
"at_element": 33,
"to_element": 28
},
{
"pose": [
[
0.7734656380083003,
0.08576908963421598,
-0.6280084156153729,
263.9395234830689
],
[
0.615171893847622,
0.13710206574884354,
0.7763804251701159,
-12.191496167780771
],
[
0.15269069336519228,
-0.9868367072777124,
0.053281003452818165,
1.885620233121661
],
[
0.0,
0.0,
0.0,
1.0
]
],
"at_element": 5,
"to_element": 9
},
{
"pose": [
[
-0.33695815863371203,
-0.0857690896344308,
0.9376048541861648,
263.9364358030283
],
[
0.9361115701747493,
-0.13710206574950745,
0.32387984153414606,
-12.19643183066055
],
[
0.1007686832063614,
0.9868367072776018,
0.12648709678997772,
1.9211462719008785
],
[
0.0,
0.0,
0.0,
1.0
]
],
"at_element": 9,
"to_element": 5
},
{
"pose": [
[
-0.0983720816035063,
0.7719639651413047,
-0.6280084156158319,
263.88068564625314
],
[
-0.14711662840169137,
0.6128540879042633,
0.7763804251697437,
-12.118757421567732
],
[
0.9842152362205696,
0.16876463925345225,
0.053281003452828934,
1.8906121072885842
],
[
0.0,
0.0,
0.0,
1.0
]
],
"at_element": 5,
"to_element": 27
},
{
"pose": [
[
-0.5398368389555332,
-0.7719639651408823,
0.3356304870396376,
263.8528941432263
],
[
0.49188044647219614,
-0.6128540879045132,
-0.6184363292344979,
-12.140820804067591
],
[
0.6831030769106599,
-0.1687646392544772,
0.7105551933892928,
1.8845364053200366
],
[
0.0,
0.0,
0.0,
1.0
]
],
"at_element": 27,
"to_element": 5
},
{
"pose": [
[
-0.7719680897796142,
0.09833970855376256,
-0.6280084156152486,
263.7676110260253
],
[
-0.6301640592423985,
0.011255836335268943,
0.7763804251702489,
-11.978968018200476
],
[
0.08341778468142541,
0.995089246183454,
0.05328100345234388,
1.9002054966141975
],
[
0.0,
0.0,
0.0,
1.0
]
],
"at_element": 5,
"to_element": 46
},
{
"pose": [
[
-0.6991913084307375,
-0.09833970855379182,
-0.7081389806644376,
263.7640707923726
],
[
0.7123240876184721,
-0.011255836335716474,
-0.7017604294535956,
-11.979373228782958
],
[
0.06104021963775036,
-0.9950892461834461,
0.07791972610729803,
1.8643822418111227
],
[
0.0,
0.0,
0.0,
1.0
]
],
"at_element": 46,
"to_element": 5
},
{
"pose": [
[
-0.11757904915104622,
0.48425382678704276,
-0.866991002515505,
263.8582301710312
],
[
0.7454917224703349,
-0.5337316576693873,
-0.39921499136392763,
-12.137744887165727
],
[
-0.6560619322357828,
-0.6932739349229802,
-0.2982515586337453,
1.8339680817171744
],
[
0.0,
0.0,
0.0,
1.0
]
],
"at_element": 6,
"to_element": 27
},
{
"pose": [
[
0.8079915887009377,
-0.4842538267873739,
0.3356304870394208,
263.8407970437538
],
[
0.5767729399722373,
0.5337316576693913,
-0.6184363292346802,
-12.11853055904806
],
[
0.12034354284429491,
0.6932739349227459,
0.7105551933892367,
1.858925928360926
],
[
0.0,
0.0,
0.0,
1.0
]
],
"at_element": 27,
"to_element": 6
},
{
"pose": [
[
0.14721383787747233,
0.3150003545133968,
0.937604854186357,
263.8905647857382
],
[
-0.6993391355445118,
-0.6372021827835144,
0.3238798415335224,
-12.212277202775008
],
[
0.6994661245787678,
-0.7033833626923223,
0.12648709679015002,
1.9149580660933523
],
[
0.0,
0.0,
0.0,
1.0
]
],
"at_element": 9,
"to_element": 27
},
{
"pose": [
[
0.8877651450841393,
-0.31500035451311603,
0.3356304870394648,
263.8792246630649
],
[
0.4599020384144539,
0.6372021827840075,
-0.618436329234891,
-12.189337701860392
],
[
-0.01905681599762571,
0.7033833626920013,
0.7105551933890324,
1.9402801125767877
],
[
0.0,
0.0,
0.0,
1.0
]
],
"at_element": 27,
"to_element": 9
},
{
"pose": [
[
0.4611789601266765,
-0.18878709779339353,
-0.8669910025157268,
264.54705881972126
],
[
-0.8695297729467758,
-0.2907668561404473,
-0.3992149913634617,
-11.820566597841145
],
[
-0.17672560848843005,
0.9379840441483789,
-0.29825155863372466,
2.0709304233184076
],
[
0.0,
0.0,
0.0,
1.0
]
],
"at_element": 6,
"to_element": 7
},
{
"pose": [
[
0.787166891843597,
0.18878709779342795,
-0.5871351770180575,
264.55385516173016
],
[
0.526270013641435,
0.29076685614056474,
0.7990585135720513,
-11.81009898102686
],
[
0.32157138729547263,
-0.9379840441483357,
0.12952905386822844,
2.0371629654919428
],
[
0.0,
0.0,
0.0,
1.0
]
],
"at_element": 7,
"to_element": 6
},
{
"pose": [
[
-0.7905639741050212,
-0.17401404183339503,
-0.5871351770181047,
264.6131319480145
],
[
-0.5316224440812014,
-0.28086129821897043,
0.7990585135719941,
-11.890771409782088
],
[
-0.30395094965537717,
0.9438411118443402,
0.12952905386836666,
2.0240857963079133
],
[
0.0,
0.0,
0.0,
1.0
]
],
"at_element": 7,
"to_element": 8
},
{
"pose": [
[
-0.5772600753649344,
0.17401404183344982,
-0.79780318289316,
264.6193964525184
],
[
0.8056068314774383,
0.28086129821920436,
-0.5216460143042458,
-11.88066040466358
],
[
0.1332983063153949,
-0.9438411118442604,
-0.30231691505113933,
1.990107521716756
],
[
0.0,
0.0,
0.0,
1.0
]
],
"at_element": 8,
"to_element": 7
},
{
"pose": [
[
0.008375368603382949,
-0.809445573901367,
-0.5871351770182436,
264.4787150999472
],
[
0.16600132663041645,
-0.5778832507048646,
0.7990585135718913,
-11.707837511388913
],
[
-0.9860899617974515,
-0.10415762788324862,
0.12952905386837132,
2.0537397632913548
],
[
0.0,
0.0,
0.0,
1.0
]
],
"at_element": 7,
"to_element": 48
},
{
"pose": [
[
0.35683740535667907,
0.8094455739012874,
0.4663313511119845,
264.50785448321926
],
[
-0.34322746285300326,
0.5778832507049084,
-0.7404362614690196,
-11.687034183689374
],
[
-0.8688279316883198,
0.1041576278836252,
0.48403431042835476,
2.05748935330391
],
[
0.0,
0.0,
0.0,
1.0
]
],
"at_element": 48,
"to_element": 7
},
{
"pose": [
[
-0.3466517629993271,
-0.02701282317393411,
0.937604854186257,
263.10704222072815
],
[
0.8989871178736184,
-0.2948287810669492,
0.3238798415336496,
-12.482931906684268
],
[
0.2676839873932385,
0.9551682036367997,
0.12648709679056525,
1.8092573606465112
],
[
0.0,
0.0,
0.0,
1.0
]
],
"at_element": 9,
"to_element": 18
},
{
"pose": [
[
-0.02894024573707865,
0.027012823173836797,
0.9992160775131955,
263.108014682839
],
[
-0.9548857141761009,
0.29482878106693633,
-0.03562671353046881,
-12.472318065364377
],
[
-0.29556003626856436,
-0.9551682036368063,
0.017261741573821432,
1.7748712884641766
],
[
0.0,
0.0,
0.0,
1.0
]
],
"at_element": 18,
"to_element": 9
},
{
"pose": [
[
0.33187438970101524,
0.10371367733836084,
0.9376048541862041,
263.2468385096951
],
[
-0.9421163775484367,
0.08670974226100547,
0.3238798415339268,
-12.434641627772539
],
[
-0.04770870586790432,
-0.9908203135432703,
0.1264870967902474,
1.8281165065378218
],
[
0.0,
0.0,
0.0,
1.0
]
],
"at_element": 9,
"to_element": 34
},
{
"pose": [
[
0.7446068600612453,
-0.10371367733831338,
0.6593967675707072,
263.24310481746136
],
[
0.6536787861798135,
-0.08670974226080119,
-0.7517881783425111,
-12.43776317836818
],
[
0.1351468403190349,
