{
"line_pt_pairs": [
[
[
267.1274261897761,
-0.5369459785320752,
0.7671745922447566
],
[
267.6472934150956,
-0.8370847964107695,
-0.03260960242341149
]
],
[
[
261.6122248706749,
-0.5418119481936183,
0.7504800249378977
],
[
261.09236341707043,
-0.8419607629758488,
-0.04930416973031204
]
],
[
[
264.37687935059404,
4.238930466848317,
0.7552754521089154
],
[
264.37687357887916,
4.839218099509238,
-0.04450874255926829
]
],
[
[
264.3768878376912,
3.356229314420758,
1.931329050277527
],
[
264.3768820659762,
3.956516947081722,
1.1315448556093761
]
],
[
[
266.3703505797238,
-0.09985787684175174,
1.931889499434019
],
[
266.8902178050433,
-0.39999669472039856,
1.1321053047658403
]
],
[
[
261.8606984504806,
-0.39835247458531264,
1.1327458008351767
],
[
262.3805599040851,
-0.09820365980308665,
1.9325299955033648
]
],
[
[
266.6565923826173,
-0.37576270333762984,
1.3198356309649686
],
[
267.23179559620667,
-0.5940419488450785,
0.5314858139058374
]
],
[
[
266.9086612271248,
-0.42184073771039365,
1.2578318900302157
],
[
266.4138573994933,
0.4398926220319369,
1.3700138354065234
]
],
[
[
266.90959536005954,
-0.3226581399027415,
1.2283165088780228
],
[
265.9153235398737,
-0.31111223154839607,
1.3345720479552199
]
],
[
[
266.53074803746733,
0.19620892295148984,
0.7723864899544417
],
[
266.8298007177457,
-0.5401491669868566,
1.3793002052391472
]
],
[
[
267.0075632977917,
-0.37238202031110545,
1.378700964089908
],
[
266.2017694032907,
-0.6001409221893204,
0.8320547510780429
]
],
[
[
266.60470148503475,
0.15105614729979389,
0.8846029372255988
],
[
267.17900976825257,
-0.5794331182334618,
0.5150688673915862
]
],
[
[
266.2933930835578,
-0.456497613560646,
0.9623014140114929
],
[
267.20519110888887,
-0.6513206116522048,
0.6008206255634678
]
],
[
[
266.31537197358335,
-0.6409548447938442,
0.8750018417633698
],
[
266.63702954400554,
0.301088718890279,
0.9703450717874892
]
],
[
[
266.7434338609284,
0.045315394220887484,
0.7655966471990806
],
[
266.29983781292975,
0.48853619776811996,
1.5445561233613059
]
],
[
[
266.51977011232594,
-0.42217911833470234,
0.8207414299219461
],
[
265.8983979302554,
-0.1593005158140044,
1.5588413226774085
]
],
[
[
267.2734431800139,
-0.04598858875917711,
-0.0112580930294357
],
[
266.807622822997,
-0.9264972014603352,
0.07658254647055296
]
],
[
[
266.8130732113647,
-0.6913230643633583,
-0.0013215101836669962
],
[
267.7907451156069,
-0.8722508196930971,
0.10555596642740439
]
],
[
[
267.7645228974281,
-0.9409039540374928,
0.06028902062676922
],
[
267.1203223603408,
-0.17625226768811375,
0.04258403320642734
]
],
[
[
267.1146417480794,
-0.7123410317379941,
-0.3088446277155359
],
[
266.5998478978824,
-0.6122070876582857,
0.5426014862825144
]
],
[
[
266.74828238515863,
-0.5606436170356983,
0.24265104860564257
],
[
267.6852584550624,
-0.8009928196401124,
-0.010939379516346603
]
],
[
[
267.430917247066,
-0.4341483850358365,
-0.206250731261584
],
[
266.77402325718344,
-0.12299684792036181,
0.4805352667078029
]
],
[
[
267.0245486046683,
-0.16035678212071414,
0.3161669033987049
],
[
267.5979111475711,
-0.9438589926314,
0.07662634207154095
]
],
[
[
267.17264258778084,
0.01218382616688607,
0.23440081121846612
],
[
266.64638364145776,
-0.8258839306642283,
0.3782547523357338
]
],
[
[
267.2413960052776,
-0.5689556014701254,
0.923811406346426
],
[
266.71754268434876,
-0.6239802991010015,
0.07378200638281074
]
],
[
[
266.9280936502578,
-0.03391743873143205,
0.1670372786905383
],
[
267.05386710025783,
-0.682072842891869,
0.9180869517033928
]
],
[
[
266.34761243641293,
-0.4231059374394417,
1.0248583266593414
],
[
266.8804495857413,
-0.53683128446206,
0.18631726163021511
]
],
[
[
266.58302704477353,
0.09938617660870575,
0.9940804306784234
],
[
266.99355720591535,
-0.3244360432325777,
0.18671452059695115
]
],
[
[
266.5622988933872,
-0.13691040160638557,
2.012104245208627
],
[
265.86688195571344,
-0.2634584266026303,
1.3047281923442355
]
],
[
[
266.3410620578026,
0.4936023978353876,
1.4426692456566863
],
[
265.91066286470164,
-0.4050614950076017,
1.3580539853408655
]
],
[
[
266.4054268345072,
-0.2836228908176257,
2.0053516025082674
],
[
266.22413945461443,
0.46456359752411014,
1.3671103749504676
]
],
[
[
264.4009033711145,
3.737202807981477,
1.324395055963683
],
[
264.35201974705046,
4.338748296696155,
0.5270535881436635
]
],
[
[
264.0559647325185,
3.5090350066631206,
1.0284341077530454
],
[
264.15878042361555,
4.070634844504795,
0.20743803236630542
]
],
[
[
264.67375625321915,
3.466658866303587,
1.00706128482181
],
[
264.4374459741564,
3.9746031706277565,
0.17871954633827958
]
],
[
[
264.12993728088753,
3.8065328780118772,
0.12986945213120094
],
[
264.49751939169215,
4.513061203530658,
0.7346017210371032
]
],
[
[
264.2421287968158,
4.345460411175342,
0.8846257308529912
],
[
264.5511476792887,
3.9139354893701945,
0.03710371217957009
]
],
[
[
263.8828327943802,
4.043536185795631,
0.2171219628268828
],
[
264.8759473661289,
3.9325869058196155,
0.2547212268251211
]
],
[
[
264.0986803499767,
3.970224120291584,
0.3492484344538749
],
[
264.45941077401386,
4.848288547052048,
0.03480221706247422
]
],
[
[
264.30665352454304,
4.410579808153764,
-0.21882362236214048
],
[
264.0912539249454,
3.7171169741003327,
0.46871714754155946
]
],
[
[
264.64412529434793,
3.943829589769271,
0.28990208148888286
],
[
264.26713346251415,
4.811441411724757,
-0.03433068233011838
]
],
[
[
264.53116323893903,
4.3380856096698786,
-0.3070431801694504
],
[
264.4368891453767,
3.7000672205992675,
0.4571851433639964
]
],
[
[
264.46543033272167,
4.963694319993046,
-0.03093150713435855
],
[
264.1431464744691,
4.020195328675687,
0.046157844224686384
]
],
[
[
264.5643079304486,
3.9956905179339124,
0.004942445106247195
],
[
264.1913128713612,
4.920611598085845,
0.07839774707282032
]
],
[
[
263.8742102573196,
4.213778635997323,
-0.0409331187048938
],
[
264.8720876727882,
4.179701289040832,
-0.09642544359857919
]
],
[
[
264.5784156790646,
3.5352561468850743,
0.7437083284190763
],
[
264.6966237677707,
3.0942753719008795,
1.6334064816479081
]
],
[
[
264.15220751118557,
3.5894430858335635,
0.7685741397540478
],
[
264.15270669157513,
3.0203293382921688,
1.5908327932070403
]
],
[
[
264.88340101878356,
3.5534436391246498,
0.8981222324875677
],
[
263.88963483676383,
3.646708737712694,
0.9591992073571852
]
],
[
[
264.65193152900605,
3.428084731243697,
0.9207365124842025
],
[
264.24293685669085,
4.308559590790987,
0.680971252859335
]
],
[
[
264.0472430639714,
3.441333516355648,
0.8655739635399056
],
[
264.3818437203216,
4.373227326072839,
0.7255156607486515
]
],
[
[
264.24107534827243,
4.072559148253869,
1.2790256618413083
],
[
264.65390280570085,
3.2579713637925023,
0.8715698583490854
]
],
[
[
264.0403335027007,
3.358331219163891,
0.7622693883952666
],
[
264.39316653775035,
4.065394322633503,
1.3751075538921698
]
],
[
[
264.3966866812143,
3.9606660380578216,
1.1985649213497442
],
[
264.67195325648794,
3.0273226442455377,
1.4289958692801616
]
],
[
[
264.3714064031878,
3.9508717828412916,
1.2481772338186856
],
[
264.03914531181476,
3.0301046754305325,
1.4526044851087694
]
],
[
[
264.4512662599155,
3.5252000014594387,
2.0184247060858826
],
[
263.94017967677985,
3.0236877997381697,
1.3203731205541391
]
],
[
[
264.2201827516144,
3.5490157589975624,
1.929189178727875
],
[
264.8062581933592,
2.9880683422661223,
1.3445067245307558
]
],
[
[
263.8780333365955,
3.0642639624399806,
1.510308521785233
],
[
264.8650515676305,
3.059704280987705,
1.3497650046018534
]
],
[
[
261.97006421189536,
-0.3008916273521416,
1.3857816866633734
],
[
261.4705472325354,
-0.7046713366925172,
0.6193322534610788
]
],
[
[
262.3834932522913,
-0.3994455131372383,
1.0358415527125175
],
[
261.82287063070106,
-0.556234694758893,
0.22274904340764334
]
],
[
[
262.1483215293542,
0.04592708941819934,
0.9111283161546906
],
[
261.67296818372364,
-0.43241939282877606,
0.17273557531835548
]
],
[
[
262.03325775498973,
-0.5886285657176764,
0.07163714684020706
],
[
261.4564485492454,
-0.5981128074405935,
0.8884609891266129
]
],
[
[
261.60454538680864,
-0.6883911318324032,
0.8980709401243153
],
[
261.7101180319199,
-0.2029527366763908,
0.03019768836886838
]
],
[
[
262.0778360613718,
-0.8492306312658393,
0.2536025866611893
],
[
261.60111152721646,
0.026876068942630615,
0.32551064173304134
]
],
[
[
261.98949796624123,
-0.6143263171733881,
0.32745000058295504
],
[
261.0878233861564,
-0.8000297921393735,
-0.06305886105069636
]
],
[
[
261.6039883207414,
-0.7553132209387774,
-0.2824553261387448
],
[
262.1207237089299,
-0.6436302320861496,
0.5663741317587481
]
],
[
[
261.8161534214829,
-0.23139176769846537,
0.2899452326609171
],
[
261.178333673117,
-0.8975262110060969,
-0.09664353079924881
]
],
[
[
261.41291153061655,
-0.5336511178405619,
-0.2286675907419231
],
[
261.80897899730434,
-0.06475392648032519,
0.5608043756799508
]
],
[
[
260.9614408625236,
-0.9160343292899973,
-0.06054974261716395
],
[
261.93808974607674,
-0.7225132351844326,
0.03275912293507144
]
],
[
[
261.6589618482019,
-0.209226996214108,
0.007624453895803018
],
[
260.9661096448823,
-0.929658557687062,
-0.022940061294942193
]
],
[
[
261.8870184187775,
-0.9582667425883364,
0.06956912510475122
],
[
261.4530030426636,
-0.057766073560387765,
0.042565451707213375
]
],
[
[
261.97168254269076,
-0.03475171734285998,
0.8392071673089814
],
[
262.4590298674272,
0.41767961829765954,
1.5860662380865402
]
],
[
[
262.2513603116825,
-0.49556027132583713,
0.8283491228370118
],
[
262.87215772158186,
-0.2590028855087734,
1.5757788379792546
]
],
[
[
261.95102010243636,
0.2295963485236996,
0.9256401328493246
],
[
262.47633496683096,
-0.6212459180667491,
0.9150698618374409
]
],
[
[
262.21606625624383,
0.09604085275920671,
0.8791103128465568
],
[
261.6564995009748,
-0.6739816330688784,
0.5725969889651774
]
],
[
[
262.44463657893846,
-0.33676666507633923,
0.9179726796938351
],
[
261.5079454329528,
-0.55011264194777,
0.6403160731006166
]
],
[
[
261.77450151695456,
-0.4758218748968004,
1.3691333367643783
],
[
262.1720554770047,
0.17441852461362184,
0.721724446114115
]
],
[
[
262.57144809220716,
-0.40501624895450883,
0.7906321327624657
],
[
261.81132836186777,
-0.27176206579009166,
1.4266048666261004
]
],
[
[
261.928304964702,
-0.4311842309862839,
1.1587244047721914
],
[
262.46246190457913,
0.3601715552305498,
1.4561002329799722
]
],
[
[
261.8188558706449,
-0.43310651035767367,
1.2108931762108488
],
[
262.79424748627935,
-0.3462764597644725,
1.413554811613089
]
],
[
[
262.7986485655619,
-0.4374806515816332,
1.4503805063694652
],
[
262.26277406142884,
0.40679305103453056,
1.4440219773788077
]
],
[
[
262.22013766776695,
-0.12486617931834454,
2.0390646632925153
],
[
262.8602879004416,
-0.26618036346079554,
1.2839236294672092
]
],
[
[
262.30094880561603,
-0.31377118421149386,
1.9586025830173928
],
[
262.47074381161815,
0.4025058009043565,
1.2817592211307016
]
]
],
"contact_id_pairs": [
[
7,
14
],
[
14,
29
],
[
29,
30
],
[
8,
29
],
[
15,
28
],
[
15,
29
],
[
28,
29
],
[
9,
27
],
[
11,
14
],
[
11,
27
],
[
13,
14
],
[
13,
27
],
[
21,
23
],
[
21,
25
],
[
22,
23
],
[
23,
27
],
[
10,
13
],
[
12,
13
],
[
13,
15
],
[
13,
26
],
[
19,
23
],
[
19,
24
],
[
20,
24
],
[
23,
26
],
[
0,
24
],
[
6,
24
],
[
6,
25
],
[
11,
25
],
[
12,
24
],
[
0,
17
],
[
0,
20
],
[
17,
18
],
[
17,
22
],
[
16,
18
],
[
18,
21
],
[
16,
19
],
[
17,
19
],
[
4,
8
],
[
6,
10
],
[
7,
8
],
[
7,
10
],
[
8,
9
],
[
4,
28
],
[
4,
30
],
[
70,
77
],
[
70,
78
],
[
78,
79
],
[
69,
78
],
[
76,
78
],
[
76,
80
],
[
78,
80
],
[
5,
79
],
[
5,
80
],
[
5,
75
],
[
56,
74
],
[
56,
75
],
[
56,
77
],
[
75,
76
],
[
57,
71
],
[
70,
71
],
[
71,
73
],
[
73,
75
],
[
58,
72
],
[
58,
74
],
[
69,
71
],
[
71,
74
],
[
1,
59
],
[
1,
73
],
[
56,
59
],
[
56,
60
],
[
59,
60
],
[
59,
72
],
[
60,
73
],
[
63,
66
],
[
63,
68
],
[
65,
67
],
[
65,
68
],
[
1,
67
],
[
62,
67
],
[
64,
66
],
[
66,
67
],
[
58,
61
],
[
58,
64
],
[
60,
64
],
[
61,
64
],
[
61,
65
],
[
57,
61
],
[
59,
61
],
[
61,
62
],
[
61,
63
],
[
45,
55
],
[
52,
53
],
[
52,
55
],
[
44,
54
],
[
51,
55
],
[
54,
55
],
[
3,
53
],
[
3,
54
],
[
3,
51
],
[
3,
52
],
[
31,
49
],
[
49,
50
],
[
50,
52
],
[
32,
48
],
[
45,
50
],
[
46,
50
],
[
48,
50
],
[
33,
47
],
[
44,
47
],
[
44,
49
],
[
46,
47
],
[
2,
34
],
[
2,
48
],
[
31,
34
],
[
31,
35
],
[
35,
47
],
[
47,
48
],
[
38,
41
],
[
38,
43
],
[
40,
42
],
[
40,
43
],
[
2,
37
],
[
2,
41
],
[
39,
41
],
[
39,
42
],
[
33,
36
],
[
35,
36
],
[
35,
40
],
[
36,
39
],
[
32,
36
],
[
32,
37
],
[
34,
38
],
[
36,
38
]
],
"coupler_pt_pairs": [
[
[
266.4377976386162,
0.39819912343643604,
1.3645861033486788
],
[
266.4069339011381,
0.38153070372325226,
1.3564942297846256
]
],
[
[
266.3473679029229,
0.44104631418042106,
1.4610927693255404
],
[
266.322573265024,
0.45499821186402467,
1.4390344014493448
]
],
[
[
266.27505606011954,
0.35578335035649833,
1.4296926537720247
],
[
266.2478085233983,
0.36687959179695284,
1.4504398131313765
]
],
[
[
265.94928845656676,
-0.3115066466443881,
1.330942295547819
],
[
265.9530161789849,
-0.31662872166900535,
1.3663805267720819
]
],
[
[
266.0049507853616,
-0.20437891882776782,
1.432272008511085
],
[
266.0015934231491,
-0.23894439879457297,
1.441756298718761
]
],
[
[
266.0309781479966,
-0.21539009202511816,
1.401355282394374
],
[
266.0078893506577,
-0.20205476600511485,
1.3771684366470893
]
],
[
[
265.95589821340695,
-0.2472597535571417,
1.395275266475963
],
[
265.98143317730796,
-0.2572946644838223,
1.371967228023019
]
],
[
[
266.5952571292436,
0.03736804060320331,
0.9033047366096404
],
[
266.62596631703536,
0.055056625674449355,
0.9096342488644029
]
],
[
[
266.66609182429335,
0.07297093566997215,
0.845101814609712
],
[
266.69530482680915,
0.09340371527902336,
0.8501117536227223
]
],
[
[
266.70126314433315,
0.02823490713879484,
0.8224711101334888
],
[
266.67221328100726,
0.00731228728777622,
0.8186830211840098
]
],
[
[
266.5950845682199,
0.1782438114444358,
0.9579120689844172
],
[
266.6216535620442,
0.16699267735092682,
0.9794441741410727
]
],
[
[
266.567729879426,
0.09812970599667259,
0.9498038053346866
],
[
266.5953429538464,
0.08667150563758819,
0.969859445040089
]
],
[
[
266.99359137551284,
-0.22699986602065936,
0.25097568541821147
],
[
267.01631010347313,
-0.2367757694066972,
0.27713461013902063
]
],
[
[
266.930476212379,
-0.19710405280446497,
0.3169629085736305
],
[
266.9555967247831,
-0.1756505818121532,
0.33127047042600455
]
],
[
[
267.05291166226027,
-0.19911501388036013,
0.30431732790650234
],
[
267.0409989217882,
-0.19745880818701722,
0.2703858720112209
]
],
[
[
266.9793930900988,
-0.2955661401998333,
0.28722594997330364
],
[
266.9528326119634,
-0.28239287699397875,
0.26680522274476415
]
],
[
[
266.3182407921342,
-0.5672201023565357,
0.9110683103393196
],
[
266.33911763940154,
-0.5714105414528006,
0.8820403469513693
]
],
[
[
266.38574493058576,
-0.47623034297815336,
0.9256886801045858
],
[
266.3741215380371,
-0.4688940753543278,
0.8924159297643993
]
],
[
[
266.40658435404475,
-0.37381971774187583,
0.9020383046700665
],
[
266.43088384832305,
-0.38457476857687145,
0.9263254000786975
]
],
[
[
266.3886604757988,
-0.4263136606504643,
0.8967254483791819
],
[
266.4167115038808,
-0.4378539996506243,
0.9161151474345617
]
],
[
[
266.7284062568571,
-0.6372133217530154,
0.32997168285906553
],
[
266.7559663308094,
-0.6513734177425794,
0.3483001038654263
]
],
[
[
266.79944646635136,
-0.6510315450324577,
0.21247433845931618
],
[
266.80099756904445,
-0.6152143342540917,
0.20919988525798217
]
],
[
[
266.8207124033975,
-0.5792230639260845,
0.2230480299970996
],
[
266.8136116533754,
-0.6138893714286779,
0.22966810051317355
]
],
[
[
266.8296826815054,
-0.5339800753562203,
0.3281495911824648
],
[
266.8024917916144,
-0.5201924723946669,
0.30900167242419885
]
],
[
[
267.14302220757355,
-0.5459501436676371,
0.7431810648080118
],
[
267.13463015504357,
-0.5801701120816343,
0.7505680422495481
]
],
[
[
267.1108276580574,
-0.5481367980288374,
0.697279484137396
],
[
267.10529267453717,
-0.5832516731400879,
0.7029636462192334
]
],
[
[
267.05394365088483,
-0.5265503432355962,
0.7752423598457341
],
[
267.0276966004115,
-0.5472069319626309,
0.761811160968934
]
],
[
[
267.0301174895607,
-0.390050143125092,
0.6108724128385978
],
[
267.0006653660306,
-0.4079053492748306,
0.6003955383323163
]
],
[
[
267.06729861666025,
-0.6218572568258469,
0.6554878714085943
],
[
267.0726129346237,
-0.5866842996703645,
0.6499359405623273
]
],
[
[
267.57839673003286,
-0.7973081599863927,
0.07338376875770702
],
[
267.5711553707813,
-0.8316135880693412,
0.08155077847549941
]
],
[
[
267.6166207209178,
-0.8193763013887507,
0.014578477179456373
],
[
267.6230764659964,
-0.7850421545501196,
0.00589003345931971
]
],
[
[
267.6830058108356,
-0.8523126067931666,
0.09377808370844143
],
[
267.6874366045888,
-0.8494042417266776,
0.058170407296872284
]
],
[
[
267.52651039786383,
-0.8233515988460971,
0.07667026382831943
],
[
267.52029686859646,
-0.8377987696598377,
0.10905219231711061
]
],
[
[
267.17045726873596,
-0.24065586875481837,
0.008162158082115845
],
[
267.17245996950123,
-0.23813844826625385,
0.04401696543974287
]
],
[
[
267.22882976893663,
-0.3050481444182169,
0.04556621374432068
],
[
267.20372117218056,
-0.3265322262400401,
0.03128391729383595
]
],
[
[
266.9353797038371,
-0.6850070385315326,
0.05249118604700409
],
[
266.9073455730953,
-0.6720192921021166,
0.03401401865197751
]
],
[
[
266.9154847678143,
-0.7102753252883578,
0.009873951894812771
],
[
266.9220556533933,
-0.674880589604802,
0.009684200606315141
]
],
[
[
266.81224969031814,
-0.3549827822325722,
1.2520545202735
],
[
266.81122495567337,
-0.3215158208198061,
1.2388291273945014
]
],
[
[
266.748741912478,
-0.41073178796138876,
1.1935392833585952
],
[
266.7509105898574,
-0.4449253087650098,
1.2045891573252336
]
],
[
[
266.85272728503713,
-0.32442810436529546,
1.2705132358193003
],
[
266.84893928609006,
-0.3219537757067863,
1.234798683779379
]
],
[
[
266.89381711185285,
-0.3959887361466561,
1.2611973484919359
],
[
266.8776165196862,
-0.40911167994974407,
1.290545773750026
]
],
[
[
266.75346858578297,
-0.32084512922411235,
1.2450014176005098
],
[
266.75030611345267,
-0.34440942332992996,
1.2179695474043866
]
],
[
[
266.42098898620947,
-0.12909332528253392,
1.8539853824249761
],
[
266.4168666521478,
-0.1633753349472229,
1.864170999419005
]
],
[
[
266.3979777018669,
-0.11580804907339926,
1.8893868476835056
],
[
266.3690024439117,
-0.13329672412184257,
1.8771157165881354
]
],
[
[
262.71560638033674,
-0.31865741279990756,
1.3872936372904108
],
[
262.7165772034328,
-0.35319072320600364,
1.3974168970651923
]
],
[
[
262.74762560471544,
-0.3064563567160057,
1.4258442487698495
],
[
262.72463449812557,
-0.32087101578408794,
1.4495022772507433
]
],
[
[
262.67858763044075,
-0.24832388175495024,
1.448955898684783
],
[
262.7044359756737,
-0.2317758026695067,
1.4677713851748049
]
],
[
[
262.35138564537306,
0.317747564327157,
1.4211016233707197
],
[
262.32842817939866,
0.30335456899654534,
1.4448010098001067
]
],
[
[
262.3819208756813,
0.24084967716824668,
1.4112614348943249
],
[
262.37195369976297,
0.23477983376872158,
1.4453174708015823
]
],
[
[
262.406988284978,
0.2779871510293509,
1.425216961901699
],
[
262.4372749011701,
0.2613178423460367,
1.4151742749636484
]
],
[
[
262.4002036545123,
0.19027184969593236,
1.4456526764418454
],
[
262.424062773842,
0.20558273592351872,
1.4678409633956775
]
],
[
[
262.3445581318157,
-0.11898975425534353,
1.877142837556874
],
[
262.34886623450933,
-0.15328321559593938,
1.8872124604642233
]
],
[
[
262.30923968557715,
-0.1393813214795574,
1.8228069469345072
],
[
262.3380034363508,
-0.15745693320837484,
1.810893993521614
]
],
[
[
261.9726745667519,
-0.3337015981840774,
1.3050161766308315
],
[
261.969602945121,
-0.29950868183658663,
1.294180571617056
]
],
[
[
261.8763307276659,
-0.37666018093791753,
1.2419587960945415
],
[
261.8489615742462,
-0.3540347912145376,
1.2478765818755262
]
],
[
[
261.93900553894,
-0.32599760463938243,
1.33812584458743
],
[
261.93336353177165,
-0.29315566502689516,
1.3245011617313336
]
],
[
[
261.84886563288796,
-0.39886132413159725,
1.199816872606022
],
[
261.84811765806023,
-0.4305016053728494,
1.2169730333649718
]
],
[
[
262.03953788661437,
-0.31176875499531453,
1.2356677950650148
],
[
262.0227423463174,
-0.2912748470631308,
1.2112995797350088
]
],
[
[
262.31614431054714,
-0.41828097402036013,
0.9381627971059757
],
[
262.34128398280956,
-0.4025064664761826,
0.9177873282528888
]
],
[
[
262.34484632176014,
-0.459937045774655,
0.9409047178957024
],
[
262.36780784305535,
-0.44546664693151006,
0.9172536209278496
]
],
[
[
262.3205401983417,
-0.3689081623150574,
0.9182047301550603
],
[
262.32939283539235,
-0.36301522005685394,
0.8838118072427118
]
],
[
[
262.4122694017393,
-0.3441387930906983,
0.9083783105950856
],
[
262.41639096623214,
-0.37783367515604205,
0.920364463572154
]
],
[
[
262.10274585583363,
6.444154793650014e-05,
0.8403330923582074
],
[
262.13257886376414,
-0.018846546978519063,
0.8333785070697044
]
],
[
[
262.1141521396835,
0.01154254684634548,
0.8580511062779259
],
[
262.08571179240806,
0.03319454596112781,
0.8623334569068413
]
],
[
[
262.04205562003875,
0.030579482320388207,
0.9470538066320487
],
[
262.0649755652999,
0.0450249021685325,
0.9233471459049317
]
],
[
[
262.08579967767207,
0.011296492463471974,
0.9229281276622074
],
[
262.0644690577029,
-0.0015501319679191994,
0.8969268371566399
]
],
[
[
261.5774180152072,
-0.5619081417900154,
0.6969311944250997
],
[
261.58713377581876,
-0.5959640028339881,
0.703396659645329
]
],
[
[
261.555011885063,
-0.5748446143059103,
0.6624603394910926
],
[
261.55005790914794,
-0.5405208705182749,
0.6527991709559666
]
],
[
[
261.564128975374,
-0.6290254417895174,
0.762922314901264
],
[
261.55125340659356,
-0.5965539693106852,
0.7542071196056093
]
],
[
[
261.5887452047354,
-0.6091271513463619,
0.8006929930187097
],
[
261.61735361087864,
-0.6294970524921049,
0.7927793178376581
]
],
[
[
261.6077542928019,
-0.595624947968753,
0.6741957908928866
],
[
261.62984759139584,
-0.5720479107661407,
0.6900709743325086
]
],
[
[
261.6747892444899,
-0.5945227192259361,
0.5792670930497468
],
[
261.6976074898986,
-0.6174127330754358,
0.5951146710905986
]
],
[
[
261.6336760481777,
-0.5544441090033769,
0.658598662229553
],
[
261.6221495663297,
-0.5241008743523652,
0.6741687814007309
]
],
[
[
261.7872614967266,
-0.7157020455898293,
0.018603347555042893
],
[
261.794220583683,
-0.7510206324521178,
0.019013888023141856
]
],
[
[
261.8026511995746,
-0.7123758402419733,
0.04388366205308958
],
[
261.7747233661094,
-0.7252755270199991,
0.06258232442142209
]
],
[
[
261.5289313337579,
-0.396297347559718,
0.002591954243851946
],
[
261.5030582341264,
-0.3713364382993931,
0.0007469144178704479
]
],
[
[
261.5636681602687,
-0.35517303981512094,
0.0718320535685728
],
[
261.5904278660625,
-0.3428968597545803,
0.051115782529601805
]
],
[
[
261.1079592857666,
-0.8329562840475024,
-0.025310605293486388
],
[
261.082422729328,
-0.8087155677601165,
-0.017809020332108183
]
],
[
[
261.12737363529135,
-0.7918842606334962,
-0.045929928830425126
],
[
261.11180703274084,
-0.7781616061950392,
-0.016512759767837615
]
],
[
[
261.2293927510067,
-0.844200470445343,
-0.0656961262458724
],
[
261.2301326714578,
-0.8627935651650485,
-0.03487897362635195
]
],
[
[
260.99074117570126,
-0.9102285287006007,
-0.05775039575979446
],
[
260.9868952494523,
-0.9080455708411568,
-0.022023124142135586
]
],
[
[
261.7682866881412,
-0.33650070055432324,
0.3207990998022716
],
[
261.7910348255053,
-0.3221579375645056,
0.29686303915690293
]
],
[
[
261.6872287845488,
-0.41806899790228536,
0.19488735825210024
],
[
261.66095202875476,
-0.3934830068148385,
0.19587615647476642
]
],
[
[
261.6850983329084,
-0.31799695596823496,
0.23587528142450465
],
[
261.71270986418835,
-0.3394274888072546,
0.2272470847831527
]
],
[
[
261.7676791784236,
-0.2792357939995409,
0.3003859523620376
],
[
261.77868016009813,
-0.27052857739337544,
0.2672323238513903
]
],
[
[
261.71751950070865,
-0.18705419523999312,
0.3079519251809142
],
[
261.6928558559633,
-0.2022300370078962,
0.3293388490910958
]
],
[
[
261.8765313184251,
-0.54122742428942,
0.30057519874332117
],
[
261.9018349447101,
-0.5257822947444106,
0.28015019871568847
]
],
[
[
261.9027209641063,
-0.5907749296559475,
0.2564912754277644
],
[
261.92999226802726,
-0.5775287811336562,
0.2759030114813399
]
],
[
[
261.95066903524395,
-0.6155277784567228,
0.27278417448176895
],
[
261.93847971711403,
-0.6248337290034014,
0.30535435895209195
]
],
[
[
261.97727018558925,
-0.6644143877688837,
0.2687717168737418
],
[
261.9506854985745,
-0.6803809094845377,
0.287056234790545
]
],
[
[
264.15264341036567,
3.092476015206473,
1.486594880018432
],
[
264.14919052123315,
3.0630113104153596,
1.4662034315625025
]
],
[
[
264.0651977948391,
3.102301721843858,
1.4365754114909661
],
[
264.0344425018189,
3.116184763042841,
1.4491190447212698
]
],
[
[
264.0491131446228,
3.0577276888381606,
1.4464716675289258
],
[
264.05484510365534,
3.0634471534799665,
1.481549191845162
]
],
[
[
264.6796489326064,
3.1576007842978333,
1.505644670571126
],
[
264.65181799961687,
3.135886902042948,
1.4985798439147353
]
],
[
[
264.65914489318203,
3.070751822907048,
1.4182737418475824
],
[
264.65355068698665,
3.0606813416055214,
1.3841666946601356
]
],
[
[
264.75548313934365,
3.0366664123364875,
1.3951610961001115
],
[
264.7512197034532,
3.0602301446682802,
1.3682803341752459
]
],
[
[
264.3768873494758,
3.4070061892365677,
1.8636772451715167
],
[
264.3463343515506,
3.422233822867856,
1.875106748964779
]
],
[
[
264.3768869953009,
3.4438421793443874,
1.814599368033531
],
[
264.347851086465,
3.4268212128148177,
1.8018242867243959
]
],
[
[
264.3768825638175,
3.9047389265474415,
1.2005305221488518
],
[
264.40967946279045,
3.9166115543658986,
1.2094414288656443
]
],
[
[
264.3768829496597,
3.8646093805233663,
1.253996518952738
],
[
264.3452250399654,
3.8783175816172957,
1.2642856023805011
]
],
[
[
264.391472702155,
3.8532534584144624,
1.1705712842063427
],
[
264.3586990799355,
3.840464956718427,
1.1629324339512253
]
],
[
[
264.3198354527723,
3.91715035004038,
1.201290372958099
],
[
264.3094698580119,
3.8976695682956013,
1.2297342056684122
]
],
[
[
264.3265935954956,
3.931984844263332,
1.2594765450287746
],
[
264.35991352150023,
3.919022530244315,
1.25524835431337
]
],
[
[
264.0792263474198,
3.636094592774347,
0.8426872208976596
],
[
264.1126252861226,
3.623429059003028,
0.8382060463125293
]
],
[
[
264.15228181515585,
3.5047293994438604,
0.8909689369290533
],
[
264.1186214407292,
3.5152170743074107,
0.8982482553263413
]
],
[
[
264.1603858067185,
3.621298720384157,
0.9425588240486696
],
[
264.1598667311126,
3.597870964745587,
0.9698874885698151
]
],
[
[
264.0605725950791,
3.478457494716097,
0.8599944421955137
],
[
264.0939526641118,
3.465781845682999,
0.8554008847416781
]
],
[
[
264.6420035680069,
3.5349106396269176,
0.8957581516083102
],
[
264.60935233987163,
3.5197482860781246,
0.8957752818656302
]
],
[
[
264.5999038778879,
3.455093421357205,
0.9054401609745694
],
[
264.63200242988404,
3.4709876635752908,
0.909053461460529
]
],
[
[
264.60632720399855,
3.431130904432541,
0.9537855952066008
],
[
264.57373442146127,
3.416158968145062,
0.9506951026302792
]
],
[
[
264.58897684531865,
3.581075389994962,
0.9162175733927874
],
[
264.5858641477843,
3.5703131565494974,
0.8820057810502406
]
],
[
[
264.37687822389665,
4.356112710115264,
0.5991494535684703
],
[
264.4103485996237,
4.345510520448065,
0.5911916112402009
]
],
[
[
264.376879177442,
4.2569391564270065,
0.731281845530889
],
[
264.3447575984837,
4.269939042827374,
0.7410392982046964
]
],
[
[
264.35423392348827,
4.311501383790514,
0.5631690506270877
],
[
264.3877050578101,
4.301987445708672,
0.5539393075656265
]
],
[
[
264.3601386679183,
4.2388395784948365,
0.6594814186455078
],
[
264.326581057604,
4.227528280487153,
0.6530050933954779
]
],
[
[
264.3080176719775,
4.2534508502241035,
0.7039174452030138
],
[
264.2759187053024,
4.237556982469783,
0.7003062272013951
]
],
[
[
264.3125439133822,
4.158711028908937,
0.7217770509516687
],
[
264.30737146922644,
4.165815211140671,
0.7566885138064048
]
],
[
[
264.22779433523783,
4.156698570635678,
0.032889509092918434
],
[
264.19377538569296,
4.168413507923605,
0.034047557512151494
]
],
[
[
264.2493141721317,
4.225980069341651,
-0.03580033644928293
],
[
264.2470243472098,
4.201047097138424,
-0.06166544542201269
]
],
[
[
264.49338077886915,
4.082385412531552,
-0.0007615175502115878
],
[
264.5246874902558,
4.093937879249767,
0.012745045509396702
]
],
[
[
264.50554304286766,
4.164695915773565,
-0.09935431515510307
],
[
264.50776987822354,
4.192142680834405,
-0.07616559894517638
]
],
[
[
264.3768745747798,
4.735639377729929,
0.09349280882338018
],
[
264.4063323291028,
4.719088759070155,
0.08107033063195845
]
],
[
[
264.37687383775136,
4.812294072108537,
-0.008636919785839803
],
[
264.4096413901719,
4.800369940957187,
-0.01758695609947747
]
],
[
[
264.34074378869997,
4.642034056381962,
0.028978062023160334
],
[
264.3531824149876,
4.6350840143643195,
-0.004082135228357986
]
],
[
[
264.3636843225021,
4.589238540277841,
0.04870812525017798
],
[
264.3304282739466,
4.575645182874105,
0.051001234287597175
]
],
[
[
264.4493621408951,
3.948989604225501,
0.22048945288470123
],
[
264.45213079643366,
3.9799350613972715,
0.23867555440815025
]
],
[
[
264.48275513965166,
4.009441256146434,
0.2246786033690531
],
[
264.4785610663635,
3.9769823110281717,
0.23967620299886394
]
],
[
[
264.51024145687467,
3.971058388421855,
0.14929402210239262
],
[
264.4760234233445,
3.964916110076495,
0.13994503514436363
]
],
[
[
264.63150801563177,
3.959895305783686,
0.2454667662297887
],
[
264.6316458086712,
3.9725499714613504,
0.27916906875402714
]
],
[
[
264.15372933135404,
4.043044769831048,
0.24777163202300523
],
[
264.15121031402333,
4.013553449248201,
0.227282721211977
]
],
[
[
264.1432304555444,
3.9856978134542542,
0.33160646057577914
],
[
264.111379839283,
4.001136316920585,
0.3381783773999629
]
],
[
[
264.1954484150667,
3.9324516063013286,
0.23764590709542843
],
[
264.1624738455021,
3.9464041596037625,
0.24138803874330206
]
],
[
[
264.17649867371307,
4.01072827138941,
0.2282401371427305
],
[
264.1746799035789,
3.9857006468878335,
0.20242713731492112
]
]
],
"half_couplers": [
{
"pose": [
[
-0.1417602283113053,
0.8573641057512432,
-0.49480382763121133,
266.4377976386162
],
[
-0.20740487833970855,
0.4630322161013908,
0.8617333597425166,
0.39819912343643576
],
[
0.9679293642151875,
0.2247842454924408,
0.11218194537614679,
1.3645861033486786
],
[
0.0,
0.0,
0.0,
1.0
]
],
"at_element": 7,
"to_element": 14
},
{
"pose": [
[
-0.26105427858881436,
-0.8573641057513298,
-0.4435960479982841,
266.406933901138
],
[
0.7675652976493074,
-0.46303221610128054,
0.443220803547021,
0.38153070372325315
],
[
-0.585400869041893,
-0.22478424549233725,
0.7789594761625518,
1.3564942297846274
],
[
0.0,
0.0,
0.0,
1.0
]
],
"at_element": 14,
"to_element": 7
},
{
"pose": [
[
-0.5734633777299114,
0.6887396464576424,
-0.4435960479986296,
266.3473679029229
],
[
-0.8083058470377521,
-0.38755254733722566,
0.4432208035471818,
0.44104631418041623
],
[
0.13334696114716305,
0.612732178402464,
0.7789594761622635,
1.4610927693255322
],
[
0.0,
0.0,
0.0,
1.0
]
],
"at_element": 14,
"to_element": 29
},
{
"pose": [
[
-0.5834331443922522,
-0.6887396464576601,
-0.43039919310094776,
266.322573265024
],
[
0.20544155069656458,
0.3875525473373177,
-0.8986638928430069,
0.45499821186401496
],
[
0.7857477554991553,
-0.6127321784023863,
-0.08461526031577327,
1.439034401449344
],
[
0.0,
0.0,
0.0,
1.0
]
],
"at_element": 29,
"to_element": 14
},
{
"pose": [
[
-0.4918282048359086,
0.756876179771734,
-0.43039919310104835,
266.27505606011954
],
[
0.3120866786442447,
-0.3082289939527705,
-0.8986638928429622,
0.35578335035648107
],
[
-0.8128388044013964,
-0.5763101038338725,
-0.08461526031573552,
1.4296926537720231
],
[
0.0,
0.0,
0.0,
1.0
]
],
"at_element": 29,
"to_element": 30
},
{
"pose": [
[
-0.6279118842526832,
-0.7568761797717374,
-0.18128737989276952,
266.2478085233983
],
[
-0.5875473308164998,
0.30822899395292147,
0.7481864883417612,
0.3668795917969414
],
[
-0.5104065043322342,
0.5763101038337871,
-0.6382412275577614,
1.4504398131313863
],
[
0.0,
0.0,
0.0,
1.0
]
],
"at_element": 30,
"to_element": 29
},
{
"pose": [
[
0.026483763520176673,
-0.10354785296702013,
-0.9942718201858725,
265.94928845656676
],
[
0.9897591271580692,
0.14227987281258048,
0.01154590835460001,
-0.31150664664438793
],
[
0.14026931409650611,
-0.9843953880115228,
0.10625553907697904,
1.33094229554782
],
[
0.0,
0.0,
0.0,
1.0
]
],
"at_element": 8,
"to_element": 29
},
{
"pose": [
[
0.8966796399629062,
0.10354785296680255,
-0.4303991931009611,
265.9530161789849
],
[
-0.41492125215855546,
-0.14227987281224386,
-0.8986638928429851,
-0.3166287216690053
],
[
-0.15429185909557694,
0.9843953880115943,
-0.08461526031593536,
1.3663805267720817
],
[
0.0,
0.0,
0.0,
1.0
]
],
"at_element": 29,
"to_element": 8
},
{
"pose": [
[
0.7779454645140016,
0.09326020368256853,
-0.6213721820706011,
266.0049507853616
],
[
0.09486696169751761,
0.9601536855708326,
0.26287860252030487,
-0.20437891882776377
],
[
0.6211289027411107,
-0.2634529075448448,
0.7380998927555751,
1.4322720085110965
],
[
0.0,
0.0,
0.0,
1.0
]
],
"at_element": 15,
"to_element": 28
},
{
"pose": [
[
0.71252916937169,
-0.09326020368261329,
-0.695416937673772,
266.00159342314913
],
[
-0.24917964895583494,
-0.9601536855710571,
-0.12654802499668952,
-0.23894439879457088
],
[
-0.6559052411291866,
0.2634529075440113,
-0.7073760528642954,
1.4417562987187726
],
[
0.0,
0.0,
0.0,
1.0
]
],
"at_element": 28,
"to_element": 15
},
{
"pose": [
[
-0.4500406465534399,
0.6413735477852258,
-0.6213721820705806,
266.0309781479966
],
[
-0.8908826487166532,
-0.3704361571881738,
0.26287860252074347,
-0.2153900920251166
],
[
-0.061575341374304704,
0.6718757516453854,
0.7380998927554361,
1.4013552823943782
],
[
0.0,
0.0,
0.0,
1.0
]
],
"at_element": 15,
"to_element": 29
},
{
"pose": [
[
-0.6351350303513654,
-0.6413735477852041,
-0.4303991931009987,
266.0078893506577
],
[
0.23490479166677908,
0.3704361571881135,
-0.8986638928429752,
-0.2020547660051108
],
[
0.7358146723683603,
-0.6718757516454391,
-0.08461526031584943,
1.3771684366470895
],
[
0.0,
0.0,
0.0,
1.0
]
],
"at_element": 29,
"to_element": 15
},
{
"pose": [
[
-0.11524644138823925,
-0.7093049700543979,
-0.6954169376737073,
265.95589821340695
],
[
-0.9519901905210775,
0.2787476897144968,
-0.12654802499633555,
-0.24725975355714058
],
[
0.283607007845345,
0.6474458934420392,
-0.7073760528644222,
1.3952752664759682
],
[
0.0,
0.0,
0.0,
1.0
]
],
"at_element": 28,
"to_element": 29
},
{
"pose": [
[
-0.5582499386781024,
0.7093049700544526,
-0.43039919310094865,
265.98143317730796
],
[
0.33867821479842786,
-0.27874768971458597,
-0.898663892842998,
-0.2572946644838237
],
[
-0.7573995463339317,
-0.6474458934419411,
-0.0846152603158643,
1.371967228023019
],
[
0.0,
0.0,
0.0,
1.0
]
],
"at_element": 29,
"to_element": 28
},
{
"pose": [
[
-0.42767263124708155,
-0.8530320128228249,
0.29905268027830423,
266.59525712924363
],
[
0.4651375107436414,
-0.4913490200269859,
-0.7363580899384007,
0.03736804060320052
],
[
0.7750762650097129,
-0.17581958257816654,
0.6069137152846626,
0.9033047366096427
],
[
0.0,
0.0,
0.0,
1.0
]
],
"at_element": 9,
"to_element": 27
},
{
"pose": [
[
-0.3221822029417585,
0.853032012822803,
0.4105301611417515,
266.6259663170354
],
[
0.760888208929057,
0.4913490200269608,
-0.4238222198413822,
0.055056625674451666
],
[
-0.5632475136388327,
0.17581958257834168,
-0.8073659100814514,
0.909634248864407
],
[
0.0,
0.0,
0.0,
1.0
]
],
"at_element": 27,
"to_element": 9
},
{
"pose": [
[
0.10808070301678563,
-0.8114730787049113,
0.5743082832177944,
266.6660918242933
],
[
-0.37979062329678415,
-0.5675777615415267,
-0.7304892655332793,
0.07297093566996879
],
[
0.9187369830866925,
-0.13916510748274002,
-0.36953406983400017,
0.8451018146097103
],
[
0.0,
0.0,
0.0,
1.0
]
],
"at_element": 11,
"to_element": 14
},
{
"pose": [
[
0.3804392050474682,
0.8114730787049195,
-0.44359604799863805,
266.69530482680915
],
[
-0.693837736006372,
0.5675777615415171,
0.44322080354725313,
0.09340371527902286
],
[
0.6114370019522881,
0.1391651074827319,
0.7789594761622181,
0.8501117536227217
],
[
0.0,
0.0,
0.0,
1.0
]
],
"at_element": 14,
"to_element": 11
},
{
"pose": [
[
-0.13790172695392466,
0.8069405861219131,
0.5743082832176014,
266.70126314433315
],
[
0.3586234470867179,
0.5811838402262817,
-0.730489265533363,
0.028234907138782836
],
[
-0.9232401295994264,
0.10522468497959658,
-0.36953406983413517,
0.8224711101334827
],
[
0.0,
0.0,
0.0,
1.0
]
],
"at_element": 11,
"to_element": 27
},
{
"pose": [
[
0.4246314605183483,
-0.806940586122058,
0.4105301611417166,
266.67221328100726
],
[
-0.6946942275770085,
-0.5811838402260063,
-0.42382221984145135,
0.007312287287773708
],
[
0.5805928460713565,
-0.10522468498000564,
-0.807365910081433,
0.8186830211840049
],
[
0.0,
0.0,
0.0,
1.0
]
],
"at_element": 27,
"to_element": 11
},
{
"pose": [
[
0.5932172558959983,
-0.7379903079968291,
0.32165757042228493,
266.5950845682199
],
[
-0.12201580387310873,
0.31251570796781847,
0.9420435636840645,
0.17824381144442902
],
[
-0.7957420630533621,
-0.598083804810094,
0.09534323002426826,
0.9579120689844164
],
[
0.0,
0.0,
0.0,
1.0
]
],
"at_element": 13,
"to_element": 14
},
{
"pose": [
[
-0.5085202567277751,
0.7379903079969282,
-0.4435960479987583,
266.6216535620441
],
[
-0.8401721559156469,
-0.312515707968128,
0.44322080354743476,
0.16699267735092285
],
[
0.18846192432842168,
0.5980838048098098,
0.7789594761620463,
0.9794441741410658
],
[
0.0,
0.0,
0.0,
1.0
]
],
"at_element": 14,
"to_element": 13
},
{
"pose": [
[
0.555159473642037,
-0.7670295732339947,
0.321657570422293,
266.567729879426
],
[
-0.1060646467177423,
0.31828323053229524,
0.9420435636840614,
0.0981297059966744
],
[
-0.8249534832595937,
-0.5571009055336402,
0.09534323002427181,
0.9498038053346867
],
[
0.0,
0.0,
0.0,
1.0
]
],
"at_element": 13,
"to_element": 27
},
{
"pose": [
[
0.49308277254141086,
0.7670295732340817,
0.4105301611419284,
266.5953429538464
],
[
0.8479802539743335,
-0.31828323053259555,
-0.4238222198414794,
0.0866715056375888
],
[
-0.194419310492811,
0.5571009055333486,
-0.8073659100813106,
0.96985944504009
],
[
0.0,
0.0,
0.0,
1.0
]
],
"at_element": 27,
"to_element": 13
},
{
"pose": [
[
0.4125931484401474,
-0.6310762076931806,
-0.6568939898825688,
266.9935913755128
],
[
0.9107379744036586,
0.27155305730154766,
0.3111515371154441,
-0.22699986602066027
],
[
-0.01797876078509486,
-0.7266372940840404,
0.6867859979694229,
0.2509756854182097
],
[
0.0,
0.0,
0.0,
1.0
]
],
"at_element": 21,
"to_element": 23
},
{
"pose": [
[
0.5699073095675393,
0.631076207693184,
-0.5262589463230798,
267.01631010347313
],
[
-0.47318217636573867,
-0.2715530573015936,
-0.838067756831117,
-0.23677576940669895
],
[
-0.6717918475772624,
0.72663729408402,
0.14385394111730665,
0.2771346101390209
],
[
0.0,
0.0,
0.0,
1.0
]
],
"at_element": 23,
"to_element": 21
},
{
"pose": [
[
-0.2856147778816229,
-0.6977925800063581,
-0.6568939898824634,
266.930476212379
],
[
0.7403052582022339,
-0.5959302355382381,
0.31115153711570265,
-0.19710405280446308
],
[
-0.6085822239712194,
-0.3974325976306057,
0.6867859979694065,
0.31696290857363485
],
[
0.0,
0.0,
0.0,
1.0
]
],
"at_element": 21,
"to_element": 25
},
{
"pose": [
[
0.7051712944831188,
0.6977925800064739,
0.12577345000003498,
266.9555967247831
],
[
-0.4740904200981928,
0.5959302355382728,
-0.6481554041604666,
-0.17565058181215415
],
[
-0.5272302333972527,
0.39743259763034955,
0.7510496730128248,
0.33127047042600577
],
[
0.0,
0.0,
0.0,
1.0
]
],
"at_element": 25,
"to_element": 21
},
{
"pose": [
[
0.7495027244214265,
0.3309094445328468,
0.573362542902675,
267.05291166226027
],
[
0.6196835971671952,
-0.04600571189284319,
-0.7835022105107029,
-0.19911501388036504
],
[
-0.23289032931142592,
0.9425404044348419,
-0.23954056132734602,
0.3043173279065009
],
[
0.0,
0.0,
0.0,
1.0
]
],
"at_element": 22,
"to_element": 23
},
{
"pose": [
[
-0.7832946194976085,
-0.3309094445327988,
-0.526258946323092,
267.0409989217882
],
[
0.5436229478538557,
0.046005711893239765,
-0.8380677568310811,
-0.19745880818702213
],
[
0.3015354533596018,
-0.9425404044348394,
0.1438539411174704,
