{
"line_pt_pairs": [
[
[
9.149288684955177,
-19.160266381763773,
0.6563178455433298
],
[
9.563712107449602,
-19.908514886876024,
0.26647505481187395
]
],
[
[
12.284224179757135,
-19.52098715329018,
0.4533744026334168
],
[
13.194026227649196,
-19.537181877499062,
0.8681007757509351
]
],
[
[
11.063614401979393,
-21.708444246242106,
0.26383823001216167
],
[
10.62258066053216,
-22.441275659187585,
0.653770735845398
]
],
[
[
9.640966953168842,
-19.190297600053714,
0.6629846305531122
],
[
10.451175225837098,
-19.739723770916378,
0.45879492055009885
]
],
[
[
10.29900941433617,
-19.83036678387651,
0.5299647964932012
],
[
11.234843706817509,
-19.87685844160532,
0.6051492548445071
]
],
[
[
11.151045286723182,
-19.87142656989403,
0.5618076122062106
],
[
11.956376489409896,
-19.415364747721025,
0.7262742298993077
]
],
[
[
12.311743550037177,
-19.948983514443647,
0.6455948180456312
],
[
11.465975449084471,
-20.325833678283175,
0.48354459920908754
]
],
[
[
11.60521760070063,
-20.24592331735024,
0.5715826759674383
],
[
11.169108417136425,
-21.14501798516217,
0.533667529612555
]
],
[
[
11.084054198582752,
-21.109184856508527,
0.6025836953009497
],
[
11.228121166101374,
-22.035823460822876,
0.6672802088155425
]
],
[
[
10.412923030447812,
-21.990982706811074,
0.756355614991628
],
[
10.478501404949862,
-21.06877237135205,
0.3752682575914869
]
],
[
[
10.557060602081991,
-21.15747353626032,
0.5238337636072667
],
[
10.14654771180432,
-20.31201928011138,
0.5407532102742673
]
],
[
[
10.081291652775503,
-20.385454353013692,
0.5011568657113935
],
[
9.302738586633888,
-19.832611752694152,
0.7981756908276155
]
],
[
[
9.712278230999114,
-19.152722869567782,
0.6854290813235119
],
[
9.30718059818481,
-20.065409238222035,
0.7392760901629786
]
],
[
[
9.234827959613543,
-20.15179081284086,
0.8204765871652758
],
[
9.421984621435685,
-19.2750381471469,
0.3774448195299004
]
],
[
[
9.187577021972688,
-19.62545841288527,
0.2652041346184843
],
[
9.918382951058668,
-19.289651711362385,
0.8594738993088127
]
],
[
[
10.490342800736151,
-19.60021821488728,
0.5081550592634307
],
[
9.988570739546468,
-20.464453633898486,
0.47179657832724015
]
],
[
[
10.492070666278632,
-19.650741106352996,
0.7651773259722806
],
[
9.956079365237189,
-20.0786410791979,
0.0374308464567622
]
],
[
[
10.137241905101835,
-20.532556364559532,
0.6759431248160723
],
[
10.114399860339194,
-19.773991156549446,
0.024746483095863137
]
],
[
[
9.280716212890372,
-19.565424970458196,
0.5362988396083778
],
[
10.05022509188504,
-20.067913282381923,
0.14213950440443357
]
],
[
[
11.199453809161797,
-19.58163997060778,
0.5501328202854562
],
[
11.567312430279479,
-20.50324398944959,
0.42633432544796634
]
],
[
[
11.33653072289804,
-21.07289724341141,
0.5027307282772459
],
[
10.341208803128966,
-21.16768901778053,
0.48405465965566086
]
],
[
[
9.67269395489793,
-19.24380365230412,
0.7359889012179137
],
[
10.023218277189082,
-20.05022470585887,
0.2597349942880304
]
],
[
[
9.2801540329726,
-19.91089136427911,
0.7502412529052883
],
[
10.090213491988957,
-20.03143610287792,
0.1764184241033373
]
],
[
[
10.785658333720662,
-20.44129387987455,
-0.009742107493123209
],
[
10.354001797213126,
-19.765358080929264,
0.48054702168935953
]
],
[
[
10.869599022090176,
-20.446439125862415,
-0.032545705279149684
],
[
10.16477347858994,
-20.30814534147756,
0.5738335344958546
]
],
[
[
10.753962742942445,
-20.374496840051897,
-0.00908457757034209
],
[
11.237934614412296,
-19.895935601915046,
0.639259751454671
]
],
[
[
10.810346160912939,
-20.331477767633867,
-0.025265591609534677
],
[
11.66942982119574,
-20.41335118862205,
0.4799789111520468
]
],
[
[
11.061144648791265,
-19.709620492915366,
0.7006231979408553
],
[
11.714177094265601,
-20.12147448657805,
0.06507232424001053
]
],
[
[
11.584380439124525,
-19.747523065000063,
0.05407798044901446
],
[
11.557202838691868,
-20.54779949780343,
0.6530930129267005
]
],
[
[
11.526649737056745,
-19.923652959286983,
0.1682515153534478
],
[
12.061159302682599,
-19.26104697361969,
0.6928969499207711
]
],
[
[
11.490311140844522,
-19.95679274966856,
0.2450377919451006
],
[
12.3183828514811,
-19.93608379199436,
0.6894119373625174
]
],
[
[
12.375850921687785,
-20.066194888245327,
0.7695772732245793
],
[
11.83159923961664,
-19.23373177258137,
0.6656769959305195
]
],
[
[
11.770940533229464,
-19.17193326128997,
0.8282201790900324
],
[
12.388332267515773,
-19.761470823024307,
0.3073815191008997
]
],
[
[
12.330725960739484,
-19.260487872006216,
0.3807081680057425
],
[
12.265495006018462,
-20.155137233648674,
0.822689437132526
]
],
[
[
11.543935265577058,
-20.020354736332827,
0.1677287577982347
],
[
12.313994432553242,
-19.518868541488573,
0.5620896023766193
]
],
[
[
11.118750085383008,
-21.104370625747585,
0.5942759968746025
],
[
10.8802809764229,
-20.42125701501302,
-0.005797621109723372
]
],
[
[
10.84896465320004,
-20.312568699473022,
0.02876805690739892
],
[
10.515552713436763,
-21.017624538750677,
0.5534896420587725
]
],
[
[
10.663797130141186,
-21.396962467669137,
0.09164202599492577
],
[
11.30371245074336,
-20.897532609165058,
0.6756610315873928
]
],
[
[
10.935918346430116,
-21.37262081972192,
0.00235420170958045
],
[
10.268434197940435,
-21.02298718785224,
0.6597895483259785
]
],
[
[
11.363523657569111,
-21.7667400354732,
0.8490682804320465
],
[
10.715132649453807,
-22.247234189062173,
0.25854777362297787
]
],
[
[
11.034362712089639,
-22.13338507980535,
0.2883340052302466
],
[
10.221026364597806,
-21.921391718927957,
0.8301299084932323
]
],
[
[
10.33271306867467,
-21.886879477651664,
0.6855581025754025
],
[
11.31680067239386,
-22.054272784219442,
0.625967254934781
]
],
[
[
10.773557895990896,
-22.152985639258205,
0.43564064850831374
],
[
10.846730435211676,
-21.18952712624739,
0.17797133871186643
]
],
[
[
11.166850698844481,
-21.96983385775227,
0.7508819054084225
],
[
10.884905328266326,
-21.244373373749415,
0.12301735460157082
]
],
[
[
10.533482514794965,
-21.917339614860992,
0.7153538058774742
],
[
10.908592272555564,
-21.24689739887223,
0.17368979133260865
]
]
],
"contact_id_pairs": [
[
3,
12
],
[
12,
21
],
[
14,
21
],
[
3,
15
],
[
4,
15
],
[
4,
16
],
[
15,
23
],
[
4,
5
],
[
4,
25
],
[
5,
27
],
[
19,
27
],
[
5,
31
],
[
29,
32
],
[
31,
32
],
[
6,
30
],
[
30,
33
],
[
31,
33
],
[
6,
19
],
[
6,
28
],
[
7,
28
],
[
19,
26
],
[
7,
20
],
[
8,
35
],
[
20,
37
],
[
35,
37
],
[
8,
39
],
[
8,
41
],
[
39,
43
],
[
9,
40
],
[
9,
41
],
[
41,
44
],
[
9,
38
],
[
10,
20
],
[
10,
36
],
[
20,
38
],
[
10,
17
],
[
10,
24
],
[
11,
15
],
[
15,
17
],
[
11,
12
],
[
12,
22
],
[
13,
22
],
[
0,
13
],
[
0,
14
],
[
13,
18
],
[
16,
17
],
[
16,
18
],
[
16,
22
],
[
21,
22
],
[
23,
24
],
[
23,
25
],
[
24,
35
],
[
25,
36
],
[
26,
36
],
[
27,
28
],
[
27,
30
],
[
27,
34
],
[
28,
29
],
[
28,
34
],
[
1,
33
],
[
32,
34
],
[
33,
34
],
[
37,
38
],
[
37,
42
],
[
42,
44
],
[
43,
44
],
[
2,
40
],
[
39,
40
],
[
40,
42
]
],
"coupler_pt_pairs": [
[
[
9.676418617110247,
-19.214338420947694,
0.6540500575260063
],
[
9.684297063193952,
-19.215764537467397,
0.6891484370246939
]
],
[
[
9.66338102199203,
-19.262888450679586,
0.6919286711318697
],
[
9.684299755772736,
-19.27050411664746,
0.7202202151149124
]
],
[
[
9.71256976767442,
-19.384223256955384,
0.6921127064229051
],
[
9.724610454722201,
-19.363243462390646,
0.6654504697794922
]
],
[
[
10.415124924494796,
-19.71527699631148,
0.46788036292945595
],
[
10.420774899446085,
-19.720039641729183,
0.5031141584073159
]
],
[
[
10.352216973461022,
-19.833010101873395,
0.5342394651446246
],
[
10.355092005387856,
-19.833169662029025,
0.49835476577435855
]
],
[
[
10.301280712135537,
-19.830479620519423,
0.5301472714208372
],
[
10.304358925237201,
-19.800597734134513,
0.510310206970161
]
],
[
[
10.379834495949876,
-19.79055402367015,
0.5001476104562249
],
[
10.363074467904848,
-19.779565077450606,
0.4702419957333207
]
],
[
[
11.157544027940883,
-19.873018242286115,
0.5989390373586108
],
[
11.160719667731906,
-19.865947934748,
0.5637833368738638
]
],
[
[
11.232572409018145,
-19.87674560496241,
0.6049667799168711
],
[
11.229365298965211,
-19.904409115464265,
0.6277800200874939
]
],
[
[
11.223028977712254,
-19.830661958800246,
0.5765082895753989
],
[
11.214247105692257,
-19.806179031087908,
0.5516192687739149
]
],
[
[
11.30109992287999,
-19.83629613883272,
0.5159250155419949
],
[
11.274200102781206,
-19.843990140557665,
0.49327120361278876
]
],
[
[
11.946702108401173,
-19.420843382867055,
0.7242985052316544
],
[
11.9537833259404,
-19.420619105292147,
0.6890025287091219
]
],
[
[
11.985373547766688,
-19.354994955218107,
0.618509786661467
],
[
11.98674129097799,
-19.377997977544318,
0.6461682155659163
]
],
[
[
11.905785401894866,
-19.347203619933804,
0.6798394929626963
],
[
11.933847346764589,
-19.32749039026972,
0.6907901460125472
]
],
[
[
12.29131033482809,
-19.958087972853274,
0.6416797886274763
],
[
12.277068669177062,
-19.93711700402381,
0.6672412071960889
]
],
[
[
12.298255894195721,
-19.936587140075424,
0.6786110618723167
],
[
12.282542637817981,
-19.921327181777098,
0.707180872669818
]
],
[
[
12.295096858143609,
-19.942677071847065,
0.7541609320881908
],
[
12.279995626826901,
-19.956259703721795,
0.7244384945325016
]
],
[
[
11.48640866429356,
-20.31672921987355,
0.48745962862724246
],
[
11.490348634056915,
-20.31042495563566,
0.4522355863736536
]
],
[
[
11.551318180792032,
-20.287807389055338,
0.49989637262515796
],
[
11.565347224053175,
-20.307978484889745,
0.4735845506618617
]
],
[
[
11.532909067623311,
-20.394996574638224,
0.5652962029518342
],
[
11.561937609921234,
-20.40837858612411,
0.5487350454615021
]
],
[
[
11.531313793730112,
-20.41305584049193,
0.4384492434223576
],
[
11.549450162920948,
-20.401916743379875,
0.40941644373578157
]
],
[
[
11.197069107900663,
-21.087373457319377,
0.5360984201382842
],
[
11.19762533652062,
-21.086126217658453,
0.5001243288035014
]
],
[
[
11.084054198582752,
-21.109184856508527,
0.6025836953009497
],
[
11.118750085383008,
-21.104370625747585,
0.5942759968746025
]
],
[
[
11.087466213989128,
-21.09661747529109,
0.49805731983803114
],
[
11.085160795757488,
-21.06810396229771,
0.4761997652196389
]
],
[
[
11.093181963362522,
-21.031128719367008,
0.5299374519251029
],
[
11.120345412601734,
-21.040643691155104,
0.508311021631178
]
],
[
[
11.20677952976025,
-21.898554075247954,
0.6576962667936589
],
[
11.18328622238148,
-21.90030609789788,
0.6849174821624333
]
],
[
[
11.228121166101374,
-22.035823460822876,
0.6672802088155425
],
[
11.225459068228503,
-22.038735576870568,
0.6314983921998948
]
],
[
[
11.167724830616773,
-21.911837963193765,
0.6707449831047114
],
[
11.140871574305178,
-21.902988183983606,
0.6930289556480618
]
],
[
[
10.415361783563391,
-21.956687203973484,
0.7421835958279286
],
[
10.394422695666645,
-21.96658688461857,
0.714623670386896
]
],
[
[
10.420270743343323,
-21.887653875840837,
0.7136567754496757
],
[
10.415986195218535,
-21.901044236914696,
0.6805155472402075
]
],
[
[
10.537297531061673,
-21.92167929577957,
0.6731696104516656
],
[
10.542555112801248,
-21.901123953747774,
0.7022528407419004
]
],
[
[
10.472618715358301,
-21.151498989430458,
0.40945359152017025
],
[
10.499251339997834,
-21.14389108625629,
0.4324472988705095
]
],
[
[
10.55270029349908,
-21.14849344930848,
0.5240134754026023
],
[
10.553280025852711,
-21.147491926673286,
0.48803393171788073
]
],
[
[
10.493979511164415,
-21.02755757488159,
0.5264336750321046
],
[
10.515552993253621,
-21.01762394703069,
0.5534892016847874
]
],
[
[
10.466170622375992,
-21.155787991248765,
0.4863994241634867
],
[
10.463613473071863,
-21.125223681384412,
0.4675486468922697
]
],
[
[
10.161390074458323,
-20.34258723296822,
0.540141476588714
],
[
10.131942871475827,
-20.356579888436887,
0.5248746483518849
]
],
[
[
10.15090802038723,
-20.32099936706322,
0.5405734984789317
],
[
10.17448365341245,
-20.31005057439034,
0.5654796255303594
]
],
[
[
10.056812672024085,
-20.368072078175505,
0.5104956229766644
],
[
10.048254161770258,
-20.36165690326485,
0.4761212483058461
]
],
[
[
10.10262634962826,
-20.268008065095977,
0.48006106542321814
],
[
10.12972628841511,
-20.282969018306996,
0.4616827817641278
]
],
[
[
9.394010471867823,
-19.89742298851506,
0.7633553692627972
],
[
9.383013554170477,
-19.894557325950796,
0.7291961056838916
]
],
[
[
9.368138576725876,
-19.928070701611404,
0.7311733402492525
],
[
9.348430051807354,
-19.92105150098438,
0.7018764843305633
]
],
[
[
9.283453732163874,
-19.92399889087634,
0.7053710827398942
],
[
9.30445624111888,
-19.914507769588326,
0.7330262674256234
]
],
[
[
9.343896309960183,
-19.511633743234274,
0.4732529522201432
],
[
9.372482318162863,
-19.506936258226077,
0.49462522180605784
]
],
[
[
9.369104482444598,
-19.557147525405522,
0.44953994813506054
],
[
9.381347143756782,
-19.53642067679111,
0.4227722660383686
]
],
[
[
9.35463442802105,
-19.590546347797545,
0.5368742245458222
],
[
9.334025578005713,
-19.600235917567122,
0.5089926128869148
]
],
[
[
10.090406567080171,
-19.9714031335274,
0.2198146800273043
],
[
10.12070950822781,
-19.98352928734439,
0.20462624246940575
]
],
[
[
10.028242446929557,
-20.021030851874116,
0.13541084827875388
],
[
10.021121072406618,
-20.048908394956822,
0.1570472218882974
]
],
[
[
10.060218002246007,
-19.995503685248416,
0.17882591446898016
],
[
10.065902743277146,
-20.027818426649354,
0.19363945947405437
]
],
[
[
10.01260476667597,
-20.02580711830331,
0.27415546535569135
],
[
9.993306101583416,
-20.017015339173838,
0.24506483304947324
]
],
[
[
10.77658566302894,
-20.42708688335321,
0.0005629184629155626
],
[
10.799155658863533,
-20.432617437112274,
0.02805850158378087
]
],
[
[
10.753019590609732,
-20.39018450694636,
0.027330007913586862
],
[
10.76253205838953,
-20.366023326502674,
0.00239515379683497
]
],
[
[
10.859888847267664,
-20.444533892949636,
-0.024191796313654312
],
[
10.8802809764229,
-20.42125701501302,
-0.005797621109723372
]
],
[
[
10.805012107413548,
-20.32401818931297,
0.05930279761873947
],
[
10.834343328112064,
-20.343487960008723,
0.051779005113462784
]
],
[
[
10.860970758334506,
-20.336302453713554,
0.0045077596183830115
],
[
10.848964373383183,
-20.312569291193007,
0.028768497281383976
]
],
[
[
11.548432760095782,
-20.016942979104147,
0.2263797096886454
],
[
11.575689077690853,
-20.00345043215588,
0.24564221233791833
]
],
[
[
11.50369035214123,
-19.98872487213278,
0.2699243706990787
],
[
11.510438098129901,
-19.956289401587494,
0.2558386674353013
]
],
[
[
11.572669892265953,
-20.032228834728006,
0.20279140158311676
],
[
11.567037040652703,
-20.005310150444284,
0.17955958316957044
]
],
[
[
11.57890664701896,
-19.908705316207403,
0.17472453142087446
],
[
11.548688771418421,
-19.896332220753006,
0.18988382935438958
]
],
[
[
11.576931191138582,
-19.966874939718686,
0.21826508502029285
],
[
11.5995009973057,
-19.984168624195817,
0.19618494640536427
]
],
[
[
12.326042509347722,
-19.52173153094482,
0.4724369714648676
],
[
12.31281553718325,
-19.506131202996226,
0.502062696202327
]
],
[
[
12.192269713918163,
-19.57425380443406,
0.47278211003668835
],
[
12.193303399445217,
-19.597466251302002,
0.5002816013935066
]
],
[
[
12.309625287744645,
-19.549885807477093,
0.5236786682777889
],
[
12.28776082759027,
-19.535952671246534,
0.5486549118317916
]
],
[
[
10.770989799415823,
-21.313302617803174,
0.1894714638925286
],
[
10.76648127913046,
-21.283868304254145,
0.16924043761775404
]
],
[
[
10.812286654910293,
-21.28107197410354,
0.22716105766140549
],
[
10.839164783730363,
-21.28914361357676,
0.20461297526172822
]
],
[
[
10.835773539295545,
-21.333795929257196,
0.2165548816404848
],
[
10.862406591740601,
-21.329446118418723,
0.2403825946178969
]
],
[
[
10.901189479965758,
-21.286273365046384,
0.15928055541621255
],
[
10.89951967454928,
-21.26311305998545,
0.18679075646818233
]
],
[
[
10.843097531255776,
-22.074859952714846,
0.45880448292877984
],
[
10.822626805103644,
-22.07819683366486,
0.42937976979302683
]
],
[
[
10.8830719248369,
-22.122781753773012,
0.41149805327080385
],
[
10.878179435030082,
-22.092676438271248,
0.3923739389304982
]
],
[
[
10.799980354872881,
-22.072294113208354,
0.444465476950113
],
[
10.779221629700944,
-22.078411591172948,
0.41569641298663385
]
]
],
"half_couplers": [
{
"pose": [
[
-0.5437546344020658,
-0.21884572754842296,
0.8102082726682551,
9.676418617110247
],
[
-0.8346026516726077,
0.03961434831275623,
-0.5494261708626625,
-19.214338420947694
],
[
0.08814369737722655,
-0.9749549994443628,
-0.2041897100030141,
0.6540500575260062
],
[
0.0,
0.0,
0.0,
1.0
]
],
"at_element": 3,
"to_element": 12
},
{
"pose": [
[
0.8876950238804149,
0.21884572754841503,
-0.4050976328143063,
9.684297063193952
],
[
-0.40673615020116993,
-0.03961434831278199,
-0.9126863686542519,
-19.215764537467397
],
[
-0.21578519109865008,
0.9749549994443634,
0.05384700883949434,
0.6891484370246939
],
[
0.0,
0.0,
0.0,
1.0
]
],
"at_element": 12,
"to_element": 3
},
{
"pose": [
[
-0.705866495181823,
-0.5810752093042371,
-0.40509763281432165,
9.66338102199203
],
[
0.34964535962120574,
0.21154601146814145,
-0.9126863686542485,
-19.262888450679586
],
[
0.6160362111719468,
-0.7858752357492621,
0.053847008839436494,
0.6919286711318697
],
[
0.0,
0.0,
0.0,
1.0
]
],
"at_element": 12,
"to_element": 21
},
{
"pose": [
[
0.7344959500326517,
0.581075209304237,
0.3505243222911495,
9.684299755772734
],
[
0.5522077230676482,
-0.21154601146817575,
-0.8064210535547482,
-19.27050411664746
],
[
-0.3944392601783906,
0.7858752357492529,
-0.4762539069298857,
0.7202202151149122
],
[
0.0,
0.0,
0.0,
1.0
]
],
"at_element": 21,
"to_element": 12
},
{
"pose": [
[
-0.5950271043737552,
-0.33446291135694106,
0.7308059290859805,
9.71256976767442
],
[
0.7400079910020445,
-0.5827709948731454,
0.3358067015228887,
-19.384223256955384
],
[
0.31357761130811346,
0.7406163166317654,
0.594269764690325,
0.6921127064229049
],
[
0.0,
0.0,
0.0,
1.0
]
],
"at_element": 14,
"to_element": 21
},
{
"pose": [
[
-0.8747955534917735,
0.33446291135693484,
0.3505243222911427,
9.724610454722201
],
[
-0.10031476420823159,
0.58277099487317,
-0.8064210535547683,
-19.36324346239065
],
[
-0.47399334138030746,
-0.7406163166317489,
-0.4762539069298568,
0.665450469779492
],
[
0.0,
0.0,
0.0,
1.0
]
],
"at_element": 21,
"to_element": 14
},
{
"pose": [
[
-0.5647403797185317,
-0.1569422136179146,
0.8102082726682548,
10.415124924494796
],
[
-0.8250024674506613,
0.13229441209481196,
-0.5494261708626633,
-19.715276996311477
],
[
-0.020957867632198868,
-0.9787069684605278,
-0.20418971000301234,
0.4678803629294559
],
[
0.0,
0.0,
0.0,
1.0
]
],
"at_element": 3,
"to_element": 15
},
{
"pose": [
[
0.8506432508367805,
0.15694221361791053,
-0.5017720611896842,
10.420774899446087
],
[
-0.4853816323832376,
-0.1322944120948213,
-0.8642354190112029,
-19.72003964172918
],
[
-0.2020166595873165,
0.9787069684605276,
-0.036358480936179216,
0.5031141584073159
],
[
0.0,
0.0,
0.0,
1.0
]
],
"at_element": 15,
"to_element": 3
},
{
"pose": [
[
0.04965525158775708,
-0.07986190809473781,
0.9955683962567434,
10.352216973461022
],
[
0.9987663099662702,
0.004432221557377769,
-0.04945921034980466,
-19.8330101018734
],
[
-0.00046267279633854796,
0.9967960829816367,
0.07998346633117104,
0.5342394651446246
],
[
0.0,
0.0,
0.0,
1.0
]
],
"at_element": 4,
"to_element": 15
},
{
"pose": [
[
-0.8613053316013546,
0.07986190809471869,
-0.5017720611896909,
10.355092005387856
],
[
0.5030680828065,
-0.004432221557417071,
-0.8642354190111964,
-19.833169662029025
],
[
-0.0712434545517874,
-0.9967960829816379,
-0.03635848093623717,
0.49835476577435844
],
[
0.0,
0.0,
0.0,
1.0
]
],
"at_element": 15,
"to_element": 4
},
{
"pose": [
[
-0.03913831482802621,
-0.08550883397167727,
0.9955683962567445,
10.301280712135537
],
[
0.5554456150053835,
-0.8300806920311226,
-0.04945921034978146,
-19.830479620519426
],
[
0.8306313027352832,
0.5510483499929355,
0.07998346633117148,
0.5301472714208372
],
[
0.0,
0.0,
0.0,
1.0
]
],
"at_element": 4,
"to_element": 16
},
{
"pose": [
[
-0.839881875337662,
0.08550883397166084,
-0.5359913010414432,
10.3043589252372
],
[
0.3575858749398143,
0.8300806920311153,
-0.42789997284490694,
-19.800597734134513
],
[
0.4083268023566658,
-0.5510483499929489,
-0.7277464795155171,
0.5103102069701606
],
[
0.0,
0.0,
0.0,
1.0
]
],
"at_element": 16,
"to_element": 4
},
{
"pose": [
[
0.7290283331300516,
0.4655561062891089,
-0.5017720611896825,
10.379834495949877
],
[
-0.3999007144696179,
-0.30524835641362613,
-0.8642354190112027,
-19.79055402367015
],
[
-0.5555151735644199,
0.8307111127243356,
-0.03635848093620564,
0.5001476104562249
],
[
0.0,
0.0,
0.0,
1.0
]
],
"at_element": 15,
"to_element": 23
},
{
"pose": [
[
0.7565609899175225,
-0.465556106289092,
-0.45920908139099126,
10.363074467904848
],
[
0.6242967869095605,
0.3052483564136165,
0.7190806371758208,
-19.779565077450606
],
[
-0.1945995642066478,
-0.8307111127243486,
0.5215841799813884,
0.47024199573332104
],
[
0.0,
0.0,
0.0,
1.0
]
],
"at_element": 23,
"to_element": 15
},
{
"pose": [
[
0.03259074282569285,
-0.08821231125443851,
0.995568396256741,
11.157544027940883
],
[
0.979276136965079,
-0.19639764276162786,
-0.04945921034981848,
-19.873018242286115
],
[
0.1998901974905753,
0.9765482855756932,
0.07998346633119136,
0.5989390373586109
],
[
0.0,
0.0,
0.0,
1.0
]
],
"at_element": 4,
"to_element": 5
},
{
"pose": [
[
0.5081566453058125,
0.08821231125443874,
0.8567353220071485,
11.160719667731906
],
[
-0.8520774316757873,
0.19639764276161487,
0.4851721512478586,
-19.865947934748
],
[
-0.12546264089495535,
-0.976548285575696,
0.17496448690757882,
0.5637833368738637
],
[
0.0,
0.0,
0.0,
1.0
]
],
"at_element": 5,
"to_element": 4
},
{
"pose": [
[
0.03011941420217812,
0.08908641458098343,
0.9955683962567429,
11.232572409018145
],
[
-0.638018415388374,
0.7684310562027552,
-0.04945921034980649,
-19.876745604962405
],
[
-0.769431817975723,
-0.6337012881478333,
0.0799834663311787,
0.6049667799168713
],
[
0.0,
0.0,
0.0,
1.0
]
],
"at_element": 4,
"to_element": 25
},
{
"pose": [
[
-0.8526306282986182,
-0.08908641458098823,
0.5148636930530334,
11.229365298965211
],
[
0.38771518091969936,
-0.7684310562027552,
0.5091077001455813,
-19.904409115464265
],
[
0.3502826718116508,
0.6337012881478328,
0.6897280096010809,
0.627780020087495
],
[
0.0,
0.0,
0.0,
1.0
]
],
"at_element": 25,
"to_element": 4
},
{
"pose": [
[
-0.4544198017144365,
0.2439410417193467,
0.8567353220071482,
11.223028977712254
],
[
0.549633329728404,
-0.6800817498692233,
0.48517215124786617,
-19.830661958800246
],
[
0.701003456954015,
0.6913621204981473,
0.17496448690755972,
0.5765082895753988
],
[
0.0,
0.0,
0.0,
1.0
]
],
"at_element": 5,
"to_element": 27
},
{
"pose": [
[
-0.716966800711649,
-0.24394104171933184,
0.6530324454743348,
11.214247105692257
],
[
-0.6065188384534449,
0.6800817498692282,
-0.41185399366267234,
-19.806179031087908
],
[
-0.3436473559892276,
-0.6913621204981479,
-0.6355508737008528,
0.5516192687739155
],
[
0.0,
0.0,
0.0,
1.0
]
],
"at_element": 27,
"to_element": 5
},
{
"pose": [
[
0.5534830755430244,
0.747219191373485,
0.36785862111766476,
11.30109992287999
],
[
0.3239885542571669,
0.2137228325775561,
-0.9216040188418106,
-19.83629613883272
],
[
-0.7672599962188732,
0.6292742096083239,
-0.12379849483751215,
0.5159250155419948
],
[
0.0,
0.0,
0.0,
1.0
]
],
"at_element": 19,
"to_element": 27
},
{
"pose": [
[
-0.12333736336168011,
-0.7472191913734695,
0.6530324454743175,
11.274200102781206
],
[
-0.8858322858979119,
-0.21372283257752156,
-0.4118539936627069,
-19.84399014055766
],
[
0.4473131521203788,
-0.6292742096083545,
-0.6355508737008484,
0.4932712036127884
],
[
0.0,
0.0,
0.0,
1.0
]
],
"at_element": 27,
"to_element": 19
},
{
"pose": [
[
-0.47677405907114245,
-0.1967004947175784,
0.8567353220071454,
11.946702108401174
],
[
0.8743964613319843,
-0.006229932874397548,
0.4851721512478684,
-19.420843382867055
],
[
-0.09009619862641777,
0.9804438297598903,
0.17496448690756816,
0.7242985052316546
],
[
0.0,
0.0,
0.0,
1.0
]
],
"at_element": 5,
"to_element": 31
},
{
"pose": [
[
0.8155360335022451,
0.1967004947175934,
-0.5442516820711526,
11.953783325940401
],
[
0.5540454394681344,
0.006229932874391997,
0.8324631156639568,
-19.420619105292147
],
[
0.1671365581313277,
-0.9804438297598872,
-0.10390027729404161,
0.689002528709122
],
[
0.0,
0.0,
0.0,
1.0
]
],
"at_element": 31,
"to_element": 5
},
{
"pose": [
[
0.8443080389191282,
-0.03799288974267678,
0.5345095656258517,
11.985373547766688
],
[
-0.3907256393157182,
0.6389732252130647,
0.6626059856673026,
-19.35499495521811
],
[
-0.36671161721148027,
-0.7682901520843639,
0.524645434567314,
0.6185097866614663
],
[
0.0,
0.0,
0.0,
1.0
]
],
"at_element": 29,
"to_element": 32
},
{
"pose": [
[
0.7857378613532296,
0.03799288974269041,
0.6173917342863059,
11.986741290977989
],
[
0.49412415521314534,
-0.6389732252130771,
-0.5895375617343597,
-19.377997977544318
],
[
0.37209855209466786,
0.768290152084353,
-0.5208386599891117,
0.6461682155659161
],
[
0.0,
0.0,
0.0,
1.0
]
],
"at_element": 32,
"to_element": 29
},
{
"pose": [
[
0.310117238377966,
-0.7794981751252104,
-0.5442516820711634,
11.905785401894867
],
[
0.08456295396191654,
-0.5475895067258971,
0.8324631156639453,
-19.347203619933804
],
[
-0.9469299896391805,
-0.30418469241589946,
-0.10390027729407669,
0.6798394929626964
],
[
0.0,
0.0,
0.0,
1.0
]
],
"at_element": 31,
"to_element": 32
},
{
"pose": [
[
-0.1058774830234901,
0.7794981751252131,
0.617391734286323,
11.933847346764589
],
[
0.5937938997901707,
0.5475895067259169,
-0.5895375617343206,
-19.327490390269716
],
[
-0.7976206887741765,
0.30418469241585744,
-0.5208386599891364,
0.6907901460125466
],
[
0.0,
0.0,
0.0,
1.0
]
],
"at_element": 32,
"to_element": 31
},
{
"pose": [
[
-0.18423440490487897,
0.39560293880779396,
-0.8997532988858569,
12.291310334828088
],
[
0.7070616112199115,
-0.5825285540237095,
-0.4009044296165229,
-19.958087972853274
],
[
-0.6827309587153992,
-0.7100414062247944,
-0.17239384982611328,
0.6416797886274761
],
[
0.0,
0.0,
0.0,
1.0
]
],
"at_element": 6,
"to_element": 30
},
{
"pose": [
[
0.25974086270966334,
-0.3956029388077906,
0.8809273517410384,
12.27706866917706
],
[
0.8125116167369202,
0.5825285540237002,
0.022030806036390238,
-19.93711700402381
],
[
-0.521880788021935,
0.7100414062248035,
0.47273845257172353,
0.6672412071960883
],
[
0.0,
0.0,
0.0,
1.0
]
],
"at_element": 30,
"to_element": 6
},
{
"pose": [
[
-0.18290377029155946,
0.4364781916289219,
0.880927351741038,
12.298255894195721
],
[
-0.9054472840168949,
-0.4238866115505602,
0.022030806036389572,
-19.936587140075424
],
[
0.3830292765306079,
-0.7936037605635009,
0.4727384525717243,
0.6786110618723165
],
[
0.0,
0.0,
0.0,
1.0
]
],
"at_element": 30,
"to_element": 33
},
{
"pose": [
[
0.8973470403241571,
-0.4364781916289284,
-0.0652309547210215,
12.28254263781798
],
[
0.14114765411056704,
0.4238866115505665,
-0.894649361642461,
-19.921327181777098
],
[
0.4181454638765788,
0.7936037605634941,
0.4419812691267824,
0.7071808726698187
],
[
0.0,
0.0,
0.0,
1.0
]
],
"at_element": 33,
"to_element": 30
},
{
"pose": [
[
-0.7265136738517035,
0.4194853850484144,
-0.5442516820711576,
12.295096858143609
],
[
-0.4057694202267123,
0.3773013896978775,
0.8324631156639485,
-19.94267707184706
],
[
0.5545530266037493,
0.8256365259984771,
-0.10390027729408402,
0.7541609320881908
],
[
0.0,
0.0,
0.0,
1.0
]
],
"at_element": 31,
"to_element": 33
},
{
"pose": [
[
-0.905415337995207,
-0.41948538504840616,
-0.06523095472101825,
12.279995626826901
],
[
0.239261741707265,
-0.3773013896978914,
-0.8946493616424516,
-19.956259703721795
],
[
0.35068060208433416,
-0.825636525998475,
0.4419812691268018,
0.7244384945325013
],
[
0.0,
0.0,
0.0,
1.0
]
],
"at_element": 33,
"to_element": 31
},
{
"pose": [
[
0.42245248370822286,
-0.10944359347507987,
-0.8997532988858752,
11.48640866429356
],
[
-0.8992269861466582,
-0.1751184333514486,
-0.4009044296165007,
-20.316729219873547
],
[
-0.11368696668638512,
0.9784455192537782,
-0.17239384982606865,
0.48745962862724246
],
[
0.0,
0.0,
0.0,
1.0
]
],
"at_element": 6,
"to_element": 19
},
{
"pose": [
[
-0.923418721229254,
0.1094435934750519,
0.3678586211176744,
11.490348634056915
],
[
-0.3463806674096495,
0.17511843335143973,
-0.9216040188418143,
-20.31042495563566
],
[
-0.16528248100804563,
-0.978445519253783,
-0.12379849483745797,
0.4522355863736538
],
[
0.0,
0.0,
0.0,
1.0
]
],
"at_element": 19,
"to_element": 6
},
{
"pose": [
[
0.19642098512646722,
-0.38969577588926924,
-0.8997532988858717,
11.551318180792034
],
[
-0.7247966132142087,
0.5603084041731687,
-0.4009044296164984,
-20.287807389055335
],
[
0.6603700978051331,
0.7308841867676285,
-0.17239384982609307,
0.49989637262515796
],
[
0.0,
0.0,
0.0,
1.0
]
],
"at_element": 6,
"to_element": 28
},
{
"pose": [
[
-0.9205425467021073,
0.38969577588924664,
-0.02717760043266032,
11.565347224053175
],
[
-0.21356994946019883,
-0.5603084041731881,
-0.8002764328033557,
-20.307978484889745
],
[
-0.3270921833348626,
-0.7308841867676258,
0.599015032477699,
0.4735845506618608
],
[
0.0,
0.0,
0.0,
1.0
]
],
"at_element": 28,
"to_element": 6
},
{
"pose": [
[
0.3995175486578584,
-0.8063463947494153,
-0.43610918356420303,
11.532909067623311
],
[
-0.2311964898010349,
0.3717216181712172,
-0.8990946678119338,
-20.394996574638228
],
[
0.8870929553423901,
0.4600310101056142,
-0.03791514635488724,
0.5652962029518344
],
[
0.0,
0.0,
0.0,
1.0
]
],
"at_element": 7,
"to_element": 28
},
{
"pose": [
[
-0.5908188129277365,
0.8063463947494173,
-0.027177600432651494,
11.561937609921234
],
[
-0.47051107285980065,
-0.37172161817121774,
-0.8002764328033722,
-20.40837858612411
],
[
-0.6554025180047596,
-0.4600310101056102,
0.5990150324776772,
0.5487350454615019
],
[
0.0,
0.0,
0.0,
1.0
]
],
"at_element": 28,
"to_element": 7
},
{
"pose": [
[
0.7815754529678309,
-0.503805365381837,
0.36785862111768364,
11.531313793730114
],
[
0.2343055733245105,
-0.30943000947502264,
-0.9216040188418012,
-20.41305584049193
],
[
0.578135546067877,
0.806494403606597,
-0.12379849483752525,
0.4384492434223575
],
[
0.0,
0.0,
0.0,
1.0
]
],
"at_element": 19,
"to_element": 26
},
{
"pose": [
[
0.09030735544564461,
0.5038053653818261,
0.8590836602828034,
11.54945016292095
],
[
-0.9473910555689035,
0.3094300094750545,
-0.08187342098817502,
-20.40191674337987
],
[
-0.3070745339171799,
-0.8064944036065922,
0.505244502761578,
0.40941644373578173
],
[
0.0,
0.0,
0.0,
1.0
]
],
"at_element": 26,
"to_element": 19
},
{
"pose": [
[
0.8997611088449546,
-0.015450793541884833,
-0.43610918356418926,
11.197069107900662
],
[
-0.4363811002683245,
-0.03464554286987598,
-0.8990946678119373,
-21.08737345731938
],
[
-0.00121751332814804,
0.9992802206279164,
-0.037915146354961626,
0.5360984201382842
],
[
0.0,
0.0,
0.0,
1.0
]
],
"at_element": 7,
"to_element": 20
},
{
"pose": [
[
-0.09537058774132423,
0.015450793541871899,
-0.9953219197690768,
11.19762533652062
],
[
0.9948940676630895,
0.034645542869922386,
-0.09479177436908676,
-21.086126217658453
],
[
0.03301886010548821,
-0.9992802206279152,
-0.018676068621617192,
0.5001243288035013
],
[
0.0,
0.0,
0.0,
1.0
]
],
"at_element": 20,
"to_element": 7
},
{
"pose": [
[
0.21828522992415555,
-0.9637749189707576,
0.15326272854111678,
11.084054198582752
],
[
0.10170120521044385,
-0.1337286718810613,
-0.9857857308643043,
-21.109184856508527
],
[
0.9705711840229452,
0.2307694691241391,
0.06882607692191445,
0.6025836953009497
],
[
0.0,
0.0,
0.0,
1.0
]
],
"at_element": 8,
"to_element": 35
},
{
"pose": [
[
0.08233480250461978,
0.9637749189707574,
-0.25369053167084393,
11.118750085383008
],
[
0.6737949657653965,
0.1337286718810622,
0.7267165791600845,
-21.104370625747585
],
[
0.7343169100638589,
-0.2307694691241401,
-0.6383761647449169,
0.5942759968746025
],
[
0.0,
0.0,
0.0,
1.0
]
],
"at_element": 35,
"to_element": 8
},
{
"pose": [
[
0.07234300618194967,
0.06403721951931673,
-0.9953219197690731,
11.087466213989128
],
[
-0.6030974827586885,
-0.7920151171550227,
-0.09479177436913439,
-21.09661747529109
],
[
-0.7943802085567665,
0.6071336662664575,
-0.01867606862157789,
0.4980573198380311
],
[
0.0,
0.0,
0.0,
1.0
]
],
"at_element": 20,
"to_element": 37
},
{
"pose": [
[
0.765772562171597,
-0.06403721951932972,
0.6399153206021723,
11.085160795757487
],
[
-0.3511151814326911,
0.7920151171550174,
0.4994298585040873,
-21.06810396229771
],
[
-0.538804707099554,
-0.6071336662664635,
0.5840190055924606,
0.47619976521963847
],
[
0.0,
0.0,
0.0,
1.0
]
],
"at_element": 37,
"to_element": 20
},
{
"pose": [
[
-0.6052683002102892,
-0.7545140150461855,
-0.25369053167083655,
11.093181963362522
],
[
-0.6340590351502611,
0.26429557983099583,
0.7267165791600724,
-21.031128719367008
],
[
-0.48126855777711797,
0.6007132823408204,
-0.6383761647449335,
0.5299374519251022
],
[
0.0,
0.0,
0.0,
1.0
]
],
"at_element": 35,
"to_element": 37
},
{
"pose": [
[
0.14566050788560125,
0.754514015046192,
0.6399153206021742,
11.120345412601734
],
[
-0.825056157431957,
-0.2642955798310078,
0.4994298585040794,
-21.040643691155104
],
[
0.5459536184751614,
-0.6007132823408069,
0.584019005592465,
0.5083110216311779
],
[
0.0,
0.0,
0.0,
1.0
]
],
"at_element": 37,
"to_element": 35
},
{
"pose": [
[
-0.7420473483450425,
0.6525919619902031,
0.153262728541118,
11.206779529760249
],
[
-0.16080418677671104,
0.048667302569688875,
-0.9857857308643044,
-21.898554075247954
],
[
-0.6507747277892495,
-0.7561449760504712,
0.06882607692190934,
0.657696266793659
],
[
0.0,
0.0,
0.0,
1.0
]
],
"at_element": 8,
"to_element": 39
},
{
"pose": [
[
0.39206228043641056,
-0.6525919619902019,
-0.6483910081153041,
11.18328622238148
],
[
-0.8756465394366657,
-0.048667302569694426,
-0.4804941535889714,
-21.90030609789788
],
[
0.28201118104003153,
0.756144976050472,
-0.5905205068090675,
0.6849174821624333
],
[
0.0,
0.0,
0.0,
1.0
]
],
"at_element": 39,
"to_element": 8
},
{
"pose": [
[
0.9854146105642426,
0.07394985683998906,
0.15326272854111425,
11.228121166101374
],
[
0.14724972744676815,
0.08089505912710915,
-0.9857857308643061,
-22.035823460822876
],
[
-0.08529691115963492,
0.9939755570848645,
0.06882607692189568,
0.6672802088155424
],
[
0.0,
0.0,
0.0,
1.0
]
],
"at_element": 8,
"to_element": 41
},
{
"pose": [
[
-0.16156425000466923,
-0.07394985683998279,
0.9840876037191887,
11.225459068228503
],
[
-0.982565758779089,
-0.08089505912709893,
-0.16739330656778506,
-22.038735576870565
],
[
0.09198653594576778,
-0.9939755570848658,
-0.05959084764062972,
0.6314983921998948
],
[
0.0,
0.0,
0.0,
1.0
]
],
"at_element": 41,
"to_element": 8
},
{
"pose": [
[
-0.15226001695604463,
0.7459262616584528,
-0.6483910081153124,
11.167724830616773
],
[
0.8418396254078588,
-0.2458280160192987,
-0.4804941535889609,
-21.911837963193765
],
[
-0.517805882865096,
-0.6190012913623537,
-0.5905205068090673,
0.6707449831047114
],
[
0.0,
0.0,
0.0,
1.0
]
],
"at_element": 39,
"to_element": 43
},
{
"pose": [
[
-0.6034076732838276,
-0.7459262616584456,
-0.28194537057815544,
11.14087157430518
],
[
-0.6428652056927314,
0.24582801601929782,
0.7254604840028558,
-21.902988183983606
],
[
-0.4718299557381231,
0.6190012913623621,
-0.6278645508068508,
0.6930289556480618
],
[
0.0,
0.0,
0.0,
1.0
]
],
"at_element": 43,
"to_element": 39
},
{
"pose": [
[
-0.8107974259831785,
0.5816416515490622,
0.06557837450205031,
10.415361783563393
],
[
0.2718600607628229,
0.27499128083374935,
0.9222103354590254,
-21.956687203973484
],
[
0.5183624613926883,
0.765553907082116,
-0.3810873574001379,
0.7421835958279289
],
[
0.0,
0.0,
0.0,
1.0
]
],
"at_element": 9,
"to_element": 40
},
{
"pose": [
[
0.013303196306368115,
-0.5816416515490448,
-0.8133363474918196,
10.394422695666645
],
[
0.9377838825706721,
-0.274991280833758,
0.21199336087737558,
-21.96658688461857
],
[
-0.34696457248357526,
-0.7655539070821265,
0.54179590326301,
0.7146236703868962
],
[
0.0,
0.0,
0.0,
1.0
]
],
"at_element": 40,
"to_element": 9
},
{
"pose": [
[
-0.990724408838259,
0.11901521973996437,
0.06557837450204933,
10.420270743343323
],
[
0.10572596686858743,
0.37195445568275676,
0.9222103354590246,
-21.887653875840837
],
[
0.08536489712865229,
0.9205896264720738,
-0.381087357400141,
0.713656775449676
],
[
0.0,
0.0,
0.0,
1.0
]
],
"at_element": 9,
"to_element": 41
},
{
"pose": [
[
-0.13193546026932013,
-0.11901521973995327,
0.9840876037191879,
10.415986195218533
],
[
-0.9130330573500813,
-0.37195445568276986,
-0.16739330656778906,
-21.901044236914696
],
[
0.3859581201496946,
-0.9205896264720699,
-0.05959084764063083,
0.6805155472402074
],
[
0.0,
0.0,
0.0,
1.0
]
],
"at_element": 41,
"to_element": 9
},
{
"pose": [
[
-0.10120638574255025,
-0.14604401970350878,
0.9840876037191868,
10.537297531061673
],
[
-0.8037157361220371,
-0.5709820456250023,
-0.16739330656779472,
-21.921679295779565
],
[
0.5863431444084104,
-0.807867964386959,
-0.05959084764063238,
0.6731696104516655
],
[
0.0,
0.0,
0.0,
1.0
]
],
"at_element": 41,
"to_element": 44
},
{
"pose": [
[
-0.9052225695065981,
0.1460440197035317,
0.3990529337878711,
10.54255511280125
],
[
0.40653824089002105,
0.5709820456250045,
0.7132363999880631,
-21.901123953747774
],
[
-0.12368814959372545,
0.8078679643869533,
-0.5762383133455815,
0.7022528407419008
],
[
0.0,
0.0,
0.0,
1.0
]
],
"at_element": 44,
"to_element": 41
},
{
"pose": [
[
0.669593246821898,
-0.7398272505174287,
0.06557837450204546,
10.472618715358303
],
[
-0.32382646249499214,
-0.21133981962833848,
0.9222103354590215,
-21.151498989430454
],
[
-0.6684170150426216,
-0.6387418258038872,
-0.38108735740014876,
0.4094535915201706
],
[
0.0,
0.0,
0.0,
1.0
]
],
"at_element": 9,
"to_element": 38
},
{
"pose": [
[
-0.08438335681165943,
0.7398272505174349,
-0.6674841484896916,
10.499251339997834
],
[
-0.9127386285816351,
0.21133981962835013,
0.3496336318696651,
-21.143891086256286
],
[
0.39973446810115365,
0.638741825803876,
0.6574353466163945,
0.4324472988705092
],
[
0.0,
0.0,
0.0,
1.0
]
],
"at_element": 38,
"to_element": 9
},
{
"pose": [
[
-0.8994553459684198,
-0.01610450471903574,
-0.43671584072092606,
10.55270029349908
],
[
-0.4362002616456666,
-0.027821504015909104,
0.8994194214350416,
-21.14849344930848
],
[
-0.026634795833321318,
0.9994831708648463,
0.01799941134787386,
0.5240134754026025
],
[
0.0,
0.0,
0.0,
1.0
]
],
"at_element": 10,
"to_element": 20
},
{
"pose": [
[
-0.09526237953651817,
0.01610450471904684,
-0.9953219197690737,
10.553280025852711
],
[
0.9951082772373285,
0.02782150401592265,
-0.09479177436912856,
-21.147491926673286
],
[
0.026164778210336692,
-0.9994831708648456,
-0.01867606862157256,
0.4880339317178807
],
[
0.0,
0.0,
0.0,
1.0
]
],
"at_element": 20,
"to_element": 10
},
{
"pose": [
[
0.6709609530281277,
-0.5992417491922583,
-0.4367158407209304,
10.493979511164415
],
[
0.3389846196599715,
-0.2759241417118883,
0.8994194214350402,
-21.027557574881595
],
[
-0.6594701108811307,
-0.7515152653443311,
0.017999411347837002,
0.5264336750321046
],
[
0.0,
0.0,
0.0,
1.0
]
],
"at_element": 10,
"to_element": 36
},
{
"pose": [
[
0.7177059352743862,
0.5992417491922327,
-0.3546935529396493,
10.515552993253621
],
[
-0.6010630243672471,
0.27592414171189383,
-0.7500594034868524,
-21.01762394703069
],
[
-0.3515983947779292,
0.7515152653443495,
0.5582144522887198,
0.5534892016847872
],
[
0.0,
0.0,
0.0,
1.0
]
],
"at_element": 36,
"to_element": 10
},
{
"pose": [
[
0.06549050155123237,
0.07103006570299805,
-0.9953219197690747,
10.466170622375992
],
[
-0.5198429007293608,
-0.8489863827372255,
-0.09479177436911976,
-21.155787991248765
],
[
-0.8517478222853595,
0.5236189947786367,
-0.018676068621584108,
0.48639942416348664
],
[
0.0,
0.0,
0.0,
1.0
]
],
"at_element": 20,
"to_element": 38
},
{
"pose": [
[
0.7412284676678529,
-0.07103006570299533,
-0.6674841484896813,
10.463613473071863
],
[
0.39620505472848466,
0.848986382737217,
0.3496336318696672,
-21.125223681384412
],
[
0.5418504529170066,
-0.5236189947786498,
0.6574353466164038,
0.46754864689227
],
[
0.0,
0.0,
0.0,
1.0
]
],
"at_element": 38,
"to_element": 20
},
{
"pose": [
[
-0.3744272093723551,
0.8179752681744266,
-0.4367158407209494,
10.161390074458325
],
[
-0.199924312150715,
0.38868364225490537,
0.8994194214350301,
-20.34258723296822
],
[
0.9054471460514381,
0.42407721808467336,
0.017999411347881855,
0.5401414765887139
],
[
0.0,
0.0,
0.0,
1.0
]
],
"at_element": 10,
"to_element": 17
},
{
"pose": [
[
0.5747997056767427,
-0.8179752681744058,
-0.02284204476265178,
10.131942871475827
],
[
-0.5229759568470612,
