{
"line_pt_pairs": [
[
[
10.416028350738491,
-20.57774170234243,
-0.5863445521773434
],
[
10.878954723273617,
-20.72351856198039,
-1.4606718826466385
]
],
[
[
10.868534312577793,
-19.917167057141867,
-0.5860602377978771
],
[
10.510747030081223,
-20.245262552793882,
-1.4603265623332444
]
],
[
[
11.214336121549644,
-20.639487476098534,
-0.5860918984377819
],
[
11.109066750144464,
-20.165474209427597,
-1.4602942677230089
]
],
[
[
10.826168775145264,
-21.380391695947328,
-0.6833412329840354
],
[
10.478380884899757,
-20.442845296041497,
-0.6762467687903463
]
],
[
[
10.819499008536134,
-19.802282901154662,
-0.6069010994013295
],
[
10.378638648741145,
-20.682066577798903,
-0.7847291778135344
]
],
[
[
11.299431881977075,
-20.690908627288234,
-0.6782656291293907
],
[
10.837405306235322,
-19.808307569137813,
-0.7651380382136657
]
],
[
[
10.32594788301112,
-20.6060805263065,
-0.6153089781784855
],
[
11.318464011331072,
-20.72523158728081,
-0.5885739881192448
]
],
[
[
10.45092007865308,
-20.69186122775386,
-0.617372547037887
],
[
10.510190677971961,
-20.160136876808426,
-1.4622134851250732
]
],
[
[
11.325667614865521,
-20.519627580398268,
-0.6218106913251328
],
[
10.753201288857047,
-21.339126069612156,
-0.6483537085333615
]
],
[
[
11.700103261339615,
-20.019483954969537,
-0.6923410071101354
],
[
10.705865724968119,
-19.916558274965613,
-0.7223080834718107
]
],
[
[
11.194243330108735,
-20.730366657124218,
-0.734764598593542
],
[
11.674730104161293,
-19.858096624521522,
-0.6437841051685271
]
],
[
[
9.963231646462749,
-19.87742658179677,
-0.6275097356993402
],
[
10.467236797904501,
-20.73803169024019,
-0.7005689900156873
]
],
[
[
10.953063545957932,
-19.856573835582953,
-0.6577059050230062
],
[
9.969970047430092,
-20.03858386174214,
-0.6776939897192604
]
],
[
[
10.757514645750533,
-19.95728146253939,
-0.5883899503567444
],
[
11.13404318688489,
-20.277959602152897,
-1.4575227299049867
]
],
[
[
11.210777929881584,
-20.583049996890484,
-0.564250361852733
],
[
10.749393772093741,
-20.759607093497632,
-1.4337055076653615
]
],
[
[
10.934437302577168,
-20.31086254974366,
0.023023458570637367
],
[
10.388722682433322,
-20.55010626124262,
-0.780069313074992
]
],
[
[
10.893485122490514,
-19.954620934699268,
-0.8089491061529342
],
[
10.853404295976512,
-20.48407248921339,
0.03844370640127559
]
],
[
[
10.818189354225575,
-20.329519646393067,
0.07878917392374707
],
[
11.19975581751099,
-20.607467498232207,
-0.8027730903286796
]
]
],
"contact_id_pairs": [
[
3,
8
],
[
0,
6
],
[
0,
7
],
[
3,
15
],
[
4,
7
],
[
4,
15
],
[
7,
11
],
[
1,
9
],
[
1,
13
],
[
4,
12
],
[
4,
13
],
[
5,
9
],
[
5,
16
],
[
2,
5
],
[
2,
8
],
[
2,
14
],
[
2,
17
],
[
5,
10
],
[
6,
8
],
[
14,
17
],
[
0,
14
],
[
1,
7
],
[
9,
10
],
[
11,
12
],
[
2,
13
],
[
15,
16
],
[
15,
17
],
[
16,
17
]
],
"coupler_pt_pairs": [
[
[
10.791010675251858,
-21.285614531741516,
-0.6826240490687592
],
[
10.790175507332405,
-21.286196639873136,
-0.6466393591076143
]
],
[
[
10.43183074222281,
-20.582717921331074,
-0.6161904706240526
],
[
10.427465608288667,
-20.618267678060892,
-0.6125744378534571
]
],
[
[
10.488416568560336,
-20.600536962441932,
-0.7230639118867541
],
[
10.459222358477557,
-20.61738038224584,
-0.7357129376493765
]
],
[
[
10.500593584636697,
-20.502725002191863,
-0.6766998817576139
],
[
10.473527006317973,
-20.51292766926725,
-0.6552682962026458
]
],
[
[
10.429590935380949,
-20.58038587760113,
-0.7641767579314713
],
[
10.461709471804413,
-20.595068161099995,
-0.7711641593399929
]
],
[
[
10.444791496403882,
-20.550051543459517,
-0.7580453684848156
],
[
10.41507957065247,
-20.538551284468408,
-0.7412815921114401
]
],
[
[
10.455470078192137,
-20.651042582767825,
-0.6822280727630776
],
[
10.425840974192832,
-20.667346981457797,
-0.6945683608484374
]
],
[
[
10.819935552143965,
-19.961732739525402,
-0.7048130882764704
],
[
10.82376876549349,
-19.928763859825033,
-0.7187543960586478
]
],
[
[
10.811348595652452,
-19.969607088011372,
-0.7257956308598623
],
[
10.811601599475747,
-20.003345709477244,
-0.7132377090070462
]
],
[
[
10.77167044736643,
-19.897729875371294,
-0.6261935146458849
],
[
10.771007100125507,
-19.89027978371304,
-0.6614074447689681
]
],
[
[
10.744517486293368,
-19.951916493410042,
-0.6371460958511209
],
[
10.770979808838053,
-19.968749340739247,
-0.6194712983631128
]
],
[
[
10.906547264548696,
-19.940388208594545,
-0.752137642126397
],
[
10.905790913121685,
-19.937254974886756,
-0.7162821860772252
]
],
[
[
10.920863638002553,
-19.9677365193253,
-0.7494458102782179
],
[
10.891229799297387,
-19.984412844557113,
-0.7612668393420101
]
],
[
[
11.201067670773755,
-20.57974149669362,
-0.6962788497816976
],
[
11.23237890819966,
-20.562818537420423,
-0.6908732445224164
]
],
[
[
11.211177414111518,
-20.625264257975186,
-0.6123231705488309
],
[
11.238733419668861,
-20.64407584641494,
-0.6258414888310359
]
],
[
[
11.208160305402247,
-20.6116786391376,
-0.637378545600745
],
[
11.178553016571644,
-20.59538145005459,
-0.6249765836524306
]
],
[
[
11.19785666156445,
-20.565282771004508,
-0.7229444584112634
],
[
11.168153064343693,
-20.584446823722658,
-0.7297588259227065
]
],
[
[
11.255518669362031,
-20.607022007003245,
-0.6865223978323043
],
[
11.262194217171787,
-20.607009416769905,
-0.7218980524833932
]
],
[
[
11.191943175249419,
-20.710042824676012,
-0.591982026737877
],
[
11.192966485185849,
-20.709592247923286,
-0.627963521995887
]
],
[
[
11.14781126847926,
-20.607145342889233,
-0.6829078554983335
],
[
11.15183927032255,
-20.572563221677342,
-0.6920678164141768
]
],
[
[
10.808228228483307,
-20.701246583291272,
-1.327091013091034
],
[
10.809440968240159,
-20.736628934338803,
-1.3205495988638067
]
],
[
[
10.536877910414882,
-20.221300202664857,
-1.3964747995015123
],
[
10.505065016150569,
-20.20611986392963,
-1.389152490445309
]
],
[
[
11.591758821712018,
-20.00826789772429,
-0.695606591014292
],
[
11.590370397125119,
-20.01124224346576,
-0.6597576723629103
]
],
[
[
10.050679020684022,
-20.026745803553748,
-0.6401858758821397
],
[
10.050828335022128,
-20.02361375049448,
-0.6760499931887128
]
],
[
[
11.121944149945005,
-20.22345934094498,
-1.35335477273414
],
[
11.091657948390253,
-20.241861357418017,
-1.3596857902836823
]
],
[
[
10.834925191162522,
-20.354489101049293,
-0.123422054190649
],
[
10.861622121971154,
-20.375518321896763,
-0.13529838647317494
]
],
[
[
10.875690558184566,
-20.336617383219192,
-0.06343031055685422
],
[
10.87515290118147,
-20.37101410943681,
-0.052818077410409336
]
],
[
[
10.860033101815453,
-20.396508637335895,
-0.10170316461630946
],
[
10.892099103087453,
-20.383358381981218,
-0.09197018735761342
]
]
],
"half_couplers": [
{
"pose": [
[
0.9372861662519368,
0.023199697225014526,
-0.3477878902454976,
10.79101067525186
],
[
0.34748421046637235,
0.016170080400878972,
0.9375463999058344,
-21.285614531741516
],
[
0.027374550759939498,
-0.9996000713027668,
0.007094464193632355,
-0.6826240490687593
],
[
0.0,
0.0,
0.0,
1.0
]
],
"at_element": 3,
"to_element": 8
},
{
"pose": [
[
0.8195999509730432,
-0.023199697225035787,
-0.572466326008484,
10.790175507332407
],
[
-0.5728531702591825,
-0.01617008040086043,
-0.8194984892138812,
-21.286196639873133
],
[
0.009755290307793985,
0.9996000713027668,
-0.02654301720819019,
-0.6466393591076143
],
[
0.0,
0.0,
0.0,
1.0
]
],
"at_element": 8,
"to_element": 3
},
{
"pose": [
[
-0.8780636354254894,
0.12125768328169055,
0.46292637253512603,
10.43183074222281
],
[
0.05951858311277379,
0.9875255163581054,
-0.14577685963795933,
-20.58271792133107
],
[
-0.47482816934931404,
-0.1004486375557911,
-0.8743273304692953,
-0.6161904706240527
],
[
0.0,
0.0,
0.0,
1.0
]
],
"at_element": 0,
"to_element": 6
},
{
"pose": [
[
-0.014432923124884312,
-0.12125768328169015,
0.9925161283199526,
10.427465608288667
],
[
0.10293871579902733,
-0.9875255163581058,
-0.11915106097431027,
-20.618267678060892
],
[
0.9945829837272093,
0.10044863755578792,
0.026734990059240515,
-0.6125744378534571
],
[
0.0,
0.0,
0.0,
1.0
]
],
"at_element": 6,
"to_element": 0
},
{
"pose": [
[
-0.35785345298021776,
0.8109501093172116,
0.46292637253513363,
10.488416568560334
],
[
0.8716904658731184,
0.46787267381201436,
-0.14577685963794865,
-20.60053696244193
],
[
-0.33480835995542385,
0.3513617527540509,
-0.8743273304692929,
-0.7230639118867536
],
[
0.0,
0.0,
0.0,
1.0
]
],
"at_element": 0,
"to_element": 7
},
{
"pose": [
[
0.5821055885789073,
-0.8109501093172043,
0.05927059931887066,
10.459222358477557
],
[
-0.7059492727609252,
-0.46787267381200426,
0.5317243509454187,
-20.61738038224584
],
[
-0.4034708267440469,
-0.3513617527540814,
-0.8448409380871973,
-0.7357129376493758
],
[
0.0,
0.0,
0.0,
1.0
]
],
"at_element": 7,
"to_element": 0
},
{
"pose": [
[
0.5601509547424572,
0.7518473856439849,
-0.3477878902455034,
10.500593584636695
],
[
0.201711211680696,
0.28340666030620953,
0.9375463999058318,
-20.502725002191863
],
[
0.8034572141585505,
-0.5953202277718987,
0.007094464193682759,
-0.6766998817576139
],
[
0.0,
0.0,
0.0,
1.0
]
],
"at_element": 3,
"to_element": 15
},
{
"pose": [
[
0.37002846115069943,
-0.751847385643988,
-0.5457146201438493,
10.473527006317973
],
[
-0.928678152753839,
-0.2834066603062044,
-0.23924371149896714,
-20.51292766926725
],
[
0.025215601047025693,
0.5953202277718975,
-0.8030927716456258,
-0.6552682962026463
],
[
0.0,
0.0,
0.0,
1.0
]
],
"at_element": 15,
"to_element": 3
},
{
"pose": [
[
0.09823578221226592,
-0.89218376708756,
-0.44086035979502036,
10.429590935380949
],
[
-0.24422409973110504,
0.4078422138779829,
-0.8797836766442289,
-20.580385877601127
],
[
0.964730180000437,
0.19409496213079885,
-0.1778280784121793,
-0.7641767579314711
],
[
0.0,
0.0,
0.0,
1.0
]
],
"at_element": 4,
"to_element": 7
},
{
"pose": [
[
0.44776681632503057,
0.8921837670875467,
0.05927059931889067,
10.461709471804411
],
[
0.7422492460021409,
-0.40784221387801955,
0.5317243509454208,
-20.595068161099995
],
[
0.4985688869227597,
-0.1940949621307827,
-0.8448409380871942,
-0.7711641593399927
],
[
0.0,
0.0,
0.0,
1.0
]
],
"at_element": 7,
"to_element": 4
},
{
"pose": [
[
-0.35286228405503905,
0.8253062168994474,
-0.440860359795007,
10.444791496403884
],
[
0.35204762243060284,
-0.31944194128403547,
-0.8797836766442342,
-20.550051543459517
],
[
-0.8669202270292351,
-0.46564631910475685,
-0.1778280784121855,
-0.7580453684848153
],
[
0.0,
0.0,
0.0,
1.0
]
],
"at_element": 4,
"to_element": 15
},
{
"pose": [
[
-0.14513856037723705,
-0.8253062168994467,
-0.54571462014385,
10.415079570652471
],
[
-0.9169074613377683,
0.3194419412840668,
-0.23924371149895568,
-20.538551284468404
],
[
0.3717734601000343,
0.4656463191047366,
-0.8030927716456286,
-0.7412815921114402
],
[
0.0,
0.0,
0.0,
1.0
]
],
"at_element": 15,
"to_element": 4
},
{
"pose": [
[
-0.5648959917317675,
0.8230306887241586,
0.05927059931888404,
10.455470078192139
],
[
0.715647138308653,
0.45289997575876006,
0.5317243509454407,
-20.651042582767825
],
[
0.41078180577530254,
0.3427857893436532,
-0.8448409380871822,
-0.6822280727630773
],
[
0.0,
0.0,
0.0,
1.0
]
],
"at_element": 7,
"to_element": 11
},
{
"pose": [
[
-0.2619146669021142,
-0.8230306887241507,
0.5040051514417335,
10.42584097419283
],
[
-0.23289581206788618,
-0.4528999757587848,
-0.8606051084434323,
-20.667346981457797
],
[
0.9365683359919844,
-0.34278578934363985,
-0.07305925431636506,
-0.6945683608484373
],
[
0.0,
0.0,
0.0,
1.0
]
],
"at_element": 11,
"to_element": 7
},
{
"pose": [
[
0.9277126008324812,
-0.10647812329466269,
-0.35778728249656966,
10.819935552143965
],
[
-0.23164638862096767,
-0.915801996269787,
-0.32809549565200785,
-19.961732739525402
],
[
-0.2927273149118427,
0.3872584574775865,
-0.874266324535369,
-0.7048130882764709
],
[
0.0,
0.0,
0.0,
1.0
]
],
"at_element": 1,
"to_element": 9
},
{
"pose": [
[
0.01241493171875907,
0.10647812329466766,
-0.994237536371497,
10.82376876549349
],
[
0.38821773275315774,
0.9158019962697878,
0.1029256800039206,
-19.928763859825033
],
[
0.9214840538210176,
-0.38725845747758336,
-0.029967076361674394,
-0.7187543960586478
],
[
0.0,
0.0,
0.0,
1.0
]
],
"at_element": 9,
"to_element": 1
},
{
"pose": [
[
-0.9337766711674913,
-0.007027721329047006,
-0.3577872824965701,
10.81134859565245
],
[
0.11866036510590017,
0.9371622396820081,
-0.32809549565200835,
-19.96960708801137
],
[
0.3376104947069828,
-0.34882308932627126,
-0.8742663245353688,
-0.7257956308598635
],
[
0.0,
0.0,
0.0,
1.0
]
],
"at_element": 1,
"to_element": 13
},
{
"pose": [
[
0.9263783616018638,
0.0070277213290422386,
0.37652854113435785,
10.811601599475747
],
[
0.13744987191060576,
-0.9371622396820041,
-0.3206781396134886,
-20.003345709477248
],
[
0.3506146943121531,
0.3488230893262821,
-0.8691327795482484,
-0.7132377090070467
],
[
0.0,
0.0,
0.0,
1.0
]
],
"at_element": 13,
"to_element": 1
},
{
"pose": [
[
0.8973865415463376,
0.01842656270018367,
-0.4408603597949803,
10.771670447366429
],
[
-0.42796315402513974,
-0.20694980335144875,
-0.8797836766442372,
-19.897729875371294
],
[
-0.10744735384530321,
0.978178020955211,
-0.1778280784122388,
-0.6261935146458856
],
[
0.0,
0.0,
0.0,
1.0
]
],
"at_element": 4,
"to_element": 12
},
{
"pose": [
[
-0.18217473737965273,
-0.018426562700185334,
-0.9830934985278411,
10.771007100125505
],
[
0.9612721411079772,
0.20694980335148982,
-0.18201002615917733,
-19.89027978371304
],
[
0.20680482535554912,
-0.978178020955202,
-0.01998808469626079,
-0.6614074447689681
],
[
0.0,
0.0,
0.0,
1.0
]
],
"at_element": 12,
"to_element": 4
},
{
"pose": [
[
-0.5150935403641699,
-0.7350651589053585,
-0.4408603597949644,
10.744517486293367
],
[
0.0857326754025391,
0.46757950198723897,
-0.8797836766442582,
-19.951916493410046
],
[
0.8528355955536965,
-0.4909670268814453,
-0.1778280784121733,
-0.6371460958511214
],
[
0.0,
0.0,
0.0,
1.0
]
],
"at_element": 4,
"to_element": 13
},
{
"pose": [
[
0.5638310650138485,
0.7350651589053695,
0.37652854113436507,
10.770979808838053
],
[
0.8237323230852395,
-0.46757950198720777,
-0.32067813961352204,
-19.968749340739247
],
[
-0.05966229990491553,
0.4909670268814584,
-0.8691327795482329,
-0.6194712983631125
],
[
0.0,
0.0,
0.0,
1.0
]
],
"at_element": 13,
"to_element": 4
},
{
"pose": [
[
0.886617185835824,
0.021009737954402058,
-0.4620265757417545,
10.906547264548696
],
[
0.46199613125594907,
-0.08703417062448482,
0.8826010581504218,
-19.940388208594545
],
[
-0.021668882876135942,
-0.9959837569231718,
-0.08687240908427074,
-0.7521376421263969
],
[
0.0,
0.0,
0.0,
1.0
]
],
"at_element": 5,
"to_element": 9
},
{
"pose": [
[
-0.10512046509136286,
-0.021009737954404695,
-0.9942375363714964,
10.905790913121685
],
[
-0.9908740371709397,
0.08703417062448471,
0.10292568000392799,
-19.937254974886756
],
[
0.08437019781616262,
0.9959837569231715,
-0.029967076361671285,
-0.716282186077225
],
[
0.0,
0.0,
0.0,
1.0
]
],
"at_element": 9,
"to_element": 5
},
{
"pose": [
[
-0.3300544711954665,
0.8231618852645082,
-0.46202657574176603,
10.920863638002553
],
[
-0.08020182126730746,
0.4632310870582558,
0.8826010581504158,
-19.9677365193253
],
[
0.9405486238942078,
0.3283617983727818,
-0.08687240908426985,
-0.7494458102782179
],
[
0.0,
0.0,
0.0,
1.0
]
],
"at_element": 5,
"to_element": 16
},
{
"pose": [
[
-0.5663903583163763,
-0.8231618852644974,
-0.04008082651399966,
10.891229799297387
],
[
0.7107024774161154,
-0.46323108705826277,
-0.5294515545141183,
-19.984412844557113
],
[
0.41725765493378675,
-0.3283617983727989,
0.8473928125542123,
-0.7612668393420102
],
[
0.0,
0.0,
0.0,
1.0
]
],
"at_element": 16,
"to_element": 5
},
{
"pose": [
[
0.4821226377465948,
-0.8697563576175934,
-0.1052693714051853,
11.201067670773755
],
[
-0.744536276522065,
-0.4700820736452447,
0.4740132666709297,
-20.57974149669362
],
[
-0.46176129668360566,
-0.15015566063643362,
-0.874202369285231,
-0.6962788497816974
],
[
0.0,
0.0,
0.0,
1.0
]
],
"at_element": 2,
"to_element": 5
},
{
"pose": [
[
-0.17336470716985386,
0.8697563576176054,
-0.4620265757417714,
11.23237890819966
],
[
0.0061819243905151255,
0.47008207364523136,
0.8826010581504132,
-20.562818537420423
],
[
0.9848382923702452,
0.15015566063640529,
-0.08687240908426497,
-0.6908732445224164
],
[
0.0,
0.0,
0.0,
1.0
]
],
"at_element": 5,
"to_element": 2
},
{
"pose": [
[
-0.6348166926768328,
-0.765458115211282,
-0.10526937140516676,
11.211177414111518
],
[
-0.7086955755959983,
0.5225533505304771,
0.47401326667091176,
-20.625264257975182
],
[
-0.30782843895505196,
0.3755154719935834,
-0.8742023692852428,
-0.6123231705488308
],
[
0.0,
0.0,
0.0,
1.0
]
],
"at_element": 2,
"to_element": 8
},
{
"pose": [
[
-0.29386421939985063,
0.7654581152113025,
-0.5724663260085059,
11.238733419668861
],
[
0.23528753053573032,
-0.5225533505304405,
-0.8194984892138657,
-20.64407584641494
],
[
-0.9264359656937518,
-0.3755154719935932,
-0.026543017208197295,
-0.6258414888310359
],
[
0.0,
0.0,
0.0,
1.0
]
],
"at_element": 8,
"to_element": 2
},
{
"pose": [
[
0.5590485222044479,
0.8224251390035335,
-0.10526937140518003,
11.208160305402247
],
[
0.7552312120674236,
-0.4526999440458521,
0.47401326667093696,
-20.611678639137597
],
[
0.34218498818649723,
-0.34449913119760006,
-0.8742023692852277,
-0.6373785456007455
],
[
0.0,
0.0,
0.0,
1.0
]
],
"at_element": 2,
"to_element": 14
},
{
"pose": [
[
-0.3327785294718195,
-0.8224251390035321,
-0.4613841577878394,
11.178553016571644
],
[
-0.8740082106585357,
0.4526999440458518,
-0.1765570966071516,
-20.595381450054585
],
[
0.3540735771333941,
0.3444991311976032,
-0.8694551458126283,
-0.6249765836524311
],
[
0.0,
0.0,
0.0,
1.0
]
],
"at_element": 14,
"to_element": 2
},
{
"pose": [
[
-0.5550933134516931,
0.8250998562629718,
-0.10526937140519232,
11.197856661564451
],
[
0.70137802350291,
0.5323347547991935,
0.47401326667091737,
-20.565282771004505
],
[
0.4471468232117638,
0.18928797116485288,
-0.8742023692852372,
-0.7229444584112636
],
[
0.0,
0.0,
0.0,
1.0
]
],
"at_element": 2,
"to_element": 17
},
{
"pose": [
[
0.41667404681679154,
-0.825099856262972,
0.38156646328541644,
11.168153064343691
],
[
-0.799602839221374,
-0.5323347547992012,
-0.2779478518391388,
-20.58444682372266
],
[
0.4324558222737158,
-0.1892879711648292,
-0.8815622642524277,
-0.7297588259227069
],
[
0.0,
0.0,
0.0,
1.0
]
],
"at_element": 17,
"to_element": 2
},
{
"pose": [
[
-0.8672637781481589,
-0.18543188080944856,
-0.46202657574175454,
11.25551866936203
],
[
-0.47012259022684316,
-0.0003497286986131609,
0.88260105815042,
-20.607022007003245
],
[
-0.16382395817030074,
0.9826570588304486,
-0.08687240908428717,
-0.6865223978323043
],
[
0.0,
0.0,
0.0,
1.0
]
],
"at_element": 5,
"to_element": 10
},
{
"pose": [
[
0.8571741232328677,
0.1854318808094532,
0.48048677405255735,
11.262194217171785
],
[
-0.4890244042101882,
0.0003497286986041681,
0.8722700326026958,
-20.607009416769905
],
[
0.161578632705055,
-0.9826570588304477,
0.09098049342501291,
-0.7218980524833932
],
[
0.0,
0.0,
0.0,
1.0
]
],
"at_element": 10,
"to_element": 5
},
{
"pose": [
[
0.11875894785849395,
-0.028426173297005586,
0.9925161283199544,
11.191943175249419
],
[
0.9927972421392651,
-0.012516415995421859,
-0.11915106097428979,
-20.71004282467601
],
[
0.015809753451995257,
0.9995175296123215,
0.026734990059264385,
-0.591982026737877
],
[
0.0,
0.0,
0.0,
1.0
]
],
"at_element": 6,
"to_element": 8
},
{
"pose": [
[
-0.819435328905245,
0.02842617329702568,
-0.5724663260084739,
11.19296648518585
],
[
0.5729446443652187,
0.012516415995397101,
-0.819498489213887,
-20.709592247923283
],
[
-0.016129979391366067,
-0.9995175296123213,
-0.02654301720823149,
-0.627963521995887
],
[
0.0,
0.0,
0.0,
1.0
]
],
"at_element": 8,
"to_element": 6
},
{
"pose": [
[
0.8801170569602638,
-0.11188666135875178,
-0.4613841577878415,
11.14781126847926
],
[
-0.2146741773662151,
-0.960594914211915,
-0.17655709660713848,
-20.607145342889233
],
[
-0.4234488913903809,
0.2544381767742325,
-0.8694551458126301,
-0.6829078554983347
],
[
0.0,
0.0,
0.0,
1.0
]
],
"at_element": 14,
"to_element": 17
},
{
"pose": [
[
-0.9175447722622869,
0.11188666135875328,
0.3815664632854148,
11.15183927032255
],
[
0.0015499832905392572,
0.9605949142119186,
-0.277947851839146,
-20.572563221677342
],
[
-0.39762946123991766,
-0.2544381767742185,
-0.8815622642524263,
-0.6920678164141776
],
[
0.0,
0.0,
0.0,
1.0
]
],
"at_element": 17,
"to_element": 14
},
{
"pose": [
[
-0.8857564537548153,
-0.033684985426206515,
0.46292637253512586,
10.808228228483305
],
[
-0.11356261165463857,
0.9827780219501623,
-0.14577685963795484,
-20.701246583291272
],
[
-0.45004337331625227,
-0.1816939221013254,
-0.8743273304692962,
-1.327091013091035
],
[
0.0,
0.0,
0.0,
1.0
]
],
"at_element": 0,
"to_element": 14
},
{
"pose": [
[
0.8865607597334996,
0.0336849854262084,
-0.4613841577878419,
10.809440968240159
],
[
-0.054543113308446106,
-0.9827780219501638,
-0.1765570966071478,
-20.736628934338803
],
[
-0.45938553317598285,
0.18169392210131807,
-0.8694551458126281,
-1.3205495988638072
],
[
0.0,
0.0,
0.0,
1.0
]
],
"at_element": 14,
"to_element": 0
},
{
"pose": [
[
0.3019095218354807,
0.8836508932314814,
-0.3577872824965643,
10.536877910414882
],
[
0.8453159033900067,
-0.42165669591361943,
-0.3280954956520226,
-20.221300202664857
],
[
-0.44078528117554944,
-0.2033881257163616,
-0.8742663245353659,
-1.3964747995015105
],
[
0.0,
0.0,
0.0,
1.0
]
],
"at_element": 1,
"to_element": 7
},
{
"pose": [
[
-0.4643792576629384,
-0.8836508932314844,
0.05927059931887224,
10.505065016150567
],
[
-0.7344895134737115,
0.42165669591362365,
0.5317243509454467,
-20.20611986392963
],
[
-0.49485054273949114,
0.20338812571634055,
-0.8448409380871793,
-1.3891524904453068
],
[
0.0,
0.0,
0.0,
1.0
]
],
"at_element": 7,
"to_element": 1
},
{
"pose": [
[
0.10002093944630275,
0.03856854861438985,
-0.9942375363714941,
11.591758821712018
],
[
0.9912515812909408,
0.08262328354607473,
0.10292568000394214,
-20.00826789772429
],
[
0.08611686397267376,
-0.9958342533141968,
-0.029967076361693712,
-0.695606591014292
],
[
0.0,
0.0,
0.0,
1.0
]
],
"at_element": 9,
"to_element": 10
},
{
"pose": [
[
-0.8761534837106693,
-0.038568548614404174,
0.4804867740525603,
11.590370397125117
],
[
0.4819941734496055,
-0.08262328354604054,
0.8722700326026925,
-20.01124224346576
],
[
0.006057205815342193,
0.9958342533141994,
0.09098049342502856,
-0.6597576723629103
],
[
0.0,
0.0,
0.0,
1.0
]
],
"at_element": 10,
"to_element": 9
},
{
"pose": [
[
0.8636906885298294,
-0.004147513358141841,
0.5040051514417417,
10.050679020684022
],
[
0.50178678931545,
-0.08699922637341295,
-0.8606051084434253,
-20.02674580355375
],
[
0.04741742944700064,
0.9961997454041892,
-0.0730592543163906,
-0.6401858758821397
],
[
0.0,
0.0,
0.0,
1.0
]
],
"at_element": 11,
"to_element": 12
},
{
"pose": [
[
-0.18305728962606338,
0.004147513358142063,
-0.9830934985278379,
10.050828335022128
],
[
0.9794403937902223,
0.08699922637347024,
-0.18201002615919903,
-20.02361375049448
],
[
0.08477348480989916,
-0.9961997454041844,
-0.019988084696240804,
-0.6760499931887127
],
[
0.0,
0.0,
0.0,
1.0
]
],
"at_element": 12,
"to_element": 11
},
{
"pose": [
[
-0.5302303793040204,
0.8412931143823027,
-0.10526937140517151,
11.121944149945005
],
[
0.7169473796313303,
0.5111730410141977,
0.4740132666709513,
-20.223459340944984
],
[
0.4525949620829682,
0.1758636341977014,
-0.8742023692852205,
-1.3533547727341395
],
[
0.0,
0.0,
0.0,
1.0
]
],
"at_element": 2,
"to_element": 13
},
{
"pose": [
[
0.38788162292659345,
-0.8412931143822999,
0.3765285411343505,
11.091657948390251
],
[
-0.7974131005409404,
-0.5111730410141935,
-0.32067813961351666,
-20.241861357418017
],
[
0.46225555019006115,
-0.17586363419772785,
-0.8691327795482415,
-1.3596857902836819
],
[
0.0,
0.0,
0.0,
1.0
]
],
"at_element": 13,
"to_element": 2
},
{
"pose": [
[
-0.3901963679067295,
-0.7415809786083074,
-0.5457146201438448,
10.834925191162522
],
[
-0.775588445129265,
0.5841446826687459,
-0.23924371149896356,
-20.354489101049293
],
[
0.49619487931090633,
0.3298979264502509,
-0.8030927716456295,
-0.12342205419065011
],
[
0.0,
0.0,
0.0,
1.0
]
],
"at_element": 15,
"to_element": 16
},
{
"pose": [
[
-0.6696649755753219,
0.7415809786083096,
-0.04008082651399372,
10.861622121971154
],
[
-0.6151878096422141,
-0.5841446826687533,
-0.529451554514137,
-20.375518321896763
],
[
-0.4160442036074027,
-0.32989792645023247,
0.847392812554201,
-0.13529838647317632
],
[
0.0,
0.0,
0.0,
1.0
]
],
"at_element": 16,
"to_element": 15
},
{
"pose": [
[
-0.8378379969195009,
0.01493466702597325,
-0.545714620143846,
10.875690558184564
],
[
0.17285931049477654,
0.9554486408402443,
-0.2392437114989655,
-20.33661738321919
],
[
0.5178292669337928,
-0.2947793249828643,
-0.8030927716456286,
-0.06343031055685378
],
[
0.0,
0.0,
0.0,
1.0
]
],
"at_element": 15,
"to_element": 17
},
{
"pose": [
[
0.9242207473416093,
-0.014934667025974645,
0.3815664632854157,
10.87515290118147
],
[
0.09931206560410599,
-0.9554486408402392,
-0.27794785183912796,
-20.37101410943681
],
[
0.3687182173540697,
0.2947793249828816,
-0.8815622642524314,
-0.05281807741040821
],
[
0.0,
0.0,
0.0,
1.0
]
],
"at_element": 17,
"to_element": 15
},
{
"pose": [
[
-0.45270202461874454,
-0.8907605762785211,
-0.040080826514011514,
10.860033101815453
],
[
0.7656608476910649,
-0.36530058545749045,
-0.5294515545141165,
-20.396508637335895
],
[
0.4569730224193648,
-0.27037211027095887,
0.8473928125542127,
-0.1017031646163086
],
[
0.0,
0.0,
0.0,
1.0
]
],
"at_element": 16,
"to_element": 17
},
{
"pose": [
[
-0.24688586400161072,
0.8907605762785187,
0.3815664632854137,
10.892099103087453
],
[
0.888425840417995,
0.36530058545749,
-0.277947851839143,
-20.383358381981218
],
[
-0.3869714411087168,
0.27037211027096725,
-0.8815622642524272,
-0.09197018735761231
],
[
0.0,
0.0,
0.0,
1.0
]
],
"at_element": 17,
"to_element": 16
}
],
"nstatus": 0,
"opt_line_pos": [
[
-0.3708976580235692,
-0.2141421749267458,
0.14590997758881485
],
[
-2.5724437371366093e-06,
0.4282800125754882,
0.14611986136088717
],
[
0.3709002304678499,
-0.21413783764837646,
0.1459099775555046
],
[
-0.050365551024882715,
-0.8847839485018674,
0.13670963145188025
],
[
-0.060002572443737134,
0.48288873493315865,
0.19347927102302137
],
[
0.4090641152213005,
-0.20311644808513155,
0.13009819121514118
],
[
-0.430896132144663,
-0.23712628076022207,
0.20590239418392287
],
[
-0.37392490870350475,
-0.2411473229370913,
0.08639841339485549
],
[
0.4000987663866376,
-0.27413783764837646,
0.19305608552860617
],
[
0.7425383236847445,
0.3715070311616022,
0.12306431020044835
],
[
0.4156432217883034,
-0.2536284992694702,
0.09468635588656887
],
[
-0.8017186669099257,
0.38456784276761546,
0.1817962100689957
],
[
-0.060002572443737134,
0.48816722651133265,
0.1577934069480735
],
[
-0.04058734924971508,
0.3911373393651294,
0.15035507665060516
],
[
0.31618181001538254,
-0.22855414685414363,
0.13872400343441085
],
[
0.027527611901680564,
0.03479852097291875,
0.7333291434893109
],
[
0.056954383673938416,
0.3760407095677285,
0.08612138723979341
],
[
0.051397704369550684,
0.00038465544046512474,
0.7451224156253757
]
],
"opt_line_orient": [
[
0.46292637253512603,
-0.14577685963795972,
-0.8743273304692953
],
[
-0.35778728249657005,
-0.32809549565201196,
-0.8742663245353673
],
[
-0.10526937140517971,
0.4740132666709381,
-0.874202369285227
],
[
-0.3477878902455064,
0.9375463999058309,
0.007094464193689117
],
[
-0.4408603597949891,
-0.8797836766442394,
-0.17782807841220483
],
[
-0.46202657574175326,
0.882601058150422,
-0.08687240908427503
],
[
0.9925161283199526,
-0.11915106097431147,
0.02673499005924076
],
[
0.05927059931888071,
0.5317243509454349,
-0.8448409380871862
],
[
-0.5724663260084734,
-0.8194984892138875,
-0.026543017208228655
],
[
-0.9942375363714967,
0.10292568000392624,
-0.029967076361675383
],
[
0.4804867740525586,
0.872270032602695,
0.0909804934250149
],
[
0.5040051514417532,
-0.8606051084434223,
-0.07305925431634705
],
[
-0.9830934985278394,
-0.18201002615918782,
-0.019988084696254235
],
[
0.3765285411343571,
-0.3206781396135059,
-0.8691327795482423
],
[
-0.4613841577878416,
-0.17655709660714594,
-0.8694551458126285
],
[
-0.5457146201438466,
-0.23924371149896143,
-0.8030927716456294
],
[
-0.040080826514001154,
-0.5294515545141221,
0.8473928125542098
],
[
0.38156646328541605,
-0.27794785183914245,
-0.8815622642524267
]
],
"opt_edge_ids": [
[
1,
4
],
[
2,
5
],
[
3,
8
],
[
0,
1
],
[
2,
1
],
[
3,
2
],
[
1,
3
],
[
1,
5
],
[
3,
0
],
[
6,
2
],
[
3,
6
],
[
7,
1
],
[
2,
7
],
[
2,
8
],
[
3,
4
],
[
9,
1
],
[
2,
9
],
[
9,
3
]
],
"opt_parameters": {
"pos_devi": 0.06,
"layers": [],
"contactopt_trust_region_start": 0.1,
"clamp_collision_dist": 0.024,
"clamp_t_bnd": 0.07,
"clamp_gap": 0.016,
"orient_devi": 0.2617993877991494,
"bar_collision_distance": 0.03,
"time_out": 300,
"debug_mode": true,
"adjustopt_trust_region_start": 0.1,
"bar_available_lengths": [
1.0
],
"opt_tol": 0.001,
"trust_region_lobnd": 1e-06,
"trust_region_upbnd": 1.0,
"contact_ignore_para_tol": 1e-05,
"line_para_tol": 0.0001,
"bigM": 1,
"pos_tol": 1e-06,
"duplicate_vertices_tol": 0.001,
"bar_contact_distance_tol": 1e-05,
"bar_contact_distance": 0.018000000000000002,
"fixed_contact_pairs": [
[
3,
8
],
[
0,
6
],
[
0,
7
],
[
3,
15
],
[
4,
7
],
[
4,
15
],
[
7,
11
],
[
1,
9
],
[
1,
13
],
[
4,
12
],
[
4,
13
],
[
5,
9
],
[
5,
16
],
[
2,
5
],
[
2,
8
],
[
2,
14
],
[
2,
17
],
[
5,
10
],
[
6,
8
],
[
14,
17
],
[
0,
14
],
[
1,
7
],
[
9,
10
],
[
11,
12
],
[
2,
13
],
[
15,
16
],
[
15,
17
],
[
16,
17
]
],
"clamp_extension_length": 0.03
}
}