{
"line_pt_pairs": [
[
[
-0.029590833976776573,
0.15049019324986357,
0.40825433032280206
],
[
-0.05948087331082211,
0.3826058938707021,
0.8501014612107445
]
],
[
[
-0.0026431552898596167,
1.167260330701539,
-0.07573815846196097
],
[
-0.02691512830360951,
0.8921927248533953,
0.341093562426685
]
],
[
[
0.00013077456059246758,
0.1757933833133143,
0.6058963905266819
],
[
-0.07236766585993126,
1.0908423632782922,
0.2091227265800366
]
],
[
[
-0.03651566940991016,
1.1355460439613974,
-0.08095803348460595
],
[
-0.1483862886761979,
1.5729374039908843,
0.8113276621961738
]
],
[
[
-0.046078032409053615,
0.30382334685719015,
0.5511303457785093
],
[
-0.035997465015536786,
0.7942252037120232,
1.3913256298904162
]
],
[
[
0.03790982958202918,
0.7924572558096259,
1.3405734764801438
],
[
-0.028557919214092287,
1.7319624362524713,
1.676597365944915
]
],
[
[
-0.05341683202467225,
1.5770723997879976,
1.626781216811941
],
[
-0.15651997362793107,
1.4671834003568256,
0.6384786828780226
]
],
[
[
0.006268942399072093,
0.9342313877092863,
0.17144793451687879
],
[
0.11067528431166665,
1.1293480886341996,
1.1466549837062336
]
],
[
[
0.03367492319017597,
0.2041673245268797,
0.589594016863087
],
[
0.03599988687668828,
1.1408494659933688,
0.8048868584809744
]
],
[
[
0.0,
0.7785733397165162,
1.416922531839223
],
[
0.0,
1.2880578605262794,
0.5564427104283741
]
],
[
[
-0.022328669395667838,
1.1993203160721198,
0.8362949130810893
],
[
-0.12120790570602999,
1.6218528156231433,
0.5879218399635634
]
],
[
[
-0.07009689875615606,
1.2242252466398085,
0.7906488129863791
],
[
0.03858188862989274,
1.5590597044413936,
1.7266374918928158
]
]
],
"contact_id_pairs": [
[
1,
3
],
[
1,
2
],
[
1,
7
],
[
0,
2
],
[
2,
4
],
[
2,
8
],
[
3,
6
],
[
3,
10
],
[
4,
9
],
[
5,
9
],
[
5,
6
],
[
5,
11
],
[
7,
8
],
[
8,
9
],
[
10,
11
]
],
"coupler_pt_pairs": [
[
[
-0.0040994736706846105,
1.1507562743506503,
-0.050728255208642214
],
[
-0.03987178823445682,
1.1486677857262737,
-0.05418946064762331
]
],
[
[
-0.023803320369167408,
0.9274579897703162,
0.28765331446440995
],
[
-0.05901458318828155,
0.9223046042974513,
0.28220225085505873
]
],
[
[
-0.021344140227648432,
0.9553272031010053,
0.24542088903348813
],
[
0.01392945617490619,
0.9485475120744317,
0.24300093501238218
]
],
[
[
-0.04096729914480106,
0.2388358843864019,
0.5764260225029705
],
[
-0.005115182751352861,
0.24200595091327148,
0.5771860114965283
]
],
[
[
-0.010180930785898212,
0.3059439824748176,
0.5494618922377079
],
[
-0.046078032409053615,
0.30382334685719015,
0.5511303457785093
]
],
[
[
-0.0020441786544673126,
0.20324485274311177,
0.5939931805949065
],
[
0.03367492319017597,
0.2041673245268797,
0.589594016863087
]
],
[
[
-0.12605952649537477,
1.485644306487955,
0.6332482821455928
],
[
-0.15651997362793107,
1.4671834003568256,
0.6384786828780226
]
],
[
[
-0.12893400024687257,
1.4968829140131712,
0.6561752296130615
],
[
-0.09392032202834952,
1.5052470309481079,
0.6564650576185209
]
],
[
[
-0.035997465015536786,
0.7942252037120232,
1.3913256298904162
],
[
0.0,
0.7938578753637922,
1.391108137158081
]
],
[
[
0.035915797018753824,
0.8206424126277885,
1.3506541936665561
],
[
0.0,
0.8185455129419028,
1.3494126329639495
]
],
[
[
-0.017882727376460225,
1.581071241419922,
1.6226295462574063
],
[
-0.05341683202467225,
1.5770723997879976,
1.626781216811941
]
],
[
[
-0.012544326911207306,
1.5056142719388634,
1.595641569075313
],
[
0.022708003217218185,
1.510152977165564,
1.589924731345133
]
],
[
[
0.07155517004490933,
1.056239621315946,
0.7812537015698204
],
[
0.03578781557263706,
1.0554101086499994,
0.7852489458805897
]
],
[
[
0.03599988687668828,
1.1408494659933688,
0.8048868584809744
],
[
0.0,
1.1409281184261855,
0.8049334280762711
]
],
[
[
-0.03163574640894305,
1.239091481998094,
0.81291662451631
],
[
-0.06683652874965834,
1.234270300045496,
0.81872852834323
]
]
],
"half_couplers": [
{
"pose": [
[
0.10125631378691036,
0.9936753213310502,
-0.04854394602750073,
-0.004099473670684608
],
[
-0.8330580260552388,
0.05801356804083857,
-0.5501352116962884,
1.1507562743506505
],
[
-0.5438395757419976,
0.09614458747534957,
0.8336634417772912,
-0.05072825520864224
],
[
0.0,
0.0,
0.0,
1.0
]
],
"at_element": 1,
"to_element": 3
},
{
"pose": [
[
-0.009711865042925982,
-0.99367532133105,
-0.11187061926628694,
-0.03987178823445681
],
[
0.8973980299146681,
-0.05801356804083846,
0.43739136002948614,
1.148667785726274
],
[
-0.44111501400730013,
-0.09614458747535154,
0.8922856956807802,
-0.05418946064762338
],
[
0.0,
0.0,
0.0,
1.0
]
],
"at_element": 3,
"to_element": 1
},
{
"pose": [
[
0.20263102768051322,
0.9780512010754954,
-0.04854394602749068,
-0.023803320369167304
],
[
-0.8227156824496022,
0.14314382523663471,
-0.5501352116962782,
0.9274579897703175
],
[
-0.5311116384270111,
0.15141232899405718,
0.8336634417772986,
0.2876533144644081
],
[
0.0,
0.0,
0.0,
1.0
]
],
"at_element": 1,
"to_element": 2
},
{
"pose": [
[
0.19534539721060806,
-0.978051201075496,
-0.07249844042053005,
-0.05901458318828166
],
[
-0.3770878008656388,
-0.14314382523663327,
0.9150489799649745,
0.9223046042974524
],
[
-0.9053424579831357,
-0.15141232899405332,
-0.3967736639466515,
0.28220225085505823
],
[
0.0,
0.0,
0.0,
1.0
]
],
"at_element": 2,
"to_element": 1
},
{
"pose": [
[
0.1939765520770207,
-0.9798043593230182,
-0.0485439460274992,
-0.021344140227648443
],
[
0.8135639636913904,
0.1883213366420129,
-0.5501352116962881,
0.9553272031010053
],
[
0.5481667394388909,
0.06721972639765467,
0.8336634417772915,
0.2454208890334883
],
[
0.0,
0.0,
0.0,
1.0
]
],
"at_element": 1,
"to_element": 7
},
{
"pose": [
[
-0.17053660375426594,
0.9798043593230182,
0.1044063419125963,
0.013929456174906193
],
[
-0.9625302837758108,
-0.188321336642012,
0.19511670092491468,
0.9485475120744317
],
[
0.21083813600584012,
-0.06721972639765383,
0.9752070491893542,
0.24300093501238218
],
[
0.0,
0.0,
0.0,
1.0
]
],
"at_element": 7,
"to_element": 1
},
{
"pose": [
[
-0.0680154931334942,
-0.9958916782904877,
-0.059780078668089265,
-0.04096729914480105
],
[
0.8813257664994959,
-0.08805736428752753,
0.4642314012416755,
0.23883588438640185
],
[
-0.4675882654621301,
-0.02111079597004825,
0.8836942617758856,
0.5764260225029705
],
[
0.0,
0.0,
0.0,
1.0
]
],
"at_element": 0,
"to_element": 2
},
{
"pose": [
[
-0.05425625538448742,
0.9958916782904881,
-0.072498440420525,
-0.005115182751352867
],
[
0.3936130903054272,
0.08805736428752653,
0.9150489799649772,
0.24200595091327148
],
[
0.9176736859537081,
0.02111079597004789,
-0.39677366394664615,
0.5771860114965282
],
[
0.0,
0.0,
0.0,
1.0
]
],
"at_element": 2,
"to_element": 0
},
{
"pose": [
[
0.019037093113581705,
0.9971868256361878,
-0.07249844042052417,
-0.010180930785898216
],
[
0.39901763023178144,
0.05890921005468752,
0.9150489799649777,
0.3059439824748176
],
[
0.9167456134882774,
-0.0463480285271789,
-0.3967736639466457,
0.549461892237708
],
[
0.0,
0.0,
0.0,
1.0
]
],
"at_element": 2,
"to_element": 4
},
{
"pose": [
[
-0.07423662019609978,
-0.9971868256361877,
0.01036141879684982,
-0.04607803240905361
],
[
0.861654454709209,
-0.058909210054687744,
0.5040647831881421,
0.30382334685719015
],
[
-0.5020363780660083,
0.046348028527180785,
0.8636036911396382,
0.5511303457785093
],
[
0.0,
0.0,
0.0,
1.0
]
],
"at_element": 4,
"to_element": 2
},
{
"pose": [
[
-0.10164878138520739,
-0.9921751364449194,
-0.07249844042052372,
-0.0020441786544673174
],
[
-0.402528002885535,
-0.02562364451120014,
0.915048979964978,
0.20324485274311183
],
[
-0.909746520815488,
0.12219626615600643,
-0.39677366394664526,
0.5939931805949065
],
[
0.0,
0.0,
0.0,
1.0
]
],
"at_element": 2,
"to_element": 8
},
{
"pose": [
[
0.12483047243699641,
0.9921751364449194,
0.002419043542834398,
0.03367492319017597
],
[
-0.222547477035687,
0.02562364451120036,
0.9745850651980125,
0.20416732452687972
],
[
0.9668970853282198,
-0.1221962661560062,
0.224004685043246,
0.589594016863087
],
[
0.0,
0.0,
0.0,
1.0
]
],
"at_element": 8,
"to_element": 2
},
{
"pose": [
[
0.5211146505509894,
0.8461232094240763,
-0.11187061926628042,
-0.1260595264953749
],
[
-0.738730082490193,
0.512802752913416,
0.4373913600294988,
1.4856443064879554
],
[
0.42745454285239837,
-0.14528885393698593,
0.8922856956807749,
0.633248282145594
],
[
0.0,
0.0,
0.0,
1.0
]
],
"at_element": 3,
"to_element": 6
},
{
"pose": [
[
0.5229143169264825,
-0.8461232094240779,
-0.10313162282834673,
-0.15651997362793094
],
[
-0.8514405862775666,
-0.5128027529134143,
-0.10991935518250465,
1.4671834003568256
],
[
0.04011913748604185,
0.14528885393698324,
-0.9885755427528309,
0.6384786828780239
],
[
0.0,
0.0,
0.0,
1.0
]
],
"at_element": 6,
"to_element": 3
},
{
"pose": [
[
-0.203789258548138,
-0.9726021296734743,
-0.11187061926628639,
-0.1289340002468726
],
[
0.8687396133689679,
-0.23233657123899532,
0.437391360029486,
1.4968829140131712
],
[
-0.4513994043681675,
-0.008050777572969958,
0.8922856956807803,
0.6561752296130616
],
[
0.0,
0.0,
0.0,
1.0
]
],
"at_element": 3,
"to_element": 10
},
{
"pose": [
[
-0.1222157267349071,
0.9726021296734741,
-0.19775847262072282,
-0.0939203220283495
],
[
0.4815442502590621,
0.23233657123899643,
0.8450649991020481,
1.5052470309481076
],
[
0.8678585433013242,
0.008050777572967127,
-0.49674614623505065,
0.656465057618521
],
[
0.0,
0.0,
0.0,
1.0
]
],
"at_element": 10,
"to_element": 3
},
{
"pose": [
[
0.005766547577451098,
-0.9999296914931335,
0.010361418796846655,
-0.035997465015536786
],
[
0.8636055706071377,
0.010203566327925184,
0.5040647831881448,
0.7942252037120231
],
[
-0.5041350665698201,
0.006041465437978316,
0.8636036911396365,
1.391325629890416
],
[
0.0,
0.0,
0.0,
1.0
]
],
"at_element": 4,
"to_element": 9
},
{
"pose": [
[
0.011857996055260833,
0.9999296914931337,
2.6645352591003757e-15,
0.0
],
[
0.8604193223594181,
-0.010203566327922742,
0.5094845208097607,
0.7938578753637923
],
[
0.509448699713831,
-0.00604146543797629,
-0.8604798214108502,
1.3911081371580807
],
[
0.0,
0.0,
0.0,
1.0
]
],
"at_element": 9,
"to_element": 4
},
{
"pose": [
[
-0.012829588430136818,
0.99770608900151,
-0.06646774879612288,
0.035915797018753824
],
[
-0.33754551035208447,
0.058249844310597876,
0.9395051804428447,
0.8206424126277885
],
[
0.9412217751953385,
0.03448935498240452,
0.33602388946477224,
1.3506541936665561
],
[
0.0,
0.0,
0.0,
1.0
]
],
"at_element": 5,
"to_element": 9
},
{
"pose": [
[
0.06769460812584183,
-0.9977060890015098,
3.3306690738754696e-15,
0.0
],
[
-0.8585059572845338,
-0.058249844310599874,
0.5094845208097663,
0.8185455129419028
],
[
-0.50831580866392,
-0.03448935498240227,
-0.8604798214108469,
1.3494126329639493
],
[
0.0,
0.0,
0.0,
1.0
]
],
"at_element": 9,
"to_element": 5
},
{
"pose": [
[
0.14567847950960067,
0.9870966614155607,
-0.06646774879612288,
-0.017882727376460225
],
[
-0.32402242403549586,
0.11108323295267986,
0.9395051804428445,
1.5810712414199222
],
[
0.9347658794211158,
-0.11532864509320445,
0.33602388946477246,
1.6226295462574063
],
[
0.0,
0.0,
0.0,
1.0
]
],
"at_element": 5,
"to_element": 6
},
{
"pose": [
[
0.12249101760965064,
-0.9870966614155605,
-0.10313162282833623,
-0.053416832024672255
],
[
-0.9877136481354536,
-0.1110832329526803,
-0.10991935518248715,
1.5770723997879976
],
[
0.09704483444215624,
0.11532864509320508,
-0.9885755427528338,
1.6267812168119409
],
[
0.0,
0.0,
0.0,
1.0
]
],
"at_element": 6,
"to_element": 5
},
{
"pose": [
[
-0.19155801330775102,
-0.979228045915538,
-0.06646774879612405,
-0.01254432691120733
],
[
0.31848890456288187,
-0.12607471432206951,
0.9395051804428458,
1.5056142719388637
],
[
-0.9283697244136752,
0.15880050535513335,
0.3360238894647689,
1.5956415690753132
],
[
0.0,
0.0,
0.0,
1.0
]
],
"at_element": 5,
"to_element": 11
},
{
"pose": [
[
0.1711763864110245,
0.9792280459155376,
0.10867878738604565,
0.022708003217218258
],
[
-0.9338046114029044,
0.12607471432206996,
0.33483445780158155,
1.5101529771655642
],
[
0.3141776447456666,
-0.15880050535513462,
0.9359886789064382,
1.5899247313451337
],
[
0.0,
0.0,
0.0,
1.0
]
],
"at_element": 11,
"to_element": 5
},
{
"pose": [
[
0.044125384863506034,
0.993555366438669,
0.10440634191259543,
0.0715551700449093
],
[
-0.9805093163458846,
0.023042429973935796,
0.19511670092491418,
1.056239621315946
],
[
0.1914534694634015,
-0.11098099045250309,
0.9752070491893543,
0.7812537015698202
],
[
0.0,
0.0,
0.0,
1.0
]
],
"at_element": 7,
"to_element": 8
},
{
"pose": [
[
-0.11332202808483594,
-0.9935553664386687,
0.0024190435428344537,
0.03578781557263706
],
[
0.2228295247804526,
-0.023042429973935574,
0.9745850651980122,
1.0554101086499992
],
[
-0.9682484809370253,
0.11098099045250376,
0.22400468504324633,
0.7852489458805897
],
[
0.0,
0.0,
0.0,
1.0
]
],
"at_element": 8,
"to_element": 7
},
{
"pose": [
[
0.0007713198993670733,
0.9999967766417803,
0.0024190435428356194,
0.03599988687668828
],
[
-0.22400709227005922,
-0.002184789623403738,
0.9745850651980127,
1.1408494659933686
],
[
0.974587208862463,
-0.0012935997645184827,
0.22400468504324467,
0.8048868584809743
],
[
0.0,
0.0,
0.0,
1.0
]
],
"at_element": 8,
"to_element": 9
},
{
"pose": [
[
-0.002539036441113751,
-0.9999967766417804,
-3.3306690738754696e-16,
0.0
],
[
-0.8604770477761433,
0.002184789623404959,
0.5094845208097634,
1.1409281184261855
],
[
-0.5094828785586455,
0.0012935997645196484,
-0.8604798214108487,
0.8049334280762712
],
[
0.0,
0.0,
0.0,
1.0
]
],
"at_element": 9,
"to_element": 8
},
{
"pose": [
[
0.06990053514435746,
0.9777553383609069,
-0.1977584726207231,
-0.031635746408943025
],
[
0.5176212324849004,
0.13391567112727532,
0.845064999102048,
1.239091481998094
],
[
0.8527497727160913,
-0.16143448000126948,
-0.4967461462350511,
0.8129166245163101
],
[
0.0,
0.0,
0.0,
1.0
]
],
"at_element": 10,
"to_element": 11
},
{
"pose": [
[
-0.17939737868499228,
-0.9777553383609067,
0.10867878738604807,
-0.06683652874965833
],
[
0.932712430974976,
-0.13391567112727465,
0.3348344578015856,
1.234270300045496
],
[
-0.31283238583257905,
0.16143448000126875,
0.9359886789064366,
0.8187285283432301
],
[
0.0,
0.0,
0.0,
1.0
]
],
"at_element": 11,
"to_element": 10
}
],
"nstatus": 0,
"opt_line_pos": [
[
-0.0025427421264035857,
-1.0547561986539384,
-0.7012090144462129
],
[
-0.0037121930283609637,
0.15994494768288234,
-0.7670062480189772
],
[
-0.006345876741869949,
-0.7376609484396068,
-0.13917647854762094
],
[
-0.03956978417187662,
0.15228673943541904,
-0.7662253369560232
],
[
-0.04554575992880094,
-0.6654828058964617,
-0.11413287614815831
],
[
0.04056853293783197,
-0.24032313002686292,
0.6175054775581713
],
[
-0.05902195800335705,
0.575898093819037,
0.8634258043841566
],
[
0.021237860543394105,
-0.032994664653636374,
-0.3983620177940699
],
[
0.03373121726894278,
-0.7683531701928497,
-0.11482019897410942
],
[
0.0,
-0.19831126119412423,
0.6763617081623625
],
[
-0.034732774636195465,
0.2571254858833591,
0.09551017526066681
],
[
-0.05996278127157464,
0.26024773513360094,
0.1683011351974602
]
],
"opt_line_orient": [
[
-0.05978007866809109,
0.4642314012416769,
0.883694261775885
],
[
-0.04854394602749978,
-0.5501352116962874,
0.8336634417772919
],
[
-0.07249844042052372,
0.9150489799649779,
-0.39677366394664526
],
[
-0.11187061926628775,
0.43739136002948703,
0.8922856956807798
],
[
0.010361418796851402,
0.5040647831881406,
0.863603691139639
],
[
-0.06646774879612147,
0.9395051804428453,
0.33602388946477096
],
[
-0.10313162282833825,
-0.10991935518248948,
-0.9885755427528334
],
[
0.10440634191259456,
0.1951167009249132,
0.9752070491893546
],
[
0.002419043542834191,
0.9745850651980125,
0.2240046850432461
],
[
0.0,
0.509484520809763,
-0.8604798214108488
],
[
-0.1977584726207243,
0.8450649991020471,
-0.4967461462350518
],
[
0.1086787873860488,
0.3348344578015852,
0.9359886789064368
]
],
"opt_edge_ids": [
[
7,
2
],
[
0,
1
],
[
2,
1
],
[
0,
3
],
[
2,
4
],
[
4,
5
],
[
5,
3
],
[
1,
6
],
[
2,
6
],
[
4,
6
],
[
8,
3
],
[
8,
5
]
],
"opt_parameters": {
"pos_devi": 0.06,
"layers": [],
"contactopt_trust_region_start": 0.1,
"clamp_collision_dist": 0.024,
"clamp_t_bnd": 0.07,
"clamp_gap": 0.016,
"orient_devi": 0.2617993877991494,
"bar_collision_distance": 0.03,
"time_out": 300,
"debug_mode": true,
"adjustopt_trust_region_start": 0.1,
"bar_available_lengths": [
0.5,
1.0
],
"opt_tol": 0.001,
"trust_region_lobnd": 1e-06,
"trust_region_upbnd": 1.0,
"contact_ignore_para_tol": 0.0001,
"line_para_tol": 0.0001,
"bigM": 1,
"pos_tol": 1e-06,
"duplicate_vertices_tol": 0.001,
"bar_contact_distance_tol": 0,
"bar_contact_distance": 0.018000000000000002,
"fixed_contact_pairs": [
[
1,
3
],
[
1,
2
],
[
1,
7
],
[
0,
2
],
[
2,
4
],
[
2,
8
],
[
3,
6
],
[
3,
10
],
[
4,
9
],
[
5,
9
],
[
5,
6
],
[
5,
11
],
[
7,
8
],
[
8,
9
],
[
10,
11
]
]
}
}