{
"line_pt_pairs": [
[
[
0.0,
-0.07081752327522794,
-0.15298025950808347
],
[
0.0,
0.3492734570422287,
0.7545017338427039
]
],
[
[
-0.009166425996786999,
1.2286811561029556,
-0.03738743696264124
],
[
-0.07193191210700048,
0.9609704426666751,
0.38021460765015325
]
],
[
[
0.07663455180871383,
0.18174239249741908,
0.6432064414496103
],
[
-0.05316787440646366,
1.1188691529923238,
0.31925464733051784
]
],
[
[
0.018051014344865057,
0.9947238170192719,
0.12669599992685876
],
[
-0.07644003991508375,
1.124989864791995,
1.1136621581422852
]
],
[
[
0.042354740267023835,
1.1535654813038774,
-0.09951210060767213
],
[
-0.137253652513578,
1.6191861492421704,
0.7670548147724773
]
],
[
[
0.047225937816196786,
0.9421003689712522,
0.9915373464515317
],
[
-0.11024165717942933,
1.763197214154655,
0.44289909828052
]
],
[
[
-0.03875108521236158,
0.23406459037145066,
0.5389627281207539
],
[
0.06845379863056944,
1.1450412209015157,
0.937244903855889
]
],
[
[
0.02440181224567886,
0.2936096906662683,
0.5712526335742147
],
[
-0.024607209603975923,
0.7381572897615627,
1.4240078273025079
]
],
[
[
0.016027242936444783,
0.6795737745891851,
1.5230714430278665
],
[
-0.025032000495220696,
1.2102770541707262,
0.6765088832780176
]
],
[
[
0.04437251393389997,
1.1348869096568124,
0.8276010610098308
],
[
0.023854019292122074,
1.6608555439139667,
1.6778574853638601
]
],
[
[
0.04560444299371236,
0.7238692646174343,
1.3976578969431406
],
[
0.06611564114354129,
1.71038097719399,
1.5600584255744532
]
],
[
[
-0.007790110038586216,
1.5801835324704818,
1.5673897567926294
],
[
-0.12583219705451618,
1.4939334232186305,
0.5781339259991203
]
]
],
"contact_id_pairs": [
[
0,
6
],
[
0,
7
],
[
2,
7
],
[
1,
4
],
[
1,
2
],
[
2,
3
],
[
3,
8
],
[
5,
6
],
[
5,
8
],
[
5,
9
],
[
4,
5
],
[
4,
11
],
[
7,
8
],
[
8,
10
],
[
9,
10
],
[
9,
11
]
],
"coupler_pt_pairs": [
[
[
0.0,
0.2561509807268314,
0.5533382373815388
],
[
-0.03553493867979421,
0.2613938894341852,
0.5509111934570036
]
],
[
[
0.0,
0.26959097588694325,
0.5823713615617019
],
[
0.02440181224567886,
0.2936096906662683,
0.5712526335742147
]
],
[
[
0.05851430508872066,
0.3125640466314161,
0.5979832002053259
],
[
0.022839971191623246,
0.30777672898992303,
0.5984286109832269
]
],
[
[
-0.014268187578457821,
1.2069208493252366,
-0.0034435260704087645
],
[
0.02111368355232398,
1.2086312544679134,
0.0029708441573692568
]
],
[
[
-0.06816598294038767,
0.977033085472852,
0.3551584849733856
],
[
-0.034657698452322666,
0.9852323502461318,
0.3654510466171046
]
],
[
[
-0.03936496513548633,
1.019217120070588,
0.35370298048404186
],
[
-0.003933666449393614,
1.0250320562599347,
0.35632764191710986
]
],
[
[
-0.051583116151522945,
1.0907219307126583,
0.8540297226263878
],
[
-0.01630113736915092,
1.0974279778769978,
0.8565224738628597
]
],
[
[
0.024109188119613392,
1.0626400282407433,
0.9109954860307031
],
[
0.058775964051887876,
1.0628035390041903,
0.9012903010968452
]
],
[
[
0.01989787243707835,
1.084599454375987,
0.8963226966315553
],
[
-0.01457714916795797,
1.075144903083969,
0.892067791861946
]
],
[
[
0.008214733940705632,
1.1455198498483308,
0.8556170731160169
],
[
0.04375377276686643,
1.1507476466292352,
0.8532407905059411
]
],
[
[
-0.10122005190963423,
1.5257718665258562,
0.5932014349722197
],
[
-0.06633474326162557,
1.5342496106769408,
0.5958766828758038
]
],
[
[
-0.09700624249113468,
1.5148478961833167,
0.5728708269574289
],
[
-0.12583219705451618,
1.4939334232186305,
0.5781339259991203
]
],
[
[
-0.024607209603975923,
0.7381572897615627,
1.4240078273025079
],
[
0.011238814127110136,
0.7414656815208358,
1.4243432587943503
]
],
[
[
0.010278088505385152,
0.7538833540255915,
1.404534945889161
],
[
0.04621980973107219,
0.7534660970160605,
1.4025301566092683
]
],
[
[
0.02728230314941902,
1.572975326103208,
1.535794413726975
],
[
0.06323813970130657,
1.5719839486545257,
1.5372753705845534
]
],
[
[
0.026638534005258115,
1.5894776272438471,
1.562471266009754
],
[
-0.007790110038586216,
1.5801835324704818,
1.5673897567926294
]
]
],
"half_couplers": [
{
"pose": [
[
-0.160477172822024,
0.9870395518939705,
-2.0816681711721685e-15,
0.0
],
[
-0.895720620068809,
-0.14563014467982827,
0.42009098031745495,
0.2561509807268316
],
[
0.41464641296723925,
0.06741501284937954,
0.907481993350788,
0.5533382373815389
],
[
0.0,
0.0,
0.0,
1.0
]
],
"at_element": 0,
"to_element": 6
},
{
"pose": [
[
0.11941539212837493,
-0.9870395518939707,
0.10720488384293109,
-0.0355349386797942
],
[
0.38589304164317584,
0.14563014467982793,
0.9109766305300652,
0.2613938894341852
],
[
-0.9147822279287048,
-0.06741501284938156,
0.398282175735135,
0.5509111934570036
],
[
0.0,
0.0,
0.0,
1.0
]
],
"at_element": 6,
"to_element": 0
},
{
"pose": [
[
-0.7352139456027502,
-0.6778351231614045,
-2.498001805406602e-16,
0.0
],
[
0.6151231687296878,
-0.6671934168948812,
0.4200909803174561,
0.26959097588694414
],
[
-0.28475242138247814,
0.308856747151324,
0.9074819933507875,
0.5823713615617037
],
[
0.0,
0.0,
0.0,
1.0
]
],
"at_element": 0,
"to_element": 7
},
{
"pose": [
[
0.733450148054076,
0.6778351231614043,
-0.05089622901765628,
0.02440181224567886
],
[
-0.5845660776761307,
0.6671934168948799,
0.4616659455520614,
0.2936096906662683
],
[
0.34689102200806216,
-0.30885674715132705,
0.8855925296598337,
0.5712526335742147
],
[
0.0,
0.0,
0.0,
1.0
]
],
"at_element": 7,
"to_element": 0
},
{
"pose": [
[
-0.03148756184028789,
0.9910397891094016,
-0.1298024262151773,
0.05851430508872065
],
[
0.32265524053698974,
0.1329925957275161,
0.9371267604949047,
0.3125640466314161
],
[
0.945992668683733,
-0.01237359622947104,
-0.32395179411909214,
0.5979832002053259
],
[
0.0,
0.0,
0.0,
1.0
]
],
"at_element": 2,
"to_element": 7
},
{
"pose": [
[
-0.12348971727951619,
-0.9910397891094017,
-0.050896229017654976,
0.022839971191623242
],
[
0.8770276644434744,
-0.13299259572751576,
0.46166594555206486,
0.307776728989923
],
[
-0.46429814292871097,
0.012373596229470929,
0.8855925296598319,
0.5984286109832269
],
[
0.0,
0.0,
0.0,
1.0
]
],
"at_element": 7,
"to_element": 2
},
{
"pose": [
[
-0.1350841423775173,
-0.982850064603714,
-0.12553097222042842,
-0.014268187578457818
],
[
0.843247581136748,
-0.04751223582168729,
-0.5354214268725599,
1.2069208493252368
],
[
0.5202747268368455,
-0.17818063294224687,
0.8352040892255893,
-0.003443526070408827
],
[
0.0,
0.0,
0.0,
1.0
]
],
"at_element": 1,
"to_element": 4
},
{
"pose": [
[
-0.04179205368542438,
0.9828500646037137,
-0.179608392780601,
0.021113683552323983
],
[
-0.883708085872208,
0.047512235821686954,
0.46562066793829376,
1.2086312544679134
],
[
0.46616889987732235,
0.1781806329422489,
0.8665669153801492,
0.0029708441573691874
],
[
0.0,
0.0,
0.0,
1.0
]
],
"at_element": 4,
"to_element": 1
},
{
"pose": [
[
-0.3433072512148909,
-0.9307964902580319,
-0.1255309722204243,
-0.06816598294038764
],
[
0.8132953203258453,
-0.22775999996011076,
-0.5354214268725626,
0.9770330854728521
],
[
0.46977745071401233,
-0.28590781056399905,
0.8352040892255881,
0.3551584849733854
],
[
0.0,
0.0,
0.0,
1.0
]
],
"at_element": 1,
"to_element": 2
},
{
"pose": [
[
-0.3417151209296734,
0.9307964902580323,
-0.12980242621517968,
-0.03465769845232268
],
[
0.26442166549376916,
0.22775999996010898,
0.9371267604949036,
0.9852323502461318
],
[
0.9018381001851273,
0.2859078105639992,
-0.323951794119095,
0.36545104661710454
],
[
0.0,
0.0,
0.0,
1.0
]
],
"at_element": 2,
"to_element": 1
},
{
"pose": [
[
0.12064629646683867,
-0.9841726481148971,
-0.12980242621517812,
-0.039364965135486346
],
[
-0.30936124493854167,
-0.1615210664105513,
0.9371267604949045,
1.019217120070588
],
[
-0.9432603518005575,
-0.0729050328037057,
-0.32395179411909325,
0.35370298048404186
],
[
0.0,
0.0,
0.0,
1.0
]
],
"at_element": 2,
"to_element": 3
},
{
"pose": [
[
0.14991877590000158,
0.9841726481148968,
-0.09449105425994808,
-0.00393366644939361
],
[
-0.9782339709411406,
0.16152106641055197,
0.13026604777272383,
1.0250320562599347
],
[
0.1434665770462674,
0.07290503280370592,
0.9869661582154263,
0.35632764191710975
],
[
0.0,
0.0,
0.0,
1.0
]
],
"at_element": 3,
"to_element": 2
},
{
"pose": [
[
-0.17483093619995027,
-0.9800538681176122,
-0.09449105425994046,
-0.05158311615152298
],
[
0.9738228462946138,
-0.18627887919013708,
0.1302660477727161,
1.0907219307126583
],
[
-0.14526943168508022,
-0.06924301232162261,
0.9869661582154281,
0.854029722626388
],
[
0.0,
0.0,
0.0,
1.0
]
],
"at_element": 3,
"to_element": 8
},
{
"pose": [
[
-0.19444421852172322,
0.9800538681176126,
-0.041059243431671805,
-0.016301137369150932
],
[
0.8268338455875347,
0.18627887919013397,
0.5307032795815343,
1.0974279778769982
],
[
0.5277662718234324,
0.06924301232162317,
-0.8465625597498523,
0.8565224738628594
],
[
0.0,
0.0,
0.0,
1.0
]
],
"at_element": 8,
"to_element": 3
},
{
"pose": [
[
-0.2188661181372462,
-0.9629649935785968,
-0.15746759499562474,
0.024109188119613406
],
[
-0.570770830912834,
-0.004541960913250431,
0.821096845183402,
1.0626400282407433
],
[
-0.7914027299110145,
0.26958818915752897,
-0.548638248171013,
0.9109954860307031
],
[
0.0,
0.0,
0.0,
1.0
]
],
"at_element": 5,
"to_element": 6
},
{
"pose": [
[
0.2473975222640591,
0.9629649935785973,
0.10720488384293153,
0.05877596405188788
],
[
-0.4124329633033124,
0.00454196091325032,
0.9109766305300653,
1.0628035390041903
],
[
0.8767516847765124,
-0.26958818915752697,
0.39828217573513447,
0.9012903010968452
],
[
0.0,
0.0,
0.0,
1.0
]
],
"at_element": 6,
"to_element": 5
},
{
"pose": [
[
-0.2411319665977616,
0.9576321481712012,
-0.15746759499562596,
0.019897872437078298
],
[
0.5067823884705375,
0.26262441159564764,
0.8210968451834029,
1.0845994543759874
],
[
0.8276635701906863,
0.11819089314769726,
-0.5486382481710115,
0.8963226966315552
],
[
0.0,
0.0,
0.0,
1.0
]
],
"at_element": 5,
"to_element": 8
},
{
"pose": [
[
0.2850522887433631,
-0.9576321481712015,
-0.04105924343166434,
-0.014577149167958003
],
[
-0.8058426940014008,
-0.262624411595648,
0.5307032795815423,
1.0751449030839695
],
[
-0.5190016813139773,
-0.11819089314769585,
-0.8465625597498481,
0.8920677918619453
],
[
0.0,
0.0,
0.0,
1.0
]
],
"at_element": 8,
"to_element": 5
},
{
"pose": [
[
0.025472532310734763,
-0.9871955766837556,
-0.1574675949956253,
0.008214733940705616
],
[
-0.552007349794121,
-0.14521658515174218,
0.8210968451834035,
1.145519849848331
],
[
-0.8334500800113644,
0.06600785387281233,
-0.5486382481710113,
0.8556170731160169
],
[
0.0,
0.0,
0.0,
1.0
]
],
"at_element": 5,
"to_element": 9
},
{
"pose": [
[
0.1581893951997505,
0.9871955766837556,
-0.02051849464177674,
0.043753772766866435
],
[
-0.8380149993732388,
0.1452165851517424,
0.5259686342571556,
1.1507476466292352
],
[
0.5222135349373931,
-0.06600785387280986,
0.8502564243540286,
0.853240790505941
],
[
0.0,
0.0,
0.0,
1.0
]
],
"at_element": 9,
"to_element": 5
},
{
"pose": [
[
-0.16946803521858467,
-0.9690311709547434,
-0.17960839278060303,
-0.10122005190963422
],
[
0.8530774195981314,
-0.23549163416242758,
0.4656206679382938,
1.5257718665258562
],
[
-0.493497214998166,
-0.07431204449877679,
0.8665669153801486,
0.5932014349722196
],
[
0.0,
0.0,
0.0,
1.0
]
],
"at_element": 4,
"to_element": 5
},
{
"pose": [
[
-0.1902171029228783,
0.9690311709547433,
-0.1574675949956258,
-0.06633474326162557
],
[
0.5199458251292838,
0.23549163416242813,
0.8210968451834032,
1.5342496106769408
],
[
0.832750738628466,
0.07431204449877737,
-0.5486382481710115,
0.5958766828758038
],
[
0.0,
0.0,
0.0,
1.0
]
],
"at_element": 5,
"to_element": 4
},
{
"pose": [
[
0.5714998008442795,
0.8007051909896165,
-0.179608392780601,
-0.09700624249113463
],
[
-0.6676069012737348,
0.5809461411872692,
0.4656206679382944,
1.5148478961833165
],
[
0.47716768856098224,
-0.14619431644870276,
0.8665669153801487,
0.5728708269574286
],
[
0.0,
0.0,
0.0,
1.0
]
],
"at_element": 4,
"to_element": 11
},
{
"pose": [
[
0.5873135997143377,
-0.800705190989617,
-0.11804208026321703,
-0.12583219705451618
],
[
-0.8093593148563778,
-0.580946141187269,
-0.08625010431783131,
1.4939334232186305
],
[
0.00048481522404970195,
0.14619431644870154,
-0.9892557742021504,
0.5781339259991203
],
[
0.0,
0.0,
0.0,
1.0
]
],
"at_element": 11,
"to_element": 4
},
{
"pose": [
[
-0.07708429634471092,
-0.9957246532695786,
-0.05089622901766094,
-0.024607209603975916
],
[
0.8822805431005475,
-0.0918999346230247,
0.46166594555206963,
0.7381572897615626
],
[
-0.4643695236804883,
-0.009317558020274702,
0.885592529659829,
1.4240078273025076
],
[
0.0,
0.0,
0.0,
1.0
]
],
"at_element": 7,
"to_element": 8
},
{
"pose": [
[
-0.08274390249436658,
0.9957246532695785,
-0.04105924343166392,
0.011238814127110142
],
[
0.8425606393949807,
0.0918999346230267,
0.5307032795815425,
0.7414656815208358
],
[
0.5322076808374004,
0.009317558020278671,
-0.8465625597498478,
1.4243432587943503
],
[
0.0,
0.0,
0.0,
1.0
]
],
"at_element": 8,
"to_element": 7
},
{
"pose": [
[
-0.03936616875757082,
-0.9983809109183577,
-0.04105924343166506,
0.01027808850538515
],
[
-0.8474784304346412,
0.011590469767621792,
0.5307032795815405,
0.7538833540255915
],
[
-0.5293681277763023,
0.055688578042504544,
-0.8465625597498487,
1.404534945889161
],
[
0.0,
0.0,
0.0,
1.0
]
],
"at_element": 8,
"to_element": 10
},
{
"pose": [
[
0.053055136078317244,
0.9983809109183577,
0.020511198149828658,
0.04621980973107219
],
[
-0.16327982716746497,
-0.011590469767622347,
0.9865117125765555,
0.7534660970160605
],
[
0.9851521966558638,
-0.05568857804250449,
0.16240052863131293,
1.4025301566092683
],
[
0.0,
0.0,
0.0,
1.0
]
],
"at_element": 10,
"to_element": 8
},
{
"pose": [
[
0.04505174996832351,
-0.9987739139577219,
-0.020518494641779128,
0.02728230314941902
],
[
0.8500580208732738,
0.0275382811133027,
0.5259686342571555,
1.5729753261032082
],
[
-0.5247587073825496,
-0.041137718348223634,
0.8502564243540285,
1.5357944137269748
],
[
0.0,
0.0,
0.0,
1.0
]
],
"at_element": 9,
"to_element": 10
},
{
"pose": [
[
-0.045055072389594164,
0.9987739139577219,
0.02051119814982527,
0.06323813970130658
],
[
-0.1613576277174304,
-0.027538281113304697,
0.986511712576555,
1.571983948654526
],
[
0.9858670074758417,
0.041137718348221275,
0.16240052863131593,
1.5372753705845534
],
[
0.0,
0.0,
0.0,
1.0
]
],
"at_element": 10,
"to_element": 9
},
{
"pose": [
[
0.291381308307598,
0.9563869115303636,
-0.02051849464178665,
0.026638534005258122
],
[
-0.8103706770079304,
0.2581789333454283,
0.5259686342571442,
1.5894776272438471
],
[
0.5083269607395039,
-0.13662984238455897,
0.8502564243540354,
1.5624712660097537
],
[
0.0,
0.0,
0.0,
1.0
]
],
"at_element": 9,
"to_element": 11
},
{
"pose": [
[
0.2671893387479156,
-0.9563869115303629,
-0.11804208026320731,
-0.007790110038586315
],
[
-0.962239345423882,
-0.2581789333454312,
-0.08625010431781756,
1.5801835324704818
],
[
0.0520124925154585,
0.13662984238455836,
-0.9892557742021526,
1.5673897567926285
],
[
0.0,
0.0,
0.0,
1.0
]
],
"at_element": 11,
"to_element": 9
}
],
"nstatus": 0,
"opt_line_pos": [
[
0.0,
-0.9644616506979284,
-0.6901904041763459
],
[
-0.01604801803329553,
0.23486777043341917,
-0.6817920584941929
],
[
0.05839756988844215,
-0.6510548179702695,
-0.09249854349886817
],
[
-0.004622338933623109,
0.06151981440745727,
-0.3266695264407555
],
[
0.033584860008120304,
0.2118390571767783,
-0.747389960439308
],
[
0.01386460632404259,
0.15159758288979544,
0.18511158307625802
],
[
-0.037167574252363715,
-0.7169411297099231,
-0.14534469602855887
],
[
0.024625698587232445,
-0.672882772560692,
-0.12283338478415526
],
[
0.011369406732648019,
-0.2246839185462377,
0.7368454227509887
],
[
0.04414142255133488,
0.1763490277829804,
0.14698674592136318
],
[
0.04617279394924084,
-0.2132568364754798,
0.7119674978348413
],
[
-0.006861578615548514,
0.6164003341678416,
0.8849809426197802
]
],
"opt_line_orient": [
[
0.0,
0.4200909803174566,
0.9074819933507873
],
[
-0.12553097222042695,
-0.5354214268725609,
0.835204089225589
],
[
-0.12980242621517749,
0.9371267604949047,
-0.3239517941190924
],
[
-0.09449105425994879,
0.1302660477727229,
0.9869661582154264
],
[
-0.17960839278060184,
0.4656206679382931,
0.8665669153801494
],
[
-0.1574675949956261,
0.8210968451834029,
-0.5486382481710117
],
[
0.107204883842931,
0.9109766305300651,
0.3982821757351351
],
[
-0.05089622901765476,
0.4616659455520648,
0.8855925296598319
],
[
-0.041059243431665476,
0.530703279581541,
-0.8465625597498487
],
[
-0.020518494641777893,
0.5259686342571543,
0.8502564243540294
],
[
0.020511198149828932,
0.9865117125765557,
0.1624005286313126
],
[
-0.11804208026321558,
-0.08625010431782826,
-0.9892557742021506
]
],
"opt_edge_ids": [
[
0,
1
],
[
2,
3
],
[
1,
3
],
[
3,
4
],
[
2,
5
],
[
4,
5
],
[
1,
4
],
[
1,
6
],
[
6,
4
],
[
4,
7
],
[
6,
7
],
[
7,
5
]
],
"opt_parameters": {
"pos_devi": 0.06,
"layers": [],
"contactopt_trust_region_start": 0.1,
"clamp_collision_dist": 0.024,
"clamp_t_bnd": 0.07,
"clamp_gap": 0.016,
"orient_devi": 0.2617993877991494,
"bar_collision_distance": 0.03,
"time_out": 300,
"debug_mode": true,
"adjustopt_trust_region_start": 0.1,
"bar_available_lengths": [
0.5,
1.0
],
"opt_tol": 0.001,
"trust_region_lobnd": 1e-06,
"trust_region_upbnd": 1.0,
"contact_ignore_para_tol": 0.0001,
"line_para_tol": 0.0001,
"bigM": 1,
"pos_tol": 1e-06,
"duplicate_vertices_tol": 0.001,
"bar_contact_distance_tol": 0,
"bar_contact_distance": 0.018000000000000002,
"fixed_contact_pairs": [
[
0,
6
],
[
0,
7
],
[
2,
7
],
[
1,
4
],
[
1,
2
],
[
2,
3
],
[
3,
8
],
[
5,
6
],
[
5,
8
],
[
5,
9
],
[
4,
5
],
[
4,
11
],
[
7,
8
],
[
8,
10
],
[
9,
10
],
[
9,
11
]
]
}
}