{
"line_pt_pairs": [
[
[
0.0,
-0.07081752327522794,
-0.15298025950808347
],
[
0.0,
0.3492734570422287,
0.7545017338427039
]
],
[
[
0.03217349009294827,
1.2082583119128354,
-0.044002275457863727
],
[
-0.012195526652064873,
0.9887163571607658,
0.4030242567040663
]
],
[
[
0.051338842735943135,
0.16752241710542926,
0.6138870283603354
],
[
0.038875845028097294,
1.1300748993178522,
0.34307825325354996
]
],
[
[
-0.032533586420790704,
1.0100691335855452,
0.11781446857667077
],
[
-0.1388125367158174,
1.1081306468110637,
1.1073035914820761
]
],
[
[
-0.011117820523240325,
1.1406752321745983,
-0.09957061255785815
],
[
-0.11429951439466421,
1.5550391661575522,
0.8046727552718399
]
],
[
[
-0.06304810695124254,
0.9071923340678358,
0.8978292441233342
],
[
-0.04051890374321318,
1.8402973238384268,
0.5389316082046272
]
],
[
[
-0.04563567398461034,
0.21730215239119766,
0.5415953533861799
],
[
-0.16846301847222095,
1.1651338918155694,
0.8357525174768952
]
],
[
[
-0.000509028373896206,
0.32201330173794274,
0.5743280988848475
],
[
0.06945136286787093,
0.7158143181562782,
1.4513752045241928
]
],
[
[
0.029515886305647106,
0.6665561667950736,
1.5107134364028627
],
[
-0.1056749879617894,
1.306938000752298,
0.7546482710550679
]
],
[
[
-0.008642154106134094,
1.1175468689053496,
0.8253099668739511
],
[
-0.15858370528007373,
1.5901656983771366,
1.6771127368412293
]
],
[
[
-0.038281499845814165,
0.7238734219986879,
1.381354516436657
],
[
-0.1152545847385284,
1.6648895605584935,
1.7108446849881513
]
],
[
[
-0.057658152377809614,
1.5705143267815136,
1.6707068603791535
],
[
-0.14597319200259712,
1.484087687045634,
0.7088253904809133
]
]
],
"contact_id_pairs": [
[
0,
2
],
[
0,
6
],
[
2,
7
],
[
1,
4
],
[
1,
2
],
[
1,
3
],
[
3,
5
],
[
3,
6
],
[
5,
9
],
[
8,
9
],
[
4,
5
],
[
4,
11
],
[
7,
8
],
[
8,
10
],
[
9,
10
],
[
10,
11
]
],
"coupler_pt_pairs": [
[
[
0.0,
0.2707800740227284,
0.5849400554806634
],
[
0.04999446111591593,
0.2713528033200804,
0.5846749280029351
]
],
[
[
0.0,
0.25320069806280177,
0.5469650265335488
],
[
-0.04932049433918753,
0.24573710472786991,
0.5504200683566767
]
],
[
[
0.04934395712540173,
0.32159306215960115,
0.5705401112435348
],
[
-0.000509028373896206,
0.32201330173794274,
0.5743280988848475
]
],
[
[
0.027596650722921275,
1.1856116919154496,
0.002110277443712949
],
[
-0.022113862058906922,
1.1848338697972423,
-0.003205673604669057
]
],
[
[
-0.00909616836513346,
1.0040522655650561,
0.3717976150388549
],
[
0.04047712810121632,
1.0064032889327243,
0.37787257142610337
]
],
[
[
-0.0038239215202935904,
1.0301398253796799,
0.3186786956520433
],
[
-0.05354173560350708,
1.0294529428272234,
0.31340668181331843
]
],
[
[
-0.10856633168573297,
1.08022306373515,
0.8257022884643537
],
[
-0.058850543720609466,
1.0810452288735142,
0.8309606777482665
]
],
[
[
-0.10712615281381169,
1.0788942387975307,
0.8122937882406648
],
[
-0.15665008904532507,
1.0739761004206618,
0.8074619292995211
]
],
[
[
-0.05801202830983187,
1.115774504763629,
0.8176028507611928
],
[
-0.008642154106134094,
1.1175468689053496,
0.8253099668739511
]
],
[
[
-0.07507467115755984,
1.1619882243642872,
0.9257828517703098
],
[
-0.026631685736804918,
1.174250239755304,
0.9275066745473519
]
],
[
[
-0.09861936938818647,
1.4920697931367561,
0.6672581946387911
],
[
-0.048906479060347605,
1.4929042843142666,
0.6725484487388182
]
],
[
[
-0.10266052292989931,
1.5082985272905092,
0.7026732586038086
],
[
-0.14597319200259712,
1.484087687045634,
0.7088253904809133
]
],
[
[
0.06945136286787093,
0.7158143181562782,
1.4513752045241928
],
[
0.019916160314587126,
0.7120288377053954,
1.4570262444377722
]
],
[
[
0.008065204111264452,
0.7681652974239528,
1.3907488776410335
],
[
-0.04145335057318519,
0.7626501285282361,
1.3949319069263106
]
],
[
[
-0.15858370528007373,
1.5901656983771366,
1.6771127368412293
],
[
-0.10924333092005462,
1.5914004069920562,
1.6851129758249366
]
],
[
[
-0.10705949040575954,
1.564702384288968,
1.6757648513454826
],
[
-0.057658152377809614,
1.5705143267815136,
1.6707068603791535
]
]
],
"half_couplers": [
{
"pose": [
[
-0.01262277642013454,
-0.9999203295840361,
1.887379141862766e-15,
0.0
],
[
0.907409693882898,
-0.011454942307364213,
0.42009098031745495,
0.2707800740227286
],
[
-0.42005751149431036,
0.005302714520664026,
0.907481993350788,
0.5849400554806636
],
[
0.0,
0.0,
0.0,
1.0
]
],
"at_element": 0,
"to_element": 2
},
{
"pose": [
[
0.0020020421291542245,
0.999920329584036,
-0.01246299770784648,
0.04999446111591593
],
[
0.27085328737794295,
0.011454942307363325,
0.9625524822124227,
0.2713528033200805
],
[
0.962618558175498,
-0.005302714520665275,
-0.270808775106786,
0.584674928002935
],
[
0.0,
0.0,
0.0,
1.0
]
],
"at_element": 2,
"to_element": 0
},
{
"pose": [
[
0.16448511303475044,
0.9863795656794323,
1.970645868709653e-15,
0.0
],
[
-0.8951216944632541,
0.149267278253304,
0.42009098031745873,
0.25320069806280177
],
[
0.4143691587113816,
-0.06909871238239809,
0.9074819933507863,
0.5469650265335486
],
[
0.0,
0.0,
0.0,
1.0
]
],
"at_element": 0,
"to_element": 6
},
{
"pose": [
[
-0.10940199201192535,
-0.9863795656794322,
-0.12282734448760835,
-0.04932049433918754
],
[
0.2816634044078522,
-0.14926727825330488,
0.9478317394243714,
0.24573710472786991
],
[
-0.9532559628773384,
0.06909871238239851,
0.29415716409071724,
0.5504200683566767
],
[
0.0,
0.0,
0.0,
1.0
]
],
"at_element": 6,
"to_element": 0
},
{
"pose": [
[
0.07520115146775308,
0.9970904976510702,
-0.012462997707845647,
0.049343957125401725
],
[
0.2709650791205643,
-0.008405051093823168,
0.962552482212423,
0.3215930621596012
],
[
0.9596471813719408,
-0.075762092170504,
-0.270808775106786,
0.5705401112435348
],
[
0.0,
0.0,
0.0,
1.0
]
],
"at_element": 2,
"to_element": 7
},
{
"pose": [
[
-0.023303839184878772,
-0.99709049765107,
0.07257734200965893,
-0.000509028373896206
],
[
0.9127054734642362,
0.008405051093823168,
0.4085316068856055,
0.32201330173794274
],
[
-0.40795299948360475,
0.07576209217050375,
0.9098540847862794,
0.5743280988848475
],
[
0.0,
0.0,
0.0,
1.0
]
],
"at_element": 7,
"to_element": 2
},
{
"pose": [
[
0.06059126332895659,
0.9942103702036726,
-0.0887380334900266,
0.027596650722921265
],
[
-0.8983113699935883,
0.015556444156782145,
-0.43908390950413945,
1.1856116919154496
],
[
-0.43516132795601614,
0.10631903321923572,
0.8940530643238597,
0.002110277443713081
],
[
0.0,
0.0,
0.0,
1.0
]
],
"at_element": 1,
"to_element": 4
},
{
"pose": [
[
0.029987961406204078,
-0.9942103702036726,
-0.10318169387142365,
-0.02211386205890694
],
[
0.9099783114225126,
-0.015556444156781923,
0.41436393398295357,
1.1848338697972423
],
[
-0.4135700604629554,
-0.10631903321923641,
0.9042433678296979,
-0.0032056736046689044
],
[
0.0,
0.0,
0.0,
1.0
]
],
"at_element": 4,
"to_element": 1
},
{
"pose": [
[
-0.09538817083637086,
-0.9914770084458914,
-0.08873803349002685,
-0.009096168365133467
],
[
0.8972147717532769,
-0.04702099278276006,
-0.43908390950413867,
1.0040522655650561
],
[
0.4311690506195991,
-0.12150048543487144,
0.89405306432386,
0.37179761503885495
],
[
0.0,
0.0,
0.0,
1.0
]
],
"at_element": 1,
"to_element": 2
},
{
"pose": [
[
-0.1296842913051539,
0.9914770084458914,
-0.01246299770784487,
0.04047712810121632
],
[
0.26698641393229383,
0.04702099278276117,
0.9625524822124232,
1.0064032889327241
],
[
0.9549346780614125,
0.12150048543487107,
-0.27080877510678425,
0.37787257142610337
],
[
0.0,
0.0,
0.0,
1.0
]
],
"at_element": 2,
"to_element": 1
},
{
"pose": [
[
0.058577830400015296,
0.9943310309941806,
-0.08873803349002615,
-0.0038239215202936364
],
[
-0.8983410304238326,
0.01373730219540159,
-0.4390839095041391,
1.0301398253796799
],
[
-0.43537573524792794,
0.10543759922552376,
0.8940530643238599,
0.3186786956520439
],
[
0.0,
0.0,
0.0,
1.0
]
],
"at_element": 1,
"to_element": 3
},
{
"pose": [
[
-0.0032535405694940067,
-0.9943310309941806,
-0.1062789502950263,
-0.05354173560350713
],
[
0.9950855371033758,
-0.013737302195401702,
0.09806151322551812,
1.0294529428272234
],
[
-0.09896559160359174,
-0.10543759922552404,
0.9894891229054056,
0.31340668181331893
],
[
0.0,
0.0,
0.0,
1.0
]
],
"at_element": 3,
"to_element": 1
},
{
"pose": [
[
-0.005957573485848133,
-0.9943185063360473,
-0.1062789502950261,
-0.10856633168573299
],
[
0.9950444994692613,
-0.0164433481958155,
0.09806151322551789,
1.0802230637351498
],
[
-0.09925195914503637,
-0.10516807622925826,
0.9894891229054057,
0.8257022884643537
],
[
0.0,
0.0,
0.0,
1.0
]
],
"at_element": 3,
"to_element": 5
},
{
"pose": [
[
-0.10403433548816077,
0.9943185063360473,
0.022529203208029036,
-0.058850543720609466
],
[
0.359227914234594,
0.016443348195815055,
0.9331049897705909,
1.081045228873514
],
[
0.9274331041504826,
0.10516807622925806,
-0.35889763591870727,
0.8309606777482665
],
[
0.0,
0.0,
0.0,
1.0
]
],
"at_element": 5,
"to_element": 3
},
{
"pose": [
[
0.08784977367161195,
0.9904479804563358,
-0.10627895029502639,
-0.1071261528138117
],
[
-0.9903076825966441,
0.09835971438544266,
0.09806151322551884,
1.0788942387975307
],
[
0.10757839493091086,
0.09663417923271389,
0.9894891229054055,
0.8122937882406647
],
[
0.0,
0.0,
0.0,
1.0
]
],
"at_element": 3,
"to_element": 6
},
{
"pose": [
[
0.06265972754559512,
-0.9904479804563358,
-0.12282734448761001,
-0.1566500890453251
],
[
0.3032166887323065,
-0.09835971438544311,
0.9478317394243716,
1.0739761004206618
],
[
-0.9508592946478083,
-0.09663417923271417,
0.2941571640907158,
0.8074619292995211
],
[
0.0,
0.0,
0.0,
1.0
]
],
"at_element": 6,
"to_element": 3
},
{
"pose": [
[
0.15655525210254018,
-0.9874122178917584,
0.022529203208028925,
-0.058012028309831876
],
[
-0.35785266619888007,
-0.03544781177419187,
0.9331049897705908,
1.115774504763629
],
[
-0.9205606565205049,
-0.15414462234700244,
-0.35889763591870727,
0.8176028507611928
],
[
0.0,
0.0,
0.0,
1.0
]
],
"at_element": 5,
"to_element": 9
},
{
"pose": [
[
-0.04328008468923028,
0.9874122178917588,
-0.15213134531506448,
-0.008642154106134094
],
[
-0.8768140978655672,
0.035447811774191984,
0.4795211052963293,
1.1175468689053496
],
[
0.4788777214002391,
0.15414462234700163,
0.8642427687565661,
0.8253099668739511
],
[
0.0,
0.0,
0.0,
1.0
]
],
"at_element": 9,
"to_element": 5
},
{
"pose": [
[
0.20749361573634673,
-0.9688497442552503,
-0.13519087426743548,
-0.07507467115755984
],
[
-0.7278526878559789,
-0.24523778566609167,
0.6403818339572254,
1.1619882243642872
],
[
-0.6535876867027748,
-0.034476100970504964,
-0.7560651653477941,
0.9257828517703097
],
[
0.0,
0.0,
0.0,
1.0
]
],
"at_element": 8,
"to_element": 9
},
{
"pose": [
[
0.19541296484410742,
0.9688497442552503,
-0.15213134531506506,
-0.026631685736804918
],
[
-0.8425662811061098,
0.24523778566609078,
0.4795211052963284,
1.174250239755304
],
[
0.5018922544868127,
0.0344761009705048,
0.8642427687565664,
0.9275066745473519
],
[
0.0,
0.0,
0.0,
1.0
]
],
"at_element": 9,
"to_element": 8
},
{
"pose": [
[
0.028749833646018574,
-0.9942469437293483,
-0.10318169387142528,
-0.09861936938818645
],
[
0.9099582331572339,
-0.016689641204479688,
0.41436393398295523,
1.4920697931367561
],
[
-0.41370214040380715,
-0.10580392602033262,
0.9042433678296969,
0.667258194638791
],
[
0.0,
0.0,
0.0,
1.0
]
],
"at_element": 4,
"to_element": 5
},
{
"pose": [
[
-0.1047160440795134,
0.994246943729348,
0.022529203208026538,
-0.0489064790603476
],
[
0.3592165557733849,
0.016689641204477912,
0.9331049897705899,
1.492904284314267
],
[
0.9273607799398486,
0.10580392602033695,
-0.35889763591871016,
0.6725484487388181
],
[
0.0,
0.0,
0.0,
1.0
]
],
"at_element": 5,
"to_element": 4
},
{
"pose": [
[
0.4888341861583583,
0.8662532403937774,
-0.10318169387142345,
-0.10266052292989927
],
[
-0.7706080017944242,
0.4842167260479284,
0.41436393398295435,
1.5082985272905092
],
[
0.40890640250954774,
-0.12304261750591161,
0.9042433678296975,
0.7026732586038082
],
[
0.0,
0.0,
0.0,
1.0
]
],
"at_element": 4,
"to_element": 11
},
{
"pose": [
[
0.49123539513976366,
-0.8662532403937776,
-0.091066514532843,
-0.14597319200259712
],
[
-0.8703975620071004,
-0.48421672604792865,
-0.08911928112098488,
1.484087687045634
],
[
0.03310393653292781,
0.12304261750590942,
-0.9918491032729315,
0.7088253904809133
],
[
0.0,
0.0,
0.0,
1.0
]
],
"at_element": 11,
"to_element": 4
},
{
"pose": [
[
0.11505725600111527,
0.9907039705524082,
0.07257734200965774,
0.06945136286787092
],
[
-0.9095988028848295,
0.0757096028648333,
0.40853160688560447,
0.7158143181562782
],
[
0.3992390832971876,
-0.11302078908653151,
0.9098540847862799,
1.4513752045241928
],
[
0.0,
0.0,
0.0,
1.0
]
],
"at_element": 7,
"to_element": 8
},
{
"pose": [
[
-0.01513506678210863,
-0.9907039705524086,
-0.13519087426743676,
0.019916160314587122
],
[
-0.7643161405934271,
-0.07570960286483386,
0.6403818339572243,
0.7120288377053953
],
[
-0.6446640729727926,
0.1130207890865303,
-0.756065165347795,
1.4570262444377722
],
[
0.0,
0.0,
0.0,
1.0
]
],
"at_element": 8,
"to_element": 7
},
{
"pose": [
[
-0.029821809951379397,
0.9903706816975297,
-0.13519087426743648,
0.008065204111264445
],
[
0.7600949162315209,
0.11030333202845277,
0.6403818339572241,
0.7681652974239528
],
[
0.6491273973344683,
-0.08366055090298496,
-0.7560651653477946,
1.3907488776410337
],
[
0.0,
0.0,
0.0,
1.0
]
],
"at_element": 8,
"to_element": 10
},
{
"pose": [
[
-0.11506979202235956,
-0.99037068169753,
-0.07697308489271432,
-0.04145335057318518
],
[
0.3198777921541509,
-0.11030333202845277,
0.9410161385598055,
0.7626501285282361
],
[
-0.940445182374027,
0.08366055090298513,
0.3294901685514944,
1.3949319069263109
],
[
0.0,
0.0,
0.0,
1.0
]
],
"at_element": 10,
"to_element": 8
},
{
"pose": [
[
0.05538389931323129,
-0.9868073152695468,
-0.1521313453150641,
-0.15858370528007373
],
[
0.8771828245254091,
-0.024694167995937377,
0.47952110529632996,
1.5901656983771366
],
[
-0.4769516915312151,
-0.16000475179661963,
0.8642427687565657,
1.6771127368412293
],
[
0.0,
0.0,
0.0,
1.0
]
],
"at_element": 9,
"to_element": 10
},
{
"pose": [
[
-0.14243056811165533,
0.9868073152695465,
-0.07697308489271343,
-0.1092433309200546
],
[
-0.3374593679792885,
0.024694167995938265,
0.9410161385598057,
1.591400406992056
],
[
0.9305023956070237,
0.16000475179662055,
0.3294901685514935,
1.6851129758249368
],
[
0.0,
0.0,
0.0,
1.0
]
],
"at_element": 10,
"to_element": 9
},
{
"pose": [
[
-0.1334964750160199,
-0.9880555831330523,
-0.07697308489271482,
-0.10705949040575952
],
[
0.3177677901149111,
-0.11624224075386191,
0.9410161385598054,
1.564702384288968
],
[
-0.9387237733879881,
0.10116277034623533,
0.32949016855149404,
1.6757648513454828
],
[
0.0,
0.0,
0.0,
1.0
]
],
"at_element": 10,
"to_element": 11
},
{
"pose": [
[
-0.12431031562361805,
0.9880555831330525,
-0.09106651453284187,
-0.057658152377809614
],
[
0.9892145850102497,
0.11624224075386225,
-0.08911928112098269,
1.5705143267815136
],
[
-0.07746902756944926,
-0.10116277034623433,
-0.991849103272932,
1.6707068603791535
],
[
0.0,
0.0,
0.0,
1.0
]
],
"at_element": 11,
"to_element": 10
}
],
"nstatus": 0,
"opt_line_pos": [
[
0.0,
-0.9644616506979284,
-0.6901904041763459
],
[
0.026514895082157444,
0.21579741532314492,
-0.6771812268197425
],
[
0.05021202062915523,
-0.7099115825148036,
-0.100788120309735
],
[
-0.05951863445363531,
0.07050606004911764,
-0.3211369890777397
],
[
-0.020279741726163064,
0.2130066362332202,
-0.709469579624781
],
[
-0.05800065859062844,
0.15178376027676582,
0.12723132320886715
],
[
-0.04578518980368082,
-0.7460057174491195,
-0.14823697784225726
],
[
-0.0007889894528286563,
-0.6440242257594762,
-0.11937199198151201
],
[
0.011446662163143943,
-0.21231388641329343,
0.7194695327722368
],
[
-0.01814421335331628,
0.18303590288297983,
0.18909979915490094
],
[
-0.03938495770837979,
-0.22709816709728903,
0.6958875622510835
],
[
-0.05784918814207018,
0.6058657251492419,
0.9784357940357432
]
],
"opt_line_orient": [
[
0.0,
0.4200909803174566,
0.9074819933507873
],
[
-0.08873803349002629,
-0.4390839095041391,
0.89405306432386
],
[
-0.012462997707845834,
0.962552482212423,
-0.2708087751067854
],
[
-0.10627895029502668,
0.09806151322551862,
0.9894891229054056
],
[
-0.10318169387142388,
0.41436393398295374,
0.9042433678296979
],
[
0.02252920320802936,
0.9331049897705911,
-0.35889763591870705
],
[
-0.12282734448761062,
0.9478317394243717,
0.29415716409071524
],
[
0.07257734200965876,
0.40853160688560564,
0.9098540847862794
],
[
-0.1351908742674365,
0.6403818339572245,
-0.7560651653477947
],
[
-0.15213134531506387,
0.4795211052963298,
0.864242768756566
],
[
-0.07697308489271425,
0.9410161385598056,
0.32949016855149427
],
[
-0.09106651453284141,
-0.08911928112098211,
-0.991849103272932
]
],
"opt_edge_ids": [
[
0,
1
],
[
2,
3
],
[
1,
3
],
[
3,
4
],
[
2,
5
],
[
4,
5
],
[
1,
4
],
[
1,
6
],
[
6,
4
],
[
4,
7
],
[
6,
7
],
[
7,
5
]
],
"opt_parameters": {
"pos_devi": 0.06,
"layers": [],
"contactopt_trust_region_start": 0.1,
"clamp_collision_dist": 0.024,
"clamp_t_bnd": 0.07,
"clamp_gap": 0.03,
"orient_devi": 0.2617993877991494,
"bar_collision_distance": 0.03,
"time_out": 300,
"debug_mode": true,
"adjustopt_trust_region_start": 0.1,
"bar_available_lengths": [
0.5,
1.0
],
"opt_tol": 0.001,
"trust_region_lobnd": 1e-06,
"trust_region_upbnd": 1.0,
"contact_ignore_para_tol": 0.0001,
"line_para_tol": 0.0001,
"bigM": 1,
"pos_tol": 1e-06,
"duplicate_vertices_tol": 0.001,
"bar_contact_distance_tol": 0,
"bar_contact_distance": 0.025,
"fixed_contact_pairs": [
[
0,
2
],
[
0,
6
],
[
2,
7
],
[
1,
4
],
[
1,
2
],
[
1,
3
],
[
3,
5
],
[
3,
6
],
[
5,
9
],
[
8,
9
],
[
4,
5
],
[
4,
11
],
[
7,
8
],
[
8,
10
],
[
9,
10
],
[
10,
11
]
]
}
}