{
"line_pt_pairs": [
[
[
0.0,
-0.0708175234615478,
-0.15298025991057196
],
[
0.0,
0.34927345685590905,
0.7545017334402153
]
],
[
[
0.021348690905485627,
1.2892932848701275,
-0.03541086076683242
],
[
-0.016180880880380843,
0.9763368590202977,
0.35272546420271933
]
],
[
[
-0.055954744453955485,
0.1915876883807377,
0.6926861163078667
],
[
-0.09066758294278121,
1.125779326159715,
0.33760724795904384
]
],
[
[
-0.046746622788436616,
0.989398782486594,
0.12285625554967972
],
[
-0.05979841910175467,
1.0496329391525003,
1.120955197029803
]
],
[
[
0.06804462249239057,
1.226202356010486,
-0.12889207371149647
],
[
-0.03372039215985093,
1.5720426332110153,
0.8038664076000862
]
],
[
[
0.04599593881770637,
1.1415471762922957,
0.8016309698406381
],
[
-0.07628803467949913,
1.5966080560508464,
0.6343999154903516
]
],
[
[
0.03727897800865063,
0.24620317820017867,
0.5971625971138101
],
[
0.0011577755495601472,
1.2221810365128412,
0.8120171498147892
]
],
[
[
-0.03387129224792952,
0.2794535188178645,
0.5665073808486268
],
[
0.06920250306038693,
0.8058924283736456,
1.4104492433169247
]
],
[
[
0.040525482858906295,
0.6529355670894726,
1.5051931095843984
],
[
-0.042910464716296046,
1.1780328249984091,
0.6582507783783453
]
]
],
"contact_id_pairs": [
[
0,
6
],
[
0,
7
],
[
2,
7
],
[
1,
4
],
[
1,
3
],
[
2,
3
],
[
3,
8
],
[
5,
6
],
[
6,
8
],
[
4,
5
],
[
7,
8
]
],
"coupler_pt_pairs": [
[
[
0.0,
0.28039068744935747,
0.6057009359526279
],
[
0.03595884506073577,
0.2818725479741542,
0.6050149540321965
]
],
[
[
0.0,
0.29047295105774806,
0.6274806767838074
],
[
-0.027609536767630706,
0.31143479705733457,
0.6177770325244691
]
],
[
[
-0.06088742921381327,
0.32433606203915544,
0.6422295072058596
],
[
-0.02513595984866753,
0.32406833919116396,
0.6380300474222328
]
],
[
[
0.019096916598333638,
1.2705158993191377,
-0.012122681268659341
],
[
0.054894118535772495,
1.2708932937480288,
-0.008357092795175602
]
],
[
[
-0.013566027626406473,
0.9981419340463282,
0.3256822690891928
],
[
-0.04939005529525258,
1.0015982471372054,
0.3250052259741517
]
],
[
[
-0.08613137149296564,
1.0037008391187001,
0.3840083173705812
],
[
-0.05016659947052076,
1.0051820054481875,
0.38438922958113764
]
],
[
[
-0.056639116272688306,
1.0350527283529458,
0.8793565133077257
],
[
-0.021117262186607626,
1.0408791014300491,
0.8794694052574108
]
],
[
[
0.036214834122300074,
1.1779460434570415,
0.7882546916240923
],
[
0.0029473697942366747,
1.173827043864169,
0.8013723637949524
]
],
[
[
0.0056879052702676555,
1.0997790675390213,
0.7850712308376353
],
[
-0.030181869190116287,
1.0979264583534476,
0.7874563148553544
]
],
[
[
-0.018676246483638574,
1.5209163052810677,
0.6659746721984152
],
[
-0.05341132846388732,
1.511475934819178,
0.6656852555973767
]
],
[
[
0.059643935404477086,
0.7570730177888263,
1.3321861371032846
],
[
0.02387049526497406,
0.7577523585353744,
1.336131518879756
]
]
],
"half_couplers": [
{
"pose": [
[
-0.04536451185725743,
-0.9989705005974665,
-1.8596235662471372e-15,
0.0
],
[
0.9065477411808218,
-0.041167477647610085,
0.42009098031745845,
0.28039068744935747
],
[
-0.419658496904212,
0.01905722225773654,
0.9074819933507864,
0.6057009359526276
],
[
0.0,
0.0,
0.0,
1.0
]
],
"at_element": 0,
"to_element": 6
},
{
"pose": [
[
0.027444446960297686,
0.9989705005974665,
-0.036121202459090895,
0.035958845060735774
],
[
-0.21394499028386244,
0.04116747764761042,
0.9759778583126626,
0.2818725479741541
],
[
0.9764601084854831,
-0.019057222257735373,
0.2148545527009793,
0.6050149540321965
],
[
0.0,
0.0,
0.0,
1.0
]
],
"at_element": 6,
"to_element": 0
},
{
"pose": [
[
-0.6416744936308287,
0.7669770819415788,
-1.4155343563970746e-14,
0.0
],
[
-0.696017891174708,
-0.5823080485624488,
0.42009098031748426,
0.29047295105775023
],
[
0.3222001542338731,
0.2695616670741101,
0.9074819933507744,
0.6274806767838121
],
[
0.0,
0.0,
0.0,
1.0
]
],
"at_element": 0,
"to_element": 7
},
{
"pose": [
[
0.6333418891066067,
-0.7669770819415773,
0.1030737953083023,
-0.027609536767630248
],
[
0.6194993229093024,
0.5823080485624503,
0.5264389095558066,
0.31143479705733684
],
[
-0.46378727927552144,
-0.2695616670741112,
0.8439418624682837,
0.6177770325244729
],
[
0.0,
0.0,
0.0,
1.0
]
],
"at_element": 7,
"to_element": 0
},
{
"pose": [
[
-0.11162103321147887,
-0.9931443821463477,
-0.03471283848882534,
-0.060887429213813266
],
[
-0.35669408933780167,
0.0074371053043842394,
0.9341916377789773,
0.3243360620391555
],
[
-0.9275290138730315,
0.11665730013951492,
-0.3550788683488233,
0.6422295072058596
],
[
0.0,
0.0,
0.0,
1.0
]
],
"at_element": 2,
"to_element": 7
},
{
"pose": [
[
0.055136457375212,
0.9931443821463478,
0.10307379530831637,
-0.02513595984866753
],
[
-0.8501804302443169,
-0.007437105304384906,
0.5264389095557811,
0.3240683391911639
],
[
0.5235964162384038,
-0.11665730013951456,
0.8439418624682979,
0.6380300474222328
],
[
0.0,
0.0,
0.0,
1.0
]
],
"at_element": 7,
"to_element": 2
},
{
"pose": [
[
-0.07361485550840463,
-0.994458132861688,
-0.07505914357173271,
0.019096916598333638
],
[
0.7798225341944162,
-0.010484142301496524,
-0.6259128516996599,
1.2705158993191377
],
[
0.621657195093144,
-0.10460929569329508,
0.7762726499391033,
-0.012122681268659279
],
[
0.0,
0.0,
0.0,
1.0
]
],
"at_element": 1,
"to_element": 4
},
{
"pose": [
[
-0.02639893516932279,
0.9944581328616883,
-0.10176501465224197,
0.05489411853577248
],
[
-0.9382348242450095,
0.010484142301496413,
0.3458402772005289,
1.2708932937480288
],
[
0.34499059522813463,
0.10460929569329429,
0.9327584813115828,
-0.008357092795175547
],
[
0.0,
0.0,
0.0,
1.0
]
],
"at_element": 4,
"to_element": 1
},
{
"pose": [
[
-0.06276321688521724,
0.9952019411016527,
-0.07505914357173216,
-0.013566027626406471
],
[
-0.7739597945886169,
-0.09601738612119548,
-0.6259128516996592,
0.9981419340463282
],
[
-0.6301166677422249,
0.01880845527830477,
0.7762726499391039,
0.32568226908919284
],
[
0.0,
0.0,
0.0,
1.0
]
],
"at_element": 1,
"to_element": 3
},
{
"pose": [
[
0.09696776289312992,
-0.9952019411016528,
-0.013051796313317703,
-0.04939005529525259
],
[
0.9935554880997843,
0.09601738612119481,
0.06023415666590598,
1.0015982471372054
],
[
-0.05869195026833967,
-0.018808455278304548,
0.9980989414801233,
0.32500522597415193
],
[
0.0,
0.0,
0.0,
1.0
]
],
"at_element": 3,
"to_element": 1
},
{
"pose": [
[
0.024495628548709014,
-0.9990970838842703,
-0.034712838488823505,
-0.08613137149296564
],
[
-0.35439094121732523,
-0.04114662424705884,
0.9341916377789783,
1.0037008391187
],
[
-0.9347764572158961,
-0.0105816958479647,
-0.35507886834882063,
0.38400831737058116
],
[
0.0,
0.0,
0.0,
1.0
]
],
"at_element": 2,
"to_element": 3
},
{
"pose": [
[
0.040431022580970644,
0.9990970838842702,
-0.013051796313319795,
-0.05016659947052076
],
[
-0.9973358519996253,
0.04114662424705706,
0.060234156665904565,
1.0051820054481875
],
[
0.060716807633786826,
0.010581695847965453,
0.9980989414801235,
0.38438922958113775
],
[
0.0,
0.0,
0.0,
1.0
]
],
"at_element": 3,
"to_element": 2
},
{
"pose": [
[
-0.16136198383663158,
-0.9868089788734707,
-0.013051796313310372,
-0.056639116272688306
],
[
0.9849739299882719,
-0.16185859141301773,
0.060234156665899846,
1.0350527283529458
],
[
-0.061552151999463345,
-0.0031361760937916837,
0.9980989414801239,
0.8793565133077262
],
[
0.0,
0.0,
0.0,
1.0
]
],
"at_element": 3,
"to_element": 8
},
{
"pose": [
[
-0.13873169020423748,
0.9868089788734714,
-0.0834359475752065,
-0.021117262186607588
],
[
0.8355086271980169,
0.16185859141301606,
0.5250972579089325,
1.0408791014300487
],
[
0.5316755138341067,
0.003136176093789911,
-0.8469423312060558,
0.8794694052574112
],
[
0.0,
0.0,
0.0,
1.0
]
],
"at_element": 8,
"to_element": 3
},
{
"pose": [
[
0.2933886851318903,
0.9241805011682072,
-0.24456794699441292,
0.03621483412230009
],
[
0.39822710117620913,
0.11442708919782851,
0.9101217595171018,
1.1779460434570415
],
[
0.8691019821202652,
-0.3644130109068467,
-0.3344621087005708,
0.7882546916240923
],
[
0.0,
0.0,
0.0,
1.0
]
],
"at_element": 5,
"to_element": 6
},
{
"pose": [
[
-0.3802442109926083,
-0.9241805011682069,
-0.036121202459091895,
0.002947369794236687
],
[
0.18540135204777014,
-0.11442708919783007,
0.9759778583126621,
1.1738270438641685
],
[
-0.9061129502801888,
0.36441301090684686,
0.21485455270098097,
0.8013723637949524
],
[
0.0,
0.0,
0.0,
1.0
]
],
"at_element": 6,
"to_element": 5
},
{
"pose": [
[
0.0757244875437465,
0.9964743151326814,
-0.0361212024590889,
0.00568790527026766
],
[
-0.21170370906814212,
0.05146610195283019,
0.9759778583126629,
1.0997790675390213
],
[
0.9743958854351902,
-0.06625843063817916,
0.21485455270097764,
0.7850712308376354
],
[
0.0,
0.0,
0.0,
1.0
]
],
"at_element": 6,
"to_element": 8
},
{
"pose": [
[
0.008796700124559687,
-0.9964743151326814,
-0.08343594757520298,
-0.030181869190116284
],
[
-0.849484614390571,
-0.051466101952828636,
0.5250972579089359,
1.0979264583534476
],
[
-0.5275400534372922,
0.06625843063817985,
-0.8469423312060531,
0.7874563148553545
],
[
0.0,
0.0,
0.0,
1.0
]
],
"at_element": 8,
"to_element": 6
},
{
"pose": [
[
0.2418444370059314,
0.9649638076540038,
-0.10176501465224128,
-0.01867624648363858
],
[
-0.9008963854687669,
0.2622598049933915,
0.3458402772005295,
1.5209163052810677
],
[
0.3604122236253856,
0.008040186733842991,
0.9327584813115826,
0.6659746721984153
],
[
0.0,
0.0,
0.0,
1.0
]
],
"at_element": 4,
"to_element": 5
},
{
"pose": [
[
0.09503351630254209,
-0.9649638076540039,
-0.24456794699441126,
-0.0534113284638873
],
[
-0.3207774579647449,
-0.2622598049933913,
0.9101217595171016,
1.511475934819178
],
[
-0.9423749005787723,
-0.008040186733843102,
-0.33446210870057347,
0.6656852555973767
],
[
0.0,
0.0,
0.0,
1.0
]
],
"at_element": 5,
"to_element": 4
},
{
"pose": [
[
0.0417726063084084,
0.993796177333633,
0.10307379530831831,
0.0596439354044771
],
[
-0.850003477465231,
-0.018872276034784363,
0.5264389095557829,
0.7570730177888263
],
[
0.5251182130332346,
-0.10960380976191147,
0.8439418624682966,
1.3321861371032844
],
[
0.0,
0.0,
0.0,
1.0
]
],
"at_element": 7,
"to_element": 8
},
{
"pose": [
[
-0.07353638942241791,
-0.993796177333633,
-0.08343594757520598,
0.023870495264974048
],
[
-0.8508329488999464,
0.018872276034786584,
0.5250972579089399,
0.7577523585353745
],
[
-0.520265021404414,
0.10960380976190953,
-0.8469423312060507,
1.336131518879756
],
[
0.0,
0.0,
0.0,
1.0
]
],
"at_element": 8,
"to_element": 7
}
],
"nstatus": 0,
"opt_line_pos": [
[
0.0,
-0.8693382354374163,
-0.5556088076700779
],
[
0.016146434289032122,
0.37657380207054314,
-0.5372171690058026
],
[
-0.05960038572649583,
-0.5796390776576716,
0.09978591347066378
],
[
-0.04983507470465432,
0.1343137802525453,
-0.19657199012038565
],
[
0.058218157702824284,
0.3902585765984342,
-0.5944334018543584
],
[
0.052899683868305396,
0.24651772223884277,
0.2554634694061615
],
[
0.03724529671506139,
-0.6222250045661047,
0.041754131037473566
],
[
-0.03235113626874021,
-0.5821206748119775,
0.023345221373483764
],
[
0.027185104507471972,
-0.13244609692539017,
0.8141686750953049
]
],
"opt_line_orient": [
[
0.0,
0.4200909803174568,
0.9074819933507873
],
[
-0.07505914357173293,
-0.6259128516996597,
0.7762726499391035
],
[
-0.034712838488825726,
0.9341916377789774,
-0.35507886834882285
],
[
-0.013051796313318062,
0.060234156665906396,
0.9980989414801235
],
[
-0.1017650146522415,
0.34584027720052934,
0.9327584813115827
],
[
-0.244567946994411,
0.9101217595171017,
-0.3344621087005729
],
[
-0.036121202459090486,
0.9759778583126626,
0.21485455270097897
],
[
0.10307379530831645,
0.5264389095557811,
0.843941862468298
],
[
-0.08343594757520234,
0.5250972579089366,
-0.8469423312060531
]
],
"opt_edge_ids": [
[
0,
1
],
[
2,
3
],
[
1,
3
],
[
3,
4
],
[
2,
5
],
[
4,
5
],
[
1,
4
],
[
1,
6
],
[
6,
4
]
],
"opt_parameters": {
"pos_devi": 0.06,
"layers": [],
"contactopt_trust_region_start": 0.1,
"clamp_collision_dist": 0.024,
"clamp_t_bnd": 0.07,
"clamp_gap": 0.016,
"orient_devi": 0.2617993877991494,
"bar_collision_distance": 0.03,
"time_out": 300,
"debug_mode": true,
"adjustopt_trust_region_start": 0.1,
"bar_available_lengths": [
0.5,
1.0
],
"opt_tol": 0.001,
"trust_region_lobnd": 1e-06,
"trust_region_upbnd": 1.0,
"contact_ignore_para_tol": 0.0001,
"line_para_tol": 0.0001,
"bigM": 1,
"pos_tol": 1e-06,
"duplicate_vertices_tol": 0.001,
"bar_contact_distance_tol": 0,
"bar_contact_distance": 0.018000000000000002,
"fixed_contact_pairs": [
[
0,
6
],
[
0,
7
],
[
2,
7
],
[
1,
4
],
[
1,
3
],
[
2,
3
],
[
3,
8
],
[
5,
6
],
[
6,
8
],
[
4,
5
],
[
7,
8
]
]
}
}