{
"line_pt_pairs": [
[
[
0.0,
-0.07081752327522794,
-0.15298025950808347
],
[
0.0,
0.3492734570422287,
0.7545017338427039
]
],
[
[
-0.02137270171066763,
1.3492296023945194,
-0.26949643694981507
],
[
0.16492355880757834,
0.7542611225583664,
0.5123642995745195
]
],
[
[
0.016911610694249582,
0.14120455677499488,
0.5769923202638729
],
[
0.18543936720295126,
1.0697819095883898,
0.2463225527794357
]
],
[
[
0.07627953027062029,
0.9103753156236472,
0.1602944389127119
],
[
-0.023736764935630157,
1.2993217262728405,
1.0761096114974018
]
],
[
[
0.06253980099513139,
1.1951218973198807,
-0.11695910016363187
],
[
-0.035404897248696054,
1.665225285538907,
0.7602008855122525
]
],
[
[
0.10662382499860026,
0.9228653928498504,
0.9090482567966538
],
[
-0.11643252794665543,
1.8376336370070245,
0.5722323977692587
]
],
[
[
-0.07754499791986413,
0.26822092711775625,
0.528091076995093
],
[
0.15755464553820586,
1.209349551025635,
0.7710006710978202
]
],
[
[
-0.028152892976176888,
0.3185783001146686,
0.5199402072376533
],
[
0.0952115837055594,
0.7737359330525551,
1.401763735542167
]
],
[
[
0.03501403671896877,
0.634701114386855,
1.493765239144539
],
[
0.11760786639606702,
1.2207170797023352,
0.6876861191478503
]
],
[
[
0.01765883401037902,
1.1408548668962752,
0.7924844947784538
],
[
-0.11599031599141436,
1.5227204211940395,
1.7069879683337268
]
],
[
[
0.015743001607967287,
0.699177900169724,
1.3486777387908075
],
[
-0.08329755268984475,
1.6391769378813823,
1.6751632326577455
]
],
[
[
-0.04375451974421092,
1.6070987439059068,
1.6609798393221946
],
[
-0.07476332403235758,
1.515012117623662,
0.6899908435228083
]
]
],
"contact_id_pairs": [
[
0,
2
],
[
6,
7
],
[
1,
4
],
[
1,
2
],
[
1,
3
],
[
3,
5
],
[
3,
9
],
[
5,
8
],
[
5,
9
],
[
6,
8
],
[
4,
5
],
[
5,
11
],
[
7,
8
],
[
8,
10
],
[
9,
10
],
[
10,
11
]
],
"coupler_pt_pairs": [
[
[
0.0,
0.2490496010429919,
0.5379978123475102
],
[
0.03548112716213378,
0.24352142612631933,
0.5405569115220694
]
],
[
[
-0.059401874446875114,
0.34084976047696225,
0.5468369104372668
],
[
-0.024451939350698778,
0.33223310040317733,
0.5463950512243069
]
],
[
[
0.02379504078158341,
1.2049788105993002,
-0.07993340270590377
],
[
0.05853326807469934,
1.2143519805676473,
-0.08107793025745358
]
],
[
[
0.1211212540745462,
0.8941511589328734,
0.32853182679830045
],
[
0.1515467085747385,
0.8830354894094156,
0.31282363117860046
]
],
[
[
0.10142250627818669,
0.9570624272453574,
0.24585879075440037
],
[
0.06687747755364391,
0.9469383041792752,
0.2463858354585614
]
],
[
[
0.0054462341911953385,
1.1858339917096832,
0.808890821531641
],
[
0.04040770854218127,
1.1944218842294594,
0.8090616935302828
]
],
[
[
0.0011558181728554065,
1.2025186920086084,
0.8481767006795676
],
[
0.0074101333058454195,
1.1701377001602062,
0.8626119321291483
]
],
[
[
0.06801153018656007,
1.0812168617127795,
0.8507435590177557
],
[
0.09966163924029792,
1.0933858290317415,
0.8628333311071258
]
],
[
[
0.04848465645008035,
1.161297808818475,
0.8212579126112349
],
[
0.013649359385288261,
1.1523108338824668,
0.819919599840686
]
],
[
[
0.1451371470697119,
1.159640997349686,
0.7581706664734573
],
[
0.11014684095944155,
1.1677799530358408,
0.7605024159794717
]
],
[
[
-0.024029627572618548,
1.6106276103965858,
0.6583277717548545
],
[
-0.05904743439260924,
1.6022937303955616,
0.6588840861231753
]
],
[
[
-0.03968298272771235,
1.5228788865022262,
0.6881244746437724
],
[
-0.07476332403235758,
1.515012117623662,
0.6899908435228083
]
],
[
[
0.08620415335639023,
0.740502697790206,
1.337377583019887
],
[
0.05089602314421025,
0.7473862585737934,
1.3387641005424407
]
],
[
[
0.048355401247659566,
0.7293601542143096,
1.3635594426475635
],
[
0.012771784973700885,
0.7273778713516803,
1.3584723036243926
]
],
[
[
-0.10304305635480232,
1.4857272006781919,
1.6183954564431173
],
[
-0.0673697660547847,
1.4880054888120204,
1.6226575563454144
]
],
[
[
-0.07946463297069473,
1.6027984980274097,
1.6625280783380703
],
[
-0.04375451974421092,
1.6070987439059068,
1.6609798393221946
]
]
],
"half_couplers": [
{
"pose": [
[
0.1692146237708273,
-0.9855792261924444,
5.551115123125783e-16,
0.0
],
[
0.8943954007902463,
0.1535592240836542,
0.42009098031745595,
0.24904960104299195
],
[
-0.4140329433117037,
-0.07108553718393587,
0.9074819933507876,
0.5379978123475102
],
[
0.0,
0.0,
0.0,
1.0
]
],
"at_element": 0,
"to_element": 2
},
{
"pose": [
[
-0.015231027018742793,
0.9855792261924446,
0.16852775650870255,
0.035481127162133766
],
[
0.3378811396643725,
-0.15355922408365386,
0.9285773528133945,
0.24352142612631927
],
[
0.9410655403716891,
0.07108553718393373,
-0.3306697674844383,
0.5405569115220694
],
[
0.0,
0.0,
0.0,
1.0
]
],
"at_element": 2,
"to_element": 0
},
{
"pose": [
[
0.04659060700530426,
-0.9708539915892427,
0.2350996434580701,
-0.05940187444687508
],
[
0.23871539755254106,
0.23935720635192026,
0.9411286239078782,
0.34084976047696225
],
[
-0.9699712749923111,
0.012274150994619148,
0.24290959410272728,
0.5468369104372668
],
[
0.0,
0.0,
0.0,
1.0
]
],
"at_element": 6,
"to_element": 7
},
{
"pose": [
[
-0.20548414271732862,
0.9708539915892428,
0.123364476681737,
-0.02445193935069877
],
[
-0.8576360865459102,
-0.23935720635192004,
0.455157632937887,
0.3322331004031774
],
[
0.47141978124166617,
-0.012274150994618788,
0.8818235283045134,
0.5463950512243069
],
[
0.0,
0.0,
0.0,
1.0
]
],
"at_element": 7,
"to_element": 6
},
{
"pose": [
[
-0.184660689092345,
-0.9649840067176546,
0.186296260518246,
0.023795040781583385
],
[
0.7604061214963272,
-0.2603748036818663,
-0.594968479836153,
1.2049788105993002
],
[
0.622641919802107,
0.03179352743517988,
0.7818607365243346,
-0.07993340270590386
],
[
0.0,
0.0,
0.0,
1.0
]
],
"at_element": 1,
"to_element": 4
},
{
"pose": [
[
0.24333660403865942,
0.9649840067176545,
-0.0979446982438277,
0.058533268074699336
],
[
-0.8433313500591697,
0.26037480368186594,
0.47010338821902575,
1.2143519805676473
],
[
0.47914458271205673,
-0.03179352743518005,
0.8771599856758843,
-0.08107793025745358
],
[
0.0,
0.0,
0.0,
1.0
]
],
"at_element": 4,
"to_element": 1
},
{
"pose": [
[
0.501019188891753,
-0.8451470142402253,
0.18629626051824635,
0.12112125407454609
],
[
0.7420751148910079,
0.3087669539652096,
-0.5949684798361536,
0.8941511589328737
],
[
0.44531370540524295,
0.4363364441115118,
0.781860736524334,
0.32853182679830006
],
[
0.0,
0.0,
0.0,
1.0
]
],
"at_element": 1,
"to_element": 2
},
{
"pose": [
[
0.507272037083631,
0.8451470142402252,
0.16852775650870055,
0.15154670857473856
],
[
0.20592976467988333,
-0.3087669539652105,
0.9285773528133955,
0.8830354894094158
],
[
0.8368201792571156,
-0.43633644411151107,
-0.33066976748443544,
0.31282363117860035
],
[
0.0,
0.0,
0.0,
1.0
]
],
"at_element": 2,
"to_element": 1
},
{
"pose": [
[
0.21115790099702714,
0.959534285038032,
0.18629626051824724,
0.10142250627818665
],
[
-0.7529494427411338,
0.2812110322822965,
-0.5949684798361519,
0.9570624272453575
],
[
-0.6232812186504146,
-0.014639370180377365,
0.7818607365243353,
0.24585879075440015
],
[
0.0,
0.0,
0.0,
1.0
]
],
"at_element": 1,
"to_element": 3
},
{
"pose": [
[
-0.26323126054815416,
-0.9595342850380315,
-0.10001629520624841,
0.06687747755364394
],
[
0.8772918812834385,
-0.2812110322822978,
0.3889464106491919,
0.9469383041792753
],
[
-0.40133310168038105,
0.01463937018037742,
0.9158151725846907,
0.24638583545856135
],
[
0.0,
0.0,
0.0,
1.0
]
],
"at_element": 3,
"to_element": 1
},
{
"pose": [
[
-0.21661678158606135,
-0.9711199259764535,
-0.10001629520625249,
0.00544623419119537
],
[
0.8898410686830643,
-0.2385446753295697,
0.3889464106491949,
1.1858339917096832
],
[
-0.40157196418609525,
-0.004746287327773463,
0.915815172584689,
0.8088908215316409
],
[
0.0,
0.0,
0.0,
1.0
]
],
"at_element": 3,
"to_element": 5
},
{
"pose": [
[
-0.08468738266263642,
0.9711199259764536,
-0.22305635294525783,
0.040407708542181245
],
[
0.32602990254501685,
0.2385446753295688,
0.914768244157173,
1.1944218842294596
],
[
0.9415585748450486,
0.004746287327777321,
-0.33681585902739664,
0.8090616935302827
],
[
0.0,
0.0,
0.0,
1.0
]
],
"at_element": 5,
"to_element": 3
},
{
"pose": [
[
0.9797013716997782,
-0.17372956853334054,
-0.1000162952062934,
0.0011558181728721015
],
[
0.19920824907411278,
0.8994647092262923,
0.3889464106497034,
1.2025186920085436
],
[
0.022389635780855253,
-0.4009754030781449,
0.9158151725844685,
0.8481767006794149
],
[
0.0,
0.0,
0.0,
1.0
]
],
"at_element": 3,
"to_element": 9
},
{
"pose": [
[
-0.9756822954840392,
0.17372956853334992,
-0.13364915000183453,
0.007410133305855266
],
[
-0.21246631567600632,
-0.8994647092262906,
0.3818655542982747,
1.170137700160178
],
[
-0.0538713558587532,
0.4009754030781452,
0.9145034735550536,
0.8626119321290809
],
[
0.0,
0.0,
0.0,
1.0
]
],
"at_element": 9,
"to_element": 3
},
{
"pose": [
[
0.4210606260419103,
-0.8791779186307832,
-0.2230563529452559,
0.0680115301865601
],
[
-0.22121201890487796,
-0.3380300314670708,
0.9147682441571741,
1.0812168617127793
],
[
-0.8796437869326552,
-0.33583014340349965,
-0.3368158590273955,
0.8507435590177558
],
[
0.0,
0.0,
0.0,
1.0
]
],
"at_element": 5,
"to_element": 8
},
{
"pose": [
[
-0.46928077596606776,
0.8791779186307834,
0.08259382967709819,
0.0996616392402979
],
[
0.7364244606351266,
0.338030031467071,
0.5860159653154803,
1.0933858290317415
],
[
0.4872931018257378,
0.33583014340349926,
-0.8060791199966895,
0.8628333311071261
],
[
0.0,
0.0,
0.0,
1.0
]
],
"at_element": 8,
"to_element": 5
},
{
"pose": [
[
-0.11808644332549978,
0.9676267127945029,
-0.22305635294525505,
0.04848465645008034
],
[
0.31761999849626493,
0.2496329225820033,
0.9147682441571745,
1.161297808818475
],
[
0.9408363983488129,
0.037174569932579005,
-0.3368158590273944,
0.821257912611235
],
[
0.0,
0.0,
0.0,
1.0
]
],
"at_element": 5,
"to_element": 9
},
{
"pose": [
[
-0.21409448706191014,
-0.9676267127945027,
-0.1336491500017935,
0.013649359385288266
],
[
0.8898663396286145,
-0.24963292258200243,
0.3818655542977642,
1.1523108338824668
],
[
-0.4028665389501445,
-0.037174569932579726,
0.9145034735552727,
0.819919599840686
],
[
0.0,
0.0,
0.0,
1.0
]
],
"at_element": 9,
"to_element": 5
},
{
"pose": [
[
0.0060401578611122275,
0.9719525061127737,
0.23509964345806966,
0.1451371470697119
],
[
-0.2513241784287986,
-0.22608199972211995,
0.9411286239078784,
1.159640997349686
],
[
0.9678841221086862,
-0.06477079019701781,
0.24290959410272717,
0.7581706664734573
],
[
0.0,
0.0,
0.0,
1.0
]
],
"at_element": 6,
"to_element": 8
},
{
"pose": [
[
-0.22019669652465024,
-0.9719525061127735,
0.08259382967709938,
0.11014684095944155
],
[
-0.7781209531923777,
0.2260819997221195,
0.5860159653154792,
1.1677799530358408
],
[
-0.5882526642885829,
0.06477079019701903,
-0.8060791199966895,
0.7605024159794715
],
[
0.0,
0.0,
0.0,
1.0
]
],
"at_element": 8,
"to_element": 6
},
{
"pose": [
[
0.21032340553439177,
0.9727131649002915,
-0.09794469824382684,
-0.024029627572618548
],
[
-0.8517115147860784,
0.23149578822474226,
0.47010338821902675,
1.6106276103965858
],
[
0.4799495397072691,
-0.015453118256966825,
0.8771599856758838,
0.6583277717548544
],
[
0.0,
0.0,
0.0,
1.0
]
],
"at_element": 4,
"to_element": 5
},
{
"pose": [
[
0.06383543091746313,
-0.9727131649002918,
-0.22305635294525783,
-0.05904743439260925
],
[
-0.3310721364231799,
-0.2314957882247406,
0.9147682441571732,
1.6022937303955616
],
[
-0.941443720168005,
0.015453118256965104,
-0.33681585902739686,
0.6588840861231753
],
[
0.0,
0.0,
0.0,
1.0
]
],
"at_element": 5,
"to_element": 4
},
{
"pose": [
[
-0.026176600911662407,
0.9744540260963951,
-0.22305635294525428,
-0.03968298272771234
],
[
0.3397756109530129,
0.21852138037982938,
0.914768244157175,
1.522878886502226
],
[
0.9401421806121766,
-0.05184358534496025,
-0.3368158590273942,
0.6881244746437722
],
[
0.0,
0.0,
0.0,
1.0
]
],
"at_element": 5,
"to_element": 11
},
{
"pose": [
[
0.22232768774033018,
-0.9744540260963956,
-0.03177656823138174,
-0.07476332403235758
],
[
-0.9712586379506527,
-0.2185213803798287,
-0.09436664942201498,
1.515012117623662
],
[
0.08501210190485423,
0.05184358534495678,
-0.9950302433535874,
0.6899908435228083
],
[
0.0,
0.0,
0.0,
1.0
]
],
"at_element": 11,
"to_element": 5
},
{
"pose": [
[
-0.15108513856594308,
0.9807927848417081,
0.12336447668172953,
0.0862041533563902
],
[
-0.8696375150367127,
-0.19121224233598721,
0.4551576329378815,
0.7405026977902058
],
[
0.4700041205620238,
-0.03851482290353733,
0.8818235283045173,
1.337377583019887
],
[
0.0,
0.0,
0.0,
1.0
]
],
"at_element": 7,
"to_element": 8
},
{
"pose": [
[
-0.1767024971575546,
-0.9807927848417086,
0.08259382967710255,
0.05089602314421027
],
[
-0.7874154981813704,
0.191212242335984,
0.5860159653154762,
0.7473862585737933
],
[
-0.5905531819591432,
0.03851482290353658,
-0.8060791199966912,
1.3387641005424404
],
[
0.0,
0.0,
0.0,
1.0
]
],
"at_element": 8,
"to_element": 7
},
{
"pose": [
[
-0.1271949351910593,
0.9884329556226933,
0.08259382967709769,
0.04835540124765955
],
[
0.8084264431914167,
0.05506336662647615,
0.5860159653154798,
0.7293601542143096
],
[
0.5746895983142706,
0.14130929868464212,
-0.8060791199966895,
1.3635594426475637
],
[
0.0,
0.0,
0.0,
1.0
]
],
"at_element": 8,
"to_element": 10
},
{
"pose": [
[
0.11485321433625051,
-0.9884329556226934,
-0.09904055429781278,
0.012771784973700906
],
[
0.3367043729399932,
-0.05506336662647571,
0.9399990377116587,
0.7273778713516803
],
[
-0.9345795334800122,
-0.1413092986846407,
0.32648549386693704,
1.3584723036243926
],
[
0.0,
0.0,
0.0,
1.0
]
],
"at_element": 10,
"to_element": 8
},
{
"pose": [
[
-0.012665663118174741,
-0.9909477714196524,
-0.13364915000179137,
-0.10304305635480229
],
[
0.922048492242939,
-0.06328725300868587,
0.38186555429776237,
1.4857272006781919
],
[
-0.386867107583857,
-0.11839441678153165,
0.9145034735552738,
1.6183954564431176
],
[
0.0,
0.0,
0.0,
1.0
]
],
"at_element": 9,
"to_element": 10
},
{
"pose": [
[
-0.09062826779104838,
0.9909477714196526,
-0.09904055429781217,
-0.06736976605478472
],
[
-0.33525592121209574,
0.06328725300868498,
0.9399990377116584,
1.4880054888120207
],
[
0.9377579561749521,
0.11839441678152951,
0.3264854938669379,
1.6226575563454142
],
[
0.0,
0.0,
0.0,
1.0
]
],
"at_element": 10,
"to_element": 9
},
{
"pose": [
[
-0.07942220261206967,
-0.9919088074700368,
-0.09904055429780761,
-0.07946463297069474
],
[
0.31958460200983635,
-0.11944660421867481,
0.9399990377116574,
1.60279849802741
],
[
-0.9442233824103605,
0.043004957900187324,
0.32648549386694226,
1.6625280783380705
],
[
0.0,
0.0,
0.0,
1.0
]
],
"at_element": 10,
"to_element": 11
},
{
"pose": [
[
-0.12291121744904032,
0.991908807470037,
-0.03177656823138296,
-0.04375451974421092
],
[
0.9883458120604803,
0.11944660421867204,
-0.09436664942201614,
1.6070987439059068
],
[
-0.08980750752417345,
-0.04300495790018824,
-0.9950302433535869,
1.6609798393221946
],
[
0.0,
0.0,
0.0,
1.0
]
],
"at_element": 11,
"to_element": 10
}
],
"nstatus": 0,
"opt_line_pos": [
[
0.0,
-0.9644616506979284,
-0.6901904041763459
],
[
0.03388290922121143,
0.2082998532650706,
-0.7277863588506739
],
[
0.030931966289559753,
-0.7460058152380282,
-0.1407075447917612
],
[
0.059876983660962245,
0.009700387041115461,
-0.3797034289056824
],
[
0.055886861126073384,
0.262592241208078,
-0.7475679981953793
],
[
0.05508383503117407,
0.1697725084024491,
0.14103229075701276
],
[
-0.06000000000000002,
-0.626006249780414,
-0.1439714888716747
],
[
-0.024942453191042914,
-0.6340383185886684,
-0.14730160253870386
],
[
0.0513156922290269,
-0.21409777521481677,
0.6444779123601787
],
[
0.012129980357517042,
0.19219038935472693,
0.14012565084961556
],
[
0.011769668512813825,
-0.22757264003985528,
0.6715853592273718
],
[
-0.04477272484047651,
0.6396133367513539,
0.9389060405217399
]
],
"opt_line_orient": [
[
0.0,
0.4200909803174566,
0.9074819933507873
],
[
0.18629626051824597,
-0.5949684798361532,
0.7818607365243345
],
[
0.1685277565087017,
0.9285773528133949,
-0.3306697674844372
],
[
-0.10001629520625044,
0.3889464106491933,
0.9158151725846898
],
[
-0.09794469824382744,
0.47010338821902614,
0.8771599856758843
],
[
-0.2230563529452557,
0.9147682441571742,
-0.33681585902739497
],
[
0.23509964345807,
0.9411286239078784,
0.24290959410272728
],
[
0.12336447668173631,
0.4551576329378866,
0.8818235283045137
],
[
0.08259382967709825,
0.5860159653154803,
-0.8060791199966889
],
[
-0.1336491500017934,
0.38186555429776425,
0.9145034735552728
],
[
-0.09904055429781204,
0.9399990377116583,
0.3264854938669382
],
[
-0.03177656823137999,
-0.09436664942201281,
-0.9950302433535875
]
],
"opt_edge_ids": [
[
0,
1
],
[
2,
3
],
[
1,
3
],
[
3,
4
],
[
2,
5
],
[
4,
5
],
[
1,
4
],
[
1,
6
],
[
6,
4
],
[
4,
7
],
[
6,
7
],
[
7,
5
]
],
"opt_parameters": {
"pos_devi": 0.06,
"layers": [],
"contactopt_trust_region_start": 0.1,
"clamp_collision_dist": 0.024,
"clamp_t_bnd": 0.07,
"clamp_gap": 0.016,
"orient_devi": 0.2617993877991494,
"bar_collision_distance": 0.03799999999999999,
"time_out": 300,
"debug_mode": true,
"adjustopt_trust_region_start": 0.1,
"bar_available_lengths": [
0.5,
1.0
],
"opt_tol": 0.001,
"trust_region_lobnd": 1e-06,
"trust_region_upbnd": 1.0,
"contact_ignore_para_tol": 0.0001,
"line_para_tol": 0.0001,
"bigM": 1,
"pos_tol": 1e-06,
"duplicate_vertices_tol": 0.001,
"bar_contact_distance_tol": 0,
"bar_contact_distance": 0.018000000000000002,
"fixed_contact_pairs": [
[
0,
2
],
[
6,
7
],
[
1,
4
],
[
1,
2
],
[
1,
3
],
[
3,
5
],
[
3,
9
],
[
5,
8
],
[
5,
9
],
[
6,
8
],
[
4,
5
],
[
5,
11
],
[
7,
8
],
[
8,
10
],
[
9,
10
],
[
10,
11
]
]
}
}