{
"line_pt_pairs": [
[
[
0.0,
-0.07081752327522806,
-0.15298025950808336
],
[
0.0,
0.3492734570422288,
0.7545017338427039
]
],
[
[
0.0173540436237211,
1.238113444273036,
-0.09657904652886373
],
[
-0.059484886271661125,
0.9617445435180767,
0.3129524047029409
]
],
[
[
0.06876787063692924,
0.20063695148215688,
0.6973185730789984
],
[
0.009417600270598847,
1.1112969132440074,
0.2884469802147491
]
],
[
[
0.006250222723397914,
0.9965047402558449,
0.12300046310569734
],
[
-0.12517306680567575,
1.1158193845259277,
1.1071203412872435
]
],
[
[
0.05514248046549876,
1.1993218917685948,
-0.12008806951035134
],
[
-0.0639818067454785,
1.550714851880389,
0.8085304699235477
]
],
[
[
0.02608304782269948,
1.1249584795011627,
0.8002249560175504
],
[
-0.00821113131532206,
1.5598379500321276,
0.5558814367911198
]
],
[
[
-0.03670027890559666,
0.237789308884928,
0.5678814574843633
],
[
-0.012816591315302446,
1.2139096780304954,
0.7837948530998515
]
],
[
[
0.03295896588867513,
0.32154329352531186,
0.5431442318891817
],
[
-0.08491929924502112,
0.7279041550489527,
1.4492212511490425
]
],
[
[
-0.034290579041752534,
0.6659568121079315,
1.5271993381059357
],
[
-0.1324581819374026,
1.140305354926738,
0.6523527334560708
]
]
],
"contact_id_pairs": [
[
0,
6
],
[
2,
7
],
[
1,
4
],
[
1,
3
],
[
2,
3
],
[
3,
8
],
[
5,
6
],
[
4,
5
],
[
7,
8
]
],
"coupler_pt_pairs": [
[
[
0.0,
0.2660920325176398,
0.5748129319543877
],
[
-0.0359837682486186,
0.2670729211555216,
0.5743588596174277
]
],
[
[
0.05833151780915645,
0.36077048766339026,
0.6254212055009472
],
[
0.022644759260498155,
0.3570993808719073,
0.6224248828818764
]
],
[
[
0.012743707829998164,
1.2215313102277385,
-0.0720071594549555
],
[
0.048292383502169335,
1.2195283157091137,
-0.06668899207619572
]
],
[
[
-0.045151016560616555,
1.0132996057892427,
0.23655661844558346
],
[
-0.009587869039650974,
1.0108835941971552,
0.2415987799818834
]
],
[
[
0.015044221688275614,
1.0249630378725354,
0.3272094938021298
],
[
-0.02045576797096896,
1.020750182528644,
0.3229794501104604
]
],
[
[
-0.08330239716928621,
1.0778064564450884,
0.7935856668045458
],
[
-0.11694486175268866,
1.065344567387464,
0.7906037968427331
]
],
[
[
0.02196896658213429,
1.1771285420770234,
0.7709124279451514
],
[
-0.013720672406260223,
1.1769601087938817,
0.7756217760771988
]
],
[
[
-0.03722727544880003,
1.4717943045356392,
0.5999688545078907
],
[
-0.0016176276462085103,
1.4762266942260642,
0.6028596684047
]
],
[
[
-0.08116288087409028,
0.7149546821013878,
1.4203473586060393
],
[
-0.04620051816297089,
0.7235059637686465,
1.4210607598535967
]
]
],
"half_couplers": [
{
"pose": [
[
-0.03002473640477188,
0.9995491559717431,
1.1102230246251565e-16,
0.0
],
[
-0.9070728605133342,
-0.027246907642434426,
0.42009098031745695,
0.2660920325176399
],
[
0.4199015848076562,
0.012613120950053763,
0.9074819933507872,
0.5748129319543878
],
[
0.0,
0.0,
0.0,
1.0
]
],
"at_element": 0,
"to_element": 6
},
{
"pose": [
[
0.01819489662694429,
-0.9995491559717433,
0.023883687590295077,
-0.0359837682486186
],
[
0.21551480451014565,
0.027246907642433316,
0.9761203691455673,
0.26707292115552156
],
[
-0.9763310477362117,
-0.012613120950054735,
0.21591339561548917,
0.5743588596174277
],
[
0.0,
0.0,
0.0,
1.0
]
],
"at_element": 6,
"to_element": 0
},
{
"pose": [
[
-0.11749007767514774,
0.9912989594745528,
-0.05935027036633089,
0.05833151780915645
],
[
0.4003741907472148,
0.10197520006069172,
0.9106599617618504,
0.36077048766339026
],
[
0.9087885282239211,
0.08323119317449867,
-0.4088715928642497,
0.6254212055009472
],
[
0.0,
0.0,
0.0,
1.0
]
],
"at_element": 2,
"to_element": 7
},
{
"pose": [
[
-0.05857548594538997,
-0.9912989594745528,
-0.11787826513369667,
0.022644759260498158
],
[
0.9080043550525217,
-0.10197520006069172,
0.4063608615236412,
0.3570993808719073
],
[
-0.41484575886938435,
-0.08323119317449779,
0.9060770192598607,
0.6224248828818763
],
[
0.0,
0.0,
0.0,
1.0
]
],
"at_element": 7,
"to_element": 2
},
{
"pose": [
[
-0.036082556126943555,
-0.9874619813205348,
-0.15367785979076337,
0.012743707829998192
],
[
0.8314957976392008,
0.055638667222802085,
-0.5527378015099195,
1.2215313102277385
],
[
0.5543579959301523,
-0.1477266873526711,
0.8190629024636089,
-0.07200715945495559
],
[
0.0,
0.0,
0.0,
1.0
]
],
"at_element": 1,
"to_element": 4
},
{
"pose": [
[
-0.10357721584885105,
0.987461981320535,
-0.11912428721097786,
0.04829238350216935
],
[
-0.9345733391733051,
-0.05563866722280175,
0.35139296011179355,
1.219528315709114
],
[
0.3403592720397944,
0.1477266873526694,
0.928618539433899,
-0.06668899207619589
],
[
0.0,
0.0,
0.0,
1.0
]
],
"at_element": 4,
"to_element": 1
},
{
"pose": [
[
-0.0224480124836286,
-0.9878659838994686,
-0.15367785979076534,
-0.04515101656061654
],
[
0.8306485245040203,
0.06711148576269832,
-0.5527378015099179,
1.0132996057892427
],
[
0.5563444216264141,
-0.14006015255260296,
0.8190629024636096,
0.23655661844558337
],
[
0.0,
0.0,
0.0,
1.0
]
],
"at_element": 1,
"to_element": 3
},
{
"pose": [
[
-0.08275697447159658,
0.9878659838994682,
-0.13142328952907417,
-0.00958786903965099
],
[
-0.9905857177152447,
-0.06711148576269843,
0.11931464427008227,
1.0108835941971552
],
[
0.10904686623136241,
0.1400601525526032,
0.984119878181546,
0.2415987799818835
],
[
0.0,
0.0,
0.0,
1.0
]
],
"at_element": 3,
"to_element": 1
},
{
"pose": [
[
-0.15485787278551344,
0.9861524145099425,
-0.05935027036632817,
0.015044221688275603
],
[
0.39623568560161976,
0.11702869519787451,
0.9106599617618518,
1.0249630378725354
],
[
0.9049952047895946,
0.11750616944013376,
-0.408871592864247,
0.32720949380212977
],
[
0.0,
0.0,
0.0,
1.0
]
],
"at_element": 2,
"to_element": 3
},
{
"pose": [
[
-0.10115005845558644,
-0.9861524145099424,
-0.13142328952907256,
-0.020455767970968965
],
[
0.9859352413637456,
-0.11702869519787318,
0.11931464427008175,
1.0207501825286442
],
[
-0.13304272062553563,
-0.1175061694401373,
0.9841198781815462,
0.3229794501104604
],
[
0.0,
0.0,
0.0,
1.0
]
],
"at_element": 3,
"to_element": 2
},
{
"pose": [
[
0.3307829452097405,
0.934510867848911,
-0.13142328952908147,
-0.08330239716928627
],
[
-0.9305564521215878,
0.3461628302946307,
0.11931464427007163,
1.0778064564450887
],
[
0.1569946896339263,
0.08282954059202352,
0.9841198781815462,
0.7935856668045462
],
[
0.0,
0.0,
0.0,
1.0
]
],
"at_element": 3,
"to_element": 8
},
{
"pose": [
[
0.34212944862142525,
-0.93451086784891,
-0.09816760289564347,
-0.11694486175268873
],
[
-0.8094224822971474,
-0.34616283029463357,
0.47434854281881494,
1.0653445673874642
],
[
-0.47726584367407215,
-0.08282954059202535,
-0.8748466046498611,
0.7906037968427326
],
[
0.0,
0.0,
0.0,
1.0
]
],
"at_element": 8,
"to_element": 3
},
{
"pose": [
[
0.11149315539542182,
0.9913954374561994,
-0.06858835827604753,
0.021968966582134267
],
[
0.4934546518733752,
0.004678780541235161,
0.869758941061932,
1.1771285420770239
],
[
0.8625959557315919,
-0.1308174132280489,
-0.48868703845285655,
0.7709124279451512
],
[
0.0,
0.0,
0.0,
1.0
]
],
"at_element": 5,
"to_element": 6
},
{
"pose": [
[
-0.12870375308483872,
-0.9913954374561982,
0.023883687590289637,
-0.013720672406260214
],
[
0.21717995752777508,
-0.004678780541235383,
0.9761203691455685,
1.176960108793882
],
[
-0.967609533846226,
0.1308174132280585,
0.2159133956154844,
0.7756217760771988
],
[
0.0,
0.0,
0.0,
1.0
]
],
"at_element": 6,
"to_element": 5
},
{
"pose": [
[
-0.08611466407072799,
-0.9891378411669741,
-0.11912428721097881,
-0.037227275448800015
],
[
0.9280972794613743,
-0.12311956562734361,
0.35139296011179555,
1.4717943045356394
],
[
-0.36224260446333667,
-0.08029884016143884,
0.9286185394338982,
0.5999688545078906
],
[
0.0,
0.0,
0.0,
1.0
]
],
"at_element": 4,
"to_element": 5
},
{
"pose": [
[
-0.13000757008934416,
0.9891378411669739,
-0.06858835827604182,
-0.001617627646208518
],
[
0.47787127660340045,
0.12311956562734472,
0.8697589410619303,
1.4762266942260645
],
[
0.8687560501757099,
0.08029884016143896,
-0.4886870384528601,
0.6028596684047
],
[
0.0,
0.0,
0.0,
1.0
]
],
"at_element": 5,
"to_element": 4
},
{
"pose": [
[
-0.2071728050326005,
-0.971176679839459,
-0.11787826513369135,
-0.08116288087409029
],
[
0.8822968294665685,
-0.23753558667072983,
0.4063608615236374,
0.7149546821013878
],
[
-0.42264847517548754,
-0.01981670005315933,
0.9060770192598632,
1.4203473586060396
],
[
0.0,
0.0,
0.0,
1.0
]
],
"at_element": 7,
"to_element": 8
},
{
"pose": [
[
-0.21720722427609385,
0.9711766798394597,
-0.09816760289565285,
-0.04620051816297091
],
[
0.8476852629311606,
0.23753558667072816,
0.4743485428188033,
0.7235059637686467
],
[
0.48399454204732906,
0.01981670005315883,
-0.8748466046498664,
1.4210607598535967
],
[
0.0,
0.0,
0.0,
1.0
]
],
"at_element": 8,
"to_element": 7
}
],
"nstatus": 0,
"opt_line_pos": [
[
0.0,
-0.8693382354374163,
-0.5556088076700779
],
[
0.009926201846531865,
0.34205926589187347,
-0.6125993952410386
],
[
0.05999920087868878,
-0.5341563793161791,
0.08130127949600235
],
[
-0.018787473107502718,
0.14989736007331528,
-0.24512183239941443
],
[
0.04704828835284709,
0.35385991358122915,
-0.6125996110097122
],
[
0.026770142700807544,
0.2469072943939615,
0.24951164912279927
],
[
-0.03585864976277514,
-0.5971517528970909,
0.01988114851820375
],
[
0.030896137388880182,
-0.5406837686572091,
0.0033914558311961885
],
[
-0.04897017278184665,
-0.13244922477934312,
0.8407694411727132
]
],
"opt_line_orient": [
[
0.0,
0.4200909803174568,
0.9074819933507873
],
[
-0.15367785979076448,
-0.5527378015099188,
0.8190629024636094
],
[
-0.0593502703663304,
0.9106599617618506,
-0.4088715928642493
],
[
-0.13142328952907367,
0.11931464427008279,
0.9841198781815461
],
[
-0.11912428721097727,
0.35139296011179405,
0.928618539433899
],
[
-0.06858835827604308,
0.8697589410619293,
-0.4886870384528613
],
[
0.023883687590294213,
0.9761203691455675,
0.21591339561548828
],
[
-0.11787826513369624,
0.4063608615236408,
0.906077019259861
],
[
-0.09816760289565007,
0.4743485428188066,
-0.8748466046498647
]
],
"opt_edge_ids": [
[
0,
1
],
[
2,
3
],
[
1,
3
],
[
3,
4
],
[
2,
5
],
[
4,
5
],
[
1,
4
],
[
1,
6
],
[
6,
4
]
],
"opt_parameters": {
"pos_devi": 0.06,
"layers": [],
"contactopt_trust_region_start": 0.1,
"clamp_collision_dist": 0.024,
"clamp_t_bnd": 0.07,
"clamp_gap": 0.016,
"orient_devi": 0.2617993877991494,
"bar_collision_distance": 0.03,
"time_out": 300,
"debug_mode": true,
"adjustopt_trust_region_start": 0.1,
"bar_available_lengths": [
0.5,
1.0
],
"opt_tol": 0.001,
"trust_region_lobnd": 1e-06,
"trust_region_upbnd": 1.0,
"contact_ignore_para_tol": 0.0001,
"line_para_tol": 0.0001,
"bigM": 1,
"pos_tol": 1e-06,
"duplicate_vertices_tol": 0.001,
"bar_contact_distance_tol": 0,
"bar_contact_distance": 0.018000000000000002,
"fixed_contact_pairs": [
[
0,
6
],
[
2,
7
],
[
1,
4
],
[
1,
3
],
[
2,
3
],
[
3,
8
],
[
5,
6
],
[
4,
5
],
[
7,
8
]
]
}
}