{
"line_pt_pairs": [
[
[
0.0,
-0.07081751964134186,
-0.1529802516581501
],
[
0.0,
0.34927346067611476,
0.7545017416926372
]
],
[
[
0.013050672480395745,
1.3129222660211342,
-0.27740543014187935
],
[
0.0002763286339727226,
0.9222094404251469,
0.643018550452984
]
],
[
[
0.0406780798647261,
1.0240756943889275,
0.12287374533352513
],
[
0.043478495644832416,
1.2159497296902408,
1.1042893108554144
]
],
[
[
0.061263653518321214,
1.1955951140133025,
-0.12171726022457208
],
[
0.04294968468784294,
1.529963878269518,
0.8205471018498132
]
],
[
[
-0.059860607544610096,
0.9595946050263011,
1.0186012052640208
],
[
-0.06049577307591638,
1.8173200199397779,
0.504493522792487
]
],
[
[
-0.05177226179107417,
0.301340792820857,
0.5602154487550928
],
[
0.09668648911257463,
1.2041133696293307,
0.9639005659475861
]
],
[
[
0.00441731324239339,
0.3132892774666771,
0.5464191156026901
],
[
-0.02439134368151107,
0.7264567127191379,
1.4566183969324131
]
],
[
[
0.0934838955225704,
0.6717986780439956,
1.5094298437344047
],
[
-0.07152241454564282,
1.182704502544452,
0.6657781643493746
]
],
[
[
0.002363243276344637,
1.1163005343735668,
0.7949061300503494
],
[
-0.10560824540270916,
1.6348241564837729,
1.6431211533336163
]
],
[
[
0.03267386751293669,
0.6708500500135048,
1.3658045325478645
],
[
-0.1552082056882583,
1.631215694423084,
1.571712656737743
]
],
[
[
-0.058956250656899585,
1.652193464409073,
1.638441548484062
],
[
-0.11019947954734415,
1.5313968809116438,
0.6792255368002219
]
],
[
[
0.04417734739702766,
0.16966838836362275,
0.6383632060803125
],
[
0.09465259951471955,
1.1412971413760655,
0.40730084384201715
]
],
[
[
0.07399340868809871,
0.8788810158677962,
0.2982152812652454
],
[
-0.03799563774557681,
1.7266141581668006,
0.8166812617564752
]
]
],
"contact_id_pairs": [
[
0,
11
],
[
5,
6
],
[
6,
11
],
[
1,
3
],
[
1,
12
],
[
2,
11
],
[
2,
5
],
[
2,
8
],
[
4,
8
],
[
7,
8
],
[
3,
12
],
[
4,
10
],
[
4,
12
],
[
6,
9
],
[
7,
9
],
[
8,
9
],
[
8,
10
]
],
"coupler_pt_pairs": [
[
[
0.0,
0.2828116286687905,
0.6109306615752443
],
[
0.049933645658752475,
0.2804748661394316,
0.6120123941814228
]
],
[
[
-0.045173504368552816,
0.3414676105786725,
0.578158615777724
],
[
0.003208493795414202,
0.3306259006876391,
0.5846113366008473
]
],
[
[
0.00282389455643016,
0.3361417385689681,
0.5967626129289278
],
[
0.05272156079315888,
0.3341411360816149,
0.5992500556164997
]
],
[
[
0.009976439216785747,
1.218894550828344,
-0.05589910059671244
],
[
0.05996797717136541,
1.2192510295069792,
-0.05505395759366416
]
],
[
[
0.0037810277448212335,
1.029403274325805,
0.39049606122174796
],
[
0.05346467757072812,
1.0342791221267562,
0.3932553681840303
]
],
[
[
0.041530307398973634,
1.0824671436703457,
0.421539883918528
],
[
0.0914659764835157,
1.0799559012192068,
0.4218883617693389
]
],
[
[
0.04303884072290929,
1.1858262156718076,
0.9502106962086682
],
[
0.09223272649052883,
1.1770301917477721,
0.951790012173663
]
],
[
[
0.042749338173572723,
1.1659905817042273,
0.8487535089597122
],
[
-0.004879432437141496,
1.151082850433779,
0.8518039872912451
]
],
[
[
-0.06001965374463695,
1.1743700630519964,
0.8898680337181004
],
[
-0.010312058272660806,
1.1771725604143122,
0.8944822434303423
]
],
[
[
-0.04593706429301449,
1.1034850808111363,
0.7965920932188879
],
[
0.002363243276344637,
1.1163005343735668,
0.7949061300503494
]
],
[
[
0.046189262162249736,
1.470817031026501,
0.6538689541163516
],
[
-0.0032019701311589988,
1.4632335319521994,
0.6556000348948936
]
],
[
[
-0.06028296528302229,
1.529945086225228,
0.6767417255431324
],
[
-0.11019947954734415,
1.5313968809116438,
0.6792255368002219
]
],
[
[
-0.06027301438588005,
1.5165074279150677,
0.6847960553456107
],
[
-0.010670578143317205,
1.5197692980862212,
0.6901768019916787
]
],
[
[
-0.021810408045521208,
0.6894415002401146,
1.375074652382247
],
[
0.027037404995192617,
0.6996610209902148,
1.3719817766261349
]
],
[
[
0.0676984498195976,
0.7516376514235166,
1.3775928578517953
],
[
0.018877225119565508,
0.7413720595753739,
1.380924872168002
]
],
[
[
-0.09502573272587093,
1.584002565790212,
1.5599858150475825
],
[
-0.144111190308135,
1.5744929206907399,
1.5595509556126945
]
],
[
[
-0.10560824540270916,
1.6348241564837729,
1.6431211533336163
],
[
-0.058956250656899585,
1.652193464409073,
1.638441548484062
]
]
],
"half_couplers": [
{
"pose": [
[
0.05149992497677891,
-0.9986729983970659,
8.881784197001252e-16,
0.0
],
[
0.9062777632909773,
0.046735254575343665,
0.42009098031745584,
0.2828116286687906
],
[
-0.41953351891319646,
-0.021634653969769685,
0.9074819933507876,
0.6109306615752443
],
[
0.0,
0.0,
0.0,
1.0
]
],
"at_element": 0,
"to_element": 11
},
{
"pose": [
[
-0.010222093536515153,
0.9986729983970661,
0.05047525211769183,
0.04993364565875248
],
[
0.2318477567268304,
-0.04673525457534389,
0.9716287530124428,
0.2804748661394317
],
[
0.9726983738572135,
0.02163465396976877,
-0.23106236223829546,
0.6120123941814228
],
[
0.0,
0.0,
0.0,
1.0
]
],
"at_element": 11,
"to_element": 0
},
{
"pose": [
[
0.20403960722316583,
-0.9676403453578941,
0.14845875090364913,
-0.04517350436855281
],
[
0.37146274118421924,
0.21683428343897693,
0.9027725768084736,
0.34146761057867253
],
[
-0.9057501148750257,
-0.12905446742039167,
0.40368511719249334,
0.578158615777724
],
[
0.0,
0.0,
0.0,
1.0
]
],
"at_element": 5,
"to_element": 6
},
{
"pose": [
[
-0.250683512265758,
0.9676403453578939,
-0.02880865692390383,
0.0032084937954142004
],
[
-0.8844634328068111,
-0.21683428343897715,
0.41316743525246113,
0.3306259006876391
],
[
0.39355077525739285,
0.1290544674203918,
0.9101992813297229,
0.5846113366008473
],
[
0.0,
0.0,
0.0,
1.0
]
],
"at_element": 6,
"to_element": 5
},
{
"pose": [
[
0.056973922662723164,
-0.9979599357803213,
-0.028808656923903747,
0.0028238945564301593
],
[
0.9097756234975551,
0.040012314811055605,
0.41316743525246014,
0.3361417385689682
],
[
-0.41117184610094215,
-0.04974918331790107,
0.9101992813297234,
0.5967626129289278
],
[
0.0,
0.0,
0.0,
1.0
]
],
"at_element": 6,
"to_element": 11
},
{
"pose": [
[
-0.03909239697169409,
0.9979599357803214,
0.05047525211769205,
0.052721560793158886
],
[
0.2331020827511988,
-0.04001231481105583,
0.9716287530124428,
0.33414113608161494
],
[
0.9716661996365115,
0.04974918331790029,
-0.23106236223829546,
0.5992500556164997
],
[
0.0,
0.0,
0.0,
1.0
]
],
"at_element": 11,
"to_element": 6
},
{
"pose": [
[
-0.013166407314101791,
-0.9998317167692434,
-0.012774343846423203,
0.00997643921678575
],
[
0.9204850118269692,
-0.00712958040169287,
-0.3907128255959871,
1.218894550828344
],
[
0.3905559994678658,
-0.01690287625119702,
0.9204239805948632,
-0.05589910059671263
],
[
0.0,
0.0,
0.0,
1.0
]
],
"at_element": 1,
"to_element": 3
},
{
"pose": [
[
0.001066155684570691,
0.9998317167692435,
-0.018313968830478478,
0.05996797717136541
],
[
-0.9424153535321184,
0.007129580401692759,
0.3343687642562151,
1.2192510295069792
],
[
0.334443066513553,
0.01690287625119688,
0.9422643620743851,
-0.05505395759366434
],
[
0.0,
0.0,
0.0,
1.0
]
],
"at_element": 3,
"to_element": 1
},
{
"pose": [
[
-0.11132215623717823,
-0.993702266108918,
-0.01277434384642287,
0.0037810277448212318
],
[
0.9153323827818572,
-0.09751982847445606,
-0.3907128255959873,
1.029403274325805
],
[
0.3870064683717741,
-0.05518776480628687,
0.9204239805948631,
0.39049606122174796
],
[
0.0,
0.0,
0.0,
1.0
]
],
"at_element": 1,
"to_element": 12
},
{
"pose": [
[
0.0037762162116539155,
0.993702266108918,
-0.11198904643367602,
0.05346467757072813
],
[
-0.5213812448699794,
0.09751982847445562,
0.847733142299004,
1.0342791221267562
],
[
0.8533154971573841,
0.055187764806286066,
0.5184659804912302,
0.3932553681840303
],
[
0.0,
0.0,
0.0,
1.0
]
],
"at_element": 12,
"to_element": 1
},
{
"pose": [
[
0.05062873756017083,
-0.9987136169115358,
0.0028004157801067436,
0.04153030739897363
],
[
0.9801335714736006,
0.050224860851920794,
0.1918740353013128,
1.0824671436703457
],
[
-0.1917678622800692,
-0.006969558657714078,
0.9814155655218889,
0.42153988391852804
],
[
0.0,
0.0,
0.0,
1.0
]
],
"at_element": 2,
"to_element": 11
},
{
"pose": [
[
0.004833251403894678,
0.9987136169115358,
0.05047525211769349,
0.0914659764835157
],
[
0.23111691775352994,
-0.05022486085191957,
0.9716287530124421,
1.0799559012192068
],
[
0.9729139787303782,
0.006969558657711927,
-0.2310623622382968,
0.4218883617693389
],
[
0.0,
0.0,
0.0,
1.0
]
],
"at_element": 11,
"to_element": 2
},
{
"pose": [
[
0.17871516922599617,
-0.9838968675425195,
0.0028004157801066187,
0.04303884072290929
],
[
0.9655232441255899,
0.17592390295348503,
0.19187403530131292,
1.1858262156718076
],
[
-0.18927692236963345,
-0.03158693416003987,
0.9814155655218889,
0.9502106962086682
],
[
0.0,
0.0,
0.0,
1.0
]
],
"at_element": 2,
"to_element": 5
},
{
"pose": [
[
-0.09953367932587676,
0.9838968675425196,
0.1484587509036483,
0.09223272649052887
],
[
-0.39249516548895425,
-0.17592390295348537,
0.9027725768084736,
1.1770301917477721
],
[
0.9143525533117147,
0.031586934160039104,
0.40368511719249356,
0.951790012173663
],
[
0.0,
0.0,
0.0,
1.0
]
],
"at_element": 5,
"to_element": 2
},
{
"pose": [
[
0.30431696306639233,
0.9525667134964912,
0.0028004157801053142,
0.042749338173572723
],
[
-0.9350346504164304,
0.29815190272378733,
0.1918740353013119,
1.1659905817042273
],
[
0.1819378699190243,
-0.06100900950416041,
0.9814155655218891,
0.8487535089597135
],
[
0.0,
0.0,
0.0,
1.0
]
],
"at_element": 2,
"to_element": 8
},
{
"pose": [
[
-0.28453248678337073,
-0.9525667134964916,
-0.10797184958758657,
-0.004879432437141644
],
[
0.8013968422509546,
-0.2981519027237878,
0.5185253553418425,
1.1510828504337796
],
[
-0.5261220059977249,
0.06100900950415841,
0.8482178585506506,
0.8518039872912463
],
[
0.0,
0.0,
0.0,
1.0
]
],
"at_element": 8,
"to_element": 2
},
{
"pose": [
[
0.10797042386161215,
-0.9941539036466596,
-0.0006351655313052706,
-0.06001965374463694
],
[
-0.5110435435669636,
-0.05605005967903698,
0.8577254149134775,
1.1743700630519964
],
[
-0.8527466705591202,
-0.09228437936121547,
-0.5141076824715327,
0.8898680337181003
],
[
0.0,
0.0,
0.0,
1.0
]
],
"at_element": 4,
"to_element": 8
},
{
"pose": [
[
-0.00030912900818780287,
0.9941539036466597,
-0.10797184958758779,
-0.010312058272660803
],
[
-0.8532232103486125,
0.0560500596790362,
0.5185253553418425,
1.1771725604143122
],
[
0.5215458347659043,
0.09228437936121611,
0.8482178585506505,
0.8944822434303423
],
[
0.0,
0.0,
0.0,
1.0
]
],
"at_element": 8,
"to_element": 4
},
{
"pose": [
[
0.1990082886319673,
-0.9660065313927481,
-0.16500631006821295,
-0.04593706429301449
],
[
-0.820536925922141,
-0.2563091720749595,
0.5109058245004565,
1.1034850808111363
],
[
-0.5358309941147659,
0.03371927663518712,
-0.8436516793850295,
0.7965920932188879
],
[
0.0,
0.0,
0.0,
1.0
]
],
"at_element": 7,
"to_element": 8
},
{
"pose": [
[
0.23489031696344298,
0.9660065313927482,
-0.10797184958758807,
0.002363243276344637
],
[
-0.815743258738842,
0.2563091720749593,
0.518525355341842,
1.1163005343735668
],
[
0.5285730553281617,
-0.033719276635187895,
0.8482178585506508,
0.7949061300503494
],
[
0.0,
0.0,
0.0,
1.0
]
],
"at_element": 8,
"to_element": 7
},
{
"pose": [
[
0.15448960744188756,
0.9878246604221457,
-0.01831396883047992,
0.046189262162249715
],
[
-0.9301579142962528,
0.15166998372063378,
0.3343687642562134,
1.4708170310265012
],
[
0.33307539036154565,
-0.03462161608092565,
0.9422643620743857,
0.6538689541163523
],
[
0.0,
0.0,
0.0,
1.0
]
],
"at_element": 3,
"to_element": 12
},
{
"pose": [
[
-0.1079856182125587,
-0.9878246604221457,
-0.11198904643367524,
-0.0032019701311590647
],
[
0.5082762393482885,
-0.15166998372063434,
0.8477331422990042,
1.4632335319521999
],
[
-0.8543970802695974,
0.03462161608092368,
0.5184659804912297,
0.6556000348948938
],
[
0.0,
0.0,
0.0,
1.0
]
],
"at_element": 12,
"to_element": 3
},
{
"pose": [
[
0.05753687997692303,
0.998343179476511,
-0.0006351655313082127,
-0.06028296528302228
],
[
0.5132874513453911,
-0.02903626874882881,
0.8577254149134782,
1.529945086225228
],
[
0.8562858750054643,
-0.04967686674778082,
-0.5141076824715318,
0.6767417255431325
],
[
0.0,
0.0,
0.0,
1.0
]
],
"at_element": 4,
"to_element": 10
},
{
"pose": [
[
-0.02257013296949517,
-0.9983431794765109,
-0.0529290571470001,
-0.11019947954734412
],
[
-0.9917606507125875,
0.029036268748827587,
-0.12477061671439676,
1.5313968809116438
],
[
0.12610075652383831,
0.04967686674778268,
-0.990772833758697,
0.6792255368002222
],
[
0.0,
0.0,
0.0,
1.0
]
],
"at_element": 10,
"to_element": 4
},
{
"pose": [
[
0.12584326648488808,
-0.9920499326370429,
-0.0006351655313068805,
-0.06027301438588005
],
[
-0.5099521383848087,
-0.0652374828474036,
0.8577254149134768,
1.5165074279150677
],
[
-0.8509478766864482,
-0.10761506393889958,
-0.5141076824715345,
0.6847960553456109
],
[
0.0,
0.0,
0.0,
1.0
]
],
"at_element": 4,
"to_element": 12
},
{
"pose": [
[
-0.05740544080237164,
0.9920499326370429,
-0.11198904643367563,
-0.010670578143317185
],
[
-0.5263958494133392,
0.06523748284740394,
0.8477331422990042,
1.5197692980862212
],
[
0.8482994902077299,
0.10761506393889864,
0.5184659804912297,
0.6901768019916787
],
[
0.0,
0.0,
0.0,
1.0
]
],
"at_element": 12,
"to_element": 4
},
{
"pose": [
[
-0.21158872417205865,
-0.9769341191142221,
-0.028808656923902026,
-0.02181040804552121
],
[
0.887422741580835,
-0.20438578270530305,
0.413167435252459,
0.6894415002401147
],
[
-0.40952544429912374,
0.061856113185838696,
0.9101992813297239,
1.375074652382247
],
[
0.0,
0.0,
0.0,
1.0
]
],
"at_element": 6,
"to_element": 9
},
{
"pose": [
[
0.10148917912831967,
0.976934119114222,
-0.18788207320119382,
0.027037404995192603
],
[
-0.18953701713837656,
0.2043857827053035,
0.9603656444095796,
0.6996610209902149
],
[
0.9766143894363559,
-0.0618561131858395,
0.2059081241898777,
1.3719817766261349
],
[
0.0,
0.0,
0.0,
1.0
]
],
"at_element": 9,
"to_element": 6
},
{
"pose": [
[
-0.13916485812188917,
0.9764251430097382,
-0.1650063100682124,
0.0676984498195976
],
[
0.8347587867510262,
0.2053119734293708,
0.5109058245004573,
0.7516376514235166
],
[
0.5327390639007704,
-0.06664033061855171,
-0.8436516793850299,
1.3775928578517953
],
[
0.0,
0.0,
0.0,
1.0
]
],
"at_element": 7,
"to_element": 9
},
{
"pose": [
[
-0.10627448738071488,
-0.976425143009738,
-0.18788207320119427,
0.018877225119565494
],
[
0.188533346133542,
-0.20531197342937157,
0.9603656444095796,
0.7413720595753739
],
[
-0.9762996009052018,
0.06664033061854968,
0.20590812418987747,
1.380924872168002
],
[
0.0,
0.0,
0.0,
1.0
]
],
"at_element": 9,
"to_element": 7
},
{
"pose": [
[
0.1568151589477318,
0.9817082487281201,
-0.10797184958758871,
-0.09502573272587098
],
[
-0.8336415191439026,
0.1901927270614282,
0.5185253553418415,
1.5840025657902121
],
[
0.5295760790326953,
0.00869718069861436,
0.848217858550651,
1.559985815047583
],
[
0.0,
0.0,
0.0,
1.0
]
],
"at_element": 8,
"to_element": 9
},
{
"pose": [
[
-0.03080975411760467,
-0.9817082487281203,
-0.1878820732011965,
-0.14411119030813502
],
[
0.20377574833800022,
-0.19019272706142742,
0.9603656444095788,
1.5744929206907399
],
[
-0.9785326787800706,
-0.008697180698614693,
0.20590812418987947,
1.5595509556126945
],
[
0.0,
0.0,
0.0,
1.0
]
],
"at_element": 9,
"to_element": 8
},
{
"pose": [
[
-0.343189006925366,
-0.9330398626115698,
-0.10797184958758432,
-0.10560824540270915
],
[
0.7813157627377466,
-0.3473861464784549,
0.5185253553418413,
1.6348241564837729
],
[
-0.5213127510651493,
0.09359209375066044,
0.8482178585506517,
1.643121153333616
],
[
0.0,
0.0,
0.0,
1.0
]
],
"at_element": 8,
"to_element": 10
},
{
"pose": [
[
-0.35585830001183383,
0.93303986261157,
-0.05292905714700068,
-0.058956250656899634
],
[
0.9293842899681265,
0.3473861464784542,
-0.12477061671439811,
1.6521934644090728
],
[
-0.0980291378781284,
-0.09359209375066142,
-0.990772833758697,
1.638441548484061
],
[
0.0,
0.0,
0.0,
1.0
]
],
"at_element": 10,
"to_element": 8
}
],
"nstatus": 0,
"opt_line_pos": [
[
0.0,
-0.9734920363074262,
-0.6546678009646034
],
[
0.009808546502564202,
0.24026739074789924,
-0.6984698042704878
],
[
0.041492285867547093,
0.10637001396394276,
-0.24645269654205695
],
[
0.0599979964530026,
0.24521091374185597,
-0.7112662680812241
],
[
-0.06,
0.1743376755409052,
0.2511081191377114
],
[
-0.053762745978829164,
-0.6842553096216961,
-0.0998648242781001
],
[
0.0032617692075153303,
-0.6436301998883153,
-0.07173968208317556
],
[
0.0577584000733794,
-0.19107720242908252,
0.672103123725357
],
[
-0.002950911502898713,
0.1683292611703553,
0.1819858864729142
],
[
0.015077389614969926,
-0.21269698756206634,
0.730421475968847
],
[
-0.05923451758067719,
0.6780454644861507,
0.9785649015004041
],
[
0.051849904202699214,
-0.6561299467983503,
-0.05142753187908379
],
[
0.0597743849285584,
0.013023949907565016,
-0.29062393797744646
]
],
"opt_line_orient": [
[
0.0,
0.4200909803174566,
0.9074819933507873
],
[
-0.012774343846423022,
-0.3907128255959873,
0.9204239805948633
],
[
0.0028004157801063126,
0.1918740353013133,
0.981415565521889
],
[
-0.01831396883047828,
0.3343687642562153,
0.9422643620743851
],
[
-0.0006351655313062816,
0.857725414913477,
-0.5141076824715338
],
[
0.14845875090364877,
0.9027725768084737,
0.40368511719249334
],
[
-0.028808656923904455,
0.41316743525246075,
0.910199281329723
],
[
-0.16500631006821323,
0.5109058245004565,
-0.84365167938503
],
[
-0.10797184958758736,
0.5185253553418431,
0.8482178585506503
],
[
-0.187882073201195,
0.9603656444095792,
0.20590812418987856
],
[
-0.0529290571469999,
-0.12477061671439699,
-0.990772833758697
],
[
0.05047525211769188,
0.9716287530124428,
-0.2310623622382954
],
[
-0.11198904643367552,
0.8477331422990044,
0.5184659804912297
]
],
"opt_edge_ids": [
[
0,
1
],
[
2,
3
],
[
4,
5
],
[
2,
6
],
[
5,
6
],
[
1,
5
],
[
1,
7
],
[
7,
5
],
[
5,
8
],
[
7,
8
],
[
8,
6
],
[
1,
4
],
[
3,
6
]
],
"opt_parameters": {
"pos_devi": 0.06,
"layers": [],
"contactopt_trust_region_start": 0.1,
"clamp_collision_dist": 0.024,
"clamp_t_bnd": 0.07,
"clamp_gap": 0.03,
"orient_devi": 0.2617993877991494,
"bar_collision_distance": 0.03,
"time_out": 300,
"debug_mode": true,
"adjustopt_trust_region_start": 0.1,
"bar_available_lengths": [
1.0
],
"opt_tol": 0.001,
"trust_region_lobnd": 1e-06,
"trust_region_upbnd": 1.0,
"contact_ignore_para_tol": 0.0001,
"line_para_tol": 0.0001,
"bigM": 1,
"pos_tol": 1e-06,
"duplicate_vertices_tol": 0.001,
"bar_contact_distance_tol": 0,
"bar_contact_distance": 0.025,
"fixed_contact_pairs": [
[
0,
11
],
[
5,
6
],
[
6,
11
],
[
1,
3
],
[
1,
12
],
[
2,
11
],
[
2,
5
],
[
2,
8
],
[
4,
8
],
[
7,
8
],
[
3,
12
],
[
4,
10
],
[
4,
12
],
[
6,
9
],
[
7,
9
],
[
8,
9
],
[
8,
10
]
]
}
}