{
"line_pt_pairs": [
[
[
0.0,
0.14906730907955434,
0.32201571832065007
],
[
0.0,
0.35911279923828254,
0.7757567149960437
]
],
[
[
-0.011350218141107718,
1.2411867573184079,
-0.0779943528362812
],
[
-0.10818946804554638,
0.9600982906463741,
0.32401489280604306
]
],
[
[
-0.030272042637531082,
0.14246979124519144,
0.5987022134926385
],
[
-0.07708458034142845,
1.090506117582534,
0.2840028168320837
]
],
[
[
-0.053545153615042265,
0.8833396998905538,
0.12506492220107712
],
[
0.035719587653948295,
1.2101838748210108,
1.0659180942105086
]
],
[
[
-0.05674512034681649,
1.203185162854275,
-0.1736298882207219
],
[
0.00892067049292164,
1.5377411139972292,
0.766455384224403
]
],
[
[
-0.015559444979197073,
1.115519566354739,
0.8851245725667622
],
[
-0.07797849530380771,
1.518135052369657,
0.5952890457976219
]
],
[
[
0.06781290586862565,
0.24990277631500157,
0.5301341501080268
],
[
-0.13939939949505445,
1.1636027125826613,
0.8797274666493231
]
],
[
[
0.026381556660254223,
0.264955506489027,
0.5139123851208832
],
[
-0.05560306441244415,
0.7548235212958161,
1.3818454758466727
]
],
[
[
0.04349629909474884,
0.6236599468548223,
1.4886807797963053
],
[
-0.1257165579802808,
1.2426348821042985,
0.7217146537298328
]
],
[
[
-0.10287228069296886,
1.0340604385314371,
0.674405057709462
],
[
0.09413557480766832,
1.5842111849237566,
1.4858987798755758
]
],
[
[
-0.018066820626246774,
0.6085226858557429,
1.390697949979169
],
[
-0.021081012740052217,
1.5993291026226704,
1.2554442655954055
]
],
[
[
0.031341155454042764,
1.4796567882908942,
1.4662470768098603
],
[
-0.050144858177753576,
1.502476501392028,
0.4698338641935378
]
]
],
"contact_id_pairs": [
[
0,
2
],
[
0,
7
],
[
6,
7
],
[
1,
4
],
[
1,
2
],
[
2,
3
],
[
3,
5
],
[
5,
9
],
[
6,
8
],
[
8,
9
],
[
4,
11
],
[
5,
11
],
[
7,
10
],
[
8,
10
],
[
9,
11
],
[
10,
11
]
],
"coupler_pt_pairs": [
[
[
0.0,
0.2591307723310248,
0.5597751935444629
],
[
-0.03595658489228992,
0.2575917824988784,
0.5604876217270847
]
],
[
[
0.0,
0.24904933598681211,
0.5379972397722308
],
[
0.025129241565479604,
0.27243824046233933,
0.5271700631652385
]
],
[
[
0.05810880352983059,
0.2926928879974616,
0.5465061957484695
],
[
0.023161548646280675,
0.2841954433555822,
0.5480011138502833
]
],
[
[
-0.014674491967777122,
1.2315376219351974,
-0.06419427885092255
],
[
-0.04918522209114158,
1.241701548922692,
-0.06540079479993977
]
],
[
[
-0.10486519421887698,
0.9697474260295845,
0.3102148188206844
],
[
-0.07140003808666961,
0.975384126328847,
0.3222174085976376
]
],
[
[
-0.07027642170026438,
0.9526289157927735,
0.3297709704471633
],
[
-0.03446467242481082,
0.9532031649411574,
0.32617379224416787
]
],
[
[
0.01663910646371684,
1.140320409770407,
0.8648092241674177
],
[
-0.01902083357438077,
1.137846222147945,
0.8690520212924246
]
],
[
[
-0.02248658716020222,
1.1602010330126864,
0.8529592016968894
],
[
-0.05753515404233503,
1.160665816792857,
0.8611529087763468
]
],
[
[
-0.1296952971562594,
1.1208126009002015,
0.8633554210088805
],
[
-0.09468878230957543,
1.129136323137267,
0.8623496699926256
]
],
[
[
-0.09874982752896597,
1.1439914898495864,
0.8439427701060782
],
[
-0.06369340828298074,
1.143468694584936,
0.8357864854777048
]
],
[
[
0.0013607722372467393,
1.4992247279288122,
0.6582262908036207
],
[
-0.034500529861392584,
1.4980953926848033,
0.6611331405008419
]
],
[
[
-0.074517106708624,
1.4958083965764513,
0.6113615970719595
],
[
-0.03880312389503185,
1.4993003106463316,
0.6085209024913311
]
],
[
[
-0.054350749317669526,
0.7473407873225038,
1.3685877978023175
],
[
-0.018490741765346663,
0.7478713965432746,
1.3716756402568357
]
],
[
[
0.016529568643434023,
0.7223033391095343,
1.36645266342006
],
[
-0.018416194384836056,
0.7233666469538985,
1.3750207514821744
]
],
[
[
0.05495670239768021,
1.4748029288702578,
1.3245173521073328
],
[
0.019999421171321037,
1.4828329790365906,
1.3275600385120672
]
],
[
[
-0.020731638981462935,
1.4844851415245148,
1.2711214640924002
],
[
0.015143436988672253,
1.4841928708871408,
1.2681809305621958
]
]
],
"half_couplers": [
{
"pose": [
[
0.0471125686666195,
0.9988895864276658,
-6.661338147750939e-16,
0.0
],
[
-0.906474313028722,
0.04275380772546,
0.4200909803174559,
0.2591307723310248
],
[
0.4196245055912962,
-0.0197915651564331,
0.9074819933507876,
0.5597751935444628
],
[
0.0,
0.0,
0.0,
1.0
]
],
"at_element": 0,
"to_element": 2
},
{
"pose": [
[
-0.005308525227226468,
-0.9988895864276657,
-0.04681253770389748,
-0.03595658489228992
],
[
-0.3152764435694022,
-0.04275380772546011,
0.9480363263373424,
0.2575917824988783
],
[
-0.9489850281696447,
0.019791565156432378,
-0.3146993966605547,
0.5604876217270847
],
[
0.0,
0.0,
0.0,
1.0
]
],
"at_element": 2,
"to_element": 0
},
{
"pose": [
[
-0.7159978082317948,
-0.6981025272889834,
1.9984014443252818e-15,
0.0
],
[
0.6335154730274282,
-0.6497551182489818,
0.420090980317461,
0.24904933598681123
],
[
-0.2932665750509248,
0.30078422116524944,
0.9074819933507852,
0.537997239772229
],
[
0.0,
0.0,
0.0,
1.0
]
],
"at_element": 0,
"to_element": 7
},
{
"pose": [
[
0.7112885373041666,
0.6981025272889833,
-0.08198462107269625,
0.025129241565479892
],
[
-0.5812466037565313,
0.6497551182489822,
0.4898680148067937,
0.2724382404623376
],
[
0.3952480263343474,
-0.30078422116524933,
0.8679330907257872,
0.5271700631652354
],
[
0.0,
0.0,
0.0,
1.0
]
],
"at_element": 7,
"to_element": 0
},
{
"pose": [
[
0.12047142935895527,
0.9708499859474065,
-0.20721230536368046,
0.05810880352983057
],
[
-0.3307972477802903,
0.2360627190503818,
0.9136999362676599,
0.29269288799746174
],
[
0.9359806705104521,
-0.041529477006836735,
0.34959331654129655,
0.5465061957484695
],
[
0.0,
0.0,
0.0,
1.0
]
],
"at_element": 6,
"to_element": 7
},
{
"pose": [
[
-0.22523060780783544,
-0.9708499859474062,
-0.08198462107269944,
0.023161548646280672
],
[
0.8392280504986682,
-0.23606271905038212,
0.4898680148067898,
0.2841954433555823
],
[
-0.49494186786199235,
0.041529477006837456,
0.867933090725789,
0.5480011138502833
],
[
0.0,
0.0,
0.0,
1.0
]
],
"at_element": 7,
"to_element": 6
},
{
"pose": [
[
-0.2081785582261324,
0.9587232794746723,
-0.19367849980888052,
-0.014674491967777101
],
[
-0.7773228724292278,
-0.28235836735296505,
-0.5621769333440696,
1.2315376219351974
],
[
-0.5936588581780476,
0.033517544347665795,
0.8040184912846464,
-0.06419427885092263
],
[
0.0,
0.0,
0.0,
1.0
]
],
"at_element": 1,
"to_element": 4
},
{
"pose": [
[
0.2766544366293845,
-0.9587232794746718,
0.06566579083973909,
-0.0491852220911416
],
[
0.8990806793278352,
0.28235836735296593,
0.33455595114295333,
1.2417015489226921
],
[
-0.33928786413999035,
-0.033517544347669515,
0.9400852724451253,
-0.06540079479993985
],
[
0.0,
0.0,
0.0,
1.0
]
],
"at_element": 4,
"to_element": 1
},
{
"pose": [
[
-0.31335203125298694,
-0.9296769025964928,
-0.1936784998088794,
-0.10486519421887688
],
[
0.8120570519189929,
-0.15659003813938877,
-0.5621769333440663,
0.9697474260295847
],
[
0.4923147864306545,
-0.3334372755618301,
0.804018491284649,
0.31021481882068397
],
[
0.0,
0.0,
0.0,
1.0
]
],
"at_element": 1,
"to_element": 2
},
{
"pose": [
[
-0.3653894403130904,
0.9296769025964926,
-0.04681253770389804,
-0.07140003808666961
],
[
0.276959715302247,
0.15659003813938754,
0.9480363263373424,
0.9753841263288471
],
[
0.8886978524827127,
0.3334372755618323,
-0.3146993966605558,
0.32221740859763753
],
[
0.0,
0.0,
0.0,
1.0
]
],
"at_element": 2,
"to_element": 1
},
{
"pose": [
[
-0.08971806217731682,
-0.9948664511545601,
-0.04681253770389332,
-0.07027642170026437
],
[
-0.3177619060938831,
-0.015952898808071048,
0.9480363263373411,
0.9526289157927735
],
[
-0.9439163312257761,
0.09993122328256965,
-0.3146993966605591,
0.3297709704471633
],
[
0.0,
0.0,
0.0,
1.0
]
],
"at_element": 2,
"to_element": 3
},
{
"pose": [
[
0.04767127366989721,
0.9948664511545606,
0.0892647412689915,
-0.03446467242481083
],
[
-0.9449435910855462,
0.015952898808067717,
0.32684417493045786,
0.9532031649411574
],
[
0.3237422730090125,
-0.09993122328256464,
0.9408531720094312,
0.32617379224416787
],
[
0.0,
0.0,
0.0,
1.0
]
],
"at_element": 3,
"to_element": 2
},
{
"pose": [
[
0.10319258399544595,
0.9906478166202776,
0.08926474126899181,
0.016639106463716836
],
[
-0.9425754767199152,
0.06873395085583955,
0.3268441749304583,
1.140320409770407
],
[
0.3176519499303724,
-0.1178666510308334,
0.940853172009431,
0.8648092241674177
],
[
0.0,
0.0,
0.0,
1.0
]
],
"at_element": 3,
"to_element": 5
},
{
"pose": [
[
-0.05506679627300848,
-0.990647816620277,
-0.12483810064922007,
-0.019020833574380783
],
[
-0.5889641123902467,
-0.06873395085583978,
0.8052309720298367,
1.137846222147945
],
[
-0.806280920191341,
0.11786665103083582,
-0.5796710535382799,
0.8690520212924246
],
[
0.0,
0.0,
0.0,
1.0
]
],
"at_element": 5,
"to_element": 3
},
{
"pose": [
[
0.19077494110066684,
0.9736633763649183,
-0.1248381006492193,
-0.022486587160202222
],
[
0.592820685366396,
-0.012911881567156946,
0.8052309720298347,
1.1602010330126862
],
[
0.7824120122095224,
-0.2276244996481338,
-0.5796710535382832,
0.8529592016968894
],
[
0.0,
0.0,
0.0,
1.0
]
],
"at_element": 5,
"to_element": 9
},
{
"pose": [
[
-0.11474987754549604,
-0.9736633763649188,
0.19700785550063749,
-0.05753515404233504
],
[
0.8349655319582777,
0.012911881567158612,
0.5501507463923192,
1.160665816792857
],
[
-0.5382053753400498,
0.2276244996481312,
0.8114937221661139,
0.8611529087763468
],
[
0.0,
0.0,
0.0,
1.0
]
],
"at_element": 9,
"to_element": 5
},
{
"pose": [
[
-0.10636774288432793,
-0.9724962538640263,
-0.2072123053636757,
-0.1296952971562594
],
[
0.33418863704655655,
-0.23123663492933066,
0.9136999362676592,
1.1208126009002015
],
[
-0.9364848413843434,
0.02794020198558339,
0.349593316541301,
0.8633554210088805
],
[
0.0,
0.0,
0.0,
1.0
]
],
"at_element": 6,
"to_element": 8
},
{
"pose": [
[
-0.16005638138150546,
0.9724962538640263,
-0.16921285707502665,
-0.09468878230957546
],
[
0.7505995258454827,
0.23123663492932878,
0.6189749352494791,
1.1291363231372669
],
[
0.6410790174226534,
-0.027940201985591162,
-0.7669661260664711,
0.8623496699926256
],
[
0.0,
0.0,
0.0,
1.0
]
],
"at_element": 8,
"to_element": 6
},
{
"pose": [
[
-0.1513896099774401,
-0.9738830499558887,
-0.16921285707503134,
-0.09874982752896597
],
[
-0.7852764467754073,
0.014523486933100127,
0.6189749352494779,
1.1439914898495864
],
[
-0.6003516370683684,
0.22658524518582504,
-0.7669661260664713,
0.8439427701060783
],
[
0.0,
0.0,
0.0,
1.0
]
],
"at_element": 8,
"to_element": 9
},
{
"pose": [
[
0.11287032329029767,
0.9738830499558885,
0.19700785550063807,
-0.06369340828298077
],
[
-0.8349390544053362,
-0.014523486933098795,
0.5501507463923203,
1.143468694584936
],
[
0.5386437278471428,
-0.22658524518582562,
0.8114937221661129,
0.8357864854777048
],
[
0.0,
0.0,
0.0,
1.0
]
],
"at_element": 9,
"to_element": 8
},
{
"pose": [
[
0.05651014207839322,
0.9962402359650357,
0.06566579083975013,
0.0013607722372465355
],
[
-0.9418535068767329,
0.03137335077458803,
0.3345559511429663,
1.4992247279288111
],
[
0.3312379438202695,
-0.08075335971651373,
0.94008527244512,
0.6582262908036178
],
[
0.0,
0.0,
0.0,
1.0
]
],
"at_element": 4,
"to_element": 11
},
{
"pose": [
[
0.029418052735160405,
-0.9962402359650352,
-0.08148601363180208,
-0.03450052986139282
],
[
-0.9992472034262377,
-0.03137335077458547,
0.02281971310112789,
1.4980953926848033
],
[
-0.025290405653415234,
0.08075335971652031,
-0.9964132126163221,
0.6611331405008389
],
[
0.0,
0.0,
0.0,
1.0
]
],
"at_element": 11,
"to_element": 4
},
{
"pose": [
[
-0.0073133051387668235,
-0.9921501721988678,
-0.12483810064921719,
-0.07451710670862408
],
[
-0.5849724275019558,
-0.09700691081747781,
0.8052309720298387,
1.4958083965764517
],
[
-0.8110202060555682,
0.07891574658714612,
-0.5796710535382776,
0.6113615970719591
],
[
0.0,
0.0,
0.0,
1.0
]
],
"at_element": 5,
"to_element": 11
},
{
"pose": [
[
-0.09485813295734635,
0.9921501721988685,
-0.08148601363179886,
-0.038803123895031884
],
[
0.9950220700806752,
0.09700691081747637,
0.022819713101131033,
1.4993003106463316
],
[
0.0305452887400675,
-0.07891574658713904,
-0.9964132126163219,
0.6085209024913306
],
[
0.0,
0.0,
0.0,
1.0
]
],
"at_element": 11,
"to_element": 5
},
{
"pose": [
[
0.029227800567733442,
-0.9962049275031413,
-0.08198462107269777,
-0.054350749317669554
],
[
0.8716719823660484,
-0.014740530088822812,
0.48986801480678854,
0.7473407873225039
],
[
-0.48921742695044734,
-0.08578146181525204,
0.8679330907257898,
1.3685877978023178
],
[
0.0,
0.0,
0.0,
1.0
]
],
"at_element": 7,
"to_element": 10
},
{
"pose": [
[
-0.08698653381048116,
0.9962049275031413,
-0.0030141921138052696,
-0.018490741765346663
],
[
0.13448182504034523,
0.014740530088823034,
0.9908064167669275,
0.7478713965432746
],
[
0.9870906653744913,
0.08578146181525126,
-0.13525368438376306,
1.3716756402568357
],
[
0.0,
0.0,
0.0,
1.0
]
],
"at_element": 10,
"to_element": 7
},
{
"pose": [
[
0.16998736708102402,
0.970809612660158,
-0.1692128570750321,
0.016529568643434044
],
[
0.7848550604308109,
-0.02953918836142888,
0.6189749352494786,
0.7223033391095341
],
[
0.5959084066775777,
-0.2380254866975007,
-0.7669661260664702,
1.3664526634200598
],
[
0.0,
0.0,
0.0,
1.0
]
],
"at_element": 8,
"to_element": 10
},
{
"pose": [
[
-0.2398324636335465,
-0.9708096126601573,
-0.0030141921138053807,
-0.018416194384836056
],
[
-0.13202303149234917,
0.029539188361427327,
0.9908064167669275,
0.7233666469538985
],
[
-0.961795356894092,
0.23802548669750362,
-0.13525368438376373,
1.3750207514821744
],
[
0.0,
0.0,
0.0,
1.0
]
],
"at_element": 10,
"to_element": 8
},
{
"pose": [
[
-0.1345240016648288,
0.9711288265967191,
0.19700785550063957,
0.05495670239768019
],
[
-0.8047174650860276,
-0.22307836656540747,
0.550150746392321,
1.4748029288702575
],
[
0.5782154394009204,
-0.08452718215692165,
0.8114937221661122,
1.3245173521073328
],
[
0.0,
0.0,
0.0,
1.0
]
],
"at_element": 9,
"to_element": 11
},
{
"pose": [
[
-0.2242071179407088,
-0.9711288265967186,
-0.08148601363179733,
0.019999421171321023
],
[
-0.9745333770910523,
0.2230783665654087,
0.022819713101135106,
1.4828329790365906
],
[
-0.00398311438827114,
0.0845271821569223,
-0.9964132126163223,
1.327560038512067
],
[
0.0,
0.0,
0.0,
1.0
]
],
"at_element": 11,
"to_element": 9
},
{
"pose": [
[
-0.08203642629559016,
-0.9966247736267393,
-0.0030141921138059358,
-0.020731638981462935
],
[
-0.13504339971748452,
0.008119401839124851,
0.9908064167669275,
1.4844851415245148
],
[
-0.9874377473812674,
0.08168926433274787,
-0.13525368438376262,
1.2711214640924002
],
[
0.0,
0.0,
0.0,
1.0
]
],
"at_element": 10,
"to_element": 11
},
{
"pose": [
[
0.009954404846560627,
0.9966247736267393,
-0.08148601363179715,
0.01514343698867225
],
[
0.999706624969424,
-0.008119401839124185,
0.022819713101134672,
1.4841928708871408
],
[
0.022081073714700573,
-0.08168926433274747,
-0.9964132126163223,
1.2681809305621958
],
[
0.0,
0.0,
0.0,
1.0
]
],
"at_element": 11,
"to_element": 10
}
],
"nstatus": 0,
"opt_line_pos": [
[
0.0,
-0.9522627046871701,
-0.6545087157784379
],
[
-0.025553800124876933,
0.24769631609870596,
-0.6735396701543986
],
[
-0.035446655135293555,
-0.7049978977641679,
-0.09059306825448091
],
[
-0.029027895787542907,
0.02084729859830366,
-0.27103112729891093
],
[
-0.047926413939380165,
0.29585225604604687,
-0.7018881483261067
],
[
-0.020549301382343194,
0.19544244364053306,
0.2074460448224732
],
[
0.049999062832305145,
-0.6238100217032518,
-0.09432036374218472
],
[
0.022801481935751038,
-0.6659158192394331,
-0.10269574296182066
],
[
0.009808437481378524,
-0.20537369402909694,
0.6814800690732183
],
[
-0.04999970577525557,
0.2294460927421675,
0.23768340687546272
],
[
-0.018551520403170575,
-0.1844125337046452,
0.7144396481844085
],
[
0.017544585495547178,
0.5312577376739208,
0.643033524670815
]
],
"opt_line_orient": [
[
0.0,
0.4200909803174566,
0.9074819933507873
],
[
-0.19367849980887736,
-0.5621769333440678,
0.8040184912846485
],
[
-0.04681253770389738,
0.9480363263373425,
-0.3146993966605548
],
[
0.08926474126899056,
0.32684417493045687,
0.9408531720094316
],
[
0.06566579083973813,
0.33455595114295444,
0.940085272445125
],
[
-0.12483810064922125,
0.8052309720298361,
-0.5796710535382806
],
[
-0.20721230536368013,
0.91369993626766,
0.3495933165412964
],
[
-0.08198462107269837,
0.4898680148067892,
0.8679330907257895
],
[
-0.16921285707502964,
0.6189749352494762,
-0.7669661260664727
],
[
0.1970078555006372,
0.5501507463923195,
0.8114937221661139
],
[
-0.0030141921138054444,
0.9908064167669275,
-0.13525368438376342
],
[
-0.08148601363179633,
0.022819713101133843,
-0.9964132126163225
]
],
"opt_edge_ids": [
[
0,
1
],
[
2,
3
],
[
1,
3
],
[
3,
4
],
[
2,
5
],
[
4,
5
],
[
1,
4
],
[
1,
6
],
[
6,
4
],
[
4,
7
],
[
6,
7
],
[
7,
5
]
],
"opt_parameters": {
"pos_devi": 0.05,
"layers": [],
"contactopt_trust_region_start": 0.1,
"clamp_collision_dist": 0.024,
"clamp_t_bnd": 0.07,
"clamp_gap": 0.016,
"orient_devi": 0.2617993877991494,
"bar_collision_distance": 0.03,
"time_out": 300,
"debug_mode": true,
"adjustopt_trust_region_start": 0.1,
"bar_available_lengths": [
0.5,
1.0
],
"opt_tol": 0.001,
"trust_region_lobnd": 1e-06,
"trust_region_upbnd": 1.0,
"contact_ignore_para_tol": 0.0001,
"line_para_tol": 0.0001,
"bigM": 1,
"pos_tol": 1e-06,
"duplicate_vertices_tol": 0.001,
"bar_contact_distance_tol": 0,
"bar_contact_distance": 0.018000000000000002,
"fixed_contact_pairs": [
[
0,
2
],
[
0,
7
],
[
6,
7
],
[
1,
4
],
[
1,
2
],
[
2,
3
],
[
3,
5
],
[
5,
9
],
[
6,
8
],
[
8,
9
],
[
4,
11
],
[
5,
11
],
[
7,
10
],
[
8,
10
],
[
9,
11
],
[
10,
11
]
]
}
}