{
"line_pt_pairs": [
[
[
-2.200546669279345,
-0.05344549831679104,
-0.1076751624014296
],
[
-2.709674182030842,
0.13589891998842346,
-0.947280943120056
]
],
[
[
-1.9605934344958393,
0.5770731630475714,
-0.41085980691541846
],
[
-2.638834128651692,
0.6467157079050236,
-1.1423920869528512
]
],
[
[
-2.499277434599552,
0.4702058518906663,
-0.28454912673403054
],
[
-3.002881923906603,
0.4434268797381559,
-1.148068324552029
]
],
[
[
-2.355584128511853,
0.05186520589517904,
-0.05679567215894232
],
[
-2.8695732253142228,
0.15281084925482558,
-0.9086320328849866
]
],
[
[
-2.6543592902014996,
-0.4551549077385719,
-0.009008137514408432
],
[
-3.1452545376711734,
-0.1383924399380409,
-0.8206012590997294
]
],
[
[
-2.623370758663595,
-0.2885685399591873,
-0.3959800686074929
],
[
-2.5159863433107446,
0.25058312495097324,
-1.2313147737191197
]
],
[
[
2.3404930853699746,
0.15770860745853524,
-1.0862721518649716
],
[
1.9554721272243576,
-0.561054360729335,
-0.507360537410404
]
],
[
[
2.1226505471212054,
0.6317450431441819,
-1.3583436833796483
],
[
1.55056661048574,
-0.00994474267658596,
-0.8475069303782947
]
],
[
[
2.2297383901386985,
0.6313551321132238,
-1.1993571459639105
],
[
1.587993295741275,
0.37360179798627374,
-0.4770508033617682
]
],
[
[
2.667852849007067,
0.8344944761959383,
-0.7363646905431702
],
[
2.302424899119308,
0.2878803629608354,
0.01707769255790792
]
],
[
[
2.709309972464192,
0.4056864028800136,
-0.8581454441522816
],
[
2.3881581024605794,
-0.20753452328732402,
-0.13646575613019574
]
],
[
[
2.865338258753081,
-0.02054782009531325,
-0.9329659065730995
],
[
2.6667828733634886,
-0.49969864591604485,
-0.07798623134795046
]
],
[
[
2.6423087370824923,
0.4277619406524409,
-0.43404134022621227
],
[
1.8523118686179472,
0.07228978193897956,
0.0655029442929922
]
],
[
[
2.5869125873917156,
0.7760530661944732,
-0.44996331651875726
],
[
2.410904122299219,
-0.19946905691702932,
-0.318139162678082
]
],
[
[
2.247651905236235,
0.4034885901684139,
0.15759415724178316
],
[
1.3127191085054757,
0.21845786407974022,
0.46035527759956396
]
],
[
[
1.9779966910813827,
0.49849791600940446,
-0.008554199857845139
],
[
1.9796589465037404,
-0.4967579374357513,
0.08872387110404158
]
],
[
[
1.5093333568275682,
0.10157306351596256,
0.342154872727112
],
[
0.7281318779498221,
-0.03779346330766904,
0.9506786771919336
]
],
[
[
1.4463829666317287,
0.34112691667906037,
0.4578176214105853
],
[
1.3336110701510413,
-0.6524619030622588,
0.46580239750021857
]
],
[
[
0.9342569190040045,
-0.044222555349711465,
0.81979776056662
],
[
-0.04458779904054466,
-0.011606387579328317,
0.6178096333010267
]
],
[
[
0.8863233173672613,
0.4195066982247361,
0.8484438399804016
],
[
0.7364859155194495,
-0.5685934787720045,
0.8137049104271235
]
],
[
[
0.26592437212487646,
0.09249581957449708,
0.981984429850923
],
[
-1.108776953506748,
-0.16243753447820158,
0.4386564899305693
]
],
[
[
0.05751873133464999,
0.3046504160914646,
0.9400487912460447
],
[
-0.007558918977706892,
-0.6926985656557323,
0.9074925623850094
]
],
[
[
-0.9210562817014681,
0.11323772409803322,
0.985207634389064
],
[
-1.8389098810792368,
-0.08868794015081985,
0.6434902127861646
]
],
[
[
-0.9144784753767351,
0.37860716051254134,
0.949968032671615
],
[
-1.222679601350025,
-0.5616782174626588,
1.0944515054802093
]
],
[
[
-1.5591444153097778,
-0.03933253458878956,
0.8077504880579058
],
[
-2.209822734226359,
0.3361522404623558,
0.14772858766619734
]
],
[
[
-1.7782657330439458,
0.4403735589525145,
0.69788468901765
],
[
-1.7408407401676833,
-0.5514313126810862,
0.5757271411048484
]
],
[
[
-2.109733751673113,
0.603558714772022,
-0.017634358059220617
],
[
-2.7424052948621167,
0.6001270265239571,
-0.7920470012634833
]
],
[
[
-2.191210818959251,
0.7893728410213532,
-0.15096542764921128
],
[
-1.9258542674717876,
-0.1525188386807304,
0.05501021239268468
]
],
[
[
-2.505121953074186,
1.0373973522942808,
-0.7011211029837369
],
[
-2.9415111860572076,
0.13764135395673266,
-0.6992288048855786
]
],
[
[
2.878991902105012,
0.29579193398593695,
-0.6848962710310857
],
[
1.9006732086634306,
-0.426018093423407,
0.19367234802725475
]
],
[
[
2.4939346095689805,
0.33966244922392874,
-0.5612224356804443
],
[
2.838804165929058,
-0.5471282543125122,
-0.25354202158596983
]
],
[
[
2.0497669690471216,
-0.10284726185366906,
0.05745528290662574
],
[
1.2719944227086701,
-0.5834279709643224,
0.46256273555703387
]
],
[
[
2.0650468964311037,
0.07622387923808764,
0.26611649072527754
],
[
1.9935803608902452,
-0.9170922088158265,
0.35675689844201197
]
],
[
[
1.6935159115897358,
-0.1806895811899918,
0.5253504688140443
],
[
0.36123641604834456,
-0.6961859457783528,
0.9828380029132369
]
],
[
[
1.566652417193809,
0.049481340020421566,
0.9018336246725991
],
[
1.7161388344713204,
-0.9385204539521489,
0.9406442695592343
]
],
[
[
1.0030689670949593,
-0.22733807978373394,
0.8544407108764349
],
[
-0.4634288834091289,
-0.5403777578066107,
0.8917262905316158
]
],
[
[
0.5886380581143493,
-0.18971139035396833,
0.8811508619246101
],
[
0.5413927519452076,
-1.1759726869722504,
1.039443425988147
]
],
[
[
0.19807276369363971,
-0.11035968798501518,
0.9758842984023313
],
[
-1.2651600860526795,
-0.4162123240972801,
0.8517722828420167
]
],
[
[
-0.1827348307394045,
0.013787215320024526,
0.9112668858774291
],
[
-0.4312587846285439,
-1.3951207738683737,
1.3620596568314598
]
],
[
[
-0.6421203861512299,
-0.29523550737450416,
1.3347805377814872
],
[
-1.8770115278961321,
-0.21366611234334734,
0.48720145484336796
]
],
[
[
-0.7491912917200597,
-0.14301941717738414,
1.2124610450705604
],
[
-0.8663945062537285,
-1.1351230127596295,
1.16780836166009
]
],
[
[
-1.4193568387341964,
-0.21208165673707202,
0.5885988754842449
],
[
-2.2997462295279267,
0.15326514628832444,
0.28621462639549544
]
],
[
[
-1.563587324163648,
0.0031733444628994634,
0.8794267651999362
],
[
-1.668224572981608,
-0.9899841750320261,
0.8275693874172617
]
],
[
[
-1.99376618482026,
0.265429276902032,
0.27138279822424805
],
[
-2.9715547728640694,
0.4768931595566498,
-0.846298955864959
]
],
[
[
-2.129951869463519,
0.5471839670048563,
0.07912791080978936
],
[
-2.3600290206563406,
-0.9086519063987292,
0.35770718895196363
]
],
[
[
-2.4165803257216347,
0.43200591531403193,
-0.5210895292053406
],
[
-2.9906079805293913,
-0.3739828949127479,
-0.37661015591929864
]
],
[
[
2.687772701978388,
0.06892739894247195,
-0.5710374249062657
],
[
1.9037937510518983,
-0.7498825840613766,
0.4112696636548611
]
],
[
[
2.329071962240973,
-0.31554325730159427,
0.39801971274188896
],
[
1.5399854912662174,
-0.860143533068001,
0.6821905785247125
]
],
[
[
1.8516474793745064,
-0.6651217382251275,
0.8851765007498892
],
[
0.37955620513576016,
-0.9403583778639362,
0.9699825884469552
]
],
[
[
0.9065672003391133,
-0.9910242885103081,
0.9775993920980934
],
[
-0.5400031244393223,
-1.2294785579988359,
1.2947332074396687
]
],
[
[
0.058677458700640284,
-0.9469037904063682,
1.602320873163259
],
[
-0.9237914610631008,
-0.8739677217771644,
1.4307541176679606
]
],
[
[
-0.7930459857893902,
-0.7679512103347625,
1.240476021639167
],
[
-1.6798016389642139,
-0.8144234889740778,
0.7805795779906413
]
],
[
[
-1.6815167657131507,
-0.7357728135953395,
1.0447227410841768
],
[
-2.3638963401814133,
-0.6571021793971299,
0.3179703433149197
]
],
[
[
-2.4615948143698607,
-0.32667295385679934,
0.5219050465926566
],
[
-2.8649557767001728,
0.01626576330614582,
-0.3264421525767628
]
],
[
[
2.138942865325621,
0.42410152543450597,
-1.0047517121728244
],
[
1.426708195294732,
0.1411101583815404,
-0.3623829232520951
]
],
[
[
2.053209335288165,
0.918165375740962,
-0.876116603383214
],
[
2.0696696597530297,
-0.06037307083010168,
-1.0815224608965786
]
],
[
[
1.7575663609585122,
0.2474434603220204,
-0.5534509748700882
],
[
0.8282361907180859,
0.18030996847628872,
-0.1903552175917923
]
],
[
[
1.559767800710072,
0.48641865734456613,
-0.2199417047889529
],
[
1.6698764843127176,
-0.4997369354446132,
-0.34393051317872264
]
],
[
[
1.3610121766842365,
0.28221173377913056,
0.03729503258599705
],
[
0.5080476227151891,
-0.18207061695499072,
0.2758183406067908
]
],
[
[
1.01277868754397,
0.30279224692551665,
-0.10320797700079001
],
[
1.1867226163099132,
-0.6781546937974697,
-0.016682783376723048
]
],
[
[
0.7858769998038329,
0.28003487231775515,
0.1430299081343248
],
[
-0.15222198296119094,
-0.011377913646877374,
-0.044183570845044595
]
],
[
[
0.6034209514848645,
0.37031409642433855,
0.10626648917294036
],
[
0.8482053343509077,
-0.547589480254207,
0.4185702352689875
]
],
[
[
0.06582201137767013,
-0.10788262779654673,
0.38902278621589714
],
[
-0.8406010838218054,
-0.119453413767008,
-0.03318958854475362
]
],
[
[
-0.021941388973789618,
0.17210382619973735,
0.22724356329538636
],
[
-0.23795194386296492,
-0.7099243605985758,
0.6460104648883258
]
],
[
[
-0.5029967633768078,
0.26479591920487966,
0.4119332677912164
],
[
-1.2884513240732456,
0.3558542719060426,
-0.20025094425979387
]
],
[
[
-0.669467009242746,
0.33987211301172987,
0.23302908842623593
],
[
-0.823695301487463,
-0.6466300874928295,
0.17801052545935592
]
],
[
[
-1.0101427419269724,
0.07319211739193877,
0.04991465053774028
],
[
-1.9148960549914302,
0.4106034774620607,
-0.21003730001181373
]
],
[
[
-1.1068876635314955,
0.4900299576830612,
-0.01721218647277041
],
[
-1.1499809941934143,
-0.50901413039921,
-0.02455214017327424
]
],
[
[
-1.7357494876470907,
0.1747556205929753,
-0.022385272395805816
],
[
-2.3512090439526885,
0.2647156674209322,
-0.8054029762357819
]
],
[
[
-1.6899022218133888,
0.650239636453747,
-0.1505993516390522
],
[
-2.0562294548167763,
-0.2795920919323388,
-0.11570930654555608
]
],
[
[
-2.1365229425829737,
0.9153815293372161,
-0.5898657202041683
],
[
-2.3395266880077195,
-0.05982173913348715,
-0.6780023443032497
]
],
[
[
2.2047997794335332,
0.6787042258452033,
-1.0480626386228167
],
[
1.4466334068404476,
-0.4015212010954409,
-0.3351132866629833
]
],
[
[
1.8678319680477729,
0.42027674914408875,
-0.7159409381097583
],
[
2.239066541114134,
-0.49543079866890316,
-0.8697738950421199
]
],
[
[
1.7404002473106428,
-0.0007757571590287782,
-0.31844843487686036
],
[
1.0832219499683915,
-0.6516252288014165,
0.061698445637980076
]
],
[
[
1.7002359186839524,
0.12788860238367863,
-0.6181475420263106
],
[
1.8856134527552422,
-0.7630488457058807,
-0.20358073986613778
]
],
[
[
1.6942715400890642,
-0.2566081036179827,
0.20755393780052905
],
[
0.2356698898204177,
-0.5320883663504665,
0.4234053929228472
]
],
[
[
1.4764317626603656,
-0.08277435066374564,
0.16324932832923075
],
[
1.5329470595187724,
-1.0656914730824547,
0.3384062627541359
]
],
[
[
0.7939821158486841,
-0.23967851350195285,
0.3598362391869253
],
[
-0.1661124355788115,
-0.42589106687298384,
0.1511658357122658
]
],
[
[
0.38399394102134565,
-0.1317995088969206,
0.2034909010117516
],
[
0.5802162003450713,
-1.3826850650770417,
1.0077185741776542
]
],
[
[
-0.010697406405822313,
-0.6235506906854766,
0.6149083795515888
],
[
-0.9691791898222556,
-0.555774272520713,
0.3379263801371712
]
],
[
[
-0.004454817539506767,
-0.4437214132968272,
0.5328940226120717
],
[
-0.25668107879258095,
-1.3960515718058086,
0.7045016632594346
]
],
[
[
-0.7274034599368537,
-0.4189188676818276,
0.24302402925308503
],
[
-1.6688710598365595,
-0.17404138284133053,
0.011348014617819147
]
],
[
[
-0.7882483345663706,
-0.4119936499697641,
0.3996864275567484
],
[
-0.613493196321143,
-1.371141054291289,
0.6221654118230673
]
],
[
[
-1.2397812103482782,
-0.28032985826551465,
0.38629910451684113
],
[
-1.9262342584450436,
-0.04053703390642455,
-0.3002004323690556
]
],
[
[
-1.50205122297933,
-0.09904080306204094,
0.05636878910687171
],
[
-1.3931969544633667,
-1.0493976276536503,
0.347869482378788
]
],
[
[
-1.6505656816883194,
-0.17294746379090198,
-0.24477081816366666
],
[
-2.2692525402994344,
0.32195407657824615,
-0.8549339408793503
]
],
[
[
-1.7990318472480937,
0.26265186031635757,
-0.1831234154388988
],
[
-2.166188378182648,
-0.5721303061804671,
0.22716284595791153
]
],
[
[
-2.3557419531522084,
0.59498018087308,
-0.5820828293032282
],
[
-2.478740089320169,
-0.3954509931097885,
-0.5194925097472092
]
],
[
[
2.1075439050736264,
0.07090206037566635,
-0.9542649376235653
],
[
1.709304815559205,
-0.5308300852380133,
-0.26193260953402564
]
],
[
[
2.132019910383284,
-0.5050020500822494,
0.009637513940317047
],
[
1.4248595926626395,
-0.9434681439335093,
0.5643191970560076
]
],
[
[
1.624195281980438,
-0.8052412993614333,
0.19205401160256683
],
[
0.42387590719118995,
-1.2881804960205168,
0.951002712659383
]
],
[
[
0.8621539552941668,
-1.1387320337007436,
0.7891005040611169
],
[
-0.12584178306777194,
-1.2351412019334986,
0.9098054884624095
]
],
[
[
0.15330131175209283,
-1.2245077402505953,
0.6475006309386977
],
[
-0.8460143020068945,
-1.2065086688723718,
0.6151844194184681
]
],
[
[
-0.5855972484604696,
-0.9908460779216051,
0.646541747965308
],
[
-1.4026581594536136,
-0.9782446983307784,
0.07012811787016399
]
],
[
[
-1.3232177051445635,
-0.9272024249951505,
0.45770429867597817
],
[
-1.933502373942364,
-0.6234002803448582,
-0.27390822167632
]
],
[
[
-1.9329026899897777,
-0.5731130376507985,
0.1807718708069368
],
[
-2.6675073638321862,
0.09922659956043928,
-0.9409747072594061
]
],
[
[
1.6892795500951627,
0.4817712277850738,
-0.7523392319747011
],
[
2.5229435261758866,
0.5378195102326964,
-0.20291865989903712
]
],
[
[
-0.6181987517453735,
-0.07916217475714946,
-0.17241126653779607
],
[
-1.188432535752549,
-0.09629282789467301,
1.2148666336321519
]
],
[
[
-1.3901927868522932,
0.20261594400797345,
-0.1616100352682831
],
[
-1.8409653101177925,
0.10836554328171809,
0.7260391038806238
]
],
[
[
1.5537513709801647,
-0.26447711930799245,
-0.5073815859092623
],
[
2.110065031646842,
-0.17270911253552723,
0.31850808219940807
]
],
[
[
1.4287557628729377,
0.18304153032364837,
-0.4424290446241995
],
[
2.149181102230685,
0.4232482997182294,
0.2081768563237505
]
],
[
[
0.9564250667706038,
0.2450757370490176,
-0.3124916966543836
],
[
1.415771093699493,
0.014192091498258036,
0.5452343492144798
]
],
[
[
0.7714669021474133,
-0.5317154411611832,
0.1347712380206668
],
[
0.8261849889248754,
-0.2350791888516961,
1.0881928996138974
]
],
[
[
0.5483074755977976,
0.23709244957419634,
0.016000397304859443
],
[
0.8784616379186295,
0.41310527403957564,
0.9433717979453738
]
],
[
[
-0.024334353147657636,
0.06792546237529111,
-0.03993273750017281
],
[
0.0024605381883237576,
0.000920611955773136,
0.9574600556453116
]
],
[
[
-0.13388912850557622,
-0.38038675374201486,
0.12401084453788483
],
[
-0.3129646487439025,
-0.4862621996149718,
1.1021326917596794
]
],
[
[
-0.8439872157484107,
-0.5903845545969639,
0.15635832333378952
],
[
-1.169678549284263,
-0.2787747824688857,
1.0490085936938705
]
],
[
[
-1.6959848254241492,
0.20467216233973912,
-0.37885831679884574
],
[
-2.3406033904875145,
0.3014715575324104,
0.37949304152128066
]
],
[
[
-2.15464169839954,
0.5640909518744085,
-1.1072742127866553
],
[
-2.927115351034451,
0.8462053501048828,
-0.53833140169231
]
],
[
[
2.0367862126805867,
-0.3749703884593037,
-0.9310905513426277
],
[
2.937235468202049,
-0.09249992534248463,
-0.6003314612220161
]
],
[
[
1.6380819889321152,
0.36595788315754546,
-1.172386103434008
],
[
2.9730600494402557,
0.1616139765836511,
-0.5196402525792949
]
],
[
[
1.7911459450731795,
-0.6565711831167632,
-0.2900778523083134
],
[
2.3807985950418016,
-0.3288078040027533,
0.4480826449392348
]
],
[
[
1.0712477108810652,
-0.39299179304869725,
-0.24602971439644616
],
[
1.721904773352568,
-0.1252377973068338,
1.0787167461839249
]
],
[
[
1.317546951966555,
-0.9917536410181061,
0.2234871686385207
],
[
1.714672870075606,
-0.6763386346066806,
1.0853481660717055
]
],
[
[
0.6467055525821118,
-1.2356351729073851,
0.4149198054755917
],
[
0.8480035928292391,
-0.9437943548022144,
1.34996420863534
]
],
[
[
-0.0013604268066274017,
-1.257652338127196,
0.6479622384443421
],
[
-0.0013604268066274017,
-0.9756716707591687,
1.6073823253878468
]
],
[
[
-0.6771816786333993,
-1.195395727927842,
0.5438451150284774
],
[
-0.8784797188805267,
-0.9035549098226711,
1.478889518188226
]
],
[
[
-1.291043884475333,
-1.0149645744833964,
0.16006406618265218
],
[
-1.6881698025843836,
-0.6995495680719708,
1.021925063615837
]
],
[
[
-1.0694233582659967,
-0.3948622062540448,
-0.2552837894838886
],
[
-1.720080450841019,
-0.12710819605913287,
1.0694626533897513
]
],
[
[
-1.675267397045836,
-0.084752661394355,
-0.3838069299178132
],
[
-2.3182721474463728,
0.11712814730271923,
0.3549684283895408
]
],
[
[
-1.8566937494122717,
-0.6216482947512341,
-0.2114275262380153
],
[
-2.446346399380894,
-0.29388491563722413,
0.5267329710095329
]
],
[
[
-1.9835446011744777,
0.2468424357297695,
-0.8705206912389654
],
[
-2.813113476826844,
0.40009582807238897,
-0.33355804981560955
]
],
[
[
-2.230831658822305,
-0.13198059339496443,
-0.7164884370989962
],
[
-3.047489096777717,
0.10529292747283847,
-0.19039728023823027
]
]
],
"contact_id_pairs": [
[
9,
13
],
[
9,
96
],
[
12,
13
],
[
12,
15
],
[
14,
100
],
[
15,
100
],
[
10,
13
],
[
10,
29
],
[
10,
30
],
[
10,
110
],
[
13,
29
],
[
29,
30
],
[
29,
110
],
[
14,
17
],
[
16,
17
],
[
16,
101
],
[
17,
101
],
[
15,
29
],
[
15,
31
],
[
15,
99
],
[
31,
99
],
[
32,
99
],
[
16,
18
],
[
16,
19
],
[
18,
19
],
[
19,
103
],
[
17,
31
],
[
17,
112
],
[
33,
112
],
[
34,
112
],
[
18,
104
],
[
20,
21
],
[
20,
104
],
[
21,
104
],
[
19,
33
],
[
19,
35
],
[
19,
102
],
[
33,
36
],
[
35,
36
],
[
35,
102
],
[
20,
97
],
[
22,
23
],
[
23,
97
],
[
21,
35
],
[
21,
37
],
[
35,
105
],
[
37,
38
],
[
38,
105
],
[
22,
24
],
[
22,
25
],
[
24,
25
],
[
24,
98
],
[
25,
98
],
[
23,
39
],
[
23,
106
],
[
37,
106
],
[
39,
40
],
[
39,
106
],
[
24,
107
],
[
26,
27
],
[
27,
107
],
[
25,
39
],
[
39,
118
],
[
41,
118
],
[
42,
118
],
[
2,
28
],
[
26,
28
],
[
28,
108
],
[
27,
119
],
[
41,
119
],
[
43,
44
],
[
44,
119
],
[
3,
45
],
[
28,
43
],
[
43,
121
],
[
45,
121
],
[
11,
30
],
[
11,
109
],
[
30,
46
],
[
32,
46
],
[
46,
111
],
[
47,
111
],
[
34,
48
],
[
34,
113
],
[
47,
113
],
[
48,
113
],
[
36,
48
],
[
36,
49
],
[
49,
114
],
[
38,
49
],
[
49,
115
],
[
50,
115
],
[
40,
51
],
[
40,
116
],
[
50,
116
],
[
42,
51
],
[
42,
117
],
[
51,
117
],
[
52,
117
],
[
44,
52
],
[
44,
120
],
[
53,
120
],
[
4,
45
],
[
45,
122
],
[
53,
122
],
[
8,
55
],
[
8,
96
],
[
54,
55
],
[
54,
56
],
[
54,
100
],
[
56,
100
],
[
57,
100
],
[
7,
110
],
[
55,
71
],
[
55,
110
],
[
71,
72
],
[
56,
101
],
[
58,
101
],
[
59,
101
],
[
57,
73
],
[
57,
99
],
[
71,
74
],
[
71,
99
],
[
58,
61
],
[
60,
61
],
[
60,
103
],
[
61,
103
],
[
59,
73
],
[
59,
112
],
[
75,
76
],
[
75,
112
],
[
60,
104
],
[
62,
63
],
[
63,
104
],
[
61,
75
],
[
61,
77
],
[
61,
102
],
[
75,
78
],
[
75,
102
],
[
77,
78
],
[
62,
97
],
[
64,
65
],
[
65,
97
],
[
63,
79
],
[
63,
105
],
[
77,
105
],
[
79,
80
],
[
64,
67
],
[
66,
67
],
[
66,
98
],
[
65,
81
],
[
65,
106
],
[
79,
82
],
[
79,
106
],
[
66,
69
],
[
68,
69
],
[
68,
107
],
[
69,
107
],
[
67,
118
],
[
81,
83
],
[
81,
84
],
[
81,
118
],
[
83,
84
],
[
83,
118
],
[
1,
70
],
[
1,
108
],
[
68,
70
],
[
69,
86
],
[
69,
119
],
[
83,
119
],
[
85,
119
],
[
86,
119
],
[
0,
87
],
[
70,
121
],
[
85,
121
],
[
87,
121
],
[
6,
72
],
[
72,
88
],
[
72,
109
],
[
74,
88
],
[
74,
111
],
[
89,
111
],
[
76,
90
],
[
89,
113
],
[
90,
113
],
[
78,
90
],
[
78,
91
],
[
90,
91
],
[
90,
114
],
[
91,
114
],
[
80,
92
],
[
91,
115
],
[
92,
115
],
[
82,
92
],
[
82,
93
],
[
82,
116
],
[
92,
116
],
[
84,
94
],
[
84,
117
],
[
93,
117
],
[
94,
117
],
[
86,
120
],
[
94,
120
],
[
95,
120
],
[
5,
95
],
[
87,
95
],
[
87,
122
],
[
95,
122
]
],
"contact_t_pairs": [
[
0.3914376637466589,
0.16377123901377122
],
[
0.6085623362533411,
0.8922267374041688
],
[
0.13687482829070818,
0.4076240205146328
],
[
0.8631251717092916,
0.37628534173887157
],
[
0.11856542556113557,
0.9715104718043265
],
[
0.1436293883671243,
0.7286685605814375
],
[
0.7338318762230982,
0.8362287609862283
],
[
0.6947361441212614,
0.4003340433993849
],
[
0.4806701161199381,
0.23925168263976473
],
[
0.26616812377690113,
0.742973390511185
],
[
0.8004963601399925,
0.4176475588573142
],
[
0.2759510626911576,
0.29177208652509845
],
[
0.10384000232386288,
0.857057955161394
],
[
0.8814345744388641,
0.1023913181178714
],
[
0.14729128917918807,
0.2640830067721392
],
[
0.1863931838538613,
0.8850153633281891
],
[
0.31453046419343195,
0.921613340920762
],
[
0.8563706116328758,
0.8961599976761371
],
[
0.6420283062135589,
0.07163880253282838
],
[
0.7029683004541663,
0.7109297980800974
],
[
0.1295711148785237,
0.7388388926266697
],
[
0.2521416172280608,
0.9403967938899318
],
[
0.7846341649597461,
0.038303420843367825
],
[
0.8527087108208117,
0.43759937635871976
],
[
0.1128239660105457,
0.465727033520378
],
[
0.027556097491912616,
0.9086453869304435
],
[
0.8976086818821284,
0.9283611974671713
],
[
0.593969940961435,
0.5234437969011894
],
[
0.14802833990907716,
0.6331436639684962
],
[
0.21886092839561003,
0.8604811477624311
],
[
0.9616965791566322,
0.6696188293781461
],
[
0.1539462582547861,
0.2523018509664478
],
[
0.1988062210590558,
0.9137215245457094
],
[
0.3050833679023565,
0.9737074548144466
],
[
0.9724439025080875,
0.7056951405154742
],
[
0.7008093190115416,
0.15037847050108463
],
[
0.740728915361065,
0.7211636055785845
],
[
0.8519716600909226,
0.43105929451517117
],
[
0.28635308198330145,
0.12324023277779621
],
[
0.1342612791720739,
0.7706424710396815
],
[
0.8460537417452139,
0.49936763046842625
],
[
0.07441521125095671,
0.2881476467400228
],
[
0.5115056969890343,
0.852808438369616
],
[
0.7476981490335524,
0.6787530675028615
],
[
0.45133236962531453,
0.11806908036390408
],
[
0.8657387208279261,
0.7822656607212839
],
[
0.2805301447890451,
0.14071350484248185
],
[
0.35514857624830815,
0.9624246146047986
],
[
0.7290691562800777,
0.06954913667433253
],
[
0.925584788749043,
0.5136475338889406
],
[
0.273821729089572,
0.3839905415186769
],
[
0.3429600859303139,
0.8469409195734106
],
[
0.32652278303165344,
0.9050619718413054
],
[
0.6729623425524083,
0.3731358186819695
],
[
0.7118523532599771,
0.988011867777854
],
[
0.881930919636096,
0.7802737961394717
],
[
0.11690710858188032,
0.14488732805807258
],
[
0.40589108115740036,
0.9446136940348796
],
[
0.9304508633256672,
0.7464063427108715
],
[
0.0910911045119491,
0.19457198550152546
],
[
0.5835844576176217,
0.48677806548221125
],
[
0.6734772169683465,
0.8830928914181198
],
[
0.7337031575680302,
0.7274693005662214
],
[
0.04931100106159773,
0.6257222293312973
],
[
0.17932455727468083,
0.8371173682072528
],
[
0.49999999999999983,
0.6296857890699743
],
[
0.9089088954880509,
0.47151522279938035
],
[
0.3280653387420608,
0.6630107841070084
],
[
0.8054280144984747,
0.5122239644258363
],
[
0.9506889989384026,
0.9240535852766871
],
[
0.15216187010481685,
0.16552148657645938
],
[
0.3258592869536054,
0.7814453655437107
],
[
0.5000000000000002,
0.38376159620598616
],
[
0.6719346612579392,
0.8478381298951834
],
[
0.6456022677109081,
0.7816252959104201
],
[
0.11987041508991167,
0.6268162136515767
],
[
0.6902592157712203,
0.7607483173602358
],
[
0.3097407842287803,
0.8358545752004882
],
[
0.3809516878915003,
0.1016352152285234
],
[
0.7478583827719394,
0.8983647847714766
],
[
0.6977282537761825,
0.5552239297585495
],
[
0.009885957563580062,
0.9326016722111282
],
[
0.7545049531075345,
0.11817376258446917
],
[
0.78113907160439,
0.841061781913967
],
[
0.9901140424364195,
0.5275613546259671
],
[
0.15341530549132462,
0.79362127394636
],
[
0.7223894217641974,
0.881826237415531
],
[
0.8767597672222041,
0.24372103695763545
],
[
0.09530446645853866,
0.6437043330132222
],
[
0.8592864951575179,
0.9046955335414613
],
[
0.6222950671666334,
0.5389439867752301
],
[
0.05672669223365047,
0.9950851261600672
],
[
0.6329110190145659,
0.05291019177431861
],
[
0.8551126719419275,
0.6836927721992914
],
[
0.9432733077663497,
0.9694211632976747
],
[
0.8206754427253191,
0.9470898082256815
],
[
0.764472183671162,
0.8074843924505961
],
[
0.9053343386877478,
0.7580106477878364
],
[
0.02482566443998421,
0.9973747321233701
],
[
0.8344785134235406,
0.9751743355600155
],
[
0.6518956752837235,
0.670132658677038
],
[
0.0026691513446717684,
0.9939441592451985
],
[
0.5,
0.8801295849100881
],
[
0.5222847037357485,
0.5729653028040361
],
[
0.9973308486553281,
0.758331848336207
],
[
0.3081693817064358,
0.37870589500518925
],
[
0.6918306182935642,
0.10777326259583128
],
[
0.07330827487782222,
0.5210622606603202
],
[
0.772101311791264,
0.17565952294718032
],
[
0.9266917251221782,
0.05249209565663864
],
[
0.3374053430891955,
0.028489528195673394
],
[
0.25232919552444183,
0.2518983338592859
],
[
0.49999999999999983,
0.14294204483860626
],
[
0.4110539498432469,
0.15467676210046516
],
[
0.6212941049948107,
0.3063635421190393
],
[
0.38854690497228167,
0.17190714904616386
],
[
0.8243404770528195,
0.0783866590792381
],
[
0.2422647559127388,
0.45790581710734746
],
[
0.1190528224240416,
0.23737961162802948
],
[
0.5892659089511195,
0.14686394648658213
],
[
0.7476708044755581,
0.2112227495093545
],
[
0.640183476625245,
0.13992513369432358
],
[
0.8453232378995349,
0.0596032061100682
],
[
0.7577352440872612,
0.4659328961227708
],
[
0.14893407800891992,
0.1359417447353186
],
[
0.2103187764144831,
0.09135461306955668
],
[
0.1116583391246223,
0.14867752786946117
],
[
0.8809471775759581,
0.8531360535134176
],
[
0.6754775526322292,
0.1395188522375691
],
[
0.13801279825382504,
0.22214714587102258
],
[
0.25235701447767483,
0.3808103053968397
],
[
0.8510659219910799,
0.026292545185553334
],
[
0.15338107550992233,
0.30022373714825595
],
[
0.13206816878755934,
0.3217658076427771
],
[
0.8518004678333441,
0.6067690096255071
],
[
0.6813292665963704,
0.03421265395273243
],
[
0.8883416608753777,
0.2657303608347922
],
[
0.8619872017461749,
0.2739806546156069
],
[
0.629437327260686,
0.22935752896031839
],
[
0.3901077802565464,
0.13023907412063468
],
[
0.8466189244900778,
0.14719156163038385
],
[
0.2506774013706713,
0.054837269630323114
],
[
0.4353442936533174,
0.2653025951843396
],
[
0.8679318312124407,
0.1992206707605814
],
[
0.6799045414115028,
0.3907174061571567
],
[
0.9657873460472676,
0.03757538539520162
],
[
0.05406775910691017,
0.1939169983500033
],
[
0.7493225986293289,
0.15640826919177975
],
[
0.13555263587309607,
0.3716280109588288
],
[
0.45630046939577534,
0.09493802815869477
],
[
0.7510157439254537,
0.07077761532410641
],
[
0.9451627303696769,
0.011988132222145618
],
[
0.7722995784857761,
0.15952139614138391
],
[
0.9459322408930897,
0.20898357685217878
],
[
0.8644473641269037,
0.30199902582726834
],
[
0.17023733719568276,
0.4828794970939932
],
[
0.20957611215527364,
0.2535936572891285
],
[
0.45887958618751573,
0.29150964912422056
],
[
0.8435917308082204,
0.1628826317927472
],
[
0.9292223846758944,
0.5162864036005248
],
[
0.8027851424364524,
0.11942048826102011
],
[
0.548040249856918,
0.28204453106262434
],
[
0.40238469855372105,
0.09472369111469335
],
[
0.12955304625419595,
0.4176922509701313
],
[
0.31692068327868655,
0.3209729729235544
],
[
0.6830793167213134,
0.33698921589299186
],
[
0.8297626628043171,
0.6790270270764455
],
[
0.5211611335728398,
0.13181030084228842
],
[
0.6980009741727318,
0.3814595762006352
],
[
0.8704469537458043,
0.23431551288788413
],
[
0.1473312358747406,
0.07594641472331301
],
[
0.3161093008704886,
0.4151465273854332
],
[
0.5000000000000002,
0.5640945667508858
],
[
0.6353700328386868,
0.36203539389831085
],
[
0.8526687641252593,
0.21837470408957993
],
[
0.2726987361016952,
0.5125948511087356
],
[
0.5,
0.6859668721998237
],
[
0.5049171104084181,
0.20002434632367302
],
[
0.8280928509538362,
0.1641454247995119
],
[
0.5863551348342081,
0.7999756536763263
],
[
0.8600748663056762,
0.06739832778887159
],
[
0.07152397068713265,
0.46109623608534245
],
[
0.7778528541289774,
0.10065338241270524
],
[
0.9284760293128671,
0.34738166643786506
],
[
0.2159983128017099,
0.15893821808603278
],
[
0.8697609258793653,
0.8993466175872948
],
[
0.8142488831060711,
0.32403921187006374
],
[
0.7930378942641542,
0.19293325379592688
],
[
0.7408166534129084,
0.35629566698677806
],
[
0.13062266020186827,
0.4066142038576314
],
[
0.8060830016499967,
0.3602939814714542
],
[
0.8693773397981317,
0.2459894335163245
],
[
0.1538169609155334,
0.004914873839933088
],
[
0.8404786038586157,
0.7962081511212086
],
[
0.6047879131473141,
0.1439406202840813
],
[
0.7996057865808325,
0.030578836702325644
],
[
0.8461830390844665,
0.07034594346741621
],
[
0.814825493371141,
0.19119716443227222
],
[
0.9052763088853067,
0.20026023610816687
],
[
0.8560593797159188,
0.002625267876629656
],
[
0.09254272737055662,
0.2699268396357426
],
[
0.8681896991577113,
0.49008341542507583
],
[
0.9074572726294434,
0.006055840754801323
],
[
0.13074576739925273,
0.32753596581461697
],
[
0.49999999999999917,
0.8692542326007469
],
[
0.7273012638983045,
0.6586851049044149
],
[
0.6680455248919593,
0.2773152448168137
],
[
0.6946070336716053,
0.2416681516637929
]
],
"half_couplers": [
{
"pose": [
[
-0.1096621607229511,
-0.9243574113655405,
-0.3654279498877593,
2.5248105860352714
],
[
0.8290663797916625,
0.11773677892378898,
-0.5466141132351027,
0.620529124740238
],
[
0.5482911164743784,
-0.3629069122271549,
0.7534423831010781,
-0.4414389643343691
],
[
0.0,
0.0,
0.0,
1.0
]
],
"at_element": 9,
"to_element": 13
},
{
"pose": [
[
0.3385031702501189,
0.9243574113655403,
-0.17600846509249618,
2.558087462986605
],
[
-0.18572732219217858,
-0.11773677892378953,
-0.9755221231115025,
0.6162905994071578
],
[
-0.922453774192475,
0.3629069122271553,
0.1318241538406757,
-0.4283743115123279
],
[
0.0,
0.0,
0.0,
1.0
]
],
"at_element": 13,
"to_element": 9
},
{
"pose": [
[
-0.8650959086975076,
0.3436153113521905,
-0.36542794988775895,
2.445467162091104
],
[
-0.09936160583310333,
-0.8314687501635096,
-0.5466141132351029,
0.5018457144165358
],
[
-0.49166689947677,
-0.43656412507885717,
0.753442383101078,
-0.2778480336508932
],
[
0.0,
0.0,
0.0,
1.0
]
],
"at_element": 9,
"to_element": 96
},
{
"pose": [
[
0.43235736698895133,
-0.34361531135218787,
0.8336639760807231,
2.433096839565054
],
[
0.5527371052645229,
0.8314687501635085,
0.05604828244762736,
0.5317790039704234
],
[
-0.7124245922721767,
0.436564125078862,
0.5494205720756647,
-0.26213150748889946
],
[
0.0,
0.0,
0.0,
1.0
]
],
"at_element": 96,
"to_element": 9
},
{
"pose": [
[
0.3114972951781396,
0.5280855829436322,
-0.7899968684645449,
2.53417805136121
],
[
-0.9344846259337933,
0.01944294918398315,
-0.35547215871346016,
0.37910674996640853
],
[
-0.172359853185367,
0.8489685440663355,
0.49954428451920596,
-0.36566630205904144
],
[
0.0,
0.0,
0.0,
1.0
]
],
"at_element": 12,
"to_element": 13
},
{
"pose": [
[
-0.830750646886818,
-0.5280855829436332,
-0.17600846509249643,
2.5151673092061024
],
[
0.21904008547993106,
-0.01944294918398426,
-0.9755221231115025,
0.3784068162707919
],
[
0.511737045415004,
-0.8489685440663348,
0.13182415384067503,
-0.3962286249292817
],
[
0.0,
0.0,
0.0,
1.0
]
],
"at_element": 13,
"to_element": 12
},
{
"pose": [
[
-0.3476935018342244,
-0.5049892836471499,
-0.789996868464548,
1.9604425543392292
],
[
0.9308322742659287,
-0.08479871204513079,
-0.355472158713458,
0.12094497262501203
],
[
0.11251891381973494,
-0.8589499414034705,
0.4995442845192024,
-0.002872093874178701
],
[
0.0,
0.0,
0.0,
1.0
]
],
"at_element": 12,
"to_element": 15
},
{
"pose": [
[
0.8631240121259818,
0.5049892836471472,
0.0016622554223573727,
1.9786221734310416
],
[
-0.047696589171987325,
0.08479871204513312,
-0.9952558534451557,
0.12399772707818169
],
[
-0.5027344975958052,
0.8589499414034718,
0.09727807096188534,
0.028050112317746602
],
[
0.0,
0.0,
0.0,
1.0
]
],
"at_element": 15,
"to_element": 12
},
{
"pose": [
[
-0.2733415388097338,
0.22624117387939213,
-0.9349327967307605,
2.13680120032079
],
[
-0.168476668574489,
-0.9681834756641647,
-0.1850307260886685,
0.38155034338782434
],
[
-0.9470480533252622,
0.10693777953806943,
0.3027611203577808,
0.19349115832036962
],
[
0.0,
0.0,
0.0,
1.0
]
],
"at_element": 14,
"to_element": 100
},
{
"pose": [
[
0.6555930610164732,
-0.2262411738793905,
0.720425339357748,
2.128656524212175
],
[
0.07015315664943769,
0.9681834756641639,
0.24020676939457597,
0.41640492218877084
],
[
-0.751848570497524,
-0.10693777953807974,
0.6506059009479508,
0.1896414011644223
],
[
0.0,
0.0,
0.0,
1.0
]
],
"at_element": 100,
"to_element": 14
},
{
"pose": [
[
-0.7319561890114776,
0.6813496710755091,
0.0016622554223579833,
1.978235439811006
],
[
-0.06749149408782623,
-0.07007627564980767,
-0.9952558534451555,
0.35554992651027645
],
[
-0.6780007637116544,
-0.7285958696810925,
0.09727807096188634,
0.005417789975944365
],
[
0.0,
0.0,
0.0,
1.0
]
],
"at_element": 15,
"to_element": 100
},
{
"pose": [
[
-0.1294216215961086,
-0.6813496710755107,
0.7204253393577487,
1.9537070579091411
],
[
0.9681890432803253,
0.07007627564980812,
0.24020676939457913,
0.358072651220315
],
[
-0.21414952798304765,
0.7285958696810912,
0.6506059009479489,
0.0316470207253325
],
[
0.0,
0.0,
0.0,
1.0
]
],
"at_element": 100,
"to_element": 15
},
{
"pose": [
[
0.09796780672144867,
0.9419468059499815,
-0.3211518700036119,
2.4736384931468844
],
[
-0.7794708391708903,
-0.12800510377598817,
-0.6132209261673371,
-0.04431465990862972
],
[
-0.6187305711926776,
0.3104044267853254,
0.7216796880220868,
-0.32855388465893415
],
[
0.0,
0.0,
0.0,
1.0
]
],
"at_element": 10,
"to_element": 13
},
{
"pose": [
[
-0.28593222094827175,
-0.9419468059499817,
-0.17600846509249618,
2.4397292467043292
],
[
0.1788051473736848,
0.12800510377598795,
-0.9755221231115025,
-0.03970659012971345
],
[
0.9414199298380419,
-0.310404426785325,
0.1318241538406757,
-0.3397281676845115
],
[
0.0,
0.0,
0.0,
1.0
]
],
"at_element": 13,
"to_element": 10
},
{
"pose": [
[
-0.946494899455792,
-0.03176289812584797,
-0.32115187000361284,
2.4861941606205495
],
[
0.233394514732141,
-0.7546436882419554,
-0.6132209261673374,
-0.02034033885995125
],
[
-0.22287755785883606,
-0.6553655637117544,
0.7216796880220862,
-0.3567684804051828
],
[
0.0,
0.0,
0.0,
1.0
]
],
"at_element": 10,
"to_element": 29
},
{
"pose": [
[
0.7573704657104998,
0.03176289812584984,
-0.6522124622943872,
2.48733762382634
],
[
-0.4460415117072022,
0.7546436882419587,
-0.48120668493956664,
0.006826807146933428
],
[
0.4769034991519925,
0.6553655637117504,
0.5857124127055574,
-0.3331753433596464
],
[
0.0,
0.0,
0.0,
1.0
]
],
"at_element": 29,
"to_element": 10
},
{
"pose": [
[
-0.7348979342352453,
-0.5973160826982249,
-0.3211518700036124,
2.5549418658174203
],
[
0.6420161067270589,
-0.460190628341673,
-0.613220926167337,
0.11092942909198346
],
[
0.21849564059678545,
-0.6568394651180333,
0.7216796880220867,
-0.5112555847093049
],
[
0.0,
0.0,
0.0,
1.0
]
],
"at_element": 10,
"to_element": 30
},
{
"pose": [
[
0.7240707744730824,
0.5973160826982253,
0.34486955636007866,
2.576445231219358
],
[
0.042741475265167306,
0.46019062834167157,
-0.8867907035364403,
0.1274962812535345
],
[
-0.688400087046848,
0.6568394651180335,
0.3076804140944758,
-0.4876093788930417
],
[
0.0,
0.0,
0.0,
1.0
]
],
"at_element": 30,
"to_element": 10
},
{
"pose": [
[
0.9317173368101026,
-0.16960035577991156,
-0.3211518700036126,
2.623829581777887
],
[
-0.06811813291488988,
0.7869688784689399,
-0.6132209261673385,
0.24246653950131974
],
[
0.35673901420461324,
0.5932248339716286,
0.7216796880220853,
-0.6660573156235436
],
[
0.0,
0.0,
0.0,
1.0
]
],
"at_element": 10,
"to_element": 110
},
{
"pose": [
[
-0.423275033481864,
0.16960035577990762,
0.8899853736720933,
2.6299351648058944
],
[
-0.6017653778930232,
-0.7869688784689359,
-0.13622927104925664,
0.21413579806003832
],
[
0.6772862585348929,
-0.5932248339716347,
0.43516390056981136,
-0.6874133054823734
],
[
0.0,
0.0,
0.0,
1.0
]
],
"at_element": 110,
"to_element": 10
},
{
"pose": [
[
-0.7143892567092291,
-0.6772510687435038,
-0.1760084650924971,
2.4460184517313452
],
[
0.2187143398315075,
0.022817205615369263,
-0.9755221231115027,
-0.004848842592322211
],
[
0.6646894217982582,
-0.735398099680498,
0.13182415384067303,
-0.34443856119076227
],
[
0.0,
0.0,
0.0,
1.0
]
],
"at_element": 13,
"to_element": 29
},
{
"pose": [
[
0.3405141611059289,
0.6772510687435034,
-0.6522124622943878,
2.4703994880046585
],
[
-0.876310162840408,
-0.02281720561537126,
-0.48120668493956276,
-0.0056702619203066185
],
[
-0.3407794075189158,
0.7353980996804986,
0.58571241270556,
-0.3179642319927283
],
[
0.0,
0.0,
0.0,
1.0
]
],
"at_element": 29,
"to_element": 13
},
{
"pose": [
[
0.6427736911977954,
0.40182195800111964,
-0.6522124622943873,
2.609023818999183
],
[
-0.7606536847701059,
0.4357133211357419,
-0.4812066849395613,
0.09660768986119488
],
[
0.09081824568676489,
0.8054148098048659,
0.5857124127055616,
-0.44245432695483383
],
[
0.0,
0.0,
0.0,
1.0
]
],
"at_element": 29,
"to_element": 30
},
{
"pose": [
[
-0.8482948208990486,
-0.4018219580011203,
0.34486955636007727,
2.594557919607145
],
[
-0.15413030171320277,
-0.435713321135744,
-0.8867907035364413,
0.08092167534204137
],
[
0.5065962365924639,
-0.8054148098048641,
0.30768041409447344,
-0.4714498792771931
],
[
0.0,
0.0,
0.0,
1.0
]
],
"at_element": 30,
"to_element": 29
},
{
"pose": [
[
0.7460571408082217,
-0.1342298278213653,
-0.6522124622943876,
2.7774032867045597
],
[
-0.270664970887858,
0.8337749096151498,
-0.4812066849395629,
0.22083917906236314
],
[
0.6083906772653048,
0.5355387506234217,
0.5857124127055601,
-0.5936657035863947
],
[
0.0,
0.0,
0.0,
1.0
]
],
"at_element": 29,
"to_element": 110
},
{
"pose": [
[
-0.43578479548142934,
0.1342298278213638,
0.8899853736720935,
2.7822355556565457
],
[
-0.5350336305370329,
-0.8337749096151486,
-0.13622927104926047,
0.1908233124396326
],
[
0.7237614428950818,
-0.5355387506234242,
0.4351639005698097,
-0.6129450792603833
],
[
0.0,
0.0,
0.0,
1.0
]
],
"at_element": 110,
"to_element": 29
},
{
"pose": [
[
-0.16721640558202466,
-0.3129526151055905,
-0.9349327967307599,
1.4235698134209211
],
[
0.9823368780347685,
0.02789065176726435,
-0.1850307260886731,
0.24039611086032978
],
[
0.08398173466374864,
-0.9493591376515894,
0.30276112035778024,
0.4244582765209774
],
[
0.0,
0.0,
0.0,
1.0
]
],
"at_element": 14,
"to_element": 17
},
{
"pose": [
[
0.9430499244805238,
0.31295261510558975,
-0.11277189648068735,
1.434836103504419
],
[
-0.10955988695252307,
-0.02789065176726435,
-0.9935888197413192,
0.2393920477585666
],
[
-0.31409150117159906,
0.9493591376515895,
0.00798477608963366,
0.4586351931592789
],
[
0.0,
0.0,
0.0,
1.0
]
],
"at_element": 17,
"to_element": 14
},
{
"pose": [
[
-0.06991938228666394,
-0.6203511339393823,
-0.7812014788777438,
1.3942691838949766
],
[
0.9881622433895478,
0.06412762228909619,
-0.13936652682363504,
0.08104558811168396
],
[
0.1365527763173906,
-0.7816982273740102,
0.6085238044648238,
0.4317851283829597
],
[
0.0,
0.0,
0.0,
1.0
]
],
"at_element": 16,
"to_element": 17
},
{
"pose": [
[
0.776174574425283,
0.6203511339393843,
-0.11277189648068697,
1.4166018251297126
],
[
-0.09310695647801526,
-0.06412762228909896,
-0.9935888197413191,
0.07873699366659181
],
[
-0.6236057445783608,
0.7816982273740082,
0.007984776089634882,
0.45992626508873796
],
[
0.0,
0.0,
0.0,
1.0
]
],
"at_element": 17,
"to_element": 16
},
{
"pose": [
[
0.6239130664994348,
0.021371355841271505,
-0.781201478877746,
1.3637227259482003
],
[
-0.20766600063668883,
0.9682209476047712,
-0.13936652682363082,
0.0755960928586513
],
[
0.75339718451215,
0.2491815839279155,
0.6085238044648218,
0.45557956209217465
],
[
0.0,
0.0,
0.0,
1.0
]
],
"at_element": 16,
"to_element": 101
},
{
"pose": [
[
-0.8880002774178342,
-0.02137135584127165,
0.4593460269288892,
1.3629533576864348
],
[
-0.09612980202054441,
-0.9682209476047716,
-0.23088364555076046,
0.0407401635953753
],
[
0.44968274201857134,
-0.2491815839279139,
0.8577260458688631,
0.4466090314662995
],
[
0.0,
0.0,
0.0,
1.0
]
],
"at_element": 101,
"to_element": 16
},
{
"pose": [
[
-0.48852920802671895,
0.8652292830625511,
-0.11277189648068686,
1.4109127696836845
],
[
0.04844661596866229,
-0.10214784719335634,
-0.9935888197413192,
0.02861296398841906
],
[
-0.8712015486131621,
-0.49086057597328664,
0.007984776089632328,
0.4603290767405383
],
[
0.0,
0.0,
0.0,
1.0
]
],
"at_element": 17,
"to_element": 101
},
{
"pose": [
[
0.20094654830503256,
-0.8652292830625514,
0.45934602692889,
1.3797644932872155
],
[
0.9676045470805485,
0.10214784719335612,
-0.23088364555076074,
0.03229028910901706
],
[
0.15284608334314548,
0.490860575973286,
