{
"line_pt_pairs": [
[
[
3.6475630296126913,
-0.6038479790606313,
-1.1297176887770681
],
[
3.496755004393549,
0.006601627048048453,
-0.35215211730977347
]
],
[
[
3.4835297934322655,
-1.0047511657046617,
-1.1542641978088817
],
[
3.2107196127436426,
-0.3508631537302207,
-0.44856945281728566
]
],
[
[
3.2825500607936897,
-1.3035378704979648,
-1.338681764051492
],
[
2.882601745301124,
-0.8719323983685754,
-0.5301286975415531
]
],
[
[
0.12230074589628699,
0.26093353454854606,
0.4648883593566988
],
[
0.07845275136666935,
0.057316055365500024,
1.4429564937659909
]
],
[
[
0.8281131963001065,
0.12318013950471637,
0.1958240855895515
],
[
0.8287015848990489,
-0.1284813425795987,
1.1636392292166715
]
],
[
[
-2.6993896375514566,
-0.6255653446357671,
-1.2723970121155825
],
[
-3.5389249480858678,
-0.7140374984983018,
-0.7363437121940035
]
],
[
[
-2.3693572265637646,
0.10191976404380841,
-0.3808736911091994
],
[
-3.03443699337842,
-0.18358606452991927,
0.30916639875818913
]
],
[
[
-1.6098246056195573,
0.7110005511972003,
0.2713006025446519
],
[
-2.0636794497852073,
0.2965303760505834,
1.0601163315595508
]
],
[
[
-0.8773222556955016,
0.24145989028231662,
0.2669692864457353
],
[
-1.0141386530054213,
-0.020488457801025373,
1.222303958884427
]
],
[
[
-0.005310559584432411,
1.264682569952487,
0.9144068948842617
],
[
0.012646165678514343,
0.7122534523848593,
1.7477733365420016
]
],
[
[
1.6190567132685534,
-0.1028892772332313,
-0.22188697133107524
],
[
1.9903977539092523,
-0.3981647325680179,
0.6584074322707637
]
],
[
[
2.195888138756014,
0.18167938566522818,
-0.38234225520998466
],
[
2.81811636388542,
-0.11005162121798273,
0.3441046151633531
]
],
[
[
2.1410950998270892,
-0.36210205358135383,
-0.6037389076435018
],
[
2.7558263196302875,
-0.797256863787724,
0.0540952800919261
]
],
[
[
2.4602208847210156,
-0.8796681809696629,
-1.449618871718516
],
[
3.209758294300535,
-1.0769262581575498,
-0.8177304934229805
]
],
[
[
2.5759027707111666,
-0.571555953036717,
-1.113724972399335
],
[
3.4531453835139456,
-0.8184482221237551,
-0.7020338190476904
]
],
[
[
-3.0256511732529314,
-0.0996172462741943,
-1.114300224393592
],
[
-3.672805173095421,
-0.5326856454225399,
-0.48689010162941787
]
],
[
[
-2.6282160450726995,
0.8600829426092399,
0.02458702733225196
],
[
-3.2139558821175873,
0.33864686830283686,
0.6450813977422944
]
],
[
[
-1.8524098827566817,
1.4326308851298117,
0.8866112321729319
],
[
-2.3296673881283487,
0.7780280893775399,
1.4728880041498904
]
],
[
[
-0.9427977654015297,
1.8786367554779528,
1.2105019053562052
],
[
-1.1551249666779262,
1.3979294470842811,
2.0612883904716215
]
],
[
[
-0.7386545694119259,
1.05371952825319,
0.3488360443855733
],
[
-1.0108295936366614,
0.7978244132173793,
1.8015708606163519
]
],
[
[
-0.058212992669993746,
1.8724512561515618,
1.307557429569205
],
[
-0.08729641588374543,
1.4015955044377384,
2.189288122905997
]
],
[
[
0.8700706799083139,
1.7323910075592077,
1.071364565725217
],
[
0.8874993955415779,
1.2691921033091993,
1.9574475274014738
]
],
[
[
0.7640079523140759,
0.7903919786037528,
0.6536827727462089
],
[
0.946197844150418,
0.4885652574958877,
1.5894752036505935
]
],
[
[
1.8383822752617136,
1.420368821160888,
0.6152894403626575
],
[
2.120609082841766,
1.0358671144252038,
1.4942129106378108
]
],
[
[
1.6666749642573817,
0.5393993797821937,
0.22031349805871256
],
[
2.0349224540427167,
0.15179904965631752,
1.065393240067188
]
],
[
[
2.5000314218146484,
0.7403051806574446,
-0.13950412800590348
],
[
3.0329684798963683,
0.2616720777522849,
0.5582697930649404
]
],
[
[
2.7881876619427097,
0.012731299710262309,
-1.045419598588244
],
[
3.604400609890255,
-0.4443987114741551,
-0.6921087206389338
]
],
[
[
-2.7697507374699155,
0.8336276059525435,
0.1041502044591971
],
[
-3.15367193194201,
-0.09886559580612364,
-1.00628256933172
]
],
[
[
-1.8455375913286265,
1.3490971147485142,
0.9981893399011142
],
[
-2.836276458360765,
0.7479022026794521,
0.04582324692313178
]
],
[
[
-0.8748722086070071,
1.700354466577191,
1.6539188644976608
],
[
-2.0831167577510454,
1.1974820645510382,
0.9209356063367615
]
],
[
[
0.2418182452402405,
1.8096644779485946,
1.6786306567209723
],
[
-1.2190864338719403,
1.660509894783056,
1.3728359071439868
]
],
[
[
0.8992093160223866,
1.6308267666871126,
1.332754016718271
],
[
-0.07045188238294431,
1.8209223964840844,
1.4864446535158002
]
],
[
[
2.064058938658851,
1.3063745587163593,
0.8373541441443676
],
[
0.6670260161334605,
1.7007003857065777,
1.2152511612649681
]
],
[
[
2.7111475562310776,
0.595590447796468,
-0.06029869220456025
],
[
1.9310496033398148,
1.3399133049527383,
0.9825007459471812
]
],
[
[
2.9103785095377126,
-0.1238895145251615,
-1.029112131634277
],
[
2.4624265690976923,
0.7931301561024771,
0.07016671503657457
]
],
[
[
0.31828177867166335,
0.20862635350222358,
0.6739579035481565
],
[
-1.1410957189828277,
0.07204315261114884,
0.3552694215252489
]
],
[
[
0.766917176699866,
0.13999587265778105,
0.4269834948111955
],
[
-0.22082851147559823,
0.2032566094990621,
0.5696598231389058
]
],
[
[
1.781561755068359,
-0.19961108966166113,
-0.22576200396721005
],
[
0.5563930179330767,
0.09286517208047307,
0.5887434913265204
]
],
[
[
2.2688269273278516,
-0.49187966095183755,
-0.6038236682760698
],
[
1.668850608591518,
-0.10748051262597724,
0.0977928307616528
]
],
[
[
2.7002077184110718,
-1.1172193593144284,
-1.6046772615228486
],
[
1.9865599079207943,
-0.4945177535630072,
-0.44151368197909646
]
],
[
[
-2.760720116103498,
-0.824747389949007,
-1.4134629696937067
],
[
-3.189611941737923,
0.007240239371734791,
-1.0615419749218376
]
],
[
[
-2.450207116578369,
0.25768579982350803,
-0.17894674823619844
],
[
-3.0543069976929185,
-0.7552556983840679,
-1.1057762119706973
]
],
[
[
-2.308295392187092,
0.08313239195937963,
-0.3285285304126567
],
[
-2.6653435548638162,
0.9010120370533964,
0.12268039643837608
]
],
[
[
-1.4982803706607024,
0.7383561675247265,
0.40189208662809167
],
[
-2.5074291698638036,
0.05363947270720315,
-0.47148168725403383
]
],
[
[
-1.7625526204747364,
0.5587841407394669,
0.3768790963700769
],
[
-1.967714273213181,
1.378255392686055,
0.9120197914015064
]
],
[
[
-0.7812340784224927,
1.0063684289193116,
0.7848852019262013
],
[
-0.7888798437278463,
0.08952741707078171,
0.3857059173115569
]
],
[
[
-0.5808990395876207,
0.8373077399651039,
0.8075598698187292
],
[
-1.9862341540413688,
0.6263104900569176,
0.32744178370401705
]
],
[
[
-0.8140323596992528,
0.8123389706901926,
0.6270788834630716
],
[
-1.0929834795557993,
1.8742590353126034,
1.649092606014346
]
],
[
[
0.11649388298188185,
1.4398804898210038,
0.9727913446789533
],
[
0.07993910206088066,
0.05311527651700909,
0.4022249671541788
]
],
[
[
0.11533968704125545,
1.226055139151839,
0.9262806540070755
],
[
-0.7837426255674363,
0.9758415173847405,
0.5670535132779848
]
],
[
[
0.06548009151390846,
0.9657251213352644,
0.6530234277641511
],
[
-0.054826122414699974,
1.896481568705389,
1.8231596807574122
]
],
[
[
0.7873261856328436,
0.9238724083457539,
0.9408160545505824
],
[
0.6745936122031498,
0.05538523644653137,
0.45809315356658153
]
],
[
[
1.065822826530933,
0.8581174204914827,
0.91243465360956
],
[
-0.39777196102336676,
1.1760618048371323,
0.8299624382461424
]
],
[
[
0.865158860447314,
0.5866161140745852,
0.7085958543996305
],
[
0.7892191232218699,
1.9404319215661807,
1.3500129696187448
]
],
[
[
1.7126143073535822,
0.6216379524935716,
0.3696029027254824
],
[
1.3977283858746403,
-0.24759951854687967,
-0.011544149465084086
]
],
[
[
1.8877526586018254,
0.387720955897823,
0.2304425374882171
],
[
0.6146667258430618,
0.8527633278494833,
0.873083806083164
]
],
[
[
1.4873251376097278,
0.24824201092658071,
0.3194598223438887
],
[
1.6764028403703364,
1.5787000296334248,
0.9858914263194427
]
],
[
[
2.247549423967925,
0.2482815689300284,
-0.2524257273919538
],
[
2.075835331451403,
-0.6775226792212574,
-0.5891760273714189
]
],
[
[
2.481682624707892,
-0.026278821462781377,
-0.4558046969750822
],
[
1.423376246083071,
0.41678365578365795,
0.5104681683265708
]
],
[
[
2.3526230547072684,
-0.03964257596036125,
-0.4277830136092924
],
[
2.4683695597254025,
0.8386939373537027,
0.03603561037575237
]
],
[
[
2.8576966353770445,
-0.3166998515459851,
-0.9408610925196544
],
[
2.5136344633652925,
-1.1682804371650828,
-1.3363756029831653
]
],
[
[
2.8233242059918524,
-0.8067267842415718,
-1.1886298288887591
],
[
2.2804223522429643,
0.14130449318666805,
-0.16077075575966515
]
],
[
[
2.759726373330659,
-0.9043573812149689,
-1.1582262631212985
],
[
3.12800640110884,
-0.03247890503327078,
-0.8354295098681369
]
],
[
[
-3.076257699456489,
0.47737917630037174,
0.8105516949357493
],
[
-3.706564401770989,
-0.5943556746685632,
-0.7560043590361518
]
],
[
[
-2.2224471320258883,
0.9312319529081703,
1.4789616216244084
],
[
-3.163675188220939,
0.3548206107400683,
0.4631665089903426
]
],
[
[
-1.0101072447562063,
1.4718553922988884,
1.8558202799867969
],
[
-2.2986206982122317,
0.952527467387908,
1.290106936790366
]
],
[
[
0.11839055314085264,
1.4974582959693783,
2.162858434446791
],
[
-1.331996085974635,
1.4072769868186694,
1.7910440606590832
]
],
[
[
1.1547244378227908,
1.2238195398420928,
1.781094662082333
],
[
-0.2752242610469888,
1.5857572359715582,
2.0535791987465633
]
],
[
[
2.0919407621339787,
1.0064908063107483,
1.1562250999223977
],
[
0.8613823904668745,
1.3763855270824705,
1.930113974028503
]
],
[
[
2.995260255131877,
0.3998491420531375,
0.4393776026145378
],
[
2.030268562239487,
1.0876600296717371,
1.3590010122350156
]
],
[
[
3.697245844815552,
-0.42693353384640986,
-0.93011649090031
],
[
2.8572076302260982,
0.37728599287204284,
0.6970180305434801
]
],
[
[
0.24812764659660608,
-0.012321752681071,
1.4215520989538848
],
[
-1.1780860706379004,
-0.0007459381645641087,
0.9570303736380376
]
],
[
[
0.9510208038458225,
-0.035803273325482124,
1.1313826502280646
],
[
-0.02345303111303121,
0.027530217297564212,
1.3467651331417996
]
],
[
[
2.050257660699531,
-0.34105338228540716,
0.5024571432442171
],
[
0.7201345133258195,
-0.13667399647693218,
1.1650290106497105
]
],
[
[
2.8742252361173266,
-0.5143369245623857,
-0.10323692958087344
],
[
1.799400786951064,
-0.08141730121824209,
0.849303359959682
]
],
[
[
3.270513024260106,
-1.1748453177145728,
-1.0474909109927866
],
[
2.5580669298491308,
-0.7073213057784177,
0.18694898662137827
]
],
[
[
-2.7273558705800975,
-0.02666991467160293,
0.2273948631907335
],
[
-3.407698126777702,
-0.8479571204767391,
-0.8274140010177282
]
],
[
[
-1.837121977804727,
0.4147435471628413,
1.142499515621386
],
[
-2.7192171084509438,
-0.15297645264861737,
0.07030448564581693
]
],
[
[
-0.8282812403544187,
1.0786018990343058,
1.5984375900426473
],
[
-1.0834021023277904,
-0.25286561124539353,
0.9564815052085347
]
],
[
[
-0.7800070993879705,
0.7430956059431373,
1.520983961992803
],
[
-2.0841403712024498,
0.38120986294115383,
0.8742420363699434
]
],
[
[
0.04695245866476757,
0.8513728945108643,
1.6786443512847156
],
[
0.04280832955043685,
-0.09835250273459129,
1.3655876535112204
]
],
[
[
0.3678490551338607,
0.9175060137004301,
1.5311932379061686
],
[
-1.130056748557811,
0.8901684754845066,
1.4568234707215122
]
],
[
[
0.9680729913308329,
0.6843745783010698,
1.545612118202982
],
[
0.9149735014119089,
-0.20474770668501308,
1.0910331850005328
]
],
[
[
0.9839599154574581,
0.732715600216901,
1.3656012805488749
],
[
-0.003728664961396677,
0.8856894522487463,
1.3328863190675144
]
],
[
[
2.063146247730673,
0.36004522694505364,
1.0778399235732896
],
[
1.9103667144441605,
-0.4700692016780036,
0.5415858330522281
]
],
[
[
2.1300969319817695,
0.3748173058116546,
0.9596005713171871
],
[
0.829318256804066,
0.6794654596234143,
1.641630145882708
]
],
[
[
2.935787054529768,
0.012859733216137023,
0.16663132243753806
],
[
2.5003306187617227,
-0.8340315765743795,
-0.1385781170454073
]
],
[
[
2.971356625547716,
-0.1327768541100177,
0.14505050579390652
],
[
1.7817784655086089,
0.3691475546751934,
0.9085789525616675
]
],
[
[
3.370686339975437,
-0.49641752258426064,
-0.7840713301798946
],
[
2.9331881893040954,
-1.350029496382652,
-1.0668114340689092
]
],
[
[
3.398198543270365,
-0.7132811146428643,
-0.808477054652354
],
[
2.6428632931426197,
0.03891139503864349,
0.24683099909000772
]
],
[
[
-3.712523764305034,
-0.035012794031602956,
-0.43359270256977595
],
[
-3.3327482275683926,
-0.9120885084759662,
-0.7277163718456541
]
],
[
[
-3.040160056069229,
0.5226579837436858,
0.5240849365344866
],
[
-2.816708896409025,
-0.34628210076474275,
0.08248250359169224
]
],
[
[
-2.2485549617744596,
1.0406519775875893,
1.4420269722824937
],
[
-1.870906686228667,
0.2899537650717109,
0.8999624247397179
]
],
[
[
-1.1669111138088273,
1.5069179029073168,
1.9301317640690827
],
[
-0.8692872141469608,
0.6622892373791204,
1.4851346497884157
]
],
[
[
-0.05380206941878863,
1.601743818303194,
1.9779651569205585
],
[
0.090919410265796,
0.8041440341170721,
1.3923968196753176
]
],
[
[
0.9521468513447366,
1.3858480641413529,
1.8523583146030318
],
[
0.9255483859653633,
0.5627897054372123,
1.2850246739587383
]
],
[
[
2.040317201708226,
1.2488184990535616,
1.3599275572395733
],
[
1.897059827195402,
0.35828282346843454,
0.9281596390730722
]
],
[
[
2.9940635977857886,
0.5650761633771249,
0.51144392028737
],
[
2.8037608979584925,
-0.27027923001863413,
-0.0042752369707825255
]
],
[
[
3.6260035404892212,
-0.10301903094417092,
-0.7030258022199527
],
[
3.2095554389473575,
-0.9795521416335446,
-0.9443983039416433
]
],
[
[
-2.010037542656008,
0.444854867335551,
1.1283329775303632
],
[
-2.012010142621295,
-0.38848608463998807,
0.5755771846074131
]
],
[
[
-0.8506825617903422,
-0.012464643043121212,
1.152786909422854
],
[
-2.225670167346241,
-0.3919643862676896,
0.6886866729866477
]
],
[
[
-1.614332257025104,
0.6784488846367798,
0.4949361397991326
],
[
-1.654031665575049,
-0.18237286448565548,
-0.012419626107372184
]
],
[
[
-0.7960348042036207,
0.16514485087431324,
0.4573353564119296
],
[
-1.6446312674508476,
-0.09573945628732786,
-0.0029074282583879674
]
],
[
[
-1.5699123100909964,
0.057392981170730425,
0.0656726106100998
],
[
-2.079349020483839,
-0.3370361401670721,
0.8304601015805052
]
],
[
[
-3.3652378492043273,
-0.525798821768745,
-0.7292901056803553
],
[
-3.222458592066262,
-1.3988269568432874,
-1.1955903942277346
]
],
[
[
-2.8918261474747586,
-0.4047283344409429,
-1.0854154262902085
],
[
-2.812260684953479,
-1.2886174861819468,
-1.5462942656920013
]
],
[
[
-2.635821792789754,
-1.0119358386107595,
-1.3105461842709916
],
[
-3.5242341013292613,
-1.161778261125404,
-0.8766443307943723
]
],
[
[
-2.746518799034537,
0.06509991857698613,
0.20020837415003123
],
[
-2.574958572749292,
-0.8766393669682421,
-0.08909113642286745
]
],
[
[
-1.8859003461762152,
-0.16996400088159572,
0.910918376387763
],
[
-2.796454641949749,
-0.7038520624448737,
-0.15484633130740633
]
],
[
[
-2.521008207373302,
-0.7254598768419955,
-0.002942202369199093
],
[
-3.275182557365367,
-1.2343771904053313,
-1.1955126270274343
]
],
[
[
-2.5286980884698393,
0.2133327392105403,
-0.19628427033238627
],
[
-2.0457522248352222,
-0.5999589459574657,
-0.5208145888463878
]
],
[
[
-1.598563735685162,
-0.12261548047444415,
0.10537503845530605
],
[
-2.173591412196619,
-0.612830050875289,
-0.549630950992539
]
],
[
[
-1.9731906996801958,
-0.4852424903604785,
-0.44964149534056075
],
[
-2.955007915154863,
-1.1040059582624817,
-1.3999923390753666
]
],
[
[
-2.0852809218809636,
-0.3812317991317595,
-0.590580906936906
],
[
-2.7150378176576586,
-0.5545106883545969,
0.1666381358581105
]
],
[
[
3.0418165453850996,
-0.25944338682300466,
-1.433082586792132
],
[
2.8585430299158707,
0.18227745939676354,
-0.5548494101571095
]
],
[
[
2.921080303727348,
-1.4431696641210554,
-2.0576823842540173
],
[
2.4589344872172987,
-0.8894756381593953,
-1.3649745310455894
]
],
[
[
-2.5592900406381887,
-0.36253689732722305,
-0.9559859388453193
],
[
-3.098029260352357,
-0.9146696324519888,
-1.5923109312394688
]
],
[
[
2.808728529275174,
-0.792535511887883,
-1.5080915914059327
],
[
2.6442079175134285,
-0.31930050139198574,
-0.6426543648282397
]
],
[
[
-2.6976402107075272,
-1.0064341650351711,
-1.1323870041443134
],
[
-3.126719805589497,
-1.4578007238377677,
-1.9147928648397885
]
],
[
[
-3.1242360393742987,
0.26204765053768075,
-0.7219528117013357
],
[
-3.1198685950832963,
-0.4907463866780063,
-1.3801944565118656
]
],
[
[
-3.5072568248759133,
0.02618251967250068,
-0.11068031588099786
],
[
-3.669986923594139,
-0.5092769784544023,
-0.9394155213820324
]
],
[
[
-3.273557699511028,
-0.4480059656600868,
-0.3211983786608844
],
[
-3.5751603902102533,
-0.9587739976791295,
-1.1262771539558127
]
],
[
[
-3.1864684087134187,
-0.9360655620338707,
-0.53202310447584
],
[
-3.5797215242722746,
-1.4068029826525257,
-1.3218067887416958
]
],
[
[
2.8310610550872983,
-1.5452726577372131,
-2.1753695908942525
],
[
3.383976938192938,
-0.5720767026176444,
-0.5179095886171472
]
],
[
[
3.3357678195315823,
-0.9144611444836488,
-0.8094937994770931
],
[
2.6564630158345373,
0.7478855982682944,
0.07093126294226104
]
],
[
[
2.620599411868109,
-1.0803764158235594,
-1.4589532311396567
],
[
2.8171968948409587,
-0.032180347301172696,
0.23297892814538756
]
],
[
[
2.88651756279651,
-0.12982944453121079,
0.04736318845486625
],
[
1.8186201199884442,
1.388745181867535,
0.7913565726337201
]
],
[
[
2.2427595614257045,
-0.4269676721827098,
-0.6241149286234243
],
[
1.9410056602181445,
0.5499523612525239,
1.0947718714244785
]
],
[
[
2.0687758975209913,
0.2724518253734781,
0.9869142212069042
],
[
0.8016427009373726,
1.798661892515483,
1.2419755727876118
]
],
[
[
1.6891877953841783,
-0.11555461791774074,
-0.1937342283158339
],
[
0.9744802781005086,
0.5725340229220574,
1.542850692465598
]
],
[
[
1.1716849662393183,
0.3984852078450216,
1.4102427119097252
],
[
-0.07623410908251171,
1.9337983908549652,
1.7026660548968815
]
],
[
[
-2.866647033212418,
-1.0777661588202607,
-1.4529953937384672
],
[
-3.0028884689467787,
-0.19198837243168576,
0.3349744002820014
]
],
[
[
-2.8621419483838895,
-0.3758701747941097,
0.11404832912803532
],
[
-1.8856955834765625,
1.2429748246804773,
0.7666533889731088
]
],
[
[
-2.28956411174801,
-0.47488358800431696,
-0.5862090990967077
],
[
-1.9184165052223814,
0.3870713805025204,
1.1799401263190483
]
],
[
[
-1.925705409515706,
0.24649524979370777,
1.062028217370248
],
[
-0.8632206031643508,
1.912633288332949,
1.3704274274942914
]
],
[
[
-1.742974476324721,
-0.21656306132035313,
-0.09398032995991075
],
[
-0.973096877434642,
0.696654005024197,
1.510177727235296
]
],
[
[
-1.031699814920825,
0.8171484367701259,
1.3921993259050363
],
[
-0.015999344022824324,
1.9206551222650439,
1.417210293211417
]
],
[
[
-1.01056766386716,
0.17432306417131127,
0.3093237778649879
],
[
0.27825830555774034,
1.003601919033911,
1.594323467130998
]
],
[
[
-0.06921548129992235,
0.7778535436509246,
1.7618837912505063
],
[
0.8503618320493377,
0.051290076495005166,
0.14124098885149317
]
],
[
[
-3.054818175739344,
-1.4102217481268464,
-1.913666618574197
],
[
-3.337377223844266,
-0.7389754511598031,
-0.6023356942297458
]
],
[
[
-3.388433633258475,
-0.926520481496543,
-0.8628380863441726
],
[
-2.83184337860136,
0.7987801252100463,
-0.01812209565937206
]
]
],
"contact_id_pairs": [
[
3,
35
],
[
3,
48
],
[
35,
36
],
[
3,
80
],
[
71,
72
],
[
71,
80
],
[
4,
37
],
[
4,
138
],
[
36,
138
],
[
37,
51
],
[
4,
73
],
[
72,
82
],
[
73,
82
],
[
5,
41
],
[
5,
105
],
[
5,
116
],
[
40,
116
],
[
5,
104
],
[
5,
121
],
[
76,
139
],
[
76,
140
],
[
90,
121
],
[
104,
139
],
[
6,
43
],
[
6,
110
],
[
41,
110
],
[
42,
43
],
[
6,
76
],
[
6,
91
],
[
6,
131
],
[
76,
107
],
[
77,
107
],
[
91,
132
],
[
7,
43
],
[
7,
46
],
[
44,
46
],
[
46,
101
],
[
7,
77
],
[
7,
79
],
[
7,
99
],
[
77,
133
],
[
77,
134
],
[
79,
92
],
[
8,
137
],
[
35,
45
],
[
35,
102
],
[
45,
102
],
[
45,
137
],
[
8,
71
],
[
8,
78
],
[
78,
100
],
[
9,
50
],
[
48,
49
],
[
48,
52
],
[
49,
50
],
[
49,
52
],
[
50,
52
],
[
9,
80
],
[
9,
81
],
[
9,
138
],
[
80,
138
],
[
81,
94
],
[
81,
137
],
[
83,
137
],
[
94,
137
],
[
10,
37
],
[
10,
38
],
[
10,
129
],
[
37,
54
],
[
10,
73
],
[
10,
84
],
[
74,
84
],
[
11,
57
],
[
11,
61
],
[
58,
59
],
[
58,
61
],
[
11,
87
],
[
11,
89
],
[
86,
97
],
[
87,
125
],
[
89,
125
],
[
97,
125
],
[
97,
126
],
[
12,
38
],
[
12,
127
],
[
38,
57
],
[
39,
57
],
[
12,
75
],
[
12,
86
],
[
74,
86
],
[
13,
115
],
[
13,
125
],
[
39,
125
],
[
60,
125
],
[
2,
13
],
[
2,
88
],
[
13,
75
],
[
13,
88
],
[
14,
60
],
[
14,
61
],
[
60,
117
],
[
61,
62
],
[
1,
89
],
[
1,
98
],
[
14,
123
],
[
14,
124
],
[
88,
123
],
[
89,
123
],
[
98,
123
],
[
15,
119
],
[
27,
119
],
[
40,
119
],
[
15,
63
],
[
15,
90
],
[
90,
120
],
[
16,
28
],
[
16,
42
],
[
27,
28
],
[
27,
140
],
[
16,
63
],
[
16,
64
],
[
16,
91
],
[
17,
28
],
[
17,
29
],
[
28,
44
],
[
44,
132
],
[
17,
64
],
[
17,
65
],
[
17,
92
],
[
18,
29
],
[
18,
47
],
[
18,
134
],
[
30,
47
],
[
18,
93
],
[
65,
66
],
[
66,
93
],
[
19,
45
],
[
19,
47
],
[
19,
49
],
[
45,
46
],
[
19,
81
],
[
19,
93
],
[
19,
136
],
[
78,
79
],
[
78,
81
],
[
79,
93
],
[
79,
135
],
[
20,
31
],
[
20,
50
],
[
20,
136
],
[
30,
50
],
[
30,
130
],
[
20,
66
],
[
20,
67
],
[
20,
94
],
[
21,
31
],
[
21,
32
],
[
21,
128
],
[
32,
53
],
[
53,
128
],
[
21,
67
],
[
67,
95
],
[
68,
95
],
[
22,
51
],
[
22,
55
],
[
51,
52
],
[
52,
53
],
[
53,
55
],
[
22,
82
],
[
22,
95
],
[
82,
85
],
[
82,
129
],
[
83,
95
],
[
129,
130
],
[
23,
32
],
[
23,
33
],
[
23,
126
],
[
32,
56
],
[
23,
69
],
[
23,
96
],
[
68,
96
],
[
24,
54
],
[
24,
55
],
[
54,
55
],
[
55,
56
],
[
56,
58
],
[
24,
84
],
[
24,
87
],
[
84,
128
],
[
85,
128
],
[
96,
127
],
[
96,
128
],
[
25,
33
],
[
25,
34
],
[
33,
124
],
[
34,
59
],
[
25,
70
],
[
25,
97
],
[
69,
97
],
[
26,
34
],
[
26,
62
],
[
26,
114
],
[
0,
70
],
[
0,
98
],
[
26,
98
],
[
99,
103
],
[
100,
103
],
[
103,
108
],
[
101,
102
],
[
101,
103
],
[
101,
111
],
[
101,
135
],
[
111,
135
],
[
104,
106
],
[
104,
109
],
[
106,
122
],
[
105,
131
],
[
106,
112
],
[
106,
118
],
[
112,
131
],
[
107,
108
],
[
107,
109
],
[
107,
113
],
[
110,
111
],
[
110,
112
],
[
110,
113
],
[
113,
133
],
[
115,
123
],
[
118,
139
]
],
"contact_t_pairs": [
[
0.17657031551471566,
0.13629631274368495
],
[
0.02331210116599581,
0.8524948160225803
],
[
0.31696745556363753,
0.9224723282013321
],
[
0.9766878988340039,
0.8304146722186467
],
[
0.16854546877268814,
0.9664420252922209
],
[
0.1362080382285095,
0.9190386892317182
],
[
0.2370781652750294,
0.7889750250580613
],
[
0.04051136110438475,
0.9456840596257738
],
[
0.07752767179866868,
0.8259550743217783
],
[
0.8893436167405881,
0.9740388030774003
],
[
0.9594886388956155,
0.9255482648692805
],
[
0.03355797470777969,
0.8260927591214534
],
[
0.8617592557388168,
0.9731770341788458
],
[
0.3919977465506973,
0.9323711488111989
],
[
0.18247003588913888,
0.2536827888322827
],
[
0.09879598524142673,
0.437854838853997
],
[
0.20493132308714643,
0.5621451611460027
],
[
0.7807507166555874,
0.2069782900107346
],
[
0.9012040147585733,
0.5632972641551839
],
[
0.8835002672321488,
0.9353493714574064
],
[
0.9659797772394328,
0.061536703327710655
],
[
0.7448996120233182,
0.43670273584481595
],
[
0.4370519975286897,
0.7526617888115453
],
[
0.014012277009992823,
0.8898537893931214
],
[
0.1445074905758754,
0.18224738866657209
],
[
0.06762885118880137,
0.05253329678201345
],
[
0.08749735811618994,
0.8231310207861953
],
[
0.6897377949058547,
0.11743498239101449
],
[
0.796185631651914,
0.7517037853327327
],
[
0.9859877229900061,
0.9876457216455851
],
[
0.034020222760566744,
0.11456899839043048
],
[
0.9619736407357755,
0.221264924734666
],
[
0.9453961404374011,
0.038073507461858794
],
[
0.046873150940409926,
0.11014621060687826
],
[
0.17974094137270047,
0.7966186170423466
],
[
0.09599322840917945,
0.8500355696412158
],
[
0.7302630276331034,
0.014878474365128203
],
[
0.8775841852842111,
0.16933771073549708
],
[
0.8110881652273377,
0.9288771499975197
],
[
0.9531268490595901,
0.16562386489065672
],
[
0.13418001529982213,
0.9060545380008983
],
[
0.038026359264224506,
0.0787697141542773
],
[
0.8749659931254328,
0.8486871796260629
],
[
0.13599859496177102,
0.07160214929138661
],
[
0.7624573290528693,
0.9682573389931551
],
[
0.8637036872563147,
0.17044122021401012
],
[
0.9045536070766216,
0.005638266639337315
],
[
0.7516348152580147,
0.15805754890263507
],
[
0.7981144905343969,
0.8637919617714905
],
[
0.8640014050382291,
0.792669373955392
],
[
0.8505301106605416,
0.14659288534998438
],
[
0.07661076971080241,
0.27901225351737524
],
[
0.14750518397742013,
0.015015790887358856
],
[
0.2588554803607394,
0.6583645253506525
],
[
0.08459205335217192,
0.2266423267154732
],
[
0.3141036635995303,
0.8464924687578741
],
[
0.1539168832672106,
0.7011112861108174
],
[
0.8875013583342484,
0.08096131076828193
],
[
0.6946606443472501,
0.24181789610823443
],
[
0.9233892302891981,
0.05431594037422558
],
[
0.15599568612307893,
0.09362583705275605
],
[
0.20123556338770093,
0.8379130633096364
],
[
0.12170960010586876,
0.9283978507086134
],
[
0.9501669022425558,
0.8155118920248435
],
[
0.9265954246827975,
0.8559413079773242
],
[
0.10493421248814304,
0.11065638325941173
],
[
0.2682941594948481,
0.8828264936146687
],
[
0.07955383826988319,
0.02357146888794066
],
[
0.2908856828564428,
0.8670351005810947
],
[
0.8702403625783469,
0.07445173513071933
],
[
0.9204461617301164,
0.8880059187748996
],
[
0.858217209172859,
0.6294067166767766
],
[
0.09844336124848588,
0.10626860551883509
],
[
0.21859624542100478,
0.9490434522825199
],
[
0.09633000552426696,
0.08253944119308791
],
[
0.13672811362128368,
0.8668418248488178
],
[
0.9015566387515138,
0.1681598570449518
],
[
0.7713617188054654,
0.9291466139675792
],
[
0.17620328288309126,
0.8172060716324401
],
[
0.13085917375015838,
0.9958464350490833
],
[
0.7931971219007563,
0.8905224090999802
],
[
0.8421517128570375,
0.9070546871415148
],
[
0.7883767369741963,
0.0358298223189664
],
[
0.12620304971394836,
0.11717350638533142
],
[
0.10092857645366632,
0.04539164451558831
],
[
0.20054759027188834,
0.701831578087808
],
[
0.8846409486842002,
0.8937313944811642
],
[
0.8990714235463335,
0.838149701010327
],
[
0.7498035965735576,
0.8237967171169075
],
[
0.14178279082714143,
0.5288096460230843
],
[
0.05543703875559261,
0.9452095852529013
],
[
0.2724862692756821,
0.1174438068403295
],
[
0.11535905131580006,
0.004153564950916324
],
[
0.6979343283543472,
0.14660597945856704
],
[
0.5275414531628203,
0.8365490290279118
],
[
0.4724585468371798,
0.6849330719633364
],
[
0.9445629612444073,
0.16185029898967282
],
[
0.8111640063000947,
0.6393159751831938
],
[
0.169118017298486,
0.33933045552805224
],
[
0.19603364737035558,
0.16798840680620458
],
[
0.30206567164565307,
0.5000000000000001
],
[
0.05095654771748001,
0.14756731403767617
],
[
0.5601039741899655,
0.07085338603241977
],
[
0.43989602581003395,
0.681566478440479
],
[
0.7921982408077298,
0.8251597745845911
],
[
0.8308819827015144,
0.07084313033093338
],
[
0.3150669280366635,
0.7848823901656001
],
[
0.09136246874396758,
0.8943421375909878
],
[
0.8048924779347395,
0.7723834303517552
],
[
0.10651508309910672,
0.521383819588348
],
[
0.9650693752590372,
0.40872865136992276
],
[
0.7950686769128547,
0.591271348630071
],
[
0.8934849169008937,
0.8757125607035797
],
[
0.8195721975257068,
0.47636415808096
],
[
0.25510038797668155,
0.4999999999999999
],
[
0.16621491343189806,
0.9097728139270519
],
[
0.055790880720946075,
0.9125026418838104
],
[
0.0349306247409597,
0.954139308514736
],
[
0.16088092395263662,
0.9384632966722912
],
[
0.944209119279054,
0.12428743929642044
],
[
0.8329738102120802,
0.926600086840208
],
[
0.7298051453031646,
0.05460385956259819
],
[
0.1309437687419961,
0.04586069148526414
],
[
0.22849755179813822,
0.8830868534669849
],
[
0.11657055174048556,
0.9040067715908202
],
[
0.738345317191467,
0.9619264925381414
],
[
0.8690562312580041,
0.07339991315979187
],
[
0.7236233759237063,
0.9355446087516496
],
[
0.770278422412187,
0.1513128203739374
],
[
0.43387904630757423,
0.1169131465330153
],
[
0.34360522204536686,
0.8481017421752123
],
[
0.16301456981741166,
0.9212302858457224
],
[
0.8722432718113192,
0.7928680651110424
],
[
0.8369854301825886,
0.04302965129782231
],
[
0.06445539124835083,
0.8401162090871584
],
[
0.8561095757404135,
0.12426543396064024
],
[
0.2872335689379786,
0.03174266100684505
],
[
0.3032348984963386,
0.15189825782478797
],
[
0.1566279151315986,
0.984984209112641
],
[
0.20378206882690506,
0.14996443035878398
],
[
0.7647429564266549,
0.8782903998941309
],
[
0.8433720848684011,
0.7826724129323454
],
[
0.719861526765164,
0.06954831337074405
],
[
0.26921527957453745,
0.09889366024508997
],
[
0.14946988933945815,
0.823102952780323
],
[
0.07112285000248014,
0.9569703487021776
],
[
0.1802513386780404,
0.9452122964264746
],
[
0.18115254929055352,
0.9838773663104144
],
[
0.3294944549854531,
0.8095207736402013
],
[
0.10941700619589023,
0.9304516866292557
],
[
0.18916199491970523,
0.8460831167327894
],
[
0.12775672818868067,
0.8994288024046159
],
[
0.89058299380411,
0.14389042425958642
],
[
0.7831188328981048,
0.8566356781188897
],
[
0.7078136159208163,
0.07340457531720382
],
[
0.2796685527852424,
0.016122633689585244
],
[
0.12101729966225162,
0.8621928421112902
],
[
0.15840168831409165,
0.9222385497392603
],
[
0.904003107975541,
0.7838169034855154
],
[
0.8761175621401943,
0.992878650241281
],
[
0.8789827003377482,
0.19585739658560458
],
[
0.14336432188111028,
0.10898345213628981
],
[
0.9173192229853444,
0.02485579613466578
],
[
0.18687078331391865,
0.21789257062910702
],
[
0.1255434371669624,
0.8527257545548401
],
[
0.02596119692259962,
0.18858680554952334
],
[
0.15350753124212632,
0.24803856338985295
],
[
0.12388243785980557,
0.8189603504046961
],
[
0.8744565628330375,
0.17624945533081846
],
[
0.696074307430156,
0.9751442038653343
],
[
0.02682296582115419,
0.8852401268608316
],
[
0.13248901570934762,
0.9764285311120596
],
[
0.04983309775744385,
0.8088333715030176
],
[
0.9390069768349257,
0.10057119759538428
],
[
0.28218090953763153,
0.09599689202445953
],
[
0.3611304564733762,
0.9543894581480429
],
[
0.16962143476544594,
0.9641701776810335
],
[
0.2890931265267262,
0.8933779039889785
],
[
0.8303785652345544,
0.9802203191177251
],
[
0.7667178488936874,
0.13823988613681956
],
[
0.08268077701465569,
0.2560712932575633
],
[
0.09775488148939974,
0.1329648994189054
],
[
0.1331539058700619,
0.14727424544515968
],
[
0.15910226117694903,
0.16963252714855506
],
[
0.2929487084110594,
0.19473716256732057
],
[
0.10662209601102175,
0.9036699944757332
],
[
0.9022451185106002,
0.20220193535676934
],
[
0.6883617401635892,
0.8691408262498417
],
[
0.11199408122510027,
0.007121349758718911
],
[
0.11475987313916829,
0.08350967863076035
],
[
0.822293636870201,
0.9546083554844116
],
[
0.8617601138631803,
0.12790376373998355
],
[
0.23350618285912653,
0.07975620704013858
],
[
0.08954381177729612,
0.8721030936313868
],
[
0.04561054185195695,
0.9291568696690666
],
[
0.9543622594093953,
0.9174605588069117
],
[
0.9104561882227041,
0.8766257521595981
],
[
0.7869338650994124,
0.2349895963337335
],
[
0.019779680882274542,
0.15784828714296487
],
[
0.1498564700186855,
0.04563774059060433
],
[
0.3698501911160508,
0.8524326859623238
],
[
0.17385647691068082,
0.5000000000000001
],
[
0.487999773509141,
0.12337424784040221
],
[
0.5120002264908623,
0.19510752206526055
],
[
0.8501435299813148,
0.30926353378488897
],
[
0.8343761351093432,
0.8064671461379996
],
[
0.8534071146500154,
0.9151848508105306
],
[
0.8740337468690305,
0.16391462672048776
],
[
0.9174520861819869,
0.9943617333606632
],
[
0.7482472778694971,
0.08481514918946943
],
[
0.9851215256348717,
0.12678313769909558
],
[
0.9414524648892414,
0.0814999141723055
],
[
0.15332484534224863,
0.05478770357352532
],
[
0.6615050325513989,
0.6961710273060517
],
[
0.793021709989265,
0.9374437644089847
],
[
0.8542446221301376,
0.5000000000000001
],
[
0.7463172111677169,
0.012354278354414484
],
[
0.1697552614346099,
0.839312123250014
],
[
0.14575537786986206,
0.13128881838794318
],
[
0.9146068694093532,
0.06601096183534816
],
[
0.7109557859434158,
0.8360853732795123
],
[
0.8854310016095696,
0.06255623559101509
],
[
0.6256175159014659,
0.8353282294676178
],
[
0.91579188703816,
0.8732168623009043
],
[
0.9474667032179862,
0.08539313059064635
],
[
0.7583191222427647,
0.16467177053238216
],
[
0.23783642101719843,
0.09394546199910193
],
[
0.0547904147470984,
0.10565786240901223
],
[
0.868711181612057,
0.06465062854259344
]
],
"half_couplers": [
{
"pose": [
[
0.990042700591512,
-0.13376398760950664,
-0.04384799452961769,
0.11455849166750487
],
[
0.122225973996266,
0.9713911330930535,
-0.2036174791830452,
0.22498073200488458
],
[
0.06983023905250317,
0.1962306351388526,
0.978068134409292,
0.6375861584442368
],
[
0.0,
0.0,
0.0,
1.0
]
],
"at_element": 3,
"to_element": 35
},
{
"pose": [
[
0.18851290493052297,
0.13376398760950692,
-0.9729183317696606,
0.11937400684025051
],
[
0.2193357436217956,
-0.9713911330930536,
-0.09105546726071623,
0.19001056683804013
],
[
-0.9572641830991744,
-0.19623063513885158,
-0.21245898801527163,
0.6305218385345521
],
[
0.0,
0.0,
0.0,
1.0
]
],
"at_element": 35,
"to_element": 3
},
{
"pose": [
[
-0.03293625161377545,
0.9984951460599921,
-0.0438479945296182,
0.12127855701188651
],
[
-0.9781829227797861,
-0.04120790886634307,
-0.2036174791830465,
0.2561867832746658
],
[
-0.20511794877979184,
0.036184962919678515,
0.9780681344092916,
0.48768918265328504
],
[
0.0,
0.0,
0.0,
1.0
]
],
"at_element": 3,
"to_element": 48
},
{
"pose": [
[
-0.04912793007262861,
-0.998495146059992,
-0.02436985394733099,
0.08533112174588721
],
[
-0.37892335004756844,
0.04120790886634529,
-0.9245101422026645,
0.2576703344389006
],
[
0.924123120193141,
-0.03618496291967571,
-0.3803775850165132,
0.4863864656423006
],
[
0.0,
0.0,
0.0,
1.0
]
],
"at_element": 48,
"to_element": 3
},
{
"pose": [
[
0.231146113169292,
-0.0011807087997548205,
-0.9729183317696604,
-0.14429339346670905
],
[
-0.38794702671652426,
-0.9171728334091347,
-0.0910554672607192,
0.1653339238430425
],
[
-0.8922267530334076,
0.39848789138816965,
-0.21245898801527097,
0.5729440262839175
],
[
0.0,
0.0,
0.0,
1.0
]
],
"at_element": 35,
"to_element": 36
},
{
"pose": [
[
0.15606748994428155,
0.001180708799754765,
-0.9877456881754645,
-0.14425088794218144
],
[
0.39343623731242905,
0.9171728334091326,
0.06326073684127856,
0.19835215185548935
],
[
0.9060082040202118,
-0.39848789138817464,
0.14267632832771082,
0.5585984595828761
],
[
0.0,
0.0,
0.0,
1.0
]
],
"at_element": 36,
"to_element": 35
},
{
"pose": [
[
-0.00914081895733121,
0.9989963957915561,
-0.04384799452962236,
0.07947494025106984
],
[
-0.9788869836427091,
-0.017894005309554428,
-0.2036174791830505,
0.06206280663938031
],
[
-0.20419774407095603,
0.04106100059012363,
0.9780681344092906,
1.4201556704694045
],
[
0.0,
0.0,
0.0,
1.0
]
],
"at_element": 3,
"to_element": 80
},
{
"pose": [
[
-0.044598513308905074,
-0.998996395791556,
-0.00414412911432932,
0.04351111304465888
],
[
-0.31257235066611755,
0.017894005309556205,
-0.9497253972454559,
0.06270699005955524
],
[
0.9488464039082896,
-0.04106100059012685,
-0.31305669777349365,
1.4186774762172865
],
[
0.0,
0.0,
0.0,
1.0
]
],
"at_element": 80,
"to_element": 3
},
{
"pose": [
[
0.30695268672845044,
-0.04173749191234757,
-0.9508091448230042,
0.007745787055278092
],
[
-0.11122135612128864,
-0.9937656940231596,
0.007717209677673718,
-0.010370701596960658
],
[
-0.9452036066651076,
0.10338146425512851,
-0.30968115021056475,
1.3432590670054272
],
[
0.0,
0.0,
0.0,
1.0
]
],
"at_element": 71,
"to_element": 72
},
{
"pose": [
[
0.2205872316101979,
0.04173749191235059,
-0.9744738349588538,
0.009248337193910515
],
[
0.09175300729768185,
0.9937656940231597,
0.06333349062304476,
0.025404873621080657
],
[
0.9710420479579556,
-0.1033814642551276,
0.21538248291373496,
1.3395373332276819
],
[
0.0,
0.0,
0.0,
1.0
]
],
"at_element": 72,
"to_element": 71
},
{
"pose": [
[
-0.08518608437616204,
0.2978343518629189,
-0.9508091448230039,
0.05386587407750382
],
[
0.9546346712114888,
0.297679507517268,
0.007717209677671533,
-0.010745033694880494
],
[
0.2853348481163661,
-0.9070179764782348,
-0.30968115021056475,
1.3582805060340908
],
[
0.0,
0.0,
0.0,
1.0
]
],
"at_element": 71,
"to_element": 80
},
{
"pose": [
[
0.954608571637757,
-0.2978343518629189,
-0.004144129114330847,
0.04314384367552607
],
[
-0.09699783828125925,
-0.2976795075172691,
-0.9497253972454558,
-0.021461489703672038
],
[
0.28162722582251154,
0.9070179764782345,
-0.3130566977734943,
1.3909331341077524
],
[
0.0,
0.0,
0.0,
1.0
]
],
"at_element": 80,
"to_element": 71
},
{
"pose": [
[
0.9290486391521141,
0.36995713250113393,
0.0005883885989422452,
0.8282526903896126
],
[
-0.35791267059518306,
0.8992024347512353,
-0.2516614820843157,
0.06351669706177228
],
[
-0.09363304073364767,
0.23359516572264247,
0.9678151436271196,
0.4252719241660582
],
[
0.0,
0.0,
0.0,
1.0
]
],
"at_element": 4,
"to_element": 37
},
{
"pose": [
[
-0.4427228557698606,
-0.36995713250113477,
-0.8167791580901883,
0.8149342199866964
],
[
0.39168374108973386,
-0.8992024347512353,
0.19498417449475453,
0.031145376275227288
],
[
-0.8065855936879417,
-0.2335951657226416,
0.5430036635291535,
0.41686248959208955
],
[
0.0,
0.0,
0.0,
1.0
]
],
"at_element": 37,
"to_element": 4
},
{
"pose": [
[
0.6379448050575448,
0.7700818654525945,
0.0005883885989443199,
0.8281370327231079
],
[
-0.7452026856921514,
0.6175268865987396,
-0.251661482084311,
0.11298499032793402
],
[
-0.19416328936566718,
0.16010766636460463,
0.9678151436271208,
0.23503159435532173
],
[
0.0,
0.0,
0.0,
1.0
]
],
"at_element": 4,
"to_element": 138
},
{
"pose": [
[
0.4422310614310052,
-0.7700818654525938,
0.4597886566746288,
0.8004141255279682
],
[
-0.697629505092966,
-0.6175268865987409,
-0.363281733577962,
0.09075405445513712
],
[
0.5636885327282701,
-0.16010766636460305,
-0.8103214011995061,
0.22926772667451675
],
[
0.0,
0.0,
0.0,
1.0
]
],
"at_element": 138,
"to_element": 4
},
{
"pose": [
[
-0.15607035046833206,
0.0007079516016246234,
-0.9877456881754643,
0.6903395531664485
],
[
-0.4045061457867927,
-0.9123447030563678,
0.0632607368412795,
0.14490033030135385
],
[
-0.9011197610336852,
0.4094223267110837,
0.1426763283277107,
0.43804485836722534
],
[
0.0,
0.0,
0.0,
1.0
]
],
"at_element": 36,
"to_element": 138
},
{
"pose": [
[
-0.8880280907707079,
-0.0007079516016256365,
0.45978865667463004,
0.690314066892087
],
[
-0.1888214099449012,
0.9123447030563682,
-0.36328173357795857,
0.17774476113666826
],
[
-0.41922855955737387,
-0.40942232671108336,
-0.8103214011995068,
0.4233056449459744
],
[
0.0,
0.0,
0.0,
1.0
]
],
"at_element": 138,
"to_element": 36
},
{
"pose": [
[
-0.41453798855775714,
0.4012855130103411,
-0.8167791580901878,
0.6919657592669681
],
[
-0.852936197688602,
-0.4842323970668514,
0.19498417449475486,
0.0605008067668554
],
[
-0.3172666051052309,
0.7774888569483926,
0.5430036635291544,
0.49861325907240023
],
[
0.0,
0.0,
0.0,
1.0
]
],
"at_element": 37,
"to_element": 51
},
{
"pose": [
[
-0.9089891660168155,
-0.401285513010342,
-0.11273257342969364,
0.6775202847415496
],
[
-0.10606138730650194,
0.48423239706685284,
-0.8684871718992226,
0.07793220294095876
],
[
0.4031000845778562,
-0.7774888569483915,
-0.4827229009840004,
0.47062521785807576
],
[
0.0,
0.0,
0.0,
1.0
]
],
"at_element": 51,
"to_element": 37
},
{
"pose": [
[
0.9644520179959776,
0.2642573722383979,
0.0005883885989418566,
0.8286777484760474
],
[
-0.25560956417133857,
0.9334507213234464,
-0.25166148208431893,
-0.11828619340281643
],
[
-0.06705263371132353,
0.24256502649474102,
0.9678151436271188,
1.1244317204509016
],
[
0.0,
0.0,
0.0,
1.0
]
],
"at_element": 4,
"to_element": 73
},
{
"pose": [
[
-0.3792685976164458,
-0.26425737223839907,
-0.8867487649158079,
0.819164489585326
],
[
0.3318205713890934,
-0.9334507213234455,
0.13625292387231477,
-0.1518903963753239
],
[
-0.8637421138656318,
-0.242565026494743,
0.4417145782703289,
1.1156993854725705
],
[
0.0,
0.0,
0.0,
1.0
]
],
"at_element": 73,
"to_element": 4
},
{
"pose": [
[
0.15376868794833598,
-0.1635724169511224,
-0.9744738349588538,
0.9183194355388803
],
[
0.8873033367102068,
0.45681687537615534,
0.0633334906230475,
-0.03367792964899853
],
[
0.43479648028655965,
-0.8743925930520765,
0.21538248291373407,
1.1386104501421825
],
[
0.0,
0.0,
0.0,
1.0
]
],
"at_element": 72,
"to_element": 82
},
{
"pose": [
[
0.9851012681867375,
