{
"line_pt_pairs": [
[
[
11.993257843778059,
13.679516535039657,
-0.03272777330334864
],
[
11.00840577403813,
13.757811338033587,
0.121985912429741
]
],
[
[
11.463269120628762,
13.780964157887993,
0.7085790331566828
],
[
11.46424085004458,
14.78039618668255,
0.6748940875349265
]
],
[
[
11.513061626822154,
13.958378402492311,
1.3005803692177926
],
[
11.3975670869178,
14.94610074041255,
1.4057734983929384
]
],
[
[
11.385528987935746,
13.6280731960664,
-0.04585847777653851
],
[
11.328541647344275,
14.623001500788991,
-0.12874461337315246
]
],
[
[
11.336946146912869,
13.277750573583615,
1.9682118719346042
],
[
11.265979619360252,
15.276220080274836,
1.9352970911747143
]
],
[
[
12.0753737638312,
13.810617849312699,
0.578730615020731
],
[
11.112129467412364,
14.067096523433884,
0.4988612520733454
]
],
[
[
12.315461498351477,
13.808317560961259,
1.291799538173079
],
[
11.410824934867165,
14.197063893178143,
1.4664677298830069
]
],
[
[
11.937812577331707,
13.691558560177242,
-0.12415360651642726
],
[
10.942548176855906,
13.625809156599107,
-0.05255899027562405
]
],
[
[
11.444804438739402,
14.404859525348686,
1.796127565399035
],
[
11.415073543846729,
13.72342118974413,
-0.0839676100262341
]
],
[
[
11.466363617501578,
14.357722994214459,
2.457107369840375
],
[
11.385001367913413,
13.951576703614693,
0.5004711300211278
]
],
[
[
11.262340961047615,
14.199350901478521,
1.9735380792334705
],
[
11.495775230890546,
14.031782468793779,
1.0157128018313355
]
],
[
[
12.201838565368112,
14.79234385362129,
0.6811040019756277
],
[
11.260665114406835,
14.45718786807075,
0.6379415118332802
]
],
[
[
11.696487996492428,
15.075821460973707,
1.40414393803166
],
[
10.937980903919987,
14.435968388006652,
1.2806326610893495
]
],
[
[
11.976895658635605,
14.321389770743334,
-0.03928882045882576
],
[
10.989252694594958,
14.16790848899175,
-0.07098853233282854
]
],
[
[
11.692792021747943,
15.069204435805554,
1.7066654969145245
],
[
11.410534275279781,
14.25535810760463,
-0.09832334477746474
]
],
[
[
11.269853489286541,
15.420454825097366,
2.2662773625834807
],
[
11.430305887252374,
14.232671371020482,
0.6652072534976228
]
],
[
[
11.205908094717516,
15.106966612067417,
2.0101229702358836
],
[
11.534955109759846,
14.618196016561322,
1.20214316426277
]
],
[
[
11.733726318243475,
15.490088506609323,
2.01803977726133
],
[
10.848944318924936,
15.032344493952625,
1.9306828510400191
]
],
[
[
12.466467641639394,
14.09216027986087,
0.6060268643298213
],
[
11.513692918844004,
13.789092945755737,
0.5867780046083644
]
],
[
[
12.148422392356487,
14.30484139711242,
1.373911438439114
],
[
11.291936710268823,
13.788896810025497,
1.3586320590494958
]
],
[
[
11.683213863527103,
13.954820917119104,
0.821453760256686
],
[
11.556503920294663,
13.622520358691215,
-0.11316965543251256
]
],
[
[
11.80273606392832,
14.115900153420407,
2.0168726308447122
],
[
11.506160379348849,
13.75372293103346,
0.07242655987738034
]
],
[
[
11.865431646993693,
14.023381100503743,
2.2017991656010314
],
[
11.885474034898708,
14.117731379468442,
1.2064618722444787
]
],
[
[
12.319891998959731,
14.354870559144958,
0.7518408717923559
],
[
11.4425231939151,
14.826558838800155,
0.6638968738705123
]
],
[
[
12.334707116806522,
14.683379905499393,
1.3891439632627973
],
[
11.508474545452644,
15.241664232151937,
1.3139219674897695
]
],
[
[
12.39482129991425,
14.287604641619948,
-0.026832814496344115
],
[
11.42219404334487,
14.126336609947247,
0.14046584580532617
]
],
[
[
11.786478839573375,
14.733095297576707,
0.6373988851934355
],
[
11.64048884697644,
14.146855973381763,
-0.1594764983070236
]
],
[
[
11.732413546864061,
15.050253493721941,
1.5282093091523243
],
[
11.625408463904243,
14.733504719318844,
0.5857549993129032
]
],
[
[
11.762361774551374,
15.527582363668092,
2.1636047549857533
],
[
11.814438138159183,
14.918169648162372,
1.3724636837896416
]
],
[
[
12.443019638390957,
15.09370925647206,
2.0807684153043002
],
[
11.562808472231396,
15.552447368190272,
1.9591639424209704
]
],
[
[
11.967704815277749,
14.78398188574124,
0.647653319853851
],
[
11.961012972793904,
13.789293840939699,
0.5449356837193498
]
],
[
[
11.996207875076308,
15.055301093142733,
1.407461701220108
],
[
12.006728602137603,
14.059063794933039,
1.3214351939217712
]
],
[
[
12.017642706469664,
14.479186710334739,
0.03789871241065779
],
[
11.88867395977775,
13.494551069546366,
-0.07982858801701886
]
],
[
[
12.033170096873576,
13.999557734594623,
0.7587732010302712
],
[
11.996587441836864,
13.514215815830148,
-0.11478557274541634
]
],
[
[
12.030458806951074,
14.69197891128061,
0.7539902519383492
],
[
12.133046581853264,
14.208569648929696,
-0.11537229240892288
]
],
[
[
12.142826167618772,
14.294983414268904,
1.5001691182514607
],
[
12.125067197964695,
14.006128885676658,
0.5429608439931479
]
],
[
[
12.122140470808842,
14.960006588516915,
1.4164877114404302
],
[
11.924573698767706,
14.423021067861397,
0.5963572820625382
]
],
[
[
12.211331590108447,
14.285657993320818,
2.205355741209498
],
[
12.077376446891279,
14.185857955885563,
1.2194064665844855
]
],
[
[
12.282697683228033,
15.163290545418675,
2.111587635961344
],
[
12.030526451354111,
14.752091576469896,
1.2356167016543604
]
],
[
[
12.042632376613538,
15.74505030636829,
2.223528246128218
],
[
12.245418736498777,
13.814836802804766,
1.740668511934609
]
],
[
[
11.941546616536455,
13.975355414785556,
1.937579609668307
],
[
11.035365783041806,
14.392167893219282,
2.009019478291349
]
],
[
[
11.521770923434584,
14.006998582158452,
2.039642828765476
],
[
12.467998870445717,
14.32713825379615,
2.0861537193052566
]
],
[
[
12.017157616000459,
14.976527366334137,
0.8855524328769913
],
[
11.953595557228878,
13.31760270137792,
-0.2297631371230966
]
],
[
[
12.05316055871028,
15.26716205831501,
1.6166421305820649
],
[
12.104346428136427,
13.669224667979364,
0.41498656290120994
]
],
[
[
11.594911357879024,
14.614437768112502,
0.627742906399721
],
[
12.025461555869079,
14.76746282004174,
1.5172426874524083
]
],
[
[
11.12959357293619,
15.047390712625125,
1.914420185627797
],
[
11.934190202336456,
14.597878090971616,
0.13943774432537037
]
],
[
[
11.489842186581875,
14.845257655134851,
1.0554100964582935
],
[
11.263997607277668,
13.373653875054682,
-0.2800211224566551
]
],
[
[
11.438136969310213,
15.20648103426556,
1.6996208123541792
],
[
11.599396465706977,
13.710696866017537,
0.38181009118044773
]
],
[
[
11.533321311576067,
14.00348296280785,
1.96574714339608
],
[
12.391158391353358,
13.950435244969878,
0.159839758120924
]
],
[
[
11.786916440142548,
13.960089226444037,
1.5134430662216407
],
[
11.382017987254292,
13.791286403008678,
0.6147980586413686
]
],
[
[
11.790939926236,
14.060211266252306,
2.1077147624384995
],
[
12.174057176567022,
14.187335767628133,
1.192804639175704
]
],
[
[
11.733471741770655,
13.984572556460167,
2.1399714751230805
],
[
11.406046114334892,
14.354678498781839,
1.270595808361879
]
],
[
[
11.225835659334507,
15.543569916709991,
2.3027002720577556
],
[
11.491481173080873,
13.90838178297071,
1.1821681536851143
]
],
[
[
12.181868695326694,
15.564942483589489,
2.2945920467644445
],
[
11.877555194306513,
13.942682854520553,
1.1651377586279303
]
],
[
[
11.731320381544302,
15.058933117018558,
1.2955764743106297
],
[
11.079794594973473,
15.248405365436984,
2.0301609939627454
]
],
[
[
11.606631486026338,
14.975594187013762,
1.3494460625491889
],
[
12.317325576088733,
15.062798690266794,
2.047521477502886
]
],
[
[
12.1056718613066,
14.575944706630208,
0.6131104520492165
],
[
11.622503041349646,
14.123269962725518,
-0.1363116370649411
]
],
[
[
11.761358675447203,
14.137475284890753,
-0.06801415649030917
],
[
11.270085566035815,
14.476317991878712,
0.7343799810071789
]
]
],
"contact_id_pairs": [
[
1,
8
],
[
1,
49
],
[
5,
8
],
[
5,
9
],
[
5,
47
],
[
8,
9
],
[
1,
11
],
[
1,
15
],
[
1,
46
],
[
11,
14
],
[
11,
57
],
[
2,
51
],
[
2,
52
],
[
6,
9
],
[
9,
10
],
[
9,
52
],
[
10,
52
],
[
51,
52
],
[
2,
12
],
[
2,
16
],
[
2,
45
],
[
12,
15
],
[
12,
47
],
[
16,
47
],
[
3,
7
],
[
3,
8
],
[
7,
46
],
[
3,
13
],
[
13,
14
],
[
4,
10
],
[
4,
40
],
[
4,
16
],
[
4,
17
],
[
4,
52
],
[
17,
54
],
[
5,
18
],
[
18,
20
],
[
18,
21
],
[
6,
19
],
[
6,
48
],
[
19,
21
],
[
19,
22
],
[
21,
48
],
[
48,
49
],
[
0,
20
],
[
7,
20
],
[
11,
23
],
[
11,
44
],
[
23,
27
],
[
23,
45
],
[
26,
45
],
[
27,
45
],
[
12,
54
],
[
12,
55
],
[
24,
54
],
[
27,
55
],
[
28,
55
],
[
13,
26
],
[
25,
57
],
[
26,
56
],
[
56,
57
],
[
17,
29
],
[
28,
29
],
[
18,
30
],
[
18,
33
],
[
18,
35
],
[
18,
43
],
[
18,
48
],
[
35,
43
],
[
19,
31
],
[
19,
35
],
[
19,
53
],
[
35,
50
],
[
37,
50
],
[
0,
32
],
[
0,
42
],
[
33,
42
],
[
22,
40
],
[
22,
50
],
[
40,
51
],
[
41,
50
],
[
41,
51
],
[
23,
36
],
[
30,
36
],
[
30,
42
],
[
34,
42
],
[
34,
56
],
[
24,
31
],
[
24,
38
],
[
24,
43
],
[
31,
44
],
[
36,
43
],
[
38,
43
],
[
25,
32
],
[
25,
34
],
[
29,
38
],
[
29,
53
],
[
38,
55
],
[
39,
53
],
[
37,
39
],
[
37,
41
]
],
"coupler_pt_pairs": [
[
[
11.463489912484592,
14.008050473092513,
0.7009252958751837
],
[
11.42749414646503,
14.008104002218321,
0.7014751135393235
]
],
[
[
11.463298272511237,
13.81094711875183,
0.7075684847880301
],
[
11.430442516738827,
13.811474668096405,
0.7222730597318541
]
],
[
[
11.434561227658943,
13.981244086341805,
0.5255963382613884
],
[
11.424901894111436,
13.948689035542143,
0.5375486269309202
]
],
[
[
11.395859277563238,
13.991549078422581,
0.5223872872340867
],
[
11.386221801721309,
13.957668898293537,
0.5298206751593035
]
],
[
[
11.58554660944005,
13.941041896020128,
0.5381155987460425
],
[
11.577111977858483,
13.917399633086099,
0.5639186656135339
]
],
[
[
11.426641315724462,
13.988556943089968,
0.6475445821312801
],
[
11.39122917119888,
13.982664821455344,
0.6502401649788581
]
],
[
[
11.463998900446649,
14.53154895247301,
0.6832812567580132
],
[
11.466078008239919,
14.530336298689038,
0.647361807312425
]
],
[
[
11.46372571190582,
14.250572197874849,
0.6927513221821044
],
[
11.427899101282886,
14.250488122831635,
0.6892233051339107
]
],
[
[
11.463914294902425,
14.44453142543829,
0.6862141031966447
],
[
11.428378484755726,
14.44476003759741,
0.6919719014766114
]
],
[
[
11.536441606844697,
14.555393084144663,
0.6505887025548023
],
[
11.525660052890013,
14.587305388278933,
0.6378858348739475
]
],
[
[
11.306961002572399,
14.473674036490843,
0.6400646548251872
],
[
11.316604148073031,
14.444233023333178,
0.6584013923234223
]
],
[
[
11.4700947617274,
14.325835881258309,
1.33971485119336
],
[
11.436082964839002,
14.320726309555662,
1.350349208054273
]
],
[
[
11.496090872659014,
14.103514207112738,
1.316037435295211
],
[
11.460410044640696,
14.09964095317366,
1.313230774996843
]
],
[
[
11.437964031771694,
14.185401503211637,
1.4612276841317091
],
[
11.42525793081823,
14.152530509327379,
1.4685791932670074
]
],
[
[
11.418612330114627,
14.11935681897052,
1.308762776711978
],
[
11.42262210467872,
14.084294701524444,
1.3158740140381888
]
],
[
[
11.419891833205972,
14.125743877305203,
1.3395328467402499
],
[
11.454903280278872,
14.133537989915446,
1.3364591226120943
]
],
[
[
11.42866907003297,
14.079953948525356,
1.2910621632684853
],
[
11.463637687464137,
14.079773110610057,
1.2996160995622936
]
],
[
[
11.464944438123684,
14.288102709349184,
1.4269817635969926
],
[
11.431559114054048,
14.277233635531797,
1.4349282729570212
]
],
[
[
11.410819731258295,
14.832762630555065,
1.3937029093488462
],
[
11.41319096033232,
14.836840862209968,
1.3580133493624906
]
],
[
[
11.422567033408521,
14.732298376974882,
1.3830033951244363
],
[
11.456351617155095,
14.73495463807424,
1.3951552014496926
]
],
[
[
11.40103192311493,
14.916469070274943,
1.402617704517684
],
[
11.368094062946641,
14.914145087907363,
1.3882755728593812
]
],
[
[
11.342642314023424,
14.777328210876254,
1.346525581512342
],
[
11.360034210281974,
14.752872603621885,
1.3664113672348526
]
],
[
[
11.462143496839923,
14.878135704698117,
1.3659845210928878
],
[
11.475818254416764,
14.856963201449416,
1.3916897905504046
]
],
[
[
11.525083699308576,
14.632859134426505,
1.2263825584419634
],
[
11.498434877785826,
14.647179666646382,
1.2068670085223228
]
],
[
[
11.383819367718003,
13.657921045208075,
-0.048345061844436765
],
[
11.381450969530569,
13.654804061705068,
-0.08413158243659846
]
],
[
[
11.379593968210166,
13.731691281289876,
-0.05449076074740988
],
[
11.415519507270119,
13.733642764778198,
-0.0557661823948552
]
],
[
[
11.299070539755856,
13.649361825328876,
-0.07820552374038336
],
[
11.302569870856477,
13.624990830157621,
-0.051941240592526805
]
],
[
[
11.351563495504838,
14.221068578069017,
-0.09526012351073976
],
[
11.34996300551511,
14.223963442934355,
-0.05941105611675712
]
],
[
[
11.419415282098697,
14.234756436778005,
-0.057181893112663085
],
[
11.414768141476804,
14.267565802527644,
-0.07124851215208494
]
],
[
[
11.30434923874333,
14.195703434401523,
1.9530931938359029
],
[
11.269343989142904,
14.19432384849798,
1.9448033209114064
]
],
[
[
11.301800933270332,
14.267465587026814,
1.9519112716136169
],
[
11.304950690408946,
14.268167970428278,
1.9877664240959834
]
],
[
[
11.273745710242537,
15.057521260568157,
1.9388990594204096
],
[
11.240141053869477,
15.056116541816856,
1.9260634333641427
]
],
[
[
11.267044117487185,
15.246243031658096,
1.9357908129852022
],
[
11.263273720003008,
15.246698767386304,
1.9715907164228752
]
],
[
[
11.27502398707914,
15.021524046569391,
1.9394919333185447
],
[
11.310423598276731,
15.02288657421676,
1.9458958183518096
]
],
[
[
11.169142198384975,
15.197999607077769,
1.9622968560194993
],
[
11.15642360824761,
15.226120642808345,
1.9437630522885239
]
],
[
[
11.814083890950869,
13.880190314373525,
0.5570652329684906
],
[
11.812141621135215,
13.88402624993194,
0.5928075487041602
]
],
[
[
11.660667586629744,
13.835843997899651,
0.5897473264166876
],
[
11.650402172588059,
13.868771291147716,
0.5794319119497151
]
],
[
[
11.594877089878521,
13.814916752473424,
0.5884181643255127
],
[
11.584144368044889,
13.848956714128779,
0.5837148019778318
]
],
[
[
11.746001537615635,
14.053029614415937,
1.4017514742410055
],
[
11.742308359440836,
14.06019943589231,
1.366666518279747
]
],
[
[
11.826557391041606,
14.018412626973676,
1.386197664216602
],
[
11.811554223547677,
13.98627734025381,
1.3800148611233296
]
],
[
[
11.685375553157696,
14.025903272110732,
1.3656508586311287
],
[
11.703852784501855,
13.995144227208955,
1.3685618819787484
]
],
[
[
11.863692535198348,
14.133320924960806,
1.3688319658897694
],
[
11.882255654608048,
14.102580735758854,
1.366291825774885
]
],
[
[
11.728660170841547,
14.025438923458005,
1.5312071270452043
],
[
11.737302793805284,
13.990868968415958,
1.5363279985477933
]
],
[
[
11.765860289665628,
13.989103003737732,
1.4762091322794464
],
[
11.77189953227962,
13.953828653136215,
1.4801140446261039
]
],
[
[
11.578671187053395,
13.712475779995847,
0.032401022876741736
],
[
11.57788683325146,
13.678597677764149,
0.04455254564531397
]
],
[
[
11.557226246736855,
13.66641617164748,
-0.09677602496884274
],
[
11.560305218591635,
13.632489375444052,
-0.08513095296183648
]
],
[
[
11.782372722032928,
14.642970230742105,
0.6618671755335788
],
[
11.779951751758698,
14.645151550279468,
0.6977193852467385
]
],
[
[
11.619905203770506,
14.585114836343147,
0.6544163675573325
],
[
11.607827863818725,
14.61902851967038,
0.6544278998313016
]
],
[
[
11.617921317920505,
14.732261846598968,
0.6814780918991632
],
[
11.63493403499593,
14.761701631889006,
0.6696520935510459
]
],
[
[
11.669216720301867,
14.704684572407809,
0.6866197412654147
],
[
11.6862847141238,
14.73637810682655,
0.6863302773054761
]
],
[
[
11.77169374124935,
14.673724063319833,
0.5566955391115058
],
[
11.752057065577127,
14.69963236237055,
0.5412330140471844
]
],
[
[
11.644754495467025,
14.790771454856776,
0.7561464454040983
],
[
11.649718202474698,
14.756807111765788,
0.7669979233596445
]
],
[
[
11.673732783715254,
15.056625868784694,
1.4004385997233908
],
[
11.656972989191763,
15.080554314342498,
1.379401926233461
]
],
[
[
11.606520870043209,
14.999927981679642,
1.3894941677402741
],
[
11.62795230872821,
14.978210322111353,
1.3703883249977997
]
],
[
[
11.724676356163519,
15.095576936033853,
1.3336054467609453
],
[
11.705775856855233,
15.066361800007597,
1.3243775022748876
]
],
[
[
11.722857245333362,
15.021965615109556,
1.4440415545502858
],
[
11.715139936285881,
14.98890853088682,
1.4560278992354396
]
],
[
[
11.805372401593722,
15.024259527632926,
1.510189823648325
],
[
11.78977671250969,
14.998066708907455,
1.529339467829836
]
],
[
[
11.6605822756389,
14.272234169756826,
-0.04944131834314636
],
[
11.664448636214967,
14.24306921650335,
-0.028693792599546297
]
],
[
[
11.679762038169468,
14.169043086931818,
0.09616235731094536
],
[
11.671692968858869,
14.199319847848376,
0.07843643468341155
]
],
[
[
11.644868546754347,
14.164443153107612,
-0.13557023680200975
],
[
11.636998105948354,
14.13685020504266,
-0.1138289743915164
]
],
[
[
11.707712988089375,
14.203102081904845,
-0.004146204070563542
],
[
11.712310402596309,
14.171305041145464,
0.012096164705754697
]
],
[
[
11.707182858263918,
15.476356186229623,
2.0154190694746905
],
[
11.711411659996218,
15.475000105111377,
1.9796940299859442
]
],
[
[
11.772517182117886,
15.408740838004283,
2.0093243969885903
],
[
11.788680644360895,
15.43472996387187,
1.9903690298895396
]
],
[
[
11.962450585396333,
13.931837905720908,
0.5958442331361853
],
[
11.961996845640979,
13.93553855021864,
0.5600378164058921
]
],
[
[
12.017706274897535,
13.94941414290543,
0.5969605610472579
],
[
12.027088034901604,
13.918867045945609,
0.6135393848151216
]
],
[
[
12.136253509461639,
13.9871227360128,
0.5993555648544497
],
[
12.125931884654955,
14.020193252650655,
0.5895674473423371
]
],
[
[
12.089156096543435,
13.972141558369369,
0.598404058194149
],
[
12.095322046993846,
13.950950781339099,
0.6268457726094847
]
],
[
[
12.168550226787664,
13.997395972472757,
0.6000080538073977
],
[
12.179196312343453,
13.963542750841023,
0.6060595507902281
]
],
[
[
12.128006152057742,
14.053931782783728,
0.7013704381491024
],
[
12.092091742506659,
14.05179549454055,
0.7026814166232016
]
],
[
[
12.0062225815325,
14.21918062751194,
1.3713746478025026
],
[
12.005005140805011,
14.22226320610936,
1.3355276951379713
]
],
[
[
12.122727821893857,
14.289363059499813,
1.3734530570574255
],
[
12.140636947450712,
14.25937514577434,
1.3821701746270647
]
],
[
[
11.937690589173277,
14.177897146375589,
1.370152063078108
],
[
11.92559358704959,
14.198769899397618,
1.343431421238897
]
],
[
[
12.137502301228025,
14.208389262325305,
1.2132127767782686
],
[
12.162563659057092,
14.183522032586858,
1.2202519428735878
]
],
[
[
12.094686108115702,
14.198754100047706,
1.3468106671127003
],
[
12.10898143606512,
14.165742584194552,
1.348209945808517
]
],
[
[
11.919465352678571,
13.685382967908698,
-0.021135465556619826
],
[
11.914310470257549,
13.69027772868927,
-0.05642666120460649
]
],
[
[
11.963712281685861,
13.681865379129473,
-0.028086362731355896
],
[
11.966782469716327,
13.661771767056901,
0.001625982451107566
]
],
[
[
11.997684921487966,
13.528776073393082,
-0.08857880953214581
],
[
11.961709066602168,
13.529359543098154,
-0.08739639340429539
]
],
[
[
11.870547092014498,
14.047462246274831,
1.947757919345804
],
[
11.855350176811324,
14.015002856384426,
1.9443750108753592
]
],
[
[
11.87105526353222,
14.0498544824039,
1.9225213025609476
],
[
11.867108362485476,
14.08548518558229,
1.9258193418132676
]
],
[
[
11.67735633175989,
14.096873993975944,
1.9584073722277247
],
[
11.662163526442416,
14.065175881361824,
1.9506349600431774
]
],
[
[
11.802103384090744,
14.101844165812299,
2.053422291138693
],
[
11.813636637487706,
14.067742402211994,
2.0535134680018285
]
],
[
[
11.681361050074985,
14.060993109482085,
2.047487322193141
],
[
11.69229811684464,
14.031113211727083,
2.0306478772625156
]
],
[
[
11.974203100022768,
14.540718746472727,
0.7171903763166587
],
[
11.958576119177573,
14.515439480323689,
0.7375066229285582
]
],
[
[
11.965389369963885,
14.43980974217224,
0.612111976821217
],
[
11.930500701928938,
14.439130633481062,
0.620961194943875
]
],
[
[
11.966399373250193,
14.5899385290533,
0.6276152033702396
],
[
12.002344010006851,
14.589902753559223,
0.6256199238956393
]
],
[
[
12.03944571161033,
14.649631244063043,
0.6778322661761501
],
[
12.004881352807933,
14.656125601552386,
0.6701423636524046
]
],
[
[
12.057602890418417,
14.56407184458918,
0.5239623612891642
],
[
12.059572955563585,
14.532755226081019,
0.5416084493933251
]
],
[
[
12.003138745168295,
14.907420244160946,
1.358957263398168
],
[
11.997802501704482,
14.904301403249526,
1.3944226632840777
]
],
[
[
12.092087158551072,
14.847317911241724,
1.3670553188458405
],
[
12.0733494684986,
14.821920241564785,
1.3843716490730107
]
],
[
[
12.049343947957102,
14.87619944577905,
1.3631638847410863
],
[
12.065050165578707,
14.895988381195709,
1.337517980671975
]
],
[
[
11.999448165946534,
14.74846881784845,
1.3809662979488153
],
[
11.967197588429112,
14.74675478951539,
1.396871621492966
]
],
[
[
12.095680354227175,
14.888088120991144,
1.3066476480061142
],
[
12.06570646390092,
14.875499843244956,
1.322110514865701
]
],
[
[
12.038091588310328,
14.764427545538359,
1.2618958296835698
],
[
12.068885495377058,
14.776255787849855,
1.24747857218383
]
],
[
[
11.991309157856332,
14.220699659813,
0.04257408349647562
],
[
11.98445113589763,
14.22577955397121,
0.007600255609067963
]
],
[
[
12.127339006702906,
14.243254308393997,
0.019176002351453558
],
[
12.119266616359507,
14.27350295078666,
0.0014036672421402496
]
],
[
[
12.289131010474057,
15.17391112313721,
2.0595081243649993
],
[
12.272703968917213,
15.146994455694083,
2.0768723228901687
]
],
[
[
12.133517167472426,
15.255012117126238,
2.0380094884931927
],
[
12.120450637076255,
15.237530009080556,
2.0666399873670604
]
],
[
[
12.231081447050414,
15.079123358941729,
1.9322875536564554
],
[
12.217606967267923,
15.050562888859554,
1.9495734148911925
]
],
[
[
12.09473701009841,
15.249094527056293,
2.0994605845310645
],
[
12.124102780317099,
15.256999156914407,
2.080194853748053
]
],
[
[
12.163888794125459,
14.250311886397105,
1.8561628012282632
],
[
12.199139817523353,
14.255340761686615,
1.85086441726023
]
],
[
[
12.193119397613946,
14.272089440079212,
2.071308644935087
],
[
12.204557271065918,
14.238007397549978,
2.0732045103634977
]
]
],
"half_couplers": [
{
"pose": [
[
0.015314123270261382,
0.9998822597538202,
0.0009717294158294032,
11.463489912484592
],
[
0.03366613860552481,
-0.001486919968463729,
0.9994320287945556,
14.008050473092513
],
[
0.9993158003053175,
-0.015272710912007104,
-0.033684945621767604,
0.7009252958751836
],
[
0.0,
0.0,
0.0,
1.0
]
],
"at_element": 1,
"to_element": 8
},
{
"pose": [
[
0.0038059298225335825,
-0.9998822597538202,
-0.014865447446339802,
11.42749414646503
],
[
-0.9401639419596606,
0.0014869199684738321,
-0.3407191678022812,
14.008104002218321
],
[
0.34070115517423416,
0.015272710911992476,
-0.9400475877126331,
0.7014751135393233
],
[
0.0,
0.0,
0.0,
1.0
]
],
"at_element": 8,
"to_element": 1
},
{
"pose": [
[
0.408721490497834,
0.9126586431668586,
0.0009717294158129719,
11.463298272511237
],
[
0.030345944304751404,
-0.01465412855991799,
0.999432028794556,
13.81094711875183
],
[
0.912154519184925,
-0.40845986041345356,
-0.033684945621748064,
0.70756848478803
],
[
0.0,
0.0,
0.0,
1.0
]
],
"at_element": 1,
"to_element": 49
},
{
"pose": [
[
0.05578031822700569,
-0.9126586431668653,
-0.40489845288826526,
11.430442516738829
],
[
-0.9855408988552417,
0.014654128559906332,
-0.16880282343536865,
13.811474668096404
],
[
0.15999278978159132,
0.4084598604134395,
-0.8986450075802666,
0.7222730597318543
],
[
0.0,
0.0,
0.0,
1.0
]
],
"at_element": 49,
"to_element": 1
},
{
"pose": [
[
0.01292659865136192,
0.2683157253384598,
-0.9632442964188278,
11.434561227658943
],
[
0.3412361144949694,
0.9043100153627635,
0.2564786741212116,
13.981244086341803
],
[
0.9398887259732839,
-0.3320091379023997,
-0.0798693629473941,
0.5255963382613883
],
[
0.0,
0.0,
0.0,
1.0
]
],
"at_element": 5,
"to_element": 8
},
{
"pose": [
[
0.9632163256549908,
-0.26831572533848763,
-0.014865447446337818,
11.424901894111434
],
[
-0.25716501474100245,
-0.9043100153627497,
-0.34071916780228817,
13.948689035542145
],
[
0.07797733763702494,
0.3320091379024154,
-0.9400475877126311,
0.53754862693092
],
[
0.0,
0.0,
0.0,
1.0
]
],
"at_element": 8,
"to_element": 5
},
{
"pose": [
[
-0.022207834995470188,
0.2677073728558787,
-0.9632442964188356,
11.395859277563238
],
[
0.22027497235810806,
0.9411150972509544,
0.2564786741211856,
13.991549078422583
],
[
0.9751849817431814,
-0.20648277469302398,
-0.07986936294738545,
0.5223872872340866
],
[
0.0,
0.0,
0.0,
1.0
]
],
"at_element": 5,
"to_element": 9
},
{
"pose": [
[
0.9626410590682758,
-0.26770737285587914,
-0.04068112479408277,
11.386221801721309
],
[
-0.27030292522342375,
-0.9411150972509541,
-0.20307314529988277,
13.957668898293537
],
[
0.016078557508950438,
0.2064827746930247,
-0.9783181199096236,
0.5298206751593038
],
[
0.0,
0.0,
0.0,
1.0
]
],
"at_element": 9,
"to_element": 5
},
{
"pose": [
[
0.13138417428987204,
0.2343045542936714,
-0.963244296418833,
11.585546609440051
],
[
0.7091481001172161,
0.6567554048663609,
0.25647867412119374,
13.941041896020128
],
[
0.6927100193055618,
-0.7167801015765342,
-0.07986936294739078,
0.5381155987460426
],
[
0.0,
0.0,
0.0,
1.0
]
],
"at_element": 5,
"to_element": 47
},
{
"pose": [
[
0.9688138208875354,
-0.23430455429367986,
0.08062974819838183,
11.577111977858483
],
[
-0.09659072773029449,
-0.6567554048663551,
-0.7478920841240149,
13.917399633086099
],
[
0.2281885443527491,
0.7167801015765367,
-0.6589053605868627,
0.5639186656135335
],
[
0.0,
0.0,
0.0,
1.0
]
],
"at_element": 47,
"to_element": 5
},
{
"pose": [
[
-0.1793695386597871,
0.9836694501066883,
-0.014865447446370472,
11.42664131572446
],
[
0.9258091768739813,
0.16366984055719647,
-0.34071916780231637,
13.988556943089964
],
[
-0.3327220110195541,
-0.07487720760543579,
-0.9400475877126202,
0.6475445821312683
],
[
0.0,
0.0,
0.0,
1.0
]
],
"at_element": 8,
"to_element": 9
},
{
"pose": [
[
0.17532672075953126,
-0.9836694501066885,
-0.040681124794114815,
11.391229171198878
],
[
-0.9653877360677316,
-0.16366984055719325,
-0.20307314529992043,
13.982664821455343
],
[
0.19309857595986835,
0.07487720760543824,
-0.9783181199096145,
0.6502401649788494
],
[
0.0,
0.0,
0.0,
1.0
]
],
"at_element": 9,
"to_element": 8
},
{
"pose": [
[
-0.9983304300522908,
-0.057752992767046804,
0.0009717294158185265,
11.46399890044665
],
[
-0.0009758512895871839,
0.03368482646325355,
0.9994320287945555,
14.53154895247301
],
[
-0.05775292326686797,
0.9977624588510985,
-0.03368494562176605,
0.6832812567580132
],
[
0.0,
0.0,
0.0,
1.0
]
],
"at_element": 1,
"to_element": 11
},
{
"pose": [
[
-0.33295213925142253,
0.057752992767067246,
-0.9411734509612711,
11.466078008239919
],
[
0.941560299617489,
-0.03368482646323678,
-0.335155985550558,
14.530336298689038
],
[
-0.05105952557677684,
-0.9977624588510978,
-0.04316249014231888,
0.647361807312425
],
[
0.0,
0.0,
0.0,
1.0
]
],
"at_element": 11,
"to_element": 1
},
{
"pose": [
[
-0.0980234804759399,
0.9951836277880208,
0.0009717294158141931,
11.46372571190582
],
[
0.03361793632856891,
0.0023354178655692337,
0.9994320287945558,
14.250572197874849
],
[
0.9946161227490693,
0.09800047349920116,
-0.03368494562176094,
0.6927513221821044
],
[
0.0,
0.0,
0.0,
1.0
]
],
"at_element": 1,
"to_element": 15
},
{
"pose": [
[
-0.056332086588625874,
-0.9951836277880205,
0.08022619898291261,
11.427899101282886
],
[
-0.8045415852388819,
-0.002335417865575229,
-0.5938917270384392,
14.250488122831635
],
[
0.5912186851257987,
-0.09800047349920052,
-0.8005350545429311,
0.6892233051339113
],
[
0.0,
0.0,
0.0,
1.0
]
],
"at_element": 15,
"to_element": 1
},
{
"pose": [
[
0.16006201576178647,
0.9871064820231991,
0.0009717294158171352,
11.463914294902425
],
[
0.03309521079170208,
-0.006350341900321244,
0.999432028794556,
14.444531425438292
],
[
0.9865520047787276,
-0.15993894555589955,
-0.03368494562175517,
0.6862141031966446
],
[
0.0,
0.0,
0.0,
1.0
]
],
"at_element": 1,
"to_element": 46
},
{
"pose": [
[
0.11344315601881194,
-0.9871064820231996,
-0.11292228965210627,
11.428378484755726
],
[
-0.6771670781802563,
0.006350341900318801,
-0.7358018900400864,
14.444760037597412
],
[
0.7270319102909486,
0.15993894555589555,
-0.667715609457471,
0.6919719014766118
],
[
0.0,
0.0,
0.0,
1.0
]
],
"at_element": 46,
"to_element": 1
},
{
"pose": [
[
0.15652380136609612,
0.2994876204645959,
-0.941173450961278,
11.536441606844697
],
[
-0.31917343064332143,
-0.8864529240298227,
-0.3351559855505352,
14.555393084144663
],
[
-0.9346810262208599,
0.3528574480826951,
-0.043162490142349075,
0.6505887025548023
],
[
0.0,
0.0,
0.0,
1.0
]
],
"at_element": 11,
"to_element": 14
},
{
"pose": [
[
-0.9436046875297595,
-0.29948762046459254,
-0.14112887323408208,
11.525660052890013
],
[
-0.2204875325215736,
0.8864529240298225,
-0.4069231641004551,
14.587305388278935
],
[
0.24697255247175437,
-0.3528574480826982,
-0.9024944208459977,
0.6378858348739473
],
[
0.0,
0.0,
0.0,
1.0
]
],
"at_element": 14,
"to_element": 11
},
{
"pose": [
[
-0.20601156481631322,
-0.26786520932659097,
-0.941173450961275,
11.306961002572397
],
[
0.4678286636758696,
0.8178060936388857,
-0.3351559855505436,
14.473674036490841
],
[
0.859474011593826,
-0.509353926891241,
-0.043162490142347076,
0.6400646548251872
],
[
0.0,
0.0,
0.0,
1.0
]
],
"at_element": 11,
"to_element": 57
},
{
"pose": [
[
-0.8287936785483383,
0.2678652093265952,
-0.4912731094113879,
11.316604148073031
],
[
-0.4651653610579578,
-0.8178060936388856,
0.33884270698795715,
14.444233023333176
],
[
-0.3110019698814366,
0.5093539268912395,
0.8023941374974894,
0.6584013923234224
],
[
0.0,
0.0,
0.0,
1.0
]
],
"at_element": 57,
"to_element": 11
},
{
"pose": [
[
0.30670237156366076,
0.9447722828965219,
-0.11549453990436248,
11.4700947617274
],
[
-0.06526659879386876,
0.14193256939568732,
0.9877223379202369,
14.32583588125831
],
[
0.9495651248645909,
-0.2953988476877197,
0.10519312917515589,
1.33971485119336
],
[
0.0,
0.0,
0.0,
1.0
]
],
"at_element": 2,
"to_element": 51
},
{
"pose": [
[
0.014063853269322912,
-0.9447722828965253,
-0.3274256274357695,
11.436082964839002
],
[
-0.9180831864286196,
-0.14193256939569787,
0.37010594232166594,
14.320726309555662
],
[
-0.3961381966287672,
0.29539884768770486,
-0.869375666761202,
1.3503492080542734
],
[
0.0,
0.0,
0.0,
1.0
]
],
"at_element": 51,
"to_element": 2
},
{
"pose": [
[
-0.06568779235354061,
0.9911337574656615,
-0.11549453990435027,
11.496090872659016
],
[
-0.11326473426782646,
0.1075903487521741,
0.9877223379202399,
14.10351420711274
],
[
0.9913910499429359,
0.07796275820790954,
0.10519312917514245,
1.3160374352952113
],
[
0.0,
0.0,
0.0,
1.0
]
],
"at_element": 2,
"to_element": 52
},
{
"pose": [
[
-0.0034626678457208016,
-0.991133757465661,
0.13282275687317502,
11.460410044640696
],
[
-0.5656538329004229,
-0.10759034875217521,
-0.8175940668696451,
14.099640953173662
],
[
0.8246355263123526,
-0.07796275820791393,
-0.5602660591863153,
1.3132307749968444
],
[
0.0,
0.0,
0.0,
1.0
]
],
"at_element": 52,
"to_element": 2
},
{
"pose": [
[
0.2388726682750033,
0.35294834800359853,
-0.904636563484315,
11.437964031771694
],
[
0.12308628012554351,
0.9130860073578964,
0.3887463322168735,
14.185401503211637
],
[
0.9632183636102649,
-0.2042092231236049,
0.1746681917099313,
1.4612276841317091
],
[
0.0,
0.0,
0.0,
1.0
]
],
"at_element": 6,
"to_element": 9
},
{
"pose": [
[
0.9347579952731215,
-0.35294834800359,
-0.04068112479408264,
11.42525793081823
],
[
-0.3536032251340734,
-0.9130860073579019,
-0.20307314529988216,
14.152530509327379
],
[
0.03452896534442893,
0.2042092231235945,
-0.9783181199096238,
1.4685791932670074
],
[
0.0,
0.0,
0.0,
1.0
]
],
"at_element": 9,
"to_element": 6
},
{
"pose": [
[
-0.9929445891838735,
-0.11138262385110517,
-0.040681124794082646,
11.418612330114627
],
[
-0.10093171900384051,
0.973947681221605,
-0.20307314529988593,
14.11935681897052
],
[
0.06224010691988156,
-0.19753436497759577,
-0.9783181199096229,
1.3087627767119767
],
[
0.0,
0.0,
0.0,
1.0
]
],
"at_element": 9,
"to_element": 10
},
{
"pose": [
[
0.9659722318819215,
0.11138262385110564,
0.2334342698429312,
11.42262210467872
],
[
0.15279638284539487,
-0.9739476812216052,
-0.1675684326847459,
14.084294701524444
],
[
0.20868855412413695,
0.19753436497759522,
-0.9578252774021343,
1.3158740140381886
],
[
0.0,
0.0,
0.0,
1.0
]
],
"at_element": 10,
"to_element": 9
},
{
"pose": [
[
0.22914779734266344,
-0.9725411729374208,
-0.04068112479407869,
11.41989183320597
],
[
-0.9549280596313839,
-0.21650334543986838,
-0.20307314529987808,
14.125743877305203
],
[
0.1886893953078599,
0.08538131150814549,
-0.9783181199096251,
1.33953284674025
],
[
0.0,
0.0,
0.0,
1.0
]
],
"at_element": 9,
"to_element": 52
},
{
"pose": [
[
-0.19110672986085753,
0.9725411729374212,
0.132822756873188,
11.454903280278872
],
[
0.5335412291781347,
0.2165033454398655,
-0.8175940668696362,
14.133537989915448
],
[
-0.8239004639936636,
-0.08538131150814626,
-0.5602660591863249,
1.3364591226120948
],
[
0.0,
0.0,
0.0,
1.0
]
],
"at_element": 52,
"to_element": 9
},
{
"pose": [
[
-0.04462712919025358,
-0.9713479608271849,
0.2334342698429391,
11.428669070032972
],
[
-0.9858476490831045,
0.005023262375404514,
-0.1675684326847508,
14.079953948525354
],
[
0.16159465380250806,
-0.23760872423372326,
-0.9578252774021314,
1.2910621632684853
],
[
0.0,
0.0,
0.0,
1.0
]
],
"at_element": 10,
"to_element": 52
},
{
"pose": [
[
0.1970818465852826,
0.9713479608271884,
0.13282275687320377,
11.463637687464137
],
[
0.5757731399211397,
-0.0050232623754187244,
-0.8175940668696537,
14.07977311061006
],
[
-0.7935011260810455,
0.2376087242337092,
-0.5602660591862962,
1.2996160995622938
],
[
0.0,
0.0,
0.0,
1.0
]
],
"at_element": 52,
"to_element": 10
},
{
"pose": [
[
-0.1807944548915401,
0.9274189040443199,
-0.3274256274357646,
11.464944438123684
],
[
0.8785539754143374,
0.30193460176311704,
0.37010594232167104,
14.288102709349186
],
[
0.44210437383511064,
-0.2207479845420585,
-0.8693756667612023,
1.426981763596993
],
[
0.0,
0.0,
0.0,
1.0
]
],
"at_element": 51,
"to_element": 52
},
{
"pose": [
[
0.3496459518968311,
-0.9274189040443194,
0.13282275687318196,
11.431559114054048
],
[
-0.4902809787027317,
-0.30193460176311815,
-0.817594066869641,
14.277233635531799
],
[
0.798355979650964,
0.22074798454205846,
-0.5602660591863198,
1.4349282729570216
],
[
0.0,
0.0,
0.0,
1.0
]
],
"at_element": 52,
"to_element": 51
},
{
"pose": [
[
-0.9911218315886676,
-0.06586748970931648,
-0.11549453990435382,
11.410819731258295
],
[
-0.10756981141496132,
-0.11328423917529862,
0.9877223379202394,
14.832762630555067
],
[
-0.07814250201058925,
0.9913768985375174,
0.10519312917514234,
1.3937029093488462
],
[
0.0,
0.0,
0.0,
1.0
]
],
"at_element": 2,
"to_element": 12
},
{
"pose": [
[
-0.6483274360357525,
0.06586748970930939,
-0.7585070925724435,
11.413190960332322
],
[
0.7601017867161628,
0.11328423917528063,
-0.6398530729670485,
14.83684086220997
],
[
0.043781383191996426,
-0.9913768985375199,
-0.12351127694232522,
1.3580133493624909
],
[
0.0,
0.0,
0.0,
1.0
]
],
"at_element": 12,
"to_element": 2
},
{
"pose": [
[
0.3256290678881406,
-0.9384171361386048,
-0.11549453990436193,
11.422567033408521
],
[
0.1376984292218465,
-0.07378160857024385,
0.9877223379202396,
14.732298376974882
],
[
-0.9354169405864623,
-0.3375345209577932,
0.10519312917513335,
1.3830033951244363
],
[
0.0,
0.0,
0.0,
1.0
]
],
"at_element": 2,
"to_element": 16
},
{
"pose": [
[
0.1053628990354325,
0.9384171361386036,
0.32904701504233536,
11.456351617155093
],
[
0.8692868221740153,
0.07378160857025096,
-0.4887705955061006,
14.734954638074242
],
[
-0.48294832052865777,
0.33753452095779457,
-0.8079798059731078,
1.3951552014496924
],
[
0.0,
0.0,
0.0,
1.0
]
],
"at_element": 16,
"to_element": 2
},
{
"pose": [
[
-0.38671042779932474,
0.9149404659777299,
-0.11549453990435238,
11.40103192311493
],
[
-0.1422576096942102,
0.06455505911597692,
0.9877223379202389,
14.916469070274943
],
[
0.9111628929644542,
0.39839250502361034,
0.10519312917514845,
1.402617704517684
],
[
0.0,
0.0,
0.0,
1.0
]
],
"at_element": 2,
"to_element": 45
},
{
"pose": [
[
-0.032249181476084354,
-0.9149404659777332,
0.4022983147001382,
11.368094062946643
],
[
-0.9722742643339293,
-0.06455505911597537,
-0.2247563108267488,
14.914145087907363
],
[
0.2316090352469863,
-0.3983925050236033,
-0.8874912206512127,
1.3882755728593814
],
[
0.0,
0.0,
0.0,
1.0
]
],
"at_element": 45,
"to_element": 2
},
{
"pose": [
[
-0.43734802516402893,
-0.4831083681767616,
-0.7585070925724495,
11.342642314023424
],
[
0.3593171642291314,
0.6793226188674759,
-0.6398530729670442,
14.777328210876254
],
[
0.8243893985098665,
-0.5523830954080879,
-0.1235112769423099,
1.3465255815123425
],
[
0.0,
0.0,
0.0,
1.0
]
],
"at_element": 12,
"to_element": 15
},
{
"pose": [
[
0.8718773202660783,
0.4831083681767441,
0.08022619898291268,
11.360034210281974
],
[
0.4310607799955277,
-0.6793226188674697,
-0.5938917270384312,
14.752872603621885
],
[
-0.2324145915283498,
0.5523830954081113,
-0.8005350545429379,
1.3664113672348528
],
[
0.0,
0.0,
0.0,
1.0
]
],
"at_element": 15,
"to_element": 12
},
{
"pose": [
[
-0.5295106356723145,
-0.3798492822517806,
-0.7585070925724481,
11.462143496839923
],
[
0.49467787687164977,
0.5881172018810441,
-0.6398530729670431,
14.878135704698117
],
[
0.6891387994037618,
-0.7140256855494895,
-0.12351127694232367,
1.365984521092888
],
[
0.0,
0.0,
0.0,
1.0
]
],
"at_element": 12,
"to_element": 47
},
{
"pose": [
[
0.9215277350564558,
0.37984928225176967,
0.08062974819837856,
11.475818254416764
],
[
0.3078564395238011,
-0.5881172018810468,
-0.7478920841239972,
14.856963201449414
],
[
-0.2366665294574767,
0.714025685549493,
-0.6589053605868826,
1.3916897905504053
],
[
0.0,
0.0,
0.0,
1.0
]
],
"at_element": 47,
"to_element": 12
},
{
"pose": [
[
0.5863489482756064,
0.7402181926620202,
0.32904701504232325,
11.525083699308576
],
[
0.7764508108714341,
-0.39777813321715105,
-0.48877059550608315,
14.632859134426505
],
[
-0.23090917944764097,
0.5420789462674706,
-0.8079798059731234,
1.226382558441964
],
[
0.0,
0.0,
0.0,
1.0
]
],
"at_element": 16,
"to_element": 47
},
{
"pose": [
[
-0.6675146971847412,
-0.7402181926620215,
0.0806297481983757,
11.498434877785826
],
[
-0.5314414240901237,
0.39777813321714794,
-0.7478920841240011,
14.647179666646384
],
[
0.5215305760963822,
-0.5420789462674707,
-0.6589053605868784,
1.2068670085223234
],
[
0.0,
0.0,
0.0,
1.0
]
],
"at_element": 47,
"to_element": 16
},
{
"pose": [
[
-0.9962049345271997,
0.06578883975241757,
-0.056987340591471536,
11.383819367718003
],
[
-0.051196424950816874,
0.08658287667943199,
0.9949283047225914,
13.657921045208077
],
[
0.0703893066872592,
0.9940700347711648,
-0.08288613559662417,
-0.04834506184443688
],
[
0.0,
0.0,
0.0,
1.0
]
],
"at_element": 3,
"to_element": 7
},
{
"pose": [
[
-0.07155837972998125,
-0.06578883975240946,
-0.9952644004757992,
11.381450969530569
],
[
0.9940726439224826,
-0.0865828766794341,
-0.06574940357812642,
13.654804061705068
],
[
-0.08184727787400903,
-0.9940700347711654,
0.0715946162408111,
-0.08413158243659859
],
[
0.0,
0.0,
0.0,
1.0
]
],
"at_element": 7,
"to_element": 3
},
{
"pose": [
[
-0.030754674470604426,
-0.9979010938016453,
-0.05698734059146071,
11.379593968210166
],
[
-0.08473107267819852,
-0.0542062153689753,
0.9949283047225935,
13.731691281289878
],
[
-0.9959291115942985,
0.035427294630726025,
-0.08288613559660463,
-0.05449076074740987
],
[
0.0,
0.0,
0.0,
1.0
]
],
"at_element": 3,
"to_element": 8
},
{
"pose": [
[
-0.06302718034069121,
0.9979010938016464,
-0.014865447446342939,
11.415519507270119
],
[
0.9386011585905336,
0.054206215368967636,
-0.3407191678022845,
13.733642764778198
],
[
-0.3391982305832538,
-0.035427294630708955,
-0.9400475877126322,
-0.05576618239485545
],
[
0.0,
0.0,
0.0,
1.0
]
],
"at_element": 8,
"to_element": 3
},
{
"pose": [
[
0.0004991964300607998,
-0.09720351818977557,
-0.9952644004758003,
11.299070539755856
],
[
0.7330668266697782,
0.676971228018904,
-0.0657494035781217,
13.649361825328876
],
[
0.6801564367402736,
-0.7295624938866494,
0.07159461624079777,
-0.07820552374038336
],
[
0.0,
0.0,
0.0,
1.0
]
],
"at_element": 7,
"to_element": 46
},
{
"pose": [
[
