{
"line_pt_pairs": [
[
[
12.068263617276127,
13.580697874163057,
0.09194933882132672
],
[
11.082314145454768,
13.585588556196956,
-0.07502287516779216
]
],
[
[
11.533901748441595,
13.802482350644816,
0.6995251660108532
],
[
11.430359722259716,
14.79544080476109,
0.6419703468106444
]
],
[
[
11.560930012077373,
13.754351359955152,
1.2173723362290432
],
[
11.482324065191493,
14.750545106740592,
1.255043598216967
]
],
[
[
11.464279706158642,
13.576217733281698,
-0.11863782325887517
],
[
11.394257236247833,
14.851625939224245,
-0.3603623812210419
]
],
[
[
11.2729962352362,
14.106197278683565,
2.039668341088012
],
[
11.161670541839827,
15.09387292158181,
1.9296528221129208
]
],
[
[
11.944598383228728,
13.721324918580065,
0.7101217832481368
],
[
10.982003160524908,
13.98662327142814,
0.7651419723052385
]
],
[
[
12.035015317985463,
13.869233349334493,
1.4840124126064917
],
[
11.23477165229965,
14.44781084329698,
1.3263477082182744
]
],
[
[
11.973926140512274,
13.514329763405009,
0.01633090104092849
],
[
11.010475841460268,
13.69616885278997,
-0.18038734119463018
]
],
[
[
11.625906698688771,
14.187215116895839,
1.0447503760466001
],
[
11.523883533186282,
13.618390970325365,
-0.11973679175699004
]
],
[
[
11.57196352388642,
14.355061094927779,
1.6648955185570686
],
[
11.543476331775139,
13.914831344558397,
0.44203565464161243
]
],
[
[
11.313927984696273,
14.31602972714299,
2.011240669371034
],
[
11.708145904383906,
14.016940868739502,
0.8091017062823014
]
],
[
[
12.078220891064051,
14.81725497597588,
0.5622872986972804
],
[
11.252311053124759,
14.285314201587353,
0.7491347020456487
]
],
[
[
11.792119054259148,
15.043104626818002,
1.3586209617081844
],
[
10.910407608817486,
14.573492175733264,
1.4038876466250443
]
],
[
[
12.04950529100311,
14.16208832722741,
-0.08677770057173806
],
[
11.06684012998968,
14.050948187439587,
-0.2351591369389494
]
],
[
[
11.426225300084171,
14.657137493086545,
0.8559056243208476
],
[
11.408538438572904,
13.91095081643722,
-0.20846866065644298
]
],
[
[
11.395276942648424,
15.034101570316597,
1.7164081762347243
],
[
11.51863706852578,
14.306166606694271,
0.6464114621838408
]
],
[
[
11.078612125023149,
15.272074675029492,
2.2719292525867187
],
[
11.465933323434928,
14.621286340035791,
1.2153040435854425
]
],
[
[
11.698386517863321,
15.45881408142166,
2.020016893179228
],
[
10.81373497946244,
14.9934248299753,
2.048380606672866
]
],
[
[
12.496023288882407,
14.33218649013182,
0.7614028217076032
],
[
11.74825488929963,
13.674666808257946,
0.6691515965997958
]
],
[
[
12.117886875092033,
14.286446886642505,
1.3733666964044258
],
[
11.261401193004367,
13.77050229955558,
1.3580873170148076
]
],
[
[
11.661022526957915,
13.870482877114974,
0.8374258368126191
],
[
11.735026372124393,
13.573939422792025,
-0.1147219514003186
]
],
[
[
11.8799576944681,
14.042070350300717,
1.523446642719744
],
[
11.899121452993018,
13.821477183396897,
0.548269015272035
]
],
[
[
11.613192069138647,
14.114190663586191,
2.191776648089867
],
[
11.709700992351697,
14.064493434452263,
1.197686001741825
]
],
[
[
12.241029040271382,
14.217887754035878,
0.6506111291894188
],
[
11.396773474742085,
14.750789884459367,
0.5936211347788853
]
],
[
[
12.24332310588611,
14.545771043750754,
1.4166254047780595
],
[
11.397657686941717,
15.07922212813998,
1.3998940041922663
]
],
[
[
12.39188403823511,
14.093782088241134,
-0.02219207546050206
],
[
11.3926506379773,
14.13165818031241,
-0.03209225013670203
]
],
[
[
11.854305457661509,
14.873319282961456,
0.8319808837701521
],
[
11.674600491486975,
14.056633585517407,
-0.1633736242934516
]
],
[
[
11.682413964719998,
15.07429069023098,
1.4683093682031834
],
[
11.534053168860572,
14.609891063870986,
0.5951988017291217
]
],
[
[
11.6820846977476,
15.492398296652118,
2.202267255529358
],
[
11.53311658917043,
15.002663414292737,
1.3432164726140616
]
],
[
[
12.401988875114306,
15.089081064246757,
1.9545119674989984
],
[
11.440589242113964,
15.34042743898511,
2.066475111312922
]
],
[
[
11.979005608846704,
14.788813020873178,
0.6445413140760847
],
[
11.935889421190714,
13.797474742398789,
0.5204872452453971
]
],
[
[
11.983367786332783,
15.053802968107329,
1.404662079078713
],
[
12.013240017789371,
14.05769645749762,
1.32171951275264
]
],
[
[
11.948208641606577,
14.423784100714084,
-0.06248009558738232
],
[
11.88607615718113,
13.425716657154368,
-0.06344574836849581
]
],
[
[
12.093516138798467,
13.945132587134363,
0.7492023200959412
],
[
11.918098873583894,
13.438253067696214,
-0.09477749947250791
]
],
[
[
12.006129040754901,
14.598100171981276,
0.8076766182192089
],
[
11.985311247408855,
14.060621425613796,
-0.035343676129297785
]
],
[
[
12.149529008194087,
14.349988023442506,
1.6345851579972779
],
[
11.963521834993484,
13.839724607821474,
0.45347018552564
]
],
[
[
12.054097050509931,
14.808374181435598,
1.5092376034787107
],
[
11.873517054440564,
14.475889257618599,
0.5835785731365479
]
],
[
[
12.161239055449094,
14.267676168750052,
2.223780448754198
],
[
11.888068228038499,
14.201007035342794,
1.2641279461770742
]
],
[
[
12.28147833303403,
15.302513680070598,
2.160173190163584
],
[
11.94387592303171,
14.795053894613082,
1.3673874821036835
]
],
[
[
12.196736660452137,
15.421778028463883,
2.0842612956902746
],
[
12.194542323936966,
14.138268231407736,
1.8778689853971282
]
],
[
[
11.964852066578,
14.007026488215361,
2.047240261291164
],
[
11.043028630124986,
14.385321952099424,
1.962776695117947
]
],
[
[
11.520476953217718,
13.99902828086519,
2.0237466671323046
],
[
12.449393082194936,
14.347728052141068,
1.899154151955301
]
]
],
"contact_id_pairs": [
[
1,
5
],
[
1,
9
],
[
8,
9
],
[
1,
11
],
[
1,
14
],
[
1,
15
],
[
2,
9
],
[
2,
10
],
[
6,
9
],
[
2,
15
],
[
2,
16
],
[
12,
15
],
[
3,
7
],
[
7,
8
],
[
3,
13
],
[
3,
14
],
[
4,
40
],
[
10,
40
],
[
4,
16
],
[
16,
17
],
[
5,
18
],
[
5,
20
],
[
18,
21
],
[
6,
21
],
[
6,
22
],
[
19,
22
],
[
0,
20
],
[
7,
20
],
[
11,
23
],
[
11,
26
],
[
23,
27
],
[
12,
24
],
[
12,
27
],
[
24,
28
],
[
13,
26
],
[
25,
26
],
[
17,
28
],
[
17,
29
],
[
18,
33
],
[
18,
35
],
[
30,
35
],
[
19,
31
],
[
19,
35
],
[
19,
37
],
[
0,
33
],
[
32,
33
],
[
22,
40
],
[
40,
41
],
[
23,
30
],
[
23,
36
],
[
30,
34
],
[
24,
31
],
[
31,
36
],
[
31,
38
],
[
25,
32
],
[
25,
34
],
[
29,
38
],
[
38,
39
],
[
37,
41
],
[
39,
41
]
],
"coupler_pt_pairs": [
[
[
11.530795487656139,
13.832271104268305,
0.697798521434847
],
[
11.533492731771581,
13.834628672438061,
0.7336198332406152
]
],
[
[
11.51340400718454,
13.999053793391438,
0.6881313017456308
],
[
11.549159628431509,
14.00265875340007,
0.6860005687212681
]
],
[
[
11.576012278717547,
13.909031718851136,
0.4752580307020051
],
[
11.544133728520583,
13.924990492712066,
0.4702554978445498
]
],
[
[
11.468870939731092,
14.426121791249201,
0.6633771730094242
],
[
11.47512815654298,
14.428823210797155,
0.6987262975408952
]
],
[
[
11.458675810076263,
14.523892141655445,
0.6577101133077367
],
[
11.42298299315455,
14.52034859863228,
0.6607874504325529
]
],
[
[
11.480025845950095,
14.319147272365656,
0.6695777336349455
],
[
11.515790296390149,
14.322965105854786,
0.6711036940465536
]
],
[
[
11.526049934427338,
14.196395716889127,
1.234088330315613
],
[
11.561883878980684,
14.199294266686845,
1.232210080497907
]
],
[
[
11.531893970292804,
14.122332720184568,
1.2312876235640686
],
[
11.566197282757711,
14.124635747825078,
1.2419637358643159
]
],
[
[
11.543731948341529,
14.224432038211878,
1.3872193349888435
],
[
11.565256895577024,
14.251419525238065,
1.3770023997925946
]
],
[
[
11.484682243598069,
14.720659294337029,
1.2539134603573294
],
[
11.448859213864546,
14.717918294958343,
1.251648159779866
]
],
[
[
11.491158840481278,
14.63857968622711,
1.2508096038726322
],
[
11.456995141809237,
14.636304532589946,
1.239687702592653
]
],
[
[
11.417070146472325,
14.843348076335436,
1.3778758107009796
],
[
11.432049433287213,
14.817111019722788,
1.397452242369279
]
],
[
[
11.462663803006855,
13.605650230341912,
-0.12421608228877123
],
[
11.456717465216368,
13.611946375938473,
-0.08927328173145188
]
],
[
[
11.51713958285418,
13.60054246349921,
-0.07693623353544621
],
[
11.526237913928647,
13.63151768140007,
-0.09286401096152264
]
],
[
[
11.436304537200769,
14.085765027128216,
-0.21521089985660913
],
[
11.43031745627321,
14.092057735692213,
-0.18027443164906032
]
],
[
[
11.44486670215603,
13.929811438823155,
-0.1856534514883077
],
[
11.40894659691599,
13.928170508997173,
-0.18390617712574175
]
],
[
[
11.250797771917334,
14.303140867004636,
2.017731127961666
],
[
11.252519314427968,
14.29935171911997,
1.9819716185453462
]
],
[
[
11.323025321304447,
14.309127676564447,
1.9834990009920632
],
[
11.30914222439747,
14.27611495907859,
1.9871597844283178
]
],
[
[
11.165010312641718,
15.064242652294862,
1.9329532876821736
],
[
11.199366740617599,
15.069179260196119,
1.9425066145706458
]
],
[
[
11.156737058782532,
15.14080689063957,
2.0588018152034464
],
[
11.142588052696269,
15.166424795436022,
2.0378369135396723
]
],
[
[
11.840704237243772,
13.749958912547898,
0.7160601833348961
],
[
11.840203569534086,
13.755518134698345,
0.680495186945961
]
],
[
[
11.661733889948831,
13.79928446208951,
0.7262898022978115
],
[
11.670419831009385,
13.832826604005414,
0.7165183049452581
]
],
[
[
11.919375321820652,
13.825134590015132,
0.6902625041346022
],
[
11.896459845863065,
13.852114823976995,
0.6837090294431099
]
],
[
[
11.85996238640134,
13.995796908422374,
1.4495233314753735
],
[
11.881527451186962,
14.024000950948178,
1.443567133135043
]
],
[
[
11.709206611817338,
14.104793582809586,
1.4198212973902509
],
[
11.688191745841554,
14.075569611832805,
1.4192421030209363
]
],
[
[
11.712124334399336,
14.042016663357574,
1.3661280467328665
],
[
11.69367126998266,
14.072747933197094,
1.3628002371937877
]
],
[
[
11.722378794767804,
13.5824135936148,
0.03337315794183415
],
[
11.724335972018093,
13.61677730734363,
0.0228228044623886
]
],
[
[
11.721264273590487,
13.562016503290366,
-0.035257850750123554
],
[
11.72961340881302,
13.59562990164305,
-0.04507771827962204
]
],
[
[
11.69648050702237,
14.571388821857697,
0.6486492673225285
],
[
11.69375606585861,
14.563331652655515,
0.6136684248398581
]
],
[
[
11.832448081141694,
14.658960967564573,
0.6178890232901286
],
[
11.812612996575174,
14.68384407042124,
0.6010536034731508
]
],
[
[
11.556253639805833,
14.65012448976993,
0.6043865642136037
],
[
11.538503992736356,
14.623823052661786,
0.6213921187233435
]
],
[
[
11.60703288664001,
14.944525018617538,
1.3681232056400274
],
[
11.607707543739814,
14.94672135256775,
1.4040498183220014
]
],
[
[
11.678895595410081,
14.982800151578068,
1.3644338051995724
],
[
11.662577382774723,
15.012198132757954,
1.3515701097028516
]
],
[
[
11.523355514527344,
14.99993114505281,
1.4023809223740744
],
[
11.540271987812082,
15.026186894220581,
1.3844793366182588
]
],
[
[
11.682871351445922,
14.120621763732554,
-0.1421390512441889
],
[
11.682562854085266,
14.092819272481506,
-0.1192714846823153
]
],
[
[
11.693418113996298,
14.120257543973793,
-0.029112315169816716
],
[
11.694695547025585,
14.147957408097732,
-0.052070611661526156
]
],
[
[
11.637423145553193,
15.426743037656404,
2.021971501915834
],
[
11.653231060954646,
15.397541534655186,
2.035877687227225
]
],
[
[
11.466277670394376,
15.33670841824392,
2.02745877121049
],
[
11.469431231103975,
15.33288704774296,
2.0631162169985044
]
],
[
[
12.06558900486359,
13.953701636193655,
0.7083006980403108
],
[
12.087363278304533,
13.927353499274796,
0.7195992471991677
]
],
[
[
12.024191893458903,
13.917300772588703,
0.70319358968278
],
[
12.001584119251529,
13.944138813132273,
0.6951594335804242
]
],
[
[
11.93910067281074,
13.871308650863659,
0.5297266713440599
],
[
11.974708828914311,
13.870413283050235,
0.5245057579150386
]
],
[
[
12.009389979977332,
14.221088659504696,
1.3714311529882037
],
[
12.00825152670907,
14.22404052357209,
1.335570444943501
]
],
[
[
12.092192304629402,
14.270968549029897,
1.3729083150227372
],
[
12.109899990386825,
14.24127588274333,
1.3829474094572132
]
],
[
[
11.93769065210762,
14.17789718428706,
1.370152064200833
],
[
11.919144413195122,
14.208591382301195,
1.3732989698137903
]
],
[
[
11.96041748773629,
13.581232831727558,
0.0736854140117128
],
[
11.957054878339022,
13.550818959915295,
0.09265035618425299
]
],
[
[
11.887940131713892,
13.455658680461159,
-0.06341677878506258
],
[
11.92336139154033,
13.45345945327936,
-0.06945810488545434
]
],
[
[
11.630047911977266,
14.105510754455436,
2.018152954608253
],
[
11.643741062378938,
14.138803172868956,
2.017817945173366
]
],
[
[
11.750525541888434,
14.094981240583204,
2.0276022461519
],
[
11.749616636407545,
14.085043533077997,
1.9930129027321577
]
],
[
[
11.957105559632527,
14.397102951290561,
0.6314453715263548
],
[
11.962152093096092,
14.401312729248215,
0.5960503106588322
]
],
[
[
11.860486784308234,
14.45808963981413,
0.6249232901916206
],
[
11.878934454322646,
14.485863805333109,
0.6113483440468129
]
],
[
[
11.965154146003291,
14.470336688060554,
0.6046878293781235
],
[
12.001119304724895,
14.468757614089505,
0.6048064545845717
]
],
[
[
11.991103536308836,
14.704872740333228,
1.4116352673553405
],
[
11.993740153427815,
14.707930500936257,
1.3758623977764195
]
],
[
[
11.992250760318898,
14.757595159393599,
1.3799978132006583
],
[
12.027428375302877,
14.759271663784022,
1.3725330926247559
]
],
[
[
11.99042732378152,
14.818398685544828,
1.3850607260989691
],
[
11.957911237814606,
14.816150775492897,
1.4003463610640716
]
],
[
[
11.928402417926232,
14.111350428650526,
-0.026784144739893767
],
[
11.928759557521039,
14.11136302480937,
-0.06278237003063025
]
],
[
[
11.987356316120529,
14.109115772287566,
-0.026200043077743818
],
[
11.986015211972322,
14.078796550362613,
-0.006836504228788565
]
],
[
[
12.190401736604052,
15.144397977609668,
1.979153084891844
],
[
12.195560143141188,
15.173367604929666,
1.9584130397874266
]
],
[
[
12.228857482350504,
15.22341778262641,
2.0366045865876585
],
[
12.19639340543768,
15.22100154277093,
2.0519758212593424
]
],
[
[
12.082701032681092,
14.248508448803177,
1.9478754013111632
],
[
12.095202642963905,
14.214770811659143,
1.94666056970265
]
],
[
[
12.194750977292891,
14.260313608069524,
1.8974942561255617
],
[
12.201543633740163,
14.254689463089774,
1.9323973966411412
]
]
],
"half_couplers": [
{
"pose": [
[
0.9917991350149951,
-0.07492345826013891,
-0.10354202618187891,
11.530795487656139
],
[
0.09871589751844864,
-0.06548801398839754,
0.992958454116275,
13.832271104268305
],
[
-0.0811766429500187,
-0.995036579943771,
-0.05755481920020711,
0.697798521434847
],
[
0.0,
0.0,
0.0,
1.0
]
],
"at_element": 1,
"to_element": 5
},
{
"pose": [
[
-0.26037840277205193,
0.0749234582601363,
-0.9625952227038199,
11.533492731771581
],
[
-0.9619397611077065,
0.06548801398839954,
0.26529835284807884,
13.834628672438061
],
[
0.08291551947569026,
0.9950365799437713,
0.05502018905710537,
0.7336198332406152
],
[
0.0,
0.0,
0.0,
1.0
]
],
"at_element": 5,
"to_element": 1
},
{
"pose": [
[
-0.05300684426136515,
-0.993211620590296,
-0.10354202618188235,
11.51340400718454
],
[
-0.06329245960246299,
-0.10013776987974765,
0.9929584541162746,
13.999053793391438
],
[
-0.9965863429823439,
0.059187023644621084,
-0.057554819200212215,
0.6881313017456308
],
[
0.0,
0.0,
0.0,
1.0
]
],
"at_element": 1,
"to_element": 9
},
{
"pose": [
[
-0.11423872945548363,
0.9932116205902953,
-0.021913224700987333,
11.549159628431509
],
[
0.9355728456210436,
0.10013776987975109,
-0.3386382695149101,
14.00265875340007
],
[
-0.33414512300636634,
-0.05918702364462303,
-0.9406614337811194,
0.686000568721268
],
[
0.0,
0.0,
0.0,
1.0
]
],
"at_element": 9,
"to_element": 1
},
{
"pose": [
[
0.4579009449307855,
0.8855324471678179,
-0.07847935807885809,
11.576012278717545
],
[
0.7823183341924085,
-0.4433078663726211,
-0.437557035823411,
13.909031718851123
],
[
-0.42226146949243315,
0.1389619394839117,
-0.8957593598489277,
0.47525803070198325
],
[
0.0,
0.0,
0.0,
1.0
]
],
"at_element": 8,
"to_element": 9
},
{
"pose": [
[
-0.46406044390378764,
-0.8855324471678171,
-0.021913224701004264,
11.544133728520581
],
[
-0.8299411172077932,
0.4433078663726233,
-0.3386382695148801,
13.924990492712055
],
[
0.3095894803957326,
-0.13896193948390886,
-0.9406614337811297,
0.4702554978445228
],
[
0.0,
0.0,
0.0,
1.0
]
],
"at_element": 9,
"to_element": 8
},
{
"pose": [
[
0.9793206019267612,
-0.17381083814295728,
-0.10354202618187855,
11.468870939731094
],
[
0.09166591517952721,
-0.07503911242356276,
0.9929584541162757,
14.426121791249201
],
[
-0.1803566428943105,
-0.9819159455629218,
-0.05755481920019845,
0.6633771730094242
],
[
0.0,
0.0,
0.0,
1.0
]
],
"at_element": 1,
"to_element": 11
},
{
"pose": [
[
0.5363419917730994,
0.17381083814296877,
-0.8259098379392895,
11.47512815654298
],
[
-0.8434501432506891,
0.07503911242356753,
-0.5319407743885362,
14.428823210797155
],
[
-0.030481530658034384,
0.9819159455629195,
0.18684740334835104,
0.6987262975408951
],
[
0.0,
0.0,
0.0,
1.0
]
],
"at_element": 11,
"to_element": 1
},
{
"pose": [
[
0.07921432407328044,
0.9914656522924883,
-0.1035420261818562,
11.458675810076263
],
[
0.06591454980789319,
0.09843160327170453,
0.992958454116276,
14.523892141655445
],
[
0.9946760090528153,
-0.08548145881764457,
-0.05755481920023131,
0.6577101133077367
],
[
0.0,
0.0,
0.0,
1.0
]
],
"at_element": 1,
"to_element": 14
},
{
"pose": [
[
0.12965630232442127,
-0.9914656522924895,
-0.01360527808560219,
11.42298299315455
],
[
-0.812924956509416,
-0.09843160327168343,
-0.5739897512687225,
14.520348598632282
],
[
0.5677519338159248,
0.08548145881765348,
-0.8187494499825227,
0.660787450432553
],
[
0.0,
0.0,
0.0,
1.0
]
],
"at_element": 14,
"to_element": 1
},
{
"pose": [
[
0.04819304975981864,
-0.9934568328664278,
-0.1035420261819045,
11.480025845950095
],
[
-0.05278931136548104,
-0.10605091703792136,
0.9929584541162708,
14.319147272365655
],
[
-0.99744208782285,
-0.04238778392912884,
-0.05755481920023353,
0.6695777336349455
],
[
0.0,
0.0,
0.0,
1.0
]
],
"at_element": 1,
"to_element": 15
},
{
"pose": [
[
-0.06355275600018029,
0.9934568328664276,
0.09489240452106093,
11.515790296390149
],
[
0.8217111608304929,
0.10605091703794178,
-0.5599499720171577,
14.322965105854788
],
[
-0.5663495522832039,
0.042387783929083545,
-0.8230743954237649,
0.671103694046554
],
[
0.0,
0.0,
0.0,
1.0
]
],
"at_element": 15,
"to_element": 1
},
{
"pose": [
[
-0.055008110875160776,
-0.9953869663864989,
-0.07860594688590244,
11.526049934427338
],
[
0.03339632905953477,
-0.08051524123382547,
0.9961937467854366,
14.196395716889125
],
[
-0.9979272483218873,
0.05217358600807709,
0.037671261987946014,
1.2340883303156125
],
[
0.0,
0.0,
0.0,
1.0
]
],
"at_element": 2,
"to_element": 9
},
{
"pose": [
[
-0.09340555514042137,
0.9953869663864976,
-0.0219132247009734,
11.561883878980684
],
[
0.9374654224818175,
0.08051524123384601,
-0.3386382695148957,
14.199294266686845
],
[
-0.3353117712217948,
-0.052173586008067485,
-0.940661433781125,
1.232210080497907
],
[
0.0,
0.0,
0.0,
1.0
]
],
"at_element": 9,
"to_element": 2
},
{
"pose": [
[
0.29301989144979945,
-0.9528695862125751,
-0.07860594688586792,
11.531893970292804
],
[
0.059207070276250384,
-0.06397297628601573,
0.9961937467854395,
14.122332720184568
],
[
-0.9542713796630657,
-0.2965586113674413,
0.037671261987940574,
1.2312876235640684
],
[
0.0,
0.0,
0.0,
1.0
]
],
"at_element": 2,
"to_element": 10
},
{
"pose": [
[
0.009071514727276297,
0.9528695862125781,
0.30324455360586855,
11.566197282757711
],
[
0.9710695193593079,
0.06397297628599985,
-0.23006835261807146,
14.124635747825078
],
[
-0.23862459259647806,
0.2965586113674338,
-0.9247222792990248,
1.2419637358643159
],
[
0.0,
0.0,
0.0,
1.0
]
],
"at_element": 10,
"to_element": 2
},
{
"pose": [
[
-0.04600814288232957,
-0.5979074563159996,
-0.8002436656858023,
11.543731948341529
],
[
-0.32137811821331047,
-0.7496427073037826,
0.5785774939625001,
14.224432038211878
],
[
-0.945832625744212,
0.2838000794009516,
-0.15766470438821423,
1.3872193349888438
],
[
0.0,
0.0,
0.0,
1.0
]
],
"at_element": 6,
"to_element": 9
},
{
"pose": [
[
-0.8012655516524585,
0.5979074563160136,
-0.021913224700987305,
11.565256895577026
],
[
0.5686474600367135,
0.7496427073037794,
-0.33863826951491255,
14.251419525238065
],
[
-0.18604725724631385,
-0.2838000794009305,
-0.9406614337811186,
1.3770023997925946
],
[
0.0,
0.0,
0.0,
1.0
]
],
"at_element": 9,
"to_element": 6
},
{
"pose": [
[
-0.059818780445916264,
0.9951094505732211,
-0.07860594688587907,
11.484682243598069
],
[
-0.04243343500379215,
0.07614080679482793,
0.9961937467854393,
14.720659294337027
],
[
0.9973069322428991,
0.06292661535864619,
0.037671261987923144,
1.2539134603573292
],
[
0.0,
0.0,
0.0,
1.0
]
],
"at_element": 2,
"to_element": 15
},
{
"pose": [
[
0.027433792010520985,
-0.9951094505732212,
0.0948924045210443,
11.448859213864546
],
[
-0.825020367250773,
-0.07614080679482726,
-0.5599499720171727,
14.717918294958341
],
[
0.5644366932414326,
-0.06292661535864474,
-0.8230743954237565,
1.2516481597798659
],
[
0.0,
0.0,
0.0,
1.0
]
],
"at_element": 15,
"to_element": 2
},
{
"pose": [
[
-0.30538132673496143,
0.9489801633310215,
-0.07860594688585909,
11.491158840481278
],
[
-0.060033641963960827,
0.06319794852786109,
0.9961937467854398,
14.638579686227109
],
[
0.9503358391190653,
0.3089379693499936,
0.037671261987949456,
1.250809603872632
],
[
0.0,
0.0,
0.0,
1.0
]
],
"at_element": 2,
"to_element": 16
},
{
"pose": [
[
-0.1032897547061169,
-0.948980163331012,
0.29793938339366244,
11.456995141809237
],
[
-0.8633650676471232,
-0.06319794852783955,
-0.5006064115336029,
14.636304532589948
],
[
0.4938947119978393,
-0.3089379693500268,
-0.8127886223086866,
1.239687702592653
],
[
0.0,
0.0,
0.0,
1.0
]
],
"at_element": 16,
"to_element": 2
},
{
"pose": [
[
-0.22237986211630112,
-0.41609148501543103,
-0.8817114454416412,
11.417070146472325
],
[
0.49830095772399197,
0.7288074514695243,
-0.4696124510847741,
14.843348076335435
],
[
0.8379996136374331,
-0.5437900098201054,
0.04526668491686181,
1.3778758107009796
],
[
0.0,
0.0,
0.0,
1.0
]
],
"at_element": 12,
"to_element": 15
},
{
"pose": [
[
0.9043579532805762,
0.4160914850154729,
0.09489240452104472,
11.432049433287215
],
[
0.3940757890564299,
-0.7288074514695311,
-0.5599499720171791,
14.817111019722788
],
[
-0.1638321238882021,
0.5437900098200646,
-0.8230743954237523,
1.3974522423692797
],
[
0.0,
0.0,
0.0,
1.0
]
],
"at_element": 15,
"to_element": 12
},
{
"pose": [
[
0.9847921588544288,
0.1651760692816146,
-0.053863438392928,
11.462663803006855
],
[
0.0829948191057439,
-0.17489295393349513,
0.9810832353404174,
13.60565023034191
],
[
0.1526311366020654,
-0.9706334636726118,
-0.18594196766322035,
-0.12421608228877139
],
[
0.0,
0.0,
0.0,
1.0
]
],
"at_element": 3,
"to_element": 7
},
{
"pose": [
[
-0.21090373963796982,
-0.1651760692815999,
-0.9634502990520057,
11.456717465216366
],
[
-0.9676502468537219,
0.17489295393349635,
0.18183908938494708,
13.611946375938473
],
[
0.13846520274296464,
0.9706334636726142,
-0.1967182422355731,
-0.08927328173145208
],
[
0.0,
0.0,
0.0,
1.0
]
],
"at_element": 7,
"to_element": 3
},
{
"pose": [
[
0.08881040393436723,
-0.25273747923411105,
-0.9634502990520071,
11.517139582854181
],
[
-0.4759955702277783,
-0.8604433524033883,
0.18183908938495738,
13.60054246349921
],
[
-0.8749519582677365,
0.442448871504048,
-0.196718242235558,
-0.07693623353544625
],
[
0.0,
0.0,
0.0,
1.0
]
],
"at_element": 7,
"to_element": 8
},
{
"pose": [
[
-0.964346803253852,
0.25273747923410644,
-0.0784793580788363,
11.526237913928648
],
[
0.2611150660269172,
0.8604433524033824,
-0.4375570358234311,
13.63151768140007
],
[
-0.04306002029534222,
-0.4424488715040623,
-0.8957593598489197,
-0.09286401096152189
],
[
0.0,
0.0,
0.0,
1.0
]
],
"at_element": 8,
"to_element": 7
},
{
"pose": [
[
0.9846016693352696,
0.16630779520723504,
-0.05386343839292841,
11.436304537200767
],
[
0.08319577114079871,
-0.17479745134945568,
0.981083235340418,
14.085765027128215
],
[
0.15374659803224355,
-0.9704574015664174,
-0.18594196766321658,
-0.21521089985660913
],
[
0.0,
0.0,
0.0,
1.0
]
],
"at_element": 3,
"to_element": 13
},
{
"pose": [
[
0.08192007436364424,
-0.16630779520725503,
-0.9826651610134334,
11.43031745627321
],
[
-0.9783116682988543,
0.17479745134944136,
-0.11114013978780213,
14.092057735692212
],
[
0.19025083728217212,
0.9704574015664168,
-0.14838143636719203,
-0.18027443164906023
],
[
0.0,
0.0,
0.0,
1.0
]
],
"at_element": 13,
"to_element": 3
},
{
"pose": [
[
0.03914178036017413,
0.9977808632333682,
-0.05386343839294494,
11.444866702156029
],
[
0.18814362090285774,
0.04558139146122775,
0.9810832353404171,
13.929811438823155
],
[
0.9813612479325836,
-0.048535406846270446,
-0.18594196766321858,
-0.1856534514883075
],
[
0.0,
0.0,
0.0,
1.0
]
],
"at_element": 3,
"to_element": 14
},
{
"pose": [
[
0.06517856529175547,
-0.9977808632333668,
-0.013605278085583428,
11.40894659691599
],
[
-0.8175928706825589,
-0.04558139146123752,
-0.5739897512687054,
13.928170508997171
],
[
0.5720958420016363,
0.04853540684629254,
-0.8187494499825352,
-0.1839061771257415
],
[
0.0,
0.0,
0.0,
1.0
]
],
"at_element": 14,
"to_element": 3
},
{
"pose": [
[
-0.9926328074719546,
-0.04781944709178146,
-0.11132569339637222,
11.250797771917334
],
[
-0.11584016180742629,
0.1052515146588,
0.9876756428982432,
14.303140867004636
],
[
-0.03551290529900439,
0.9932952326181099,
-0.1100155189750942,
2.017731127961666
],
[
0.0,
0.0,
0.0,
1.0
]
],
"at_element": 4,
"to_element": 40
},
{
"pose": [
[
0.38464899907031147,
0.04781944709178154,
-0.921823436453014,
11.252519314427968
],
[
0.9196818257782249,
-0.10525151465880311,
0.3782954638840634,
14.29935171911997
],
[
-0.07893343301439759,
-0.9932952326181095,
-0.0844635661732176,
1.9819716185453462
],
[
0.0,
0.0,
0.0,
1.0
]
],
"at_element": 40,
"to_element": 4
},
{
"pose": [
[
-0.8713903591789804,
0.38564437327452605,
0.30324455360587327,
11.32302532130445
],
[
0.32577725836513827,
0.9170265705287414,
-0.2300683526180626,
14.309127676564449
],
[
-0.3668078786804085,
-0.10168916513568829,
-0.9247222792990257,
1.983499000992063
],
[
0.0,
0.0,
0.0,
1.0
]
],
"at_element": 10,
"to_element": 40
},
{
"pose": [
[
0.03898678452547455,
-0.3856443732745374,
-0.9218234364530192,
11.309142224397473
],
[
-0.1263123546968046,
-0.9170265705287388,
0.3782954638840502,
14.27611495907859
],
[
-0.9912241016456939,
0.1016891651356692,
-0.08446356617321915,
1.9871597844283178
],
[
0.0,
0.0,
0.0,
1.0
]
],
"at_element": 40,
"to_element": 10
},
{
"pose": [
[
0.27718585053109224,
-0.9543451127632883,
-0.11132569339636617,
11.16501031264172
],
[
-0.0754502556712624,
-0.13712798162548556,
0.987675642898245,
15.064242652294862
],
[
-0.9578492904337801,
-0.26537016109605693,
-0.110015518975082,
1.9329532876821736
],
[
0.0,
0.0,
0.0,
1.0
]
],
"at_element": 4,
"to_element": 16
},
{
"pose": [
[
0.02138994080904999,
0.9543451127632916,
0.29793938339367865,
11.199366740617599
],
[
0.8547450715779301,
0.13712798162547657,
-0.5006064115336137,
15.069179260196119
],
[
-0.5186071085565875,
0.26537016109604916,
-0.812788622308674,
1.9425066145706462
],
[
0.0,
0.0,
0.0,
1.0
]
],
"at_element": 16,
"to_element": 4
},
{
"pose": [
[
0.8699201001019214,
0.393028171078942,
0.2979393833936775,
11.156737058782532
],
[
0.4929564212098208,
-0.7116088725693606,
-0.500606411533621,
15.140806890639572
],
[
0.015263886355334044,
0.5823587118081993,
-0.81278862230867,
2.0588018152034464
],
[
0.0,
0.0,
0.0,
1.0
]
],
"at_element": 16,
"to_element": 17
},
{
"pose": [
[
-0.25083961478058714,
-0.39302817107895494,
-0.8846515384008883,
11.142588052696269
],
[
0.526332268741689,
0.7116088725693588,
-0.4653892514463484,
15.166424795436022
],
[
0.8124369701939672,
-0.5823587118081929,
0.0283637134936372,
2.0378369135396723
],
[
0.0,
0.0,
0.0,
1.0
]
],
"at_element": 17,
"to_element": 16
},
{
"pose": [
[
-0.27058644480179894,
0.013907304458692316,
-0.9625952227038197,
11.84070423724377
],
[
-0.9517199291951304,
-0.15442137270763645,
0.26529835284808184,
13.749958912547898
],
[
-0.144955690686289,
0.9879071953041856,
0.055020189057094715,
0.7160601833348962
],
[
0.0,
0.0,
0.0,
1.0
]
],
"at_element": 5,
"to_element": 18
},
{
"pose": [
[
-0.6638139855924234,
-0.013907304458694203,
-0.747768399582782,
11.840203569534086
],
[
0.7374428164946665,
0.15442137270761136,
-0.6575196818738663,
13.755518134698345
],
[
0.12461574913435042,
-0.9879071953041895,
-0.09225122510782424,
0.6804951869459609
],
[
0.0,
0.0,
0.0,
1.0
]
],
"at_element": 18,
"to_element": 5
},
{
"pose": [
[
-0.1232736660196454,
-0.24127585974121374,
-0.9625952227038193,
11.661733889948831
],
[
-0.2480023377560472,
-0.9317250798618817,
0.26529835284808284,
13.79928446208951
],
[
-0.9608841989197308,
0.27143016608790654,
0.0550201890570996,
0.7262898022978115
],
[
0.0,
0.0,
0.0,
1.0
]
],
"at_element": 5,
"to_element": 20
},
{
"pose": [
[
-0.9676308130721709,
0.24127585974122,
0.07400384516647782,
11.670419831009387
],
[
0.20964340021709627,
0.9317250798618791,
-0.296543454322953,
13.832826604005414
],
[
-0.14050001544022436,
-0.2714301660879093,
-0.9521477882129361,
0.7165183049452579
],
[
0.0,
0.0,
0.0,
1.0
]
],
"at_element": 20,
"to_element": 5
},
{
"pose": [
[
0.18883327738032352,
0.6365409758524729,
-0.7477683995827767,
11.919375321820652
],
[
-0.07740279028326053,
-0.7494509163413201,
-0.6575196818738748,
13.825134590015134
],
[
-0.9789539322205981,
0.18204095708366655,
-0.09225122510780714,
0.6902625041346022
],
[
0.0,
0.0,
0.0,
1.0
]
],
"at_element": 18,
"to_element": 21
},
{
"pose": [
[
-0.7710047577155275,
-0.6365409758524733,
0.019163758524919465,
11.896459845863065
],
[
-0.6242291075482601,
0.7494509163413203,
-0.22059316690382288,
13.852114823976995
],
[
0.12605429334030227,
-0.18204095708366377,
-0.9751776274477075,
0.68370902944311
],
[
0.0,
0.0,
0.0,
1.0
]
],
"at_element": 21,
"to_element": 18
},
{
"pose": [
[
0.0277961426081188,
-0.5990304249249992,
-0.8002436656858234,
11.85996238640134
],
[
-0.2268464197889356,
-0.7834467341874944,
0.578577493962469,
13.995796908422372
],
[
-0.9735338084961667,
0.1654501879875743,
-0.1576647043882211,
1.4495233314753733
],
[
0.0,
0.0,
0.0,
1.0
]
],
"at_element": 6,
"to_element": 21
},
{
"pose": [
[
-0.8004969084096398,
0.5990304249249853,
0.0191637585249209,
11.881527451186962
],
[
0.5809904210968438,
0.7834467341875,
-0.22059316690381192,
14.02400095094818
],
[
-0.14715580253704574,
-0.16545018798760097,
-0.9751776274477111,
1.4435671331350428
],
[
0.0,
0.0,
0.0,
1.0
]
],
"at_element": 21,
"to_element": 6
},
{
"pose": [
[
-0.13729712628840818,
0.5837461559982033,
-0.8002436656858124,
11.709206611817336
],
[
0.07916126153750469,
0.8117768031619781,
0.5785774939624855,
14.104793582809585
],
[
0.9873616327287261,
0.01608872914311199,
-0.15766470438821711,
1.4198212973902506
],
[
0.0,
0.0,
0.0,
1.0
]
],
"at_element": 6,
"to_element": 22
},
{
"pose": [
[
0.8061801616869386,
-0.5837461559982037,
0.09650892321305064,
11.688191745841554
],
[
-0.5818492994449073,
-0.8117768031619779,
-0.0496972291339287,
14.075569611832805
],
[
0.10735427163318785,
-0.01608872914311239,
-0.9940906463480419,
1.4192421030209361
],
[
0.0,
0.0,
0.0,
1.0
]
],
"at_element": 22,
"to_element": 6
},
{
"pose": [
[
0.06073664815725621,
0.512584954860591,
-0.8564856820876737,
11.712124334399338
],
[
-0.07134080583162433,
-0.8536461049398718,
-0.5159445870869084,
14.042016663357574
],
[
-0.9956010993334209,
0.09243912359792153,
-0.015279379389623982,
1.3661280467328665
],
[
0.0,
0.0,
0.0,
1.0
]
],
"at_element": 19,
"to_element": 22
},
{
"pose": [
[
-0.8531955765185602,
-0.5125849548605765,
0.09650892321305088,
11.693671269982662
],
[
-0.5184771093668241,
0.8536461049398821,
-0.04969722913392785,
14.072747933197096
],
[
-0.05691041444045292,
-0.09243912359790396,
-0.9940906463480417,
1.362800237193788
],
[
0.0,
0.0,
0.0,
1.0
]
],
"at_element": 22,
"to_element": 19
},
{
"pose": [
[
0.15794931282385183,
-0.05436592309211488,
-0.9859494718213582,
11.722378794767804
],
[
-0.29802465633119035,
-0.9545456434597135,
0.004890682033898086,
13.5824135936148
],
[
-0.9413996594418061,
0.29306477263298475,
-0.16697221398911855,
0.03337315794183422
],
[
0.0,
0.0,
0.0,
1.0
]
],
"at_element": 0,
"to_element": 20
},
{
"pose": [
[
-0.9957749631854167,
0.05436592309211391,
0.07400384516647837,
11.724335972018093
],
[
0.030076473368630285,
0.9545456434597137,
-0.29654345432294926,
13.616777307343632
],
[
-0.08676190663412037,
-0.29306477263298536,
-0.9521477882129374,
0.02282280446238842
],
[
0.0,
0.0,
0.0,
1.0
]
],
"at_element": 20,
"to_element": 0
},
{
"pose": [
[
0.13407599550580407,
-0.23192056546527723,
-0.963450299052003,
11.721264273590485
],
[
-0.30842745391730725,
-0.9337060839695379,
0.18183908938497834,
13.562016503290366
],
[
-0.9417516302609809,
0.27277426578131764,
-0.19671824223555956,
-0.03525785075012354
],
[
0.0,
0.0,
0.0,
1.0
]
],
"at_element": 7,
"to_element": 20
},
{
"pose": [
[
-0.9699156057177529,
0.231920565465291,
0.07400384516647782,
11.72961340881302
],
[
0.20063630891859158,
0.9337060839695402,
-0.29654345432295315,
13.59562990164305
],
[
-0.1378723660806902,
-0.2727742657812968,
-0.9521477882129361,
-0.04507771827962243
],
[
0.0,
0.0,
0.0,
1.0
]
],
"at_element": 20,
"to_element": 7
},
{
"pose": [
[
0.5586999552704047,
0.07567892425196115,
-0.8259098379392956,
11.69648050702237
],
[
-0.8166688300679159,
0.22381026459581976,
-0.5319407743885126,
14.571388821857697
],
[
0.14459039379000638,
0.971690107948833,
0.18684740334838956,
0.6486492673225286
],
[
0.0,
0.0,
0.0,
1.0
]
],
"at_element": 11,
"to_element": 23
},
{
"pose": [
[
0.5305706743656957,
-0.07567892425197265,
-0.8442555655292983,
11.693756065858608
],
[
0.8160418401354467,
-0.22381026459584374,
0.5329021304234884,
14.563331652655513
],
[
-0.22928252146965994,
-0.9716901079488267,
-0.056989994410530764,
0.6136684248398581
],
[
0.0,
0.0,
0.0,
1.0
]
],
"at_element": 23,
"to_element": 11
},
{
"pose": [
[
0.11961255604881982,
0.5509680353981568,
-0.8259098379393258,
11.832448081141692
],
[
-0.4891795553849623,
-0.6911891022986132,
-0.5319407743884728,
14.658960967564571
],
[
-0.8639422428778666,
0.4676450030024194,
0.18684740334837024,
0.6178890232901287
],
[
0.0,
0.0,
0.0,
1.0
]
],
"at_element": 11,
"to_element": 26
},
{
"pose": [
[
-0.8229978264082067,
-0.5509680353981048,
-0.1382345893650349,
11.812612996575176
],
[
-0.35720799106631035,
0.6911891022986003,
-0.6282197672646299,
14.68384407042124
],
[
0.44167525269788194,
-0.46764500300249945,
-0.7656573138950964,
0.6010536034731506
],
[
0.0,
0.0,
0.0,
1.0
]
],
"at_element": 26,
"to_element": 11
},
{
"pose": [
[
0.21009345807810031,
0.4930449056075645,
-0.8442555655293089,
11.556253639805831
],
[
0.4269044429602982,
0.7305942211452826,
0.532902130423472,
14.65012448976993
],
[
0.8795529179381665,
-0.47237570331627515,
-0.05698999441052144,
0.6043865642136037
],
[
0.0,
0.0,
0.0,
1.0
]
],
"at_element": 23,
"to_element": 27
},
{
"pose": [
[
0.8572606344084619,
-0.4930449056075504,
-0.14836079585942893,
11.538503992736356
],
[
-0.5005647521208122,
-0.7305942211453089,
-0.4643996263600016,
14.623823052661786
],
[
0.12057832984343095,
0.47237570331624906,
-0.8731105664740564,
0.6213921187233439
],
[
0.0,
0.0,
0.0,
1.0
]
],
"at_element": 27,
"to_element": 23
},
{
"pose": [
[
-0.4714167176941466,
-0.018740471062637765,
-0.8817114454416638,
11.60703288664001
],
[
0.880762178764418,
-0.061009263594529184,
-0.4696124510847312,
14.944525018617536
],
[
-0.04499180743905595,
-0.9979612540073908,
0.04526668491687014,
1.3681232056400274
],
[
0.0,
0.0,
0.0,
1.0
]
],
"at_element": 12,
"to_element": 24
},
{
"pose": [
[
-0.5333842835573201,
0.01874047106264165,
-0.8456654189443926,
11.607707543739814
],
[
-0.8436277676319152,
0.06100926359454395,
0.5334510843892278,
14.94672135256775
],
[
0.06159054906750011,
0.9979612540073898,
-0.016731400585788814,
1.4040498183220014
],
[
0.0,
0.0,
0.0,
1.0
]
],
"at_element": 24,
"to_element": 12
},
{
"pose": [
[
0.1308389549819624,
0.45328368031114114,
-0.8817114454416566,
11.678895595410081
],
[
-0.33557607869954525,
-0.8166105811161244,
-0.4696124510847451,
14.982800151578068
],
[
-0.9328825559864782,
0.35732487175226507,
0.04526668491686425,
1.3644338051995724
],
[
0.0,
0.0,
0.0,
1.0
]
],
"at_element": 12,
"to_element": 27
},
{
"pose": [
[
-0.8789328639978928,
-0.45328368031114863,
-0.14836079585942535,
11.662577382774723
],
[
-0.3427537685363796,
0.8166105811161184,
-0.46439962635999743,
15.012198132757954
],
[
0.33165776749319714,
-0.35732487175226935,
-0.8731105664740593,
1.3515701097028512
],
[
0.0,
0.0,
0.0,
1.0
]
],
"at_element": 27,
"to_element": 12
},
{
"pose": [
[
-0.25306475512829585,
-0.46990236104265454,
-0.845665418944392,
11.523355514527344
],
[
-0.4283833051910883,
-0.7293268707496765,
0.5334510843892282,
14.999931145052813
],
[
-0.8674364377551904,
0.4972666152970891,
-0.01673140058579503,
1.4023809223740744
],
[
0.0,
0.0,
0.0,
1.0
]
],
"at_element": 24,
"to_element": 28
},
{
"pose": [
[
-0.8700576266624391,
0.4699023610426575,
-0.14896810857717135,
11.540271987812082
],
[
0.4777468582868193,
0.7293268707496755,
-0.4897348823593843,
15.026186894220581
],
[
-0.12148113303553648,
-0.4972666152970881,
-0.8590507829152945,
1.384479336618259
],
[
0.0,
0.0,
0.0,
1.0
]
],
"at_element": 28,
"to_element": 24
},
{
"pose": [
[
-0.18519110985335407,
0.008569373473893305,
-0.9826651610134287,
11.682871351445922
],
[
0.6254706227630341,
0.7722916349335709,
-0.11114013978781212,
14.120621763732554
],
[
0.757951682425539,
-0.6352103560631683,
-0.14838143636721446,
-0.14213905124418896
],
[
0.0,
0.0,
0.0,
1.0
]
],
"at_element": 13,
"to_element": 26
},
{
"pose": [
[
0.9903624407969779,
-0.008569373473905288,
-0.13823458936502575,
11.682562854085264
],
[
-0.09436924620659984,
-0.7722916349335596,
-0.6282197672646472,
14.092819272481506
],
[
-0.10137396721570438,
0.6352103560631817,
-0.7656573138950837,
-0.11927148468231513
],
[
0.0,
0.0,
0.0,
1.0
]
],
"at_element": 26,
"to_element": 13
},
{
"pose": [
[
-0.01653715527784616,
-0.03548428249982527,
-0.9992334002578123,
11.693418113996298
],
[
-0.6375934437295275,
-0.7694413571952905,
0.03787609207127529,
14.12025754397379
],
[
-0.7701955096002824,
0.6377310275758444,
-0.009900174676199969,
-0.0291123151698168
],
[
0.0,
0.0,
0.0,
1.0
]
],
"at_element": 25,
"to_element": 26
},
{
"pose": [
[
-0.989763640471075,
0.03548428249982369,
-0.13823458936502572,
11.694695547025585
],
[
0.11532528714659382,
0.769441357195281,
-0.628219767264641,
14.147957408097732
],
[
0.08407148235876574,
-0.6377310275758556,
-0.7656573138950893,
-0.0520706116615265
],
[
0.0,
0.0,
0.0,
1.0
]
],
"at_element": 26,
"to_element": 25
},
{
"pose": [
[
-0.15676461672015352,
-0.43910876847261426,
-0.8846515384008821,
11.637423145553193
],
[
0.35418054513816555,
0.8111528746690284,
-0.4653892514463601,
15.426743037656403
],
[
0.9219441395172568,
-0.38628293175680906,
0.028363713493638087,
2.021971501915834
],
[
0.0,
0.0,
0.0,
1.0
]
],
"at_element": 17,
"to_element": 28
},
{
"pose": [
[
0.8859977381897799,
0.4391087684726132,
-0.1489681085771692,
11.653231060954646
],
[
0.31967289362191403,
-0.8111528746690304,
-0.48973488235938467,
15.397541534655186
],
[
-0.3358827905772886,
0.3862829317568056,
-0.8590507829152942,
2.035877687227225
],
[
0.0,
0.0,
0.0,
1.0
]
],
"at_element": 28,
"to_element": 17
},
{
"pose": [
[
-0.4579498818258503,
-0.08759886609222783,
-0.8846515384008808,
11.466277670394376
],
[
0.8787179337166522,
0.10614912907288421,
-0.46538925144636195,
15.33670841824392
],
[
0.13467256105245257,
-0.9904841245857623,
0.028363713493639975,
2.0274587712104903
],
[
0.0,
0.0,
0.0,
1.0
]
],
"at_element": 17,
"to_element": 29
},
{
"pose": [
[
-0.2608393841546264,
0.08759886609222362,
-0.9613996330003418,
11.469431231103975
],
[
-0.9620589183116388,
-0.10614912907287599,
0.2513463747383467,
15.33288704774296
],
[
-0.08003407631049858,
0.9904841245857636,
0.11196314381392969,
2.0631162169985044
],
[
0.0,
0.0,
0.0,
1.0
]
],
"at_element": 29,
"to_element": 17
},
{
"pose": [
[
-0.27387956654351475,
-0.6048408084904069,
-0.7477683995827902,
12.06558900486359
],
[
0.17888870386538314,
0.7318925464696722,
-0.65751968187386,
13.953701636193657
],
[
0.9449808541231401,
-0.3138485252582997,
-0.09225122510780381,
0.708300698040311
],
[
0.0,
0.0,
0.0,
