{
"line_pt_pairs": [
[
[
11.981856213779356,
13.744006912002277,
-0.06518614831313818
],
[
10.983791616159634,
13.684233887313264,
-0.04803259189740583
]
],
[
[
11.422426229042618,
13.993078196482328,
0.6876384063969421
],
[
11.321331220966671,
14.987890413849513,
0.6763047609502716
]
],
[
[
11.495610590666121,
13.60880931289531,
1.1704921203759082
],
[
11.33401351339131,
14.887999085933853,
1.336503894566298
]
],
[
[
11.501178487422745,
13.679085803908185,
-0.02698944201275899
],
[
11.479455139284488,
14.957068523138851,
0.21026203952837297
]
],
[
[
11.33200695463309,
13.969785600201964,
1.9517498596788005
],
[
11.305538200392984,
15.266044092763122,
2.0466883951217465
]
],
[
[
11.997351217671811,
13.78668348981425,
0.7649800329475316
],
[
11.053706394637471,
14.116896415525314,
0.7427568096478186
]
],
[
[
12.124669576343212,
13.832214362059794,
1.359914881523705
],
[
11.268183894255547,
14.348158949146718,
1.3751942609133225
]
],
[
[
11.382353349411494,
14.061471850325562,
0.803405794026647
],
[
11.392428675111656,
13.717589616287714,
-0.1355529361234986
]
],
[
[
11.33648434532685,
14.242686132930851,
1.5063279462265342
],
[
11.523927418649361,
13.946454052895914,
0.569785555823629
]
],
[
[
11.178372379213897,
14.372322563232213,
2.1879222945023677
],
[
11.264060991714027,
14.201410832373309,
1.2063691161454253
]
],
[
[
12.029767660899354,
14.855964039541437,
0.6175365928290633
],
[
11.20895232723857,
14.285979602446124,
0.6546839951134429
]
],
[
[
12.03138200016525,
15.167733878804597,
1.4081777495301515
],
[
11.133041523405774,
14.728675965712293,
1.393599108763955
]
],
[
[
12.094106683576912,
14.2080987622797,
-0.07046425869710826
],
[
11.11411496482618,
14.072175497088878,
0.07493552520868751
]
],
[
[
11.500356065848036,
14.61317322549756,
0.7934510079381814
],
[
11.446413875714374,
14.131607972641149,
-0.08129761158912285
]
],
[
[
11.336620016713102,
14.822690209823307,
1.5381166446501595
],
[
11.556094812721163,
14.472036781136435,
0.6276920256578125
]
],
[
[
11.21388484366675,
15.317422276750891,
2.1559963337232353
],
[
11.583008941905485,
14.818697292693997,
1.3717637213071918
]
],
[
[
11.953752108938799,
15.531955847589948,
2.060287802768813
],
[
11.020322037692065,
15.191633313413211,
2.1738169832637055
]
],
[
[
12.325303303147379,
14.199201264825833,
0.7461577991612318
],
[
11.423368942817289,
13.772583487730817,
0.813326853959251
]
],
[
[
12.343109176649573,
14.401567455032673,
1.3258268474580757
],
[
11.528788967550186,
13.832652251128136,
1.4407967905675365
]
],
[
[
12.395414466845,
13.722776321596077,
0.12404431477272992
],
[
11.396722123817476,
13.676016233188037,
0.14471066690042445
]
],
[
[
11.73139213683564,
13.856928469320094,
0.8396815682041868
],
[
11.695482030807442,
13.675071093368175,
-0.14298742952441046
]
],
[
[
11.854869526883725,
14.005222489538685,
1.520655200858557
],
[
11.713160502581,
13.756510723920771,
0.562500197701767
]
],
[
[
11.718144587906343,
14.035572657035322,
2.230449949183442
],
[
11.851442951924975,
13.911270407850743,
1.247199982492565
]
],
[
[
12.29119973915457,
14.309102142378148,
0.6706357193854331
],
[
11.491982610852984,
14.903986380962625,
0.7564536925212073
]
],
[
[
12.35693608938761,
14.704119800659974,
1.348610310315687
],
[
11.562015213346326,
15.305354166498583,
1.26725898476777
]
],
[
[
12.384379443861846,
14.152164114620954,
0.1368944521052352
],
[
11.402909739385446,
14.093334252511696,
-0.04546855543526829
]
],
[
[
11.823150619770535,
14.734019087929225,
0.7548833001287252
],
[
11.700366514083642,
14.191035126132896,
-0.07583475109120186
]
],
[
[
11.70047374363228,
15.092815935088417,
1.508797047663653
],
[
11.631603552675678,
14.68124027109228,
0.6000273465821637
]
],
[
[
11.721877806596625,
15.536062816327224,
2.1575970687064396
],
[
11.753363215877226,
15.015399822631148,
1.3044155428880044
]
],
[
[
12.39708047167706,
15.01549708186587,
2.0529587364301802
],
[
11.578127382848502,
15.58276160328055,
1.9662015981513306
]
],
[
[
12.121402362689803,
14.776866922869152,
0.6322201585454676
],
[
12.053255192998572,
13.782074589178535,
0.5564298155362788
]
],
[
[
12.040844712848276,
15.062901617927253,
1.4054745121089958
],
[
12.200916068740648,
14.090055027214177,
1.2383019307425442
]
],
[
[
11.931649058451171,
14.462551987533764,
0.09728283863596165
],
[
12.04712725906775,
13.469243847361609,
0.09535311065243623
]
],
[
[
11.97419138842001,
14.126607050496812,
0.8470707886146776
],
[
12.150108477787889,
13.669690708805263,
-0.02486994008397958
]
],
[
[
12.0908153174325,
14.578084312309496,
0.8108517148802097
],
[
11.975295379203727,
14.125894753451002,
-0.07355754939226533
]
],
[
[
12.068107658944143,
14.294036967731964,
1.6588361940230703
],
[
11.975765691067938,
14.054422674020033,
0.384450871125132
]
],
[
[
12.089241459380046,
15.062238454834322,
1.4228654619428105
],
[
11.871175040019807,
14.491837915455244,
0.6309751529836329
]
],
[
[
12.314563245962306,
14.29384472266524,
2.190634071657072
],
[
12.2003701536331,
14.26561982660589,
1.1975765240261544
]
],
[
[
12.164562063880204,
15.246631994070269,
2.233795844728297
],
[
12.036725942200576,
14.82074857964304,
1.3380943077698544
]
],
[
[
12.184797766681392,
15.398036926847146,
2.2263800306454504
],
[
12.27343447603059,
14.117916844406682,
2.017966719438207
]
],
[
[
11.991256545665994,
14.087772477571425,
2.0793504165777126
],
[
11.03022238926089,
14.34531635566521,
1.9789287999847431
]
],
[
[
11.609523190232462,
13.881469427654068,
2.118282756327105
],
[
12.408883909502451,
14.481650795586866,
2.089914357104018
]
],
[
[
11.80505317364679,
14.24565532792162,
-0.0925527016937766
],
[
11.28910049164851,
14.617834951643994,
0.6789880669145026
]
],
[
[
12.198687455427681,
14.677160142800501,
0.8416758080526124
],
[
11.602894097502306,
14.106244626898393,
-0.16285679388434615
]
],
[
[
11.748400829723206,
15.097155371134514,
1.2609919601253923
],
[
12.270095126681767,
15.193028219861697,
2.108720370288605
]
],
[
[
11.813179628280803,
15.040874794669724,
1.1899008899495935
],
[
11.231076672653973,
15.30414751886503,
2.3220862200724013
]
],
[
[
12.265641791526864,
15.188842708697528,
2.0329296013869596
],
[
11.978524670779361,
14.107004453254923,
1.4453902802580116
]
],
[
[
11.216970279289432,
15.289029460019995,
2.071661787774911
],
[
11.288341161635554,
14.224815372943096,
1.3421727122421085
]
],
[
[
11.778720792636403,
14.03376005474796,
2.307576485509338
],
[
11.397443369575097,
14.326578304425476,
1.0997333668389015
]
],
[
[
11.651079847204716,
14.055214356269188,
2.130738566757483
],
[
12.11978653605783,
14.102799569303322,
1.2486673183172874
]
],
[
[
11.668998798095695,
14.08474146488647,
1.5212013983517823
],
[
11.45675866677826,
14.08266082924484,
0.543986070180102
]
],
[
[
11.688211868419579,
14.025261461359644,
1.4639099229141128
],
[
11.974141307004503,
14.115324619849462,
0.5099010216802994
]
],
[
[
11.547887654168116,
14.938973277222608,
1.4589582127727252
],
[
11.441978731865056,
13.96709943393502,
0.6020775134277021
]
],
[
[
11.39238694894291,
14.688756294931668,
0.6946347276366781
],
[
11.319428379690889,
13.63316290285859,
-0.06061333610420405
]
],
[
[
11.347085747973162,
14.8885415584556,
1.4189117320853977
],
[
11.643515038854353,
14.568240258136198,
0.5191691286029494
]
],
[
[
11.613022521853438,
14.53551427724001,
0.5240363681126433
],
[
12.206944583231573,
14.816483526091917,
1.6457818232886123
]
],
[
[
12.151755619775948,
15.003352524826301,
1.3703105338953714
],
[
11.932981563481686,
13.976472165596743,
0.6037241786025527
]
],
[
[
12.141626448946086,
14.64720920442524,
0.8230233397665416
],
[
12.199026784594786,
13.629710300608476,
0.0159290564271648
]
]
],
"contact_id_pairs": [
[
1,
7
],
[
1,
52
],
[
5,
7
],
[
5,
8
],
[
50,
52
],
[
1,
10
],
[
1,
53
],
[
10,
13
],
[
10,
14
],
[
42,
53
],
[
2,
8
],
[
2,
48
],
[
6,
47
],
[
6,
48
],
[
9,
47
],
[
2,
14
],
[
2,
54
],
[
11,
52
],
[
11,
54
],
[
15,
52
],
[
0,
3
],
[
0,
7
],
[
0,
53
],
[
3,
12
],
[
3,
13
],
[
4,
40
],
[
9,
40
],
[
4,
15
],
[
15,
16
],
[
15,
47
],
[
16,
45
],
[
5,
17
],
[
5,
20
],
[
20,
21
],
[
6,
18
],
[
6,
21
],
[
6,
50
],
[
6,
51
],
[
21,
22
],
[
0,
20
],
[
19,
20
],
[
10,
26
],
[
10,
54
],
[
10,
55
],
[
23,
26
],
[
23,
27
],
[
54,
55
],
[
11,
27
],
[
11,
28
],
[
11,
44
],
[
24,
44
],
[
27,
45
],
[
28,
45
],
[
44,
45
],
[
12,
25
],
[
12,
43
],
[
26,
42
],
[
26,
43
],
[
16,
28
],
[
28,
29
],
[
17,
33
],
[
30,
33
],
[
33,
35
],
[
35,
51
],
[
35,
56
],
[
51,
56
],
[
18,
35
],
[
18,
37
],
[
31,
37
],
[
35,
46
],
[
46,
49
],
[
19,
32
],
[
19,
33
],
[
19,
57
],
[
22,
41
],
[
22,
48
],
[
40,
41
],
[
48,
49
],
[
23,
34
],
[
23,
36
],
[
23,
57
],
[
30,
34
],
[
30,
43
],
[
43,
57
],
[
24,
36
],
[
24,
56
],
[
31,
36
],
[
31,
38
],
[
31,
55
],
[
25,
32
],
[
32,
34
],
[
29,
38
],
[
29,
44
],
[
29,
46
],
[
38,
39
],
[
44,
46
],
[
37,
39
],
[
39,
41
]
],
"coupler_pt_pairs": [
[
[
11.41939337880034,
14.022922563003343,
0.687298397033542
],
[
11.383589084677432,
14.019294811431065,
0.6882428255392707
]
],
[
[
11.416578691105164,
14.050620129485857,
0.6869828456231671
],
[
11.451456341393696,
14.054070773058081,
0.6787583114607545
]
],
[
[
11.371551459684525,
14.005671782813911,
0.7502421915233206
],
[
11.383048529232983,
14.037744578653493,
0.73861928668797
]
],
[
[
11.477178078986714,
13.968709491344342,
0.7527297418069095
],
[
11.488933558829263,
14.00175779765005,
0.7446292165917724
]
],
[
[
11.489355139998963,
14.082980379480478,
0.6940697187242488
],
[
11.454290837692314,
14.080081544876146,
0.7016914611693348
]
],
[
[
11.380583283973307,
14.404828230018143,
0.6829474417995229
],
[
11.379328371350184,
14.404290859089409,
0.6469733357352753
]
],
[
[
11.355307061292113,
14.653555596588578,
0.6801137534547477
],
[
11.390192585808629,
14.657007382526958,
0.6719192532886948
]
],
[
[
11.509520951213325,
14.49469821541439,
0.6410812477828638
],
[
11.490115447898477,
14.521750801601424,
0.6273849584825113
]
],
[
[
11.530358344865453,
14.509167962267645,
0.6401382158817646
],
[
11.54951056884092,
14.482556383997041,
0.6550047642275829
]
],
[
[
11.361321643327162,
14.565738621894425,
0.5709906384291755
],
[
11.382651725191051,
14.547903233143725,
0.5938582326470676
]
],
[
[
11.425859265767887,
14.160955323023794,
1.2421489930976484
],
[
11.390538951226576,
14.157259085362158,
1.2362489887901507
]
],
[
[
11.410202949554733,
14.284889492632963,
1.2582330267674604
],
[
11.444485989030715,
14.290449919538064,
1.2487589863929975
]
],
[
[
11.293878464718176,
14.33268061153411,
1.374735879531634
],
[
11.282436287506837,
14.312863187732917,
1.4025270336081526
]
],
[
[
11.465214533081124,
14.229468241621348,
1.3716793091225856
],
[
11.483793286368345,
14.260262205003212,
1.3732799932273188
]
],
[
[
11.252474346522737,
14.22452117955612,
1.3390928011506875
],
[
11.288341161635554,
14.224815372943096,
1.3421727122421085
]
],
[
[
11.353126523331452,
14.73670200024562,
1.3168687331896738
],
[
11.388241447440095,
14.74021499167809,
1.323980797362549
]
],
[
[
11.337742676713036,
14.858479321940656,
1.3326728536234427
],
[
11.372119855655374,
14.86149140690306,
1.3429264839511987
]
],
[
[
11.532716411115084,
14.924014399917162,
1.400085198127536
],
[
11.543714462764681,
14.900677961966482,
1.425194039835108
]
],
[
[
11.373272491702341,
14.846087248326329,
1.3974976762651596
],
[
11.359129025905258,
14.875528412655159,
1.3823571452938057
]
],
[
[
11.558848892223306,
14.851340028429894,
1.423093610005224
],
[
11.540697174360892,
14.872989797329081,
1.4007819682046807
]
],
[
[
11.499676639513089,
13.715129691363561,
-0.05689901484560922
],
[
11.500677179388784,
13.70857771281351,
-0.021514407823348236
]
],
[
[
11.39393087929906,
13.708796690522627,
-0.05508158151726361
],
[
11.391698008312813,
13.742528098536384,
-0.0674592595495962
]
],
[
[
11.321143526021322,
13.7044375335353,
-0.053830598390741446
],
[
11.32290296952862,
13.6834346407843,
-0.02464528911338526
]
],
[
[
11.493724411885571,
14.11760843235933,
0.054420221610843256
],
[
11.487660787777152,
14.123985698116508,
0.01951313653256559
]
],
[
[
11.491993668870395,
14.219427896410092,
0.0733225262604007
],
[
11.456123656028163,
14.21829137945877,
0.07616015763295758
]
],
[
[
11.325877259854218,
14.269976113206186,
1.9737359433357549
],
[
11.32143147299857,
14.26727634401517,
2.009358193946021
]
],
[
[
11.19564400958806,
14.337873128752237,
1.9900777595691008
],
[
11.18592182155814,
14.303591058657211,
1.9951983452341906
]
],
[
[
11.306149017800548,
15.236130435143414,
2.044497505835038
],
[
11.273697793591205,
15.236608770832952,
2.0289191090191787
]
],
[
[
11.228489926373245,
15.297689293521941,
2.124966709214518
],
[
11.240564245686139,
15.271932190282596,
2.147029848207561
]
],
[
[
11.243945209129876,
15.276807601746265,
2.0921307691344904
],
[
11.216970279289432,
15.289029460019995,
2.071661787774911
]
],
[
[
11.305193737965494,
15.295495682902551,
2.1391692344130258
],
[
11.318053698216167,
15.264809669364668,
2.1529166402801243
]
],
[
[
11.689375303427568,
13.89445457614747,
0.7577270736283938
],
[
11.690023341901403,
13.89871185360019,
0.793468508682707
]
],
[
[
11.740509874650128,
13.876560877208831,
0.7589313137904496
],
[
11.728682609649931,
13.843206774828959,
0.7655361908052108
]
],
[
[
11.73020300641346,
13.850906428113294,
0.8071413802355065
],
[
11.750046875809918,
13.821249543894632,
0.811904660342738
]
],
[
[
11.805519194380606,
14.024469662392388,
1.3656084031672449
],
[
11.80819791708669,
14.027858016282998,
1.401348388485002
]
],
[
[
11.851006334097518,
13.99706833624085,
1.3647969298646332
],
[
11.833342244674826,
13.967440221306475,
1.3751000871012178
]
],
[
[
11.655075303888205,
14.11509664260139,
1.3682922650551406
],
[
11.636670993595748,
14.084424548468068,
1.3723547787827575
]
],
[
[
11.737980683827269,
14.065154672858613,
1.366813264553414
],
[
11.719794019972332,
14.03520932938898,
1.3585354856034488
]
],
[
[
11.825437572909168,
13.953566829113278,
1.3216532382654056
],
[
11.840521793496077,
13.921454513007678,
1.3277578253475548
]
],
[
[
11.696512604192346,
13.726917987436298,
-0.06028199910617027
],
[
11.698740435204048,
13.691572433489293,
-0.053822196202854
]
],
[
[
11.70731384882261,
13.690558546064912,
0.1382834643673143
],
[
11.705523845837567,
13.725925249291272,
0.13180374773582337
]
],
[
[
11.78742358470985,
14.687677281015379,
0.6285042886313547
],
[
11.80663187286801,
14.660968797039642,
0.6431227334112776
]
],
[
[
11.629255658104318,
14.57784349390676,
0.6356624487645207
],
[
11.610280326382556,
14.604151424636695,
0.6200454173005863
]
],
[
[
11.649510955206372,
14.591909025632907,
0.6347457606387229
],
[
11.669850753646058,
14.56239825181961,
0.6313683143130238
]
],
[
[
11.798818458027228,
14.675598120935502,
0.7235064125425488
],
[
11.815688465138766,
14.701019456072737,
0.7043967447319395
]
],
[
[
11.662002123714037,
14.777435128654272,
0.7381974146330268
],
[
11.643122077595836,
14.750076214138488,
0.7520188875260262
]
],
[
[
11.634622160127918,
14.57784929714578,
0.5461614067074227
],
[
11.630433224756352,
14.543750832900637,
0.5569201050922798
]
],
[
[
11.706125006604369,
15.00876669374949,
1.4028993445283842
],
[
11.691490312977919,
15.039129987871258,
1.3902570889811765
]
],
[
[
11.763870765617849,
15.036989548110729,
1.4038364665864547
],
[
11.750348984401281,
15.065245094451216,
1.3860942209987517
]
],
[
[
11.856612232390564,
15.082316321101333,
1.405341513462542
],
[
11.840949307748785,
15.11416319791239,
1.411378833428477
]
],
[
[
11.797208729801602,
15.127466745275548,
1.2913284297912755
],
[
11.776617149961286,
15.102340743137992,
1.3068421379700312
]
],
[
[
11.696272226434278,
15.06770721669313,
1.4533563486459395
],
[
11.68456697876478,
15.099043546909776,
1.440051406525249
]
],
[
[
11.751104632608518,
15.05274920931744,
1.3656179081553814
],
[
11.731132568630365,
15.077982925967778,
1.3494817277000344
]
],
[
[
11.764051658631962,
15.10003155659633,
1.2864238124302887
],
[
11.760324082287601,
15.064780228318444,
1.2927044802950398
]
],
[
[
11.608393959531266,
14.140731193621901,
0.0016001514048058496
],
[
11.612010371300967,
14.105867865405138,
-0.006616393273954246
]
],
[
[
11.691208560599597,
14.152217444747608,
-0.010686916811372349
],
[
11.684585957612843,
14.184525376154163,
-0.02512088981240823
]
],
[
[
11.720702453052539,
14.280966055273979,
0.0617517182279419
],
[
11.714392514858504,
14.311052894503819,
0.04301863421465846
]
],
[
[
11.709776647691434,
14.232649238959697,
-0.01216879197822851
],
[
11.704149805647987,
14.203272319612726,
0.007864578906268127
]
],
[
[
11.73775734849766,
15.453205562478558,
2.0865583386122974
],
[
11.725160148293007,
15.481783901330713,
2.068653225803857
]
],
[
[
11.72771917426977,
15.439466200641698,
1.9993095603616848
],
[
11.747378296384408,
15.465526514023756,
1.9841314711926057
]
],
[
[
12.007819870497462,
14.049030606894547,
0.7698014954467585
],
[
11.99331991138745,
14.076923789094232,
0.7522594299508268
]
],
[
[
12.066431976880144,
13.97442540356274,
0.571084466267443
],
[
12.031611551836914,
13.977467412602298,
0.5624652434022362
]
],
[
[
11.979468901101047,
14.112899560246065,
0.8209125667537178
],
[
12.006941991656232,
14.135320746887935,
0.8147061581387037
]
],
[
[
11.98720454116864,
14.084104865669133,
0.5423151988456343
],
[
11.965563423846955,
14.112622725094768,
0.5385212887173139
]
],
[
[
11.999452815753042,
14.115887398911932,
0.7113501644217411
],
[
11.964077196831814,
14.122428663757116,
0.7126835709508588
]
],
[
[
11.923983028535314,
14.099525571644758,
0.6772550526852547
],
[
11.956381357519348,
14.086305979140759,
0.6857172774634461
]
],
[
[
12.067378458214064,
14.208931442627954,
1.3647559378304261
],
[
12.046512129304201,
14.23799963496744,
1.3608024110497168
]
],
[
[
12.196862504355744,
14.299393943361602,
1.3464747098169938
],
[
12.21731837138215,
14.269808886334468,
1.3449633336071254
]
],
[
[
12.17279195623171,
14.260981591924148,
1.267673709725417
],
[
12.207944625524965,
14.267491994856103,
1.263446414473197
]
],
[
[
12.059394010705672,
14.271426287925848,
1.538581604702537
],
[
12.024493655505198,
14.280212536809099,
1.539458464030854
]
],
[
[
11.978524670779361,
14.107004453254923,
1.4453902802580116
],
[
12.007515367045285,
14.091401294812881,
1.4599533369936126
]
],
[
[
12.020439587314186,
13.705219504784504,
0.1318038244490849
],
[
12.019695559667946,
13.70520293026292,
0.09581151507582364
]
],
[
[
12.124192656659183,
13.710077359887778,
0.12965681943759888
],
[
12.122357463354321,
13.741769504781127,
0.11267917373025871
]
],
[
[
12.194676994036882,
13.713377529224385,
0.12819825800383544
],
[
12.193049241903665,
13.735670362810138,
0.09997805160981399
]
],
[
[
11.73493434711942,
14.01991601451898,
2.10660349158778
],
[
11.756344280742557,
13.991706621976311,
2.1130722434640727
]
],
[
[
11.722143538826902,
14.031843589559784,
2.200952450182716
],
[
11.744925724323249,
14.059714418034764,
2.200517587609484
]
],
[
[
11.91900072413903,
14.107136039591445,
2.071800168381402
],
[
11.916592587806955,
14.112025328943373,
2.1073852140166185
]
],
[
[
11.70018924273045,
14.094071706047139,
2.0587975481391707
],
[
11.692477916262126,
14.059417274602014,
2.052830469166996
]
],
[
[
12.05558371216524,
14.484479090456963,
0.6959355899193616
],
[
12.0737148845299,
14.511146627533359,
0.6799324855764403
]
],
[
[
11.914822118651394,
14.589252687536108,
0.7110502242570802
],
[
11.899195282563523,
14.565131004356132,
0.7327283646434215
]
],
[
[
12.14008548490055,
14.42158157368388,
0.6868619970173488
],
[
12.153153470788107,
14.442877087618303,
0.6609442625715747
]
],
[
[
12.100697130668316,
14.474618037470279,
0.609192692487763
],
[
12.064939552434884,
14.476796595757685,
0.6127494077381336
]
],
[
[
12.106418808379193,
14.558141405328687,
0.615556095667386
],
[
12.075274567555411,
14.558900461635355,
0.6335965004910568
]
],
[
[
12.163024805657924,
14.642986616323746,
0.7815470840770308
],
[
12.142951072092862,
14.623728460199933,
0.8043980868432109
]
],
[
[
12.03497773001545,
14.94763136999698,
1.3156614469815235
],
[
12.053893141244624,
14.969777177257788,
1.294500945060434
]
],
[
[
12.11488864926863,
14.887191152223316,
1.3238394423052506
],
[
12.130658360691836,
14.904326336099828,
1.2963855392140817
]
],
[
[
12.046727011360993,
15.027151473738428,
1.39933125792553
],
[
12.078791473532936,
15.034904225285445,
1.3849171957890205
]
],
[
[
12.076523352918208,
14.846061801960115,
1.3682130650069582
],
[
12.04220313776424,
14.8389957441963,
1.3764710390108923
]
],
[
[
12.091405404488755,
14.75561493185952,
1.352670802850137
],
[
12.061268706519574,
14.747568016267886,
1.3706426034197952
]
],
[
[
11.97719402023799,
14.127757184671475,
0.061236937522740065
],
[
11.970667226885828,
14.12692964397614,
0.09663081556067776
]
],
[
[
11.961536087819843,
14.205472907681836,
0.09678340379363448
],
[
11.996671888052385,
14.209570647451793,
0.09009889600951693
]
],
[
[
12.156946575155986,
15.18183071164718,
2.027519758361585
],
[
12.137290383460485,
15.15577695074045,
2.0427130291169133
]
],
[
[
12.19355897274701,
15.156470389449698,
2.031398352732684
],
[
12.213240126067465,
15.182579857851499,
2.0163336994708887
]
],
[
[
12.239568032209474,
15.124601278199325,
2.03627239788657
],
[
12.252162659849915,
15.138054235128596,
2.0053467116788704
]
],
[
[
12.160726980229816,
15.233855491637451,
2.2069247986195437
],
[
12.195921575438605,
15.23738327569188,
2.2002243911440607
]
],
[
[
12.235154888796899,
15.186607179492352,
2.0519441461942565
],
[
12.265641791526864,
15.188842708697528,
2.0329296013869596
]
],
[
[
12.297381932824608,
14.289598049179276,
2.041220194323631
],
[
12.261765045833872,
14.286450537220134,
2.0454052898122246
]
],
[
[
12.255573528379461,
14.37587043888805,
2.059963531691305
],
[
12.260851865656985,
14.370504385172556,
2.095167845318266
]
]
],
"half_couplers": [
{
"pose": [
[
0.024955926787346927,
0.994563723981683,
-0.10109500807592592,
11.419393378800338
],
[
0.013924171712160205,
0.10077087684005259,
0.9948122173671861,
14.022922563003343
],
[
0.9995915761751473,
-0.026234125115465246,
-0.011333645446689244,
0.6872983970335419
],
[
0.0,
0.0,
0.0,
1.0
]
],
"at_element": 1,
"to_element": 7
},
{
"pose": [
[
0.10364114410657321,
-0.9945637239816844,
0.01007532570015554,
11.383589084677434
],
[
-0.9335899739682431,
-0.10077087684003305,
-0.3438822340378549,
14.019294811431067
],
[
0.34302809470108375,
0.026234125115477902,
-0.9389587301501434,
0.6882428255392705
],
[
0.0,
0.0,
0.0,
1.0
]
],
"at_element": 7,
"to_element": 1
},
{
"pose": [
[
-0.22618770727269055,
-0.9688234722697655,
-0.10109500807596239,
11.416578691105164
],
[
-0.034076391222209734,
-0.0958511958102779,
0.9948122173671827,
14.050620129485857
],
[
-0.9734875041005894,
0.22845924765895348,
-0.011333645446651719,
0.686982845623167
],
[
0.0,
0.0,
0.0,
1.0
]
],
"at_element": 1,
"to_element": 52
},
{
"pose": [
[
-0.23397431288913273,
0.9688234722697651,
-0.0814684017715736,
11.451456341393694
],
[
0.6572015439770225,
0.09585119581029033,
-0.7475952640673666,
14.054070773058083
],
[
-0.7164789958556195,
-0.22845924765895026,
-0.659138999496184,
0.6787583114607552
],
[
0.0,
0.0,
0.0,
1.0
]
],
"at_element": 52,
"to_element": 1
},
{
"pose": [
[
-0.08681517643306758,
-0.3193705889736698,
-0.9436448230343379,
11.371551459684525
],
[
-0.3117683641265459,
-0.8909320461310131,
0.3302129257110696,
14.005671782813911
],
[
-0.9461837095779833,
0.32286609619998524,
-0.022223223299715045,
0.7502421915233206
],
[
0.0,
0.0,
0.0,
1.0
]
],
"at_element": 5,
"to_element": 7
},
{
"pose": [
[
-0.9475763371415749,
0.31937058897367465,
0.010075325700162605,
11.383048529232985
],
[
0.2966228215932709,
0.8909320461310088,
-0.3438822340378468,
14.037744578653493
],
[
-0.11880230216373237,
-0.3228660961999913,
-0.9389587301501463,
0.7386192866879697
],
[
0.0,
0.0,
0.0,
1.0
]
],
"at_element": 7,
"to_element": 5
},
{
"pose": [
[
-0.0539016102028369,
-0.32654106078413386,
-0.9436448230343418,
11.477178078986716
],
[
-0.2195906173381303,
-0.9180083793029354,
0.3302129257110586,
13.968709491344342
],
[
-0.9741019336776827,
0.22501455764365755,
-0.02222322329971127,
0.7527297418069095
],
[
0.0,
0.0,
0.0,
1.0
]
],
"at_element": 5,
"to_element": 8
},
{
"pose": [
[
-0.9264102924111908,
0.32654106078412815,
0.18744307332251098,
11.488933558829263
],
[
0.2636421254044361,
0.9180083793029383,
-0.29623208003493495,
14.00175779765005
],
[
-0.26880624960525656,
-0.22501455764365305,
-0.9365423904029051,
0.7446292165917721
],
[
0.0,
0.0,
0.0,
1.0
]
],
"at_element": 8,
"to_element": 5
},
{
"pose": [
[
-0.07912900643988485,
0.9740085867168713,
-0.21224013131742864,
11.489355139998965
],
[
0.9967505632611124,
0.08052319910424388,
-0.0020806356416227106,
14.082980379480478
],
[
0.015063697371214449,
-0.2117151090683445,
-0.9772153281716816,
0.6940697187242492
],
[
0.0,
0.0,
0.0,
1.0
]
],
"at_element": 50,
"to_element": 52
},
{
"pose": [
[
0.21135319376479822,
-0.9740085867168738,
-0.08146840177159109,
11.454290837692312
],
[
-0.6592551369159293,
-0.08052319910424854,
-0.7475952640673806,
14.080081544876148
],
[
0.7216041102539389,
0.2117151090683307,
-0.659138999496165,
0.7016914611693351
],
[
0.0,
0.0,
0.0,
1.0
]
],
"at_element": 52,
"to_element": 50
},
{
"pose": [
[
-0.9942658957147263,
0.03485868558505456,
-0.10109500807594651,
11.380583283973307
],
[
-0.10062722154461151,
0.014926970931786077,
0.994812217367184,
14.404828230018143
],
[
0.036186888548271956,
0.9992807701432486,
-0.011333645446678808,
0.6829474417995227
],
[
0.0,
0.0,
0.0,
1.0
]
],
"at_element": 1,
"to_element": 10
},
{
"pose": [
[
-0.570128985464357,
-0.034858685585050675,
-0.8208153336607849,
11.379328371350184
],
[
0.8215198883824696,
-0.014926970931787853,
-0.5699844370953091,
14.404290859089409
],
[
0.007616621655157141,
-0.9992807701432487,
0.03714740228438651,
0.6469733357352753
],
[
0.0,
0.0,
0.0,
1.0
]
],
"at_element": 10,
"to_element": 1
},
{
"pose": [
[
-0.22535182639104345,
-0.9690182421834721,
-0.10109500807594296,
11.35530706129211
],
[
-0.033993688437022274,
-0.09588055758824376,
0.9948122173671845,
14.653555596588578
],
[
-0.9736842319195005,
0.22761934230689068,
-0.011333645446673701,
0.6801137534547477
],
[
0.0,
0.0,
0.0,
1.0
]
],
"at_element": 1,
"to_element": 53
},
{
"pose": [
[
-0.24052852239699196,
0.9690182421834725,
-0.056121976347712044,
11.390192585808629
],
[
0.5757353328365029,
0.09588055758824243,
-0.8119949169792932,
14.657007382526958
],
[
-0.7814568807280164,
-0.22761934230688985,
-0.5809600490314444,
0.6719192532886946
],
[
0.0,
0.0,
0.0,
1.0
]
],
"at_element": 53,
"to_element": 1
},
{
"pose": [
[
0.18893686421931344,
0.5390408605720897,
-0.8208153336607898,
11.509520951213325
],
[
-0.33230467713679746,
-0.7514594753026671,
-0.5699844370953028,
14.494698215414388
],
[
-0.9240543614376707,
0.38045184663967846,
0.0371474022843733,
0.6410812477828638
],
[
0.0,
0.0,
0.0,
1.0
]
],
"at_element": 10,
"to_element": 13
},
{
"pose": [
[
-0.8405505283784516,
-0.5390408605720808,
-0.05394219013366648,
11.490115447898477
],
[
-0.4510028428060988,
0.7514594753026731,
-0.48156525285640034,
14.521750801601424
],
[
0.30011871821584774,
-0.3804518466396792,
-0.8747486195273102,
0.6273849584825112
],
[
0.0,
0.0,
0.0,
1.0
]
],
"at_element": 13,
"to_element": 10
},
{
"pose": [
[
-0.20792099567367162,
-0.5320066236292706,
-0.8208153336607771,
11.530358344865453
],
[
0.3587265547217125,
0.7392110662095233,
-0.5699844370953211,
14.509167962267645
],
[
0.9099912738568208,
-0.4129599883862398,
0.03714740228437852,
0.6401382158817644
],
[
0.0,
0.0,
0.0,
1.0
]
],
"at_element": 10,
"to_element": 14
},
{
"pose": [
[
0.8178017891468526,
0.5320066236292805,
0.21947479600806075,
11.549510568840923
],
[
0.5749862368296524,
-0.7392110662095208,
-0.35065342868687044,
14.482556383997041
],
[
-0.02431174869649691,
0.4129599883862314,
-0.910424618992348,
0.6550047642275828
],
[
0.0,
0.0,
0.0,
1.0
]
],
"at_element": 14,
"to_element": 10
},
{
"pose": [
[
0.6186549764817139,
-0.5925021940998942,
-0.515952681998283,
11.361321643327162
],
[
0.7848783475869989,
0.4954273984904026,
0.37217962372238234,
14.565738621894424
],
[
0.03509985133177085,
-0.6352108648408362,
0.7715407686082729,
0.5709906384291755
],
[
0.0,
0.0,
0.0,
1.0
]
],
"at_element": 42,
"to_element": 53
},
{
"pose": [
[
0.8036115191792877,
0.5925021940998907,
-0.056121976347707436,
11.382651725191051
],
[
0.3085708146031066,
-0.4954273984904005,
-0.8119949169792928,
14.547903233143725
],
[
-0.5089131346482741,
0.6352108648408408,
-0.5809600490314444,
0.5938582326470673
],
[
0.0,
0.0,
0.0,
1.0
]
],
"at_element": 53,
"to_element": 42
},
{
"pose": [
[
-0.14815415906103224,
0.9811210433634447,
-0.12430544405754684,
11.425859265767887
],
[
-0.14566281703022782,
0.10267339343373405,
0.9839921331065711,
14.160955323023792
],
[
0.9781782500586162,
0.16388920815669095,
0.12770136476183835,
1.2421489930976481
],
[
0.0,
0.0,
0.0,
1.0
]
],
"at_element": 2,
"to_element": 8
},
{
"pose": [
[
0.04760874428967077,
-0.9811210433634443,
0.1874430733225081,
11.390538951226574
],
[
-0.9495813440874747,
-0.10267339343373427,
-0.29623208003493934,
14.157259085362156
],
[
0.30988494385527315,
-0.1638892081566936,
-0.9365423904029044,
1.2362489887901504
],
[
0.0,
0.0,
0.0,
1.0
]
],
"at_element": 8,
"to_element": 2
},
{
"pose": [
[
-0.2786790361055089,
-0.9523057027094619,
-0.12430544405754085,
11.410202949554733
],
[
0.08889758174855883,
-0.15445614893436566,
0.983992133106573,
14.284889492632965
],
[
-0.9562610599593413,
0.2631675258146472,
0.12770136476183103,
1.2582330267674604
],
[
0.0,
0.0,
0.0,
1.0
]
],
"at_element": 2,
"to_element": 48
},
{
"pose": [
[
-0.08422964795822252,
0.9523057027094609,
-0.2932903254317713,
11.444485989030715
],
[
0.9619813276648214,
0.15445614893435777,
0.22524480744424627,
14.290449919538064
],
[
0.25980240882074607,
-0.26316752581465636,
-0.9291100912849515,
1.248758986392998
],
[
0.0,
0.0,
0.0,
1.0
]
],
"at_element": 48,
"to_element": 2
},
{
"pose": [
[
0.4067078454013072,
0.31783801671270084,
-0.8564856820876593,
11.293878464718176
],
[
0.6563299558257617,
0.5504835802650688,
0.5159445870869322,
14.33268061153411
],
[
0.6354681090147482,
-0.7719759212505842,
0.015279379389609105,
1.374735879531634
],
[
0.0,
0.0,
0.0,
1.0
]
],
"at_element": 6,
"to_element": 47
},
{
"pose": [
[
0.9465349692282111,
-0.3178380167127084,
0.055231758620213234,
11.282436287506835
],
[
-0.13679133114611233,
-0.550483580265057,
-0.8235629663734516,
14.312863187732917
],
[
0.29216379609976323,
0.7719759212505897,
-0.5645294441017927,
1.402527033608152
],
[
0.0,
0.0,
0.0,
1.0
]
],
"at_element": 47,
"to_element": 6
},
{
"pose": [
[
0.009870877476981343,
-0.5160763917838783,
-0.8564856820876618,
11.465214533081122
],
[
0.04596762649435415,
-0.855387725169221,
0.5159445870869283,
14.229468241621348
],
[
-0.9988941601052186,
-0.04446343973601466,
0.015279379389615988,
1.3716793091225854
],
[
0.0,
0.0,
0.0,
1.0
]
],
"at_element": 6,
"to_element": 48
},
{
"pose": [
[
-0.8047645263376444,
0.5160763917838826,
-0.2932903254317727,
11.483793286368345
],
[
0.4664510867703419,
0.8553877251692189,
0.22524480744424685,
14.260262205003212
],
[
0.3671204717791062,
0.04446343973600564,
-0.9291100912849504,
1.3732799932273188
],
[
0.0,
0.0,
0.0,
1.0
]
],
"at_element": 48,
"to_element": 6
},
{
"pose": [
[
-0.006600733487269528,
-0.9963001013777084,
0.08568861250013336,
11.252474346522737
],
[
-0.9852524539851772,
-0.00817203591528548,
-0.17091173085890096,
14.22452117955612
],
[
0.17097962520024468,
-0.08555305852958886,
-0.9815531783569429,
1.3390928011506877
],
[
0.0,
0.0,
0.0,
1.0
]
],
"at_element": 9,
"to_element": 47
},
{
"pose": [
[
0.06584497577250903,
0.9963001013777097,
0.05523175862022961,
11.288341161635554
],
[
0.5671659882672333,
0.008172035915276266,
-0.8235629663734596,
14.224815372943096
],
[
-0.8209672228039133,
0.08555305852957595,
-0.5645294441017801,
1.3421727122421085
],
[
0.0,
0.0,
0.0,
1.0
]
],
"at_element": 47,
"to_element": 9
},
{
"pose": [
[
0.18193474359086637,
-0.9754219116116803,
-0.12430544405753574,
11.353126523331454
],
[
0.14912034709840516,
-0.0975838309641115,
0.9839921331065706,
14.736702000245621
],
[
-0.9719376889264955,
-0.19755882739625474,
0.12770136476185345,
1.316868733189674
],
[
0.0,
0.0,
0.0,
1.0
]
],
"at_element": 2,
"to_element": 14
},
{
"pose": [
[
-0.019568041931451674,
0.9754219116116831,
0.21947479600805836,
11.388241447440093
],
[
0.9314073055782357,
0.09758383096409973,
-0.35065342868687505,
14.74021499167809
],
[
-0.36345222911747327,
0.19755882739624647,
-0.9104246189923468,
1.323980797362549
],
[
0.0,
0.0,
0.0,
1.0
]
],
"at_element": 14,
"to_element": 2
},
{
"pose": [
[
0.2695790036841126,
-0.9549216289048736,
-0.12430544405754718,
11.337742676713036
],
[
0.15734985247134342,
-0.0836690259990307,
0.9839921331065711,
14.858479321940656
],
[
-0.9500358860063801,
-0.28482306215971404,
0.1277013647618379,
1.332672853623443
],
[
0.0,
0.0,
0.0,
1.0
]
],
"at_element": 2,
"to_element": 54
},
{
"pose": [
[
0.015948609887505016,
0.9549216289048719,
0.29642929088118547,
11.372119855655374
],
[
0.9436135708551834,
0.08366902599903092,
-0.3203013003194076,
14.861491406903061
],
[
-0.3306645894869695,
0.2848230621597201,
-0.8997426034824483,
1.3429264839511987
],
[
0.0,
0.0,
0.0,
1.0
]
],
"at_element": 54,
"to_element": 2
},
{
"pose": [
[
-0.3156790943381318,
-0.3055013865982037,
-0.8983404767594702,
11.532716411115084
],
[
0.6221096849787924,
0.6482342854297429,
-0.43905791309231446,
14.92401439991716
],
[
0.7164678982714053,
-0.697467715367504,
-0.014578640766194528,
1.400085198127536
],
[
0.0,
0.0,
0.0,
1.0
]
],
"at_element": 11,
"to_element": 52
},
{
"pose": [
[
0.9487000591859109,
0.3055013865982161,
-0.08146840177158524,
11.543714462764681
],
[
0.14454629824877313,
-0.648234285429744,
-0.7475952640673738,
14.90067796196648
],
[
-0.281202000994349,
0.6974677153674977,
-0.6591389994961745,
1.425194039835108
],
[
0.0,
0.0,
0.0,
1.0
]
],
"at_element": 52,
"to_element": 11
},
{
"pose": [
[
0.19657307433178517,
0.3928656440353339,
-0.8983404767594817,
11.373272491702341
],
[
-0.37207979730598334,
-0.8177926224830969,
-0.43905791309229036,
14.846087248326329
],
[
-0.9071469841676644,
0.42056130629067767,
-0.014578640766203632,
1.3974976762651596
],
[
0.0,
0.0,
0.0,
1.0
]
],
"at_element": 11,
"to_element": 54
},
{
"pose": [
[
-0.8705091965306189,
-0.3928656440353233,
0.29642929088119224,
11.35912902590526
],
[
-0.478144647178957,
0.8177926224831125,
-0.3203013003194088,
14.875528412655159
],
[
-0.11658231053520351,
-0.4205613062906572,
-0.8997426034824454,
1.382357145293805
],
[
0.0,
0.0,
0.0,
1.0
]
],
"at_element": 54,
"to_element": 11
},
{
"pose": [
[
0.780715422648839,
0.5042130789038335,
0.3691240982387376,
11.558848892223306
],
[
0.6241909880045005,
-0.6013809115455881,
-0.4987249840569075,
14.851340028429895
],
[
-0.029479473065343348,
0.619766222289432,
-0.7842326124160328,
1.4230936100052256
],
[
0.0,
0.0,
0.0,
1.0
]
],
"at_element": 15,
"to_element": 52
},
{
"pose": [
[
-0.8597279049647653,
-0.5042130789038294,
-0.08146840177158246,
11.540697174360893
],
[
-0.2818551407596198,
0.6013809115455846,
-0.7475952640673807,
14.872989797329083
],
[
0.4259408515888916,
-0.6197662222894392,
-0.6591389994961663,
1.4007819682046823
],
[
0.0,
0.0,
0.0,
1.0
]
],
"at_element": 52,
"to_element": 15
},
{
"pose": [
[
-0.055629314431212995,
-0.027792775213960508,
-0.998064597619723,
11.49967663951309
],
[
0.9814802088084958,
0.18199940999013853,
-0.059773024689009246,
13.715129691363561
],
[
0.18330842613787468,
-0.9829057820611026,
0.01715355641572902,
-0.05689901484560923
],
[
0.0,
0.0,
0.0,
1.0
]
],
"at_element": 0,
"to_element": 3
},
{
"pose": [
[
-0.9994740259736639,
0.027792775213957146,
-0.016710267798659778,
11.500677179388786
],
[
-0.02149683198959208,
-0.18199940999016184,
0.983063630177439,
13.708577712813511
],
[
0.024280807614404577,
0.9829057820610986,
0.1825011396469972,
-0.021514407823347972
],
[
0.0,
0.0,
0.0,
1.0
]
],
"at_element": 3,
"to_element": 0
},
{
"pose": [
[
0.004478822565756824,
0.062024181789054084,
-0.9980645976197247,
11.39393087929906
],
[
-0.34422281864191673,
-0.9369833705278579,
-0.05977302468898166,
13.708796690522629
],
[
-0.9388773036316507,
0.34382432175117267,
0.017153556415727467,
-0.055081581517263715
],
[
0.0,
0.0,
0.0,
1.0
]
],
"at_element": 0,
"to_element": 7
},
{
"pose": [
[
-0.9980237916429835,
-0.06202418178902253,
0.010075325700162526,
11.391698008312815
],
[
-0.06170228899650317,
0.9369833705278495,
-0.34388223403784984,
13.742528098536386
],
[
0.011888601564274645,
-0.3438243217512002,
-0.938958730150145,
-0.067459259549596
],
[
0.0,
0.0,
0.0,
1.0
]
],
"at_element": 7,
"to_element": 0
},
{
"pose": [
[
-0.038450561512330284,
-0.04887344163829688,
-0.9980645976197204,
11.32114352602132
],
[
0.8099725323618923,
0.5834138174047527,
-0.05977302468904566,
13.7044375335353
],
[
0.5852059903475442,
-0.8107032159573822,
0.017153556415747673,
-0.053830598390741405
],
[
0.0,
0.0,
0.0,
1.0
]
],
"at_element": 0,
"to_element": 53
},
{
"pose": [
[
0.997227010501246,
0.04887344163832901,
-0.05612197634770802,
11.32290296952862
],
[
-0.017104749660430872,
-0.5834138174047916,
-0.8119949169793014,
13.683434640784302
],
[
-0.07242732264692545,
0.8107032159573523,
-0.5809600490314326,
-0.02464528911338512
],
[
0.0,
0.0,
0.0,
1.0
]
],
"at_element": 53,
"to_element": 0
},
{
"pose": [
[
-0.985570634756805,
0.16843779520987845,
-0.016710267798660694,
11.493724411885573
],
[
-0.04694341937866736,
-0.1771502593828158,
0.9830636301774364,
14.11760843235933
],
[
0.16262484214321768,
0.9696630831095076,
0.1825011396470102,
0.054420221610843506
],
[
0.0,
0.0,
0.0,
1.0
]
],
"at_element": 3,
"to_element": 12
},
{
"pose": [
[
-0.10604216295815627,
-0.16843779520985053,
-0.9799917187507252,
11.487660787777152
],
[
0.9747526104507087,
0.17715025938278162,
-0.13592326519084946,
14.123985698116508
],
[
0.19650040227613946,
-0.9696630831095188,
0.14539978390581498,
0.0195131365325655
],
[
0.0,
0.0,
0.0,
1.0
]
],
"at_element": 12,
"to_element": 3
},
{
"pose": [
[
0.0832496093421553,
0.9963886136917045,
-0.016710267798630107,
11.491993668870393
],
[
-0.18052490336123983,
0.03156989529232501,
0.9830636301774401,
14.21942789641009
],
[
0.9800409490479434,
-0.0788230436912648,
0.18250113964699333,
0.07332252626040059
],
[
0.0,
0.0,
0.0,
1.0
]
],
"at_element": 3,
"to_element": 13
},
{
"pose": [
[
0.06557416129166616,
-0.9963886136917044,
-0.053942190133681456,
11.456123656028161
],
[
-0.8758414519492426,
-0.03156989529230403,
-0.4815652528564285,
14.21829137945877
],
[
0.47812318540135396,
0.07882304369127513,
-0.8747486195272938,
0.07616015763295794
],
[
0.0,
0.0,
0.0,
1.0
]
],
"at_element": 13,
"to_element": 3
},
{
"pose": [
[
0.9921364027431169,
0.12349415017113276,
-0.020360580184698246,
11.32587725985422
],
[
0.011128213732795197,
0.07499363166251449,
0.9971219173547357,
14.269976113206186
],
[
0.1246656376515399,
-0.9895075290686659,
0.07302964264843514,
1.9737359433357549
],
[
0.0,
0.0,
0.0,
1.0
]
],
"at_element": 4,
"to_element": 40
},
{
"pose": [
[
-0.2473106247136192,
-0.12349415017113907,
-0.9610341564051028,
11.321431472998572
],
[
-0.9633520156549615,
-0.07499363166252326,
0.2575438780937895,
14.26727634401517
],
[
-0.10387660389752001,
0.9895075290686646,
-0.10042161659296167,
2.009358193946021
],
[
0.0,
0.0,
0.0,
1.0
]
],
"at_element": 40,
"to_element": 4
},
{
"pose": [
[
-0.9590228002461729,
0.27006060485711736,
0.08568861250013032,
11.195644009588058
],
[
0.25289063397622624,
0.952279112183984,
-0.17091173085890177,
14.337873128752237
],
[
-0.12775600124883338,
-0.14223839918352305,
-0.9815531783569431,
1.9900777595691006
],
[
0.0,
0.0,
0.0,
1.0
]
],
"at_element": 9,
"to_element": 40
},
{
"pose": [
[
0.058996778953671614,
-0.27006060485714567,
-0.9610341564051115,
11.18592182155814
],
[
-0.16381588248554774,
-0.9522791121839811,
0.25754387809375334,
14.303591058657211
],
[
-0.9847252087351948,
0.14223839918348868,
-0.10042161659297122,
1.9951983452341904
],
[
0.0,
0.0,
0.0,
1.0
]
],
"at_element": 40,
"to_element": 9
},
{
"pose": [
[
-0.432458621505881,
0.9014238667018838,
-0.020360580184701882,
11.306149017800548
],
[
-0.07464137229157053,
