{"line_pt_pairs": [[[-0.23340031265835406, 0.05858801047695792, -0.11839906925155966], [0.7470746103385415, 0.23002902990440144, -0.02208239244057958]], [[-0.06563934290651366, -0.09021643359099546, -0.09262506295927313], [0.25314261123467086, 0.836710720412704, -0.2905748467038636]], [[0.08858968809965699, -0.14251465631280008, -0.1147718418874364], [-0.7987792974976891, 0.3035171665345009, -0.23152755441342426]], [[0.0840136350563473, -0.1186448456300158, -0.15827402322975767], [-0.6516088379401319, -0.7736165131571257, 0.01456026723165929]], [[-0.21444069846707517, 0.08394644769787686, -0.07454695999136454], [0.06573707106471001, -0.8555204977018874, -0.27178355893139405]]], "half_couplers": [{"pose": [[-0.1381627356046979, 0.25205838138261194, 0.957798324734912, 0.0], [0.1399284955413231, -0.9524046142435769, 0.27082368231579235, 0.0], [0.9804749229968955, 0.17144101942744353, 0.09631667681098008, 0.0], [-0.009067837913476724, 0.09781368291270748, -0.09636183202965662, 1.0]], "at_element": 0, "to_element": 1}, {"pose": [[0.1381627356046979, -0.25205838138261194, -0.957798324734912, 0.0], [-0.9377041773417426, 0.277979537997637, -0.20841845467824122, 0.0], [0.3187819541411845, 0.9269271540036994, -0.19794978374459044, 0.0], [-0.004094059320929991, 0.08873972692952711, -0.13084201789666, 1.0]], "at_element": 1, "to_element": 0}, {"pose": [[0.05692744337374342, 0.22136506004101528, -0.9735280049305037, 0.0], [-0.1882237805516645, 0.9600028578346612, 0.20728319127252498, 0.0], [0.9804749229968955, 0.17144101942744353, 0.09631667681098008, 0.0], [-0.2039860649684472, 0.06373124105978123, -0.11550956894723026, 1.0]], "at_element": 0, "to_element": 4}, {"pose": [[-0.05692744337374342, -0.22136506004101528, 0.9735280049305037, 0.0], [-0.9582586726198324, -0.26153272968076907, -0.11550302011031016, 0.0], [0.28017776953178525, -0.9394669453997644, -0.19723659894002954, 0.0], [-0.20603536538112163, 0.05576243933588394, -0.08046405795956543, 1.0]], "at_element": 4, "to_element": 0}, {"pose": [[-0.020171744049595822, 0.2154330980821006, 0.9763102380866164, 0.0], [0.9476134055910804, -0.30723709317292797, 0.0873739212964844, 0.0], [0.3187819541411845, 0.9269271540036994, -0.19794978374459044, 0.0], [-0.05607588428227813, -0.06240861897088449, -0.09856355647161083, 1.0]], "at_element": 1, "to_element": 2}, {"pose": [[0.020171744049595822, -0.2154330980821006, -0.9763102380866164, 0.0], [-0.4606184800265126, -0.8687025919486266, 0.18217140994075673, 0.0], [-0.887368985597346, 0.446031822847301, -0.11675571252598786, 0.0], [-0.055349702228891864, -0.0701642026798578, -0.1337106895946875, 1.0]], "at_element": 2, "to_element": 1}, {"pose": [[0.0006571675989627884, 0.25445657296621244, 0.9670839780520807, 0.0], [0.4610594880605799, 0.858083600520255, -0.22608998869368654, 0.0], [-0.887368985597346, 0.446031822847301, -0.11675571252598786, 0.0], [0.061968618531736616, -0.12913370162738103, -0.11827451326321604, 1.0]], "at_element": 2, "to_element": 3}, {"pose": [[-0.0006571675989627884, -0.25445657296621244, -0.9670839780520807, 0.0], [0.6773914269853814, -0.7115222886256254, 0.18675354731747681, 0.0], [-0.7356224729964792, -0.6549716675271099, 0.17283429046141696, 0.0], [0.06194496086645293, -0.1382939956558291, -0.15308899451591518, 1.0]], "at_element": 3, "to_element": 2}, {"pose": [[0.3145255843838652, -0.10428289435050354, 0.9435034365140753, 0.0], [-0.5999443590788505, 0.7484231374581086, 0.2827181871171869, 0.0], [-0.7356224729964792, -0.6549716675271099, 0.17283429046141696, 0.0], [-0.0960144904160857, -0.2789353830603799, -0.11597646643763963, 1.0]], "at_element": 3, "to_element": 4}, {"pose": [[-0.3145255843838652, 0.10428289435050354, -0.9435034365140753, 0.0], [0.9069586948853746, 0.3263846449315868, -0.26626864127174277, 0.0], [0.28017776953178525, -0.9394669453997644, -0.19723659894002954, 0.0], [-0.10733790154991633, -0.27518103636941116, -0.1499440603259383, 1.0]], "at_element": 4, "to_element": 3}]}