{"line_pt_pairs": [[[-0.9271164843739821, -0.12343681239899262, -0.01758144671012061], [0.05297832785039858, -0.3157122997673505, 0.03185837537811409]], [[-0.1419955775460278, 0.101589586166442, 0.034746056374147266], [0.8380709244258608, 0.014677375242020133, -0.14390421455991873]], [[0.03184804425428835, -0.8797240716462783, -0.07373124253752768], [0.02210082984652893, 0.11319262593899926, 0.044680849191466296]], [[-0.07835907892688923, -0.31271499933803604, 0.0657328080461949], [-0.17797454011538572, 0.667351397866368, -0.10615848598285917]]], "half_couplers": [{"pose": [[-0.07325804587700237, -0.11880857214088668, 0.9902109784788932, 0.0], [-0.1845194238153251, -0.9741225077694818, -0.1305293916777233, 0.0], [0.9800948122243808, -0.1922754873683579, 0.049439822088234706, 0.0], [0.023575483483667226, -0.30994403514629976, 0.03037518071546705, 1.0]], "at_element": 0, "to_element": 2}, {"pose": [[0.07325804587700237, 0.11880857214088668, -0.9902109784788932, 0.0], [-0.9972653862064864, -0.0009771602678765728, -0.07389718960988093, 0.0], [-0.009747214407759424, 0.9929166975852776, 0.11841209172899397, 0.0], [0.026212670742526655, -0.30566709260787495, -0.0052710304926733564, 1.0]], "at_element": 2, "to_element": 0}, {"pose": [[0.01611904762107832, -0.1711384132930313, -0.9851151302255656, 0.0], [0.19787454448373423, 0.9663031514244401, -0.16463257330355538, 0.0], [0.9800948122243808, -0.1922754873683579, 0.049439822088234706, 0.0], [-0.08076725377113392, -0.28947402509341286, 0.025111724260301393, 1.0]], "at_element": 0, "to_element": 3}, {"pose": [[-0.01611904762107832, 0.1711384132930313, 0.9851151302255656, 0.0], [0.9948954398307356, 0.10090342197528859, -0.0012502950388963811, 0.0], [-0.09961546118849648, 0.980066397204404, -0.17189129402905406, 0.0], [-0.08134754276254413, -0.2833130074219039, 0.060576069225323284, 1.0]], "at_element": 3, "to_element": 0}, {"pose": [[-0.1682490052989347, 0.11510095751999304, -0.9790015535196559, 0.0], [0.1056500067605542, 0.9895443583640956, 0.09818369977386934, 0.0], [0.9800665019718886, -0.08691221092442186, -0.178650270934066, 0.0], [0.01633633021882243, 0.08754872655534646, 0.005884710574870701, 1.0]], "at_element": 1, "to_element": 2}, {"pose": [[0.1682490052989347, -0.11510095751999304, 0.9790015535196559, 0.0], [0.9856963345915456, 0.029465254696455098, -0.1659353330019403, 0.0], [-0.009747214407759424, 0.9929166975852776, 0.11841209172899397, 0.0], [0.022393246278761714, 0.08340512501144093, 0.041128486439596476, 1.0]], "at_element": 2, "to_element": 1}, {"pose": [[0.192265601166735, 0.18845390040060803, 0.9630779127525413, 0.0], [-0.05003589032465071, -0.9782287028175091, 0.20140758343069665, 0.0], [0.9800665019718886, -0.08691221092442186, -0.178650270934066, 0.0], [-0.11259358248687112, 0.09898221983870933, 0.029386548246125282, 1.0]], "at_element": 1, "to_element": 3}, {"pose": [[-0.192265601166735, -0.18845390040060803, -0.9630779127525413, 0.0], [-0.9762738849832036, -0.0628886674574749, 0.20720597724299836, 0.0], [-0.09961546118849648, 0.980066397204404, -0.17189129402905406, 0.0], [-0.11951505747586783, 0.09219796435938149, -0.005283822559264382, 1.0]], "at_element": 3, "to_element": 1}]}