{
"line_pt_pairs": [
[
[
1.2545875128287098,
0.6251553980049012,
-1.5893089771270752
],
[
-0.6475255386080472,
1.2431893287513853,
-1.5893089771270752
]
],
[
[
-0.6475255346946925,
-1.2431893274798593,
-1.5893089771270752
],
[
1.2545875167420644,
-0.6251553967333754,
-1.5893089771270752
]
],
[
[
1.3038093081052529,
-0.2899534267489463,
1.5005957132456547
],
[
0.15221600283872427,
1.34461000061334,
1.4554818440370791
]
],
[
[
0.6276261057629589,
1.1703210370969879,
1.5080331965920992
],
[
-1.2812720278780225,
0.5766958213604482,
1.4470658395579932
]
],
[
[
-1.019925992440639,
1.0202090807799218,
1.5103401139332553
],
[
-1.2906005797597897,
-0.9584799114768889,
1.402984910513329
]
],
[
[
-1.2872863961843417,
-0.6841666063518654,
1.5362445465057832
],
[
0.5365884744622418,
-1.50474632325156,
1.5476192744904511
]
],
[
[
0.27326993021624413,
-1.4381944500890502,
1.5860846553996117
],
[
1.4360111946935432,
0.18146206857837632,
1.4287775881081375
]
],
[
[
0.942858711322477,
-0.04646668325003794,
1.7743699819035652
],
[
1.9661259858783082,
-0.2748104564673933,
0.07120140361897787
]
],
[
[
1.952794913639101,
-0.32452161732064033,
0.42844452437121616
],
[
1.469898425059948,
1.2805710423995733,
-0.6626505837794047
]
],
[
[
1.7782524940906526,
0.9755780857386016,
-0.5137216957317255
],
[
0.28548450036236117,
2.008779317725109,
0.32540816973724707
]
],
[
[
0.5472461753707347,
1.9748145348874102,
0.08415177657909506
],
[
0.3195065537226023,
0.8201368515609981,
1.701202830924478
]
],
[
[
0.8094885443657931,
1.8150980135817574,
0.4339036984458071
],
[
-0.9554148773802352,
1.6502561269476503,
-0.49234846177843195
]
],
[
[
-0.4577143114648349,
1.9382204879631657,
-0.6564817033658517
],
[
-1.8524583760238647,
0.9681289513333706,
0.3987961770697229
]
],
[
[
-1.619214270484801,
1.2471442375841897,
0.08199685895058442
],
[
-1.1623316675999569,
0.4385127435489703,
1.8532600788124827
]
],
[
[
-1.5459996479792923,
1.38179874521129,
0.5576782170777295
],
[
-2.0588130885530393,
-0.08124600080774556,
-0.705857475458501
]
],
[
[
-1.9926735875970745,
0.16902448022058114,
-0.6428808092145986
],
[
-1.5881940297345323,
-1.4700556532838625,
0.4294123425038945
]
],
[
[
-1.6756486307689198,
-1.1188189850470576,
0.06855942163598869
],
[
-1.156156917839023,
-0.6301443494454847,
1.9370683086142741
]
],
[
[
-1.8327447067140565,
-1.0427669888349942,
0.5184328579345444
],
[
-0.6295000091724999,
-2.0805445545560355,
-0.6961534592633066
]
],
[
[
-0.8060276915810916,
-1.9317835495488997,
-0.6163809931189632
],
[
0.8865808630205341,
-2.1125044840036353,
0.43357911314184266
]
],
[
[
0.5679347619868129,
-2.07540349495943,
0.1380032241891052
],
[
0.28870073846401545,
-1.2857983320905069,
1.9541948569410048
]
],
[
[
0.36766451437113756,
-2.0645647297029157,
0.46687547245755817
],
[
1.6415268553190754,
-1.219642422901486,
-0.8228458275852033
]
],
[
[
1.4405098251237656,
-1.4078209928235512,
-0.6058596382114569
],
[
2.059662977470507,
0.11712757337578995,
0.5304419258047454
]
],
[
[
-0.39230158196519016,
1.0335304866282606,
-1.8939319360003712
],
[
-1.0528638813433453,
1.7498080182522648,
-0.14733411557035914
]
],
[
[
1.753036926217621,
1.1546117200321255,
-0.12128849633133942
],
[
0.6709282470124905,
0.6976200552287234,
-1.7399915032752142
]
],
[
[
-0.22266837543370407,
1.4021917778032764,
-1.6039088186641086
],
[
-1.3776655669956555,
-0.22414885135054585,
-1.7488144619205244
]
],
[
[
-1.077128575274794,
-0.10821220804349381,
-1.8387353660559236
],
[
-2.217354598741767,
0.0003880575566315131,
-0.1991956142596225
]
],
[
[
-1.387761112864479,
0.22331142056065917,
-1.7048784127187737
],
[
-0.14092818974535226,
-1.337783324465175,
-1.613276781298034
]
],
[
[
-0.29620028743837323,
-1.0300396396435822,
-1.8522838372820307
],
[
-0.9486559557399631,
-2.0859706691995186,
-0.28406470026001784
]
],
[
[
0.8324716683104694,
-0.6076395094862056,
-1.8336176880676605
],
[
1.6814143144226628,
-1.5934250536752157,
-0.31456428397680836
]
],
[
[
0.864877252334206,
-0.9950201896715241,
-1.6253090453271395
],
[
0.9758591684840242,
1.0018981898041406,
-1.6253090452304753
]
]
],
"contact_id_pairs": [
[
2,
6
],
[
2,
7
],
[
2,
3
],
[
2,
10
],
[
3,
4
],
[
3,
13
],
[
4,
16
],
[
5,
16
],
[
5,
6
],
[
5,
19
],
[
7,
21
],
[
8,
21
],
[
8,
23
],
[
9,
23
],
[
9,
10
],
[
10,
11
],
[
11,
12
],
[
11,
22
],
[
12,
13
],
[
12,
14
],
[
14,
15
],
[
15,
25
],
[
15,
16
],
[
15,
17
],
[
17,
18
],
[
17,
27
],
[
18,
19
],
[
19,
20
],
[
20,
21
],
[
20,
28
],
[
0,
23
],
[
0,
29
],
[
0,
22
],
[
0,
24
],
[
24,
26
],
[
25,
26
],
[
1,
26
],
[
1,
27
],
[
1,
28
],
[
1,
29
]
],
"coupler_pt_pairs": [
[
[
1.2017433226782703,
-0.14508168583688447,
1.4965972604097972
],
[
1.199989206936135,
-0.14730802215369887,
1.4607089625632383
]
],
[
[
1.1463040695914404,
-0.06639160043816718,
1.4944254179708545
],
[
1.1192499060450418,
-0.0858286681065859,
1.4807771466709956
]
],
[
[
0.33868088319843836,
1.0799430626157005,
1.4627866383477701
],
[
0.3374849456046808,
1.0800935358188075,
1.4987665210215597
]
],
[
[
0.3809892913449012,
1.019890806050941,
1.4644440776388927
],
[
0.355233461961835,
1.0012782064976031,
1.447526135500734
]
],
[
[
-1.0713570911558024,
0.6419747366687106,
1.4537702093032372
],
[
-1.0719227361824526,
0.6401017884990498,
1.4897171176746729
]
],
[
[
-1.2526385457346603,
0.5856002027494231,
1.4479803502373212
],
[
-1.2626238261758544,
0.616018731995823,
1.4644428846265642
]
],
[
[
-1.2647070947724621,
-0.7691930108371139,
1.413254808310523
],
[
-1.2994185308847026,
-0.7649074550125573,
1.4217846371405392
]
],
[
[
-1.2502099310254993,
-0.7008476823255141,
1.5364757765712895
],
[
-1.2642009851470248,
-0.7317790702822626,
1.5484551798086477
]
],
[
[
0.30216940760845734,
-1.3992788185391476,
1.5461573029688325
],
[
0.30318535196249335,
-1.3965233498019374,
1.5820374030955442
]
],
[
[
0.3637024659116872,
-1.4269631626655275,
1.5465410583522354
],
[
0.349628550467699,
-1.4580872040319588,
1.5579086846224068
]
],
[
[
1.8766463330400356,
-0.2548429249501374,
0.22013505653591547
],
[
1.899742932700727,
-0.2767488723047087,
0.23694847220495496
]
],
[
[
1.9080385748934476,
-0.17575666976848076,
0.32731845818713756
],
[
1.9402714201028144,
-0.17692888670051743,
0.31132842722521525
]
],
[
[
1.539891088031422,
1.047923441460622,
-0.5045035398874246
],
[
1.5096398553161303,
1.0518212750638354,
-0.4853809189510163
]
],
[
[
1.5855669070233689,
1.108943073988877,
-0.40540732174132926
],
[
1.5739493062738603,
1.0789801765868816,
-0.38918179991553004
]
],
[
[
0.5041273206055235,
1.8574483458732582,
0.20250245290299662
],
[
0.5280751065807698,
1.8776140339948177,
0.22027476113220856
]
],
[
[
0.5161541555726153,
1.8171728336734665,
0.30491873417928494
],
[
0.5284993952624762,
1.7888536418551277,
0.2864356822644828
]
],
[
[
-0.7948047055027817,
1.6652571085417114,
-0.4080574366591633
],
[
-0.8053929472421506,
1.6963982708231318,
-0.3934244277273866
]
],
[
[
-0.9289413255373123,
1.6527287552954246,
-0.4784546791038782
],
[
-0.9323560614023363,
1.619135947063834,
-0.4659697625818229
]
],
[
[
-1.5778540307659905,
1.1591255348826641,
0.19102767044141344
],
[
-1.5868676977617886,
1.1898943942704554,
0.20739952079652202
]
],
[
[
-1.6823946426746592,
1.086414013519235,
0.2701241858220307
],
[
-1.6569520983757862,
1.065254000539795,
0.28429930350347726
]
],
[
[
-2.003362679640162,
0.07695271826994955,
-0.5692316281547307
],
[
-1.969864683069048,
0.07659552663773345,
-0.5824133970841804
]
],
[
[
-1.9497492762133086,
-0.004918515576994439,
-0.5290865661080377
],
[
-1.9760325516819517,
-0.022596541870572338,
-0.5461944381738406
]
],
[
[
-1.681133828792001,
-1.0934339543975082,
0.18302483511524048
],
[
-1.6466304538250827,
-1.0915222126618451,
0.17293206157218094
]
],
[
[
-1.643125618968791,
-1.2474553392123704,
0.28378627610840457
],
[
-1.614482836436088,
-1.2310140452230975,
0.29811368117251485
]
],
[
[
-0.7590039689566558,
-1.9688496479334403,
-0.5654288128982277
],
[
-0.7468756215511398,
-1.9380992551748002,
-0.5796877402310783
]
],
[
[
-0.821214716944975,
-1.91519396281726,
-0.5026316749231844
],
[
-0.8497699223666142,
-1.9259340014203405,
-0.5217436376259228
]
],
[
[
0.5458613125118954,
-2.076125632326727,
0.22222372652004757
],
[
0.5568663423055309,
-2.04410472550834,
0.20999434819083232
]
],
[
[
0.5376924627788452,
-1.9898857085150126,
0.33470493726744
],
[
0.5110228566896585,
-1.9694785831096675,
0.32173238934432985
]
],
[
[
1.4231419442760274,
-1.3644918912292872,
-0.6017421318981402
],
[
1.4497971227244388,
-1.3849467635535666,
-0.5888151141722435
]
],
[
[
1.478499715023307,
-1.3277744109681386,
-0.6577890796417416
],
[
1.4786201229966522,
-1.3579420286808035,
-0.6774335640469036
]
],
[
[
0.7920355816630389,
0.7754476153769251,
-1.5893089771270752
],
[
0.7819872526760469,
0.7445220354687119,
-1.5738607348316531
]
],
[
[
0.9602364583265857,
0.7207958432959465,
-1.5893089771270752
],
[
0.9602364583271418,
0.7207958432976581,
-1.6253090452440826
]
],
[
[
-0.5003659913194372,
1.1953742983098696,
-1.5893089771270752
],
[
-0.5110974620415494,
1.1623462241117641,
-1.5798228422589313
]
],
[
[
-0.39326007268549645,
1.1605734793735045,
-1.5893089771270752
],
[
-0.39241571026202937,
1.1631721599732572,
-1.6252052745551369
]
],
[
[
-1.212293385646643,
0.008710154216367016,
-1.7280669116319487
],
[
-1.2158017363804616,
0.008010016491566959,
-1.6922449963788972
]
],
[
[
-1.1715014195423077,
-0.09922371300658143,
-1.703035928854689
],
[
-1.1467120315347827,
-0.07849361456443647,
-1.687169152165216
]
],
[
[
-0.3046625226119174,
-1.131786393303556,
-1.5893089771270752
],
[
-0.30411823167689833,
-1.133461548727511,
-1.6252659370183953
]
],
[
[
-0.40868966772723475,
-1.1655868581872764,
-1.5893089771270752
],
[
-0.3987867168814961,
-1.1960650101370647,
-1.6057107601099894
]
],
[
[
0.9478063121246081,
-0.7248346422049592,
-1.5893089771270752
],
[
0.9565360923647636,
-0.7517021459210061,
-1.611623320663316
]
],
[
[
0.8786443218294149,
-0.74730673275084,
-1.5893089771270752
],
[
0.8786443218288382,
-0.7473067327490654,
-1.6253090453151486
]
]
],
"half_couplers": [
{
"pose": [
[
-0.8161397262963548,
0.04872537303335478,
-0.5757966526332637,
1.2017433226782706
],
[
-0.5729101972031145,
0.061842593922811884,
0.8172817136811434,
-0.14508168583688458
],
[
0.07543111494336652,
0.9968958479197607,
-0.02255693460428576,
1.4965972604097975
],
[
0.0,
0.0,
0.0,
1.0
]
],
"at_element": 2,
"to_element": 6
},
{
"pose": [
[
0.8121785677997136,
-0.04872537303335478,
0.5813706322386489,
1.1999892069361349
],
[
-0.5833983921484757,
-0.06184259392280822,
0.8098282593337135,
-0.14730802215369934
],
[
-0.0035057161008065774,
-0.996895847919761,
-0.07865353364573946,
1.4607089625632383
],
[
0.0,
0.0,
0.0,
1.0
]
],
"at_element": 6,
"to_element": 2
},
{
"pose": [
[
-0.32202531278902713,
0.7515037676149456,
-0.5757966526332634,
1.1463040695914406
],
[
-0.2013434014591039,
0.5399179893014228,
0.8172817136811436,
-0.06639160043816719
],
[
0.9250732579704202,
0.3791182560748697,
-0.022556934604288204,
1.4944254179708545
],
[
0.0,
0.0,
0.0,
1.0
]
],
"at_element": 2,
"to_element": 7
},
{
"pose": [
[
0.41650103057052823,
-0.7515037676149461,
0.511633637277915,
1.119249906045042
],
[
-0.833938454046175,
-0.5399179893014221,
-0.11417188660867869,
-0.08582866810658593
],
[
0.3620408076401935,
-0.3791182560748697,
-0.8515842891422938,
1.4807771466709956
],
[
0.0,
0.0,
0.0,
1.0
]
],
"at_element": 7,
"to_element": 2
},
{
"pose": [
[
0.8169177547890243,
0.0332204263486478,
-0.5757966526332658,
0.3386808831984384
],
[
0.5762231596581029,
-0.004179803350409017,
0.8172817136811424,
1.0799430626157005
],
[
0.024743730197610392,
-0.9994393090714245,
-0.022556934604282874,
1.4627866383477701
],
[
0.0,
0.0,
0.0,
1.0
]
],
"at_element": 2,
"to_element": 3
},
{
"pose": [
[
0.2965187719499518,
-0.033220426348648024,
-0.9544490668204911,
0.3374849456046809
],
[
-0.9549265966839489,
0.00417980335040169,
-0.29681260786826846,
1.0800935358188075
],
[
0.013849650786321832,
0.9994393090714242,
-0.030483678517050805,
1.4987665210215597
],
[
0.0,
0.0,
0.0,
1.0
]
],
"at_element": 3,
"to_element": 2
},
{
"pose": [
[
-0.39573671941234645,
0.7154373932952292,
-0.5757966526332725,
0.3809892913449011
],
[
-0.2544525637196322,
0.5170149836309679,
0.8172817136811374,
1.0198908060509413
],
[
0.8824093957598482,
0.4699413186515926,
-0.02255693460428554,
1.464444077638893
],
[
0.0,
0.0,
0.0,
1.0
]
],
"at_element": 2,
"to_element": 10
},
{
"pose": [
[
-0.6893351887564074,
-0.7154373932952206,
-0.11386981082406612,
0.355233461961835
],
[
0.6319615246263447,
-0.5170149836309716,
-0.577338841663206,
1.0012782064976031
],
[
0.35417739754833977,
-0.4699413186516018,
0.8085255271726917,
1.447526135500734
],
[
0.0,
0.0,
0.0,
1.0
]
],
"at_element": 10,
"to_element": 2
},
{
"pose": [
[
-0.2979599001133315,
0.01571231268618739,
-0.9544490668204905,
-1.0713570911558028
],
[
0.9535174633424999,
0.05202617525169617,
-0.296812607868271,
0.6419747366687105
],
[
0.04499272191519177,
-0.9985221080770977,
-0.030483678517051693,
1.453770209303237
],
[
0.0,
0.0,
0.0,
1.0
]
],
"at_element": 3,
"to_element": 4
},
{
"pose": [
[
0.9906749922022627,
-0.01571231268618606,
-0.13533729365957534,
-1.0719227361824526
],
[
-0.13598067902871994,
-0.05202617525169351,
-0.9893444961284054,
0.6401017884990496
],
[
0.00850380831950373,
0.998522108077098,
-0.05367760170996427,
1.4897171176746729
],
[
0.0,
0.0,
0.0,
1.0
]
],
"at_element": 4,
"to_element": 3
},
{
"pose": [
[
-0.1099724223927323,
0.2773680680225675,
-0.9544490668204891,
-1.2526385457346598
],
[
0.4449164042904348,
-0.8449566077637976,
-0.29681260786827435,
0.5856002027494233
],
[
-0.888794385393126,
-0.4572912483721113,
-0.030483678517054802,
1.4479803502373212
],
[
0.0,
0.0,
0.0,
1.0
]
],
"at_element": 3,
"to_element": 13
},
{
"pose": [
[
0.9332103335458295,
-0.27736806802257186,
0.22844130144242197,
-1.2626238261758544
],
[
0.35011013654262324,
0.844956607763794,
-0.4043157470176096,
0.6160187319958229
],
[
-0.08087870951855791,
0.4572912483721156,
0.8856316099309491,
1.4644428846265645
],
[
0.0,
0.0,
0.0,
1.0
]
],
"at_element": 13,
"to_element": 3
},
{
"pose": [
[
-0.22802434038003017,
0.9642036699469436,
-0.1353372936595741,
-1.2647070947724621
],
[
0.08382282085945486,
-0.11904286069981351,
-0.9893444961284055,
-0.7691930108371137
],
[
-0.9700405326054249,
-0.2369389798603227,
-0.05367760170996494,
1.413254808310523
],
[
0.0,
0.0,
0.0,
1.0
]
],
"at_element": 4,
"to_element": 16
},
{
"pose": [
[
0.053323286752931964,
-0.9642036699469438,
0.259745856464949,
-1.2994185308847026
],
[
0.962355481330222,
0.11904286069981129,
0.24433731780078585,
-0.7649074550125572
],
[
-0.26651182833702053,
0.23693897986032317,
0.9342544434891428,
1.4217846371405394
],
[
0.0,
0.0,
0.0,
1.0
]
],
"at_element": 16,
"to_element": 4
},
{
"pose": [
[
-0.1316416052345335,
0.3886394239230653,
0.911937435323292,
-1.2502099310254993
],
[
-0.30566697401661247,
0.8592030802137129,
-0.410289858449847,
-0.7008476823255142
],
[
-0.9429942676213906,
-0.3327603719255282,
0.005687363992334049,
1.5364757765712895
],
[
0.0,
0.0,
0.0,
1.0
]
],
"at_element": 5,
"to_element": 16
},
{
"pose": [
[
-0.8840200722958949,
-0.3886394239230641,
0.25974585646494763,
-1.2642009851470248
],
[
0.44952123651857573,
-0.8592030802137116,
0.24433731780078233,
-0.7317790702822626
],
[
0.12821532551442893,
0.3327603719255325,
0.9342544434891441,
1.5484551798086479
],
[
0.0,
0.0,
0.0,
1.0
]
],
"at_element": 16,
"to_element": 5
},
{
"pose": [
[
-0.4093576814563573,
-0.028220607517438934,
0.9119374353232912,
0.302169407608457
],
[
-0.9087374576283983,
-0.07654061115694288,
-0.41028985844984833,
-1.3992788185391476
],
[
0.0813788777002385,
-0.9966670116719366,
0.005687363992332384,
1.5461573029688325
],
[
0.0,
0.0,
0.0,
1.0
]
],
"at_element": 5,
"to_element": 6
},
{
"pose": [
[
-0.8131493007325157,
0.02822060751743971,
0.5813706322386498,
0.30318535196249335
],
[
0.5816525812099957,
0.07654061115694,
0.8098282593337129,
-1.3965233498019374
],
[
-0.021644618037054808,
0.9966670116719369,
-0.07865353364573813,
1.5820374030955442
],
[
0.0,
0.0,
0.0,
1.0
]
],
"at_element": 6,
"to_element": 5
},
{
"pose": [
[
-0.12463892060833115,
0.3909414962952452,
0.9119374353232929,
0.36370246591168726
],
[
-0.29018309473033643,
0.8645553791319159,
-0.41028985844984495,
-1.4269631626655277
],
[
-0.9488197463176632,
-0.3157669122762928,
0.005687363992334049,
1.5465410583522352
],
[
0.0,
0.0,
0.0,
1.0
]
],
"at_element": 5,
"to_element": 19
},
{
"pose": [
[
-0.9097647149132868,
-0.39094149629524255,
-0.13961701176139907,
0.34962855046769903
],
[
0.31092590452832347,
-0.8645553791319154,
0.39480258143446023,
-1.4580872040319592
],
[
-0.2750513504638537,
0.31576691227629683,
0.9080958163759504,
1.5579086846224064
],
[
0.0,
0.0,
0.0,
1.0
]
],
"at_element": 19,
"to_element": 5
},
{
"pose": [
[
-0.5715073821320709,
-0.641568650554495,
0.5116336372779173,
1.8766463330400363
],
[
-0.7853014846257976,
0.6084951590216083,
-0.11417188660868258,
-0.25484292495013744
],
[
-0.23807748825343694,
-0.4670367309676531,
-0.8515842891422918,
0.22013505653591495
],
[
0.0,
0.0,
0.0,
1.0
]
],
"at_element": 7,
"to_element": 21
},
{
"pose": [
[
-0.7018204970720496,
0.6415686505544935,
0.30957657617337253,
1.8997429327007267
],
[
-0.21992409840424634,
-0.6084951590216041,
0.762474283099668,
-0.27674887230470896
],
[
0.6775554448387388,
0.4670367309676611,
0.5681507820081036,
0.23694847220495466
],
[
0.0,
0.0,
0.0,
1.0
]
],
"at_element": 21,
"to_element": 7
},
{
"pose": [
[
-0.3742272501977313,
-0.8953528413641887,
-0.241448244289576,
1.9080385748934474
],
[
-0.5957005466206713,
0.03256143706759618,
0.8025463298601063,
-0.1757566697684807
],
[
-0.710700234955131,
0.44416555728373064,
-0.5455475540753114,
0.32731845818713756
],
[
0.0,
0.0,
0.0,
1.0
]
],
"at_element": 8,
"to_element": 21
},
{
"pose": [
[
0.32016500893421473,
0.8953528413641894,
0.3095765761733714,
1.9402714201028144
],
[
-0.646198669472273,
-0.03256143706759684,
0.7624742830996709,
-0.17692888670051754
],
[
0.6927637740430849,
-0.44416555728372953,
0.5681507820081002,
0.31132842722521503
],
[
0.0,
0.0,
0.0,
1.0
]
],
"at_element": 21,
"to_element": 8
},
{
"pose": [
[
0.4853669542200105,
0.8403104575576054,
-0.2414482442895752,
1.539891088031422
],
[
0.5866824999826833,
-0.10827295434291861,
0.8025463298601055,
1.047923441460622
],
[
0.648245758925779,
-0.5311829273208849,
-0.545547554075313,
-0.5045035398874246
],
[
0.0,
0.0,
0.0,
1.0
]
],
"at_element": 8,
"to_element": 23
},
{
"pose": [
[
0.03374220675296691,
-0.8403104575576058,
-0.5410543396025649,
1.5096398553161303
],
[
-0.967505360157198,
0.10827295434292017,
-0.228495832401702,
1.0518212750638356
],
[
0.25058898928430756,
0.5311829273208839,
-0.8093515034719378,
-0.48538091895101626
],
[
0.0,
0.0,
0.0,
1.0
]
],
"at_element": 23,
"to_element": 8
},
{
"pose": [
[
0.582038978708301,
0.32270970931984694,
-0.7463839968641462,
1.5855669070233687
],
[
0.2010027793173495,
0.8322990365620361,
0.516600615993252,
1.1089430739888773
],
[
0.7879267161169868,
-0.45070695274047684,
0.41956493273448714,
-0.4054073217413292
],
[
0.0,
0.0,
0.0,
1.0
]
],
"at_element": 9,
"to_element": 23
},
{
"pose": [
[
0.7766071369153986,
-0.32270970931984566,
-0.5410543396025652,
1.57394930627386
],
[
-0.5050425410922922,
-0.8322990365620366,
-0.22849583240169982,
1.0789801765868816
],
[
-0.3765811819237753,
0.45070695274047645,
-0.8093515034719378,
-0.38918179991553004
],
[
0.0,
0.0,
0.0,
1.0
]
],
"at_element": 23,
"to_element": 9
},
{
"pose": [
[
0.020010223003566474,
-0.6652146422023828,
-0.7463839968641502,
0.5041273206055239
],
[
0.6475711212928903,
-0.5601566266883458,
0.5166006159932472,
1.8574483458732578
],
[
-0.7617422358270655,
-0.49367401529419147,
0.41956493273448625,
0.20250245290299634
],
[
0.0,
0.0,
0.0,
1.0
]
],
"at_element": 9,
"to_element": 10
},
{
"pose": [
[
0.7379181160416474,
0.6652146422023776,
-0.113869810824066,
0.5280751065807698
],
[
-0.5940575859999785,
0.5601566266883453,
-0.5773388416632057,
1.8776140339948177
],
[
-0.3202693218736757,
0.4936740152941985,
0.8085255271726919,
0.2202747611322085
],
[
0.0,
0.0,
0.0,
1.0
]
],
"at_element": 10,
"to_element": 9
},
{
"pose": [
[
0.932436428363787,
-0.34292269280856236,
-0.11386981082406658,
0.5161541555726153
],
[
0.21879903579642845,
0.786642767615353,
-0.5773388416632047,
1.8171728336734667
],
[
0.2875574533806028,
0.5134171626614971,
0.8085255271726925,
0.30491873417928483
],
[
0.0,
0.0,
0.0,
1.0
]
],
"at_element": 10,
"to_element": 11
},
{
"pose": [
[
0.3219984545525234,
0.34292269280856336,
-0.8824517108730143,
0.5284993952624761
],
[
0.6118822960841265,
-0.7866427676153547,
-0.08242094331705183,
1.7888536418551277
],
[
-0.7224382679541581,
-0.513417162661494,
-0.4631260801121193,
0.2864356822644827
],
[
0.0,
0.0,
0.0,
1.0
]
],
"at_element": 11,
"to_element": 10
},
{
"pose": [
[
0.3671160621653262,
0.29411694082033735,
-0.8824517108730148,
-0.7948047055027814
],
[
0.49490447312184416,
-0.8650296819108105,
-0.08242094331705166,
1.6652571085417114
],
[
-0.7875883184660717,
-0.4064712468745716,
-0.46312608011211953,
-0.4080574366591631
],
[
0.0,
0.0,
0.0,
1.0
]
],
"at_element": 11,
"to_element": 12
},
{
"pose": [
[
0.6535805028585416,
-0.29411694082033724,
-0.6973720322795158,
-0.8053929472421504
],
[
-0.12827412854157105,
0.8650296819108081,
-0.48504576831489493,
1.6963982708231322
],
[
0.7459076847908703,
0.406471246874576,
0.5276389402177886,
-0.3934244277273867
],
[
0.0,
0.0,
0.0,
1.0
]
],
"at_element": 12,
"to_element": 11
},
{
"pose": [
[
-0.460740503123946,
0.09485339613521043,
-0.882451710873014,
-0.9289413255373122
],
[
0.3499649718823036,
0.9331298444258149,
-0.08242094331705302,
1.6527287552954248
],
[
0.8156241212939396,
-0.3468018550750143,
-0.4631260801121193,
-0.478454679103878
],
[
0.0,
0.0,
0.0,
1.0
]
],
"at_element": 11,
"to_element": 22
},
{
"pose": [
[
-0.9391044645840405,
-0.09485339613521146,
-0.3302811496890776,
-0.9323560614023364
],
[
-0.03170674793340872,
-0.933129844425814,
0.3581387658120007,
1.6191359470638342
],
[
-0.3421658760510895,
0.3468018550750161,
0.8732989102150065,
-0.4659697625818226
],
[
0.0,
0.0,
0.0,
1.0
]
],
"at_element": 22,
"to_element": 11
},
{
"pose": [
[
-0.671552376159382,
0.25037902202267015,
-0.697372032279514,
-1.57785403076599
],
[
0.18503590124056624,
-0.8546884332269269,
-0.48504576831490137,
1.1591255348826643
],
[
-0.7174810947521753,
-0.4547725007507301,
0.5276389402177852,
0.1910276704414132
],
[
0.0,
0.0,
0.0,
1.0
]
],
"at_element": 12,
"to_element": 13
},
{
"pose": [
[
0.9408107764722207,
-0.2503790220226719,
0.22844130144242217,
-1.5868676977617886
],
[
0.3256323982985977,
0.8546884332269244,
-0.4043157470176105,
1.1898943942704556
],
[
-0.09401395668750803,
0.45477250075073294,
0.8856316099309487,
0.2073995207965219
],
[
0.0,
0.0,
0.0,
1.0
]
],
"at_element": 13,
"to_element": 12
},
{
"pose": [
[
0.11914613137135299,
-0.7067364770362277,
-0.697372032279516,
-1.6823946426746592
],
[
0.6474938671989972,
0.5877774192494125,
-0.48504576831489615,
1.0864140135192355
],
[
0.752699070890172,
-0.3937527872243221,
0.5276389402177875,
0.27012418582203046
],
[
0.0,
0.0,
0.0,
1.0
]
],
"at_element": 12,
"to_element": 14
},
{
"pose": [
[
0.659377847533682,
0.7067364770362266,
-0.25640672028687456,
-1.656952098375786
],
[
0.3455325212002882,
-0.5877774192494116,
-0.7315223730095164,
1.065254000539795
],
[
-0.6677036251023509,
0.3937527872243254,
-0.6317678462681169,
0.2842993035034773
],
[
0.0,
0.0,
0.0,
1.0
]
],
"at_element": 14,
"to_element": 12
},
{
"pose": [
[
0.2615857780049794,
-0.930499045962573,
-0.2564067202868733,
-2.003362679640162
],
[
-0.6817452398711508,
0.009921980626433013,
-0.7315223730095175,
0.07695271826994961
],
[
0.6832249326968072,
0.36615991009829285,
-0.6317678462681156,
-0.5692316281547307
],
[
0.0,
0.0,
0.0,
1.0
]
],
"at_element": 14,
"to_element": 15
},
{
"pose": [
[
-0.3054023531025465,
0.930499045962573,
0.20223977893127038,
-1.969864683069048
],
[
-0.5729359766049014,
-0.009921980626432347,
-0.819540066752222,
0.0765955266377335
],
[
-0.760574631072596,
-0.3661599100982932,
0.5361465758592461,
-0.5824133970841804
],
[
0.0,
0.0,
0.0,
1.0
]
],
"at_element": 15,
"to_element": 14
},
{
"pose": [
[
0.6527382636384158,
0.7300902896218634,
0.2022397789312718,
-1.9497492762133086
],
[
-0.2953273819586787,
0.4910558180626703,
-0.8195400667522206,
-0.004918515576994464
],
[
-0.6976492647797593,
0.4752182157142814,
0.5361465758592476,
-0.5290865661080376
],
[
0.0,
0.0,
0.0,
1.0
]
],
"at_element": 15,
"to_element": 25
},
{
"pose": [
[
-0.37674835481000346,
-0.730090289621861,
-0.5701130117334836,
-1.976032551681952
],
[
0.8694341143092424,
-0.4910558180626703,
0.05430013280006857,
-0.022596541870572313
],
[
-0.3196013110474659,
-0.47521821571428563,
0.8197698758981521,
-0.5461944381738402
],
[
0.0,
0.0,
0.0,
1.0
]
],
"at_element": 25,
"to_element": 15
},
{
"pose": [
[
0.2012903809351565,
-0.9584264470270054,
0.20223977893127265,
-1.6811338287920012
],
[
0.5705559171467065,
-0.05310390189659242,
-0.8195400667522226,
-1.0934339543975082
],
[
0.7962085957535625,
0.28035463477985784,
0.5361465758592444,
0.1830248351152405
],
[
0.0,
0.0,
0.0,
1.0
]
],
"at_element": 15,
"to_element": 16
},
{
"pose": [
[
0.11811365580863464,
0.9584264470270054,
0.2597458564649497,
-1.6466304538250829
],
[
-0.9682351216173031,
0.0531039018965942,
0.24433731780078782,
-1.0915222126618453
],
[
0.22038582889615582,
-0.28035463477985834,
0.9342544434891421,
0.17293206157218072
],
[
0.0,
0.0,
0.0,
1.0
]
],
"at_element": 16,
"to_element": 15
},
{
"pose": [
[
-0.5710230153940639,
-0.7956329478522757,
0.20223977893126932,
-1.643125618968791
],
[
0.3460877807430404,
-0.456702668054521,
-0.8195400667522236,
-1.2474553392123702
],
[
0.7444165258177897,
-0.39798352388482094,
0.5361465758592441,
0.2837862761084044
],
[
0.0,
0.0,
0.0,
1.0
]
],
"at_element": 15,
"to_element": 17
},
{
"pose": [
[
-0.07084321951624961,
0.7956329478522765,
0.6016223487707794,
-1.614482836436088
],
[
0.7226182283982415,
0.45670266805451865,
-0.5188887828605192,
-1.2310140452230975
],
[
-0.6876075437596357,
0.39798352388482217,
-0.6072931585989256,
0.2981136811725149
],
[
0.0,
0.0,
0.0,
1.0
]
],
"at_element": 17,
"to_element": 15
},
{
"pose": [
[
0.7242582173419916,
-0.33689847739657974,
0.6016223487707774,
-0.7590039689566557
],
[
0.03369518684726294,
-0.8541774203318959,
-0.5188887828605235,
-1.9688496479334403
],
[
0.6887050667709137,
0.39608124232663905,
-0.6072931585989239,
-0.5654288128982277
],
[
0.0,
0.0,
0.0,
1.0
]
],
"at_element": 17,
"to_element": 18
},
{
"pose": [
[
0.41263602139199596,
0.33689847739657985,
0.8463042773008125,
-0.7468756215511397
],
[
-0.5120702301028667,
0.8541774203318937,
-0.09036046722736937,
-1.9380992551748004
],
[
-0.7533363082264,
-0.39608124232664377,
0.5249800531304033,
-0.5796877402310783
],
[
0.0,
0.0,
0.0,
1.0
]
],
"at_element": 18,
"to_element": 17
},
{
"pose": [
[
0.09429475152944611,
0.7931954672673874,
0.6016223487707809,
-0.8212147169449753
],
[
0.801094291856067,
0.298332644169486,
-0.5188887828605176,
-1.91519396281726
],
[
-0.5910638166810981,
0.5308847183045619,
-0.6072931585989256,
-0.5026316749231842
],
[
0.0,
0.0,
0.0,
1.0
]
],
"at_element": 17,
"to_element": 27
},
{
"pose": [
[
-0.5142143044799092,
-0.7931954672673849,
-0.3262278341507943,
-0.8497699223666141
],
[
0.795141527420169,
-0.29833264416948535,
-0.5279655147779672,
-1.9259340014203408
],
[
0.3214554408314842,
-0.5308847183045657,
0.7841095685110073,
-0.5217436376259229
],
[
0.0,
0.0,
0.0,
1.0
]
],
"at_element": 27,
"to_element": 17
},
{
"pose": [
[
-0.43625676463696705,
-0.30569446434444403,
0.8463042773008117,
0.545861312511895
],
[
0.4479764917667556,
-0.8894672837079509,
-0.09036046722737336,
-2.076125632326727
],
[
0.7803826613481591,
0.33970405602871856,
0.5249800531304039,
0.22222372652004735
],
[
0.0,
0.0,
0.0,
1.0
]
],
"at_element": 18,
"to_element": 19
},
{
"pose": [
[
0.9418375573823644,
0.3056944643444476,
-0.1396170117613995,
0.5568663423055308
],
[
-0.23017139897452377,
0.8894672837079503,
0.39480258143445746,
-2.04410472550834
],
[
0.24487372786424455,
-0.33970405602871756,
0.9080958163759515,
0.2099943481908325
],
[
0.0,
0.0,
0.0,
1.0
]
],
"at_element": 19,
"to_element": 18
},
{
"pose": [
[
-0.6570324722301855,
0.7408207748584725,
-0.1396170117613989,
0.5376924627788453
],
[
-0.7230469247739675,
-0.5668633576688418,
0.3948025814344619,
-1.9898857085150126
],
[
0.2133341862196465,
0.360347767122954,
0.9080958163759496,
0.33470493726743994
],
[
0.0,
0.0,
0.0,
1.0
]
],
"at_element": 19,
"to_element": 20
},
{
"pose": [
[
-0.21331493997549766,
-0.7408207748584733,
0.6369311704739699,
0.5110228566896586
],
[
-0.707242891515882,
0.5668633576688418,
0.4224611534007134,
-1.9694785831096675
],
[
-0.6740209409087409,
-0.36034776712295297,
-0.6448606500213809,
0.32173238934432974
],
[
0.0,
0.0,
0.0,
1.0
]
],
"at_element": 20,
"to_element": 19
},
{
"pose": [
[
-0.21470431136952772,
-0.7404193019890829,
0.6369311704739655,
1.4231419442760271
],
[
-0.706178236661633,
0.5681891163449013,
0.42246115340072,
-1.3644918912292874
],
[
-0.6746957512425902,
-0.359082699818857,
-0.6448606500213803,
-0.6017421318981401
],
[
0.0,
0.0,
0.0,
1.0
]
],
"at_element": 20,
"to_element": 21
},
{
"pose": [
[
-0.5966084148977198,
0.7404193019890856,
0.3095765761733695,
1.4497971227244388
],
[
-0.3095062126659808,
-0.5681891163449029,
0.7624742830996725,
-1.3849467635535666
],
[
0.7404487177343151,
0.3590826998188496,
0.5681507820080991,
-0.5888151141722434
],
[
0.0,
0.0,
0.0,
1.0
]
],
"at_element": 21,
"to_element": 20
},
{
"pose": [
[
-0.7709134175348882,
-0.003344658927138283,
0.6369311704739692,
1.4784997150233077
],
[
0.3454031128012037,
0.8379876273159286,
0.4224611534007113,
-1.3277744109681386
],
[
-0.5351534287771295,
0.5456789804656961,
-0.6448606500213829,
-0.657789079641742
],
[
0.0,
0.0,
0.0,
1.0
]
],
"at_element": 20,
"to_element": 28
},
{
"pose": [
[
-0.9054352042855793,
0.00334465892713659,
0.4244713230560968,
1.4786201229966525
],
[
-0.23416543656656957,
-0.837987627315931,
-0.49289277209450455,
-1.3579420286808037
],
[
0.3540531586611254,
-0.5456789804656933,
0.7595267020454263,
-0.6774335640469032
],
[
0.0,
0.0,
0.0,
1.0
]
],
"at_element": 28,
"to_element": 20
},
{
"pose": [
[
0.132604253309754,
0.2791193237535672,
-0.9510565257183792,
0.7920355816630387
],
[
0.4081139697166124,
0.8590410367576522,
0.30901696537323975,
0.7754476153769252
],
[
0.9032491902716053,
-0.4291164180891818,
7.771561172376096e-16,
-1.5893089771270752
],
[
0.0,
0.0,
0.0,
1.0
]
],
"at_element": 0,
"to_element": 23
},
{
"pose": [
[
0.7933174677924235,
-0.27911932375356663,
-0.5410543396025659,
0.781987252676047
],
[
-0.45808094452987635,
-0.8590410367576558,
-0.2284958324017058,
0.7445220354687119
],
[
-0.40101027861394445,
0.4291164180891751,
-0.8093515034719359,
-1.5738607348316527
],
[
0.0,
0.0,
0.0,
1.0
]
],
"at_element": 23,
"to_element": 0
},
{
"pose": [
[
-0.3090169653732433,
-1.545208405673293e-11,
-0.9510565257183781,
0.9602364583265856
],
[
-0.9510565257183781,
-4.7550408055485605e-11,
0.3090169653732434,
0.7207958432959465
],
[
-4.999811675787669e-11,
1.0,
-1.9984014443252818e-15,
-1.5893089771270752
],
[
0.0,
0.0,
0.0,
1.0
]
],
"at_element": 0,
"to_element": 29
},
{
"pose": [
[
0.9984591897378323,
1.5453652246755212e-11,
0.055490958074909114,
0.9602364583271419
],
[
-0.05549095807490912,
4.754807658713389e-11,
0.9984591897378323,
0.7207958432976582
],
[
1.2791354780938846e-11,
-1.0,
4.83323381317291e-11,
-1.6253090452440826
],
[
0.0,
0.0,
0.0,
1.0
]
],
"at_element": 29,
"to_element": 0
},
{
"pose": [
[
0.08142697400524912,
0.29809584497747643,
-0.9510565257183787,
-0.5003659913194368
],
[
0.25060648338079505,
0.9174447697812791,
0.3090169653732416,
1.1953742983098696
],
[
0.964658508691993,
-0.26350324781326745,
0.0,
-1.5893089771270752
],
[
0.0,
0.0,
0.0,
1.0
]
],
"at_element": 0,
"to_element": 22
},
{
"pose": [
[
-0.8955742455917461,
-0.2980958449774763,
-0.33028114968907796,
-0.5110974620415494
],
[
0.17329662092387899,
-0.9174447697812784,
0.35813876581199955,
1.162346224111764
],
[
-0.4097743913535107,
0.2635032478132695,
0.8732989102150068,
-1.5798228422589313
],
[
0.0,
0.0,
0.0,
1.0
]
],
"at_element": 22,
"to_element": 0
},
{
"pose": [
[
-0.30812558335936924,
-0.023454418942609134,
-0.9510565257183787,
-0.3932600726854964
],
[
-0.9483131336842968,
-0.07218528654360323,
0.30901696537324114,
1.1605734793735047
],
[
-0.07590010119438273,
0.9971154269384677,
8.881784197001252e-16,
-1.5893089771270752
],
[
0.0,
0.0,
0.0,
1.0
]
],
"at_element": 0,
"to_element": 24
},
{
"pose": [
[
-0.8160546930831698,
0.023454418942609134,
-0.5774985957809751,
-0.39241571026202926
],
[
0.5775320977205545,
0.07218528654360679,
-0.8131703145769115,
1.1631721599732574
],
[
0.02261446438520004,
-0.9971154269384673,
-0.07245282162820543,
-1.6252052745551369
],
[
0.0,
0.0,
0.0,
1.0
]
],
"at_element": 24,
"to_element": 0
},
{
"pose": [
[
-0.8105542019762777,
0.09745387385630597,
-0.5774985957809757,
-1.212293385646643
],
[
0.5817007879578796,
0.01944820763128763,
-0.8131703145769108,
0.008710154216366811
],
[
-0.06801528466294549,
-0.9950500036130493,
-0.07245282162820832,
-1.7280669116319487
],
[
0.0,
0.0,
0.0,
1.0
]
],
"at_element": 24,
"to_element": 26
},
{
"pose": [
[
0.7757929220655168,
-0.09745387385630633,
0.6234164615595632,
-1.2158017363804616
],
[
0.624794019244032,
-0.019448207631287406,
-0.7805473725129173,
0.008010016491566935
],
[
0.08819169796491805,
0.9950500036130494,
0.04580081571036909,
-1.6922449963788972
],
[
0.0,
0.0,
0.0,
1.0
]
],
"at_element": 26,
"to_element": 24
},
{
"pose": [
[
-0.4481196916582677,
-0.6885926922356005,
-0.5701130117334868,
-1.1715014195423075
],
[
0.8157608014929962,
-0.5758348811294782,
0.054300132800061934,
-0.09922371300658142
],
[
-0.3656816329754664,
-0.44074288862592836,
0.8197698758981503,
-1.703035928854689
],
[
0.0,
0.0,
0.0,
1.0
]
],
"at_element": 25,
"to_element": 26
},
{
"pose": [
[
0.3703944109409356,
0.6885926922355998,
0.6234164615595629,
-1.1467120315347825
],
[
0.24322826508812706,
0.5758348811294787,
-0.7805473725129175,
-0.07849361456443643
],
[
-0.8964641606924045,
0.44074288862592864,
0.045800815710369314,
-1.6871691521652157
],
[
0.0,
0.0,
0.0,
1.0
]
],
"at_element": 26,
"to_element": 25
},
{
"pose": [
[
-0.3086468788896757,
-0.015119161357351973,
0.9510565257183783,
-0.3046625226119174
],
[
0.9499175165223903,
0.04653199883355974,
0.3090169653732424,
-1.131786393303556
],
[
-0.04892663850701434,
0.998802374869225,
8.881784197001252e-16,
-1.5893089771270752
],
[
0.0,
0.0,
0.0,
1.0
]
],
"at_element": 1,
"to_element": 26
},
{
"pose": [
[
-0.7817437728670471,
0.015119161357353972,
0.6234164615595623,
-0.30411823167689844
],
[
-0.6233623122612832,
-0.04653199883356285,
-0.780547372512918,
-1.1334615487275108
],
[
0.01720759239003189,
-0.998802374869225,
0.04580081571036598,
-1.6252659370183953
],
[
0.0,
0.0,
0.0,
1.0
]
],
"at_element": 26,
"to_element": 1
},
{
"pose": [
[
-0.140789446630601,
-0.27508147266934874,
0.9510565257183778,
-0.40868966772723486
],
[
0.43330540706263126,
0.8466138076607296,
0.3090169653732438,
-1.1655868581872766
],
[
-0.8901824284537054,
0.4556042625703402,
0.0,
-1.5893089771270752
],
[
0.0,
0.0,
0.0,
1.0
]
],
"at_element": 1,
"to_element": 27
},
{
"pose": [
[
-0.9043813264433005,
0.27508147266935046,
-0.3262278341507946,
-0.3987867168814961
],
[
-0.06706322303194542,
-0.846613807660731,
-0.5279655147779698,
-1.1960650101370647
],
[
-0.4214225201590732,
-0.45560426257033687,
0.7841095685110053,
-1.6057107601099894
],
[
0.0,
0.0,
0.0,
1.0
]
],
"at_element": 27,
"to_element": 1
},
{
"pose": [
[
-0.19154183549562132,
-0.2424937321735454,
0.9510565257183787,
0.9478063121246082
],
[
0.5895052149520634,
0.7463190448165145,
0.3090169653732411,
-0.7248346422049592
],
[
-0.7847262750789537,
0.619842458372053,
0.0,
-1.5893089771270752
],
[
0.0,
0.0,
0.0,
1.0
]
],
"at_element": 1,
"to_element": 28
},
{
"pose": [
[
-0.8723651103520542,
0.24249373217354514,
0.4244713230560968,
0.9565360923647636
],
[
-0.4472858130559875,
-0.7463190448165156,
-0.49289277209450727,
-0.7517021459210063
],
[
0.1972676245086672,
-0.6198424583720518,
0.7595267020454244,
-1.6116233206633162
],
[
0.0,
0.0,
0.0,
1.0
]
],
"at_element": 28,
"to_element": 1
},
{
"pose": [
[
-0.30901696537324264,
1.6017132065115902e-11,
0.9510565257183782,
0.8786443218294149
],
[
0.9510565257183781,
-4.9291903891912625e-11,
0.30901696537324264,
-0.74730673275084
],
[
5.182898554778603e-11,
1.0,
-1.1102230246251565e-15,
-1.5893089771270752
],
[
0.0,
0.0,
0.0,
1.0
]
],
"at_element": 1,
"to_element": 29
},
{
"pose": [
[
0.9984591897378323,
-1.6017936976808755e-11,
0.05549095807490902,
0.8786443218288382
],
[
-0.05549095807490902,
4.929379127105449e-11,
0.9984591897378323,
-0.7473067327490656
],
[
-1.8728615880370114e-11,
-1.0,
4.832900746265523e-11,
-1.6253090453151486
],
[
0.0,
0.0,
0.0,
1.0
]
],
"at_element": 29,
"to_element": 1
}
],
"nstatus": 0,
"opt_line_pos": [
[
0.9822469353675842,
0.7136442065238953,
-1.5893089771270752
],
[
-0.37518495321273804,
-1.154700517654419,
-1.5893089771270752
],
[
1.1271085748534924,
-0.03914565039201514,
1.493673431106185
],
[
0.27601231334370946,
1.0609769030636542,
1.4968031769054793
],
[
-1.072951780614115,
0.6325792541169344,
1.489308977127075
],
[
-1.0822469353675843,
-0.77641592971177,
1.53752328998235
],
[
0.4137739865256326,
-1.242477382454904,
1.56707588559344
],
[
1.1141239643096923,
-0.08468480578806302,
1.489308977127075
],
[
1.885069178035054,
-0.09940902349735833,
0.2754195582321928
],
[
1.5214120918660285,
1.1533470499160938,
-0.36934396719571694
],
[
0.5070619821548462,
1.7710740052726173,
0.36947714744568866
],
[
0.5070619821548462,
1.7868513885999777,
0.27518495321273806
],
[
-0.7019501997575575,
1.7683461904525757,
-0.4716902874544805
],
[
-1.563559506322076,
1.1486414825856035,
0.2977617756908471
],
[
-1.660651211395543,
1.0547005176544189,
0.27518495321273806
],
[
-1.929416724649755,
-0.08731249738262327,
-0.4751840749320293
],
[
-1.6182016193675213,
-1.064779822026249,
0.27518495321273806
],
[
-1.5917682134007947,
-1.2506050114230742,
0.27518495321273806
],
[
-0.578307275086839,
-1.9560974089769285,
-0.47512130726304797
],
[
0.5289431814333969,
-1.9651448920679269,
0.39161194083284956
],
[
0.5148109689710157,
-1.9669660191816019,
0.31789711692974193
],
[
1.511712440442634,
-1.2324519008168227,
-0.475184953212738
],
[
-0.46968986828838516,
1.1174461002749558,
-1.6893089771270753
],
[
1.5164558944356843,
1.054699796532583,
-0.475184953212738
],
[
-0.4694502748523242,
1.0547005176544189,
-1.6348700107263467
],
[
-1.2198269719961259,
-0.09462096958225592,
-1.633548246022613
],
[
-1.1731581603208812,
-0.04538179027046874,
-1.6891120817243017
],
[
-0.42649356138664607,
-1.2409056303744932,
-1.5391155784134682
],
[
0.9182496423016694,
-0.7072442203080611,
-1.680131084486046
],
[
0.8822469353675843,
-0.6824842333793645,
-1.6253090453120107
]
],
"opt_line_orient": [
[
-0.9510565257183784,
0.309016965373242,
0.0
],
[
0.9510565257183784,
0.309016965373242,
0.0
],
[
-0.5757966526332643,
0.8172817136811431,
-0.022556934604287822
],
[
-0.9544490668204907,
-0.2968126078682698,
-0.03048367851705311
],
[
-0.13533729365957534,
-0.9893444961284054,
-0.053677601709963184
],
[
0.9119374353232917,
-0.4102898584498473,
0.005687363992333994
],
[
0.5813706322386495,
0.8098282593337132,
-0.07865353364573703
],
[
0.5116336372779156,
-0.11417188660867769,
-0.8515842891422937
],
[
-0.24144824428957654,
0.8025463298601069,
-0.5455475540753104
],
[
-0.7463839968641457,
0.5166006159932536,
0.4195649327344863
],
[
-0.11386981082406622,
-0.577338841663206,
0.8085255271726915
],
[
-0.8824517108730141,
-0.08242094331705346,
-0.46312608011211953
],
[
-0.6973720322795149,
-0.4850457683148976,
0.5276389402177873
],
[
0.22844130144242206,
-0.40431574701760964,
0.8856316099309491
],
[
-0.2564067202868735,
-0.7315223730095178,
-0.6317678462681152
],
[
0.20223977893127112,
-0.8195400667522217,
0.5361465758592465
],
[
0.2597458564649484,
0.2443373178007865,
0.9342544434891429
],
[
0.6016223487707782,
-0.5188887828605206,
