{
"line_pt_pairs": [
[
[
1.0884725617035338,
-0.46321298212345363,
-1.2841496863165496
],
[
0.38239514259913243,
-1.104812236592179,
-1.583824635046074
]
],
[
[
-0.3563633316084045,
0.9243265620291629,
0.9852925920416516
],
[
-0.9886321275007828,
0.1943443669670344,
0.7257503707498569
]
],
[
[
-1.6060917509206953,
0.11026770830082833,
0.3704777464851515
],
[
-0.9166529684713294,
0.5000648004861222,
0.9809958806782526
]
],
[
[
-0.15443004774528418,
1.3382602335215918,
0.579216929845836
],
[
-0.6297503490765135,
0.6153143412305198,
1.080634767543953
]
],
[
[
-1.2593414578577435,
0.45125490089592857,
0.8418876807819283
],
[
-0.43553212259904206,
-0.2043612824601429,
-0.22652497323440923
]
],
[
[
-0.6638712670836526,
-0.10212797639955544,
0.07597743120101413
],
[
-0.18692207734228233,
-0.32046049042849467,
-0.7754040248589904
]
],
[
[
-0.3183513581556771,
1.2229701163507267,
0.7281870076723671
],
[
-0.09019427622655651,
0.45696784789280376,
0.12720042655519714
]
],
[
[
-0.1840090534912197,
0.6212836898878613,
-0.03733579867378632
],
[
-0.10012887793468046,
-0.23242873123404462,
-0.5512805604632005
]
],
[
[
0.20870607832984556,
0.2715872901268415,
-0.49951790564029935
],
[
-0.03374472955997973,
0.38702461517197356,
0.463753514957237
]
],
[
[
0.15135555060302372,
0.1467187949846068,
0.03482279072427785
],
[
-0.06435754422383026,
0.2720544603608678,
1.0032022781696235
]
],
[
[
0.274532730552145,
-0.02557752769948662,
-0.5877551339176939
],
[
-0.25764408560770474,
0.19284238121362213,
0.23021832514583518
]
],
[
[
0.2820152389175424,
0.47364325190381623,
0.030485369583075517
],
[
-0.6944678890706124,
0.8548514908899886,
1.103407071891091
]
],
[
[
0.029724969020507808,
0.44558361808395563,
-0.07910377877821634
],
[
0.5329812012000686,
-0.6172064587590697,
-1.010345110193671
]
],
[
[
0.6347412506049851,
-0.1894061210631932,
-0.6810750548908954
],
[
0.8270217593414754,
-0.8020736283115746,
-1.447669296665572
]
],
[
[
-1.0013413695484112,
0.5385015152902426,
1.0768194732282832
],
[
-0.4525751785363286,
-0.35547935365853667,
0.004600338183736508
]
],
[
[
-0.32886272327006033,
0.052798189586625986,
0.2777803629505424
],
[
-0.013889427995090409,
-0.4103912476554107,
-0.5506201250327953
]
],
[
[
-0.24767952376702265,
-0.25728708048380283,
-0.7040014895887603
],
[
-0.5545726232931868,
-0.08907307211108867,
0.23275924445724383
]
],
[
[
-0.42508676049600896,
-0.1298447288435253,
-0.0397370064920385
],
[
-0.7577899694088992,
-0.09651659389629688,
0.9027054640068272
]
],
[
[
-0.18423663454489952,
-0.15766066863635922,
-0.19991102067375788
],
[
0.10043936146732108,
-0.7399863642313689,
-0.961394022154578
]
],
[
[
-0.27718671613570023,
-0.3619038318298074,
-0.794807742686915
],
[
0.8476538119228931,
-0.9083896903448532,
-1.6231114266579199
]
],
[
[
-0.323517729826133,
0.20651346934056958,
1.029083661112892
],
[
0.418528179559843,
-0.27776288253952275,
-0.18122385492311488
]
],
[
[
0.3008516679974741,
-0.018211100992630846,
0.16669881222994226
],
[
0.5119587056902037,
-0.7483940309231247,
-0.4831217072019389
]
],
[
[
0.38826794796617903,
-0.3890394734486724,
-0.21221426339323093
],
[
0.7048687177526823,
-1.099069486054129,
-0.8411986302658019
]
],
[
[
-0.5467766864625946,
0.10724099544742903,
0.9927979979420907
],
[
0.10614372434624092,
-0.43542056656668465,
-0.24381567101908674
]
],
[
[
0.07651427469959549,
-0.31106500954088645,
0.27191978658148164
],
[
0.40081767209363683,
-0.8604710432890761,
-0.4981323652366699
]
],
[
[
0.008971878344010975,
-0.6547953470259286,
-0.13038339164001406
],
[
1.0373616670224362,
-1.0921347223766404,
-1.1309575834467953
]
],
[
[
0.1653171954481351,
0.41665495015201615,
0.7693054250509718
],
[
-0.7283178374091387,
0.8654488013353028,
0.7685932521411454
]
],
[
[
-0.5055187151142948,
0.8365147820662668,
0.7473755937392901
],
[
-0.07399781317981685,
-0.056878318742707434,
0.6223216908790402
]
],
[
[
-0.8478170419486653,
0.6326102829528301,
0.7474836776149213
],
[
-0.7189132959214785,
-0.3581663702181102,
0.7892622342145549
]
],
[
[
-1.0484957576437657,
0.19562817683339415,
0.6264164147101756
],
[
-0.28110119730420374,
-0.37341093209442633,
0.9218822862958507
]
],
[
[
-0.015670173327826775,
0.4355394408497878,
0.9549269130968896
],
[
-0.6838907916934154,
-0.27506112076173894,
0.7346360893467996
]
],
[
[
0.7604499834164139,
-0.6882176071087466,
-0.6747411722133521
],
[
1.0661692369828097,
-1.1384205491156048,
-1.5137006760078888
]
],
[
[
0.5712272335675976,
-0.12842714621186252,
-1.1809315093489716
],
[
1.0170996284293157,
-1.0235229092397864,
-1.1821073110903018
]
],
[
[
0.25377367000601503,
-0.5814673364226941,
-1.160438139896659
],
[
1.0362206852312406,
-1.1395167494904814,
-1.4367667865112173
]
],
[
[
-1.8085459244388205,
0.20833867631435166,
0.34817084821790334
],
[
-0.3551121398262298,
-0.13348871518080552,
0.4919911116383921
]
],
[
[
-0.7053928423213028,
0.029352004702924227,
-0.006374788401697751
],
[
-0.8633410205034487,
0.28715573091888763,
0.9468248820546584
]
],
[
[
-0.4016440532182264,
-0.29004571150472686,
-0.42553606758564944
],
[
0.45708251033215,
0.2209617632593632,
-0.463746665437417
]
],
[
[
-0.28767045772543764,
0.9686147230088854,
0.4216560165959993
],
[
0.01644048268262238,
0.19957788744784288,
0.9838827337434357
]
],
[
[
-0.13335432368509015,
0.4839885652383136,
-0.17344988044468077
],
[
-0.15739511441446272,
0.5409044492525912,
0.8246396057878815
]
],
[
[
-0.030264195907963636,
0.44094729180838704,
0.12527843172835434
],
[
0.3071885454050789,
-0.4543468240172479,
0.4160946856556541
]
],
[
[
0.29875488878757767,
0.6914638815602817,
0.2584565351754342
],
[
-0.675051646824271,
-0.4295915307127919,
0.0464763620155384
]
],
[
[
0.8197711510287358,
-0.2807692194161703,
-0.8286367618696625
],
[
-0.03565497046983357,
-0.7953122364668457,
-0.8877268140130057
]
],
[
[
0.6568275770571504,
-0.08547843942774744,
-0.9064054597001607
],
[
0.47112368049414427,
-0.783050226807969,
-0.21437391110394288
]
],
[
[
0.5568308745025544,
-0.1673970832669605,
-1.2070159745454445
],
[
0.9177628893596246,
-1.0586742383556274,
-0.9325107588058008
]
],
[
[
-0.7119025464507135,
-0.08647789437037434,
0.16281609900453434
],
[
0.20185103738249088,
-0.3777688119543978,
-0.12038698954683119
]
],
[
[
-0.15794647224640748,
-0.43456539517963744,
-1.0450219973856973
],
[
0.20407745974385255,
-0.8035596139417776,
-0.18899516416933726
]
],
[
[
0.2723477454849974,
-0.6071967308081638,
-1.3943428909918665
],
[
0.8652295151160729,
-0.7855962705304745,
-0.6090628062666825
]
],
[
[
-0.12732247483278505,
0.29559077775802206,
0.9960848868849652
],
[
0.14622490646415692,
0.18395439044397205,
0.04072676177530099
]
],
[
[
0.2030819114690866,
-0.5075649850977739,
0.5604716968687513
],
[
0.4327222248451075,
0.3625106059280185,
-0.6396257126666918
]
],
[
[
-0.14499755515114326,
-0.014320721702642973,
0.6630821846285928
],
[
-0.3857848520350057,
-0.3621755219170538,
-0.24301853583638666
]
],
[
[
0.10671259855019777,
-0.39709631335092943,
0.35398480181960945
],
[
-0.23718975106412635,
-0.08904325712686914,
-0.5330521131285584
]
]
],
"contact_id_pairs": [
[
2,
4
],
[
2,
34
],
[
1,
14
],
[
1,
28
],
[
2,
14
],
[
14,
28
],
[
3,
6
],
[
6,
37
],
[
1,
3
],
[
1,
11
],
[
3,
11
],
[
11,
26
],
[
4,
5
],
[
4,
35
],
[
5,
16
],
[
5,
36
],
[
15,
18
],
[
15,
50
],
[
16,
36
],
[
18,
50
],
[
36,
50
],
[
6,
38
],
[
7,
38
],
[
7,
36
],
[
8,
12
],
[
10,
12
],
[
10,
36
],
[
12,
36
],
[
36,
48
],
[
8,
39
],
[
9,
39
],
[
9,
47
],
[
39,
47
],
[
9,
37
],
[
26,
27
],
[
26,
37
],
[
26,
38
],
[
37,
38
],
[
10,
40
],
[
11,
40
],
[
12,
41
],
[
13,
41
],
[
13,
42
],
[
0,
13
],
[
13,
32
],
[
13,
43
],
[
32,
43
],
[
14,
40
],
[
15,
40
],
[
16,
17
],
[
16,
44
],
[
17,
44
],
[
44,
49
],
[
17,
28
],
[
17,
29
],
[
17,
34
],
[
28,
29
],
[
28,
35
],
[
18,
41
],
[
18,
45
],
[
19,
45
],
[
0,
19
],
[
19,
33
],
[
19,
46
],
[
33,
46
],
[
20,
27
],
[
20,
30
],
[
30,
47
],
[
20,
21
],
[
20,
39
],
[
20,
48
],
[
21,
48
],
[
39,
48
],
[
21,
22
],
[
21,
42
],
[
22,
42
],
[
22,
25
],
[
25,
43
],
[
31,
43
],
[
31,
46
],
[
23,
30
],
[
23,
49
],
[
29,
30
],
[
23,
44
],
[
23,
50
],
[
24,
50
],
[
44,
50
],
[
24,
25
],
[
25,
45
],
[
31,
32
],
[
31,
33
]
],
"contact_t_pairs": [
[
0.6251797177413915,
0.10181202333748618
],
[
0.04340541728387352,
0.16555890827463265
],
[
0.8173553979925297,
0.2597420355849524
],
[
0.7463763542511279,
0.25515183579241335
],
[
0.9565945827161266,
0.09364301989472627
],
[
0.3049984162054906,
0.3652703142772548
],
[
0.2466332030930694,
0.07412784284533919
],
[
0.4186301112094362,
0.1016045832540222
],
[
0.1826446020074704,
0.7263576603483716
],
[
0.22259406951707603,
0.8147134104854167
],
[
0.7533667969069301,
0.8408316498751127
],
[
0.6912160627267708,
0.6427131314408426
],
[
0.8981879766625084,
0.2415839240809105
],
[
0.6134264557495359,
0.19660675070711114
],
[
0.7584160759190814,
0.14074700680859206
],
[
0.6107818776400665,
0.053565221123622726
],
[
0.8434092382178847,
0.30766728418476275
],
[
0.5936404438485513,
0.6431949570481414
],
[
0.28135210030864755,
0.09956077332680599
],
[
0.07762407000180464,
0.6960510575506972
],
[
0.26134734691104844,
0.8720842874106273
],
[
0.9258721571546611,
0.34560352660060023
],
[
0.16084834680980856,
0.05423691197294592
],
[
0.8391516531901916,
0.34859252300535915
],
[
0.3096337423983034,
0.13910271963751597
],
[
0.11542639399751632,
0.42310740607072495
],
[
0.18976102267472647,
0.6505239501774744
],
[
0.37075893492062045,
0.7051657233836072
],
[
0.9464347788763774,
0.8375683272847924
],
[
0.6903662576016965,
0.11613060741228948
],
[
0.19429440215267724,
0.31717495210882235
],
[
0.08408146841249788,
0.9272748960190439
],
[
0.28060629879968496,
0.8182415511727879
],
[
0.9159185315875072,
0.8983954167459779
],
[
0.7010316762872079,
0.11048806201347444
],
[
0.29896832371279186,
0.5731394625923185
],
[
0.34159797194494546,
0.945763088027054
],
[
0.546030141224415,
0.9037759399318128
],
[
0.8845736060024834,
0.48677894903400865
],
[
0.15916835012488717,
0.15819875385702256
],
[
0.860897280362484,
0.40533680828826973
],
[
0.23376451982527444,
0.14838163467363216
],
[
0.08261923352835863,
0.22106383727964884
],
[
0.4107801813321184,
0.9173807664716414
],
[
0.6466606295085482,
0.49296235166310487
],
[
0.5413286770145039,
0.41136038984634765
],
[
0.08648302300674397,
0.06050746877641334
],
[
0.9063569801052737,
0.8418012461429775
],
[
0.1565907617821184,
0.6150404519204169
],
[
0.816259897208006,
0.11924681055158942
],
[
0.8592529931914088,
0.20841331414962688
],
[
0.14324637314463315,
0.24890333754653432
],
[
0.4486543946967748,
0.6767723627754597
],
[
0.8807531894484139,
0.7448481642075865
],
[
0.848034792280495,
0.47032661971843365
],
[
0.5372248294554268,
0.8344410917253673
],
[
0.6655732622490736,
0.390409539609222
],
[
0.3949872570621682,
0.8033932492928889
],
[
0.9223759299981952,
0.8516183653263679
],
[
0.6842988492300252,
0.3832457395955626
],
[
0.1636816733779645,
0.12781282549661332
],
[
0.589219818667882,
0.8363183266220356
],
[
0.4649269728767378,
0.01838682619977413
],
[
0.5633927187891064,
0.16542680722102834
],
[
0.17245929705106527,
0.22782846626237382
],
[
0.3133831910537273,
0.8895119379865254
],
[
0.11075422355804584,
0.3648452691393987
],
[
0.17277050400912486,
0.07272510398100053
],
[
0.8892457764419534,
0.29683002264268904
],
[
0.6178445755542273,
0.5788924870910774
],
[
0.7900110737201795,
0.39431934302431115
],
[
0.162474960701706,
0.42317876723177944
],
[
0.8838693925877108,
0.16243167271520753
],
[
0.7805137812951662,
0.2465369770382641
],
[
0.837525039298294,
0.7789361627203512
],
[
0.3070342543890759,
0.7424067793171067
],
[
0.7534630229617334,
0.5818634763646089
],
[
0.8375050226907755,
0.9394925312235864
],
[
0.37158917930498675,
0.7883285972103719
],
[
0.0864870648741516,
0.8345731927789719
],
[
0.15631300282313143,
0.614502851949525
],
[
0.49262303673611546,
0.3232276372245401
],
[
0.6095904603907782,
0.827229495990875
],
[
0.8436869971768686,
0.7915866858503728
],
[
0.7752534123469367,
0.3601667050824257
],
[
0.04532437833668661,
0.12791571258937284
],
[
0.7175703174122229,
0.4371657913201705
],
[
0.9546756216633134,
0.35553408984498847
],
[
0.16249497730922427,
0.8721871745033868
],
[
0.6083533756658198,
0.9135169769932555
],
[
0.9135129351258495,
0.9816131738002256
]
],
"half_couplers": [
{
"pose": [
[
-0.7242590934352355,
0.011087417693353863,
0.689438782449366,
-1.1750686075090322
],
[
0.3580683486961328,
-0.8484369655937405,
0.38979709218529407,
0.35396094436964554
],
[
0.5892671917206962,
0.5291802949685287,
0.610518134193101,
0.7521613012959955
],
[
0.0,
0.0,
0.0,
1.0
]
],
"at_element": 2,
"to_element": 4
},
{
"pose": [
[
-0.8356133036467221,
-0.01108741769335414,
0.5492062235058008,
-1.1754677625907457
],
[
-0.2985264029293139,
0.8484369655937409,
-0.43707745557071487,
0.3845052907356466
],
[
-0.4611208014421986,
-0.5291802949685281,
-0.712275102677558,
0.7331104267171514
],
[
0.0,
0.0,
0.0,
1.0
]
],
"at_element": 4,
"to_element": 2
},
{
"pose": [
[
-0.6871425881336513,
-0.22914892281597846,
0.6894387824493659,
-1.576166372876795
],
[
0.6185993907015778,
-0.6821972007766719,
0.38979709218529307,
0.12718701374317154
],
[
0.38101162370277375,
0.694332593520389,
0.6105181341931016,
0.39697754085917497
],
[
0.0,
0.0,
0.0,
1.0
]
],
"at_element": 2,
"to_element": 34
},
{
"pose": [
[
-0.09281874543514856,
0.22914892281597696,
0.9689558564083932,
-1.5679170138088923
],
[
-0.6947484717480867,
0.6821972007766718,
-0.22788492766343996,
0.15174610656004797
],
[
-0.7132385586180426,
-0.6943325935203898,
0.09588017561365958,
0.37198157401756954
],
[
0.0,
0.0,
0.0,
1.0
]
],
"at_element": 34,
"to_element": 2
},
{
"pose": [
[
-0.6643728110739726,
-0.39855355681071275,
-0.6322687958923779,
-0.8731516449132769
],
[
0.33852749907328455,
0.5937382649480016,
-0.7299821950621288,
0.3276716744566964
],
[
0.6663391781044056,
-0.6990206971828992,
-0.25954222129179416,
0.7731543564618315
],
[
0.0,
0.0,
0.0,
1.0
]
],
"at_element": 1,
"to_element": 14
},
{
"pose": [
[
0.8410191061107637,
0.39855355681071275,
0.36584412734138827,
-0.858803722034732
],
[
0.540623783589454,
-0.5937382649480007,
-0.5959872459658521,
0.30629710461548204
],
[
-0.020317179284420173,
0.6990206971829002,
-0.7148127566963653,
0.7983190924986756
],
[
0.0,
0.0,
0.0,
1.0
]
],
"at_element": 14,
"to_element": 1
},
{
"pose": [
[
0.6802828872045941,
-0.3707443365951594,
-0.6322687958923773,
-0.8282738103933084
],
[
-0.6834059153239359,
-0.009074678646090018,
-0.7299821950621286,
0.3794851126104557
],
[
0.2648991284939135,
0.928690630452405,
-0.25954222129179616,
0.7915764151396424
],
[
0.0,
0.0,
0.0,
1.0
]
],
"at_element": 1,
"to_element": 28
},
{
"pose": [
[
-0.9197458676954049,
0.3707443365951599,
0.12890374602718693,
-0.8149270145093095
],
[
-0.13520086441609908,
0.009074678646091017,
-0.9907766531709403,
0.37981180103600143
],
[
-0.3684945930653072,
-0.9286906304524047,
0.04177855659963281,
0.758143553028075
],
[
0.0,
0.0,
0.0,
1.0
]
],
"at_element": 28,
"to_element": 1
},
{
"pose": [
[
0.7182518052900471,
0.09374705036599384,
0.689438782449366,
-0.9465783465152298
],
[
-0.4769782206687234,
0.7877499628255071,
0.3897970921852941,
0.4831454950437791
],
[
-0.5065630476113383,
-0.6088197488716081,
0.610518134193101,
0.9544960863042292
],
[
0.0,
0.0,
0.0,
1.0
]
],
"at_element": 2,
"to_element": 14
},
{
"pose": [
[
0.9259425279343713,
-0.09374705036599357,
0.3658441273413883,
-0.9499532462059137
],
[
0.15572154222986778,
-0.7877499628255074,
-0.5959872459658537,
0.45478644699376736
],
[
0.34406574407815954,
0.6088197488716076,
-0.7148127566963636,
0.9764136354338006
],
[
0.0,
0.0,
0.0,
1.0
]
],
"at_element": 14,
"to_element": 2
},
{
"pose": [
[
-0.11768124028889093,
-0.92320593595031,
0.36584412734138605,
-0.8339685504226063
],
[
-0.7915165067435572,
-0.13528053148369712,
-0.5959872459658551,
0.2658387661428567
],
[
0.5997105512132869,
-0.3597081839875212,
-0.7148127566963638,
0.7497943352144754
],
[
0.0,
0.0,
0.0,
1.0
]
],
"at_element": 14,
"to_element": 28
},
{
"pose": [
[
0.3620422959907704,
0.9232059359503111,
0.12890374602718635,
-0.8007323301257994
],
[
0.007797520944410052,
0.13528053148369734,
-0.9907766531709404,
0.270708983470514
],
[
-0.9321290546811921,
0.35970818398751836,
0.041778556599633254,
0.7627441441141194
],
[
0.0,
0.0,
0.0,
1.0
]
],
"at_element": 28,
"to_element": 14
},
{
"pose": [
[
0.2997192452413874,
0.8271873942307885,
-0.4753203013312299,
-0.27165981615776824
],
[
-0.6688786383896389,
-0.17306242782732384,
-0.7229458922910724,
1.1599577724428676
],
[
-0.6802718141581023,
0.5346123931412273,
0.5014178376981158,
0.7028832172453234
],
[
0.0,
0.0,
0.0,
1.0
]
],
"at_element": 3,
"to_element": 6
},
{
"pose": [
[
-0.5135225027116801,
-0.8271873942307878,
0.22815708192912046,
-0.3014385658423841
],
[
-0.6191041275842285,
0.17306242782732428,
-0.7660022684579226,
1.1661880205753046
],
[
0.5941420018959302,
-0.5346123931412283,
-0.6009865811171702,
0.6836371688351559
],
[
0.0,
0.0,
0.0,
1.0
]
],
"at_element": 6,
"to_element": 3
},
{
"pose": [
[
-0.24383800674106926,
0.9425960812745459,
0.22815708192912154,
-0.22283793357446893
],
[
0.5526403657945335,
0.32837349285805917,
-0.766002268457922,
0.9022985015195061
],
[
-0.796951474409218,
-0.06069165308399421,
-0.6009865811171706,
0.47659592838390746
],
[
0.0,
0.0,
0.0,
1.0
]
],
"at_element": 6,
"to_element": 37
},
{
"pose": [
[
-0.13794623405514184,
-0.9425960812745457,
0.3041109404080596,
-0.2567713923622879
],
[
0.5484096960653193,
-0.32837349285806017,
-0.7690368355610424,
0.8904770558247137
],
[
0.8247530792737596,
0.060691653083993324,
0.5622267171474369,
0.47878082788604154
],
[
0.0,
0.0,
0.0,
1.0
]
],
"at_element": 37,
"to_element": 6
},
{
"pose": [
[
0.04736956296173789,
0.7732996147972755,
-0.6322687958923794,
-0.4718438141959105
],
[
0.29795058271457187,
-0.6151027923463896,
-0.7299821950621272,
0.7909992545395008
],
[
-0.9534052521173046,
-0.153805918618432,
-0.2595422212917955,
0.9378886063296771
],
[
0.0,
0.0,
0.0,
1.0
]
],
"at_element": 1,
"to_element": 3
},
{
"pose": [
[
0.41961686917565244,
-0.7732996147972743,
-0.47532030133122916,
-0.4996825897363189
],
[
0.3146391451601954,
0.6151027923463905,
-0.7229458922910721,
0.8131429466385829
],
[
0.8514246246357248,
0.15380591861843368,
0.5014178376981167,
0.9434256172931798
],
[
0.0,
0.0,
0.0,
1.0
]
],
"at_element": 3,
"to_element": 1
},
{
"pose": [
[
0.6259334120530113,
0.456556166770833,
-0.6322687958923788,
-0.4971026159147505
],
[
-0.2838896100206715,
-0.6217175276720042,
-0.7299821950621276,
0.7618368545552756
],
[
-0.726370465394888,
0.6364147879873113,
-0.2595422212917957,
0.9275200327928095
],
[
0.0,
0.0,
0.0,
1.0
]
],
"at_element": 1,
"to_element": 11
},
{
"pose": [
[
0.6064405258253187,
-0.4565561667708317,
-0.6509887519921028,
-0.5135386605671549
],
[
0.7408648816818348,
0.621717527672004,
0.25413882599077964,
0.7842187163933805
],
[
0.2887024692088238,
-0.6364147879873122,
0.7152811348720115,
0.9046090688542578
],
[
0.0,
0.0,
0.0,
1.0
]
],
"at_element": 11,
"to_element": 1
},
{
"pose": [
[
0.4809450470781348,
0.7367241497557961,
-0.4753203013312286,
-0.5125205806640293
],
[
-0.6907305125544567,
-0.015511152301640019,
-0.7229458922910711,
0.7936168023092444
],
[
-0.5399844634035948,
0.6760154815689318,
0.501417837698119,
0.9569684801444653
],
[
0.0,
0.0,
0.0,
1.0
]
],
"at_element": 3,
"to_element": 11
},
{
"pose": [
[
0.18289661545901004,
-0.7367241497557974,
-0.6509887519921035,
-0.5390426806639487
],
[
0.9670433605988421,
0.015511152301638909,
0.2541388259907821,
0.7941752044365459
],
[
-0.17713262481919223,
-0.6760154815689303,
0.71528113487201,
0.9326318947215388
],
[
0.0,
0.0,
0.0,
1.0
]
],
"at_element": 11,
"to_element": 3
},
{
"pose": [
[
0.6135952624489427,
0.44689428132387005,
-0.6509887519921023,
-0.3929455841295514
],
[
-0.37857645257955513,
0.8899962509338483,
0.25413882599078474,
0.7371405099348441
],
[
0.6929507366707195,
0.09051063276608014,
0.7152811348720102,
0.7721060842665265
],
[
0.0,
0.0,
0.0,
1.0
]
],
"at_element": 11,
"to_element": 26
},
{
"pose": [
[
0.04125444667188449,
-0.4468942813238695,
-0.8936350328572727,
-0.40903377488480364
],
[
0.08056520628512892,
-0.8899962509338493,
0.4487938511832885,
0.7051006516174219
],
[
-0.9958952345332471,
-0.09051063276607485,
-0.0007121729098258367,
0.7688477021699699
],
[
0.0,
0.0,
0.0,
1.0
]
],
"at_element": 26,
"to_element": 11
},
{
"pose": [
[
-0.1963893036829869,
0.8122830574752974,
0.5492062235057921,
-0.5194058178660445
],
[
0.76095003752491,
0.4794980064845493,
-0.4370774555707272,
-0.13761167229985738
],
[
-0.6183739012844488,
0.3320811592305798,
-0.7122751026775571,
-0.11774771916962652
],
[
0.0,
0.0,
0.0,
1.0
]
],
"at_element": 4,
"to_element": 5
},
{
"pose": [
[
0.3357315965822194,
-0.8122830574752964,
0.4769491897413585,
-0.5486480102387216
],
[
-0.8499485720295903,
-0.4794980064845473,
-0.2183325140289588,
-0.154873601893117
],
[
0.4060439877171122,
-0.33208115923058557,
-0.8513814560600061,
-0.12970264184368105
],
[
0.0,
0.0,
0.0,
1.0
]
],
"at_element": 5,
"to_element": 4
},
{
"pose": [
[
0.678796788690746,
-0.48744993971240663,
0.5492062235057991,
-0.7539950171166172
],
[
-0.2638366018266934,
-0.8598567004846609,
-0.43707745557071953,
0.04908258920777575
],
[
0.6852920305969372,
0.15178606953868504,
-0.7122751026775562,
0.1864950931507312
],
[
0.0,
0.0,
0.0,
1.0
]
],
"at_element": 4,
"to_element": 35
},
{
"pose": [
[
0.8587461378564163,
0.4874499397124082,
-0.15794817818214474,
-0.7364465204138024
],
[
-0.44066278874077375,
0.8598567004846602,
0.2578037262159675,
0.08003795763443047
],
[
0.2614792101408697,
-0.15178606953868645,
0.9531996704563551,
0.18103070158181556
],
[
0.0,
0.0,
0.0,
1.0
]
],
"at_element": 35,
"to_element": 4
},
{
"pose": [
[
0.8212729097326771,
-0.3130978731072291,
0.47694918974137224,
-0.3021453341872171
],
[
-0.2343548539862373,
-0.9473165868551534,
-0.21833251402892875,
-0.26771486493493135
],
[
0.5201813243017395,
0.0675352213650954,
-0.8513814560600064,
-0.5697239518142884
],
[
0.0,
0.0,
0.0,
1.0
]
],
"at_element": 5,
"to_element": 16
},
{
"pose": [
[
0.8987693515685505,
0.3130978731072281,
-0.3068930995261661,
-0.2908738089355416
],
[
-0.2725717000282501,
0.9473165868551535,
0.16821400837270356,
-0.23361146230206786
],
[
0.3433923718208615,
-0.06753522136509547,
0.9367607340460053,
-0.5721552201759657
],
[
0.0,
0.0,
0.0,
1.0
]
],
"at_element": 16,
"to_element": 5
},
{
"pose": [
[
-0.7428307309718718,
-0.4698105740922023,
0.4769491897413707,
-0.3725593454345101
],
[
-0.6179023370755115,
0.7553327843768092,
-0.21833251402894077,
-0.23548151926802713
],
[
-0.25768043573468213,
-0.45689211999850904,
-0.8513814560600039,
-0.44403093311924924
],
[
0.0,
0.0,
0.0,
1.0
]
],
"at_element": 5,
"to_element": 36
},
{
"pose": [
[
-0.20461357121197254,
0.46981057409220184,
0.8587265635503764,
-0.3556461749569218
],
[
0.41029714303271236,
-0.7553327843768083,
0.5110074747640898,
-0.2626734831231643
],
[
0.8887010413491575,
0.4568921199985108,
-0.03821059785176706,
-0.42758282670884523
],
[
0.0,
0.0,
0.0,
1.0
]
],
"at_element": 36,
"to_element": 5
},
{
"pose": [
[
0.1949039557714245,
0.9288725807602918,
0.3149732952749587,
-0.06321133624322108
],
[
0.885791217921537,
-0.028800407644636206,
-0.4631894372420245,
-0.3378600608282509
],
[
-0.42117260865081324,
0.3692780324243761,
-0.8284004879833491,
-0.42090026155880844
],
[
0.0,
0.0,
0.0,
1.0
]
],
"at_element": 15,
"to_element": 18
},
{
"pose": [
[
-0.2369711079565855,
-0.9288725807602916,
0.28467599601220983,
-0.09665114397922726
],
[
-0.8124452724764317,
0.028800407644635317,
-0.5823256955949988,
-0.3368232339110787
],
[
0.5327075869785644,
-0.3692780324243756,
-0.761483001480832,
-0.4341944276922235
],
[
0.0,
0.0,
0.0,
1.0
]
],
"at_element": 18,
"to_element": 15
},
{
"pose": [
[
0.567079405600151,
-0.7610602939372191,
0.3149732952749693,
-0.1418818364625864
],
[
-0.6080541408700286,
-0.6447679481784248,
-0.4631894372420378,
-0.22216979352369737
],
[
0.5555997745814795,
0.07114437429605996,
-0.8284004879833373,
-0.2139916704202427
],
[
0.0,
0.0,
0.0,
1.0
]
],
"at_element": 15,
"to_element": 50
},
{
"pose": [
[
-0.550016729674599,
0.7610602939372191,
-0.3439023496143236,
-0.11448365843874234
],
[
0.6995552927058732,
0.6447679481784244,
0.3080530562240612,
-0.19895814108434626
],
[
0.4561841618527093,
-0.07114437429606214,
-0.8870369149481676,
-0.21655286859059328
],
[
0.0,
0.0,
0.0,
1.0
]
],
"at_element": 50,
"to_element": 15
},
{
"pose": [
[
0.8119422572181718,
-0.4965545251094627,
-0.30689309952616417,
-0.3340245418889397
],
[
0.5597912928905712,
0.8113801549157382,
0.16821400837271444,
-0.2099597159268033
],
[
0.16547954359183778,
-0.30837614661680435,
0.936760734046004,
-0.44044188957824665
],
[
0.0,
0.0,
0.0,
1.0
]
],
"at_element": 16,
"to_element": 36
},
{
"pose": [
[
-0.12657919515574445,
0.4965545251094633,
0.8587265635503767,
-0.3161485724748803
],
[
0.2837844339355894,
-0.8113801549157371,
0.5110074747640891,
-0.23916941214143578
],
[
0.9504967661226318,
0.30837614661680546,
-0.03821059785176684,
-0.429340344257051
],
[
0.0,
0.0,
0.0,
1.0
]
],
"at_element": 36,
"to_element": 16
},
{
"pose": [
[
0.49847245394415585,
-0.8188313562348124,
0.28467599601222005,
-0.16213892510261346
],
[
-0.5885920623312593,
-0.5607639150394954,
-0.5823256955950107,
-0.20286315919507586
],
[
0.6364625651360232,
0.12271528688894462,
-0.7614830014808196,
-0.2590204304858894
],
[
0.0,
0.0,
0.0,
1.0
]
],
"at_element": 18,
"to_element": 50
},
{
"pose": [
[
-0.4596154740393379,
0.8188313562348125,
-0.34390234961432414,
-0.13266099559302214
],
[
0.7685357155920566,
0.5607639150394946,
0.3080530562240604,
-0.1826756577844479
],
[
0.44509152978123573,
-0.12271528688894588,
-0.887036914948168,
-0.2634381809165706
],
[
0.0,
0.0,
0.0,
1.0
]
],
"at_element": 50,
"to_element": 18
},
{
"pose": [
[
0.2559775044158237,
0.4439191438606912,
0.8587265635503759,
-0.17721814411229364
],
[
-0.363170745809797,
-0.7790881658215474,
0.5110074747640906,
-0.15649526372341738
],
[
0.8958697040423919,
-0.442670784659218,
-0.03821059785176728,
-0.43552230595809394
],
[
0.0,
0.0,
0.0,
1.0
]
],
"at_element": 36,
"to_element": 50
},
{
"pose": [
[
-0.8274460511983468,
-0.4439191438606921,
-0.3439023496143243,
-0.1931992369520505
],
[
-0.5460081908065416,
0.7790881658215472,
0.30805305622406126,
-0.1284480833291039
],
[
0.13117960180008945,
0.4426707846592178,
-0.8870369149481676,
-0.4195861540598847
],
[
0.0,
0.0,
0.0,
1.0
]
],
"at_element": 50,
"to_element": 36
},
{
"pose": [
[
-0.16299434329970341,
0.9598839461194706,
0.22815708192912165,
-0.10710706853984947
],
[
0.578505521656342,
0.28030677146733574,
-0.7660022684579222,
0.5137499436682258
],
[
-0.7992272552068169,
0.00713609498761314,
-0.6009865811171708,
0.17175026539240823
],
[
0.0,
0.0,
0.0,
1.0
]
],
"at_element": 6,
"to_element": 38
},
{
"pose": [
[
-0.2793650843667119,
-0.9598839461194703,
-0.02404079072937509,
-0.14166290574342832
],
[
0.9582216319914884,
-0.2803067714673362,
0.05691588401427949,
0.5036588954732386
],
[
-0.061371439777377676,
-0.007136094987612467,
0.998089486232562,
0.17149336586027397
],
[
0.0,
0.0,
0.0,
1.0
]
],
"at_element": 38,
"to_element": 6
},
{
"pose": [
[
0.02812295020586031,
-0.996078920477852,
0.08388017555653932,
-0.17051706592283386
],
[
-0.5135288007590573,
-0.08639023563538961,
-0.853712421121906,
0.48396545829940363
],
[
0.8576113749611087,
-0.019065974051672874,
-0.5139447617894144,
-0.12000296395917447
],
[
0.0,
0.0,
0.0,
1.0
]
],
"at_element": 7,
"to_element": 38
},
{
"pose": [
[
0.08514002913309149,
0.9960789204778518,
-0.024040790729372638,
-0.13465822193563914
],
[
-0.9946342590790521,
0.08639023563538928,
0.056915884014277496,
0.48707550702945834
],
[
0.05876960188295574,
0.01906597405167287,
0.9980894862325621,
-0.11931658883876246
],
[
0.0,
0.0,
0.0,
1.0
]
],
"at_element": 38,
"to_element": 7
},
{
"pose": [
[
-0.9455399617537263,
-0.3145127928644028,
0.08388017555653889,
-0.1136208655030663
],
[
-0.23097701893476297,
0.466716957851529,
-0.8537124211219048,
-0.09511049964558707
],
[
0.2293551775102814,
-0.8265936029140605,
-0.5139447617894168,
-0.4686133951778124
],
[
0.0,
0.0,
0.0,
1.0
]
],
"at_element": 7,
"to_element": 36
},
{
"pose": [
[
-0.4045619756941994,
0.3145127928644035,
0.8587265635503767,
-0.10229839385847878
],
[
0.7218356059304928,
-0.46671695785153045,
0.5110074747640895,
-0.11191232660211531
],
[
0.5615006374291704,
0.8265936029140596,
-0.03821059785176706,
-0.43885599629634026
],
[
0.0,
0.0,
0.0,
1.0
]
],
"at_element": 36,
"to_element": 7
},
{
"pose": [
[
0.2327607397139524,
0.9418280330301203,
-0.242450807889824,
0.13363512733542687
],
[
-0.9569748205650441,
0.2662206167653546,
0.1154373250451336,
0.30733058109301514
],
[
0.17326751239720425,
0.2051500412081091,
0.9632714205975363,
-0.20125657073535408
],
[
0.0,
0.0,
0.0,
1.0
]
],
"at_element": 8,
"to_element": 12
},
{
"pose": [
[
0.019922809031264532,
-0.9418280330301203,
0.33550415478637285,
0.09972927959121389
],
[
-0.6535414854754942,
-0.2662206167653549,
-0.7085267178953509,
0.29774662799132623
],
[
0.7566284480792327,
-0.20515004120810854,
-0.6208275542769692,
-0.20864198061696743
],
[
0.0,
0.0,
0.0,
1.0
]
],
"at_element": 12,
"to_element": 8
},
{
"pose": [
[
0.20731148498355,
-0.8208591746066305,
-0.5321768161598518,
0.21310547969373436
],
[
0.9703547660992915,
0.10346193164047113,
0.2184199089131118,
-0.00036610523638050396
],
[
-0.1242319447738982,
-0.5616812656350075,
0.8179734590635268,
-0.49333940715231567
],
[
0.0,
0.0,
0.0,
1.0
]
],
"at_element": 10,
"to_element": 12
},
{
"pose": [
[
0.4621982016248041,
0.8208591746066295,
0.33550415478637485,
0.24265640800692828
],
[
0.6980583920630593,
-0.1034619316404708,
-0.7085267178953513,
-0.0040907345268032524
],
[
-0.5468887489107205,
0.5616812656350089,
-0.6208275542769679,
-0.4731188829392576
],
[
0.0,
0.0,
0.0,
1.0
]
],
"at_element": 12,
"to_element": 10
},
{
"pose": [
[
-0.710618775721473,
0.4602268917980358,
-0.5321768161598498,
0.173546313673872
],
[
-0.6404325979573041,
-0.7363007747273174,
0.218419908913109,
0.0158700575883855
],
[
-0.2913194862445242,
0.49603666921092826,
0.8179734590635289,
-0.4325356538050151
],
[
0.0,
0.0,
0.0,
1.0
]
],
"at_element": 10,
"to_element": 36
},
{
"pose": [
[
0.22534395292281661,
-0.46022689179803566,
0.8587265635503764,
0.15697814302489252
],
[
-0.443545409029539,
0.7363007747273169,
0.5110074747640898,
0.042376889549025076
],
[
-0.8674604158173088,
-0.4960366692109286,
-0.03821059785176728,
-0.45039297663882416
],
[
0.0,
0.0,
0.0,
1.0
]
],
"at_element": 36,
"to_element": 10
},
{
"pose": [
[
0.8766870903628647,
0.3447560118579154,
0.3355041547863741,
0.21631171365556628
],
[
0.47601637585889556,
-0.5209590194464477,
-0.7085267178953514,
0.051544701149431243
],
[
-0.06948493005866099,
0.7808616986030377,
-0.6208275542769688,
-0.42436982296787085
],
[
0.0,
0.0,
0.0,
1.0
]
],
"at_element": 12,
"to_element": 36
},
{
"pose": [
[
0.37912000915381694,
-0.34475601185791305,
0.858726563550375,
0.2039004851564939
],
[
-0.6837200163755773,
0.5209590194464495,
0.511007474764092,
0.07029924409172308
],
[
-0.623534247549074,
-0.7808616986030372,
-0.03821059785176972,
-0.45248087146071125
],
[
0.0,
0.0,
0.0,
1.0
]
],
"at_element": 36,
"to_element": 12
},
{
"pose": [
[
0.270710842487499,
0.4350911729886846,
0.8587265635503766,
0.41108463207084556
],
[
-0.3890764389371487,
-0.7664795401047673,
0.5110074747640893,
0.19358953487780073
],
[
0.8805311831069332,
-0.47244553737771167,
-0.03821059785176795,
-0.4616999063142212
],
[
0.0,
0.0,
0.0,
1.0
]
],
"at_element": 36,
"to_element": 48
},
{
"pose": [
[
-0.8872756271353734,
-0.43509117298868416,
0.15309354225068064,
0.39542136462059596
],
[
-0.2757728322392913,
0.7664795401047679,
0.5800503940171948,
0.2211827722890261
],
[
-0.36971787418280133,
0.47244553737771117,
-0.8000649396902955,
-0.4446918830146622
],
[
0.0,
0.0,
0.0,
1.0
]
],
"at_element": 48,
"to_element": 36
},
{
"pose": [
[
0.36211471010771756,
0.9000502999706043,
-0.24245080788982554,
0.04132622143443901
],
[
-0.9103717412512097,
0.3973632050374887,
0.11543732504513161,
0.35128132420579994
],
[
0.20024042912170437,
0.1789188106520948,
0.9632714205975362,
0.16549218005229152
],
[
0.0,
0.0,
0.0,
1.0
]
],
"at_element": 8,
"to_element": 39
},
{
"pose": [
[
-0.27574463712489017,
-0.9000502999706044,
0.33745274131304326,
0.008924395913662186
],
[
0.20137261345657498,
-0.3973632050374878,
-0.8952941158256342,
0.3369762423249074
],
[
0.9399010403476162,
-0.17891881065209597,
0.29081625392730037,
0.1590510999422983
],
[
0.0,
0.0,
0.0,
1.0
]
],
"at_element": 39,
"to_element": 8
},
{
"pose": [
[
0.35997795985432857,
0.9076804113449493,
-0.21571309482685372,
0.10944370380713635
],
[
-0.9116684130263137,
0.3913459795050569,
0.12533566537626137,
0.17107081315729544
],
[
0.1981831806920001,
0.1515407377106611,
0.9683794874453457,
0.22297350429438728
],
[
0.0,
0.0,
0.0,
1.0
]
],
"at_element": 9,
"to_element": 39
},
{
"pose": [
[
-0.24948330252940054,
-0.9076804113449491,
0.3374527413130425,
0.07676736115699144
],
[
0.21283037962946538,
-0.3913459795050567,
-0.8952941158256348,
0.15698242349808086
],
[
0.944701704913144,
-0.15154073771066068,
0.2908162539272997,
0.21751806314021277
],
[
0.0,
0.0,
0.0,
1.0
]
],
"at_element": 39,
"to_element": 9
},
{
"pose": [
[
-0.9575346573322061,
0.1912988257358101,
-0.21571309482688894,
0.13321807683417744
],
[
-0.2214424792556989,
-0.9670854147207899,
0.12533566537664637,
0.1572572017739003
],
[
-0.1846364221619981,
0.16778128592431713,
0.9683794874452881,
0.11624556000922456
],
[
0.0,
0.0,
0.0,
1.0
]
],
"at_element": 9,
"to_element": 47
},
{
"pose": [
[
-0.9426434052480621,
-0.19129882573582213,
0.2735473812969767,
0.12633114471561857
],
[
-0.22865501888588075,
0.967085414720788,
-0.11163638731443698,
0.19207315831944463
],
[
-0.243187772884731,
-0.16778128592431585,
-0.9553581251096093,
0.1102052807629526
],
[
0.0,
0.0,
0.0,
1.0
]
],
"at_element": 47,
"to_element": 9
},
{
"pose": [
[
-0.3035390737488617,
-0.8910609844943252,
0.3374527413130426,
0.06442716885169678
],
[
0.18894606978012585,
-0.40342016419936044,
-0.8952941158256347,
0.1897221236294192
],
[
0.9338968965695984,
-0.20799637744289007,
0.2908162539272998,
0.2068833043736833
],
[
0.0,
0.0,
0.0,
1.0
]
],
"at_element": 39,
"to_element": 47
},
{
"pose": [
[
-0.3621907675488001,
0.8910609844943252,
0.27354738129694234,
0.0965053587588788
],
[
0.9081792158736229,
0.40342016419936044,
-0.11163638731404948,
0.20424524703484764
],
[
-0.20982935866456426,
0.20799637744288932,
-0.9553581251096639,
0.21437117266970723
],
[
0.0,
0.0,
0.0,
1.0
]
],
"at_element": 47,
"to_element": 39
},
{
"pose": [
[
-0.41842468353639983,
-0.8822633648337009,
-0.2157130948268542,
-0.046220070454985086
],
[
0.8841965442991949,
-0.44998604648816776,
0.12533566537626115,
0.2615160535715749
],
[
-0.20764694858539434,
-0.13828923688510283,
0.9683794874453457,
0.9217795088846817
],
[
0.0,
0.0,
0.0,
1.0
]
],
"at_element": 9,
"to_element": 37
},
{
"pose": [
[
0.35934369480546546,
0.8822633648337005,
0.3041109404080578,
-0.01445858268052731
],
[
-0.45397676539246035,
0.4499860464881701,
-0.7690368355610449,
0.2777155546320145
],
[
-0.8153387059911701,
0.13828923688509975,
0.5622267171474344,
0.9267579224533934
],
[
0.0,
0.0,
0.0,
1.0
]
],
"at_element": 37,
"to_element": 9
},
{
"pose": [
[
-0.4392840746791393,
-0.09190173982831862,
-0.8936350328572734,
-0.46114926962477365
],
[
-0.8750219811831439,
-0.18144038025312725,
0.44879385118328685,
0.7312736559544273
],
[
-0.20338641591713513,
0.9790982885441729,
-0.0007121729098269469,
0.7688061692821898
],
[
0.0,
0.0,
0.0,
1.0
]
],
"at_element": 26,
"to_element": 27
},
{
"pose": [
[
-0.89740948368634,
0.09190173982831865,
0.43152090193447756,
-0.45784080694124774
],
[
-0.4110087053099064,
0.18144038025312847,
-0.8933931008089746,
0.7378055097416746
],
[
-0.16039969684912583,
-0.9790982885441728,
-0.1250539028602482,
0.7335586303650397
],
[
0.0,
0.0,
0.0,
1.0
]
],
"at_element": 27,
"to_element": 26
},
{
"pose": [
[
-0.3146374780680572,
0.32003075702993555,
-0.893635032857273,
-0.10185137233622969
],
[
-0.6253706944364078,
0.6383537997695305,
0.4487938511832881,
0.5508300955328915
],
[
0.7140831547761773,
0.7000605265794155,
-0.0007121729098265028,
0.7690925079099274
],
[
0.0,
0.0,
0.0,
1.0
]
],
"at_element": 26,
"to_element": 37
},
{
"pose": [
[
-0.8972718932848451,
-0.32003075702993733,
0.3041109404080601,
-0.11337247677151753
],
[
-0.032966223169476866,
-0.638353799769531,
-0.7690368355610424,
0.5278493643617322
],
[
0.44024581502947835,
-0.7000605265794142,
0.5622267171474364,
0.7438903351169245
],
[
0.0,
0.0,
0.0,
1.0
]
],
"at_element": 37,
"to_element": 26
},
{
"pose": [
[
0.01736778715874876,
0.4484582344203163,
-0.8936350328572736,
-0.1399467194348643
],
[
0.036168192733053495,
0.8929030971916825,
0.448793851183286,
0.5699620195375885
],
[
0.9991947867176013,
-0.04011572018689685,
-0.0007121729098262808,
0.769062148229301
],
[
0.0,
0.0,
0.0,
1.0
]
],
"at_element": 26,
"to_element": 38
},
{
"pose": [
[
-0.8934804152088169,
-0.44845823442031596,
-0.02404079072937254,
-0.15609121616391372
],
[
0.4466370351553638,
-0.8929030971916829,
0.05691588401427774,
0.5378175074614464
],
[
-0.04699049335670831,
0.04011572018689622,
0.9980894862325621,
0.7705063141819631
],
[
0.0,
0.0,
0.0,
1.0
]
],
"at_element": 38,
"to_element": 26
},
{
"pose": [
[
0.2082923793045518,
0.9295863707304308,
0.3041109404080606,
-0.12161671798653499
],
[
-0.5222212622037294,
0.36860181612765086,
-0.769036835561042,
0.5486974310807122
],
[
-0.826982005865903,
0.0013713131019922886,
0.5622267171474369,
0.7286487503601531
],
[
0.0,
0.0,
0.0,
1.0
]
],
"at_element": 37,
"to_element": 38
},
{
"pose": [
[
-0.36781954778577663,
-0.9295863707304305,
-0.024040790729370366,
-0.15508181192323284
],
[
0.927843350622437,
-0.3686018161276514,
0.0569158840142761,
0.5354277718103674
],
[
-0.06176970918173577,
-0.0013713131019930658,
0.9980894862325622,
0.7285993831112134
],
[
0.0,
0.0,
0.0,
1.0
]
],
"at_element": 38,
"to_element": 37
},
{
"pose": [
[
0.6151001135890717,
-0.5817556932292769,
-0.5321768161598497,
-0.19621683474929394
],
[
0.7636272592473359,
0.6075904478551247,
0.21841990891310908,
0.16763095875051592
],
[
0.19627852454385614,
-0.5407348343416876,
0.8179734590635289,
0.13580259838045672
],
[
0.0,
0.0,
0.0,
1.0
]
],
"at_element": 10,
"to_element": 40
},
{
"pose": [
[
0.4899938939933072,
0.5817556932292764,
-0.6492043570745651,
-0.1752736331800069
],
[
-0.26883362875161887,
-0.6075904478551251,
-0.7473702748487159,
0.14575770616510766
],
[
-0.8292372784080033,
0.5407348343416876,
-0.14132011543993017,
0.15526904926861296
],
[
0.0,
0.0,
0.0,
1.0
]
],
"at_element": 40,
"to_element": 10
},
{
"pose": [
[
0.5684752631164327,
-0.5030402767219205,
-0.6509887519921034,
0.12659003051087875
],
[
0.7876672726032311,
0.5612430175902542,
0.2541388259907821,
0.534319538357259
],
[
0.2375208262331747,
-0.6572341707502124,
0.7152811348720102,
0.2012605467526277
],
[
0.0,
0.0,
0.0,
1.0
]
],
"at_element": 11,
"to_element": 40
},
{
"pose": [
[
0.5705122108692635,
0.5030402767219199,
-0.6492043570745649,
0.14469990835595894
],
[
-0.3555895772920505,
-0.5612430175902547,
-0.7473702748487161,
0.5141143123340108
],
[
-0.7403187622709058,
0.6572341707502121,
-0.1413201154399295,
0.22492153593914282
],
[
0.0,
0.0,
0.0,
1.0
]
],
"at_element": 40,
"to_element": 11
},
{
"pose": [
[
-0.8996497502438312,
-0.2794052415530063,
0.3355041547863738,
0.46297689062936254
],
[
-0.43644959812930173,
0.5545283025429952,
-0.7085267178953489,
-0.46936946866644025
],
[
0.011919529310498445,
-0.7838565383228557,
-0.6208275542769714,
-0.8808069083549198
],
[
0.0,
0.0,
0.0,
1.0
]
],
"at_element": 12,
"to_element": 41
},
{
"pose": [
[
0.4360950144757654,
0.2794052415530082,
-0.8554261214985706,
0.473035457214092
],
[
-0.654021288096325,
-0.5545283025429941,
-0.5145430170506735,
-0.4893324436745078
],
[
-0.6181240110739963,
0.783856538322856,
-0.059090052143345506,
-0.8525881350070326
],
[
0.0,
0.0,
0.0,
1.0
]
],
"at_element": 41,
"to_element": 12
},
{
"pose": [
[
-0.9108016075176419,
-0.36533359782986863,
0.1922805087364902,
0.6796896114015302
],
[
-0.40222988360647716,
