{
"line_pt_pairs": [
[
[
0.01038624698115713,
0.39135920295255017,
-0.6463135940607551
],
[
0.2850638706483112,
-0.02025197921721328,
-0.7179267057748481
]
],
[
[
-0.75064653625961,
-0.27905492921798464,
0.2554774284351352
],
[
0.08381503109157118,
-0.12711966778187883,
0.7851844879936732
]
],
[
[
-0.21895936669708338,
0.07053279946535479,
0.8765911047021681
],
[
-0.19103602847199508,
-0.7950131281760415,
0.37654057292986604
]
],
[
[
0.23460414935206614,
0.22677644294792226,
0.047583617678543286
],
[
0.0412260023679249,
-0.22063315356309593,
-0.06390425259812753
]
],
[
[
-0.4255127273806861,
0.07678785975297014,
-0.18564875508371403
],
[
0.3977844172291374,
0.320882399738719,
0.3267960392370568
]
],
[
[
-0.17437603324371626,
-0.05473422762468704,
0.8458086655465366
],
[
-0.2922452637967933,
0.16312723114154146,
-0.12302735219489558
]
],
[
[
-0.18310225367246108,
-0.15636283119793204,
0.905882436837026
],
[
0.0818617969073237,
-0.32418520093690795,
-0.043659402217761434
]
],
[
[
-0.4686315235787166,
0.20169552767855126,
0.07297005393868543
],
[
0.30378397928769496,
-0.4164440491986979,
-0.07289890927708602
]
],
[
[
0.01262401781824106,
0.2575454709486907,
-0.7921837867921756
],
[
0.3424809537825183,
0.2378052366124506,
0.15164073341516116
]
],
[
[
0.2701816342991976,
0.2485056326865732,
0.25916122838769085
],
[
0.22390172516527332,
0.005488096846775592,
-0.7097560267403766
]
],
[
[
0.27666270796846965,
0.16305508978523459,
0.11854151126924656
],
[
0.572738261980813,
0.5435199470385954,
-0.7575782058422128
]
],
[
[
-0.2170868156500405,
-0.20407897224504457,
0.8781428791813504
],
[
0.0762926049484472,
0.21797282104624596,
0.020354560684938794
]
],
[
[
0.07406371725959683,
-0.3139018489852202,
0.11404641940459373
],
[
0.35216114915618074,
0.21317525648315233,
-0.6889800703599763
]
],
[
[
-0.3030985650700615,
-0.7523529796597179,
0.5207062924396755
],
[
0.2228843329305123,
-0.1754503271679026,
-0.10421395891950896
]
],
[
[
-0.3523108972368887,
0.023333438814001843,
0.08777940912975427
],
[
0.1395496232569508,
0.214562723504657,
-0.7616348532041376
]
],
[
[
-0.6616444608798966,
-0.22086930896288504,
0.5397918167591554
],
[
-0.1907400916092976,
0.1536524187845426,
-0.25894628202350634
]
],
[
[
-0.17955728787757586,
0.28824211442226355,
-0.6768029401858322
],
[
0.7838748759693978,
0.5495451762958874,
-0.7361255793770141
]
],
[
[
0.08397519233858702,
-0.13485300820879403,
-0.6558542117568851
],
[
0.6292707477574411,
0.7026547243798619,
-0.6909762147557503
]
],
[
[
-0.7400793925839485,
-0.044509388897742,
0.39865174098282874
],
[
0.006431791650168939,
-0.6922766383728092,
0.24660358308250516
]
]
],
"contact_id_pairs": [
[
1,
18
],
[
15,
18
],
[
1,
6
],
[
2,
5
],
[
2,
11
],
[
6,
11
],
[
2,
13
],
[
13,
18
],
[
3,
9
],
[
4,
9
],
[
4,
11
],
[
8,
10
],
[
9,
10
],
[
3,
7
],
[
6,
12
],
[
6,
13
],
[
7,
12
],
[
7,
13
],
[
12,
13
],
[
4,
5
],
[
4,
15
],
[
7,
14
],
[
14,
15
],
[
0,
8
],
[
0,
14
],
[
0,
16
],
[
0,
9
],
[
0,
17
],
[
9,
12
],
[
9,
17
],
[
12,
17
],
[
10,
16
],
[
10,
17
],
[
16,
17
]
],
"contact_t_pairs": [
[
0.24151672428307353,
0.27303926078949986
],
[
0.18661776030991728,
0.194325481981174
],
[
0.7584832757169262,
0.25465974334981484
],
[
0.13764359502380533,
0.04299814424069117
],
[
0.2466182907290707,
0.13439533412590848
],
[
0.09385569021683844,
0.0834084973258015
],
[
0.8623564049761949,
0.14812058884311888
],
[
0.3466106527921045,
0.805674518018826
],
[
0.038391632326363216,
0.22059330234786678
],
[
0.8385376958939497,
0.0068717897476113675
],
[
0.5610873586295814,
0.9165915026741989
],
[
0.8569105436456298,
0.12434941963537083
],
[
0.19612157073282757,
0.053056831845668916
],
[
0.9616083676736364,
0.6693381358667734
],
[
0.8610156712990044,
0.019466630634984574
],
[
0.9061443097831615,
0.7424909103188461
],
[
0.7328770758054973,
0.15831990283519165
],
[
0.7722525502746778,
0.8518794111568809
],
[
0.09823368818900484,
0.7989901030286518
],
[
0.18611721660283595,
0.9570018557593089
],
[
0.16146230410605053,
0.8133822396900826
],
[
0.22774744972532204,
0.07729720599382636
],
[
0.121990341786504,
0.7179230067796981
],
[
0.2823833344426521,
0.14308945635437023
],
[
0.42978968042598226,
0.9227027940061736
],
[
0.116226958569215,
0.22688427543726236
],
[
0.8837730414307848,
0.9931282102523885
],
[
0.7534940171236869,
0.2552477267123968
],
[
0.733417326123862,
0.7017062139362812
],
[
0.9482776225348571,
0.20580337293919548
],
[
0.9805333693650152,
0.42678618464763646
],
[
0.9469431681543309,
0.7731157245627374
],
[
0.9137946323757716,
0.794196627060804
],
[
0.6767539008555338,
0.716427458472505
]
],
"half_couplers": [
{
"pose": [
[
-0.4196590740880306,
-0.3571556441516597,
0.8344615673511813,
-0.5491101119728333
],
[
0.7982048679590579,
-0.5829105120846636,
0.1519352614361067,
-0.24236002257284395
],
[
0.4321518833720846,
0.7298322963200575,
0.5297070595585375,
0.38341054228933225
],
[
0.0,
0.0,
0.0,
1.0
]
],
"at_element": 1,
"to_element": 18
},
{
"pose": [
[
-0.5613919287485238,
0.3571556441516596,
0.746511184234118,
-0.536252530669571
],
[
-0.49052311404122945,
0.5829105120846616,
-0.6477672494750661,
-0.22137527985806188
],
[
-0.6665029459254529,
-0.7298322963200592,
-0.15204815790032455,
0.3571366243453193
],
[
0.0,
0.0,
0.0,
1.0
]
],
"at_element": 18,
"to_element": 1
},
{
"pose": [
[
-0.6556613140440932,
0.5902180243501828,
0.47090436927059853,
-0.5737653421664631
],
[
0.7543402744809479,
0.5391699414295006,
0.3745217277474263,
-0.15097690294325947
],
[
-0.03284800697122167,
0.6007815393228025,
-0.7987380987826627,
0.39073310169013364
],
[
0.0,
0.0,
0.0,
1.0
]
],
"at_element": 15,
"to_element": 18
},
{
"pose": [
[
-0.30718680887294614,
-0.5902180243501827,
0.7465111842341168,
-0.5950132469033167
],
[
-0.5382317017478735,
-0.539169941429503,
-0.6477672494750678,
-0.1703870718636038
],
[
0.784820297703904,
-0.6007815393228005,
-0.15204815790032455,
0.36910490941449875
],
[
0.0,
0.0,
0.0,
1.0
]
],
"at_element": 18,
"to_element": 15
},
{
"pose": [
[
0.5479853166932847,
-0.0581892198123557,
0.8344615673511813,
-0.11772139319520566
],
[
-0.12728326520263006,
0.9801605209003775,
0.15193526143610508,
-0.16381457442701952
],
[
-0.8267472788512324,
-0.18947128533350377,
0.529707059558538,
0.6572513741394761
],
[
0.0,
0.0,
0.0,
1.0
]
],
"at_element": 1,
"to_element": 6
},
{
"pose": [
[
0.9625009436868011,
0.05818921981235525,
0.2649640505797848,
-0.11562657655488573
],
[
0.10545617802431032,
-0.9801605209003776,
-0.16782236973897557,
-0.19910043280401737
],
[
0.24994184907398423,
0.18947128533350338,
-0.9495418390547874,
0.6640723558034226
],
[
0.0,
0.0,
0.0,
1.0
]
],
"at_element": 6,
"to_element": 1
},
{
"pose": [
[
0.13180866287393345,
-0.9908818111024913,
0.02792333822508858,
-0.21511589803871659
],
[
-0.4926894582822991,
-0.08992966607793984,
-0.8655459276413963,
-0.04860405367342147
],
[
0.8601648528560562,
0.10032891699483859,
-0.5000505317723025,
0.8077623518154629
],
[
0.0,
0.0,
0.0,
1.0
]
],
"at_element": 2,
"to_element": 5
},
{
"pose": [
[
-0.06526929534683656,
0.9908818111024913,
-0.1178692305530768,
-0.17944419142057674
],
[
0.9718276801693606,
0.08992966607793984,
0.21786145876622873,
-0.04536658919616936
],
[
0.22647489737621335,
-0.10032891699483851,
-0.9688360177414321,
0.8041505147101137
],
[
0.0,
0.0,
0.0,
1.0
]
],
"at_element": 5,
"to_element": 2
},
{
"pose": [
[
-0.29212832539044786,
-0.9559714057893883,
0.0279233382250888,
-0.21207296075256238
],
[
-0.48547296886069724,
0.12307007617197074,
-0.8655459276413965,
-0.1429266577570743
],
[
0.8240006298602887,
-0.26640650829903845,
-0.5000505317723012,
0.7532694972783202
],
[
0.0,
0.0,
0.0,
1.0
]
],
"at_element": 2,
"to_element": 11
},
{
"pose": [
[
-0.0068692708753022025,
0.9559714057893877,
0.2933794205984859,
-0.17765799039304128
],
[
0.8981792917511678,
-0.12307007617197008,
0.42205179329129233,
-0.14735718046722268
],
[
0.439575673788953,
0.26640650829904106,
-0.8577883184964112,
0.7628601315077239
],
[
0.0,
0.0,
0.0,
1.0
]
],
"at_element": 11,
"to_element": 2
},
{
"pose": [
[
0.13279001793574885,
0.9550711298311645,
0.2649640505797839,
-0.15823386982264606
],
[
0.9817063842782794,
-0.08993457223149348,
-0.1678223697389749,
-0.17211391554360908
],
[
-0.13645287173192958,
0.2824020355460652,
-0.9495418390547878,
0.8167625321427727
],
[
0.0,
0.0,
0.0,
1.0
]
],
"at_element": 6,
"to_element": 11
},
{
"pose": [
[
0.042043460042180625,
-0.9550711298311647,
0.2933794205984872,
-0.19261647903160636
],
[
-0.9020998040666806,
0.0899345722314937,
0.42205179329129094,
-0.16887626637295822
],
[
-0.42947443575903077,
-0.2824020355460646,
-0.8577883184964115,
0.8065960445119387
],
[
0.0,
0.0,
0.0,
1.0
]
],
"at_element": 11,
"to_element": 6
},
{
"pose": [
[
0.5388351415839743,
0.8419483222719467,
0.027923338225086636,
-0.19487949713036187
],
[
0.4343784664623228,
-0.2492901823522904,
-0.865545927641395,
-0.6758762750372654
],
[
-0.7217839275489717,
0.4785158593048054,
-0.500050531772305,
0.4453693258165711
],
[
0.0,
0.0,
0.0,
1.0
]
],
"at_element": 2,
"to_element": 13
},
{
"pose": [
[
0.12027058507537014,
-0.841948322271947,
0.5259828980005734,
-0.22518966849680638
],
[
-0.7778417156020039,
0.24929018235229206,
0.5769026524918154,
-0.666901819067473
],
[
-0.6168445929364701,
-0.47851585930480345,
-0.6249202513591843,
0.42814273682836324
],
[
0.0,
0.0,
0.0,
1.0
]
],
"at_element": 13,
"to_element": 2
},
{
"pose": [
[
-0.691067128945769,
0.4957501531029211,
0.525982898000574,
-0.1207872894365997
],
[
0.718197434088084,
0.38907039879332816,
0.576902652491816,
-0.5523923746820332
],
[
0.08135520241474525,
0.7764380274569446,
-0.6249202513591834,
0.30410227617306257
],
[
0.0,
0.0,
0.0,
1.0
]
],
"at_element": 13,
"to_element": 18
},
{
"pose": [
[
-0.4437936880035629,
-0.49575015310292136,
0.7465111842341184,
-0.13863435403046295
],
[
-0.6549975689193894,
-0.38907039879332483,
-0.647767249475066,
-0.5663989554069474
],
[
0.611576117255968,
-0.7764380274569457,
-0.1520481579003219,
0.2761504146508352
],
[
0.0,
0.0,
0.0,
1.0
]
],
"at_element": 18,
"to_element": 13
},
{
"pose": [
[
-0.14378476713267974,
-0.9109036775732768,
-0.3867562939682826,
0.22718004663309754
],
[
-0.18032137698931322,
0.40839051507113844,
-0.8948191930220363,
0.20959965821938473
],
[
0.9730416957876363,
-0.05892094180688179,
-0.22297574055334146,
0.043303416354032065
],
[
0.0,
0.0,
0.0,
1.0
]
],
"at_element": 3,
"to_element": 9
},
{
"pose": [
[
0.41001543897033377,
0.9109036775732767,
-0.04627990913392438,
0.25997259631098607
],
[
0.8798634351274536,
-0.40839051507113844,
-0.24301753583979743,
0.19489759192723116
],
[
-0.24026584303991594,
0.05892094180688226,
-0.9689172551280674,
0.045424571377159884
],
[
0.0,
0.0,
0.0,
1.0
]
],
"at_element": 9,
"to_element": 3
},
{
"pose": [
[
0.5502816246834838,
-0.139183135519417,
0.8232971446098238,
0.26485296329650315
],
[
-0.12186351637298456,
0.9620639993921184,
0.24409453998574682,
0.28147033289291357
],
[
-0.8260383870698242,
-0.23465062510171508,
0.5124447943207713,
0.2440555220188741
],
[
0.0,
0.0,
0.0,
1.0
]
],
"at_element": 4,
"to_element": 9
},
{
"pose": [
[
0.9891846262440291,
0.1391831355194159,
-0.04627990913392441,
0.26986360849409075
],
[
0.12399733201966441,
-0.9620639993921187,
-0.2430175358397961,
0.2468356672752995
],
[
-0.07834817709727201,
0.23465062510171456,
-0.9689172551280678,
0.25250303272761804
],
[
0.0,
0.0,
0.0,
1.0
]
],
"at_element": 9,
"to_element": 4
},
{
"pose": [
[
0.37328968141327756,
-0.42759399601454207,
0.8232971446098242,
0.03642889285571624
],
[
0.4472665590350704,
0.860447837302224,
0.2440945399857471,
0.21374622044947672
],
[
-0.8127776072944565,
0.2771153078670347,
0.5124447943207706,
0.10187754100520637
],
[
0.0,
0.0,
0.0,
1.0
]
],
"at_element": 4,
"to_element": 11
},
{
"pose": [
[
0.8550391161470993,
0.42759399601454084,
0.29337942059848754,
0.051822268330013146
],
[
0.28548520637947183,
-0.8604478373022246,
0.42205179329129183,
0.18277011517415978
],
[
0.4329045007814747,
-0.2771153078670353,
-0.8577883184964115,
0.09190139535435018
],
[
0.0,
0.0,
0.0,
1.0
]
],
"at_element": 11,
"to_element": 4
},
{
"pose": [
[
0.7972889008612507,
-0.5054946195160903,
0.3298569359642779,
0.29528190414067157
],
[
0.5411723021773653,
0.840680000062093,
-0.019740234336242418,
0.24062985601193107
],
[
-0.2673255467019736,
0.19424810716164626,
0.9438245202073363,
0.01658939592476906
],
[
0.0,
0.0,
0.0,
1.0
]
],
"at_element": 8,
"to_element": 10
},
{
"pose": [
[
0.8104409021986541,
0.5054946195160895,
0.29607555401234253,
0.31347953127812545
],
[
0.38536168710806756,
-0.8406800000620935,
0.3804648572533634,
0.2103656739763442
],
[
0.44122773502201273,
-0.1942481071616458,
-0.8761197171114588,
0.00959653291533133
],
[
0.0,
0.0,
0.0,
1.0
]
],
"at_element": 10,
"to_element": 8
},
{
"pose": [
[
-0.4935047846564615,
-0.8685109081247829,
-0.04627990913392438,
0.26110514582647987
],
[
-0.8377591787230457,
0.48898060875625804,
-0.24301753583979746,
0.20084465184205086
],
[
0.23369335888396015,
-0.08115889802494951,
-0.9689172551280674,
0.06913565440183445
],
[
0.0,
0.0,
0.0,
1.0
]
],
"at_element": 9,
"to_element": 10
},
{
"pose": [
[
0.39752744406461904,
0.8685109081247832,
0.2960755540123431,
0.29237153885131584
],
[
0.78494869683027,
-0.48898060875625826,
0.38046485725336143,
0.1832413497397126
],
[
0.4752130833214847,
0.08115889802495,
-0.8761197171114599,
0.07205737476178883
],
[
0.0,
0.0,
0.0,
1.0
]
],
"at_element": 10,
"to_element": 9
},
{
"pose": [
[
-0.9221504425201947,
0.007624331821748764,
-0.38675629396828265,
0.04865010508689353
],
[
0.3772667866256952,
0.23868050508685168,
-0.8948191930220358,
-0.20345636883455825
],
[
0.08548878914179914,
-0.9710682190535108,
-0.22297574055334302,
-0.05962405127361627
],
[
0.0,
0.0,
0.0,
1.0
]
],
"at_element": 3,
"to_element": 7
},
{
"pose": [
[
0.6350717758615162,
-0.007624331821748376,
0.7724155028664119,
0.04837562922448366
],
[
0.7489559933597566,
-0.23868050508685412,
-0.6181395768772489,
-0.21204886441394272
],
[
0.18907342360733898,
0.97106821905351,
-0.14586896321577014,
-0.024665605980977973
],
[
0.0,
0.0,
0.0,
1.0
]
],
"at_element": 7,
"to_element": 3
},
{
"pose": [
[
-0.1204435422035417,
-0.9567065407123629,
0.26496405057978556,
0.045035946207595656
],
[
-0.9827860659727017,
0.07724765850881488,
-0.1678223697389768,
-0.30086052153772613
],
[
0.14008890631082804,
-0.28061609756585426,
-0.949541839054787,
0.08831203285677705
],
[
0.0,
0.0,
0.0,
1.0
]
],
"at_element": 6,
"to_element": 12
},
{
"pose": [
[
-0.08587440439797622,
0.9567065407123635,
0.2780974318965854,
0.0794773372468654
],
[
0.8462993112049583,
-0.07724765850881399,
0.5270771054683738,
-0.3036414336569106
],
[
0.525740489712659,
0.28061609756585376,
-0.8030264897645689,
0.09841419933823863
],
[
0.0,
0.0,
0.0,
1.0
]
],
"at_element": 12,
"to_element": 6
},
{
"pose": [
[
-0.4632156421712912,
-0.8457099507208081,
0.26496405057978534,
0.056993413057508706
],
[
-0.8858249216487797,
0.4326082065808825,
-0.1678223697389769,
-0.3084341165912309
],
[
0.027303425312072166,
-0.3124497061139297,
-0.9495418390547872,
0.0454605024764918
],
[
0.0,
0.0,
0.0,
1.0
]
],
"at_element": 6,
"to_element": 13
},
{
"pose": [
[
0.09009256496915874,
0.8457099507208093,
0.5259828980005761,
0.0874389556785293
],
[
0.692844476882644,
-0.43260820658088206,
0.5769026524918124,
-0.32400800404571306
],
[
0.7154368320057989,
0.3124497061139274,
-0.6249202513591854,
0.056708686131312525
],
[
0.0,
0.0,
0.0,
1.0
]
],
"at_element": 13,
"to_element": 6
},
{
"pose": [
[
-0.2733628899144771,
-0.5732774383745068,
0.77241550286641,
0.09745409146885181
],
[
-0.5308801221738927,
-0.5797152399054615,
-0.6181395768772506,
-0.25132479786289447
],
[
0.8021465117409902,
-0.5790364576364058,
-0.14586896321577325,
-0.033933965273668806
],
[
0.0,
0.0,
0.0,
1.0
]
],
"at_element": 7,
"to_element": 12
},
{
"pose": [
[
-0.7707235542159634,
0.5732774383745083,
0.2780974318965839,
0.11809207565618032
],
[
0.6213855208422858,
0.5797152399054585,
0.5270771054683726,
-0.23045505286081344
],
[
0.14094409339973907,
0.5790364576364072,
-0.80302648976457,
-0.013088656429018006
],
[
0.0,
0.0,
0.0,
1.0
]
],
"at_element": 12,
"to_element": 7
},
{
"pose": [
[
-0.42140524988291816,
-0.47517565836513986,
0.7724155028664114,
0.1278683183815674
],
[
-0.6706371398531419,
-0.4100601055304123,
-0.6181395768772491,
-0.27566433699061466
],
[
0.610461663022923,
-0.7784977864770348,
-0.14586896321577192,
-0.03967762491061723
],
[
0.0,
0.0,
0.0,
1.0
]
],
"at_element": 7,
"to_element": 13
},
{
"pose": [
[
-0.7053723021980471,
0.47517565836514053,
0.5259828980005739,
0.14497543635725707
],
[
0.7064234136835317,
0.4100601055304126,
0.5769026524918159,
-0.26090148776014754
],
[
0.05844549504908686,
0.7784977864770344,
-0.6249202513591834,
-0.011650403308196583
],
[
0.0,
0.0,
0.0,
1.0
]
],
"at_element": 13,
"to_element": 7
},
{
"pose": [
[
-0.8547890372632962,
-0.4381752162628695,
0.27809743189658326,
0.10138225367068887
],
[
-0.2455638230554513,
0.8135650764981688,
0.5270771054683743,
-0.26212512095507695
],
[
-0.4572024831307003,
0.3822490629884085,
-0.8030264897645689,
0.035162165601549875
],
[
0.0,
0.0,
0.0,
1.0
]
],
"at_element": 12,
"to_element": 13
},
{
"pose": [
[
0.7289337904528135,
0.4381752162628695,
0.5259828980005732,
0.1171565647947258
],
[
0.07276809637770995,
-0.8135650764981688,
0.5769026524918164,
-0.2914134699077799
],
[
0.6807057611667895,
-0.3822490629884091,
-0.6249202513591836,
0.021401196421509727
],
[
0.0,
0.0,
0.0,
1.0
]
],
"at_element": 13,
"to_element": 12
},
{
"pose": [
[
-0.3886027759237871,
0.41372659356347646,
0.8232971446098235,
-0.2722829543888432
],
[
-0.4156582152389396,
-0.8761541551881868,
0.24409453998574837,
0.12221805612306735
],
[
0.8223236167402138,
-0.24735440591353275,
0.5124447943207708,
-0.09027395630211942
],
[
0.0,
0.0,
0.0,
1.0
]
],
"at_element": 4,
"to_element": 5
},
{
"pose": [
[
-0.902738694344708,
-0.4137265935634762,
-0.11786923055307721,
-0.2871771056199328
],
[
-0.4299886988407078,
0.876154155188187,
0.2178614587662294,
0.15375959271302378
],
[
0.013136536913791193,
0.2473544059135324,
-0.9688360177414319,
-0.08136920135847267
],
[
0.0,
0.0,
0.0,
1.0
]
],
"at_element": 5,
"to_element": 4
},
{
"pose": [
[
0.4144460810490146,
-0.38783534854423024,
0.8232971446098238,
-0.2925812734480517
],
[
0.35835713841357847,
0.901109325718682,
0.2440945399857476,
0.11619992659877565
],
[
-0.8365492258385905,
0.19387038330389145,
0.5124447943207708,
-0.10290823786553122
],
[
0.0,
0.0,
0.0,
1.0
]
],
"at_element": 4,
"to_element": 15
},
{
"pose": [
[
0.7923590205338963,
0.3878353485442294,
0.470904369270599,
-0.27861921032273107
],
[
0.21848445836695995,
-0.9011093257186822,
0.3745217277474277,
0.08376001276491703
],
[
0.5695890834897213,
-0.19387038330389267,
-0.7987380987826618,
-0.10988756695448444
],
[
0.0,
0.0,
0.0,
1.0
]
],
"at_element": 15,
"to_element": 4
},
{
"pose": [
[
0.2102658235533097,
0.599301739007219,
0.7724155028664117,
-0.2927158626725892
],
[
0.46560520132304195,
0.6333366087626272,
-0.618139576877249,
0.060915815470468135
],
[
-0.8596511385128145,
0.4896143029201435,
-0.14586896321577125,
0.03974876957221667
],
[
0.0,
0.0,
0.0,
1.0
]
],
"at_element": 7,
"to_element": 14
},
{
"pose": [
[
0.6315937412628889,
-0.5993017390072186,
0.4918605204938394,
-0.31429145326404573
],
[
-0.7498773904297653,
-0.6333366087626275,
0.191229284690655,
0.03811492822478748
],
[
0.1969092311695731,
-0.4896143029201432,
-0.8494142623338918,
0.022122059920037365
],
[
0.0,
0.0,
0.0,
1.0
]
],
"at_element": 14,
"to_element": 7
},
{
"pose": [
[
-0.06277101847410815,
0.8684083300033896,
0.49186052049381535,
-0.29230866423055746
],
[
0.9808320860836237,
-0.037413628339921345,
0.19122928469062753,
0.04666156461300354
],
[
0.18446739047476654,
0.4944362373402319,
-0.8494142623339118,
-0.015840927050688375
],
[
0.0,
0.0,
0.0,
1.0
]
],
"at_element": 14,
"to_element": 15
},
{
"pose": [
[
0.15529342350079656,
-0.8684083300033918,
0.4709043692705797,
-0.3235713801874509
],
[
-0.9264630029631731,
0.03741362833992257,
0.37452172774740566,
0.04800845592587572
],
[
-0.3428560291986446,
-0.49443623734022824,
-0.7987380987826835,
-0.033640640748392625
],
[
0.0,
0.0,
0.0,
1.0
]
],
"at_element": 15,
"to_element": 14
},
{
"pose": [
[
-0.29621876249128976,
0.7813214811934901,
0.5493552473343086,
0.08795063024907203
],
[
-0.03159040623876064,
0.566839470295524,
-0.8232223643395263,
0.2751270648375705
],
[
-0.9545975544604117,
-0.261208265452494,
-0.1432262234281858,
-0.6665359433363949
],
[
0.0,
0.0,
0.0,
1.0
]
],
"at_element": 0,
"to_element": 8
},
{
"pose": [
[
-0.5298406787156593,
-0.7813214811934893,
0.3298569359642773,
0.05982306746008781
],
[
0.8235917302058341,
-0.5668394702955246,
-0.01974023433623988,
0.2547208515492102
],
[
0.20239939998599327,
0.2612082654524946,
0.9438245202073365,
-0.6571324493017835
],
[
0.0,
0.0,
0.0,
1.0
]
],
"at_element": 8,
"to_element": 0
},
{
"pose": [
[
0.3734781392445051,
0.7474776864447008,
0.5493552473343086,
0.1284398550772315
],
[
0.3952409719757848,
0.4075408113586624,
-0.8232223643395263,
0.2144529645080468
],
[
-0.8392250315488086,
0.5245832587343983,
-0.14322622342818536,
-0.6770921704586653
],
[
0.0,
0.0,
0.0,
1.0
]
],
"at_element": 0,
"to_element": 14
},
{
"pose": [
[
0.44648665897964646,
-0.7474776864447007,
0.49186052049383944,
0.10153017928410782
],
[
-0.892940002325925,
-0.4075408113586636,
0.19122928469065514,
0.19978123409387136
],
[
0.05751361229630789,
-0.5245832587343979,
-0.8494142623338923,
-0.6959775039944207
],
[
0.0,
0.0,
0.0,
1.0
]
],
"at_element": 14,
"to_element": 0
},
{
"pose": [
[
0.8306040967272585,
0.09113532095821128,
0.5493552473343082,
0.04231119176700987
],
[
0.5566910999782935,
-0.11135509892320616,
-0.8232223643395267,
0.34351888713587947
],
[
-0.013851126483165943,
0.9895930452552941,
-0.14322622342818558,
-0.6546369682289616
],
[
0.0,
0.0,
0.0,
1.0
]
],
"at_element": 0,
"to_element": 16
},
{
"pose": [
[
0.2519778143785325,
-0.09113532095821092,
0.9634321638469736,
0.0390303205497986
],
[
-0.9588121566810008,
0.11135509892320661,
0.26130306187362434,
0.3475276702849988
],
[
-0.13109702232219478,
-0.9895930452552943,
-0.059322639191182525,
-0.6902623141957496
],
[
0.0,
0.0,
0.0,
1.0
]
],
"at_element": 16,
"to_element": 0
},
{
"pose": [
[
-0.23004190303467276,
0.8032991566499039,
0.5493552473343087,
0.2531389258624584
],
[
0.01578181644655874,
0.567499667947821,
-0.8232223643395264,
0.027588336599457496
],
[
-0.9730527514568948,
-0.18070581563598337,
-0.1432262234281858,
-0.7096033316066416
],
[
0.0,
0.0,
0.0,
1.0
]
],
"at_element": 0,
"to_element": 9
},
{
"pose": [
[
0.5937749025818706,
-0.8032991566499031,
-0.04627990913392374,
0.22421975097038022
],
[
-0.7866934626355208,
-0.5674996679478213,
-0.24301753583979652,
0.007158062258049321
],
[
0.1689519485250891,
0.18070581563598515,
-0.9689172551280676,
-0.7030978310803038
],
[
0.0,
0.0,
0.0,
1.0
]
],
"at_element": 9,
"to_element": 0
},
{
"pose": [
[
-0.8198746127119545,
-0.16128989942548666,
0.549355247334308,
0.21735419305210935
],
[
-0.5641325086505884,
0.0637138253037205,
-0.8232223643395268,
0.08121263980642542
],
[
0.09777592809079344,
-0.9848482709577567,
-0.1432262234281858,
-0.7002736452849343
],
[
0.0,
0.0,
0.0,
1.0
]
],
"at_element": 0,
"to_element": 17
},
{
"pose": [
[
-0.8225802851903028,
0.16128989942548694,
0.5452955554188545,
0.2231606432456233
],
[
0.5426982092465171,
-0.06371382530371927,
0.8375077325886555,
0.07891893663851432
],
[
0.16982440371414323,
0.9848482709577571,
-0.035122002998864144,
-0.6648190231799315
],
[
0.0,
0.0,
0.0,
1.0
]
],
"at_element": 17,
"to_element": 0
},
{
"pose": [
[
-0.3990561551265548,
-0.9157578037156805,
-0.0462799091339257,
0.23623914708893956
],
[
-0.884700298641303,
0.3978037944242653,
-0.24301753583979552,
0.07027236134973903
],
[
0.24095552834413364,
-0.056033794048682084,
-0.9689172551280678,
-0.4514594741036082
],
[
0.0,
0.0,
0.0,
1.0
]
],
"at_element": 9,
"to_element": 12
},
{
"pose": [
[
0.2899128546759542,
0.9157578037156796,
0.2780974318965813,
0.2692064133011515
],
[
0.750960628816674,
-0.3978037944242667,
0.5270771054683754,
0.05595143114548545
],
[
0.5933031861206413,
0.056033794048683305,
-0.8030264897645687,
-0.4494422584186446
],
[
0.0,
0.0,
0.0,
1.0
]
],
"at_element": 12,
"to_element": 9
},
{
"pose": [
[
0.5467502828016386,
0.8360157284805615,
-0.046279909133924144,
0.22629543209455066
],
[
0.8056063294824874,
-0.540315573690141,
-0.24301753583979782,
0.018057541566130486
],
[
-0.22817223791268337,
0.0955865187200031,
-0.9689172551280669,
-0.6596413227381526
],
[
0.0,
0.0,
0.0,
1.0
]
],
"at_element": 9,
"to_element": 17
},
{
"pose": [
[
0.06107748335975327,
-0.8360157284805612,
0.5452955554188534,
0.1961988568925392
],
[
-0.08148545073877173,
0.5403155736901419,
0.8375077325886562,
0.03750890802060912
],
[
-0.9948013180250308,
-0.09558651872000251,
-0.03512200299886592,
-0.6630824384384321
],
[
0.0,
0.0,
0.0,
1.0
]
],
"at_element": 17,
"to_element": 9
},
{
"pose": [
[
0.4754015007672471,
0.8346587514911555,
0.2780974318965833,
0.3467475291689121
],
[
0.6509094653326749,
-0.5463575686594018,
0.5270771054683736,
0.20291484115484262
],
[
0.5918701555312454,
-0.06955699625352649,
-0.8030264897645698,
-0.673347850293621
],
[
0.0,
0.0,
0.0,
1.0
]
],
"at_element": 12,
"to_element": 17
},
{
"pose": [
[
-0.07744369438287779,
-0.8346587514911559,
0.5452955554188541,
0.3166998019411136
],
[
0.008614233732432974,
0.5463575686594007,
0.8375077325886557,
0.2225837215956114
],
[
-0.9969595123060588,
0.06955699625352757,
-0.035122002998865254,
-0.6708437974139536
],
[
0.0,
0.0,
0.0,
1.0
]
],
"at_element": 17,
"to_element": 12
},
{
"pose": [
[
-0.9272119992339296,
-0.22938433859551913,
0.2960755540123428,
0.5570294310979668
],
[
-0.10579518402790014,
0.9187240453104947,
0.38046485725336443,
0.5233336870841174
],
[
-0.359284410339667,
0.3214482132092453,
-0.8761197171114583,
-0.7110940693347548
],
[
0.0,
0.0,
0.0,
1.0
]
],
"at_element": 10,
"to_element": 16
},
{
"pose": [
[
0.13849653740159984,
0.2293843385955209,
0.963432163846974,
0.5652872675420231
],
[
-0.2960858632623214,
-0.9187240453104923,
0.2613030618736224,
0.490259620433152
],
[
0.9450671249725986,
-0.3214482132092503,
-0.0593226391911823,
-0.7226662053670967
],
[
0.0,
0.0,
0.0,
1.0
]
],
"at_element": 16,
"to_element": 10
},
{
"pose": [
[
0.4583679033920507,
0.8379964984749394,
0.2960755540123444,
0.5472149600026318
],
[
0.7481337394301834,
-0.5436381152213223,
0.380464857253359,
0.5107218341509699
],
[
0.4797861743174622,
0.04711123244354046,
-0.8761197171114599,
-0.6820519835457846
],
[
0.0,
0.0,
0.0,
1.0
]
],
"at_element": 10,
"to_element": 17
},
{
"pose": [
[
0.02036236195014529,
-0.8379964984749378,
0.5452955554188522,
0.5170470832034887
],
[
-0.05512166119424333,
0.5436381152213245,
0.8375077325886566,
0.5302928081504582
],
[
-0.9982719953414491,
-0.04711123244354032,
-0.035122002998866364,
-0.6837479880742033
],
[
0.0,
0.0,
0.0,
1.0
]
],
"at_element": 17,
"to_element": 10
},
{
"pose": [
[
0.26095087094656977,
-0.060853172615431494,
0.9634321638469744,
0.4724491872155513
],
[
-0.965254217183281,
-0.0022374238224784904,
0.2613030618736221,
0.46507998085073343
],
[
-0.01374551425440318,
-0.9981442207002329,
-0.05932263919117986,
-0.7169497676675098
],
[
0.0,
0.0,
0.0,
1.0
]
],
"at_element": 16,
"to_element": 17
},
{
"pose": [
[
-0.8360320858813257,
0.06085317261542986,
0.5452955554188538,
0.4746399012236696
],
[
0.546420892525942,
0.002237423822476936,
0.8375077325886557,
0.4651605281007671
],
[
0.04974494535198984,
0.9981442207002329,
-0.035122002998864366,
-0.6810165791018259
],
[
0.0,
0.0,
0.0,
1.0
]
],
"at_element": 17,
"to_element": 16
}
],
"nstatus": 0,
"opt_line_pos": [
[
0.07872958259758549,
0.2889450317836925,
-0.6641318599357495
],
[
-0.5400722823809595,
-0.24071445247641024,
0.38914765748458235
],
[
-0.21289434868029955,
-0.11746591340996929,
0.7679788943692198
],
[
0.27005293520449947,
0.3087925715663404,
0.0680208268473005
],
[
-0.30149046054286055,
0.11355849398870026,
-0.10845358267603492
],
[
-0.18117771046744696,
-0.04216247064395631,
0.7899017096388665
],
[
-0.16161736171993527,
-0.1699708866045768,
0.8288878265423295
],
[
-0.22755878952330724,
0.00877268074881451,
0.02744400009103794
],
[
0.08062072145293753,
0.2534762193505186,
-0.5976238149180414
],
[
0.2657421404409689,
0.22519368419763774,
0.1662158816104266
],
[
0.30517292490917,
0.19969146678971259,
0.03417668323001113
],
[
-0.18341414479023443,
-0.1556379088183831,
0.7796900849901512
],
[
0.1124333613544179,
-0.24117999459977402,
0.0032512912336941967
],
[
-0.18544134602400403,
-0.6233055106060624,
0.380917757147023
],
[
-0.22788079779804232,
0.07171032193075874,
-0.1271040725143154
],
[
-0.6161147742581363,
-0.18465843896439083,
0.46256531876177176
],
[
0.01676697836474959,
0.3414893837311595,
-0.6888914649910066
],
[
0.21674761162840478,
0.06906929910638647,
-0.6644059655023958
],
[
-0.5645116914924366,
-0.19685406803257308,
0.3628924032775987
]
],
"opt_line_orient": [
[
0.5493552473343081,
-0.8232223643395268,
-0.14322622342818603
],
[
0.834461567351181,
0.15193526143610578,
0.5297070595585379
],
[
0.027923338225088284,
-0.8655459276413963,
-0.500050531772302
],
[
-0.3867562939682824,
-0.8948191930220364,
-0.22297574055334163
],
[
0.8232971446098235,
0.2440945399857489,
0.5124447943207708
],
[
-0.11786923055307702,
0.2178614587662285,
-0.9688360177414321
],
[
0.2649640505797848,
-0.1678223697389759,
-0.9495418390547874
],
[
0.7724155028664117,
-0.6181395768772492,
-0.14586896321577145
],
[
0.32985693596427723,
-0.01974023433624009,
0.9438245202073366
],
[
-0.04627990913392427,
-0.2430175358397976,
-0.9689172551280674
],
[
0.2960755540123434,
0.3804648572533609,
-0.8761197171114594
],
[
0.29337942059848776,
0.42205179329129067,
-0.8577883184964118
],
[
0.27809743189658387,
0.5270771054683725,
-0.8030264897645699
],
[
0.5259828980005737,
0.5769026524918153,
-0.6249202513591844
],
[
0.4918605204938395,
0.19122928469065514,
-0.8494142623338918
],
[
0.4709043692705989,
0.37452172774742765,
-0.7987380987826618
],
[
0.9634321638469737,
0.2613030618736239,
-0.059322639191181824
],
[
0.545295555418854,
0.8375077325886559,
-0.03512200299886532
],
[
0.7465111842341174,
-0.6477672494750671,
-0.15204815790032358
]
],
"opt_edge_ids": [
[
6,
7
],
[
0,
1
],
[
1,
2
],
[
3,
4
],
[
5,
3
],
[
1,
5
],
[
1,
4
],
[
5,
4
],
[
6,
3
],
[
3,
7
],
[
3,
8
],
[
1,
3
],
[
4,
7
],
[
2,
4
],
[
5,
6
],
[
0,
5
],
[
6,
8
],
[
7,
8
],
[
0,
2
]
]
}