{
"line_pt_pairs": [
[
[
0.9622511752263636,
1.5647863596700653,
-2.0879971639022825
],
[
1.6614113774301713,
0.9350103445104411,
-2.426460134379107
]
],
[
[
-0.5087581595376008,
-1.629008346240762,
0.8733955604624181
],
[
0.23590437928414337,
-1.1630763141188798,
0.39549908138109274
]
],
[
[
0.10603009777214939,
-1.7372214522430638,
1.1584996301136596
],
[
-0.36137584500325026,
-1.2220232538859608,
0.4400968871707925
]
],
[
[
-0.017833886264625794,
-1.6219443462380962,
1.250650196686259
],
[
-0.13369524031492105,
-1.3131023754012567,
0.3066201210598263
]
],
[
[
0.3591001548180488,
-0.6920090713309665,
0.352562381668483
],
[
-0.0011358250447625062,
-1.5928658451471485,
0.5948166115217104
]
],
[
[
0.00439855227059098,
-0.1427876814900301,
0.22857751661803954
],
[
0.37530290981846,
-1.0250103239704442,
-0.06144518360881851
]
],
[
[
0.11130716378236163,
-0.5127140889155005,
0.855945617852853
],
[
0.2982809728412517,
-1.1801216677487356,
0.13510727367160102
]
],
[
[
0.2655884098331999,
-0.6543780406469059,
0.9386087879435193
],
[
-0.1518559331342992,
-0.39998196274897935,
0.06624254829724263
]
],
[
[
-0.5424414392887333,
-0.687626239624032,
0.5191650026847429
],
[
0.26119620843580604,
-0.2481587156541366,
0.11787355431393776
]
],
[
[
-0.363397043467036,
-0.7759520427313011,
1.2156014979051832
],
[
-0.4957476263806681,
-0.29072352341534374,
0.3512887031110383
]
],
[
[
-0.3441454064832452,
-0.6444263735938802,
0.867481136184291
],
[
-0.4244043014507256,
-1.6358334098698304,
0.7641825485795427
]
],
[
[
-0.42511064119146935,
-1.2116883685795359,
0.9128584720056718
],
[
-0.36576553671640094,
-0.39495399421935473,
0.33890453629887074
]
],
[
[
-0.17058241287635262,
-1.0727831819973812,
0.5760828288405955
],
[
-0.4834528070948151,
-0.36147265253704675,
1.205486870057716
]
],
[
[
-0.048435167374956956,
-0.685510114465276,
1.3885273191317373
],
[
-0.6361409535099415,
-0.47609630184067453,
0.6070237912922984
]
],
[
[
0.062078478509564064,
-1.1526729726204015,
1.0595438334962688
],
[
0.2927753791639942,
-0.4563411302406886,
0.3799109139606456
]
],
[
[
0.26008411854165636,
-0.7811802283480632,
0.5466652112398368
],
[
-0.3028440611933975,
-0.9915142723228618,
1.3459595590275504
]
],
[
[
-0.08662309035894258,
-1.0065211361276454,
1.448587617471996
],
[
-0.09159221954965548,
-1.7326555393578698,
0.7610527920263519
]
],
[
[
-0.08991842840586312,
-1.3595148748164496,
1.3631132025022699
],
[
-0.25806232975633947,
-0.43243308098591604,
1.0280804041278402
]
],
[
[
-0.14704902040775647,
-1.633825912032751,
1.1270394390693768
],
[
-0.0573984660409093,
-0.6608926074986028,
0.9140522022921936
]
],
[
[
1.12887878606843,
0.8913564402860452,
-2.281543436287261
],
[
1.6981791547994423,
1.706354581973145,
-2.17349197072891
]
],
[
[
0.7745191591319592,
1.1852336088985846,
-2.1480841510461
],
[
1.6702471126227767,
1.6298344163879528,
-2.1493312737160637
]
],
[
[
0.25972409178503675,
0.09910710890015184,
-0.10656869117356733
],
[
-0.003459364985451574,
-0.6485091141493937,
0.5031890075195029
]
],
[
[
-1.2865039494480155,
0.15459989124801138,
0.17048370068853616
],
[
-1.7040968498605915,
-0.5020504242607926,
0.7985175633641095
]
],
[
[
-1.5845013797713856,
-0.10779903262310248,
1.0712110595217983
],
[
-1.3561931339873787,
-0.178042247062241,
0.10015944620132877
]
],
[
[
-1.645163788448548,
0.25349804952981597,
1.2030804025540602
],
[
-1.473293296591112,
-0.3488782070005332,
0.42359122392669407
]
],
[
[
-1.082259612558126,
-0.23809913810389324,
1.0537768140656216
],
[
-0.275503416755562,
-0.8279801612495739,
1.0881980148985437
]
],
[
[
-1.1184431182986603,
-0.3782443337515571,
0.8639604523000608
],
[
-0.2551801044876637,
-0.8796716462346018,
0.8061018377125487
]
],
[
[
-0.7715071412631478,
-0.5685181402312796,
0.5253406613482342
],
[
-1.7235890046317683,
-0.40360782297480435,
0.7829153353884131
]
],
[
[
-1.5293777418215537,
-0.5418611633954212,
0.5965247192906582
],
[
-0.7214918388390201,
-0.31394842757623004,
1.1400099100856864
]
],
[
[
-0.7030200853419866,
-0.07928888997824238,
0.5698297848319832
],
[
-0.1761318080713078,
-0.8817382107719278,
0.2897158243935764
]
],
[
[
-0.17901270910490596,
-0.31106692901367045,
0.3347000007609592
],
[
-1.0923023725840757,
-0.641838208949842,
0.5723811968019832
]
],
[
[
-0.3752735529684967,
-0.33558295054582543,
0.28679635748061455
],
[
-0.7977660459338183,
-0.5540551032742409,
1.1664383368507216
]
],
[
[
-0.5146125122863344,
0.10214950063469984,
0.08802662540449986
],
[
-0.7842773827372302,
-0.7352871482470008,
0.563400916626153
]
],
[
[
-0.6224387037126125,
0.055164699507023046,
0.08545327327409716
],
[
-1.5628008208790019,
-0.0008190619530577606,
0.42099001798490565
]
],
[
[
-0.9683882565821892,
0.29083816920029637,
0.4524268450803503
],
[
-0.13324236696362368,
-0.24123095603921668,
0.31302171956455627
]
],
[
[
-0.6150833734062541,
-0.12677865431592517,
0.72073252252357
],
[
-0.02266098778400366,
0.1172413502064013,
-0.047049969075818765
]
],
[
[
-0.6857184249891263,
0.26783057521991,
0.7563569079281358
],
[
-0.48319096398497874,
-0.30206518675449257,
-0.04001075089712597
]
],
[
[
-0.4104881212184961,
0.2262560126173905,
0.7010223812462835
],
[
-1.1319681953218967,
-0.06788983632145665,
0.074169350445764
]
],
[
[
-1.0391988763259203,
-0.05481549528516899,
1.4602900681610964
],
[
-0.8292744117011233,
-0.5586164587390852,
0.622366259945279
]
],
[
[
-0.8157650645187237,
-0.045765343106971446,
1.2572012928758407
],
[
-0.5277302662753496,
0.2606419030772209,
0.3499248441091385
]
],
[
[
-0.7447015065052363,
0.363097527139519,
0.6885471129068655
],
[
-1.047717881896079,
-0.44400717206219664,
1.1952650628272368
]
],
[
[
-1.5484349547928926,
0.1269958887171976,
1.0724025457040416
],
[
-0.6276490696359233,
0.18477448331441512,
0.6866370888496632
]
],
[
[
-1.7430752386366877,
0.19513586402428426,
1.0586954483844195
],
[
-0.8244436559723779,
-0.18445605326209974,
0.9490323658884743
]
],
[
[
-1.1684403303586608,
0.05205765262413874,
1.3169015679736544
],
[
-1.9947368527321165,
0.29063025015983834,
0.8066886978707897
]
],
[
[
-0.9947207899376762,
-0.037521925639911455,
0.34295502748088214
],
[
-0.31759364778030363,
0.12946863845994147,
-0.37371294644805125
]
],
[
[
-0.6980244374014991,
0.14482938254782562,
-0.17127561128852548
],
[
-0.06328885436166998,
0.7194376799115031,
-0.6879341486455539
]
],
[
[
-0.3479825218282757,
0.4761457408225688,
-0.6369301632909196
],
[
0.37824410964784044,
0.9198042106115207,
-1.1620606631853545
]
],
[
[
0.3408606664307808,
0.711911950383895,
-1.007169696733819
],
[
0.571920702703957,
0.8908530504464411,
-1.9635123875857146
]
],
[
[
0.7608822779036476,
0.752356480145044,
-1.5132494020083862
],
[
1.0889211315756604,
1.4167503485807136,
-2.184793376290342
]
],
[
[
0.8425114333118836,
0.22444962541084096,
-1.159043732666113
],
[
1.02298095651351,
0.5798091480136596,
-2.0761862302589758
]
],
[
[
0.9831736766145839,
0.7497155072279351,
-1.5811511354570542
],
[
1.541373576348184,
1.0875845828856603,
-2.338948839103346
]
],
[
[
0.3042523102089082,
-1.0870035328601637,
0.2611764055057454
],
[
0.36971247252360623,
-0.3627322490908944,
-0.42522440645250675
]
],
[
[
0.42873060416079173,
-0.4907930201724659,
-0.0013084031945457264
],
[
0.5808551428876314,
0.07893158880130885,
-0.8089419801629788
]
],
[
[
0.47313342022468524,
-0.08731354232565315,
-0.8098490093601837
],
[
0.9729025708935723,
0.35963621122480777,
-1.551783449752919
]
],
[
[
0.03999890332074656,
0.42197735942423215,
-0.3585080034883943
],
[
0.4901554062912974,
0.59644220195558,
-1.2342483426037263
]
],
[
[
0.5070382458769457,
0.06681300629429807,
-0.38244785656160885
],
[
0.6832332189399232,
0.36996090738442255,
-1.3189609005348302
]
],
[
[
0.5956573430570578,
0.7191357949665307,
-0.02143421998698003
],
[
1.1425009845990939,
0.8376590639970193,
-0.8502371316634361
]
],
[
[
0.8660595698104425,
0.9648188985589855,
-0.7769080918440445
],
[
1.313407205726762,
1.0403768275819327,
-1.6680708670999702
]
],
[
[
0.9907753973684718,
1.2340608548529957,
-1.5213341073758493
],
[
1.568433346918419,
1.3553811508645448,
-2.3285470155341743
]
],
[
[
0.4135896265410675,
0.02687826174007177,
0.1761471537650229
],
[
0.719531577101922,
0.9383170850303948,
-0.09895063664080964
]
],
[
[
-0.04954178655767612,
0.33880812732540316,
0.24058995583151904
],
[
0.8679087723983315,
0.5226937361073715,
-0.11221389158825351
]
],
[
[
-0.5976903801384157,
-0.08927768827318558,
0.72677339637465
],
[
-0.6758558818204109,
0.13606267998544813,
-0.2443660749577975
]
],
[
[
0.06035301484739262,
0.31945802024526526,
0.210908045854878
],
[
-0.29731750205081475,
0.5550074370111587,
-0.6927446936435516
]
],
[
[
0.006189900133282966,
0.7192268949468338,
-0.577768206046235
],
[
0.6779398904969519,
-0.004374072592739309,
-0.7363670402859757
]
],
[
[
0.48645551493602474,
-0.19916474587075933,
0.020310497585669426
],
[
0.514210926768264,
0.009006407925179205,
-0.9573880284648154
]
],
[
[
0.01851190054040812,
-0.46196574891442527,
0.5556389332762792
],
[
0.3793792779886404,
-0.6788229879203893,
-0.35141546078415703
]
],
[
[
0.2614088932336761,
0.458775960545575,
0.2004169107330096
],
[
-0.4933138515415706,
0.10446827094034478,
-0.3517240491726306
]
],
[
[
0.5221524711399642,
0.24401516797373668,
0.12108218192669147
],
[
0.371686602374882,
-0.6742457475906006,
-0.24519218693320302
]
],
[
[
1.2350493574995691,
1.417976155850082,
-1.5614639761049438
],
[
1.2088002154290012,
0.8630090237609719,
-2.3929220116313
]
],
[
[
0.8104296046980639,
1.1650666855413,
-2.1641971474195345
],
[
1.2787369748363537,
1.2538162797520038,
-1.2851000443634528
]
],
[
[
0.7536195735279546,
0.700511872597209,
-0.804328586627178
],
[
1.2302597088008946,
0.4508269621267304,
-1.6472233765804334
]
],
[
[
1.0036539685191148,
0.8476194761499112,
-0.5959531511333594
],
[
0.7803839192933935,
0.7273215466448317,
-1.563258115079857
]
],
[
[
0.49975628889854185,
0.7959044281084826,
-1.8680991826169209
],
[
1.310179515573497,
1.344241014111495,
-1.6618440442171338
]
],
[
[
1.245262817240952,
1.2649486667612884,
-1.2725622114404158
],
[
0.9270708070949885,
0.468010451956273,
-1.7860243098105555
]
],
[
[
0.293877119420076,
0.9488472888823118,
-1.0687875107994174
],
[
0.7507281982864409,
0.07699049306885108,
-1.2452891236320602
]
],
[
[
0.7259775219745592,
1.093414903778137,
-1.649462504741261
],
[
1.2853553857616054,
0.2687657949558352,
-1.5654967210932509
]
],
[
[
1.0300338369364503,
0.9727710122358599,
-1.0288322966934238
],
[
0.38342212827349403,
0.28360024210995183,
-0.7018201442830961
]
],
[
[
0.5540671646149016,
0.07985980936298273,
-0.5141595450673486
],
[
1.1554139098486056,
0.8235996047538449,
-0.8061068155611643
]
],
[
[
0.7731157619611241,
0.5892619942151498,
-0.030791693299559386
],
[
0.573094244906418,
-0.0827244458880741,
-0.7438313955830509
]
],
[
[
-0.08756106066153604,
0.7446397519719101,
-0.665424334982752
],
[
0.7143075824781203,
0.395397960062248,
-0.18061834292706908
]
],
[
[
0.13839996421615086,
-0.6712075843619804,
0.9204030911632043
],
[
0.04455881195452019,
-1.5220955125378586,
0.40350506270229886
]
],
[
[
-0.7403387088989657,
-0.008378222096131883,
1.0374007101838902
],
[
-1.3097621995618147,
0.0618889456186886,
0.21836504953004932
]
],
[
[
0.08902780026577467,
0.05262287716929606,
0.031423269682183896
],
[
0.6009169457590947,
0.24018743756326139,
-0.8069018691573581
]
],
[
[
0.12253044374814814,
-0.6938624117713338,
0.2529408646006679
],
[
0.16889666163278955,
0.0027488378992549523,
-0.46300811449732254
]
],
[
[
-0.41560867201720203,
-0.036291404690699254,
0.4218235629917758
],
[
0.17237195031354563,
-0.18108287217511815,
-0.3739868533180732
]
],
[
[
0.19699245736386947,
0.6181270082430732,
-0.6205269628923439
],
[
-0.3282931738923786,
0.02660825325732219,
-0.008823956445724923
]
],
[
[
-0.4016983197932036,
0.10724419294058453,
-0.02995971621626361
],
[
0.5797781387671536,
-0.06560720838075647,
0.05266203850407905
]
],
[
[
0.05079874458842689,
0.6193056779164494,
-0.06821948668331322
],
[
-0.18339099744372692,
-0.35164933036098484,
-0.01921401119453832
]
],
[
[
-0.07201698945856636,
-0.44369297601808955,
0.38721330140251703
],
[
0.438563783685881,
-0.35144836205347274,
-0.4676540598236191
]
],
[
[
-0.40701340990222246,
-0.3568743743158075,
0.25560657586767743
],
[
-0.7278088592053829,
0.3313184904908923,
-0.39514749483455863
]
]
],
"contact_id_pairs": [
[
1,
2
],
[
1,
10
],
[
1,
3
],
[
1,
4
],
[
1,
80
],
[
4,
80
],
[
2,
3
],
[
2,
16
],
[
3,
16
],
[
4,
6
],
[
5,
51
],
[
6,
51
],
[
5,
8
],
[
5,
83
],
[
5,
88
],
[
7,
8
],
[
7,
88
],
[
8,
88
],
[
83,
88
],
[
6,
7
],
[
6,
14
],
[
7,
21
],
[
7,
65
],
[
21,
65
],
[
8,
11
],
[
8,
29
],
[
9,
29
],
[
11,
29
],
[
9,
12
],
[
9,
13
],
[
9,
25
],
[
12,
13
],
[
10,
11
],
[
10,
12
],
[
10,
26
],
[
12,
26
],
[
13,
17
],
[
15,
17
],
[
14,
15
],
[
14,
80
],
[
15,
18
],
[
15,
80
],
[
16,
17
],
[
16,
18
],
[
0,
19
],
[
0,
50
],
[
19,
68
],
[
19,
20
],
[
19,
58
],
[
0,
20
],
[
0,
48
],
[
20,
48
],
[
20,
69
],
[
48,
69
],
[
21,
86
],
[
59,
67
],
[
64,
67
],
[
67,
86
],
[
22,
23
],
[
22,
33
],
[
22,
81
],
[
33,
81
],
[
22,
24
],
[
22,
27
],
[
23,
24
],
[
24,
43
],
[
25,
28
],
[
25,
31
],
[
25,
38
],
[
28,
38
],
[
26,
28
],
[
27,
28
],
[
27,
30
],
[
29,
30
],
[
29,
31
],
[
30,
31
],
[
30,
32
],
[
32,
36
],
[
34,
36
],
[
34,
84
],
[
36,
89
],
[
33,
37
],
[
33,
44
],
[
34,
37
],
[
37,
44
],
[
35,
61
],
[
36,
37
],
[
36,
39
],
[
36,
61
],
[
37,
39
],
[
35,
87
],
[
60,
62
],
[
60,
66
],
[
62,
66
],
[
62,
87
],
[
66,
87
],
[
38,
40
],
[
40,
42
],
[
39,
41
],
[
39,
81
],
[
40,
41
],
[
40,
81
],
[
41,
42
],
[
41,
43
],
[
42,
43
],
[
44,
61
],
[
44,
66
],
[
44,
89
],
[
45,
61
],
[
45,
89
],
[
61,
89
],
[
45,
62
],
[
45,
79
],
[
46,
62
],
[
46,
74
],
[
47,
74
],
[
54,
74
],
[
47,
72
],
[
48,
71
],
[
48,
72
],
[
48,
75
],
[
49,
53
],
[
53,
74
],
[
55,
74
],
[
49,
73
],
[
50,
73
],
[
50,
75
],
[
70,
75
],
[
73,
75
],
[
51,
65
],
[
51,
67
],
[
51,
88
],
[
52,
67
],
[
65,
67
],
[
52,
64
],
[
53,
64
],
[
54,
63
],
[
54,
85
],
[
63,
76
],
[
63,
85
],
[
55,
63
],
[
55,
77
],
[
55,
82
],
[
63,
82
],
[
56,
59
],
[
59,
60
],
[
60,
78
],
[
78,
79
],
[
56,
71
],
[
56,
77
],
[
57,
76
],
[
70,
76
],
[
71,
76
],
[
57,
73
],
[
58,
68
],
[
58,
69
],
[
58,
72
],
[
68,
72
],
[
69,
72
],
[
69,
73
],
[
52,
78
],
[
82,
86
],
[
83,
84
],
[
84,
87
],
[
85,
86
],
[
86,
87
]
],
"contact_t_pairs": [
[
0.42352280604565773,
0.6475854900183277
],
[
0.15079617747835442,
0.917496916057396
],
[
0.536458178851459,
0.6837712597404636
],
[
0.8492038225216462,
0.6003499104998067
],
[
0.744127663483786,
0.7368130065544718
],
[
0.7247946783667689,
0.7798225771344737
],
[
0.4096731627563892,
0.4022478778621703
],
[
0.3524145099816726,
0.7721210658162653
],
[
0.31622874025953657,
0.7171407588996872
],
[
0.27520532163323114,
0.6277212283024148
],
[
0.7850011496074624,
0.360355836333228
],
[
0.8484506427517039,
0.015117770544706645
],
[
0.21499885039253766,
0.8012611479527534
],
[
0.43466701812235753,
0.22644882561304813
],
[
0.3013219850494833,
0.30963447049430415
],
[
0.7697048510754961,
0.592944611668124
],
[
0.7216209758950726,
0.08285288651506711
],
[
0.6494235514573252,
0.14009235255779048
],
[
0.39769987062766665,
0.4694199892732146
],
[
0.15154935724829605,
0.23029514892450398
],
[
0.31327316585390574,
0.616750074360502
],
[
0.5946877998351567,
0.8349768504868657
],
[
0.5468977979560342,
0.10370777731267664
],
[
0.800769248999454,
0.17691204605154956
],
[
0.19873885204724692,
0.7736037832786824
],
[
0.23331697384885972,
0.6296987897296353
],
[
0.8607838304185149,
0.3703012102703647
],
[
0.8415718842298192,
0.5690933254597745
],
[
0.2841221559090784,
0.6292470603382289
],
[
0.4097604368232958,
0.6515951791910582
],
[
0.13921616958148528,
0.8439322788352445
],
[
0.6659546343205027,
0.5196961371544778
],
[
0.44455488338389715,
0.15842811577018065
],
[
0.08250308394260417,
0.4809313099303898
],
[
0.18033183529560426,
0.8799197067925646
],
[
0.3340453656794979,
0.9616390305960907
],
[
0.34840482080894125,
0.8026600960865214
],
[
0.8037675019241199,
0.4549556427767089
],
[
0.4921074183538768,
0.19623249807588025
],
[
0.38324992563949806,
0.2441770139440683
],
[
0.5511789861046973,
0.7552368958487383
],
[
0.3041642748210624,
0.22017742286552622
],
[
0.2278789341837349,
0.1973399039134784
],
[
0.5396962184243055,
0.2447631041512612
],
[
0.5466226952605898,
0.3919155769062147
],
[
0.7854459449659326,
0.9886595676181243
],
[
0.10084123514964824,
0.8375826281660728
],
[
0.8991587648503522,
0.9711216512720791
],
[
0.5709961693007348,
0.8462837264570212
],
[
0.27834170813314196,
0.43332698550661436
],
[
0.21455405503406794,
1.0
],
[
0.33510696724209965,
0.9161273691538991
],
[
0.028878348727921742,
0.012359168069251796
],
[
0.6229174605791543,
0.27709883092092025
],
[
0.1650231495131345,
0.6312597129362078
],
[
0.24038478646913786,
0.007522776913072305
],
[
0.06969436854178679,
0.46058049951768154
],
[
0.30282266543850506,
0.8897563718788799
],
[
0.4477941101645337,
0.6291295268417322
],
[
0.2525564003847548,
0.8091071144508262
],
[
0.10066227808956071,
0.9999999448330579
],
[
0.6614997234552127,
0.8868250200573223
],
[
0.5962015909359407,
0.8272843881016279
],
[
0.899337721910439,
0.923821700859645
],
[
0.3708704731582684,
0.6418197712759235
],
[
0.17271561189837203,
0.519386631184713
],
[
0.2338740023280269,
0.8043255865305216
],
[
0.4431094368604051,
0.8715551229174029
],
[
0.15606772116475565,
0.49223666009500827
],
[
0.7497526532084968,
0.5658720694639877
],
[
0.038360969403908936,
0.535789412478836
],
[
0.6285250263412252,
0.19567441346947792
],
[
0.07617829914035515,
0.7383356014904605
],
[
0.433226322178948,
0.33546850329434
],
[
0.39429752577110616,
0.21564279438639125
],
[
0.26166439850953976,
0.12844487708259672
],
[
0.5853791186610348,
0.7452642590822428
],
[
0.2547357409177572,
0.6725359740961246
],
[
0.46401913744795553,
0.4423799888397388
],
[
0.6876216449043318,
0.07017117974845474
],
[
0.8261396019186656,
0.24391298345788376
],
[
0.3700271506252698,
0.76842588675466
],
[
0.1908928855491739,
0.2828649958283269
],
[
0.31237835509566825,
0.4273160419419333
],
[
0.712947846999022,
0.12000264673106929
],
[
0.03223323351357931,
0.023089252987313923
],
[
0.2777961723182542,
0.2963111647070986
],
[
0.1738603980813343,
0.6933515292603376
],
[
0.46637992095251374,
0.3520368936282195
],
[
0.23157411324533972,
0.7673989748498125
],
[
0.967766766486421,
0.5190447178764735
],
[
0.10844105852581781,
0.020726865247657687
],
[
0.2605131032728088,
0.10839551784473815
],
[
0.19664016324783654,
0.33009310678299264
],
[
0.2790145332057185,
0.24978219469108365
],
[
0.40925677446582354,
0.3217620755861124
],
[
0.4341279305360121,
0.7821763077478272
],
[
0.6014675225652367,
0.8773969702360638
],
[
0.6424824881942828,
0.9999999958762983
],
[
0.23260102515018757,
5.5166942220129485e-08
],
[
0.21782369225217282,
0.7882737324419149
],
[
0.4187105158332664,
0.18903703965080867
],
[
0.024000019739947163,
0.22395458890187905
],
[
4.123701614992551e-09,
0.4566129919505948
],
[
0.12260302976393596,
0.5433870080494051
],
[
0.4992114524051623,
0.755244302976296
],
[
0.8799973532689302,
0.891604482155262
],
[
0.6169648388819041,
0.5760902831032652
],
[
0.011590495022781703,
0.9394684857818772
],
[
0.07512278407698397,
0.7560870165421159
],
[
0.9769107470126862,
0.7320870663510404
],
[
0.6985077345751227,
0.8375586323984845
],
[
0.9884095049772181,
0.01668170412976391
],
[
0.09447399298623327,
0.9792731347523423
],
[
0.9055260070137666,
0.07676979632761477
],
[
0.1178194296796652,
0.23110587074374025
],
[
0.9131462390632687,
0.4080451887795608
],
[
0.882180570320335,
0.08048512780611393
],
[
0,
0.9529688053730883
],
[
0.40863536959235996,
0.4618397746529609
],
[
0.21294986437049823,
0.22261048696121527
],
[
0.3248451000322313,
0.8849630030333193
],
[
0.5375710409868727,
0.9232302036723851
],
[
0.8590942685192274,
0.7293480406848176
],
[
0.6751548999677679,
0.9870471652372501
],
[
0.04899954491340812,
0.6496214263844551
],
[
0.011340432381875615,
0.43269675236768684
],
[
0.9133979889864737,
0.7773895130387847
],
[
0.7090998377025366,
0.489900727395307
],
[
0.6300177105722864,
0.8139325118404467
],
[
0.688081611097632,
0.9122876479501624
],
[
0.9848822294552931,
0.9171471134849326
],
[
0.16047505132933065,
0.6934753181328592
],
[
0.8962922226873234,
0.9924772230869281
],
[
0.7160573356056771,
0.6121886909884835
],
[
0.1150369969666795,
0.9303056314582138
],
[
0.32485966278204337,
0.30537098028923293
],
[
0.08685376093673107,
0.28274274203145355
],
[
0.5881954053863957,
0.9915967204976757
],
[
0.20675289620184667,
0.06206096373531379
],
[
0.33015461228934456,
0.7932471037981534
],
[
0.14090573148077265,
0.008787011819096774
],
[
0.45625103021692953,
0.9888916066906253
],
[
0.7285293597151263,
0.8418271903514877
],
[
0.03697064459323699,
0.759615213530862
],
[
0.4806708029111009,
0.6524067210843191
],
[
0.8915589414741824,
0.08984972707225572
],
[
0.2533965200328632,
0.983318295870236
],
[
0.7457939879281015,
0.04703119462691175
],
[
0.9630293554067626,
0.991212988180903
],
[
0.29314261424333443,
0.008403279502324012
],
[
0.08660201101352612,
0.40412173053932005
],
[
0.3789816702679448,
0.21111839048771477
],
[
0.7068573857566655,
0.2856081021587058
],
[
0.367317802592255,
0.2913422799984648
],
[
0.15371627354297912,
0.5898782243679541
],
[
0.23647217247072982,
0.79677688448141
],
[
0.1624173718339275,
0.919514872193886
],
[
0.5117955179116401,
0.7050748607820665
],
[
0.9876408319307487,
0.012952834762749462
],
[
0.8395249486706694,
0.9101502729277443
],
[
0.011108393309375408,
0.5006004580500749
],
[
0.7735511743869519,
0.929828820251545
],
[
0.5422030841684491,
0.7502178053089164
],
[
0.9379390362646862,
0.11024362812112022
],
[
0.31843883385313054,
0.5865732788517641
]
],
"half_couplers": [
{
"pose": [
[
0.6611985037328626,
0.09107272883239112,
0.744662538821744,
-0.19337659153873218
],
[
-0.41727678706302285,
-0.7802483094638095,
0.4659320321218835,
-1.431675504569947
],
[
0.6234553886524554,
-0.6188039541259324,
-0.47789647908132427,
0.6709955026425551
],
[
0.0,
0.0,
0.0,
1.0
]
],
"at_element": 1,
"to_element": 2
},
{
"pose": [
[
-0.8793392079972673,
-0.0910727288323919,
-0.46740594277539954,
-0.19665520871753622
],
[
-0.35465954377185915,
0.7802483094638087,
0.5151981983571033,
-1.4035865745034197
],
[
0.31777219086992986,
0.6188039541259333,
-0.7184027429428668,
0.6932724377944923
],
[
0.0,
0.0,
0.0,
1.0
]
],
"at_element": 2,
"to_element": 1
},
{
"pose": [
[
-0.30798625241197675,
0.5921335758093607,
0.7446625388217446,
-0.39646589517195513
],
[
0.8751012997809022,
-0.13078630113489687,
0.4659320321218831,
-1.5587475768320604
],
[
0.37328565931067004,
0.7951558160729708,
-0.4778964790813238,
0.8013305981865899
],
[
0.0,
0.0,
0.0,
1.0
]
],
"at_element": 1,
"to_element": 10
},
{
"pose": [
[
-0.8018331111757737,
-0.5921335758093593,
-0.08025889496748068,
-0.41778269510208293
],
[
0.0026517650705256135,
0.13078630113489664,
-0.99140703627595,
-1.5540392719346674
],
[
0.5975421574786086,
-0.7951558160729717,
-0.10329858760474919,
0.7727050006238497
],
[
0.0,
0.0,
0.0,
1.0
]
],
"at_element": 10,
"to_element": 1
},
{
"pose": [
[
-0.574657134367349,
-0.3394803104691925,
0.7446625388217454,
-0.10927785010238408
],
[
0.08338872624150395,
0.8808823200510927,
0.4659320321218792,
-1.3790552968200975
],
[
-0.8141348157747132,
0.32984762698122455,
-0.4778964790813267,
0.6170240856149259
],
[
0.0,
0.0,
0.0,
1.0
]
],
"at_element": 1,
"to_element": 3
},
{
"pose": [
[
0.9334501944085576,
0.33948031046919097,
-0.11586135405029524,
-0.09705655027883205
],
[
0.35869621585823647,
-0.8808823200510947,
0.3088419708368392,
-1.410767082778263
],
[
0.002785549785521653,
-0.32984762698122183,
-0.9440300756264335,
0.605149562642288
],
[
0.0,
0.0,
0.0,
1.0
]
],
"at_element": 3,
"to_element": 1
},
{
"pose": [
[
0.4005354582449534,
-0.5338998501255259,
0.7446625388217447,
0.12361211491849809
],
[
-0.88471205489206,
-0.013853568906285307,
0.4659320321218832,
-1.2333370835275812
],
[
-0.23844480832505877,
-0.845434224919065,
-0.4778964790813238,
0.46756404365692067
],
[
0.0,
0.0,
0.0,
1.0
]
],
"at_element": 1,
"to_element": 4
},
{
"pose": [
[
0.7649712340004841,
0.5338998501255241,
-0.36023597986281103,
0.14283251654859988
],
[
-0.43389532343418935,
0.013853568906282865,
-0.9008567738161816,
-1.232838354864656
],
[
-0.4759767425554708,
0.845434224919066,
0.24225422985322942,
0.4979996868790677
],
[
0.0,
0.0,
0.0,
1.0
]
],
"at_element": 4,
"to_element": 1
},
{
"pose": [
[
0.07120594312699191,
-0.663631989086531,
0.7446625388217472,
0.04536583555972776
],
[
-0.7673855597476729,
0.4404846695783251,
0.46593203212188,
-1.2822954318356534
],
[
-0.6372198336164268,
-0.6046204089571638,
-0.47789647908132293,
0.5177795700965034
],
[
0.0,
0.0,
0.0,
1.0
]
],
"at_element": 1,
"to_element": 80
},
{
"pose": [
[
0.7421498643827049,
0.6636319890865283,
-0.09384115226163092,
0.06925658267972279
],
[
0.28629179092497725,
-0.4404846695783309,
-0.850887928175878,
-1.2981528769621546
],
[
-0.6060120372118872,
0.6046204089571628,
-0.5168980284609062,
0.5395459007308456
],
[
0.0,
0.0,
0.0,
1.0
]
],
"at_element": 80,
"to_element": 1
},
{
"pose": [
[
0.20246116364870625,
0.9106258924642392,
-0.36023597986281114,
0.09800303365724464
],
[
-0.3290002244976278,
-0.28322416095737823,
-0.9008567738161819,
-1.344945266963591
],
[
-0.9223710367821196,
0.3009062289546313,
0.2422542298532282,
0.5281469582779422
],
[
0.0,
0.0,
0.0,
1.0
]
],
"at_element": 4,
"to_element": 80
},
{
"pose": [
[
-0.4024354881417851,
-0.9106258924642396,
-0.09384115226163064,
0.06522051501821749
],
[
-0.44246334123241327,
0.28322416095737757,
-0.8508879281758782,
-1.3347492013647066
],
[
0.8014186605947808,
-0.3009062289546308,
-0.5168980284609055,
0.5173143384930925
],
[
0.0,
0.0,
0.0,
1.0
]
],
"at_element": 80,
"to_element": 4
},
{
"pose": [
[
0.6639106211838628,
-0.5837416995020126,
-0.467405942775399,
-0.08545357309578044
],
[
-0.33202430260568444,
-0.7901459858081941,
0.5151981983571046,
-1.5261585768757158
],
[
-0.670061601316227,
-0.186855423720318,
-0.7184027429428665,
0.86418930627939
],
[
0.0,
0.0,
0.0,
1.0
]
],
"at_element": 2,
"to_element": 3
},
{
"pose": [
[
-0.803630372061767,
0.5837416995020127,
-0.1158613540502942,
-0.06443887005759463
],
[
0.5294203983233098,
0.7901459858081941,
0.30884197083684267,
-1.4977133188742073
],
[
0.2718313207469915,
0.1868554237203165,
-0.9440300756264322,
0.8709161021274624
],
[
0.0,
0.0,
0.0,
1.0
]
],
"at_element": 3,
"to_element": 2
},
{
"pose": [
[
-0.052516044411306195,
0.8824815860615038,
-0.46740594277540237,
-0.0586905385135648
],
[
0.7950170017267018,
0.32018554523133014,
0.5151981983570998,
-1.5556581316256046
],
[
0.6043095498541088,
-0.34453949974899634,
-0.7184027429428679,
0.9053240794899595
],
[
0.0,
0.0,
0.0,
1.0
]
],
"at_element": 2,
"to_element": 16
},
{
"pose": [
[
0.4703206969903213,
-0.8824815860615021,
-0.004969129190712018,
-0.09045985968585453
],
[
-0.608448884517347,
-0.3201855452313298,
-0.7261344032302233,
-1.567184805475624
],
[
0.6392091965171767,
0.344539499749001,
-0.6875348254456453,
0.9177274952631054
],
[
0.0,
0.0,
0.0,
1.0
]
],
"at_element": 16,
"to_element": 2
},
{
"pose": [
[
-0.04896535960654158,
0.9920577302739166,
-0.11586135405029366,
-0.05447257630071482
],
[
0.9474993058129089,
0.08283539420846486,
0.30884197083684134,
-1.52427963886109
],
[
0.31598648553800257,
-0.09465599436957799,
-0.9440300756264333,
0.9521207551037973
],
[
0.0,
0.0,
0.0,
1.0
]
],
"at_element": 3,
"to_element": 16
},
{
"pose": [
[
0.1256851922815556,
-0.9920577302739164,
-0.00496912919070841,
-0.09018665543784102
],
[
-0.6825445962805801,
-0.08283539420846298,
-0.7261344032302208,
-1.5272617131233401
],
[
0.7199556281669925,
0.09465599436958116,
-0.6875348254456481,
0.9555283709819429
],
[
0.0,
0.0,
0.0,
1.0
]
],
"at_element": 16,
"to_element": 3
},
{
"pose": [
[
0.3390252826207958,
0.8690753112108116,
-0.3602359798628122,
0.25996129611604163
],
[
-0.36836007414021926,
-0.22971270937610733,
-0.9008567738161823,
-0.9399296495145237
],
[
-0.8656631640097098,
0.4381097745941296,
0.2422542298532252,
0.41923203491225114
],
[
0.0,
0.0,
0.0,
1.0
]
],
"at_element": 4,
"to_element": 6
},
{
"pose": [
[
-0.45798351298910633,
-0.8690753112108107,
0.18697380905888936,
0.2286745928651893
],
[
-0.7083778616438039,
0.22971270937610788,
-0.6674075788332341,
-0.9316599940790395
],
[
0.537077189017658,
-0.4381097745941313,
-0.7208383441812531,
0.4034600870359186
],
[
0.0,
0.0,
0.0,
1.0
]
],
"at_element": 6,
"to_element": 4
},
{
"pose": [
[
-0.24145667635462997,
-0.896732195806405,
0.37090435754787154,
0.2955588993400854
],
[
-0.3931707116401526,
-0.2590366781041902,
-0.8822226424804129,
-0.8353334700468885
],
[
0.8871952800551589,
-0.35884727726564963,
-0.29002270022685916,
0.0009093635276955364
],
[
0.0,
0.0,
0.0,
1.0
]
],
"at_element": 5,
"to_element": 51
},
{
"pose": [
[
-0.43770576435998576,
0.8967321958064036,
0.06546016231469787,
0.32784126174633005
],
[
0.6390079083266191,
0.2590366781041906,
0.7242712837692692,
-0.826008148665348
],
[
0.6325207956597791,
0.358847277265652,
-0.6864008119582525,
0.013827866852722692
],
[
0.0,
0.0,
0.0,
1.0
]
],
"at_element": 51,
"to_element": 5
},
{
"pose": [
[
-0.061057310103806106,
-0.9804656034807631,
0.18697380905889097,
0.2699452122561113
],
[
-0.7402551369970884,
-0.08117546344420701,
-0.6674075788332343,
-1.0789764781539175
],
[
0.6695478601506463,
-0.1791584341462081,
-0.720838344181252,
0.2443498614121958
],
[
0.0,
0.0,
0.0,
1.0
]
],
"at_element": 6,
"to_element": 51
},
{
"pose": [
[
-0.1854782131163586,
0.9804656034807628,
0.06546016231469659,
0.3052419219226011
],
[
0.6847201265055924,
0.08117546344420612,
0.7242712837692683,
-1.0760541657800198
],
[
0.7048093223115939,
0.17915843414621058,
-0.6864008119582539,
0.2507995555288602
],
[
0.0,
0.0,
0.0,
1.0
]
],
"at_element": 51,
"to_element": 6
},
{
"pose": [
[
-0.7940007378313996,
-0.48165629433777274,
0.3709043575478692,
0.08414256274896557
],
[
-0.46323107587381457,
0.08426256250354058,
-0.8822226424804145,
-0.3324645354135859
],
[
0.3936747371472813,
-0.8722998536542017,
-0.2900227002268567,
0.1662229694815255
],
[
0.0,
0.0,
0.0,
1.0
]
],
"at_element": 5,
"to_element": 8
},
{
"pose": [
[
-0.3495336110942331,
0.48165629433777224,
0.8036376477245394,
0.10148218486508151
],
[
0.8942975544728426,
-0.0842625625035398,
0.4394675239698951,
-0.33549798687995946
],
[
0.2793888665987224,
0.8722998536542022,
-0.40129144837080544,
0.19762575609952848
],
[
0.0,
0.0,
0.0,
1.0
]
],
"at_element": 8,
"to_element": 5
},
{
"pose": [
[
0.20730969916558017,
0.9052362377765707,
0.37090435754786794,
0.16561844337451193
],
[
0.3830745685509517,
0.2737463863220433,
-0.8822226424804143,
-0.5262607668170184
],
[
-0.9001536333101028,
0.3249773373509954,
-0.29002270022685916,
0.10251421432263678
],
[
0.0,
0.0,
0.0,
1.0
]
],
"at_element": 5,
"to_element": 83
},
{
"pose": [
[
0.4223713149057273,
-0.905236237776571,
0.046366217884642236,
0.1330300193362439
],
[
-0.6631709303098281,
-0.2737463863220422,
0.6966112496705896,
-0.536115612374591
],
[
-0.6179051622512989,
-0.32497733735099527,
-0.7159489790979896,
0.0908150590850672
],
[
0.0,
0.0,
0.0,
1.0
]
],
"at_element": 83,
"to_element": 5
},
{
"pose": [
[
0.40509391220636304,
0.8356607444683193,
0.3709043575478693,
0.11616018955041818
],
[
0.43471994723259083,
0.18083632536901673,
-0.882222642480414,
-0.4086207593778291
],
[
-0.8043118112843034,
0.5186225444209742,
-0.2900227002268574,
0.14118730087627146
],
[
0.0,
0.0,
0.0,
1.0
]
],
"at_element": 5,
"to_element": 88
},
{
"pose": [
[
0.20243120868550246,
-0.8356607444683191,
0.510580773144447,
0.08607641787858702
],
[
-0.9791777952045022,
-0.18083632536901728,
0.09224461396461622,
-0.41513086381720393
],
[
0.015246348040649643,
-0.5186225444209746,
-0.8548673612261366,
0.12251689866639934
],
[
0.0,
0.0,
0.0,
1.0
]
],
"at_element": 88,
"to_element": 5
},
{
"pose": [
[
0.8633259555846443,
0.28356395211361696,
-0.4174443429674992,
-0.05572052600290733
],
[
0.4106055986160453,
-0.8756058919030361,
0.25439607789792706,
-0.458568145394292
],
[
-0.2933791689929942,
-0.3910317213812652,
-0.8723662396462766,
0.26714426137329134
],
[
0.0,
0.0,
0.0,
1.0
]
],
"at_element": 7,
"to_element": 8
},
{
"pose": [
[
-0.5232188989528908,
-0.28356395211361707,
0.8036376477245395,
-0.06592882633682173
],
[
0.20045602370709506,
0.8756058919030355,
0.43946752396989514,
-0.42704633928295044
],
[
-0.828287007225192,
0.391031721381266,
-0.4012914483708052,
0.2812214006647768
],
[
0.0,
0.0,
0.0,
1.0
]
],
"at_element": 8,
"to_element": 7
},
{
"pose": [
[
0.8936260718346698,
-0.16484133056297037,
-0.41744434296749916,
-0.035648184320884166
],
[
-0.059222397319007684,
-0.9652851098022504,
0.2543960778979271,
-0.47080049465032525
],
[
-0.44488779640840576,
-0.20261291304427798,
-0.872366239646277,
0.3090910107520584
],
[
0.0,
0.0,
0.0,
1.0
]
],
"at_element": 7,
"to_element": 88
},
{
"pose": [
[
-0.8438806845955464,
0.16484133056297054,
0.5105807731444474,
-0.02971389860445424
],
[
0.24436773107056806,
0.9652851098022497,
0.0922446139646172,
-0.436050243485653
],
[
-0.4776502927644604,
0.2026129130442781,
-0.8548673612261362,
0.31638507293741314
],
[
0.0,
0.0,
0.0,
1.0
]
],
"at_element": 88,
"to_element": 7
},
{
"pose": [
[
-0.20958768013131812,
-0.5569915039719558,
0.8036376477245394,
-0.02054022401865213
],
[
-0.4221045140941837,
0.7929035720420753,
0.4394675239698953,
-0.40222567945734533
],
[
-0.8819868386311017,
-0.24711209995865469,
-0.401291448370805,
0.25855688511432073
],
[
0.0,
0.0,
0.0,
1.0
]
],
"at_element": 8,
"to_element": 88
},
{
"pose": [
[
0.6550326240717147,
0.5569915039719563,
0.5105807731444478,
-0.0004885277779851857
],
[
0.6023245442761208,
-0.7929035720420758,
0.09224461396461608,
-0.43077021103700114
],
[
0.4562207851077012,
0.24711209995865402,
-0.8548673612261366,
0.2674529216434771
],
[
0.0,
0.0,
0.0,
1.0
]
],
"at_element": 88,
"to_element": 8
},
{
"pose": [
[
0.6694856876593085,
-0.7413764818622295,
0.0463662178846414,
0.14097028260236424
],
[
-0.553601754377447,
-0.45635278500584797,
0.6966112496705889,
-0.4168202078995634
],
[
-0.49529184484458827,
-0.49203968108170887,
-0.7159489790979905,
-0.0317919517626129
],
[
0.0,
0.0,
0.0,
1.0
]
],
"at_element": 83,
"to_element": 88
},
{
"pose": [
[
-0.4355091115428029,
0.7413764818622297,
0.5105807731444474,
0.16765983159400974
],
[
0.8850045575091268,
0.45635278500584775,
0.09224461396461692,
-0.4003915103203073
],
[
-0.16461697042308038,
0.4920396810817087,
-0.8548673612261364,
-0.014078526134277042
],
[
0.0,
0.0,
0.0,
1.0
]
],
"at_element": 88,
"to_element": 83
},
{
"pose": [
[
0.52854612922982,
-0.828057838560921,
0.18697380905888988,
0.13964292436750206
],
[
-0.5501733902430732,
-0.5018728567918391,
-0.6674075788332353,
-0.6138592785103189
],
[
0.6464891568654632,
0.24988767799436204,
-0.7208383441812516,
0.7467030301122582
],
[
0.0,
0.0,
0.0,
1.0
]
],
"at_element": 6,
"to_element": 7
},
{
"pose": [
[
-0.37424649166324553,
0.8280578385609213,
-0.4174443429674997,
0.16945300270180802
],
[
0.826683900391045,
0.5018728567918389,
0.2543960778979255,
-0.5957918580015932
],
[
0.4201586513592232,
-0.24988767799436137,
-0.8723662396462766,
0.7377070748674704
],
[
0.0,
0.0,
0.0,
1.0
]
],
"at_element": 7,
"to_element": 6
},
{
"pose": [
[
-0.21843622871068957,
-0.957771584832554,
0.18697380905888808,
0.16988104087800382
],
[
-0.7436542060624801,
0.03931342673367466,
-0.6674075788332334,
-0.7217949740514782
],
[
0.6318734333648109,
-0.28482985406342864,
-0.7208383441812543,
0.6301263077023048
],
[
0.0,
0.0,
0.0,
1.0
]
],
"at_element": 6,
"to_element": 14
},
{
"pose": [
[
-0.17161739805677256,
0.9577715848325545,
0.23069690065443024,
0.2043608091429212
],
[
0.7166424629942958,
-0.03931342673367566,
0.6963318423797129,
-0.7232102570531282
],
[
0.6759963379469542,
0.28482985406342626,
-0.679632919535623,
0.6403801798348281
],
[
0.0,
0.0,
0.0,
1.0
]
],
"at_element": 14,
"to_element": 6
},
{
"pose": [
[
-0.6561209409236854,
-0.628685558451799,
-0.41744434296749977,
0.017339351960225277
],
[
-0.748566672914385,
0.612315745144643,
0.2543960778979282,
-0.5030917967950947
],
[
0.09567260361935429,
0.47939951693979643,
-0.8723662396462759,
0.419823228237806
],
[
0.0,
0.0,
0.0,
1.0
]
],
"at_element": 7,
"to_element": 21
},
{
"pose": [
[
-0.7317710958192374,
0.6286855584517984,
-0.2631834567704875,
0.03997199795056825
],
[
-0.25717583728081783,
-0.6123157451446439,
-0.747616223049547,
-0.5251351303946438
],
[
-0.6311668971376928,
-0.4793995169397963,
0.6097576986930686,
0.4025648716412917
],
[
0.0,
0.0,
0.0,
1.0
]
],
"at_element": 21,
"to_element": 7
},
{
"pose": [
[
0.7466099982363037,
-0.5179900877990031,
-0.4174443429674999,
0.03728901789507112
],
[
-0.4512192920121958,
-0.8553851682523881,
0.25439607789792396,
-0.5152493858358781
],
[
-0.48885034627133017,
-0.0015757143824000064,
-0.872366239646277,
0.4615136124697846
],
[
0.0,
0.0,
0.0,
1.0
]
],
"at_element": 7,
"to_element": 65
},
{
"pose": [
[
-0.7755391704070258,
0.5179900877990022,
0.3608673774482319,
0.05593665416021902
],
[
0.4704138091346198,
0.8553851682523886,
-0.21685723900596543,
-0.4844555311658977
],
[
-0.42101050264790324,
0.0015757143823988268,
-0.9070543940604363,
0.4615703381665746
],
[
0.0,
0.0,
0.0,
1.0
]
],
"at_element": 65,
"to_element": 7
},
{
"pose": [
[
-0.2665664137262109,
-0.9271875835856968,
-0.2631834567704882,
0.04897487275785255
],
[
0.6637869931024233,
0.02137313316235323,
-0.7476162230495456,
-0.49956097257104104
],
[
0.6988055343664574,
-0.37398713082583623,
0.60975769869307,
0.3817065232805179
],
[
0.0,
0.0,
0.0,
1.0
]
],
"at_element": 21,
"to_element": 65
},
{
"pose": [
[
0.10048841096440486,
0.927187583585697,
0.3608673774482327,
0.0823536866380317
],
[
0.9759693269101927,
-0.021373133162353675,
-0.2168572390059646,
-0.5003304067680603
],
[
-0.19335447290485586,
0.3739871308258356,
-0.9070543940604361,
0.39517008454299896
],
[
0.0,
0.0,
0.0,
1.0
]
],
"at_element": 65,
"to_element": 21
},
{
"pose": [
[
0.5870020382290477,
-0.09795477668145003,
0.8036376477245393,
-0.38272741571800856
],
[
-0.6963432630502862,
-0.5674278415624749,
0.4394675239698955,
-0.600286968398209
],
[
0.4129584326774591,
-0.8175759942323637,
-0.401291448370805,
0.43941280089915197
],
[
0.0,
0.0,
0.0,
1.0
]
],
"at_element": 8,
"to_element": 11
},
{
"pose": [
[
-0.9934198610356706,
0.0979547766814499,
0.05934510447506837,
-0.37920104385048775
],
[
0.10474066239162662,
0.5674278415624738,
0.8167343743601805,
-0.579859566640752
],
[
0.04632896870892762,
0.8175759942323646,
-0.5739539357068022,
0.46884553591520084
],
[
0.0,
0.0,
0.0,
1.0
]
],
"at_element": 11,
"to_element": 8
},
{
"pose": [
[
-0.38620978209533474,
0.45277868255213116,
0.8036376477245393,
-0.3549391352506278
],
[
0.8981507749867399,
-0.013909736391762184,
0.4394675239698952,
-0.5850910068265248
],
[
0.21015991436188036,
0.891514432782705,
-0.40129144837080566,
0.42553689631944064
],
[
0.0,
0.0,
0.0,
1.0
]
],
"at_element": 8,
"to_element": 29
},
{
"pose": [
[
-0.7192914624135991,
-0.45277868255213016,
0.5268882772706786,
-0.37123917482190766
],
[
-0.5965581336225886,
0.013909736391759742,
-0.8024493207936846,
-0.5845902561013939
],
[
0.35600306923907254,
-0.8915144327827055,
-0.28011396043840997,
0.39344236295754353
],
[
0.0,
0.0,
0.0,
1.0
]
],
"at_element": 29,
"to_element": 8
},
{
"pose": [
[
-0.5103285264997917,
0.8497341456261326,
-0.13235058291363247,
-0.4773222851855555
],
[
0.7141725850627597,
0.5044906369668513,
0.4852285193159569,
-0.358275179246207
],
[
0.4790848711714105,
0.15310479734419588,
-0.8643127947941451,
0.4716150197225474
],
[
0.0,
0.0,
0.0,
1.0
]
],
"at_element": 9,
"to_element": 29
},
{
"pose": [
[
0.0184560296857752,
-0.8497341456261329,
0.5268882772706792,
-0.5079127185913868
],
[
-0.3186915197656413,
-0.5044906369668514,
-0.8024493207936853,
-0.37643684464877625
],
[
0.9476787906235445,
-0.1531047973441949,
-0.28011396043840686,
0.46610324626801614
],
[
0.0,
0.0,
0.0,
1.0
]
],
"at_element": 29,
"to_element": 9
},
{
"pose": [
[
-0.6255925960053723,
0.7778894924075666,
0.05934510447506952,
-0.3751674697985705
],
[
0.4784798301800244,
0.3224934322577382,
0.8167343743601823,
