{
"line_pt_pairs": [
[
[
0.6423483521080469,
-0.08082385004945564,
-0.4986024533724712
],
[
-0.0542790557517811,
-0.7969082229929325,
-0.5425731873286451
]
],
[
[
0.8811565411869338,
0.4451386160557534,
-0.4066990581727892
],
[
-0.414489288097182,
0.3183338302010736,
0.33843343430289474
]
],
[
[
-0.49585948645169087,
-0.8162348296963576,
-0.19939596711200863
],
[
-0.39768886280609983,
0.035499260160257284,
0.3152996408245267
]
],
[
[
0.6877028995026042,
0.9186889122748991,
-0.40242636013078015
],
[
-0.205238700160364,
1.1834973547101408,
-0.038377203551121536
]
],
[
[
0.3685086989104376,
1.410417129426415,
0.4582472606002397
],
[
0.5224097889806971,
0.9646732264130754,
-0.4235842581161309
]
],
[
[
0.47736028015028176,
1.3942027015250078,
0.5095406725401241
],
[
-0.12059990450163413,
1.0416725409485503,
-0.21029688097801774
]
],
[
[
-0.26530035129159046,
0.3116709002673133,
0.20781784415589677
],
[
0.11342279367269731,
1.2315413841992056,
0.10580278517309044
]
],
[
[
0.11216522597491607,
0.7419265107627087,
-0.21829169533288822
],
[
0.06403585898329535,
-0.020132261578225785,
0.42742495423657556
]
],
[
[
0.17677687302136325,
-0.15995863200780372,
-0.482621829977915
],
[
0.011853677052193354,
0.1654508475485772,
0.44845765644961877
]
],
[
[
0.15894764091829625,
-0.28116679627381136,
-0.30195365466019763
],
[
-0.1203629257965882,
0.6546044778972543,
-0.08673811210420486
]
],
[
[
0.3335587951365863,
0.16358438786854662,
-0.24775565809963376
],
[
0.5011108294636717,
-0.6566607825707664,
-0.7946781171044157
]
],
[
[
0.5732284554723983,
-0.29410340692482967,
-0.6661022353386321
],
[
-0.1578942412697459,
0.09179834152949304,
-0.1034838541526002
]
],
[
[
0.5426254372592394,
0.41993350022970843,
-0.4046859339310404
],
[
0.20971588281692227,
1.3473685177043664,
-0.23428782090510597
]
],
[
[
0.45544974376210773,
0.8251397779956299,
-0.30770050060484
],
[
-0.03174443630215773,
-0.04712986500305372,
-0.2654216546596477
]
],
[
[
0.40711302907672076,
0.28789320333845553,
0.20579814157013845
],
[
0.7819770044716029,
-0.9450830431699959,
-0.5618258389679083
]
],
[
[
0.6205509765282464,
0.28505292039573227,
0.3126785217246444
],
[
0.1556488016557887,
-0.1782303716575366,
-0.4417978258855006
]
],
[
[
0.46728292643969155,
-0.08225303575068607,
0.0549342815069957
],
[
0.3874136873429958,
0.8074139067710964,
-0.3946362202277809
]
],
[
[
0.43317812407466716,
0.5429277594741424,
0.6578516160818532
],
[
-0.14797507927971632,
0.1628557743468576,
-0.06173593269337685
]
],
[
[
0.4031361807405077,
0.46399131723193626,
0.624886852000097
],
[
0.7501220789408977,
-0.07034962406070244,
-0.145879354387135
]
],
[
[
0.6510250237079392,
0.18589419198975066,
0.1633008635215255
],
[
-0.140168244894672,
0.5492203489451112,
0.6552432538376731
]
],
[
[
0.21782396006110788,
0.451969871776575,
0.5437882314274112
],
[
0.12713383891994987,
1.3417114807018682,
0.0964235353745902
]
],
[
[
0.17854125772831,
1.1896635161780555,
0.7286207099478548
],
[
0.16515616393060734,
0.2587241641735496,
0.3636922756577093
]
],
[
[
0.28731750071676404,
1.2123372244054973,
0.7158897577305756
],
[
-0.15212872472394717,
0.31858533147165247,
0.6259199359952777
]
],
[
[
-1.2085255202129952,
-0.13184374167697013,
0.1008587284171931
],
[
-1.0128953599411923,
-0.7064370650494767,
-0.6938559078691704
]
],
[
[
-1.4738817748747768,
-0.49167538641301467,
0.6533242633372032
],
[
-1.147038920242313,
0.011036713673408971,
-0.14695961929595336
]
],
[
[
-1.4558158127640621,
-0.3049683661812215,
0.5386890770666494
],
[
-1.00581184007523,
-0.7343341250482307,
-0.8262803254024413
]
],
[
[
-0.30184867444427316,
-0.6192328875877415,
-0.3985563771944034
],
[
-1.25828572114397,
-0.3447675251083745,
-0.29907300924060043
]
],
[
[
-0.10085732475787117,
-0.3402614510279043,
-0.0007059967818091595
],
[
0.44502958732956754,
-0.6322654515616897,
-0.7860346813998523
]
],
[
[
0.27334716492403616,
-0.4128890358619599,
-0.2832579162410035
],
[
-0.6653015101303462,
-0.7111516515015034,
-0.1101161335006411
]
],
[
[
-0.5106055692799168,
-0.41137950220555075,
0.1274989421987143
],
[
0.6908889896242292,
-0.8814746474940214,
-0.6376293995191596
]
],
[
[
-0.23044982775806472,
-0.41522762240338773,
0.12909427589807576
],
[
-1.0662229638790055,
-0.48860545132146027,
-0.41505548212983834
]
],
[
[
-0.24453782483411712,
-0.8755416944886226,
0.30570444774337574
],
[
0.004297307665907857,
-0.3856411509098242,
-0.5298064942764719
]
],
[
[
-0.35804766962070983,
-0.3925942469864743,
0.2076628653325446
],
[
0.3735629061243331,
0.2732474277743988,
0.06137264142936423
]
],
[
[
-0.4743373331295207,
-0.4663784154467764,
0.07161029959682913
],
[
0.1861464827520235,
0.2708947620117864,
0.21369967554981611
]
],
[
[
-0.11648416936989522,
0.15926567715155426,
0.23160103561349477
],
[
0.1200053798761416,
-0.6435028355827326,
-0.31578859532573605
]
],
[
[
0.048201637793134376,
-0.24047835784635685,
-0.2919724490628155
],
[
-0.2763604509707507,
0.01877070296679728,
0.6176699944306275
]
],
[
[
-0.9945665285428206,
-0.22712494661710853,
0.07483585843770452
],
[
0.20477236114098996,
0.6469275510970076,
-0.14338068294199854
]
],
[
[
-0.41289179216697736,
-0.06027180418420535,
0.07205706854867144
],
[
-1.3803363838263965,
-0.29745342652027085,
-0.016236986149095217
]
],
[
[
-0.8943807379825913,
-0.06935836006356319,
-0.0785050722324912
],
[
-0.02372896041057504,
-0.10782391401966501,
0.41188852822487465
]
],
[
[
-0.8100710446039671,
-0.10448818414348496,
0.31362118418150925
],
[
0.06872852629503567,
-0.4654410023007483,
0.001492401061371329
]
],
[
[
-0.5997468215500553,
-0.33590703037062963,
0.8798299536514409
],
[
-0.2574799176880681,
0.03811958207312366,
0.01788015250024888
]
],
[
[
-0.5594272091410131,
-0.4480880595798653,
0.5296254588827634
],
[
-0.0304698743476019,
-0.822718150691565,
-0.2318575893867899
]
],
[
[
-0.26331765292613696,
-0.7506459750066561,
0.08972141971228614
],
[
-0.5292700579888258,
-0.10993446128383233,
0.8099700395821052
]
],
[
[
-0.7542164364034029,
-0.2858385533441144,
0.6600680259844053
],
[
-1.6286689037634694,
-0.3578932257855109,
0.18033788673187218
]
],
[
[
-1.0450793083436323,
-0.4941353810075185,
0.46518570575878754
],
[
-0.04568536759459452,
-0.4763886314590593,
0.4352390185534678
]
],
[
[
-1.1004888193073556,
-0.2968652909022479,
0.5782531385417276
],
[
-0.2343709624017647,
-0.6690448015915388,
0.24460321755815234
]
],
[
[
0.6352580130956109,
0.5502599134487468,
-0.21551122273604809
],
[
0.9484788887276245,
-0.08756740064804158,
-0.9191226214927705
]
],
[
[
-0.7078183024956107,
-0.48682061926519615,
-0.15741037269009925
],
[
-0.007157281690057693,
-0.8377784791735572,
-0.7786210571541254
]
],
[
[
0.8267946244699209,
0.13419812656454397,
-0.740724315782135
],
[
0.7620018474506869,
-0.8147735966772705,
-0.43209093370301344
]
],
[
[
-0.18256841171401467,
-0.7811478142178346,
-0.8593197703165739
],
[
0.7333060453526787,
-0.8857205629622515,
-0.4717136311587597
]
],
[
[
0.24838421264174257,
-0.1474991893830273,
-0.5001175015231146
],
[
0.480966969649356,
-1.0998667049348354,
-0.6973518202012137
]
],
[
[
1.0216421343265598,
-0.6347447283919658,
-0.4751707510056828
],
[
0.20143426749879856,
-0.07238637720651653,
-0.5801094952607792
]
],
[
[
1.0363748733883136,
0.18217004405139206,
-0.8834735303441473
],
[
0.5565523324064321,
-0.5833877503111763,
-0.4548809584808331
]
],
[
[
-0.38037066072376036,
-0.8255120156270782,
-0.7692005904418125
],
[
0.4313842153482753,
-0.4433538154038085,
-0.32760220822626895
]
]
],
"contact_id_pairs": [
[
1,
16
],
[
1,
46
],
[
12,
13
],
[
12,
16
],
[
13,
16
],
[
1,
6
],
[
1,
7
],
[
7,
36
],
[
9,
36
],
[
2,
28
],
[
2,
30
],
[
26,
30
],
[
26,
47
],
[
30,
47
],
[
2,
38
],
[
2,
39
],
[
36,
37
],
[
36,
38
],
[
37,
38
],
[
3,
4
],
[
3,
12
],
[
3,
5
],
[
5,
6
],
[
4,
5
],
[
5,
20
],
[
7,
8
],
[
7,
17
],
[
8,
32
],
[
8,
9
],
[
8,
11
],
[
8,
33
],
[
9,
11
],
[
10,
11
],
[
11,
13
],
[
11,
15
],
[
0,
10
],
[
0,
51
],
[
10,
51
],
[
51,
52
],
[
14,
15
],
[
14,
16
],
[
15,
16
],
[
15,
18
],
[
14,
48
],
[
48,
51
],
[
17,
19
],
[
19,
22
],
[
18,
19
],
[
19,
21
],
[
20,
21
],
[
21,
22
],
[
23,
24
],
[
23,
37
],
[
23,
25
],
[
23,
26
],
[
24,
25
],
[
24,
43
],
[
25,
43
],
[
27,
28
],
[
27,
34
],
[
28,
31
],
[
28,
34
],
[
0,
27
],
[
0,
50
],
[
0,
53
],
[
27,
50
],
[
27,
53
],
[
29,
30
],
[
29,
31
],
[
31,
41
],
[
29,
49
],
[
49,
50
],
[
32,
35
],
[
35,
38
],
[
38,
40
],
[
33,
34
],
[
33,
35
],
[
33,
39
],
[
34,
35
],
[
40,
42
],
[
42,
44
],
[
41,
42
],
[
41,
45
],
[
42,
45
],
[
43,
45
],
[
44,
45
],
[
46,
48
],
[
46,
52
],
[
48,
52
],
[
47,
49
],
[
47,
53
]
],
"contact_t_pairs": [
[
0.34035785369820215,
0.526491397988471
],
[
0.13810719799327137,
0.16130729958612025
],
[
0.3808817552874464,
0.06327378175292023
],
[
0.3492797687113066,
0.918116697117081
],
[
0.15567039915732928,
0.8535461241929592
],
[
0.8618928020067285,
0.030678495214966333
],
[
0.6207413568037426,
0.46485972851766927
],
[
0.18092550615521988,
0.925273633411925
],
[
0.7959218392676086,
0.7846364688817156
],
[
0.16663614419853837,
0.8140001548142846
],
[
0.4319823174549867,
0.24656760781367473
],
[
0.6378749489157677,
0.8242809764146823
],
[
0.16069027322246554,
0.34762671596165434
],
[
0.55846406333702,
0.0074949803258553055
],
[
0.8333638558014616,
0.5706886420564297
],
[
0.6728499523395299,
0.4362592677070771
],
[
0.07472636658807397,
0.5013109843065687
],
[
0.1995936167728307,
0.17438658189034353
],
[
0.21324124889611942,
0.3057920955570061
],
[
0.20421530061621757,
0.9095499404788816
],
[
0.39026568175034587,
0.6507202312886935
],
[
0.7957846993837826,
0.8403994283671171
],
[
0.5802319674510555,
0.9693215047850333
],
[
0.09045005952111818,
0.1596005716328827
],
[
0.5166944049442075,
0.8624716815409148
],
[
0.81907449384478,
0.8460754573129488
],
[
0.6060272565784205,
0.6522742210498038
],
[
0.630217809058558,
0.6218313281218055
],
[
0.2441527712748219,
0.20407816073239124
],
[
0.1539245426870513,
0.563372432266605
],
[
0.7260020363616557,
0.7683590393308675
],
[
0.27564798775698457,
0.7019666660380828
],
[
0.4653840013922373,
0.2396973194150451
],
[
0.760302680584955,
0.9367262182470797
],
[
0.503562863787638,
0.8961606141189036
],
[
0.29353468399190596,
0.5346159986077627
],
[
0.24714091485639939,
0.6678895686248288
],
[
0.5076418347336947,
0.7146642580359976
],
[
0.42686479831409185,
0.7724829951546455
],
[
0.1354810433818693,
0.31079318170199255
],
[
0.23587967296745074,
0.08188330288291902
],
[
0.42931359020206533,
0.1832751233327589
],
[
0.10383938588109674,
0.4810335647895298
],
[
0.8645189566181307,
0.959192353431665
],
[
0.6526885306565848,
0.28533574196400197
],
[
0.34772577895019613,
0.5341441050125763
],
[
0.9157617076799479,
0.7877692971513254
],
[
0.5189664352104707,
0.08423829232005159
],
[
0.5940947360328965,
0.8331194607859925
],
[
0.1375283184590851,
0.662378065206879
],
[
0.16688053921400708,
0.21223070284867449
],
[
0.009096072196864062,
0.7134900180542207
],
[
0.1509388479929856,
0.7867587511038806
],
[
0.9909039278031319,
0.9071853940185437
],
[
0.49855414888515753,
0.8393097267775346
],
[
0.2865099819457792,
0.09281460598145369
],
[
0.3747984782094476,
0.6705757264745564
],
[
0.15640313362694375,
0.7188312921687608
],
[
0.34297987618168213,
0.18599984518571508
],
[
0.22978242798489257,
0.7141695342361792
],
[
0.3884326710392269,
0.6439317377229263
],
[
0.22129539937909415,
0.8162165428004036
],
[
0.5942006619204391,
0.6397649939960559
],
[
0.46765289952947026,
0.27504380373576676
],
[
0.7528590851436017,
0.5879026105016942
],
[
0.7702175720151074,
0.43513733597008974
],
[
0.5812937884682808,
0.7428311775215101
],
[
0.10664975511313253,
0.17571902358531757
],
[
0.3551263954670351,
0.5614897277024646
],
[
0.35606826227707356,
0.7052695851412145
],
[
0.8933502448868679,
0.8054241369471782
],
[
0.6388701026207518,
0.7249561962642329
],
[
0.3781686718781942,
0.47206485217004684
],
[
0.6712247125063524,
0.8256134181096564
],
[
0.6342769597489697,
0.7366701684457548
],
[
0.625997959010606,
0.18378345719959652
],
[
0.5126148342861043,
0.4961096349923311
],
[
0.23164096066913253,
0.5637407322929232
],
[
0.38908134898407176,
0.32877528749364765
],
[
0.26332983155424505,
0.7999319495156997
],
[
0.4602732160109286,
0.6609488606478839
],
[
0.41905997915189847,
0.20006805048430007
],
[
0.29473041485878526,
0.7921333207297286
],
[
0.23279653133899708,
0.8918954261399654
],
[
0.28116870783123926,
0.10810457386003458
],
[
0.33905113935211567,
0.4537645401805662
],
[
0.7099249377300707,
0.0408076465683348
],
[
0.8386927004138798,
0.2275170048453544
],
[
0.3528618917189889,
0.5124654362900737
],
[
0.9925050196741445,
0.1945758630528222
],
[
0.7695756030556942,
0.25716882247848977
]
],
"half_couplers": [
{
"pose": [
[
0.28577507346777087,
0.41502356113774785,
-0.8637638861894101,
0.4401733075787649
],
[
-0.8941375485887472,
0.43974040106645096,
-0.08453652390311878,
0.40197961130359444
],
[
0.3447472285431688,
0.7964821550860126,
0.49675499498379005,
-0.15308736231297365
],
[
0.0,
0.0,
0.0,
1.0
]
],
"at_element": 1,
"to_element": 16
},
{
"pose": [
[
0.9062981564290282,
-0.41502356113774974,
-0.07986923909669613,
0.42523245909139673
],
[
-0.12296792693163619,
-0.4397404010664492,
0.8896669425217811,
0.3861489565617358
],
[
-0.4043544739451766,
-0.7964821550860126,
-0.44957050173477864,
-0.18176072044572517
],
[
0.0,
0.0,
0.0,
1.0
]
],
"at_element": 16,
"to_element": 1
},
{
"pose": [
[
-0.2132721607268142,
0.4565379878760174,
-0.8637638861894109,
0.7022185261128361
],
[
-0.83184143037677,
-0.5485375199884754,
-0.08453652390311867,
0.42762596238922673
],
[
-0.5124010345107096,
0.7004852994824451,
0.4967549949837887,
-0.30379089750323013
],
[
0.0,
0.0,
0.0,
1.0
]
],
"at_element": 1,
"to_element": 46
},
{
"pose": [
[
-0.8327459088428071,
-0.45653798787601646,
0.3132208756320135,
0.6857828267178111
],
[
-0.5406319511062686,
0.5485375199884747,
-0.6378273140967882,
0.44737371180952573
],
[
0.11937899626230851,
-0.7004852994824459,
-0.7036113987567225,
-0.32900887742750784
],
[
0.0,
0.0,
0.0,
1.0
]
],
"at_element": 46,
"to_element": 1
},
{
"pose": [
[
0.9107473386094951,
-0.24435734852207655,
-0.3329095544423171,
0.41582626181128796
],
[
0.3630718846704275,
0.0896833034831136,
0.9274350174746583,
0.7731765776004996
],
[
-0.19676913319315475,
-0.96552907325446,
0.1703981130259321,
-0.33978440154405387
],
[
0.0,
0.0,
0.0,
1.0
]
],
"at_element": 12,
"to_element": 13
},
{
"pose": [
[
0.8384099934606988,
0.24435734852207505,
-0.48719418006426574,
0.4246231255414285
],
[
-0.48073129186615815,
-0.08968330348311393,
-0.8722696429986834,
0.7699479789748336
],
[
-0.25683868066536564,
0.9655290732544604,
0.04227884594519471,
-0.3050253581337386
],
[
0.0,
0.0,
0.0,
1.0
]
],
"at_element": 13,
"to_element": 12
},
{
"pose": [
[
-0.28197584383883334,
0.8998115647469733,
-0.3329095544423163,
0.4263468650818427
],
[
-0.27034926980130664,
0.2584096760566075,
0.9274350174746584,
0.7438677886280236
],
[
0.9205438043945972,
0.3515161266114584,
0.17039811302593377,
-0.34516932042449894
],
[
0.0,
0.0,
0.0,
1.0
]
],
"at_element": 12,
"to_element": 16
},
{
"pose": [
[
0.42890564532740505,
-0.8998115647469738,
-0.07986923909669552,
0.39395364443897884
],
[
-0.3764534110673763,
-0.25840967605660725,
0.8896669425217825,
0.7345650390516648
],
[
-0.8211715878560457,
-0.35151612661145765,
-0.4495705017347764,
-0.3578239026670063
],
[
0.0,
0.0,
0.0,
1.0
]
],
"at_element": 16,
"to_element": 12
},
{
"pose": [
[
0.6849484167016271,
-0.5417448637222556,
-0.4871941800642623,
0.3796080312843758
],
[
-0.351638915507995,
0.3398466463028682,
-0.8722696429986856,
0.6893532144972037
],
[
0.6381189070684987,
0.7687761440284473,
0.04227884594518694,
-0.30111893578064064
],
[
0.0,
0.0,
0.0,
1.0
]
],
"at_element": 13,
"to_element": 16
},
{
"pose": [
[
0.836739748832736,
0.5417448637222548,
-0.07986923909669735,
0.39911084696646615
],
[
0.30495407585509526,
-0.339846646302866,
0.8896669425217841,
0.6771187348613814
],
[
0.4548292034848847,
-0.7687761440284487,
-0.4495705017347724,
-0.3287948778002069
],
[
0.0,
0.0,
0.0,
1.0
]
],
"at_element": 16,
"to_element": 13
},
{
"pose": [
[
0.016601586966507043,
0.5036232085847147,
-0.863763886189409,
-0.23555127302308412
],
[
-0.9900659922014609,
-0.11235171210317452,
-0.08453652390311728,
0.33584648386760024
],
[
-0.13961990687695786,
0.8565866894613308,
0.49675499498379194,
0.23552527363333556
],
[
0.0,
0.0,
0.0,
1.0
]
],
"at_element": 1,
"to_element": 6
},
{
"pose": [
[
0.7764872460273858,
-0.5036232085847172,
0.37872314496428716,
-0.2536816951010065
],
[
-0.3757863562962227,
0.11235171210317418,
0.9198704839318925,
0.33989114250700664
],
[
-0.5058183183499926,
-0.8565866894613294,
-0.10201505898280794,
0.20468817565703823
],
[
0.0,
0.0,
0.0,
1.0
]
],
"at_element": 6,
"to_element": 1
},
{
"pose": [
[
-0.3543786313498132,
-0.3582286065595547,
-0.8637638861894104,
0.07689559118000144
],
[
0.8027524311619764,
-0.5902898528603664,
-0.08453652390311978,
0.3664256412351114
],
[
-0.4795876561236425,
-0.7233464972283243,
0.4967549949837893,
0.05583549620512143
],
[
0.0,
0.0,
0.0,
1.0
]
],
"at_element": 1,
"to_element": 7
},
{
"pose": [
[
0.9323925297187798,
0.35822860655955474,
-0.04812936699162047,
0.089791821501464
],
[
-0.2661283846347789,
0.5902898528603657,
-0.7620587723409336,
0.3876760767377936
],
[
-0.24458097517243144,
0.7233464972283252,
0.6457166495694648,
0.0818759710853117
],
[
0.0,
0.0,
0.0,
1.0
]
],
"at_element": 7,
"to_element": 1
},
{
"pose": [
[
0.9445580851122851,
-0.32479776458898096,
-0.048129366991620834,
0.10345739589102676
],
[
0.17548989475860582,
0.6232733945355295,
-0.7620587723409341,
0.6040506416568996
],
[
0.27751273968347234,
0.7113625571972136,
0.6457166495694643,
-0.10146508367668024
],
[
0.0,
0.0,
0.0,
1.0
]
],
"at_element": 7,
"to_element": 36
},
{
"pose": [
[
0.5051845229253705,
0.3247977645889821,
0.7995592597892078,
0.11515012360714272
],
[
-0.5215256897833844,
-0.623273394535528,
0.5827016651427425,
0.5816127837356
],
[
0.6876042122417743,
-0.7113625571972143,
-0.1454776942531366,
-0.12707415367527702
],
[
0.0,
0.0,
0.0,
1.0
]
],
"at_element": 36,
"to_element": 7
},
{
"pose": [
[
0.9204732288727302,
-0.2733397926574549,
-0.27931056671488447,
-0.06336173906829268
],
[
0.3247467185220395,
0.1373742743217502,
0.9357712741710658,
0.4636339973982169
],
[
-0.21741343964386745,
-0.9520575962117797,
0.21521554255599273,
-0.13065890419005557
],
[
0.0,
0.0,
0.0,
1.0
]
],
"at_element": 9,
"to_element": 36
},
{
"pose": [
[
-0.5347806539463771,
0.2733397926574558,
0.7995592597892067,
-0.053521497148798086
],
[
0.8009913096872184,
-0.1373742743217492,
0.5827016651427446,
0.4586885188065393
],
[
0.2691144254220492,
0.9520575962117794,
-0.14547769425313417,
-0.09638479804204647
],
[
0.0,
0.0,
0.0,
1.0
]
],
"at_element": 36,
"to_element": 9
},
{
"pose": [
[
-0.9451771613102027,
0.31145250422917214,
0.0981706236455914,
-0.47950071225382374
],
[
-0.08206287410677308,
-0.5175081882148933,
0.8517340898566139,
-0.6743051450801999
],
[
0.31607881680195327,
0.7969834457125919,
0.5146956079365368,
-0.11362907556954177
],
[
0.0,
0.0,
0.0,
1.0
]
],
"at_element": 2,
"to_element": 28
},
{
"pose": [
[
-0.1481080768493872,
-0.3114525042291769,
-0.938648675054384,
-0.49071300188645417
],
[
0.8020128971795875,
0.517508188214897,
-0.29826261563953865,
-0.6556748511678617
],
[
0.5786530137565865,
-0.7969834457125877,
0.17314178274036085,
-0.1423204782855273
],
[
0.0,
0.0,
0.0,
1.0
]
],
"at_element": 28,
"to_element": 2
},
{
"pose": [
[
-0.8770844167769523,
-0.47019725063006224,
0.09817062364559126,
-0.45345151294326713
],
[
0.3184148209753691,
-0.4161262332025544,
0.8517340898566156,
-0.4483007637046832
],
[
-0.3596316554896935,
0.778301679004089,
0.5146956079365342,
0.022943434388319167
],
[
0.0,
0.0,
0.0,
1.0
]
],
"at_element": 2,
"to_element": 30
},
{
"pose": [
[
-0.2835450765548495,
0.4701972506300638,
-0.8357731361209417,
-0.43652441060633784
],
[
0.90634135526518,
0.4161262332025545,
-0.07337782891807487,
-0.43332021814627797
],
[
0.31328507353141144,
-0.7783016790040881,
-0.5441497580279131,
-0.005075428231256965
],
[
0.0,
0.0,
0.0,
1.0
]
],
"at_element": 30,
"to_element": 2
},
{
"pose": [
[
0.2065907309836763,
0.20627274558698488,
-0.9564370466996966,
-0.9119359067489899
],
[
0.3955403898663415,
0.8764796431084132,
0.27446536247936854,
-0.4441583085170676
],
[
0.8949123252341612,
-0.43501148219852265,
0.09948336795380208,
-0.3350984289429028
],
[
0.0,
0.0,
0.0,
1.0
]
],
"at_element": 26,
"to_element": 30
},
{
"pose": [
[
0.5088563838319949,
-0.20627274558698508,
-0.8357731361209406,
-0.9193617244609951
],
[
-0.475814175324592,
-0.8764796431084114,
-0.07337782891807068,
-0.47571157087116606
],
[
-0.7174022938307374,
0.4350114821985256,
-0.5441497580279142,
-0.3194380179649864
],
[
0.0,
0.0,
0.0,
1.0
]
],
"at_element": 30,
"to_element": 26
},
{
"pose": [
[
0.1633325249665063,
0.24197244055558526,
-0.9564370466996974,
-0.4555388047985355
],
[
0.2206312441441553,
0.935943704987898,
0.2744653624793641,
-0.5751289735008289
],
[
0.9615842866829032,
-0.2558490162285178,
0.09948336795380386,
-0.38257036761681573
],
[
0.0,
0.0,
0.0,
1.0
]
],
"at_element": 26,
"to_element": 47
},
{
"pose": [
[
0.671210452790549,
-0.24197244055558403,
0.7006610208055537,
-0.46424981283063593
],
[
0.0289475674638046,
-0.9359437049878983,
-0.3509578599083579,
-0.60882294754607
],
[
0.7407014016475428,
0.25584901622851797,
-0.621210684464027,
-0.3733598028506202
],
[
0.0,
0.0,
0.0,
1.0
]
],
"at_element": 47,
"to_element": 26
},
{
"pose": [
[
-0.5284420892938033,
0.14910473903054677,
-0.8357731361209408,
-0.6971990893840896
],
[
0.3766152360125652,
0.9234590723071976,
-0.07337782891807237,
-0.45620650289982323
],
[
0.7608613029100639,
-0.3535408301344593,
-0.5441497580279142,
-0.17479380903404937
],
[
0.0,
0.0,
0.0,
1.0
]
],
"at_element": 30,
"to_element": 47
},
{
"pose": [
[
0.6977405755166839,
-0.14910473903054658,
0.7006610208055529,
-0.7025668619295794
],
[
0.1550868219484565,
-0.9234590723071983,
-0.35095785990836165,
-0.48945104152041363
],
[
0.6993612563872657,
0.35354083013445853,
-0.6212106844640262,
-0.16206633454836825
],
[
0.0,
0.0,
0.0,
1.0
]
],
"at_element": 47,
"to_element": 30
},
{
"pose": [
[
-0.8827937247163855,
-0.4593884720521465,
0.09817062364559101,
-0.41404763700396696
],
[
0.31327948375533565,
-0.4200059585697735,
0.8517340898566147,
-0.1064304244559005
],
[
-0.35004457524629695,
0.7826603519480718,
0.5146956079365355,
0.2295327492820598
],
[
0.0,
0.0,
0.0,
1.0
]
],
"at_element": 2,
"to_element": 38
},
{
"pose": [
[
0.17586277023941843,
0.45938847205214656,
0.8706517775720163,
-0.3975096573360007
],
[
-0.9067057934769887,
0.42000595856977374,
-0.038465553956101795,
-0.09131021481671926
],
[
-0.3833495664781451,
-0.7826603519480717,
0.4903936004573658,
0.20135698568568625
],
[
0.0,
0.0,
0.0,
1.0
]
],
"at_element": 38,
"to_element": 2
},
{
"pose": [
[
0.9913915440389499,
-0.08663333689234456,
0.09817062364559107,
-0.429805387010613
],
[
-0.0386784327274547,
0.5225447531244303,
0.8517340898566148,
-0.24314558793038135
],
[
-0.12508711064619932,
-0.8481990603160474,
0.5146956079365355,
0.14691694815745457
],
[
0.0,
0.0,
0.0,
1.0
]
],
"at_element": 2,
"to_element": 39
},
{
"pose": [
[
0.46926109909796065,
0.08663333689234348,
0.878799570899003,
-0.4266865873422745
],
[
0.772437728264525,
-0.5225447531244289,
-0.3609528181572619,
-0.2619571962695784
],
[
0.42794155772361486,
0.8481990603160481,
-0.31212878312013914,
0.1774521098272168
],
[
0.0,
0.0,
0.0,
1.0
]
],
"at_element": 39,
"to_element": 2
},
{
"pose": [
[
-0.5676484265674198,
-0.19616384453020402,
0.7995592597892061,
-0.9049442910089746
],
[
0.6540871512404596,
0.48231604578534526,
0.5827016651427461,
-0.1618101792557018
],
[
-0.49994525940114015,
0.8537511218599474,
-0.14547769425313328,
0.05852932917098321
],
[
0.0,
0.0,
0.0,
1.0
]
],
"at_element": 36,
"to_element": 37
},
{
"pose": [
[
-0.15990843682579703,
0.19616384453020513,
-0.9674445916594187,
-0.8978823926738272
],
[
0.8432770066852426,
-0.4823160457853426,
-0.23718162233606577,
-0.1791735567369272
],
[
-0.5131405088549402,
-0.8537511218599484,
-0.08829405469776685,
0.027794289079716022
],
[
0.0,
0.0,
0.0,
1.0
]
],
"at_element": 37,
"to_element": 36
},
{
"pose": [
[
-0.4873560738353764,
-0.350982973064368,
0.7995592597892065,
-0.7551861418145178
],
[
0.48793669334693046,
0.6499050336207101,
0.5827016651427446,
-0.05266964734902177
],
[
-0.7241559504564126,
0.6741174970977692,
-0.14547769425313506,
0.03128122970407152
],
[
0.0,
0.0,
0.0,
1.0
]
],
"at_element": 36,
"to_element": 38
},
{
"pose": [
[
-0.34463957234999176,
0.35098297306436843,
0.8706517775720162,
-0.7425507504750557
],
[
-0.7590414010008374,
-0.64990503362071,
-0.03846555395610146,
-0.07606623653848638
],
[
0.5523402182867916,
-0.674117497097769,
0.490393600457366,
0.0070129915321676395
],
[
0.0,
0.0,
0.0,
1.0
]
],
"at_element": 38,
"to_element": 36
},
{
"pose": [
[
-0.04715747116568947,
0.24865062835673093,
-0.967444591659419,
-0.6191908851302281
],
[
0.5117039326685447,
-0.8257747654884944,
-0.23718162233606502,
-0.1108487095463557
],
[
-0.8578666902292003,
-0.5062300877073835,
-0.08829405469776641,
0.053229134054817405
],
[
0.0,
0.0,
0.0,
1.0
]
],
"at_element": 37,
"to_element": 38
},
{
"pose": [
[
0.42442708116765027,
-0.24865062835673082,
0.8706517775720164,
-0.6281423064184121
],
[
0.5626868026187148,
0.8257747654884943,
-0.038465553956102266,
-0.08112082241456064
],
[
-0.7093977832853979,
0.5062300877073835,
0.4903936004573657,
0.07145341449911188
],
[
0.0,
0.0,
0.0,
1.0
]
],
"at_element": 38,
"to_element": 37
},
{
"pose": [
[
-0.4416481563570922,
-0.08719062780896122,
-0.8929415996629682,
0.505350562294705
],
[
-0.3586867691748259,
-0.8951090941521858,
0.2648084424352414,
0.9727668479525244
],
[
-0.822368960750165,
0.4372384978342284,
0.36404915657965875,
-0.32808195218078473
],
[
0.0,
0.0,
0.0,
1.0
]
],
"at_element": 3,
"to_element": 4
},
{
"pose": [
[
-0.9842318064853752,
0.087190627808961,
0.1539010900702595,
0.5084894262234771
],
[
0.009595962301239422,
0.8951090941521862,
-0.44574390301334005,
1.0049907889718075
],
[
-0.17662295606757375,
-0.4372384978342277,
-0.8818315187163703,
-0.3438225447606369
],
[
0.0,
0.0,
0.0,
1.0
]
],
"at_element": 4,
"to_element": 3
},
{
"pose": [
[
-0.2602344155271954,
0.3673327491070711,
-0.8929415996629682,
0.33921843734689155
],
[
-0.9635169211867409,
-0.0388797042407123,
0.26480844243524154,
1.0220345595951361
],
[
0.06255550784737401,
0.9292766111506285,
0.36404915657965864,
-0.26035046784758126
],
[
0.0,
0.0,
0.0,
1.0
]
],
"at_element": 3,
"to_element": 12
},
{
"pose": [
[
0.8684686983388978,
-0.36733274910707103,
-0.3329095544423171,
0.3259944549943189
],
[
0.37195786987229573,
0.03887970424071252,
0.9274350174746581,
1.0234342293060514
],
[
-0.3277338295715058,
-0.9292766111506287,
0.17039811302593355,
-0.2938044344116474
],
[
0.0,
0.0,
0.0,
1.0
]
],
"at_element": 12,
"to_element": 3
},
{
"pose": [
[
0.44570023437119133,
0.06329771459385106,
-0.8929415996629683,
-0.022886362952464906
],
[
0.4063358714099342,
0.8745099475823879,
0.2648084424352415,
1.1294194190325157
],
[
0.797648080726704,
-0.4808593878740901,
0.36404915657965864,
-0.11272161150111693
],
[
0.0,
0.0,
0.0,
1.0
]
],
"at_element": 3,
"to_element": 5
},
{
"pose": [
[
0.7990225384169348,
-0.06329771459385164,
-0.5979601846519158,
-0.025165117217484156
],
[
-0.33309884038132465,
-0.8745099475823888,
-0.35253016057645936,
1.097936556094385
],
[
-0.500607776246409,
0.4808593878740881,
-0.7198375535181409,
-0.09541039595370637
],
[
0.0,
0.0,
0.0,
1.0
]
],
"at_element": 5,
"to_element": 3
},
{
"pose": [
[
0.1061881160030197,
0.794460635645831,
-0.5979601846519145,
0.13040466575230414
],
[
0.855325256014144,
-0.37965931084101556,
-0.35253016057645953,
1.1896534328678934
],
[
-0.507092487071213,
-0.47401593443780726,
-0.719837553518142,
0.0918679126171382
],
[
0.0,
0.0,
0.0,
1.0
]
],
"at_element": 5,
"to_element": 6
},
{
"pose": [
[
-0.4747642339915479,
-0.7944606356458317,
0.378723144964286,
0.10180413748211327
],
[
0.09847385684854415,
0.37965931084101845,
0.9198704839318932,
1.203321141959512
],
[
-0.8745866575930545,
0.47401593443780343,
-0.10201505898280416,
0.10893245367194901
],
[
0.0,
0.0,
0.0,
1.0
]
],
"at_element": 6,
"to_element": 5
},
{
"pose": [
[
-0.987987241729654,
0.013988018251953196,
0.1539010900702595,
0.3824290616676575
],
[
-0.056786331533531686,
0.893357535076185,
-0.44574390301334105,
1.3700995668676827
],
[
-0.14372377232175246,
-0.44912876758006276,
-0.8818315187163701,
0.3784855472447459
],
[
0.0,
0.0,
0.0,
1.0
]
],
"at_element": 4,
"to_element": 5
},
{
"pose": [
[
0.8014037390207446,
-0.013988018251953949,
-0.5979601846519158,
0.3819254928661319
],
[
-0.27863022163171514,
-0.8933575350761853,
-0.35253016057645914,
1.3379386863791733
],
[
-0.5292610383138283,
0.4491287675800625,
-0.7198375535181414,
0.39465418751581294
],
[
0.0,
0.0,
0.0,
1.0
]
],
"at_element": 5,
"to_element": 4
},
{
"pose": [
[
-0.053363523553358494,
0.7997474300834092,
-0.5979601846519157,
0.16839759836123164
],
[
0.9136011236591844,
-0.20262150116069333,
-0.3525301605764579,
1.2120523399810692
],
[
-0.4030946801964101,
-0.5651093481286344,
-0.7198375535181423,
0.1376046361685737
],
[
0.0,
0.0,
0.0,
1.0
]
],
"at_element": 5,
"to_element": 20
},
{
"pose": [
[
-0.5934470069032141,
-0.7997474300834101,
-0.09069012114115954,
0.13960629878134406
],
[
-0.4090286012180743,
0.20262150116069577,
0.8897416089252946,
1.2193468133632914
],
[
-0.6931927966902156,
0.5651093481286321,
-0.44736469605281814,
0.1579488497606944
],
[
0.0,
0.0,
0.0,
1.0
]
],
"at_element": 20,
"to_element": 5
},
{
"pose": [
[
0.1582201763550729,
0.9862301657458851,
-0.04812936699161885,
0.07274368906718466
],
[
-0.6441204077059696,
0.0661462612316498,
-0.7620587723409331,
0.11774360752758331
],
[
-0.7483817716719625,
0.15157418084198465,
0.6457166495694655,
0.31059834258036756
],
[
0.0,
0.0,
0.0,
1.0
]
],
"at_element": 7,
"to_element": 8
},
{
"pose": [
[
-0.012263751634692621,
-0.9862301657458853,
-0.16492319596917177,
0.037239404570234766
],
[
0.9432567745528883,
-0.06614626123165035,
0.32540947955638255,
0.11536234222182991
],
[
-0.3318376977619091,
-0.15157418084198077,
0.9310794864275329,
0.3051416722959661
],
[
0.0,
0.0,
0.0,
1.0
]
],
"at_element": 8,
"to_element": 7
},
{
"pose": [
[
-0.5946944128070815,
0.8025098874213493,
-0.04812936699162085,
0.08299751773612818
],
[
-0.4975346543034952,
-0.414397991386698,
-0.7620587723409344,
0.28009812360941305
],
[
-0.6315044126078158,
-0.42924606617375516,
0.645716649569464,
0.17303019433270322
],
[
0.0,
0.0,
0.0,
1.0
]
],
"at_element": 7,
"to_element": 17
},
{
"pose": [
[
-0.1350512303605964,
-0.8025098874213497,
-0.5811532033543838,
0.05410687104608845
],
[
-0.8269338491415597,
0.414397991386698,
-0.3800719851272839,
0.2950166014323901
],
[
0.5458402461545073,
0.42924606617375416,
-0.7195875487752299,
0.1884832082273523
],
[
0.0,
0.0,
0.0,
1.0
]
],
"at_element": 17,
"to_element": 7
},
{
"pose": [
[
0.7255676909329796,
-0.6680957007087376,
-0.16492319596917004,
0.0728393377947378
],
[
0.6794710393723231,
0.6575924096802973,
0.3254094795563814,
0.04512021724510427
],
[
-0.10895243241194374,
-0.3481671400712036,
0.9310794864275336,
0.1041610440178127
],
[
0.0,
0.0,
0.0,
1.0
]
],
"at_element": 8,
"to_element": 32
},
{
"pose": [
[
-0.13562485079254794,
0.6680957007087402,
0.7316105757450452,
0.09689070636278904
],
[
0.35245863144843126,
-0.6575924096802961,
0.6658416747608703,
0.0214469659489267
],
[
0.9259475217122178,
0.34816714007120064,
-0.14629022390318092,
0.11669502111159366
],
[
0.0,
0.0,
0.0,
1.0
]
],
"at_element": 32,
"to_element": 8
},
{
"pose": [
[
0.22580873840021032,
0.9601097609614333,
-0.16492319596916905,
0.13651041767798985
],
[
-0.9064757287010445,
0.26909185028676597,
0.3254094795563819,
-0.0805090057750158
],
[
0.35680830559001275,
0.07601857020376203,
0.9310794864275336,
-0.2552961930894947
],
[
0.0,
0.0,
0.0,
1.0
]
],
"at_element": 8,
"to_element": 9
},
{
"pose": [
[
0.013223245743373968,
-0.9601097609614333,
-0.279310566714884,
0.10194645419000076
],
[
0.22786333304308704,
-0.26909185028676585,
0.9357712741710658,
-0.09019631577477405
],
[
-0.9736033315609112,
-0.07601857020376118,
0.21521554255599262,
-0.25803286257434693
],
[
0.0,
0.0,
0.0,
1.0
]
],
"at_element": 9,
"to_element": 8
},
{
"pose": [
[
-0.9468463140571899,
-0.27619268090886906,
-0.16492319596916966,
0.15139114550332183
],
[
0.2121117653833836,
-0.9214755936001717,
0.32540947955638216,
-0.10987012668105645
],
[
-0.24184841645596505,
0.2731306160275386,
0.9310794864275334,
-0.33930584582426226
],
[
0.0,
0.0,
0.0,
1.0
]
],
"at_element": 8,
"to_element": 11
},
{
"pose": [
[
0.6238406890552,
0.27619268090886867,
-0.7311226967421441,
0.16133408352345707
],
[
0.04430091352451944,
0.9214755936001718,
0.38590174845432357,
-0.07669700028218229
],
[
0.7802949594480452,
-0.27313061602753885,
0.5626183811860316,
-0.3491385494919574
],
[
0.0,
0.0,
0.0,
1.0
]
],
"at_element": 11,
"to_element": 8
},
{
"pose": [
[
-0.7296483012015649,
0.6636367198889657,
-0.16492319596917004,
0.057042296904473495
],
[
-0.6754284121553633,
-0.6617440069000473,
0.3254094795563812,
0.0762893128015154
],
[
0.10681674310217198,
0.34882828633424323,
0.9310794864275337,
0.19334377318303914
],
[
0.0,
0.0,
0.0,
1.0
]
],
"at_element": 8,
"to_element": 33
},
{
"pose": [
[
0.35120853203413005,
-0.6636367198889658,
0.6604838158815444,
0.033151377134808147
],
[
-0.1360997102569509,
0.6617440069000468,
0.7372731774585625,
0.1001120949097011
],
[
-0.9263527599648017,
-0.3488282863342439,
0.1420893759529871,
0.18078595600318867
],
[
0.0,
0.0,
0.0,
1.0
]
],
"at_element": 33,
"to_element": 8
},
{
"pose": [
[
-0.7417358367216793,
0.6097651645053208,
-0.27931056671488425,
0.08195624524407535
],
[
-0.35260749278451936,
-0.0002801222512736068,
0.9357712741710656,
-0.023223327547767597
],
[
0.5705224838295209,
0.7925820876649458,
0.21521554255599362,
-0.24262992342061052
],
[
0.0,
0.0,
0.0,
1.0
]
],
"at_element": 9,
"to_element": 11
},
{
"pose": [
[
0.3060164153510265,
-0.6097651645053217,
-0.7311226967421447,
0.0600046935755431
],
[
0.9225398430807314,
0.00028012225127482804,
0.38590174845432346,
-0.023213243144081894
],
[
-0.23510463939337223,
-0.792582087664945,
0.5626183811860309,
-0.2711628860457301
],
[
0.0,
0.0,
0.0,
1.0
]
],
"at_element": 11,
"to_element": 9
},
{
"pose": [
[
0.9111313826108994,
0.37651815283516665,
0.16755203432708535,
0.41153483131313484
],
[
0.34071145981686335,
-0.459470958299264,
-0.8202451704393129,
-0.21814459167315858
],
[
-0.2318519026685195,
0.8044380144331505,
-0.5469224590047819,
-0.5022846205225611
],
[
0.0,
0.0,
0.0,
1.0
]
],
"at_element": 10,
"to_element": 11
},
{
"pose": [
[
0.5689408430532028,
-0.37651815283516615,
-0.7311226967421441,
0.3979803048998074
],
[
0.7999789241095379,
0.4594709582992633,
0.38590174845432185,
-0.2016037922627495
],
[
0.19063063260257251,
-0.8044380144331513,
0.5626183811860327,
-0.5312441175147082
],
[
0.0,
0.0,
0.0,
1.0
]
],
"at_element": 11,
"to_element": 10
},
{
"pose": [
[
-0.45591066699256544,
0.507548092333021,
-0.7311226967421443,
0.01735390930284493
],
[
-0.8898456832612728,
-0.24342247332811184,
0.3859017484543228,
-0.0007012731325871102
],
[
0.017892001108677003,
0.8265230991617452,
0.5626183811860319,
-0.23834197197652407
],
[
0.0,
0.0,
0.0,
1.0
]
],
"at_element": 11,
"to_element": 13
},
{
"pose": [
[
-0.7106593873865443,
-0.507548092333021,
-0.4871941800642661,
-0.0009178180814784394
],
[
0.42413579120580625,
0.24342247332811018,
-0.8722696429986831,
0.008061934017742703
],
[
0.5613128056062912,
-0.8265230991617456,
0.04227884594519138,
-0.2680967971307491
],
[
0.0,
0.0,
0.0,
1.0
]
],
"at_element": 13,
"to_element": 11
},
{
"pose": [
[
0.6815129396248254,
0.031618276873088186,
-0.7311226967421446,
0.20506221652078338
],
[
0.37488554719984857,
0.8429357431267033,
0.3859017484543219,
-0.09977761733251421
],
[
0.6284910020235764,
-0.5370843672338727,
0.5626183811860322,
-0.38278851208902887
],
[
0.0,
0.0,
0.0,
1.0
]
],
"at_element": 11,
"to_element": 15
},
{
"pose": [
[
0.8847972945067336,
-0.03161827687308662,
-0.4649021748724579,
0.2039239579893308
],
[
-0.2735469324699593,
-0.8429357431267017,
-0.46328329205326524,
-0.13012331912175254
],
[
-0.37723444085851987,
0.5370843672338754,
-0.7544763476101473,
-0.36345346528785055
],
[
0.0,
0.0,
0.0,
1.0
]
],
"at_element": 15,
"to_element": 11
},
{
"pose": [
[
0.5893299661187261,
0.4091459955236002,
-0.6966274078598282,
0.4378640460818117
],
[
-0.536210937585729,
-0.44687917968907587,
-0.7160843729434769,
-0.29101945017296127
],
[
-0.6042913382201789,
0.795549214761363,
-0.043970733956171015,
-0.511509388869189
],
[
0.0,
0.0,
0.0,
1.0
]
],
"at_element": 0,
"to_element": 10
},
{
"pose": [
[
-0.8969536610883841,
-0.40914599552360165,
0.16755203432708565,
0.42313479328712317
],
[
-0.35706702330430906,
0.4468791796890754,
-0.8202451704393139,
-0.27493180302906123
],
[
0.26072451117749557,
-0.7955492147613621,
-0.5469224590047808,
-0.5401491546814884
],
[
0.0,
0.0,
0.0,
1.0
]
],
"at_element": 10,
"to_element": 0
},
{
"pose": [
[
0.7102302084675662,
-0.10140663488458151,
-0.6966274078598277,
0.47018321721552686
],
[
-0.6969999129332132,
0.037607076425063335,
-0.716084372943477,
-0.2577975970930776
],
[
0.09881382672081196,
0.994133996101202,
-0.04397073395617501,
-0.5094694207893073
],
[
0.0,
0.0,
0.0,
1.0
]
],
"at_element": 0,
"to_element": 51
},
{
"pose": [
[
0.5630059942800265,
0.10140663488458024,
-0.8202078668277599,
0.4738338559682753
],
[
0.8260380092070468,
-0.037607076425058894,
0.5623583511854504,
-0.25915145180614607
],
[
0.026181248060731466,
-0.9941339961012021,
-0.10493874425509953,
-0.5452582436382503
],
[
0.0,
0.0,
0.0,
1.0
]
],
"at_element": 51,
"to_element": 0
},
{
"pose": [
[
0.8676125311855053,
-0.46816109569541997,
0.16755203432708418,
0.4186152172557509
],
[
-0.14076023498898302,
-0.5544225974983563,
-0.8202451704393156,
-0.2528063753847184
],
[
0.47690151181950224,
0.6880703247927783,
-0.5469224590047785,
-0.5253963786458852
],
[
0.0,
0.0,
0.0,
1.0
]
],
"at_element": 10,
"to_element": 51
},
{
"pose": [
[
0.32876168218197754,
0.4681610956954173,
-0.8202078668277588,
0.43546888774480946
],
[
0.6134889308171368,
0.5544225974983578,
0.5623583511854521,
-0.23284731459166969
],
[
0.7180160778796827,
-0.688070324792779,
-0.1049387442550993,
-0.5501667208079806
],
[
0.0,
0.0,
0.0,
1.0
]
],
"at_element": 51,
"to_element": 10
},
{
"pose": [
[
-0.5488757190067242,
0.16122810015225597,
-0.8202078668277609,
0.671524268677496
],
[
-0.7219059501271412,
0.4032429590495187,
0.56235835118545,
-0.39469374423294373
],
[
0.42141101582170515,
0.9007777837504001,
-0.10493874425509553,
-0.5199654069074686
],
[
0.0,
0.0,
0.0,
1.0
]
],
"at_element": 51,
"to_element": 52
},
{
"pose": [
[
-0.8624243902435647,
-0.16122810015225655,
-0.47982254098188143,
0.6657201197879171
],
[
0.5013146511600366,
-0.403242959049517,
-0.7655577943625681,
-0.40921033390178885
],
[
-0.0700556325023633,
-0.9007777837504004,
0.42859257186331456,
-0.5523930567301417
],
[
0.0,
0.0,
0.0,
1.0
]
],
"at_element": 52,
"to_element": 51
},
{
"pose": [
[
0.8264439921633777,
-0.5045152734344908,
0.24990931692992124,
0.4578999915894948
],
[
-0.09430582154894959,
-0.5616479730204196,
-0.8219841643389679,
0.12084829499642966
],
[
0.5550646267229038,
0.6557559708255615,
-0.5117493203586971,
0.10179964376190015
],
[
0.0,
0.0,
0.0,
1.0
]
],
"at_element": 14,
"to_element": 15
},
{
"pose": [
[
-0.7275508962747412,
0.5045152734344911,
-0.46490217487245783,
0.47606255041945916
],
[
0.6855072178367916,
0.56164797302042,
-0.4632832920532695,
0.1410676320291234
],
[
0.02737786740201431,
-0.655755970825561,
-0.7544763476101444,
0.0781924171319889
],
[
0.0,
0.0,
0.0,
1.0
]
],
"at_element": 15,
"to_element": 14
},
{
"pose": [
[
0.0590310659227421,
0.9664681404824708,
0.24990931692992185,
0.49553582100014404
],
[
0.5404705737482364,
0.17953716185854618,
-0.8219841643389674,
-0.002940830464592925
],
[
-0.8392895162983256,
0.18359123329868837,
-0.5117493203586982,
0.024731248078851242
],
[
0.0,
0.0,
0.0,
1.0
]
],
"at_element": 14,
"to_element": 16
},
{
"pose": [
[
0.244049663139432,
