{
"line_pt_pairs": [
[
[
0.8307551205158156,
0.5982794683164135,
-0.3906769758342439
],
[
0.7710672927983019,
-0.26813432019096317,
-0.8864233931754684
]
],
[
[
-1.0475499721066324,
0.3721563628608987,
0.8954208086250446
],
[
-0.6684561253485967,
0.04524418084613141,
0.02973248099174508
]
],
[
[
-0.49219331754890766,
-0.0561055486614524,
0.19755898333065663
],
[
-1.1795417986677081,
0.5245487496984433,
-0.23878108049554697
]
],
[
[
0.46152787740894796,
-0.39973892477113626,
0.6547596408876655
],
[
-0.0013953880805440688,
-0.09135537555888978,
-0.1762648093205118
]
],
[
[
0.4408058064927684,
-0.31858506610903514,
0.4641641986654234
],
[
0.6652946170498016,
-0.7584799418750988,
-0.4053743411414374
]
],
[
[
0.1139146158476065,
-0.1092307764553622,
0.05334822727650556
],
[
0.6625755895464198,
-0.8090385525908367,
-0.4040795947896562
]
],
[
[
0.44619469665417344,
-1.0800857718169528,
0.7457258669748296
],
[
0.05537795528078415,
-0.6018869952440935,
-0.04077791861460156
]
],
[
[
-0.0691994882094468,
-0.5575738120514683,
0.22267856914536893
],
[
0.538186335059941,
-1.1008471475064132,
-0.3569217626997976
]
],
[
[
0.2832490674072468,
-0.9943093618999039,
0.7948186474012808
],
[
0.3763848877637038,
-0.9038534193303948,
-0.19671725281635188
]
],
[
[
0.5342496777097703,
-0.16924355507646938,
0.07917257519836418
],
[
0.7316470233510811,
-0.07467177889566652,
-0.8965786569729169
]
],
[
[
0.562372492200313,
-0.6737777160789395,
-0.15441842695036082
],
[
0.7717168260664056,
-0.024402854742796243,
-0.8855047688709486
]
],
[
[
-0.4385755043264845,
0.29541245448196995,
0.6905791912920826
],
[
-0.2891572358339831,
0.03928834292135944,
0.2879942679305753
]
],
[
[
0.1072129937768549,
0.11737053048567365,
-0.29989646895277977
],
[
-0.3987808234304277,
0.039331244075576983,
0.5591030227377602
]
],
[
[
-0.18552895048908186,
0.19347705783287122,
-0.011061790446385888
],
[
-0.6428026520858275,
0.020451428048219894,
0.09364204551789532
]
],
[
[
-0.37700058079012577,
0.27253719274316746,
-0.0975387380739574
],
[
0.46582315603961255,
-0.26148333904342314,
-0.030679032221158822
]
],
[
[
-0.9966603931326793,
0.20786010220199097,
0.0193425361689262
],
[
-0.10220871069228366,
0.09476422747759167,
0.45196883090824114
]
],
[
[
-0.32081666882201154,
0.017339150964982064,
0.20567191235026133
],
[
-1.2744611944148092,
0.28140697913898544,
0.0613448499871926
]
],
[
[
-0.6296403004399266,
0.19058810668714787,
0.131692210656769
],
[
0.11392754531913662,
-0.47515016581712466,
0.19413747690052155
]
],
[
[
-0.45202689571959354,
0.3595735195334699,
0.4593163633820171
],
[
0.1086525598453093,
-0.46815601859691847,
0.48172974808621766
]
],
[
[
-1.2117614596796495,
0.30794103737884554,
0.513839405242824
],
[
-1.0751418711537775,
0.05986102131728488,
0.1017818926770207
]
],
[
[
-0.9988902023509392,
0.3811518487935852,
-0.1948062820669929
],
[
-1.1461126207006793,
0.11202831210385394,
0.2000330289632855
]
],
[
[
0.8425004107286533,
0.48179066316607455,
-0.5980644208013918
],
[
0.3910463975706921,
-0.24636885617354154,
-0.08233872976140633
]
],
[
[
0.38345311054339465,
-1.0487623845274616,
0.7862303004258139
],
[
0.5953910276110437,
-0.20458154790333805,
0.2938472844863716
]
],
[
[
0.34620130013687656,
-1.223872839329133,
0.8013351721376659
],
[
-0.04277562018432618,
-0.31577484701733904,
0.6462384545169446
]
],
[
[
0.38393988511622756,
-0.898801558658389,
0.7425643103929171
],
[
0.29139109689368614,
-1.2699580232328656,
0.42057424749793526
]
],
[
[
0.7210318112840071,
-0.24507886762983777,
0.3021617666510835
],
[
-0.07661016602914117,
-0.5811102724406679,
0.803011216095556
]
],
[
[
0.5134738350112601,
-0.3743313379850312,
0.4355557854093284
],
[
0.587243346550363,
-0.1497601824215203,
-0.005041372157707669
]
],
[
[
0.29353789179971074,
-0.555541426352247,
0.8397638245720143
],
[
-0.06967645138628584,
-0.05587727786133573,
0.05337264989059787
]
],
[
[
0.005357510894678023,
-0.6350571653130911,
0.0956503123554864
],
[
0.009078617615426342,
-0.24665007743133438,
0.41049326915774065
]
],
[
[
-0.030757893546661124,
-0.7047986165298049,
0.2954464437454407
],
[
-0.0244167255524853,
0.21349354277485177,
-0.1004061800276762
]
],
[
[
0.018055024985685737,
-0.28367862740506916,
0.27750728498473026
],
[
0.17828929771747482,
-1.2538758815805264,
0.09573196808906895
]
],
[
[
-0.09411326794702633,
-0.38150371732315974,
0.6704410540074772
],
[
0.12002767795831454,
-0.025400876644033732,
-0.23913820155358884
]
],
[
[
0.139706696094816,
-0.241370276770463,
0.12559255095316735
],
[
0.411971694519878,
-0.1005886787290314,
-0.2694420200472728
]
],
[
[
0.5898087226429687,
-0.3609205180146241,
0.330534704066574
],
[
0.297090386185965,
0.07168301252615136,
-0.5222080243489199
]
],
[
[
0.5233782166611819,
-0.004876070110321512,
0.020811077565717234
],
[
0.5174414081811997,
-0.9247365168917456,
-0.37138978009799417
]
],
[
[
0.2946479547323104,
0.060362858545207204,
-0.39801560457970875
],
[
0.46101940190196666,
-0.9212247257341905,
-0.30417341814306037
]
],
[
[
0.49273807362575517,
-0.6515051557821885,
-0.3501507702996995
],
[
0.4532823388907483,
-1.125984944249115,
-0.19746751865466325
]
],
[
[
0.4313810711059028,
-1.2946129350382398,
0.5894429832940279
],
[
0.5591504945225252,
-1.0600944425178702,
-0.3742354128038392
]
],
[
[
0.5397091817655133,
-1.4209752691412123,
0.6920096176026723
],
[
-0.006173847118358278,
-0.941387779481341,
0.004981555193054876
]
],
[
[
0.13416995043778693,
-1.1528216149692123,
0.19602808960803902
],
[
0.4340769800661494,
-0.9045578791315468,
-0.11769295056526269
]
],
[
[
-1.051855582102371,
0.32979284334049425,
0.8355225935951829
],
[
-1.015802223725349,
0.48598542667384326,
-0.15154580943542417
]
],
[
[
-0.3526498358699409,
0.5246257175388199,
0.5422701597174813
],
[
-0.6231891465275305,
0.5583792092789722,
-0.41984687224082645
]
],
[
[
0.05594287781054791,
0.14893494623724157,
-0.1292963087671665
],
[
-0.6642340485780002,
0.6911975916460285,
-0.5620738706760624
]
],
[
[
-0.3655798594269784,
0.5975601950906593,
0.5929838888476668
],
[
0.050188086409232474,
0.05105386120387301,
-0.133974048200112
]
],
[
[
-0.12169081446774115,
0.626660647571764,
0.06339898788552908
],
[
-0.1791519017128437,
0.9029962197111259,
-0.8959429089494952
]
],
[
[
-0.7608627538735336,
0.5088388886778648,
-0.20455927794401957
],
[
-0.11639723333170404,
0.874102444772547,
-0.8763082842118486
]
],
[
[
-0.5924185053888003,
0.3553436400397103,
0.782238650197822
],
[
-1.421848548364439,
0.24758257190786093,
0.23412063735340444
]
],
[
[
-1.1992080083910888,
0.31690713484307387,
0.6979567954632728
],
[
-0.22581406045727626,
0.08999165779451307,
0.7297936986049184
]
],
[
[
-1.001371848461252,
0.2784548101389,
0.7702176556211081
],
[
-0.13226680291999626,
0.3399839040851674,
0.2794319687751251
]
],
[
[
-0.24181658762081337,
0.4884801263831037,
0.45071300513649043
],
[
-0.45761187533709213,
0.15802539412836908,
0.7576854203954191
]
],
[
[
-0.29208349009441853,
0.4102596785487125,
0.38370328112013014
],
[
-0.02469648461426774,
0.5883745086616686,
0.0005854185840814541
]
],
[
[
0.06955614693369752,
0.6080952888348009,
0.11457696286085123
],
[
-0.8256529630572464,
0.5777574243503341,
-0.3300355238820925
]
],
[
[
-0.15180297897495934,
0.5388599609756985,
0.12650911793136332
],
[
0.01114995883978677,
0.3939050211436655,
-0.3234179933609383
]
],
[
[
-0.21737710064556948,
0.4661021893177174,
0.05846636338430505
],
[
0.44917224692623486,
0.7964640103549409,
-0.6097948388806265
]
],
[
[
-0.9324477238981657,
0.550922091602727,
-0.3003000062077576
],
[
0.041944994220913356,
0.35431350158423724,
-0.1911950420335524
]
],
[
[
-0.36442680092778146,
0.5685412927378726,
-0.582644507926491
],
[
-1.1909698031395797,
0.4181305811452427,
-0.04023941638244405
]
],
[
[
-1.2901765293253893,
0.2869268233020597,
0.5586674136856674
],
[
-0.9738795643369155,
0.39753740724213804,
-0.38352233825367266
]
],
[
[
-0.009275152453597663,
0.42029184801032365,
-0.3563988606550097
],
[
-0.21774311547232594,
0.1359795871590661,
-0.0018461188457428168
]
],
[
[
-0.22445209623513507,
0.3380802100188579,
-0.03114293087206149
],
[
0.3661814883755887,
0.6873106039288746,
-0.7585974660145277
]
],
[
[
0.4767096295411869,
0.3575372661643096,
-0.5925823985034416
],
[
0.31993408195868633,
-0.02461766070619542,
-0.3108395378151786
]
],
[
[
0.9099550648009754,
-0.1915417977923058,
-0.9470427824107225
],
[
0.37237105405500137,
0.4762561807312562,
-0.43221340167365074
]
],
[
[
0.38886097484814974,
0.26981568580008847,
-0.4987261650316149
],
[
0.8593394114804379,
0.431339439263555,
-0.44812855904959925
]
],
[
[
0.46895342372753857,
0.4983268692816839,
-0.48437396892132206
],
[
-0.3239000405763837,
1.0029034193470483,
-0.8261134739034119
]
],
[
[
0.3947706671918888,
0.9815579952882012,
-0.569084774343555
],
[
0.25864606393383366,
0.5040904924041573,
-0.5099672974224903
]
],
[
[
-0.34838401230380156,
0.9480751593162077,
-0.9361256377893833
],
[
0.5484188313381124,
0.8449510247235131,
-0.5058814367822282
]
]
],
"contact_id_pairs": [
[
1,
40
],
[
1,
47
],
[
1,
48
],
[
46,
48
],
[
47,
48
],
[
1,
2
],
[
1,
16
],
[
2,
13
],
[
15,
16
],
[
16,
17
],
[
2,
20
],
[
2,
55
],
[
2,
56
],
[
20,
56
],
[
40,
55
],
[
3,
25
],
[
4,
25
],
[
22,
25
],
[
22,
26
],
[
25,
26
],
[
3,
5
],
[
3,
31
],
[
3,
32
],
[
5,
32
],
[
14,
29
],
[
14,
32
],
[
4,
5
],
[
4,
10
],
[
5,
34
],
[
34,
36
],
[
35,
36
],
[
6,
8
],
[
6,
24
],
[
8,
23
],
[
22,
24
],
[
6,
7
],
[
7,
28
],
[
7,
29
],
[
17,
29
],
[
28,
29
],
[
28,
30
],
[
7,
8
],
[
7,
36
],
[
7,
37
],
[
8,
39
],
[
9,
26
],
[
9,
34
],
[
21,
33
],
[
26,
33
],
[
0,
10
],
[
9,
10
],
[
10,
60
],
[
11,
49
],
[
47,
49
],
[
11,
12
],
[
11,
15
],
[
11,
18
],
[
12,
14
],
[
12,
43
],
[
13,
57
],
[
14,
57
],
[
42,
57
],
[
16,
20
],
[
19,
20
],
[
18,
31
],
[
27,
31
],
[
28,
31
],
[
19,
46
],
[
46,
56
],
[
0,
21
],
[
0,
61
],
[
23,
25
],
[
25,
27
],
[
24,
38
],
[
37,
38
],
[
30,
38
],
[
30,
39
],
[
32,
33
],
[
33,
35
],
[
33,
59
],
[
41,
43
],
[
43,
48
],
[
43,
49
],
[
43,
50
],
[
41,
45
],
[
41,
51
],
[
41,
55
],
[
42,
55
],
[
45,
51
],
[
45,
54
],
[
54,
55
],
[
44,
51
],
[
50,
51
],
[
50,
52
],
[
52,
53
],
[
44,
45
],
[
44,
62
],
[
44,
64
],
[
52,
57
],
[
52,
58
],
[
54,
58
],
[
53,
63
],
[
63,
64
],
[
58,
62
],
[
62,
63
],
[
59,
60
],
[
59,
61
]
],
"contact_t_pairs": [
[
0.06407045930609122,
4.3245671137098156e-07
],
[
0.23000192625313043,
0.23696805152779069
],
[
0.18696414991292012,
0.04145760725357794
],
[
0.24266212019942784,
0.24299793064615038
],
[
0.28219481980268085,
0.09627245239726658
],
[
0.9359295406939093,
0.2578877902445232
],
[
0.8559521991937123,
0.4107999348539503
],
[
0.1840376665116425,
0.9448136146257223
],
[
0.229587895037475,
0.5046895219874561
],
[
0.19128130865222376,
0.17860080660756905
],
[
0.7479640467739574,
0.11177642939378633
],
[
0.8159623334883574,
0.8219317643409366
],
[
0.785439533287798,
0.7572819867369579
],
[
0.030091335668921693,
0.7989790865892562
],
[
0.999999567543288,
0.7846374676866652
],
[
0.15858392480859707,
0.41167794932531837
],
[
0.02264440162008123,
0.3187899451074378
],
[
0.8643499413776249,
0.1773080625201452
],
[
0.8243768663573124,
0.12983975826081096
],
[
0.26089000120234385,
0.04200312686154195
],
[
0.745625549476126,
0.0520640336650025
],
[
0.8414160751914029,
0.7717580648021573
],
[
0.6542915860025809,
0.06807773646533427
],
[
0.14097352215747866,
0.2910539760406409
],
[
0.4096863281651595,
0.8412902110659526
],
[
0.7864248991774114,
0.4815176149087331
],
[
0.9773555983799189,
0.9479359663349974
],
[
0.7399922337308701,
0.04677792569174884
],
[
0.7221963377617606,
0.6777699746064988
],
[
0.8368915531248363,
0.255859344604324
],
[
0.9444246253190516,
0.43973037786229086
],
[
0.2892121969157093,
0.28361862601193827
],
[
0.14801331067925877,
0.3082890368491092
],
[
0.026412031398096093,
0.23923825009699434
],
[
0.13565005862237545,
0.07194891281983339
],
[
0.8519866893207415,
0.25855483946840996
],
[
0.13347590072212998,
0.07036508237582793
],
[
0.019003253116469256,
0.15870978893404733
],
[
0.8213991933924302,
0.36466421970545665
],
[
0.35152779269070467,
0.22493858839675687
],
[
0.5243022252425605,
0.1446618783448546
],
[
0.6864730535702281,
0.9735879686019042
],
[
0.8324880196280616,
0.744140655395676
],
[
0.9809967468835311,
0.9614115387121955
],
[
0.8702039639137408,
0.8429953116499772
],
[
0.07491383823581502,
0.9579968731384554
],
[
0.11838446401263687,
0.16310844687516354
],
[
0.8698622191901824,
0.5408402260732884
],
[
0.47388774379912724,
0.14083964800961865
],
[
0.8134433750985327,
0.8819411117043304
],
[
0.9250861617641827,
0.9059274015529739
],
[
0.9532220743082509,
0.22019688041075353
],
[
0.11009249616797119,
0.6882188908009526
],
[
0.7630319484722093,
0.9743609247561734
],
[
0.8899075038320305,
0.7558474336473212
],
[
0.8014558943453145,
0.7704121049625244
],
[
0.5575287667367385,
0.22570688929131666
],
[
0.2804902659806235,
0.385618969410566
],
[
0.24415256635267843,
0.9146716241849168
],
[
0.05518638537427817,
0.9347757437007257
],
[
0.2135751008225889,
0.8416445770410008
],
[
0.22385077467177836,
0.4352876340032647
],
[
0.8087186913477763,
0.6647643643382851
],
[
0.7614767893499432,
0.969908664331078
],
[
0.7742931107086835,
0.22824193519784292
],
[
0.7535380382854953,
0.4814876283935582
],
[
0.929634917624172,
0.31692479263175694
],
[
0.23852321065005638,
0.6991441411314905
],
[
0.7573378798005724,
0.20102091341074485
],
[
0.2553748466906688,
0.13013778080981755
],
[
0.18655662490146727,
0.9215884394115896
],
[
0.7607617499030057,
0.8226919374798546
],
[
0.6475196316275983,
0.2464619617145044
],
[
0.9280510871801663,
0.387718193426028
],
[
0.03858846128780466,
0.21739953967668676
],
[
0.77678444273739,
0.7826004603233131
],
[
0.8553381216551453,
0.1570046883500235
],
[
0.9319222635346658,
0.6546490358599466
],
[
0.8591603519903807,
0.055575374680950404
],
[
0.8028735378194377,
0.9125254415520215
],
[
0.005675705032885739,
0.08532837581508299
],
[
0.43733246755407407,
0.9585423927464223
],
[
0.21110313040273376,
0.025639075243826803
],
[
0.3150187342117817,
0.10249065205286359
],
[
0.9349540094853643,
0.21994012859878065
],
[
0.7735520129395574,
0.7077928182303482
],
[
0.9943242949671147,
0.3054305231223867
],
[
0.7761492253282217,
0.17806823565906352
],
[
0.10916560102094569,
0.8567152591353355
],
[
0.07677268392517003,
0.22298111228191725
],
[
0.14617768980813342,
0.5205341456161139
],
[
0.03284351634389866,
0.20882019632277876
],
[
0.8975093479471362,
0.14328474086466442
],
[
0.6426363550561927,
0.008986617294132443
],
[
0.3226794304514054,
0.13888996149519417
],
[
0.915192144319873,
0.9232273160748302
],
[
0.8595188514726565,
0.7866448354235491
],
[
0.9671564836561013,
0.189889559682501
],
[
0.9910133827058678,
0.06522425629927474
],
[
0.7895206766086601,
0.29277416729964423
],
[
0.8538223101918666,
0.21695504656258519
],
[
0.861110038504806,
0.47424547177603554
],
[
0.2281918242925237,
0.810110440317499
],
[
0.7830449534374146,
0.2799844183435453
],
[
0.21335516457645087,
0.7718081757074763
],
[
0.08747455844797815,
0.7798031195892468
],
[
0.25693263664794713,
0.07841156058841023
]
],
"half_couplers": [
{
"pose": [
[
-0.47477204314901966,
0.7942791463926904,
0.3790938467580351,
-1.023261255224732
],
[
0.7342851990354187,
0.5949400572560726,
-0.32691218201476807,
0.35121094920645607
],
[
-0.485197643771712,
0.12315423613437065,
-0.8656883276332992,
0.8399557598576571
],
[
0.0,
0.0,
0.0,
1.0
]
],
"at_element": 1,
"to_element": 40
},
{
"pose": [
[
0.6064823105049617,
-0.7942791463926906,
0.03605335837702181,
-1.0518555665108542
],
[
-0.7884479724013478,
-0.5949400572560726,
0.15619258333334873,
0.32979291088702517
],
[
-0.10261092466578237,
-0.1231542361343701,
-0.9870684030306072,
0.8355221667308275
],
[
0.0,
0.0,
0.0,
1.0
]
],
"at_element": 40,
"to_element": 1
},
{
"pose": [
[
-0.8969772575353006,
0.22741955679898396,
0.37909384675803554,
-0.9603576571215752
],
[
0.10009684005747599,
0.9397388189602741,
-0.3269121820147687,
0.29696593128188825
],
[
-0.43059542737349094,
-0.2552866963327758,
-0.865688327633299,
0.6963108257345346
],
[
0.0,
0.0,
0.0,
1.0
]
],
"at_element": 1,
"to_element": 47
},
{
"pose": [
[
0.028010128724821226,
-0.2274195567989831,
0.9733939479338122,
-0.9685447411802696
],
[
0.25573485960066855,
-0.9397388189602738,
-0.22691547704856194,
0.2631354163853773
],
[
0.9663410962356126,
0.25528669633277834,
0.031836903141645334,
0.7055011243674276
],
[
0.0,
0.0,
0.0,
1.0
]
],
"at_element": 47,
"to_element": 1
},
{
"pose": [
[
-0.8701717081156444,
-0.3147841383318045,
0.3790938467580355,
-0.9766730133102974
],
[
-0.44417969591213213,
0.8341659445156883,
-0.3269121820147662,
0.3110355046543299
],
[
-0.21332040721531406,
-0.45285552140274615,
-0.8656883276332996,
0.7335681263595473
],
[
0.0,
0.0,
0.0,
1.0
]
],
"at_element": 1,
"to_element": 48
},
{
"pose": [
[
0.3815329161021841,
0.31478413833180374,
0.8691050455412553,
-0.9653408328210995
],
[
0.5480705680917385,
-0.8341659445156882,
0.0615290939462691,
0.28100565915039283
],
[
0.7443462140174845,
0.4528555214027468,
-0.49078568684598345,
0.7498708553701698
],
[
0.0,
0.0,
0.0,
1.0
]
],
"at_element": 48,
"to_element": 1
},
{
"pose": [
[
-0.5500430810539614,
-0.0974598009134835,
-0.8294300429756389,
-0.7936897581743713
],
[
-0.013640544773849912,
0.99408323984129,
-0.10776106813184855,
0.3291941107718807
],
[
0.8350248765892778,
-0.04795935229492234,
-0.5481180128444181,
0.6492311710814984
],
[
0.0,
0.0,
0.0,
1.0
]
],
"at_element": 46,
"to_element": 48
},
{
"pose": [
[
0.4849309301546314,
0.09745980091348355,
0.8691050455412558,
-0.7901811208805986
],
[
0.08951359039160292,
-0.9940832398412902,
0.06152909394626653,
0.2934062526423755
],
[
0.8699593726804536,
0.04795935229492064,
-0.4907856868459832,
0.6509577493267846
],
[
0.0,
0.0,
0.0,
1.0
]
],
"at_element": 48,
"to_element": 46
},
{
"pose": [
[
-0.12888693159441145,
-0.18945284634970203,
0.9733939479338125,
-0.9245212786568864
],
[
-0.4273316401347351,
-0.8751554351174318,
-0.22691547704856047,
0.2528727626869159
],
[
0.8948607870523408,
-0.44520847183585216,
0.031836903141645556,
0.7069410046084048
],
[
0.0,
0.0,
0.0,
1.0
]
],
"at_element": 47,
"to_element": 48
},
{
"pose": [
[
-0.456907035210367,
0.189452846349703,
0.8691050455412559,
-0.9177009743361572
],
[
0.47991367451091477,
0.8751554351174327,
0.06152909394626932,
0.284378366906889
],
[
-0.7489451423119751,
0.44520847183585005,
-0.49078568684598256,
0.7229685139469685
],
[
0.0,
0.0,
0.0,
1.0
]
],
"at_element": 48,
"to_element": 47
},
{
"pose": [
[
0.6615528066555785,
-0.6470206637784611,
0.3790938467580374,
-0.6927448422304967
],
[
-0.5583773396542665,
-0.7624586361311478,
-0.326912182014763,
0.06618959450057386
],
[
0.5005623143693007,
0.004592257909710684,
-0.8656883276333001,
0.08519752975913208
],
[
0.0,
0.0,
0.0,
1.0
]
],
"at_element": 1,
"to_element": 2
},
{
"pose": [
[
-0.33002473565985757,
0.6470206637784603,
-0.6873484811188005,
-0.6694520984725645
],
[
0.28547751922910836,
0.7624586361311487,
0.5806542983598957,
0.09363810523856517
],
[
0.899770115011293,
-0.004592257909706243,
-0.4363400638262036,
0.08503220847536277
],
[
0.0,
0.0,
0.0,
1.0
]
],
"at_element": 2,
"to_element": 1
},
{
"pose": [
[
0.8782815134508444,
-0.29139224162748195,
0.37909384675803615,
-0.7230637602732874
],
[
-0.1674776596762679,
-0.9300965857155403,
-0.32691218201476535,
0.09233516172214346
],
[
0.4478535660680335,
0.2236311757327364,
-0.8656883276333001,
0.15443298077099488
],
[
0.0,
0.0,
0.0,
1.0
]
],
"at_element": 1,
"to_element": 16
},
{
"pose": [
[
-0.07518430904250195,
0.2913922416274825,
-0.9536445255927979,
-0.7125737778093592
],
[
0.2553204327188879,
0.9300965857155403,
0.2640678281740025,
0.12581819757588678
],
[
0.963928833633501,
-0.22363117573273528,
-0.14432706236306858,
0.14638236453385067
],
[
0.0,
0.0,
0.0,
1.0
]
],
"at_element": 16,
"to_element": 1
},
{
"pose": [
[
-0.7256564681124651,
-0.031221079260993767,
-0.6873484811188004,
-0.6186913280943335
],
[
-0.5748079156975028,
0.5765730186608373,
0.5806542983598953,
0.050756713458657864
],
[
0.3781779347582774,
0.816448895131905,
-0.43634006382620405,
0.11725597617854096
],
[
0.0,
0.0,
0.0,
1.0
]
],
"at_element": 2,
"to_element": 13
},
{
"pose": [
[
-0.40327198206895076,
0.031221079260993434,
-0.9145474031934914,
-0.6175673693679871
],
[
0.7401432833599366,
-0.5765730186608382,
-0.34605125956930327,
0.030000087133142755
],
[
-0.5381074507710818,
-0.8164488951319044,
0.2094076719285619,
0.08786381927620535
],
[
0.0,
0.0,
0.0,
1.0
]
],
"at_element": 13,
"to_element": 2
},
{
"pose": [
[
0.3314475224062724,
0.300164501016172,
0.8944516824403965,
-0.7913051141484607
],
[
-0.48175665301300696,
0.8689763232666523,
-0.11309587472439458,
0.18189465838659416
],
[
-0.8112047011503623,
-0.3934227013425677,
0.43262629473931424,
0.11866829651598776
],
[
0.0,
0.0,
0.0,
1.0
]
],
"at_element": 15,
"to_element": 16
},
{
"pose": [
[
0.021526521702255996,
-0.3001645010161728,
-0.9536445255927988,
-0.8021110685893948
],
[
-0.4185072660366111,
-0.8689763232666521,
0.26406782817399904,
0.1506114169383855
],
[
-0.9079583014312735,
0.393422701342568,
-0.14432706236306836,
0.13283155623639042
],
[
0.0,
0.0,
0.0,
1.0
]
],
"at_element": 16,
"to_element": 15
},
{
"pose": [
[
-0.24296324045367346,
-0.1775696556147428,
-0.9536445255927974,
-0.503231041666431
],
[
-0.9585991656648016,
-0.10656369790041431,
0.26406782817400387,
0.06785039071105599
],
[
-0.14851432043744595,
0.9783216218067812,
-0.14432706236306747,
0.17806484298752243
],
[
0.0,
0.0,
0.0,
1.0
]
],
"at_element": 16,
"to_element": 17
},
{
"pose": [
[
-0.6446517479679144,
0.17756965561474236,
0.7435678457590634,
-0.49683848341990544
],
[
-0.7385368852080555,
0.10656369790041453,
-0.6657382725042722,
0.07168671422835518
],
[
-0.19745225506206798,
-0.9783216218067814,
0.06244526624375191,
0.14284498557672762
],
[
0.0,
0.0,
0.0,
1.0
]
],
"at_element": 17,
"to_element": 16
},
{
"pose": [
[
-0.6815293781576546,
0.25113695907157685,
-0.6873484811188003,
-1.0063052690304588
],
[
-0.30788493655636495,
0.7536892274922471,
0.5806542983598958,
0.3782029901165081
],
[
0.6638709005143423,
0.6073572063871647,
-0.4363400638262034,
-0.1288076965783975
],
[
0.0,
0.0,
0.0,
1.0
]
],
"at_element": 2,
"to_element": 20
},
{
"pose": [
[
-0.922080509461781,
-0.25113695907157685,
-0.29444483669948035,
-1.0153461986007914
],
[
0.37715068124104234,
-0.7536892274922475,
-0.538247073379463,
0.3510701807965794
],
[
-0.08674616827341804,
-0.6073572063871643,
0.7896786220605565,
-0.15067255369572577
],
[
0.0,
0.0,
0.0,
1.0
]
],
"at_element": 20,
"to_element": 2
},
{
"pose": [
[
0.6793032072089107,
-0.2570976821742397,
-0.6873484811188,
-1.0530437881222823
],
[
0.3012706254142469,
-0.7563574525703336,
0.5806542983598967,
0.41768648757833304
],
[
-0.6691660204599426,
-0.601518233939711,
-0.4363400638262027,
-0.15847807334343128
],
[
0.0,
0.0,
0.0,
1.0
]
],
"at_element": 2,
"to_element": 55
},
{
"pose": [
[
0.5007269189042475,
0.25709768217424,
-0.8265430022117982,
-1.0437887490393793
],
[
-0.6366317788011496,
0.7563574525703325,
-0.15041071159262956,
0.4449139511827665
],
[
0.5864917142681073,
0.6015182339397125,
0.5424050915440471,
-0.13682453404618525
],
[
0.0,
0.0,
0.0,
1.0
]
],
"at_element": 55,
"to_element": 2
},
{
"pose": [
[
-0.5108753950831815,
0.5162929364249345,
-0.6873484811188,
-1.0320639877649351
],
[
0.04053224347512313,
0.8131406539062291,
0.5806542983598961,
0.39996329244389794
],
[
0.8586987061463853,
0.2687822180923963,
-0.43634006382620294,
-0.14515975275576473
],
[
0.0,
0.0,
0.0,
1.0
]
],
"at_element": 2,
"to_element": 56
},
{
"pose": [
[
0.795862949091612,
-0.5162929364249351,
0.31629696498847404,
-1.050650535280048
],
[
-0.5714609135237378,
-0.8131406539062289,
0.11061058394007928,
0.37069022606233726
],
[
0.20008645775718312,
-0.26878221809239594,
-0.9421897519393396,
-0.15483591354615758
],
[
0.0,
0.0,
0.0,
1.0
]
],
"at_element": 56,
"to_element": 2
},
{
"pose": [
[
0.1180839981441465,
0.9483450888380813,
-0.2944448366994826,
-1.0033203215594917
],
[
-0.8404690624361497,
-0.06246473474001646,
-0.5382470733794646,
0.37305356211464713
],
[
-0.5288363872408863,
0.3110301422540124,
0.7896786220605545,
-0.18292503982349503
],
[
0.0,
0.0,
0.0,
1.0
]
],
"at_element": 20,
"to_element": 56
},
{
"pose": [
[
-0.02445040727197534,
-0.9483450888380827,
0.3162969649884803,
-1.0374618691479447
],
[
-0.9918989140201213,
0.062464734740018124,
0.11061058394007142,
0.37530236662560773
],
[
-0.1246544100701575,
-0.31103014225400816,
-0.942189751939339,
-0.1941224937125844
],
[
0.0,
0.0,
0.0,
1.0
]
],
"at_element": 56,
"to_element": 20
},
{
"pose": [
[
-0.9962336855175282,
-0.07885809527183267,
0.03605335837702197,
-1.0158022393168658
],
[
-0.07232228384014265,
0.985075308883438,
0.15619258333334882,
0.4859853591273122
],
[
-0.04783232275678508,
0.15299685172675234,
-0.9870684030306074,
-0.1515453825710681
],
[
0.0,
0.0,
0.0,
1.0
]
],
"at_element": 40,
"to_element": 55
},
{
"pose": [
[
-0.5573222284323545,
0.07885809527183343,
-0.8265430022117983,
-1.0129634091173805
],
[
0.08368544477027626,
-0.9850753088834376,
-0.15041071159262837,
0.45052341288088216
],
[
-0.826068205433907,
-0.1529968517267536,
0.5424050915440473,
-0.1570531504370162
],
[
0.0,
0.0,
0.0,
1.0
]
],
"at_element": 55,
"to_element": 40
},
{
"pose": [
[
-0.8773633507690028,
-0.12623629032862782,
-0.46292326548949214,
0.3881156890824122
],
[
-0.29293039314156044,
0.9050366685108335,
0.3083835492122473,
-0.3508342511906531
],
[
0.38003333472383616,
0.40616871821310674,
-0.8310244502081772,
0.5229725219617462
],
[
0.0,
0.0,
0.0,
1.0
]
],
"at_element": 3,
"to_element": 25
},
{
"pose": [
[
-0.5897725621220751,
0.12623629032862854,
-0.7976419773131485,
0.39266019776793804
],
[
0.2607518430072451,
-0.9050366685108322,
-0.33603140481082844,
-0.38341558727126623
],
[
-0.7643145957891213,
-0.4061687182131091,
0.5008494494444732,
0.5083504409190986
],
[
0.0,
0.0,
0.0,
1.0
]
],
"at_element": 25,
"to_element": 3
},
{
"pose": [
[
-0.7834355664007486,
-0.5795114211411421,
0.22448881055703357,
0.4458892212782362
],
[
-0.6121209060332722,
0.6571152826344586,
-0.43989487576606456,
-0.32854622234649766
],
[
0.10740907641043967,
-0.48204358526507685,
-0.8695385398068602,
0.44447401874589787
],
[
0.0,
0.0,
0.0,
1.0
]
],
"at_element": 4,
"to_element": 25
},
{
"pose": [
[
-0.16713404439234525,
0.5795114211411432,
-0.7976419773131489,
0.46675156912096033
],
[
-0.67474617472728,
-0.6571152826344582,
-0.3360314048108284,
-0.3522023007238575
],
[
-0.718876770313216,
0.48204358526507596,
0.5008494494444724,
0.4618275351465774
],
[
0.0,
0.0,
0.0,
1.0
]
],
"at_element": 25,
"to_element": 4
},
{
"pose": [
[
0.9085471078484763,
-0.36003398746395454,
0.21193791706765053,
0.566641636736513
],
[
-0.35580844256626665,
-0.4009477113978326,
0.8441808366241251,
-0.31909472787928606
],
[
-0.21895776994374283,
-0.8423873578085351,
-0.4923830159394387,
0.3606390694632188
],
[
0.0,
0.0,
0.0,
1.0
]
],
"at_element": 22,
"to_element": 25
},
{
"pose": [
[
0.48388304774891067,
0.3600339874639563,
-0.7976419773131485,
0.5796034577018752
],
[
-0.8522463421486194,
0.4009477113978297,
-0.3360314048108315,
-0.30465994496276866
],
[
0.1988299987313879,
0.8423873578085359,
0.5008494494444712,
0.39096641214636435
],
[
0.0,
0.0,
0.0,
1.0
]
],
"at_element": 25,
"to_element": 22
},
{
"pose": [
[
0.058603077178139173,
0.9755244736316354,
0.21193791706764875,
0.5581698264779191
],
[
0.4919437478962233,
-0.21295554461532906,
0.8441808366241237,
-0.3528392317923723
],
[
0.8686524208514417,
0.054789938522588566,
-0.492383015939442,
0.38032113269809387
],
[
0.0,
0.0,
0.0,
1.0
]
],
"at_element": 22,
"to_element": 26
},
{
"pose": [
[
-0.16304673567676553,
-0.9755244736316356,
0.14753902307820585,
0.5230520505565154
],
[
-0.8677102744424928,
0.21295554461532884,
0.4491423111270218,
-0.34517307343431397
],
[
-0.4695685696595171,
-0.05478993852258823,
-0.8811943151340722,
0.378348756980424
],
[
0.0,
0.0,
0.0,
1.0
]
],
"at_element": 26,
"to_element": 22
},
{
"pose": [
[
0.5946078007262801,
-0.10103880117770486,
-0.7976419773131479,
0.5129349948637398
],
[
-0.2990074855728534,
0.8931278847691743,
-0.3360314048108307,
-0.3327461012349605
],
[
0.7463485023009399,
0.43830781661329377,
0.5008494494444722,
0.4328283801188452
],
[
0.0,
0.0,
0.0,
1.0
]
],
"at_element": 25,
"to_element": 26
},
{
"pose": [
[
0.9838818004850485,
0.10103880117770529,
0.14753902307820593,
0.516572385162951
],
[
0.024367310135088735,
-0.8931278847691739,
0.4491423111270214,
-0.364898647248454
],
[
0.1771520162772065,
-0.438307816613295,
-0.8811943151340724,
0.41704932710520537
],
[
0.0,
0.0,
0.0,
1.0
]
],
"at_element": 26,
"to_element": 25
},
{
"pose": [
[
0.5092046994809879,
-0.7255429858354516,
-0.4629232654894916,
0.1163604632130629
],
[
-0.6748753642224925,
-0.6704049741319165,
0.3083835492122472,
-0.16980027144035703
],
[
-0.5340915809035327,
0.15538515490278348,
-0.8310244502081772,
0.035126578573097755
],
[
0.0,
0.0,
0.0,
1.0
]
],
"at_element": 3,
"to_element": 5
},
{
"pose": [
[
-0.41540162691646665,
0.7255429858354522,
0.5486609736988133,
0.14248011925293458
],
[
0.2466297774387891,
0.6704049741319161,
-0.6998077761354744,
-0.14566559207111007
],
[
-0.8755656692879445,
-0.15538515490278276,
-0.45742782206616184,
0.029532689749144147
],
[
0.0,
0.0,
0.0,
1.0
]
],
"at_element": 5,
"to_element": 3
},
{
"pose": [
[
0.8860725879714403,
0.024029546690261902,
-0.46292326548949214,
0.07201680024599175
],
[
0.18641038300985796,
-0.9328187153361456,
0.3083835492122456,
-0.14026004913937296
],
[
-0.4244131689188171,
-0.3595439127623828,
-0.8310244502081778,
-0.0444776903945925
],
[
0.0,
0.0,
0.0,
1.0
]
],
"at_element": 3,
"to_element": 31
},
{
"pose": [
[
-0.9765071613524534,
-0.024029546690262416,
0.21414094590534097,
0.07115173405978298
],
[
0.055136296383445554,
0.9328187153361448,
0.3561028406791236,
-0.10667847813008652
],
[
-0.2083116718969211,
0.35954391276238423,
-0.9095792555610669,
-0.031534072048517964
],
[
0.0,
0.0,
0.0,
1.0
]
],
"at_element": 31,
"to_element": 3
},
{
"pose": [
[
-0.8863289912482057,
0.011089163245416186,
-0.46292326548949214,
0.1586410798343344
],
[
-0.14931247419317734,
0.9394707933861332,
0.30838354921224526,
-0.19796616325995056
],
[
0.4383226030257281,
0.34244949822265186,
-0.8310244502081778,
0.11102733535403438
],
[
0.0,
0.0,
0.0,
1.0
]
],
"at_element": 3,
"to_element": 32
},
{
"pose": [
[
0.8386680588820112,
-0.011089163245416173,
0.5445299968501238,
0.15824188090633204
],
[
-0.1952352298793196,
-0.9394707933861339,
0.281563196082864,
-0.2317861842398298
],
[
0.5084477279180708,
-0.34244949822264975,
-0.7900691420008803,
0.098699491533903
],
[
0.0,
0.0,
0.0,
1.0
]
],
"at_element": 32,
"to_element": 3
},
{
"pose": [
[
-0.3276936415696423,
-0.7691475887075878,
0.5486609736988133,
0.19126128578027995
],
[
-0.6833613293324841,
-0.2080537671691185,
-0.6998077761354745,
-0.20788514349037238
],
[
0.6524064460501344,
-0.6042562509002628,
-0.45742782206616095,
-0.011136983932985706
],
[
0.0,
0.0,
0.0,
1.0
]
],
"at_element": 5,
"to_element": 32
},
{
"pose": [
[
-0.33451318257388274,
0.7691475887075877,
0.5445299968501239,
0.21895050642312913
],
[
0.9367154298816379,
0.20805376716911828,
0.28156319608286284,
-0.200395232907149
],
[
0.10327213615467914,
0.6042562509002634,
-0.7900691420008807,
0.010616168389980363
],
[
0.0,
0.0,
0.0,
1.0
]
],
"at_element": 32,
"to_element": 5
},
{
"pose": [
[
-0.5090937994286384,
-0.17456131306698142,
0.8428237368297385,
-0.031707218757911604
],
[
-0.7507883527134375,
-0.38876589492933933,
-0.5340205317865905,
0.05375628191071333
],
[
0.42088044954969817,
-0.9046487865023205,
0.06685970585279866,
-0.07014723068092173
],
[
0.0,
0.0,
0.0,
1.0
]
],
"at_element": 14,
"to_element": 29
},
{
"pose": [
[
-0.9846258871108364,
0.17456131306698108,
0.006341167994175709,
-0.025423130986436282
],
[
0.07483708371778357,
0.38876589492933855,
0.9182921593046561,
0.06775158799181906
],
[
0.15783305525718117,
0.9046487865023211,
-0.39585262377311814,
-0.03758049365965594
],
[
0.0,
0.0,
0.0,
1.0
]
],
"at_element": 29,
"to_element": 14
},
{
"pose": [
[
0.34028842397993997,
0.41695555775358795,
0.8428237368297377,
0.28581699147053036
],
[
0.43252909177121024,
0.726457608124478,
-0.5340205317865918,
-0.1474298501257697
],
[
-0.8349385446108119,
0.5462667905487728,
0.06685970585279766,
-0.04495860063963889
],
[
0.0,
0.0,
0.0,
1.0
]
],
"at_element": 14,
"to_element": 32
},
{
"pose": [
[
0.7277603626117579,
-0.41695555775358917,
0.5445299968501242,
0.2708070887595818
],
[
-0.6268823735037276,
-0.7264576081244771,
0.2815631960828638,
-0.17358145745851286
],
[
0.2781786195981564,
-0.5462667905487735,
-0.7900691420008803,
-0.06462355348145918
],
[
0.0,
0.0,
0.0,
1.0
]
],
"at_element": 32,
"to_element": 14
},
{
"pose": [
[
-0.6479839256524962,
0.727819762050103,
0.22448881055703382,
0.6602112022643338
],
[
0.5990681373355426,
0.6690365200077524,
-0.4398948757660627,
-0.7485187856376364
],
[
-0.4703553964028728,
-0.1505607148802367,
-0.8695385398068614,
-0.38568416122191196
],
[
0.0,
0.0,
0.0,
1.0
]
],
"at_element": 4,
"to_element": 5
},
{
"pose": [
[
0.4113994772835764,
-0.7278197620501035,
0.5486609736988143,
0.6340100861410918
],
[
-0.25031822018431077,
-0.6690365200077517,
-0.699807776135473,
-0.7726037369750888
],
[
0.8764081576152513,
0.15056071488023748,
-0.4574278220661625,
-0.3802640572622948
],
[
0.0,
0.0,
0.0,
1.0
]
],
"at_element": 5,
"to_element": 4
},
{
"pose": [
[
0.13097845754746973,
0.9656342048587416,
0.2244888105570331,
0.6069257828644536
],
[
0.897837180348354,
-0.019516553457938235,
-0.43989487576606356,
-0.6441038578339282
],
[
-0.4203962907098524,
0.25917115300115723,
-0.8695385398068609,
-0.17928756772133464
],
[
0.0,
0.0,
0.0,
1.0
]
],
"at_element": 4,
"to_element": 10
},
{
"pose": [
[
0.15403094586799282,
-0.9656342048587415,
0.20934433386609178,
0.5721651858938898
],
[
-0.760217990845908,
0.019516553457939012,
0.6493748613361426,
-0.6434013070692677
],
[
-0.6311442577645958,
-0.259171153001158,
-0.7310863419205889,
-0.18861712952697454
],
[
0.0,
0.0,
0.0,
1.0
]
],
"at_element": 10,
"to_element": 4
},
{
"pose": [
[
-0.7960365262404887,
-0.25553274708116247,
0.5486609736988133,
0.5101555617256911
],
[
-0.604505300109615,
0.3805816845300195,
-0.6998077761354734,
-0.6146293895176039
],
[
-0.02998651414151826,
-0.8887410177151988,
-0.4574278220661625,
-0.27700447061001476
],
[
0.0,
0.0,
0.0,
1.0
]
],
"at_element": 5,
"to_element": 34
},
{
"pose": [
[
0.9667821727122538,
0.2555327470811637,
-0.005936808479982653,
0.5193544261284607
],
[
0.09494387735591744,
-0.38058168453001784,
-0.9198604467814231,
-0.62832986176689
],
[
-0.23731390746940745,
0.8887410177151995,
-0.3922008576637148,
-0.2450108877736635
],
[
0.0,
0.0,
0.0,
1.0
]
],
"at_element": 34,
"to_element": 5
},
{
"pose": [
[
0.11324423988632293,
0.9935494433784566,
-0.005936808479982958,
0.5184097517917649
],
[
0.3890662259422033,
-0.04984205331012914,
-0.9198604467814239,
-0.7746995080753334
],
[
-0.9142227376102934,
0.10185908542780708,
-0.39220085766371193,
-0.3074185073413591
],
[
0.0,
0.0,
0.0,
1.0
]
],
"at_element": 34,
"to_element": 36
},
{
"pose": [
[
-0.08144006107832902,
-0.9935494433784567,
-0.0789114694700142,
0.4826429551955742
],
[
0.3114345694802573,
0.04984205331012892,
-0.9489595769338529,
-0.7729052434873346
],
[
0.9467713691193904,
-0.10185908542780642,
0.30536650329007264,
-0.31108533360174345
],
[
0.0,
0.0,
0.0,
1.0
]
],
"at_element": 36,
"to_element": 34
},
{
"pose": [
[
-0.7362223017322951,
-0.6559704749443188,
0.16637144716965924,
0.4517732463893014
],
[
-0.06034367649594119,
-0.18123039230629012,
-0.9815875842793966,
-0.8666726279556959
],
[
0.6740440364983249,
-0.7327061354361879,
0.09384218643665454,
-0.30938873281515655
],
[
0.0,
0.0,
0.0,
1.0
]
],
"at_element": 35,
"to_element": 36
},
{
"pose": [
[
0.7506501954888232,
0.6559704749443186,
-0.07891146947001221,
0.4753881884818963
],
[
-0.2581303280322407,
0.181230392306293,
-0.9489595769338518,
-0.8601483324527699
],
[
-0.6081883078147421,
0.7327061354361871,
0.30536650329007653,
-0.28301130636058447
],
[
0.0,
0.0,
0.0,
1.0
]
],
"at_element": 36,
"to_element": 35
},
{
"pose": [
[
-0.6489109518869016,
0.6528222201974444,
-0.3908167413733899,
0.3331657282901369
],
[
0.4628713356142765,
0.7463752787645619,
0.47819877657285825,
-0.9417848530819117
],
[
0.6038747413064165,
0.1294105562371249,
-0.7865037855894317,
0.5182593792619882
],
[
0.0,
0.0,
0.0,
1.0
]
],
"at_element": 6,
"to_element": 8
},
{
"pose": [
[
0.7517638377728806,
-0.652822220197444,
0.093135820356457,
0.3096641208092399
],
[
-0.6593494261034761,
-0.7463752787645626,
0.0904559425695091,
-0.968654371753725
],
[
0.010462624623237382,
-0.12941055623712383,
-0.9915359002176329,
0.5136005977400455
],
[
0.0,
0.0,
0.0,
1.0
]
],
"at_element": 8,
"to_element": 6
},
{
"pose": [
[
0.10015145652592483,
0.9150038034992101,
-0.3908167413733892,
0.38834861689461847
],
[
0.8714787516705442,
0.10886099150278872,
0.47819877657285936,
-1.0093059877336328
],
[
0.48009839735463133,
-0.3884807898867183,
-0.786503785589431,
0.629312837807968
],
[
0.0,
0.0,
0.0,
1.0
]
],
"at_element": 6,
"to_element": 24
},
{
"pose": [
[
0.3584786280604947,
-0.9150038034992107,
-0.1850975764450837,
0.35540810833354813
],
[
-0.6611511171792193,
-0.10886099150278938,
-0.742312929148954,
-1.0132250276423749
],
[
0.6590692478613578,
0.3884807898867172,
-0.6439801257899629,
0.6432983040280391
],
[
0.0,
0.0,
0.0,
1.0
]
],
"at_element": 24,
"to_element": 6
},
{
"pose": [
[
-0.4159545264686382,
0.9046035324255487,
0.09313582035645748,
0.285708973618789
],
[
0.9083302772408898,
0.4083550292347944,
0.09045594256950994,
-0.9919202367046137
],
[
0.043794284532793486,
0.12222364428321357,
-0.9915359002176327,
0.7686301700723933
],
[
0.0,
0.0,
0.0,
1.0
]
],
"at_element": 8,
"to_element": 23
},
{
"pose": [
[
0.1743255706448481,
-0.9046035324255486,
-0.38897692032120296,
0.253143142391114
],
[
-0.09275886188359356,
-0.4083550292347944,
0.9080979923117939,
-1.0066210647318656
],
[
-0.9803093333032225,
-0.12222364428321442,
-0.15509671762072164,
0.7642301048182969
],
[
0.0,
0.0,
0.0,
1.0
]
],
"at_element": 23,
"to_element": 8
},
{
"pose": [
[
0.11862519309356645,
0.9700568967192288,
0.21193791706764925,
0.4122025014179254
],
[
0.4778811542617979,
-0.2428751067483177,
0.8441808366241235,
-0.9342492045515134
],
[
0.8703778868772609,
0.0011400216897043403,
-0.49238301593944245,
0.7194385154489665
],
[
0.0,
0.0,
0.0,
1.0
]
],
"at_element": 22,
"to_element": 24
},
{
"pose": [
[
-0.15725299463481135,
-0.9700568967192287,
-0.18509757644508373,
0.37728110042082275
],
[
-0.6244863471208122,
0.24287510674831747,
-0.7423129291489525,
-0.9255058627705756
],
[
0.7650413700827482,
-0.001140021689705617,
-0.6439801257899647,
0.7193974754288335
],
[
0.0,
0.0,
0.0,
1.0
]
],
"at_element": 24,
"to_element": 22
},
{
"pose": [
[
-0.5917458211908342,
0.7050525921982491,
-0.39081674137338973,
0.11322403504033904
],
[
0.5239656021736716,
0.7048304603399338,
0.47819877657285864,
-0.6726667793274135
],
[
0.6126148307394844,
0.0781975985022983,
-0.7865037855894315,
0.07563511055225981
],
[
0.0,
0.0,
0.0,
1.0
]
],
"at_element": 6,
"to_element": 7
},
{
"pose": [
[
0.3660372985446966,
-0.7050525921982483,
0.6073858232693873,
0.08784305582135778
],
[
-0.45614482915040694,
-0.7048304603399347,
-0.5432733354549459,
-0.6980397620874892
],
[
0.8111403028536105,
-0.07819759850229865,
-0.5796003318451661,
0.07282009838930477
],
[
0.0,
0.0,
0.0,
1.0
]
],
"at_element": 7,
"to_element": 6
},
{
"pose": [
[
0.775188355067474,
0.1736821115116699,
0.6073858232693876,
0.011871881637287189
],
[
0.564839285664928,
-0.6211365907376527,
-0.5432733354549436,
-0.6300877098396329
],
[
0.2829126994981275,
0.7642145378018229,
-0.5796003318451679,
0.1453158927934899
],
[
0.0,
0.0,
0.0,
1.0
]
],
"at_element": 7,
"to_element": 28
},
{
"pose": [
[
0.9847736479008458,
-0.1736821115116704,
0.007442213441496731,
0.0056193468756127254
],
[
0.1036777313585705,
0.621136590737653,
0.7768141757635125,
-0.6077268685789359
],
[
-0.13954135738339796,
-0.7642145378018224,
0.6296859136045094,
0.11780426294632626
],
[
0.0,
0.0,
0.0,
1.0
]
],
"at_element": 28,
"to_element": 7
},
{
