{
"line_pt_pairs": [
[
[
0.690172393395475,
1.3538303294941856,
-2.109649001873938
],
[
1.4523948969383946,
0.7113692076797868,
-2.0305252882998865
]
],
[
[
-0.20853711007141779,
-1.6483986233982966,
0.6912849383169529
],
[
0.04081232998155741,
-1.448217591858686,
0.30689917979173753
]
],
[
[
-0.022411961835114264,
-1.5028214515737877,
0.9719713919964722
],
[
-0.36172230689124213,
-1.3167534599286572,
0.6553530219939736
]
],
[
[
-0.04467823033537774,
-1.5427774579831846,
1.0362225098550337
],
[
-0.009036056686304673,
-1.4068114838332344,
0.046150346156334066
]
],
[
[
0.25690418473293714,
-0.7619412890743549,
0.3430242349494801
],
[
-0.06789676934481295,
-1.699781539339477,
0.46533533507059127
]
],
[
[
0.004409213707452625,
-0.3783792164187382,
0.3422919192450117
],
[
0.1360909417031118,
-1.3346270090823467,
0.0810447536373175
]
],
[
[
0.3507550967888937,
-0.6176433310063043,
0.7583429242888077
],
[
0.12029278099442692,
-1.2516668838518594,
0.02016865256447342
]
],
[
[
0.37472901325202423,
-0.7584759025245265,
0.8295529990259518
],
[
-0.09798293674620037,
-0.39847752492033106,
0.025224347011600645
]
],
[
[
-0.22813565937103664,
-0.6715362305595656,
0.5749529853234461
],
[
0.12873318367653472,
-0.5408702721633887,
0.250036017194208
]
],
[
[
-0.483493807785466,
-0.7145899673370771,
1.1365494556627156
],
[
-0.24547635930978978,
-0.46126980576034016,
0.19890528543614994
]
],
[
[
-0.6212035730516505,
-0.8428206217895091,
0.6333478746798594
],
[
-0.0864395821249136,
-1.6876551000916389,
0.6501460376769533
]
],
[
[
-0.2909792563850382,
-1.1618583252116896,
0.7168659449117744
],
[
-0.3755864408630961,
-0.3549572511661181,
0.1322701178322449
]
],
[
[
-0.5398399698534546,
-0.9345542322629157,
0.5990735810824417
],
[
-0.5260291438022568,
-0.5603376506164164,
0.9303909683481758
]
],
[
[
-0.2531022758851943,
-0.833986464235851,
1.2312213106383194
],
[
-0.5008044815390285,
-0.562360431210893,
0.8923069918240355
]
],
[
[
0.08167268243573757,
-0.7356263627845641,
1.0800802903566924
],
[
0.07465361604136513,
-0.5230611631281191,
0.10295861492319369
]
],
[
[
-0.02915513529222699,
-0.5995449981403715,
0.7997496620826752
],
[
-0.3465407266854286,
-0.7963937071436098,
1.1321905923842042
]
],
[
[
-0.1053377131355622,
-1.1020896053892497,
1.0738986651469695
],
[
-0.20989559671501534,
-1.4306432030274394,
0.7117934560427809
]
],
[
[
0.07251034345287197,
-1.5323972235156944,
1.1115146537943452
],
[
-0.38757350916030564,
-0.6579076961884517,
1.2651079972685715
]
],
[
[
-0.052106708061390616,
-1.3858413693083877,
1.1460202218566629
],
[
-0.17869858139874392,
-0.5306954530409493,
0.6433275130413642
]
],
[
[
1.4091213523466213,
0.6488146577979674,
-2.067287653937066
],
[
1.5484182370963064,
1.6386534924285425,
-2.095843902924247
]
],
[
[
0.7489678027946627,
1.1575118636593813,
-2.1281536121603115
],
[
1.6446957562854805,
1.6021126711487494,
-2.1294007348302757
]
],
[
[
0.41736235561420587,
0.11465152820971278,
0.17828211915790745
],
[
0.1817936384250795,
-0.7278887678932252,
0.6626716617005217
]
],
[
[
0.21397146810584874,
0.2505266786797758,
-0.15310444087552377
],
[
-0.09705504668613527,
-0.6031868489740838,
0.26455058399207515
]
],
[
[
0.026741645264959257,
-0.23215112842966265,
0.03658221645054641
],
[
0.45633834919915267,
0.02224502805645645,
0.009577262572285285
]
],
[
[
-0.30030369574744553,
-0.16087433702588266,
0.15340207870726333
],
[
0.13584309339124365,
0.7309696244120575,
0.2733617668141174
]
],
[
[
-1.174535626034909,
0.2972021375375221,
0.28231967273481395
],
[
-1.421014394072192,
-0.5040444980156333,
0.8275279319546942
]
],
[
[
-1.558832868664914,
-0.22913754992473562,
1.2397095095612216
],
[
-1.2528532967101649,
-0.03790752144515147,
0.30707475910738713
]
],
[
[
-1.5852079231812963,
-0.05447025739303643,
1.1789965400660503
],
[
-1.2951082543067531,
-0.6198561338263482,
0.4068689645653326
]
],
[
[
-1.112743420906698,
-0.13739363228485155,
0.7428156302262682
],
[
-0.3693489265242073,
-0.8039976357303333,
0.7976219100877713
]
],
[
[
-0.9646348212030026,
-0.34450752326203665,
0.8602778092527916
],
[
-0.3085842457020702,
-1.0396279291543533,
0.5663300865247589
]
],
[
[
-0.6010513078675561,
-0.600703482885824,
0.6441616691078564
],
[
-1.5789477885479004,
-0.41833042513686797,
0.5418946613277646
]
],
[
[
-0.9087098607644818,
-0.4932450399292922,
0.5229294782229058
],
[
-0.5896155226909184,
-0.6024204629372669,
0.8920629641333881
]
],
[
[
-0.8276496416933662,
-0.10379535527629435,
0.3800314638547585
],
[
-0.05462203855576031,
-0.7081351370316186,
0.5729090233977381
]
],
[
[
-0.6318351578880796,
-0.09639888186418696,
0.5704719959131582
],
[
-1.1211075595154207,
-0.10526746546176306,
0.6731066159533116
]
],
[
[
-0.6885803530179325,
-0.1520513518635776,
0.3970219595816948
],
[
-0.9695971244434934,
-0.2480388763263117,
0.7992855166249225
]
],
[
[
-0.6986350928351415,
-0.017350588720152015,
0.6108497573772919
],
[
0.01894520825683199,
0.09175846902285384,
-0.0770264851279906
]
],
[
[
-0.3854209938951503,
-0.07166065396167695,
0.2309918770555105
],
[
-0.4968885233271778,
-0.427492092893155,
0.5640969309803556
]
],
[
[
-0.6233074530176137,
0.154742510739805,
0.4807219616941606
],
[
-1.578354478654576,
-0.1224735009299478,
0.5857765270205061
]
],
[
[
-1.2224258867772662,
-0.028393434970159566,
0.16670393542822304
],
[
-0.24807337352519354,
-0.14211779607064434,
0.3608789843187956
]
],
[
[
-0.7179708431536255,
0.05638803304027967,
0.4767068747269302
],
[
0.0652198332546371,
0.14392744790015735,
-0.13888163656381686
]
],
[
[
-0.6947703068331739,
0.297375308822944,
0.8579140847837765
],
[
-0.3732091221433934,
-0.3188410954354394,
0.138973372608027
]
],
[
[
-0.4727674688090947,
-0.06776670577501132,
0.5587058692329936
],
[
-0.8048799610241333,
-0.04392218785449134,
0.1857008672828136
]
],
[
[
-0.8359516127598811,
-0.3908445712213165,
1.0924431357686926
],
[
-0.7764649479324992,
-0.5085948894247657,
0.610160854038686
]
],
[
[
-0.8043088399042182,
-0.009816199298932645,
1.066320039056061
],
[
-0.6348465134011388,
0.16661790510809965,
0.6302540730620934
]
],
[
[
-0.7425138654194317,
0.31894283866377104,
0.6509545707288452
],
[
-1.1881864730773952,
-0.4535549087350472,
1.1033074827865685
]
],
[
[
-1.6191373559876303,
-0.09239932204856921,
1.1081080835210888
],
[
-0.7475153337938177,
0.22361561124545495,
0.7333953770886242
]
],
[
[
-1.656309935709846,
-0.04225206707737979,
1.048698996928456
],
[
-0.7552335170864397,
-0.4756240937380321,
1.0645095727830804
]
],
[
[
-1.2514348025346793,
-0.17208987905437984,
1.1791028524235827
],
[
-1.552900724106775,
-0.10338046589673852,
0.7861686153377574
]
],
[
[
-1.1646647815611724,
-0.08115833324940637,
0.3075125549274255
],
[
-0.46762954838245807,
0.3382743895459557,
-0.27405263897259186
]
],
[
[
-0.495319422751861,
0.3746135511356555,
0.025680169926037465
],
[
-0.057874324159866486,
0.7520595127321399,
-0.790516088208209
]
],
[
[
-0.11819779128601722,
0.7409464601713461,
-0.6546305666226102
],
[
0.5816918497254651,
0.7234832786167209,
-1.3686680500188317
]
],
[
[
0.4287861782445697,
0.49625346150783395,
-1.0705662953988566
],
[
0.8031050748101367,
1.1652980889068476,
-1.7126446786375789
]
],
[
[
0.7121283030561887,
1.0278444312309167,
-1.4463545540472078
],
[
1.1093968934418053,
1.3157462851647428,
-2.3177271434683413
]
],
[
[
0.7414464219520487,
0.43013542573699637,
-1.3940852903569454
],
[
1.0364827650556179,
0.6189157351049075,
-1.7508983381046823
]
],
[
[
1.0891158652075075,
0.6965226896947767,
-1.3925324814341256
],
[
1.2522532551249275,
0.9505799526864636,
-2.3458640602314005
]
],
[
[
0.07288714337551622,
-0.8819628902412386,
0.2885846579723929
],
[
0.32334279381129244,
-0.06573329769632719,
-0.23203153407195748
]
],
[
[
0.3441103084743264,
-0.6809786010502351,
-0.15537457529238297
],
[
0.7733310256924831,
0.10015486435739118,
-0.6088060311167488
]
],
[
[
0.709328673915194,
-0.2152768108446192,
-0.39898610376372035
],
[
0.6916561904990489,
0.48212157941944384,
-1.1154518521334522
]
],
[
[
-0.12400467336784399,
0.1506621100267168,
0.23698061384520427
],
[
0.42710143943305245,
0.4217302596595587,
-0.5521987768437018
]
],
[
[
0.09669015421954953,
0.5059867562026016,
-0.33687211762317665
],
[
0.3798673096626165,
0.8153644482780318,
-1.2446695302000432
]
],
[
[
0.09921391712545384,
-0.04463386353956622,
0.04423990152172308
],
[
0.8235276951045196,
0.20848314177287058,
-0.5970878872504122
]
],
[
[
0.5410231918312993,
0.24795201031988054,
-0.5202144912531942
],
[
0.7914599127206148,
0.42015698434329707,
-1.4729090360847479
]
],
[
[
0.32321660605723473,
0.5535522281668227,
-0.11908453094686412
],
[
0.6281856829595951,
0.6797866955361314,
-1.0630435985876754
]
],
[
[
0.6558262269869342,
0.8907890850445338,
-0.9194989088920441
],
[
1.157593864942251,
1.0560292045849728,
-1.768571897742239
]
],
[
[
1.0974232923867675,
1.1156014416532116,
-1.4029487739387567
],
[
1.5442563604727098,
1.5274147440519308,
-2.197146490651897
]
],
[
[
0.2932871560123291,
-0.3049722803580659,
0.2549780033371892
],
[
0.580623447182046,
0.49477749495253703,
-0.27212554689508894
]
],
[
[
-0.2498117211219891,
0.24762772902981922,
0.0072721576503892785
],
[
0.6976029135980565,
0.3907100836676153,
-0.27896716478729894
]
],
[
[
-0.20730440173081105,
0.392395612485058,
0.03842325048800793
],
[
-0.03751589858731352,
0.5548551209179842,
-0.9335740603724813
]
],
[
[
0.2604908994383581,
0.47377302791387316,
-0.3598879406143951
],
[
0.41048260795533714,
0.7268117100304687,
-1.3156462326154923
]
],
[
[
0.05381378796761915,
-0.20143309239380863,
0.1504123357434058
],
[
0.4759743512369601,
0.23336919075380114,
-0.6450293235816128
]
],
[
[
0.3731714026610561,
0.13251783414272877,
-0.3634959816996366
],
[
0.5666748061007153,
0.5418572087480087,
-1.2551224221190687
]
],
[
[
-0.5809026251039849,
0.019661874636664467,
0.7519863946072001
],
[
-0.7631362583455682,
0.2547041665460892,
-0.2027627996472579
]
],
[
[
-0.10335112787281933,
0.4550828666328888,
0.2846331196858308
],
[
-0.15966733412535147,
0.6447808032718033,
-0.6955929653314272
]
],
[
[
0.019071000045489866,
0.5965707377846418,
-0.5037711495625508
],
[
0.8887873641600336,
0.11397176216482158,
-0.6071717043099921
]
],
[
[
0.23114085403446344,
-0.18322089234326663,
0.3271177478467609
],
[
0.6278379499385403,
-0.23180874141962632,
-0.5895450227637863
]
],
[
[
0.20658215395367738,
-0.5075785015359607,
0.5336352266442278
],
[
0.441175934319904,
-0.5147534817594304,
-0.43843178641211256
]
],
[
[
-0.021083535825972444,
0.06250574852292712,
0.1181363717721132
],
[
-0.8500597082316771,
0.42548436187406713,
-0.3073574963779118
]
],
[
[
0.1499931593845224,
0.1864599989011831,
0.007801730184842884
],
[
0.4416610759545207,
-0.6202742812211416,
-0.5061142432186224
]
],
[
[
0.03712468621554582,
0.5398877355299595,
0.2881092321851688
],
[
-0.7949062737203224,
0.3751636487193676,
-0.2415986655590637
]
],
[
[
0.35752883432575683,
0.036655669197943594,
0.2411591600358009
],
[
0.27685632270531957,
-0.34283008129351505,
-0.07424932279683447
]
],
[
[
1.440579292823835,
1.1412314018064373,
-1.3785971552479106
],
[
1.212194463260837,
0.8284866050256247,
-2.3005684464018206
]
],
[
[
0.6938457174407832,
1.3767749516685939,
-2.205111625975206
],
[
1.1767761131519685,
1.155527192807604,
-1.357864517926304
]
],
[
[
0.15930050161407738,
0.5191887658809367,
-0.544695675670138
],
[
0.4609004000026217,
0.1259442021240723,
-0.6109996300597009
]
],
[
[
0.5235038314935834,
0.3772282293061652,
-0.14673183658154035
],
[
-0.04572877852651219,
0.5938886068092317,
-0.9398475384245557
]
],
[
[
0.41330207004765634,
0.5825781038884364,
-0.22556488914280926
],
[
0.3188891429831774,
0.31991887151862,
-0.6404098322890602
]
],
[
[
0.8752848691384193,
0.8530958881744972,
-0.8154381764845989
],
[
0.9532503248476838,
0.5743034801541439,
-1.7726195894660859
]
],
[
[
0.6660850052194466,
0.7648399918776556,
-0.7638290181960735
],
[
0.8134538858410334,
0.9053134321143663,
-1.7428844944651172
]
],
[
[
0.6449033429170244,
0.9090225404464612,
-1.798809649306808
],
[
1.5669361622963147,
1.0880933840941471,
-1.455605463809627
]
],
[
[
1.0414964836901737,
1.3567185806792494,
-1.4859644068677442
],
[
0.978574865119105,
0.4175423127890092,
-1.8235866924890536
]
],
[
[
-0.42009040980309764,
-0.8037017118682269,
0.573368040254473
],
[
0.08747072415536783,
-1.4913476135683608,
0.054210251937850784
]
],
[
[
-0.002052209338955724,
-0.48446343510451256,
1.139146465824941
],
[
0.31383069961427873,
-0.9948518900633512,
0.3393204767023243
]
],
[
[
0.055526028612036225,
-0.5994396565308927,
1.081573900862052
],
[
-0.35543134173925633,
-0.5229183279859936,
0.173136491883495
]
],
[
[
-0.9882217303120613,
0.13226534684478974,
0.9922277901450746
],
[
-0.4772156553654621,
-0.34976361448205684,
0.28052499275712517
]
],
[
[
-0.8706654378546519,
-0.42078936930622524,
0.9294816556128124
],
[
-1.2423823439314392,
0.2264790288035201,
0.26399674778608695
]
],
[
[
-0.768559887272946,
-0.028131956021018804,
1.0422138545843453
],
[
-0.912553181266746,
0.11753638795040676,
0.06341527221438847
]
],
[
[
0.9199755537555101,
0.937994396150135,
-0.8506507685149232
],
[
0.1940546841294047,
0.30649247976456045,
-0.5781728416242744
]
],
[
[
0.4324521833006625,
0.15536307293273605,
-0.5540555476975485
],
[
0.7164968560557387,
0.9468422476213978,
-1.0952388252603509
]
],
[
[
-0.31511270382802226,
0.6069843507810517,
0.11319276965943817
],
[
0.23884921591702063,
-0.17693425140844238,
-0.16716025175045587
]
],
[
[
0.35742637073421624,
0.5693641782272907,
-1.1405515370783
],
[
0.7452918208899035,
0.25987322355161924,
-1.0791044740934228
]
],
[
[
0.6226915524714105,
1.2946516814628797,
-1.762329373869744
],
[
1.2469388054767725,
0.5444939402657776,
-1.5442038814638317
]
]
],
"contact_id_pairs": [
[
1,
10
],
[
2,
10
],
[
1,
3
],
[
1,
4
],
[
3,
4
],
[
3,
89
],
[
2,
3
],
[
2,
16
],
[
4,
6
],
[
5,
6
],
[
5,
55
],
[
6,
90
],
[
5,
7
],
[
5,
8
],
[
7,
8
],
[
7,
22
],
[
6,
7
],
[
7,
14
],
[
7,
21
],
[
21,
75
],
[
8,
32
],
[
9,
32
],
[
9,
91
],
[
11,
91
],
[
32,
91
],
[
9,
13
],
[
12,
13
],
[
12,
28
],
[
10,
12
],
[
11,
29
],
[
11,
89
],
[
12,
29
],
[
13,
15
],
[
13,
17
],
[
14,
90
],
[
15,
91
],
[
18,
91
],
[
90,
91
],
[
16,
18
],
[
17,
18
],
[
0,
19
],
[
0,
54
],
[
0,
80
],
[
54,
80
],
[
19,
20
],
[
19,
64
],
[
20,
64
],
[
0,
20
],
[
0,
81
],
[
20,
52
],
[
21,
79
],
[
23,
65
],
[
23,
69
],
[
65,
74
],
[
65,
79
],
[
69,
97
],
[
74,
79
],
[
22,
23
],
[
22,
60
],
[
22,
77
],
[
60,
77
],
[
24,
35
],
[
24,
58
],
[
35,
76
],
[
24,
78
],
[
39,
97
],
[
66,
97
],
[
67,
97
],
[
72,
78
],
[
78,
97
],
[
25,
26
],
[
25,
37
],
[
25,
93
],
[
26,
37
],
[
37,
93
],
[
25,
27
],
[
27,
30
],
[
26,
27
],
[
26,
47
],
[
28,
31
],
[
28,
34
],
[
28,
42
],
[
31,
42
],
[
29,
31
],
[
29,
93
],
[
30,
31
],
[
33,
93
],
[
32,
34
],
[
32,
36
],
[
32,
92
],
[
33,
92
],
[
35,
40
],
[
36,
38
],
[
36,
40
],
[
38,
40
],
[
37,
94
],
[
38,
41
],
[
38,
48
],
[
48,
94
],
[
39,
71
],
[
40,
41
],
[
40,
43
],
[
40,
71
],
[
42,
46
],
[
44,
46
],
[
43,
94
],
[
44,
45
],
[
44,
92
],
[
92,
94
],
[
45,
46
],
[
46,
47
],
[
48,
71
],
[
48,
76
],
[
49,
78
],
[
76,
78
],
[
49,
50
],
[
49,
72
],
[
50,
51
],
[
50,
59
],
[
50,
68
],
[
51,
98
],
[
51,
52
],
[
51,
99
],
[
52,
99
],
[
86,
87
],
[
87,
99
],
[
53,
61
],
[
57,
61
],
[
61,
98
],
[
70,
98
],
[
53,
85
],
[
53,
88
],
[
54,
99
],
[
85,
88
],
[
88,
99
],
[
55,
77
],
[
55,
79
],
[
56,
75
],
[
75,
77
],
[
56,
57
],
[
56,
74
],
[
58,
73
],
[
59,
73
],
[
60,
73
],
[
61,
73
],
[
62,
84
],
[
65,
66
],
[
65,
83
],
[
66,
83
],
[
83,
84
],
[
62,
95
],
[
62,
96
],
[
63,
96
],
[
85,
95
],
[
86,
95
],
[
86,
96
],
[
63,
87
],
[
63,
88
],
[
64,
81
],
[
80,
87
],
[
81,
88
],
[
87,
88
],
[
67,
83
],
[
68,
83
],
[
82,
83
],
[
82,
95
],
[
69,
70
],
[
70,
82
],
[
70,
96
],
[
82,
84
],
[
82,
96
]
],
"contact_t_pairs": [
[
0.17133781653789468,
0.8949962399216459
],
[
0.9819043574762316,
0.5457499752571398
],
[
0.828662183462104,
0.6665945699077322
],
[
0.6899248698734072,
0.8072894436196297
],
[
0.6061878813626514,
0.7573170021738838
],
[
0.9242489932018303,
0.863846122747584
],
[
0.018095642523768,
0.07575100679816932
],
[
0.5833116257837511,
0.8472425777210713
],
[
0.1927105563803698,
0.531309127666044
],
[
0.8473839101606034,
0.8866921361224641
],
[
0.44857579285558,
0.09161177094584126
],
[
0.4204068627857195,
0.8376463738195059
],
[
0.15261608983939626,
0.673838129737583
],
[
0.1944200799704314,
0.7929443035167679
],
[
0.6385367953625262,
0.8410107379161538
],
[
0.8269348428247474,
0.8114517761924934
],
[
0.11330786387753548,
0.17306515717525273
],
[
0.6037282002945126,
0.7605702548286897
],
[
0.30353644050277057,
0.8846306440610285
],
[
0.744315475437217,
0.003309028245903559
],
[
0.15898926208384617,
0.8654869478369792
],
[
0.6803309653121883,
0.6790705777349011
],
[
0.8332295314129661,
0.8071476021886379
],
[
0.7945016136215969,
0.9292925746430568
],
[
0.7864376130443556,
0.6141796059547072
],
[
0.1667704685870337,
0.7048986665224357
],
[
0.94910773048178,
0.9784243893082779
],
[
0.6372301458024158,
0.808559342255081
],
[
0.10500376007835444,
0.050892269518220276
],
[
0.20549838637840284,
0.9609086974627451
],
[
0.3437377801455266,
0.1361538772524158
],
[
0.26983866169547965,
0.6715941789529171
],
[
0.2880423525219964,
0.9418245766804169
],
[
0.021575610691722067,
0.7854088127177288
],
[
0.2394297451713102,
0.3624946733143414
],
[
0.058175423319583024,
0.27995451771213126
],
[
0.9673519256305595,
0.4808920444641445
],
[
0.16235362618049398,
0.07070742535694335
],
[
0.15275742227892863,
0.2725518354007857
],
[
0.21459118728227133,
0.03264807436944067
],
[
0.9563512126743613,
0.09011890412222878
],
[
0.7025036597198031,
0.7052605828882972
],
[
0.7320530583402459,
0.7451509677625938
],
[
0.7971798349442282,
0.8398325274398264
],
[
0.9098810958777711,
0.8790584176147643
],
[
0.8363551356451513,
0.8866116067354821
],
[
0.8324656784518194,
0.9239434176579923
],
[
0.21749261799502903,
0.12094158238523559
],
[
0.0436487873256388,
0.10938052703859466
],
[
0.2899960129106231,
0.7866962267283204
],
[
0.11536935593897137,
0.027441070578784917
],
[
0.9211355163315377,
0.41099133831530327
],
[
0.2437152205177016,
0.14215310143508297
],
[
0.13871154530818716,
0.17413986205212073
],
[
0.2399407130185636,
0.36790160855034604
],
[
0.3257690322180295,
0.8654644206612709
],
[
0.2751445988900118,
0.5693703071312466
],
[
0.5209706488309975,
0.07886448366846141
],
[
0.33882942712817066,
0.044087085395342604
],
[
0.18854822380750655,
0.12195047167793543
],
[
0.19185843853453297,
0.2174835579755826
],
[
0.22500550212323084,
0.6585904819300695
],
[
0.37646507949127045,
0.03021049409356945
],
[
0.8044782543481171,
0.11181311899337981
],
[
0.7749944978767691,
0.023203809517422756
],
[
0.9071902452249604,
0.5944439003202948
],
[
0.17245842267452702,
0.4325830655829163
],
[
0.0036278598641421114,
0.24977145593921593
],
[
0.10608350860359952,
0.18942892492194724
],
[
0.3500172071942296,
0.1345355793387291
],
[
0.4804219992462716,
0.7570054009189756
],
[
0.4440923762519958,
0.6947296854986343
],
[
0.15097948814292939,
0.88911542750617
],
[
0.7330053275374789,
0.7547450230696232
],
[
0.5098225900407385,
0.6330879956817465
],
[
0.84902051185707,
0.5791517008914276
],
[
0.7701917336055681,
0.7702332567643885
],
[
0.24299459908102433,
0.2298082663944317
],
[
0.3525947747411267,
0.665031562250732
],
[
0.6149807310204984,
0.7211618180158312
],
[
0.19144065774491892,
0.9334682970577234
],
[
0.4579660901773945,
0.6656162242039458
],
[
0.34726797600080594,
0.9265161865032452
],
[
0.34645997989789507,
0.6066851243913378
],
[
0.03909130253725476,
0.11088457249383066
],
[
0.22976674323561144,
0.2788381819841689
],
[
0.819751143457229,
0.44849865146461726
],
[
0.13451305216302073,
0.06653170294227667
],
[
0.44540045971798886,
0.7855683096885451
],
[
0.28351718360088474,
0.7872110715018887
],
[
0.18024885654277167,
0.5350414411032273
],
[
0.19552174565188274,
0.49898485190627523
],
[
0.2144316903114548,
0.832199265137741
],
[
0.27711772107734833,
0.7620661879062294
],
[
0.7867770956924972,
0.7198198976831734
],
[
0.24525497693037676,
0.5539159825935106
],
[
0.4923205574365373,
0.799292798024089
],
[
0.1678007348622591,
0.15076938705531054
],
[
0.387002408745685,
0.973534451191911
],
[
0.09280975477503947,
0.33964431522455474
],
[
0.5409468177156209,
0.20070720197591077
],
[
0.23793381209377046,
0.9013244058307185
],
[
0.360755866715178,
0.15912548815639538
],
[
0.07348381349675517,
0.8980958119384516
],
[
0.8297433640173195,
0.6110820747378828
],
[
0.09867559416928129,
0.026465548808088817
],
[
0.1702566359826811,
0.9288161766612868
],
[
0.37035826910306063,
0.21278892849811143
],
[
0.30449343915719407,
0.2722497395541079
],
[
0.07118382333871268,
0.10190418806154833
],
[
0.3201058961548152,
0.3349684377492679
],
[
0.6336807272353049,
0.8408745118436047
],
[
0.8492306129446893,
0.664004402011073
],
[
0.08488611726290485,
0.6097719429006793
],
[
0.888186881006621,
0.9767961904825779
],
[
0.9151138827370952,
0.06415238102333233
],
[
0.7476482322644324,
0.8939164913964003
],
[
0.9358476189766676,
0.35519801725297717
],
[
0.6154386378642461,
0.8178788448467725
],
[
0.7451095444780333,
0.8759330232402076
],
[
0.04693362200377225,
0.19939852840079525
],
[
0.8951509007963595,
0.21330377327167926
],
[
0.9530663779962277,
0.23965757363055243
],
[
0.27206206961745094,
0.2819018608097819
],
[
0.9999995511455626,
0.173938764899751
],
[
0.2909423665234883,
0.4453483486726888
],
[
0.05231027688096436,
0.9374458518561007
],
[
0.8011473844621565,
0.4863959480213659
],
[
0.588591936195201,
0.8006014715992049
],
[
0.8255355562814607,
0.4048003938237192
],
[
0.7801884651671503,
0.9046997824658543
],
[
0.9476897231190374,
0.786633880614509
],
[
0.20282016505577166,
0.7603424263694476
],
[
1.0,
0.8371594631332304
],
[
0.5242111632375007,
0.5852874538206241
],
[
0.9083882290541588,
0.4063889739393515
],
[
0.6845868691931407,
0.9725589294212151
],
[
0.1975846372818077,
0.809147542033702
],
[
0.9966909717540967,
0.8780495283220647
],
[
0.8024153627181922,
0.19885261553784397
],
[
0.5740881191400968,
0.825860137947879
],
[
0.9697895059064306,
0.4312627864698216
],
[
0.18212115515322796,
0.12872188194012435
],
[
0.9559129146046573,
0.871278118059876
],
[
0.06255414814390027,
0.6384820390633568
],
[
0.16746347209680354,
0.10864054122756571
],
[
0.8612884546918131,
0.8275415773254733
],
[
0.8323288341551311,
0.02068144873421563
],
[
0.7750310599896479,
0.07197486601248199
],
[
0.31960466387728126,
0.4598955527937871
],
[
0.628218647838882,
0.5245714330622783
],
[
0.8325365279031964,
0.6293356273907974
],
[
0.16001570579776003,
0.9605559481867901
],
[
6.085283646133767e-17,
0.09565012520318474
],
[
4.488544372989278e-07,
0.31730858887121455
],
[
0.23767156441369716,
0.8245797810086841
],
[
0.8399842942022403,
0.4772837813239364
],
[
0.786360889361065,
0.34916640516285413
],
[
0.07605658234200749,
0.8906194729614053
],
[
0.1601674725601741,
0.8260612351002488
],
[
0.7639320393492307,
0.16284053686676953
],
[
0.4130475509873673,
0.409752844993621
],
[
0.9963721401358584,
0.9793185512657849
],
[
0.12406697675979274,
0.4299454509032554
],
[
0.12562690287635447,
0.528040144142273
],
[
0.38103761816039394,
0.904349874796815
],
[
0.8578468985649174,
0.17446444371854064
],
[
0.2447249645324296,
0.7756078696549789
],
[
0.27847499358408606,
0.10185321128957166
],
[
0.48689528338086674,
0.8913594587724343
],
[
0.8743730971236454,
0.039444051813210014
]
],
"half_couplers": [
{
"pose": [
[
0.5789568508928796,
-0.6450646415556128,
0.4986988801059502,
-0.16581412145779434
],
[
-0.813925701394752,
-0.4209930772067536,
0.4003620630792206,
-1.6141000425419962
],
[
-0.04831063457729734,
-0.6376961950323348,
-0.7687715170504315,
0.62542512174298
],
[
0.0,
0.0,
0.0,
1.0
]
],
"at_element": 1,
"to_element": 10
},
{
"pose": [
[
0.5458196425769601,
0.6450646415556123,
0.5347639909267349,
-0.14259181192672782
],
[
0.33018106126177227,
0.42099307720675816,
-0.8448344783021313,
-1.5989443032260806
],
[
-0.7701047880394,
0.6376961950323321,
0.016798162997090582,
0.6483821673998493
],
[
0.0,
0.0,
0.0,
1.0
]
],
"at_element": 10,
"to_element": 1
},
{
"pose": [
[
0.09358111517621692,
-0.7285029401683584,
-0.678620690112255,
-0.35558226818248995
],
[
-0.8113124308781007,
-0.4508735404115629,
0.37213598329026226,
-1.320120479790583
],
[
-0.5770742711168494,
0.515748501425647,
-0.6332367400049976,
0.6610824348339971
],
[
0.0,
0.0,
0.0,
1.0
]
],
"at_element": 2,
"to_element": 10
},
{
"pose": [
[
-0.4281482689141316,
0.728502940168358,
0.5347639909267359,
-0.32935613823497456
],
[
-0.2880412380696722,
0.45087354041156313,
-0.8448344783021304,
-1.303889017419275
],
[
-0.8565753352724574,
-0.5157485014256467,
0.01679816299709358,
0.6425154717198889
],
[
0.0,
0.0,
0.0,
1.0
]
],
"at_element": 10,
"to_element": 2
},
{
"pose": [
[
0.6873829282090835,
0.5280190687728772,
0.498698880105951,
-0.0019106586320663532
],
[
0.3576244811455392,
-0.8436912639895802,
0.4003620630792193,
-1.4825161727149865
],
[
0.6321466922258551,
-0.09685511901747137,
-0.7687715170504315,
0.3727589963657109
],
[
0.0,
0.0,
0.0,
1.0
]
],
"at_element": 1,
"to_element": 3
},
{
"pose": [
[
-0.8484842358404743,
-0.5280190687728765,
0.03564217364907313,
-0.02091935092119717
],
[
-0.519324854923312,
0.8436912639895805,
0.1359659741499499,
-1.4521432779226127
],
[
-0.10186361759277618,
0.09685511901746952,
-0.9900721636986995,
0.37624578171668116
],
[
0.0,
0.0,
0.0,
1.0
]
],
"at_element": 3,
"to_element": 1
},
{
"pose": [
[
-0.012743497938942028,
-0.8666816198820382,
0.49869888010594776,
-0.03650473008986192
],
[
-0.883450394939669,
0.24336314044630902,
0.40036206307922423,
-1.5102887512622063
],
[
-0.4683513669684576,
-0.43547370945988956,
-0.7687715170504308,
0.4260876438852528
],
[
0.0,
0.0,
0.0,
1.0
]
],
"at_element": 1,
"to_element": 4
},
{
"pose": [
[
0.378638759226825,
0.8666816198820384,
-0.3248009540777489,
-0.005304196771614637
],
[
-0.24744705869086875,
-0.24336314044631058,
-0.9378402502651222,
-1.5190498229149798
],
[
-0.8918534874946714,
0.4354737094598878,
0.12231110012111346,
0.4417646949147568
],
[
0.0,
0.0,
0.0,
1.0
]
],
"at_element": 4,
"to_element": 1
},
{
"pose": [
[
-0.32678232186721456,
-0.9444273130170693,
0.03564217364907342,
-0.02307237660388641
],
[
-0.9346549184421789,
0.32853224697934746,
0.1359659741499496,
-1.4603565321758172
],
[
-0.14011958302434335,
0.011118143822581507,
-0.9900721636986995,
0.43605276254638276
],
[
0.0,
0.0,
0.0,
1.0
]
],
"at_element": 3,
"to_element": 4
},
{
"pose": [
[
-0.050610183338357206,
0.9444273130170693,
-0.32480095407774984,
0.010926899887558156
],
[
-0.11190275991839482,
-0.3285322469793477,
-0.9378402502651222,
-1.472183655923142
],
[
-0.9924295348613441,
-0.011118143822580695,
0.12231110012111102,
0.43565251062578975
],
[
0.0,
0.0,
0.0,
1.0
]
],
"at_element": 4,
"to_element": 3
},
{
"pose": [
[
0.5473880148758024,
-0.8361196066520015,
0.03564217364907237,
-0.011735987224697153
],
[
-0.8315278010761219,
-0.5385858983588083,
0.13596597414994888,
-1.417111043265387
],
[
-0.09448744471006515,
-0.10406360296058162,
-0.9900721636986995,
0.12114930935935285
],
[
0.0,
0.0,
0.0,
1.0
]
],
"at_element": 3,
"to_element": 89
},
{
"pose": [
[
-0.20805215371848562,
0.8361196066520009,
0.5075611339584644,
0.01836430782428984
],
[
0.4868966460800927,
0.538585898358809,
-0.6876459017001348,
-1.3977219578751539
],
[
-0.8483194901504126,
0.10406360296058165,
-0.5191577883166212,
0.12489559772294795
],
[
0.0,
0.0,
0.0,
1.0
]
],
"at_element": 89,
"to_element": 3
},
{
"pose": [
[
-0.6327559959773104,
0.3729528234325716,
-0.6786206901122562,
-0.02855200054386632
],
[
0.14156707631430704,
0.9173186866320837,
0.37213598329025915,
-1.4994544317118619
],
[
0.7613006058440916,
0.1394009277202342,
-0.6332367400049976,
0.9662419791564488
],
[
0.0,
0.0,
0.0,
1.0
]
],
"at_element": 2,
"to_element": 3
},
{
"pose": [
[
0.9271654798099652,
-0.37295282343257075,
0.03564217364907274,
-0.04197829979698527
],
[
-0.37421876092607087,
-0.9173186866320842,
0.13596597414994843,
-1.5324778985510321
],
[
-0.018013662029503125,
-0.1394009277202341,
-0.9900721636986998,
0.9612235466520154
],
[
0.0,
0.0,
0.0,
1.0
]
],
"at_element": 3,
"to_element": 2
},
{
"pose": [
[
0.034730325783290716,
-0.7336673383915577,
-0.6786206901122556,
-0.22033563085504979
],
[
-0.8449237226930453,
-0.3842118071729659,
0.3721359832902613,
-1.3942858288609492
],
[
-0.5337580981132861,
0.5604583158508145,
-0.633236740004997,
0.7872842158373135
],
[
0.0,
0.0,
0.0,
1.0
]
],
"at_element": 2,
"to_element": 16
},
{
"pose": [
[
-0.6465313855513815,
0.7336673383915581,
-0.2091157671589064,
-0.19392360394047775
],
[
0.6485302006421086,
0.3842118071729659,
-0.6571071952763796,
-1.3804542023717612
],
[
-0.4017533401878786,
-0.5604583158508141,
-0.7242104182083768,
0.7671077143793091
],
[
0.0,
0.0,
0.0,
1.0
]
],
"at_element": 16,
"to_element": 2
},
{
"pose": [
[
0.05194312420037561,
-0.9443549396696601,
-0.3248009540777505,
0.19431161215973897
],
[
0.11143894880209293,
0.3286898624426041,
-0.937840250265122,
-0.9426730054988519
],
[
0.9924128538759405,
0.01251887570729121,
0.12231110012111135,
0.3665948751053145
],
[
0.0,
0.0,
0.0,
1.0
]
],
"at_element": 4,
"to_element": 6
},
{
"pose": [
[
0.2346931377781729,
0.9443549396696598,
-0.23046231579446672,
0.22830836482423922
],
[
0.699983648926574,
-0.32868986244260445,
-0.634023552845555,
-0.9545058317884022
],
[
-0.6744939008732949,
-0.012518875707290822,
-0.738174271724334,
0.36614419591343433
],
[
0.0,
0.0,
0.0,
1.0
]
],
"at_element": 6,
"to_element": 4
},
{
"pose": [
[
0.5186725533499401,
-0.8447713921017511,
0.1316817279956598,
0.1159941912731193
],
[
-0.1581245888593813,
-0.24614380638973965,
-0.9562477926636079,
-1.1886882100484726
],
[
0.8402234207634927,
0.47515736515647117,
-0.26124716560769623,
0.12091527453398906
],
[
0.0,
0.0,
0.0,
1.0
]
],
"at_element": 5,
"to_element": 6
},
{
"pose": [
[
-0.48295798583844163,
0.8447713921017495,
-0.23046231579446547,
0.14640597370136804
],
[
0.7330943738790199,
0.24614380638973987,
-0.6340235528455532,
-1.1798270294308835
],
[
-0.47887808772359114,
-0.47515736515647367,
-0.7381742717243363,
0.10380960246291347
],
[
0.0,
0.0,
0.0,
1.0
]
],
"at_element": 6,
"to_element": 5
},
{
"pose": [
[
-0.4183178630672557,
-0.898704672264989,
0.13168172799566003,
0.06347844924769827
],
[
-0.2925313003997338,
-0.003949343289305407,
-0.9562477926636086,
-0.8073288281792147
],
[
0.8599044154586515,
-0.4385365603192757,
-0.26124716560769246,
0.22510276480126723
],
[
0.0,
0.0,
0.0,
1.0
]
],
"at_element": 5,
"to_element": 55
},
{
"pose": [
[
-0.3600026100098046,
0.8987046722649885,
0.2504556504357762,
0.09583182905533023
],
[
0.5777141637016969,
0.003949343289306517,
0.8162295925449113,
-0.8071866517697969
],
[
0.7325602131187424,
0.43853656031927646,
-0.5206161920443506,
0.2408900866361298
],
[
0.0,
0.0,
0.0,
1.0
]
],
"at_element": 55,
"to_element": 5
},
{
"pose": [
[
-0.9427451969026295,
-0.2410780261983118,
-0.2304623157944669,
0.2538671576154102
],
[
-0.042460233423098626,
0.7721471770425352,
-0.6340235528455546,
-0.88419118379036
],
[
0.33079997323863025,
-0.5879371754444261,
-0.7381742717243347,
0.4480093945240471
],
[
0.0,
0.0,
0.0,
1.0
]
],
"at_element": 6,
"to_element": 90
},
{
"pose": [
[
0.9176597262142263,
0.2410780261983117,
0.31588290895323445,
0.26254596389727825
],
[
0.3785397760209261,
-0.7721471770425357,
-0.5103884549588386,
-0.9119884736401239
],
[
0.12086465510834159,
0.5879371754444257,
-0.7998259891226167,
0.46917512634978153
],
[
0.0,
0.0,
0.0,
1.0
]
],
"at_element": 90,
"to_element": 6
},
{
"pose": [
[
0.4557268073370675,
-0.880325507744971,
0.13168172799565842,
0.024505964137445088
],
[
-0.1756429211434271,
-0.23396521809486925,
-0.956247792663609,
-0.5243180154526118
],
[
0.8726182678162127,
0.4126587902073329,
-0.2612471656076929,
0.3024213983483402
],
[
0.0,
0.0,
0.0,
1.0
]
],
"at_element": 5,
"to_element": 7
},
{
"pose": [
[
-0.039628433509738326,
0.8803255077449706,
-0.47271194999822447,
0.05619767696061474
],
[
0.9031397703811787,
0.2339652180948677,
0.3599983776041957,
-0.5158952690511514
],
[
0.42751390902916403,
-0.41265879020733415,
-0.8043286520143513,
0.28756568445825026
],
[
0.0,
0.0,
0.0,
1.0
]
],
"at_element": 7,
"to_element": 5
},
{
"pose": [
[
-0.7119815245612189,
-0.6897406985205086,
0.13168172799565975,
0.03001078579501328
],
[
-0.2746074887441513,
0.10090037736107305,
-0.9562477926636086,
-0.5642929887399455
],
[
0.6462762844241716,
-0.7169915499173152,
-0.26124716560769246,
0.2915002244155152
],
[
0.0,
0.0,
0.0,
1.0
]
],
"at_element": 5,
"to_element": 8
},
{
"pose": [
[
-0.12180428667330223,
0.6897406985205086,
0.7137376860951432,
0.0548414568261546
],
[
0.959960802905008,
-0.10090037736107171,
0.26133191679235424,
-0.5679254031857581
],
[
0.25226766069787976,
0.7169915499173156,
-0.6498339362584762,
0.3173119263294275
],
[
0.0,
0.0,
0.0,
1.0
]
],
"at_element": 8,
"to_element": 5
},
{
"pose": [
[
-0.8808700194910146,
0.024726930476206624,
-0.4727119499982246,
0.07288503957058719
],
[
-0.16742650336672338,
0.9178069154744581,
0.359998377604196,
-0.528603692153435
],
[
0.4427599515903529,
0.39625628678481,
-0.8043286520143507,
0.31595955915044754
],
[
0.0,
0.0,
0.0,
1.0
]
],
"at_element": 7,
"to_element": 8
},
{
"pose": [
[
0.699976495574513,
-0.024726930476206777,
0.7137376860951427,
0.0719948696596854
],
[
-0.29889144379338717,
-0.9178069154744577,
0.26133191679235374,
-0.5616447564682754
],
[
0.6486114479951214,
-0.39625628678481056,
-0.6498339362584762,
0.3016943261955961
],
[
0.0,
0.0,
0.0,
1.0
]
],
"at_element": 8,
"to_element": 7
},
{
"pose": [
[
0.628444452640937,
0.6177386035158469,
-0.47271194999822497,
-0.016172968821137473
],
[
0.7775621036361803,
-0.5155563432945267,
0.3599983776041966,
-0.46078070072323707
],
[
-0.021324749323523157,
-0.5938018816196754,
-0.80432865201435,
0.16442561159302338
],
[
0.0,
0.0,
0.0,
1.0
]
],
"at_element": 7,
"to_element": 22
},
{
"pose": [
[
0.7222613964643573,
-0.6177386035158465,
-0.31102651479198407,
-0.038411549765067506
],
[
0.0733135020959963,
0.515556343294526,
-0.8537135276538594,
-0.4422206796945079
],
[
0.6877234950092783,
0.5938018816196766,
0.41765502486759887,
0.1858024708890094
],
[
0.0,
0.0,
0.0,
1.0
]
],
"at_element": 22,
"to_element": 7
},
{
"pose": [
[
-0.41278713008248236,
0.8811889163152928,
-0.23046231579446555,
0.3246419040819527
],
[
0.7506563581056445,
0.18582025312831785,
-0.6340235528455538,
-0.6894831854272798
],
[
-0.5158699615928793,
-0.4347147654386816,
-0.7381742717243358,
0.6747019743903679
],
[
0.0,
0.0,
0.0,
1.0
]
],
"at_element": 6,
"to_element": 7
},
{
"pose": [
[
-0.007036056562846893,
-0.881188916315293,
-0.47271194999822425,
0.2929190453269613
],
[
-0.9142603576934057,
-0.18582025312831885,
0.3599983776041957,
-0.6961727267216204
],
[
-0.4050660344417562,
0.4347147654386802,
-0.8043286520143509,
0.6903517344445289
],
[
0.0,
0.0,
0.0,
1.0
]
],
"at_element": 7,
"to_element": 6
},
{
"pose": [
[
-0.8037636693071133,
0.3612580465966701,
-0.47271194999822497,
0.08933947842188647
],
[
0.19804338393685,
0.9116907294698073,
0.3599983776041941,
-0.5411347299046012
],
[
0.5610194131942384,
0.19573614272271916,
-0.8043286520143518,
0.3439571095000163
],
[
0.0,
0.0,
0.0,
1.0
]
],
"at_element": 7,
"to_element": 14
},
{
"pose": [
[
0.9324394653145639,
-0.3612580465966697,
-0.007019066394372796,
0.07633418931951022
],
[
-0.35161918277282167,
-0.9116907294698073,
0.212565199656443,
-0.5739555947141505
],
[
-0.08319010656360043,
-0.19573614272271966,
-0.9771216754334988,
0.3369106086736001
],
[
0.0,
0.0,
0.0,
1.0
]
],
"at_element": 14,
"to_element": 7
},
{
"pose": [
[
0.6275130062453087,
0.6186847657101728,
-0.4727119499982243,
0.2312437105664395
],
[
0.778337998407824,
-0.5143842224999227,
0.3599983776041943,
-0.6492032763997767
],
[
-0.020430056962165682,
-0.5938333371589191,
-0.8043286520143518,
0.5854099429991241
],
[
0.0,
0.0,
0.0,
1.0
]
],
"at_element": 7,
"to_element": 21
},
{
"pose": [
[
0.749490853953547,
-0.6186847657101734,
-0.23556871718912678,
0.20897104960655874
],
[
0.15979587318177116,
0.5143842224999227,
-0.8425402961029375,
-0.630685436579199
],
[
0.6424396771324591,
0.5938333371589187,
0.484389542542615,
0.6067879521538073
],
[
0.0,
0.0,
0.0,
1.0
]
],
"at_element": 21,
"to_element": 7
},
{
"pose": [
[
0.13122279624445832,
0.9629579207980248,
-0.23556871718912548,
0.24202491388144598
],
[
-0.5214266728791752,
-0.13505581902653363,
-0.8425402961029376,
-0.5124642528591591
],
[
-0.8431457777608442,
0.23339230604160238,
0.48438954254261535,
0.5388207518123295
],
[
0.0,
0.0,
0.0,
1.0
]
],
"at_element": 21,
"to_element": 75
},
{
"pose": [
[
-0.13295789177715878,
-0.9629579207980253,
0.23459378036622686,
0.20735843139922253
],
[
-0.9908120131517709,
0.13505581902653352,
-0.0071749802234699345,
-0.507602243748184
],
[
-0.024774051108131953,
-0.233392306041601,
-0.9720670130563405,
0.5304186294411133
],
[
0.0,
0.0,
0.0,
1.0
]
],
"at_element": 75,
"to_element": 21
},
{
"pose": [
[
0.6035701734404368,
-0.3553611700518673,
0.713737686095143,
-0.17139734535418732
],
[
-0.7002041816366533,
-0.6643942604238684,
0.261331916792354,
-0.6507617462546788
],
[
0.38133600636659737,
-0.6574942627393711,
-0.6498339362584764,
0.523294676322058
],
[
0.0,
0.0,
0.0,
1.0
]
],
"at_element": 8,
"to_element": 32
},
{
"pose": [
[
0.5254966827742078,
0.35536117005186724,
0.7730276031376055,
-0.15860434086006403
],
[
0.4397200187662013,
0.6643942604238681,
-0.6043397817553242,
-0.626843548444176
],
[
-0.728353994627307,
0.6574942627393712,
0.19287755954297947,
0.546964474169857
],
[
0.0,
0.0,
0.0,
1.0
]
],
"at_element": 32,
"to_element": 8
},
{
"pose": [
[
0.8179658280117621,
-0.523717097702721,
0.2380174484756759,
-0.32156316730286516
],
[
-0.5728314431360964,
-0.7795466846144326,
0.25332016157673576,
-0.5422484172785362
],
[
0.052877613029047296,
-0.34355111421808093,
-0.9376441702265661,
0.49864109221313035
],
[
0.0,
0.0,
0.0,
1.0
]
],
"at_element": 9,
"to_element": 32
},
{
"pose": [
[
0.35797866746660556,
0.5237170977027212,
0.7730276031376058,
-0.30270934062568633
],
[
0.16456121868342305,
0.7795466846144328,
-0.604339781755324,
-0.5141847200210664
],
[
-0.9191141816685564,
0.34355111421807993,
0.1928775595429797,
0.5110089396457075
],
[
0.0,
0.0,
0.0,
1.0
]
],
"at_element": 32,
"to_element": 9
},
{
"pose": [
[
-0.9385835530885107,
-0.24981714931700555,
0.23801744847567635,
-0.2851706407239685
],
[
-0.1883166275791473,
0.9488760422288852,
0.2533201615767359,
-0.5035161278090358
],
[
-0.2891327751206408,
0.19293949411971564,
-0.9376441702265657,
0.3552766430727349
],
[
0.0,
0.0,
0.0,
1.0
]
],
"at_element": 9,
"to_element": 91
},
{
"pose": [
[
0.8767584796630575,
0.24981714931700488,
-0.4109573703512923,
-0.27617722746875756
],
[
0.3062331509842971,
-0.9488760422288851,
0.07652132854489631,
-0.5376756496795885
],
[
-0.3708312629446884,
-0.1929394941197176,
-0.9084374089785576,
0.3483308244665507
],
[
0.0,
0.0,
0.0,
1.0
]
],
"at_element": 91,
"to_element": 9
},
{
"pose": [
[
-0.45964899509954926,
-0.8840613245916088,
-0.08460718447805887,
-0.35819980097683535
],
[
-0.5521511323868796,
0.20985657890089648,
0.8069010740455724,
-0.5207741198494834
],
[
-0.695594658050118,
0.4176072205474204,
-0.5845958270795277,
0.2524036169806362
],
[
0.0,
0.0,
0.0,
1.0
]
],
"at_element": 11,
"to_element": 91
},
{
"pose": [
[
0.22259742612006628,
0.8840613245916094,
-0.4109573703512942,
-0.3263736041502567
],
[
0.9747331442860323,
-0.20985657890089615,
0.07652132854490148,
-0.5283289541122962
],
[
-0.01859256074311591,
-0.4176072205474196,
-0.9084374089785561,
0.23736976217030117
],
[
0.0,
0.0,
0.0,
1.0
]
],
"at_element": 91,
"to_element": 11
},
{
"pose": [
[
-0.006904907898327428,
-0.6343348067339862,
0.7730276031376059,
-0.21971165866442804
],
[
0.296010909500638,
-0.7396965388891128,
-0.6043397817553238,
-0.5790708907076982
],
[
0.9551596011680564,
0.2246516933415451,
0.1928775595429797,
0.5317176313915599
],
[
0.0,
0.0,
0.0,
1.0
]
],
"at_element": 32,
"to_element": 91
},
{
"pose": [
[
-0.6547773611844765,
0.6343348067339863,
-0.41095737035129326,
-0.1968756071745033
],
[
0.6685757373949422,
0.739696538889113,
0.07652132854489747,
