{
"line_pt_pairs": [
[
[
0.7715689120318182,
1.3878910363707164,
-2.140611675646555
],
[
1.2873729890591352,
0.5666068281188381,
-2.3844116005810854
]
],
[
[
-0.17173306490616264,
-1.5079178034045737,
0.7827108571262102
],
[
0.08716719365911015,
-1.4284625567281422,
0.36240439763454085
]
],
[
[
0.0338887357970742,
-1.512791602598187,
0.9588919671744355
],
[
-0.21412792950281495,
-1.4191467312221788,
0.5349599304061657
]
],
[
[
-0.19652524107707375,
-1.5568163117183438,
1.1339145603509946
],
[
0.1467949018316526,
-1.2488568402026055,
0.24661965820352993
]
],
[
[
0.2534466302555636,
-0.7225281773394715,
0.2341462754584235
],
[
-0.06665094152973958,
-1.635525293836333,
0.4870767200584536
]
],
[
[
0.0017264400567077107,
-0.29646525134047197,
0.3967827100656173
],
[
0.05509848435160272,
-1.2936635114255255,
0.3443703549274778
]
],
[
[
0.14654706255403968,
-0.5493890600496171,
0.6083437524708655
],
[
0.2179519060678647,
-0.934192111540358,
0.29717183875405784
]
],
[
[
0.35995134661989503,
-0.5903035022008133,
0.8909077659399479
],
[
-0.15190177047731512,
-0.4531488550748839,
0.042854118291621446
]
],
[
[
-0.5295497034972773,
-0.6045494645144178,
0.9513561512951547
],
[
0.008738600641873762,
-0.5051549786375191,
0.11447716493914406
]
],
[
[
-0.45242759901184576,
-0.6996608877200337,
1.0496531778973976
],
[
-0.5166507628007272,
-0.5302416982218866,
0.5836354491973648
]
],
[
[
-0.3766901087141144,
-0.6424866932096098,
0.7647406273325581
],
[
0.03144723104837943,
-1.5316978071705378,
0.5580342977246807
]
],
[
[
-0.4396332718956802,
-1.0448165754817946,
0.7574816683863413
],
[
-0.3201016581139213,
-0.5633321890055852,
0.6951520695880451
]
],
[
[
-0.21771604445944198,
-1.086352763814287,
0.6510646268421723
],
[
-0.26964766437539095,
-0.7796869504525696,
1.0425479416438401
]
],
[
[
-0.18714344288519805,
-0.8150272177293995,
1.1084208622687226
],
[
-0.3925514176780533,
-0.6860121418351669,
0.6711993233625255
]
],
[
[
0.0816075878595335,
-0.7626813989715907,
0.9116115123081451
],
[
0.14541208746573434,
-0.6760318364197928,
0.423327948034695
]
],
[
[
0.08598090180182366,
-0.7002310152393946,
0.7338143050814947
],
[
-0.25888658570646567,
-0.9711763071587499,
0.9739289961073777
]
],
[
[
-0.21791751334116866,
-1.2983132061788685,
1.1929405262239043
],
[
-0.13964884401292949,
-1.6252414602183312,
0.8228163144891202
]
],
[
[
-0.09494390693621924,
-1.6309393326929327,
1.1009555752381621
],
[
-0.3476290919416629,
-0.691457931200569,
0.8696010993171011
]
],
[
[
-0.12055209277551959,
-1.6172023573292191,
1.1394316110388836
],
[
0.1411999228886591,
-0.7043262252372796,
0.8261536996684846
]
],
[
[
1.1283666296127703,
0.782165517474861,
-2.2814160433455966
],
[
1.649897512186428,
1.6186506374418421,
-2.1131954066931136
]
],
[
[
0.803679173117325,
1.1996186666491178,
-2.149603977869203
],
[
1.6994071266081425,
1.644219474138486,
-2.1508511005391666
]
],
[
[
0.49379911136411897,
0.17321637135716583,
-0.16399939575535888
],
[
-0.02019910773257999,
-0.5574364756475793,
0.28539157870817283
]
],
[
[
0.22330753736348813,
-0.12553598841124475,
0.11995925282546649
],
[
-0.001586124780008219,
-0.40221523266047854,
0.4704894748168944
]
],
[
[
-0.22167435627715162,
-0.3028241854679295,
0.17839442122659216
],
[
0.5675412570449614,
0.3085238103356445,
0.12015059137694725
]
],
[
[
-0.31945272341507536,
-0.2594777676671871,
0.13596180288494306
],
[
0.20900087329732003,
0.587014454951785,
0.07124926030372752
]
],
[
[
-1.416229250452659,
-0.0305942526031098,
0.29078838423472786
],
[
-1.6254921090200474,
-0.4385726643331179,
0.4901941805057116
]
],
[
[
-1.7354273838642393,
-0.25762412500282017,
1.0477841781942112
],
[
-1.586464021257079,
-0.09940364128989349,
0.0716816245993469
]
],
[
[
-1.6759234748869671,
-0.12759400896901213,
0.7638873375433781
],
[
-1.5260625481827816,
-0.43223775591318314,
0.3968261844705166
]
],
[
[
-1.000523631194081,
-0.16254403471746484,
0.8648502820338706
],
[
-0.21448144081672937,
-0.7713677736039828,
0.7577459874653694
]
],
[
[
-1.0074052014542167,
-0.20945139454679879,
0.7459720305647413
],
[
-0.4334224008915881,
-1.0270594307309806,
0.7913685483312756
]
],
[
[
-0.7455141070851408,
-0.542269599521133,
0.8063203700015777
],
[
-1.6866435561377076,
-0.23947844173170624,
0.6560111058474648
]
],
[
[
-1.0852905972842897,
-0.20256327659890103,
0.7256530318902069
],
[
-0.7112832543412226,
-0.3571471153168537,
1.0192894469205789
]
],
[
[
-0.709191143319283,
0.05746887572184778,
0.49838838016262266
],
[
-0.08655199227994886,
-0.7153794416517432,
0.37580793341100266
]
],
[
[
-0.43780776057751264,
-0.04503682696566111,
0.36617318921287645
],
[
-1.2950743749651359,
-0.3665913601921329,
0.7682883891467855
]
],
[
[
-0.5825452200197944,
-0.38291833972382516,
0.5093660768775408
],
[
-0.773171525882443,
-0.4572504881692857,
0.9655856985737608
]
],
[
[
-0.6729380703373773,
-0.23308532832129747,
0.6164485442936645
],
[
0.028057663719812165,
-0.06094555282941731,
-0.07563012069119635
]
],
[
[
-0.3391363483861592,
0.18875354771867833,
0.15840736261248106
],
[
-0.7382951890311792,
-0.5504883887382405,
0.7008035087255857
]
],
[
[
-0.8436124254482458,
0.07038226061179505,
0.23501854074721584
],
[
-1.792750463262471,
-0.22996761984305017,
0.32950099671086625
]
],
[
[
-1.0365088804525233,
0.13255365961352944,
0.17284106699516416
],
[
-0.12064972914642302,
-0.1972906470320107,
-0.05607976723010383
]
],
[
[
-0.7550898671911358,
0.12941131290479793,
0.5680881009162325
],
[
-0.13758362123099366,
0.5639677029888424,
-0.08753891197855079
]
],
[
[
-0.6234823740280638,
0.22709179324978018,
0.7802979669496057
],
[
-0.22660490204404127,
-0.13046406812557387,
-0.06506708924073612
]
],
[
[
-0.4337155771724888,
0.040232039021840756,
0.44517828790135155
],
[
-0.7837713451647983,
-0.005464064198107105,
0.09109803506899389
]
],
[
[
-0.8879536165500305,
-0.27622817156995716,
1.1062254795674664
],
[
-0.6038213197648007,
-0.5179599131069288,
0.7733071666781741
]
],
[
[
-0.6493673263650728,
-0.03824719177333237,
0.7076334467536336
],
[
-0.5425820006465752,
-0.00713742520797294,
0.2201613176678331
]
],
[
[
-0.8155800102478423,
-0.015075643319149325,
0.7506794961253229
],
[
-0.8933056079277616,
-0.3674137339259622,
1.0968248433031302
]
],
[
[
-1.3604411358590374,
-0.12817973470271846,
1.157556051431431
],
[
-0.5576813544306036,
-0.06274067543393047,
0.5648550620253144
]
],
[
[
-1.5871866241247876,
-0.1211500234898529,
1.0970010679950728
],
[
-0.6074812280345029,
-0.18940915213618725,
0.9085387953036361
]
],
[
[
-1.0954249513938084,
-0.11363736883716287,
1.2533658294223649
],
[
-1.8759335991384163,
-0.29633075996729047,
0.6555118542467726
]
],
[
[
-1.141436894993205,
0.007404579821662094,
0.3230967239968189
],
[
-0.3299566872934131,
0.31137641262698357,
-0.17600346371350073
]
],
[
[
-0.6994431642807396,
0.3160988133771352,
-0.09428557920232077
],
[
-0.09517871766816277,
0.5531125754908818,
-0.8550016597006131
]
],
[
[
-0.14062941040255655,
0.5513465539475821,
-0.584583217025843
],
[
0.558496777543946,
0.6707426861518123,
-1.2895421782016423
]
],
[
[
0.1437279055269387,
0.909428569071772,
-0.9511130510209402
],
[
0.5824100243402308,
1.0765062913110486,
-1.8340870219650536
]
],
[
[
0.7710603591435361,
0.8907499992352876,
-1.481986181211151
],
[
1.1348707294599012,
0.9822555899258176,
-2.4089536786578774
]
],
[
[
0.5655270881708425,
0.42559758650488155,
-1.0104861590673337
],
[
0.9266682410875127,
0.9490639256458278,
-1.7822115373311265
]
],
[
[
1.0256046921204718,
0.44089828216574706,
-1.5572355637977027
],
[
1.2604634069277074,
0.7822517621304992,
-2.4673559875851523
]
],
[
[
0.04519627819050918,
-0.8272017181892733,
0.4323313621557242
],
[
0.31381440363352714,
-0.26666378645610556,
-0.35102138710337044
]
],
[
[
0.3349027435777725,
-0.6458374426399947,
-0.05201808936343476
],
[
0.6194560690023583,
-0.03943587971671869,
-0.7945182910294127
]
],
[
[
0.5800379224162253,
-0.07822596123280078,
-0.47884919706658813
],
[
0.6479352600587862,
0.484015395906673,
-1.3030303712406983
]
],
[
[
-0.238000837070853,
0.11907665788006438,
0.10907624292296915
],
[
0.060411473987426606,
0.5155816302095552,
-0.7591022522765183
]
],
[
[
-0.07994123230926305,
0.5582873631072242,
-0.4843118919313583
],
[
0.33908864504092096,
1.061894730346103,
-1.2398207148782614
]
],
[
[
-0.07159488480091253,
-0.23177570446389192,
0.1732693506986444
],
[
0.33897058801762314,
-0.04636509869021829,
-0.7195122358897904
]
],
[
[
0.17610313018619161,
0.1687819730417542,
-0.5612446039098593
],
[
0.5962903104221822,
0.7487538275057348,
-1.2591524643004262
]
],
[
[
0.45261172568993896,
0.4901765435543455,
0.00881571687696557
],
[
0.8440309587064012,
0.6596099295844727,
-0.8956638637234869
]
],
[
[
0.7967677814714889,
0.654872689520945,
-0.6943356734078335
],
[
0.9732364106582332,
0.8603545669159257,
-1.6569550275531704
]
],
[
[
1.273441721936162,
1.0360643979137525,
-1.4954715651522328
],
[
1.3536488072139055,
1.5387089305387958,
-2.3562359331957765
]
],
[
[
0.5084057149412038,
0.11312687429881668,
0.029458206006861207
],
[
0.5723793984243782,
0.5615493129129947,
-0.18226020218880895
]
],
[
[
-0.21792212003332,
0.19752339854124615,
0.04139088686647102
],
[
0.6486334533721547,
0.25279864707218147,
-0.4546192794605433
]
],
[
[
-0.6402984920904998,
0.18995582041688314,
0.8703587482286057
],
[
-0.5858519711962088,
0.17244044968994804,
-0.12800430605115165
]
],
[
[
0.09428085816011755,
0.4453454879914292,
0.25253818046228216
],
[
0.011173505317065124,
0.4659366666870304,
-0.7437896628018446
]
],
[
[
-0.08000607325664869,
0.736315702916666,
-0.6438687769250364
],
[
0.4224200053802892,
-0.12572116272398215,
-0.7106555853676972
]
],
[
[
0.45845211793330276,
0.18786992539767752,
0.16133747107654503
],
[
0.5794246957767357,
-0.05458952049491406,
-0.8012522922740593
]
],
[
[
0.24069863643218464,
-0.5954214778288215,
0.8208292994677374
],
[
0.3171922496110444,
-0.6178998580079443,
-0.17598735848264324
]
],
[
[
-0.04791697278814189,
-0.21160805643129227,
0.11206568509475498
],
[
-0.6590408714069991,
0.430904630968433,
-0.3502167254156078
]
],
[
[
-0.08304115694694604,
0.12012425528072718,
0.14535029352625423
],
[
0.4840675171107823,
-0.449630297787431,
-0.4494332814542496
]
],
[
[
0.13640435289621883,
0.2928152824129269,
0.19051106411042515
],
[
-0.7587932925684744,
0.31091581239514654,
-0.2547905711536193
]
],
[
[
0.322898927384267,
0.3026462388722471,
0.19116960014889203
],
[
0.17225278304974978,
-0.5992485923889961,
-0.2136654928722014
]
],
[
[
1.2845646752651347,
1.260263589300298,
-1.3452495099581439
],
[
1.2041925344229896,
0.9631445187199946,
-2.296701335787464
]
],
[
[
1.0226651768297943,
1.3840894476542707,
-2.273975100266223
],
[
1.1596242505162204,
1.1832819972812516,
-1.3039655229889449
]
],
[
[
0.828314839874141,
0.9671810632842309,
-0.7524516804960495
],
[
0.8988735356882954,
0.639312863741785,
-1.6945365568069901
]
],
[
[
0.8097600870775327,
0.9299969273851953,
-0.7219166851053761
],
[
0.5524233844272199,
1.254423523691404,
-1.6321502842865054
]
],
[
[
0.47496657699441597,
1.0060459302603255,
-1.7721188291857077
],
[
1.3531717873006577,
1.228729413202094,
-1.348836801436014
]
],
[
[
1.229956797839358,
1.4058819931488218,
-1.5725608631523833
],
[
0.8485656662286569,
0.4815199928393311,
-1.5823433532518554
]
],
[
[
-0.2452856255954796,
0.5153922793678298,
0.06819159608313824
],
[
0.24292162559662447,
-0.33512084628505673,
-0.1274639762259767
]
],
[
[
0.20199433044233334,
1.1348029213788386,
-1.212583897705286
],
[
0.7486594223002936,
0.2986080096518646,
-1.168591319401147
]
],
[
[
0.5715679305285163,
1.3001371752815611,
-1.584739311154156
],
[
1.0560247544776344,
0.43543978526342253,
-1.717404338289994
]
],
[
[
0.7523543106828583,
0.9869069506735019,
-0.9833006860603708
],
[
-0.05626547880591792,
0.6246503936632566,
-0.519723051839079
]
],
[
[
0.21402002039228418,
-0.0785998455693098,
-0.5359285567222404
],
[
0.7898940093462343,
0.7035689721199909,
-0.7737963550489309
]
],
[
[
0.509190590329254,
0.5223719006189289,
-0.0043286082045198015
],
[
0.5579584741682708,
-0.1273479954961128,
-0.7629363791231437
]
],
[
[
-0.1633698222968837,
0.5602508968612662,
-0.7569323544097318
],
[
0.5604809518816354,
0.32984917171645683,
-0.106582370346186
]
],
[
[
0.33360775510818724,
-0.3563323628073131,
0.197816005074885
],
[
-0.3519281225097905,
0.3445223010519182,
0.0007289668270260424
]
]
],
"contact_id_pairs": [
[
1,
2
],
[
1,
10
],
[
1,
4
],
[
3,
4
],
[
2,
3
],
[
3,
16
],
[
4,
5
],
[
4,
6
],
[
5,
55
],
[
5,
7
],
[
5,
22
],
[
7,
8
],
[
6,
7
],
[
6,
14
],
[
7,
21
],
[
7,
71
],
[
8,
9
],
[
8,
11
],
[
8,
32
],
[
9,
28
],
[
12,
13
],
[
13,
28
],
[
10,
11
],
[
10,
12
],
[
11,
29
],
[
13,
17
],
[
15,
17
],
[
14,
15
],
[
14,
18
],
[
16,
17
],
[
17,
18
],
[
0,
19
],
[
0,
54
],
[
19,
76
],
[
19,
20
],
[
20,
64
],
[
0,
20
],
[
0,
52
],
[
20,
77
],
[
21,
70
],
[
21,
75
],
[
23,
70
],
[
23,
75
],
[
65,
70
],
[
75,
82
],
[
22,
89
],
[
23,
60
],
[
23,
89
],
[
73,
89
],
[
24,
35
],
[
24,
89
],
[
35,
72
],
[
58,
89
],
[
24,
68
],
[
24,
74
],
[
39,
82
],
[
66,
82
],
[
74,
82
],
[
25,
37
],
[
26,
37
],
[
25,
27
],
[
27,
30
],
[
26,
27
],
[
26,
47
],
[
28,
31
],
[
28,
34
],
[
28,
42
],
[
31,
42
],
[
34,
42
],
[
29,
30
],
[
29,
31
],
[
30,
33
],
[
32,
33
],
[
32,
36
],
[
33,
36
],
[
34,
36
],
[
35,
36
],
[
36,
40
],
[
38,
40
],
[
37,
48
],
[
38,
41
],
[
38,
48
],
[
39,
67
],
[
40,
41
],
[
40,
67
],
[
41,
43
],
[
42,
44
],
[
44,
46
],
[
43,
45
],
[
44,
45
],
[
45,
46
],
[
45,
47
],
[
46,
47
],
[
48,
67
],
[
48,
74
],
[
49,
72
],
[
49,
74
],
[
49,
88
],
[
50,
88
],
[
68,
88
],
[
50,
83
],
[
51,
59
],
[
51,
83
],
[
59,
83
],
[
51,
80
],
[
52,
84
],
[
79,
84
],
[
80,
84
],
[
53,
83
],
[
57,
83
],
[
61,
83
],
[
53,
84
],
[
54,
84
],
[
78,
81
],
[
78,
84
],
[
55,
73
],
[
55,
75
],
[
56,
71
],
[
56,
73
],
[
56,
70
],
[
57,
70
],
[
58,
69
],
[
59,
69
],
[
59,
85
],
[
60,
69
],
[
60,
86
],
[
61,
69
],
[
62,
65
],
[
62,
87
],
[
65,
87
],
[
65,
88
],
[
66,
87
],
[
87,
88
],
[
62,
63
],
[
62,
86
],
[
63,
78
],
[
63,
86
],
[
78,
79
],
[
79,
85
],
[
63,
81
],
[
64,
76
],
[
76,
80
],
[
77,
80
],
[
77,
81
],
[
56,
87
]
],
"contact_t_pairs": [
[
0.20968820640611513,
0.6064047175321281
],
[
0.5392504859211282,
0.915218627548825
],
[
0.7903117935938847,
0.7850625282158457
],
[
0.824613308003902,
0.6257784533947851
],
[
0.3935952824678723,
0.37384871708798334
],
[
0.17538669199609838,
0.6107467371246144
],
[
0.5588021466248745,
0.9386289482319045
],
[
0.21493747178415445,
0.9775228712043598
],
[
0.49804994578826156,
0.06286357011894336
],
[
0.21238244803537046,
0.6172948232399492
],
[
0.0613710517680959,
0.8369124768376911
],
[
0.800283437022917,
0.8891998128986097
],
[
0.02247712879564002,
0.3583963972557874
],
[
0.35472843474629073,
0.8575667014524235
],
[
0.725151211982298,
0.9424825796976354
],
[
0.1997165629770828,
0.09954750974027496
],
[
0.11080018710139046,
0.43248951934946495
],
[
0.3265308421771351,
0.9712757092908011
],
[
0.6360309600107027,
0.797527633827849
],
[
0.5675104806505349,
0.6791829724682497
],
[
0.9286190968348333,
0.23575934810580487
],
[
0.7642406518941952,
0.8628761002314634
],
[
0.08478137245117515,
0.6788672188596648
],
[
0.4563173127656041,
0.07138090316516679
],
[
0.028724290709199043,
0.9999968131335382
],
[
0.5447396475911119,
0.9375070483536843
],
[
0.9936953183152003,
0.6920548170802551
],
[
0.36591942985955034,
0.006304681684799948
],
[
0.14243329854757647,
0.9397915889369395
],
[
0.389253262875386,
0.2283654411722805
],
[
0.06249295164631582,
0.06020841106306035
],
[
0.7066983842377874,
0.019913510862947407
],
[
0.8195776323245603,
0.8459105192956562
],
[
0.21070602370349456,
0.9503990415468252
],
[
0.9800864891370527,
0.9275336792386503
],
[
0.5781187121356064,
0.7789358016210093
],
[
0.1804223676754398,
0.07246632076135007
],
[
0.5303487283242325,
0.8357222834730661
],
[
0.28272610231734013,
0.13679289255919586
],
[
0.057517420302364626,
0.30272701786028006
],
[
0.4087148671041934,
0.46139357667239966
],
[
0.8378210876693175,
0.023052171664703476
],
[
0.6697539109470356,
0.200160718374619
],
[
0.07490971960737451,
0.15881248107179644
],
[
0.6927232327995874,
0.9695653391142784
],
[
0.16308752316230893,
0.23496615488310274
],
[
0.1621789123306825,
9.876679919210172e-18
],
[
0.36546918448809046,
0.3850495742468757
],
[
0.0981355125204431,
0.564059315852962
],
[
0.1859359143530576,
0.6800829511638324
],
[
0.4122588205440037,
0.6282553591590622
],
[
0.7911997031647235,
0.13669376112550033
],
[
0.092025777407242,
0.7650338451168972
],
[
0.8140640856469428,
0.16694314247536066
],
[
0.641788261350019,
0.1470928291951514
],
[
0.8121141626076471,
0.030434660885721374
],
[
0.15108216408813266,
0.36043042161509814
],
[
0.3135430637222219,
0.2371752651277336
],
[
0.1841014770947817,
0.6416837227766429
],
[
0.7501226407469892,
0.8108801459396497
],
[
0.8158985229052187,
0.7964981215440996
],
[
0.3240219854260051,
0.9498625156965088
],
[
0.37419627566878216,
0.20350187845590056
],
[
0.2498773592530107,
0.7582853449583941
],
[
0.13712389976853698,
0.4611831174996638
],
[
0.40007780454604447,
0.6563377049524061
],
[
0.487462439534449,
0.8755380102685598
],
[
0.8553518840285549,
0.3682591980863128
],
[
0.8148209580626297,
0.6320875885339549
],
[
0.3853371790364292,
0.050137484303491194
],
[
3.1868664622449675e-06,
0.14464811597144564
],
[
0.5475932043794722,
0.95604804823833
],
[
0.2024723661721509,
0.18511608965712326
],
[
0.30034926504249804,
0.5061465302989558
],
[
0.043951951761670216,
0.35997816370463537
],
[
0.18517904193737042,
0.7802099615077657
],
[
0.20880029683527668,
0.5301464651512653
],
[
0.21979003849223433,
0.5747809036442904
],
[
0.8573913848863066,
0.9620951583445841
],
[
0.1891198540603503,
0.13293613443785673
],
[
0.3105045419849183,
0.9340877299518562
],
[
0.14260861511369308,
0.3061636207484112
],
[
0.18788583739235284,
0.4244545465169053
],
[
0.4370745526381349,
0.06591227004814365
],
[
0.037904841655415716,
0.12322591871380072
],
[
0.38260381119313347,
0.8184103279562371
],
[
0.12446198973144001,
0.8568760541829333
],
[
0.5152495034825479,
0.7535192778404468
],
[
0.1815896720437647,
0.9117780487494022
],
[
0.1431239458170661,
0.6443565745702354
],
[
0.21405928470283028,
0.40251672659201804
],
[
0.0882219512505988,
0.2417146550416057
],
[
0.2464807221595531,
0.32104943051647894
],
[
0.6599673059538232,
0.8767740812861987
],
[
0.8670638655621432,
0.6473237790302843
],
[
0.2279066765176774,
0.8633062388744995
],
[
0.11411647841087814,
0.8529071708048481
],
[
0.8858835215891218,
1.0483979781839623e-08
],
[
0.10933084391520417,
0.13279529012802585
],
[
0.8330568575246396,
0.2756284832074934
],
[
0.8906691560847957,
0.5520678276442352
],
[
0.10979983409082344,
0.7259028596483696
],
[
0.30553194490184094,
0.1868238280689279
],
[
0.9245136318643427,
0.15171761342165815
],
[
0.890200165909177,
0.07846923248686505
],
[
0.1642777165269337,
0.47316758821935856
],
[
0.9525123814683769,
0.050051076841578605
],
[
0.2794367517457707,
0.2817482136465384
],
[
0.19068707673154237,
0.748360037572383
],
[
0.862991731949888,
0.8482823865783419
],
[
0.8609807194272934,
0.5760668941277736
],
[
0.8093129232684577,
0.5352283207499142
],
[
0.15408948070434386,
0.9499489231584216
],
[
0.8864569846377124,
0.8036505522578259
],
[
0.983076273253837,
0.737053100653056
],
[
0.9371364298810564,
0.7218787844586094
],
[
0.7137630250980114,
0.799839281625381
],
[
0.02946039254761614,
0.9004524902597252
],
[
0.43123666336749694,
0.9018644874795569
],
[
0.9705396074523838,
0.9769478283352966
],
[
0.137008268050112,
0.7866067079370893
],
[
0.907974222592758,
0.2808476524642617
],
[
0.19117501502384251,
0.10974350881744334
],
[
0.07548636813565626,
0.9938139802114858
],
[
1,
0.8902564911825568
],
[
0.7875350105988794,
0.014671404468071724
],
[
0.13901928057270663,
0.5787176665870026
],
[
0.20988448298531145,
0.9250902803926256
],
[
0.06869419322181437,
0.04907067280088069
],
[
0.6848597714804989,
0.15282506091294226
],
[
0.5172675286086147,
0.99999998951602
],
[
0.8489178359118673,
0.4657338073510199
],
[
0.2318214172578571,
0.9135313794075165
],
[
0.9313058067781913,
0.13616980450615482
],
[
0.83740679249597,
0.9326020714242057
],
[
0.5995281398824026,
0.5561875875411415
],
[
0.07807521411658364,
0.9853285955319283
],
[
0.016923726746163163,
0.04748761853162336
],
[
0.2691061786802859,
0.006186019788513982
],
[
0.9219247858834166,
0.6223503858492838
],
[
0.2210641983789901,
0.3570431494940909
],
[
0.04960095845317505,
0.9215307675131348
],
[
0.8632071074408042,
0.7723965939562313
],
[
0.7287195447564825,
0.1963494477421743
],
[
0.8967536266571989,
0.9509293271991194
]
],
"half_couplers": [
{
"pose": [
[
0.8551070558551396,
-0.02597205201933192,
0.5178005171305454,
-0.11744473404953114
],
[
-0.12596830874838916,
-0.9792238969170532,
0.1589104933528651,
-1.4912569752394371
],
[
0.5029154086104598,
-0.20111193952743234,
-0.8406129189833385,
0.6945775494944976
],
[
0.0,
0.0,
0.0,
1.0
]
],
"at_element": 1,
"to_element": 2
},
{
"pose": [
[
-0.8679149655628693,
0.025972052019330987,
-0.4960333305997784,
-0.11650974006736545
],
[
-0.07773745536396094,
0.979223896917053,
0.18728974275201754,
-1.4560049108230864
],
[
0.4905919899321024,
0.20111193952743306,
-0.8478640735365395,
0.7018175801651532
],
[
0.0,
0.0,
0.0,
1.0
]
],
"at_element": 2,
"to_element": 1
},
{
"pose": [
[
0.290673490844367,
-0.8046064542244794,
0.5178005171305453,
-0.03212097466973354
],
[
-0.9568205550000545,
-0.2433965501640014,
0.15891049335286303,
-1.4650715230253248
],
[
-0.001829549052999202,
-0.541633246014841,
-0.8406129189833387,
0.5560603946095386
],
[
0.0,
0.0,
0.0,
1.0
]
],
"at_element": 1,
"to_element": 10
},
{
"pose": [
[
0.43131469452350746,
0.8046064542244795,
0.4081373397624921,
-0.003155212765256314
],
[
0.38737799908697257,
0.2433965501640043,
-0.8892111139609282,
-1.4563092685300922
],
[
-0.8148042219524068,
0.5416332460148396,
-0.2067063296078797,
0.5755591440431815
],
[
0.0,
0.0,
0.0,
1.0
]
],
"at_element": 10,
"to_element": 1
},
{
"pose": [
[
0.05757342282728528,
0.8535619048688201,
0.5178005171305473,
0.032878862802478606
],
[
0.9738963226419888,
-0.16209073954659492,
0.15891049335286084,
-1.4451233848932787
],
[
0.2195706121692115,
0.4951349984700632,
-0.8406129189833382,
0.4505377052662536
],
[
0.0,
0.0,
0.0,
1.0
]
],
"at_element": 1,
"to_element": 4
},
{
"pose": [
[
-0.4110591430607753,
-0.8535619048688217,
-0.3200975717853077,
0.002150021274040334
],
[
0.3743833028083099,
0.1620907395465928,
-0.9129971164968597,
-1.4392880018702745
],
[
0.83118441003455,
-0.49513499847006137,
0.2529304446000319,
0.432712489758881
],
[
0.0,
0.0,
0.0,
1.0
]
],
"at_element": 4,
"to_element": 1
},
{
"pose": [
[
0.13803101407883545,
0.9290203004377786,
0.3433201429087257,
0.08658111767126347
],
[
0.9179145521143584,
-0.2501876074477787,
0.3079594715157391,
-1.3028688331806175
],
[
0.371995045893175,
0.2726305970614007,
-0.8872949021474648,
0.40223937591617526
],
[
0.0,
0.0,
0.0,
1.0
]
],
"at_element": 3,
"to_element": 4
},
{
"pose": [
[
-0.18563088620069346,
-0.9290203004377778,
-0.320097571785301,
0.05313646684833037
],
[
0.3222459097459113,
0.25018760744777957,
-0.9129971164968625,
-1.293862100854776
],
[
0.9282773011015486,
-0.2726305970614019,
0.2529304446000291,
0.39242469789668566
],
[
0.0,
0.0,
0.0,
1.0
]
],
"at_element": 4,
"to_element": 3
},
{
"pose": [
[
0.859475850574891,
0.12349978628588201,
-0.49603333059977844,
-0.06372945363837541
],
[
0.24478783701191956,
-0.9513156506180842,
0.18728974275201787,
-1.4759334229972794
],
[
-0.4487540274243715,
-0.2823939370390813,
-0.847864073536539,
0.7920343174154478
],
[
0.0,
0.0,
0.0,
1.0
]
],
"at_element": 2,
"to_element": 3
},
{
"pose": [
[
-0.931063414736329,
-0.12349978628588144,
0.34332014290872626,
-0.06817544610018328
],
[
-0.012629203966948235,
0.9513156506180839,
0.3079594715157386,
-1.4416860583770916
],
[
-0.36463875403841517,
0.2823939370390827,
-0.8872949021474645,
0.8022004995044572
],
[
0.0,
0.0,
0.0,
1.0
]
],
"at_element": 3,
"to_element": 2
},
{
"pose": [
[
0.021241194202905822,
0.9389782165428365,
0.3433201429087265,
-0.13631145691668448
],
[
0.94192871341101,
-0.13390766503686957,
0.30795947151573805,
-1.5028043187403317
],
[
0.33514043402835425,
0.3168416735570108,
-0.8872949021474645,
0.978294842638349
],
[
0.0,
0.0,
0.0,
1.0
]
],
"at_element": 3,
"to_element": 16
},
{
"pose": [
[
-0.3062939282199042,
-0.9389782165428372,
0.15653733865648006,
-0.1701151789298612
],
[
-0.7446746968221797,
0.13390766503687102,
-0.6538565080789273,
-1.4979835706073175
],
[
0.5929954683203029,
-0.3168416735570091,
-0.7402484234695668,
0.966888371576065
],
[
0.0,
0.0,
0.0,
1.0
]
],
"at_element": 16,
"to_element": 3
},
{
"pose": [
[
0.7057607183224892,
0.632012146252013,
-0.3200975717853046,
0.07457542001252632
],
[
-0.40790759866153636,
-0.00690334865071307,
-0.9129971164968627,
-1.2327129259002383
],
[
-0.5792350122593619,
0.7749277326095194,
0.25293044460002456,
0.37548435084770426
],
[
0.0,
0.0,
0.0,
1.0
]
],
"at_element": 4,
"to_element": 5
},
{
"pose": [
[
-0.7731184074109945,
-0.6320121462520099,
0.05337204429489384,
0.05182298585821163
],
[
-0.07448472233115722,
0.006903348650714181,
-0.9971982600850532,
-1.2324644053827907
],
[
0.6298729667651553,
-0.7749277326095222,
-0.0524123551381428,
0.34758695628794833
],
[
0.0,
0.0,
0.0,
1.0
]
],
"at_element": 5,
"to_element": 4
},
{
"pose": [
[
-0.34942494421865256,
-0.8805905705235231,
-0.3200975717853039,
0.18464566745178362
],
[
0.3619313348053654,
0.18826038923369748,
-0.9129971164968614,
-0.91876546930553
],
[
0.8642383451593654,
-0.4348773079279177,
0.2529304446000302,
0.2885105057579961
],
[
0.0,
0.0,
0.0,
1.0
]
],
"at_element": 4,
"to_element": 6
},
{
"pose": [
[
0.45184692141932437,
0.880590570523523,
0.14280968702765012,
0.2163469302035719
],
[
0.6101347983021731,
-0.18826038923369803,
-0.7696061029814819,
-0.9255428437910452
],
[
-0.6508224700366803,
0.4348773079279179,
-0.6223438274336153,
0.3041660899362564
],
[
0.0,
0.0,
0.0,
1.0
]
],
"at_element": 6,
"to_element": 4
},
{
"pose": [
[
-0.3420267695716346,
-0.938173285584372,
0.05337204429489589,
0.028308383824388866
],
[
-0.06756786663237657,
-0.03209693882743325,
-0.9971982600850531,
-0.7931197907159816
],
[
0.9372578472838418,
-0.3446747346901602,
-0.05241235513813791,
0.3706787394304318
],
[
0.0,
0.0,
0.0,
1.0
]
],
"at_element": 5,
"to_element": 55
},
{
"pose": [
[
-0.21834648817717328,
0.9381732855843716,
0.2686181254430179,
0.06208257255451546
],
[
0.8275065036639959,
0.032096938827434474,
0.5605379317331677,
-0.7919643026134379
],
[
0.5172598935684893,
0.3446747346901615,
-0.7833527492590946,
0.383087011674808
],
[
0.0,
0.0,
0.0,
1.0
]
],
"at_element": 55,
"to_element": 5
},
{
"pose": [
[
0.5091245586321725,
-0.8590364420007914,
0.053372044294896503,
0.01306172548070974
],
[
-0.017978449273499564,
-0.07261133138197762,
-0.9971982600850529,
-0.5082526589939478
],
[
0.8605050605076741,
0.5067385774435942,
-0.052412355138142575,
0.38565124577408
],
[
0.0,
0.0,
0.0,
1.0
]
],
"at_element": 5,
"to_element": 7
},
{
"pose": [
[
0.00792324633528052,
0.8590364420007912,
-0.5118531170972114,
0.043987067176555664
],
[
0.9878847085195206,
0.07261133138198095,
0.1371546471259277,
-0.5056386485466751
],
[
0.15498717637537648,
-0.506738577443594,
-0.8480536476483256,
0.36740863941688
],
[
0.0,
0.0,
0.0,
1.0
]
],
"at_element": 7,
"to_element": 5
},
{
"pose": [
[
-0.5464141229733799,
-0.8358127966853676,
0.05337204429489473,
0.00500193855009882
],
[
-0.07309666944681448,
-0.01589046881390921,
-0.9971982600850532,
-0.35766435738320695
],
[
0.8343191734168734,
-0.5487845313944796,
-0.05241235513813969,
0.3935661087051467
],
[
0.0,
0.0,
0.0,
1.0
]
],
"at_element": 5,
"to_element": 22
},
{
"pose": [
[
0.31481475792556424,
0.8358127966853679,
-0.4497873242869929,
0.03509122555387571
],
[
-0.8327916163168103,
0.015890468813909542,
-0.5533584884984679,
-0.3570923000054515
],
[
-0.4553567743920181,
0.5487845313944795,
0.7010604439828555,
0.4133223691187781
],
[
0.0,
0.0,
0.0,
1.0
]
],
"at_element": 22,
"to_element": 5
},
{
"pose": [
[
-0.8583959113107904,
0.03410052730952308,
-0.51185311709721,
-0.04967622518155393
],
[
-0.04246971442624567,
0.9896387856830968,
0.1371546471259314,
-0.48054090979520914
],
[
0.5112267430421367,
0.13947124402147593,
-0.848053647648326,
0.21222447802012337
],
[
0.0,
0.0,
0.0,
1.0
]
],
"at_element": 7,
"to_element": 8
},
{
"pose": [
[
0.8420705764151892,
-0.03410052730952396,
0.5382883041391512,
-0.05090384417123425
],
[
-0.10361375414949836,
-0.9896387856830968,
0.09939448587689984,
-0.516167906269526
],
[
0.5293215792756217,
-0.13947124402147684,
-0.8368789863560107,
0.20720351320861188
],
[
0.0,
0.0,
0.0,
1.0
]
],
"at_element": 8,
"to_element": 7
},
{
"pose": [
[
0.5994312796200942,
-0.7875833507026928,
0.1428096870276505,
0.14815203841833244
],
[
-0.4330986969370254,
-0.46918223001847426,
-0.7696061029814811,
-0.5580383277989298
],
[
0.67313272073527,
0.3994752817519634,
-0.6223438274336159,
0.6013495012886669
],
[
0.0,
0.0,
0.0,
1.0
]
],
"at_element": 6,
"to_element": 7
},
{
"pose": [
[
-0.3431018102747212,
0.7875833507026924,
-0.5118531170972092,
0.1765050335281102
],
[
0.8723856015585383,
0.4691822300184746,
0.13715464712593106,
-0.5411477708039913
],
[
0.3481731034694622,
-0.3994752817519641,
-0.8480536476483267,
0.5869683939431587
],
[
0.0,
0.0,
0.0,
1.0
]
],
"at_element": 7,
"to_element": 6
},
{
"pose": [
[
0.06579634387223576,
0.9875607497385219,
0.1428096870276484,
0.1718763909270027
],
[
0.6347799159134258,
0.06899930874001103,
-0.7696061029814829,
-0.685889644190524
],
[
-0.7698865497500204,
0.14128998892097427,
-0.6223438274336144,
0.49796222658109446
],
[
0.0,
0.0,
0.0,
1.0
]
],
"at_element": 6,
"to_element": 14
},
{
"pose": [
[
0.09186788827385439,
-0.987560749738522,
0.12760899921240118,
0.1363242021246456
],
[
-0.982449239722709,
-0.06899930874001026,
0.1732991251035953,
-0.6883736194317499
],
[
-0.1623384811816763,
-0.1412899889209731,
-0.9765671285469,
0.49287578672073007
],
[
0.0,
0.0,
0.0,
1.0
]
],
"at_element": 14,
"to_element": 6
},
{
"pose": [
[
-0.641152402936543,
-0.5717779138149414,
-0.5118531170972102,
-0.01121956160006403
],
[
-0.7180279179935193,
0.6823668454384735,
0.13715464712592979,
-0.4908456436084412
],
[
0.2708495988377843,
0.45546185956650637,
-0.848053647648326,
0.27594063552175524
],
[
0.0,
0.0,
0.0,
1.0
]
],
"at_element": 7,
"to_element": 21
},
{
"pose": [
[
-0.6394340060075447,
0.5717779138149409,
-0.5139982190966984,
0.009364743869871739
],
[
-0.022845249182366634,
-0.6823668454384746,
-0.730652847004746,
-0.515411208751288
],
[
-0.7685065039093287,
-0.4554618595665056,
0.4493909744635307,
0.25954376914986466
],
[
0.0,
0.0,
0.0,
1.0
]
],
"at_element": 21,
"to_element": 7
},
{
"pose": [
[
-0.8183197007758984,
0.2614560265893938,
-0.5118531170972097,
0.257725801324134
],
[
0.22259998633499686,
0.9652138876204696,
0.13715464712593148,
-0.562911447480488
],
[
0.5299076461098696,
-0.0017021470752482115,
-0.848053647648326,
0.7215374062114462
],
[
0.0,
0.0,
0.0,
1.0
]
],
"at_element": 7,
"to_element": 71
},
{
"pose": [
[
0.9621795431742086,
-0.26145602658939443,
0.07649361317886005,
0.24831338513517603
],
[
-0.26049351924587844,
-0.9652138876204694,
-0.022478380179120627,
-0.5976591445986483
],
[
0.07970980572030256,
0.0017021470752483156,
-0.9968166579503805,
0.7215986835011535
],
[
0.0,
0.0,
0.0,
1.0
]
],
"at_element": 71,
"to_element": 7
},
{
"pose": [
[
-0.7927483264518811,
0.285999637298265,
0.5382883041391511,
-0.46990725868416916
],
[
0.39670977497365373,
0.9125470347426592,
0.0993944858768984,
-0.5935365368824109
],
[
-0.46278660886859657,
0.2923390443434486,
-0.8368789863560109,
0.8586298030256867
],
[
0.0,
0.0,
0.0,
1.0
]
],
"at_element": 8,
"to_element": 9
},
{
"pose": [
[
0.9495818808281079,
-0.28599963729826505,
-0.1284463275777628,
-0.48020344425000105
],
[
-0.2290119261120327,
-0.9125470347426594,
0.33883837899629443,
-0.6263888638854042
],
[
-0.21412096885034398,
-0.29233904434344793,
-0.9320354574000655,
0.848105394403591
],
[
0.0,
0.0,
0.0,
1.0
]
],
"at_element": 9,
"to_element": 8
},
{
"pose": [
[
-0.06577037918450679,
-0.8401904301102959,
0.5382883041391501,
-0.3537819702126184
],
[
-0.9850377250873356,
0.14078855185004757,
0.0993944858769,
-0.5720940993332707
],
[
-0.15929512665707327,
-0.5236970735253753,
-0.8368789863560111,
0.6780893510799795
],
[
0.0,
0.0,
0.0,
1.0
]
],
"at_element": 8,
"to_element": 11
},
{
"pose": [
[
-0.48675334038708806,
0.8401904301102968,
0.23906322756351717,
-0.3235351189371282
],
[
0.22993417750843081,
-0.14078855185004913,
0.962968772952419,
-0.5771624864946682
],
[
0.8427345131389441,
0.5236970735253734,
-0.12465919759659361,
0.6969424431037151
],
[
0.0,
0.0,
0.0,
1.0
]
],
"at_element": 11,
"to_element": 8
},
{
"pose": [
[
-0.45931686392415294,
0.7065930371450585,
0.5382883041391515,
-0.18718167665311994
],
[
0.867175461364239,
0.4879830482557631,
0.0993944858768995,
-0.5413314942423637
],
[
-0.19244411584301852,
0.5124439720331734,
-0.8368789863560107,
0.41907520619035754
],
[
0.0,
0.0,
0.0,
1.0
]
],
"at_element": 8,
"to_element": 32
},
{
"pose": [
[
-0.33622428147166916,
-0.7065930371450578,
0.622639151039334,
-0.2126192144623022
],
[
-0.40568216986678485,
-0.487983048255763,
-0.7728483173735908,
-0.5588990141409467
],
[
0.8499265907130079,
-0.512443972033174,
-0.12258044675161983,
0.4006270865112425
],
[
0.0,
0.0,
0.0,
1.0
]
],
"at_element": 32,
"to_element": 8
},
{
"pose": [
[
0.7762829031449423,
-0.6171599429780309,
-0.12844632757776248,
-0.4888749175625719
],
[
-0.5505117371907705,
-0.7629714150178648,
0.3388383789962951,
-0.6035137220565161
],
[
-0.30711835096597556,
-0.19232322961356133,
-0.9320354574000653,
0.7851832326911714
],
[
0.0,
0.0,
0.0,
1.0
]
],
"at_element": 9,
"to_element": 28
},
{
"pose": [
[
0.035373432546638384,
0.6171599429780299,
0.7860421903773507,
-0.46665715984813755
],
[
0.2172746529944884,
0.7629714150178657,
-0.6088237388865191,
-0.5760467514036436
],
[
-0.975469346230825,
0.19232322961356096,
-0.10710429456850212,
0.7921068688847209
],
[
0.0,
0.0,
0.0,
1.0
]
],
"at_element": 28,
"to_element": 9
},
{
"pose": [
[
-0.5267936529464226,
-0.8436236569863279,
-0.10386323983189771,
-0.26594073844296034
],
[
0.6338082937993593,
-0.4712869214946771,
0.6133316267234349,
-0.8015770331802095
],
[
-0.566370456438636,
0.25726982528288134,
0.7829666296033355,
1.0146035090592038
],
[
0.0,
0.0,
0.0,
1.0
]
],
"at_element": 12,
"to_element": 13
},
{
"pose": [
[
-0.3457302140962004,
0.8436236569863284,
-0.41081594958571105,
-0.2355702931180952
],
[
0.843391414703809,
0.4712869214946771,
0.2580301517884641,
-0.7846107075407542
],
[
0.4112925244456837,
-0.25726982528288067,
-0.8744430778123942,
1.0053417972783807
],
[
0.0,
0.0,
0.0,
1.0
]
],
"at_element": 13,
"to_element": 12
},
{
"pose": [
[
0.6801334007917041,
-0.6071645680484842,
-0.41081594958571027,
-0.3441245674451562
],
[
-0.5519947528810368,
-0.7929200675729078,
0.25803015178846567,
-0.7164286520238121
],
[
-0.48241097615965817,
0.05127332392846386,
-0.8744430778123939,
0.7742783883528673
],
[
0.0,
0.0,
0.0,
1.0
]
],
"at_element": 13,
"to_element": 28
},
{
"pose": [
[
-0.11614156126587205,
0.6071645680484836,
0.7860421903773513,
-0.3222666113438743
],
[
0.024726936899164442,
0.792920067572908,
-0.6088237388865185,
-0.6878834882562023
],
[
-0.9929248291478618,
-0.051273323928464065,
-0.10710429456850168,
0.7724325460185603
],
[
0.0,
0.0,
0.0,
1.0
]
],
"at_element": 28,
"to_element": 13
},
{
"pose": [
[
0.791141905665149,
0.45554187183190153,
0.4081373397624921,
-0.3420876649004786
],
[
0.4574920491408998,
0.0021493676340497148,
-0.8892111139609279,
-0.7178752318500556
],
[
-0.405950132495824,
0.8902117631365366,
-0.2067063296078806,
0.7472157810140573
],
[
0.0,
0.0,
0.0,
1.0
]
],
"at_element": 10,
"to_element": 11
},
{
"pose": [
[
0.857514067660001,
-0.4555418718319012,
0.23906322756351928,
-0.3584871776818499
],
[
-0.2696043815246446,
-0.0021493676340493817,
0.9629687729524191,
-0.7179526091103383
],
[
-0.43815876258259767,
-0.8902117631365368,
-0.12465919759658917,
0.7151681469975033
],
[
0.0,
0.0,
0.0,
1.0
]
],
"at_element": 11,
"to_element": 10
},
{
"pose": [
[
-0.30531988202670757,
0.8603509060440351,
0.4081373397624939,
-0.19044997459439086
],
[
0.08043110652863678,
0.45037143771663046,
-0.889211113960928,
-1.04824911921357
],
[
-0.9488469880553854,
-0.23866689455863616,
-0.20670632960787727,
0.6704169504742502
],
[
0.0,
0.0,
0.0,
1.0
]
],
"at_element": 10,
"to_element": 12
},
{
"pose": [
[
-0.49900776134327773,
-0.8603509060440351,
-0.10386323983189821,
-0.2214229703918726
],
[
0.6488373322719965,
-0.4503714377166306,
0.6133316267234343,
-1.064462681086647
],
[
-0.5744574574059678,
0.23866689455863635,
0.782966629603336,
0.6790090594268086
],
[
0.0,
0.0,
0.0,
1.0
]
],
"at_element": 12,
"to_element": 10
},
{
"pose": [
[
0.9679382455516126,
-0.0770994554155846,
0.23906322756351817,
-0.43619981107247324
],
[
-0.2465301283746275,
-0.10915144580857383,
0.9629687729524191,
-1.0309862779927115
],
[
-0.048150271048623114,
-0.9910305927934405,
-0.12465919759659094,
0.7556912948706713
],
[
0.0,
0.0,
0.0,
1.0
]
],
"at_element": 11,
"to_element": 29
},
{
"pose": [
[
0.8152296723211828,
0.07709945541558358,
0.5739828005626278,
-0.4334242300981249
],
[
0.5653344682972568,
0.1091514458085755,
-0.8176080361841825,
-1.0270568251233512
],
[
-0.1256881868838713,
0.9910305927934405,
0.04539651776653142,
0.7913684036586357
],
[
0.0,
0.0,
0.0,
1.0
]
],
"at_element": 29,
"to_element": 11
},
{
"pose": [
[
-0.0326995570976818,
0.9111317108583186,
-0.41081594958571066,
-0.299037310686262
],
[
0.9543283155091737,
0.15059185564114974,
0.258030151788465,
-0.7447475907528347
],
[
0.2969649898271489,
-0.3836158214711024,
-0.8744430778123942,
0.8702489552457171
],
[
0.0,
0.0,
0.0,
1.0
]
],
"at_element": 13,
"to_element": 17
},
{
"pose": [
[
-0.3255598297504778,
-0.9111317108583179,
-0.2526851850054426,
-0.33183804889337737
],
[
-0.30772843428012814,
-0.15059185564115118,
0.9394814014923636,
-0.7501688969966442
],
[
-0.8940436275643047,
0.3836158214711034,
-0.23135447592106306,
0.8840591233939946
],
[
0.0,
0.0,
0.0,
1.0
]
],
"at_element": 17,
"to_element": 13
},
{
"pose": [
[
0.6259215056770404,
0.363988918745978,
-0.6897349750165787,
-0.2567123059742893
],
[
-0.7796489058423801,
0.3138505675727221,
-0.5418905838387117,
-0.9694680833392032
],
[
0.019231545693631225,
0.8769320887414339,
0.4802293820517647,
0.9724151494126155
],
[
0.0,
0.0,
0.0,
1.0
]
],
"at_element": 15,
"to_element": 17
},
{
"pose": [
[
0.8964721213227432,
-0.36398891874597694,
-0.2526851850054436,
-0.26981590642405195
],
[
0.13737728154329054,
-0.31385056757272145,
0.9394814014923638,
-0.9807667032328332
],
[
-0.4212662082423371,
-0.8769320887414345,
-0.23135447592106062,
0.9408455957239139
],
[
0.0,
0.0,
0.0,
1.0
]
],
"at_element": 17,
"to_element": 15
},
{
"pose": [
[
0.7991365325328273,
0.5874493558524162,
0.12760899921240182,
0.10495489397790841
],
[
0.5652151998018112,
-0.8065353006231823,
0.1732991251035953,
-0.7309746404450574
],
[
0.20472562195389227,
-0.06636311593991294,
-0.9765671285469002,
0.7329390688594152
],
[
0.0,
0.0,
0.0,
1.0
]
],
"at_element": 14,
"to_element": 15
},
{
"pose": [
[
0.42328349666324183,
-0.5874493558524163,
-0.6897349750165789,
0.08380662206964717
],
[
0.23633747903287577,
0.8065353006231822,
-0.54189058383871,
-0.7019392390589413
],
[
0.8746288798438595,
0.06636311593991301,
0.48022938205176635,
0.735328151776257
],
[
0.0,
0.0,
0.0,
1.0
]
],
"at_element": 15,
"to_element": 14
},
{
"pose": [
[
-0.2285589733632114,
-0.9651304259089362,
0.12760899921240068,
0.09069547320062223
],
[
-0.952978531324493,
0.248594714491158,
0.17329912510359702,
-0.7503396159596336
],
[
-0.19897918114658977,
-0.0819995665348011,
-0.9765671285469,
0.8420636736221101
],
[
0.0,
0.0,
0.0,
1.0
]
],
"at_element": 14,
"to_element": 18
},
{
"pose": [
[
0.003023785802005463,
0.9651304259089359,
0.2617520156641773,
0.12544024993296557
],
[
0.32381759585284686,
-0.24859471449115889,
0.9128761320919403,
-0.7592890466479278
],
[
0.9461146977695178,
0.08199956653480123,
-0.31327791137039784,
0.8450156649332506
],
[
0.0,
0.0,
0.0,
1.0
]
],
