{
"line_pt_pairs": [
[
[
0.5822941417681153,
1.2494818469122222,
-1.9662701749233051
],
[
1.1847915621204772,
0.4592891735992044,
-2.0784860272400603
]
],
[
[
1.4672186841486183,
1.4744473111390104,
-2.046893519628068
],
[
0.8950107826575269,
0.6548833243120145,
-2.076776440626537
]
],
[
[
1.6029414496568264,
1.4308718743453634,
-2.01471876862919
],
[
0.6370188974039974,
1.1720440179265819,
-2.0133906906797066
]
],
[
[
1.127767101736545,
1.3351187979651666,
-1.264358164459609
],
[
0.5840885205651954,
-0.021682984025286345,
-1.60125952207492
]
],
[
[
1.2471844031258001,
0.8963829715508213,
-1.3903865938227502
],
[
0.2839613696018142,
0.6550822179435113,
-1.5086039106481384
]
],
[
[
0.3610446641713834,
0.8483073535702981,
-1.5209452590352655
],
[
1.1652230809478907,
0.2548018752519996,
-1.4885674703986396
]
],
[
[
0.8551276382703114,
0.6782280403592326,
-0.824664481004621
],
[
0.6893872642549674,
-0.2590805832401617,
-1.1312304160780782
]
],
[
[
1.018525773068049,
0.6315968853533908,
-0.8733178458346035
],
[
0.09818103897424413,
0.2669386101975825,
-1.0147035338875126
]
],
[
[
0.1880417533730608,
0.4450968566238917,
-0.9084628947229751
],
[
0.795159717916368,
-0.2988220353760569,
-1.1877341951717695
]
],
[
[
0.30621729649946317,
0.44007179325317086,
0.005300214348134176
],
[
-0.13601188945978415,
-0.4146503522453594,
-0.2665147982619325
]
],
[
[
0.6140055513611549,
0.5822868926304958,
-0.2838244087943189
],
[
-0.2608773343595655,
0.11795490286509541,
-0.14607195127181583
]
],
[
[
-0.24383292859084618,
0.2672197579961545,
-0.11876633546166253
],
[
0.3107343996503182,
-0.564130895264066,
-0.1549764137722841
]
],
[
[
0.38235884134875014,
-0.08085567626430673,
0.4657921941526999
],
[
-0.015192005867836755,
-0.9648183683842992,
0.2196961096301103
]
],
[
[
0.2630626026358084,
-0.5859745504668534,
1.0977842418916073
],
[
-0.2717796282792958,
-1.4207598775078962,
0.9671043054563084
]
],
[
[
0.3771563223408776,
-0.698754241867233,
1.0952018894022266
],
[
-1.0353809604791167,
-1.018922051131913,
0.7050339786840799
]
],
[
[
-0.532246299336475,
-0.8823212417489569,
1.1260523080986817
],
[
0.12603657723326278,
-1.5676746762293499,
0.8146774146647362
]
],
[
[
-0.018760862431485753,
-1.3322199754901127,
1.370388160812195
],
[
-0.5556674513338455,
-2.1696510757257235,
1.268209556635946
]
],
[
[
-0.02242893534405141,
-1.5339220585538114,
1.2916328866112345
],
[
-1.0131203427387516,
-1.5951159526701215,
1.4132299368928496
]
],
[
[
-0.9958620501301335,
-1.5573454149169623,
1.4596904795278283
],
[
-0.27157861767082014,
-2.184975741464582,
1.17421949560357
]
],
[
[
-0.6418259360422834,
0.06688908158253215,
0.8944662111374364
],
[
-0.9677805013194808,
-0.8783097103327284,
0.875681506271901
]
],
[
[
-0.690737191906341,
-0.9860937334155313,
0.9303746727735596
],
[
-1.6918788521531076,
0.060957027046394385,
0.5412730393479832
]
],
[
[
-1.4689507432385358,
-0.03467100259497524,
1.2990723755729947
],
[
-1.6756627811974747,
-1.010673150233847,
1.3675555207050047
]
],
[
[
-1.4884371728895673,
-0.8142897230352394,
1.4257879331090701
],
[
-2.3120751667269794,
-0.3090057141763708,
1.1682835147023294
]
],
[
[
1.2171952727578583,
0.6015809020327358,
-2.108307666585823
],
[
0.5661422018525728,
0.1509034894801769,
-1.497554223140984
]
],
[
[
1.07935180099546,
0.5071156493163826,
-1.6268882397893811
],
[
0.7155038753896478,
-0.004044492185753534,
-0.8482162955330959
]
],
[
[
0.48242629445699886,
0.3030674127469835,
-0.7641704139495866
],
[
0.0934656965487578,
-0.36400822124571386,
-0.12878096502231295
]
],
[
[
0.3074879911008681,
-0.38542357732856475,
-0.2026597004258737
],
[
-0.10107196252145767,
-0.9516769322941863,
0.513186583552957
]
],
[
[
0.19489833536400542,
-0.8528824581237981,
0.45723367849248636
],
[
-0.2464293648957954,
-1.6557134036551,
0.8580981616793997
]
],
[
[
-0.006341254702099473,
-1.3177174978414143,
0.9023914307652602
],
[
-0.3279783338065628,
-2.1984108150133164,
1.2501397167910884
]
],
[
[
0.7811719187254238,
1.1187331260953193,
-2.2712129763648825
],
[
0.11348380395340352,
0.6560316565235963,
-1.6880321026658616
]
],
[
[
0.49197367367478795,
0.8183087370281046,
-1.632915319335261
],
[
-0.18374310338214217,
0.3748895116386194,
-1.0440297381237797
]
],
[
[
0.21125976688025244,
0.41006078729363615,
-0.8046288553992315
],
[
-0.3781666645817192,
0.24079364528896938,
-0.014739548893833998
]
],
[
[
-0.18268168177066382,
0.2820344194214695,
-0.21480569409335645
],
[
-0.8278148960181937,
-0.21995577221946788,
0.3612229365934747
]
],
[
[
-0.721860641873283,
0.024184857635497464,
0.09076367448509581
],
[
-1.325338206950509,
-0.37337322737415535,
0.781967260624462
]
],
[
[
-1.3873247252714762,
-0.043212919078170875,
0.8434218940868532
],
[
-2.0239641226935285,
-0.5899293625920413,
1.387288980829222
]
],
[
[
-0.5629506371251667,
-0.1596517916161575,
0.9087083516958839
],
[
-1.4958590011937174,
-0.3179863997989548,
0.5852703574797734
]
],
[
[
-1.3330630415949332,
-0.14212086503387622,
1.3718905872618443
],
[
-2.2843432018493637,
-0.41621139814004654,
1.2306799772926216
]
],
[
[
-0.06180601105040722,
0.056298584278011814,
0.3784942510244513
],
[
-0.9997024686574739,
-0.07577132546123651,
0.05770183566900278
]
],
[
[
0.18561731456854613,
-1.0596218475742887,
0.5048130371994592
],
[
-0.9574987786889296,
-0.1121265360608521,
0.29141614875957944
]
],
[
[
-0.31933162291581374,
0.3184132235296361,
0.19168497483074934
],
[
0.3316952240486505,
-0.4392954556644451,
0.23686906501157845
]
],
[
[
-0.5204861949279027,
-1.60050670137943,
1.4249035703751165
],
[
-0.315229860581163,
-0.82636934107341,
0.826087083804342
]
],
[
[
-0.805998477085851,
-1.1316923385461664,
0.9737699967787934
],
[
-0.3381913271531928,
-0.5556816989373867,
0.3034206747612588
]
],
[
[
-0.2779634428833778,
-0.3751719042514139,
0.5100696382962662
],
[
-1.2102815520872263,
-0.5422725648857457,
0.8307880700493083
]
],
[
[
-1.8098096236221242,
-1.0329147891304287,
1.428711298600803
],
[
-1.1498595786334829,
-0.45689897762375015,
0.9463507249488996
]
],
[
[
1.0772491496828898,
1.1460067365771034,
-1.2147658541065067
],
[
1.0732177039219122,
0.8152035871280392,
-2.158457023801157
]
],
[
[
0.813598248374926,
0.6473199996453272,
-0.7888691969172148
],
[
0.7259814462031807,
0.1951341894191036,
-1.6764790712467261
]
],
[
[
0.5350156564287891,
0.39208731326099006,
-0.1455692079871558
],
[
0.45768824633534017,
0.1418257216369633,
-1.110654493029907
]
],
[
[
0.12565150144482198,
-0.2049271315263429,
0.5073976774240478
],
[
-0.029054366598688083,
-0.19813985607582202,
-0.480539581355508
]
],
[
[
-0.08032881665346071,
-0.9183893226177258,
1.231024399505976
],
[
0.2040920658672016,
-1.1124603936193787,
0.2921734097389955
]
],
[
[
-0.059936386671475404,
-1.48255053875215,
1.5657371966109381
],
[
-0.16358168110397922,
-1.5542888260955552,
0.5737133707523879
]
],
[
[
1.0393997912304853,
1.0180727230428077,
-1.3715142757889567
],
[
0.5961047424170521,
0.9828044613887182,
-2.2671959432453104
]
],
[
[
0.8688497575127613,
0.7118778262030491,
-0.6406050759304136
],
[
0.19297588377250618,
0.7258042879202115,
-1.9796347845102424
]
],
[
[
0.3644427960346803,
0.4520210058904079,
-0.34733926130715315
],
[
-0.11689730039437302,
0.40296542432296256,
-1.222499396074928
]
],
[
[
-0.22811725555211315,
0.22796620414337762,
0.6972466882470649
],
[
-0.34153425917341723,
0.2188758717218583,
-0.29625919957949015
]
],
[
[
-0.7462807351347615,
-0.01945999576516457,
1.0532243526059275
],
[
-0.5414765518529243,
-0.05630197459673261,
0.07511499516881848
]
],
[
[
-1.4335196474065623,
-0.14954904207457248,
1.4710335736558442
],
[
-1.545442642170581,
-0.041050585176337556,
0.4832576233038651
]
],
[
[
0.06844875286690477,
-1.1051461610992133,
0.8549084522736334
],
[
-0.4399645599546881,
-0.3319134414040612,
0.47592683723325757
]
],
[
[
-1.1758869477743137,
0.201961306919328,
1.0292467742093339
],
[
-0.35851505080829726,
-0.850341645195916,
0.3403624014589295
]
],
[
[
-0.9179587406523391,
-0.8184653972251517,
0.7056510918565029
],
[
-0.2864805960315262,
-1.9729271018955084,
1.4256882612553263
]
],
[
[
-0.83654887677454,
-0.8807426271285785,
0.8647132943173337
],
[
-1.5846423073025409,
-0.3265058904954579,
1.2296487118464037
]
],
[
[
1.6357620042914547,
1.4180940001440998,
-2.0558025619089775
],
[
0.9686196154677417,
0.9616177954602542,
-1.467117155607767
]
],
[
[
0.7083986042005458,
0.7062601901538889,
-0.5763284807565158
],
[
1.1781161245237375,
0.9770833537461802,
-1.974906424656424
]
],
[
[
0.8683292221743548,
0.8544313511670396,
-1.0053106096095952
],
[
0.2696829566914179,
0.36342935192086895,
-0.3724285624952878
]
],
[
[
0.715988990879197,
0.3982416577776006,
-0.38654254260565307
],
[
-0.46336295528030474,
-0.08173971451706799,
0.4063930596597029
]
],
[
[
-0.804293139747239,
-0.09951505837331831,
1.0798979013722216
],
[
-0.1406432882944797,
0.24183564108330918,
0.4142789603502569
]
],
[
[
-0.9308441811961662,
0.12418118914022655,
0.8983099928974105
],
[
-1.6645394872807167,
-0.41052914410847846,
1.3175665460323098
]
],
[
[
0.5604631728271738,
0.5948879750476181,
-0.34301972532369424
],
[
0.16719787893543137,
-0.6689387512034548,
0.3627312326166672
]
],
[
[
0.3290396276372588,
-0.1593864554949454,
0.3573063636439412
],
[
-0.18160858027479343,
-0.9341342368941987,
0.7301391451601917
]
],
[
[
-0.12852460707318752,
-0.7845454472374835,
0.8994748438772834
],
[
-0.4994398768131923,
-1.669662870539201,
1.1805246786778534
]
]
],
"contact_id_pairs": [
[
1,
2
],
[
2,
60
],
[
0,
1
],
[
0,
23
],
[
1,
44
],
[
0,
2
],
[
0,
50
],
[
29,
50
],
[
3,
4
],
[
3,
44
],
[
3,
61
],
[
4,
61
],
[
44,
61
],
[
3,
5
],
[
3,
23
],
[
3,
45
],
[
5,
24
],
[
23,
45
],
[
4,
5
],
[
6,
7
],
[
6,
45
],
[
7,
45
],
[
6,
8
],
[
6,
24
],
[
8,
46
],
[
25,
46
],
[
7,
8
],
[
9,
63
],
[
10,
66
],
[
46,
63
],
[
46,
66
],
[
63,
66
],
[
9,
11
],
[
9,
47
],
[
11,
25
],
[
11,
26
],
[
11,
47
],
[
10,
11
],
[
12,
66
],
[
12,
67
],
[
39,
47
],
[
39,
66
],
[
12,
26
],
[
26,
38
],
[
27,
38
],
[
27,
48
],
[
38,
48
],
[
13,
14
],
[
13,
48
],
[
14,
68
],
[
48,
56
],
[
56,
67
],
[
13,
15
],
[
15,
28
],
[
27,
49
],
[
28,
49
],
[
14,
40
],
[
14,
41
],
[
14,
58
],
[
15,
40
],
[
41,
58
],
[
16,
17
],
[
16,
49
],
[
16,
58
],
[
17,
49
],
[
58,
68
],
[
16,
18
],
[
18,
28
],
[
17,
18
],
[
17,
40
],
[
19,
35
],
[
19,
54
],
[
19,
64
],
[
35,
57
],
[
54,
64
],
[
57,
65
],
[
19,
20
],
[
19,
59
],
[
20,
42
],
[
20,
59
],
[
43,
59
],
[
20,
33
],
[
20,
35
],
[
20,
55
],
[
33,
35
],
[
34,
55
],
[
21,
36
],
[
21,
55
],
[
36,
55
],
[
21,
22
],
[
21,
43
],
[
22,
34
],
[
22,
36
],
[
29,
51
],
[
30,
51
],
[
30,
52
],
[
31,
52
],
[
31,
32
],
[
31,
53
],
[
32,
53
],
[
32,
37
],
[
32,
38
],
[
32,
54
],
[
33,
37
],
[
33,
38
],
[
37,
54
],
[
37,
63
],
[
39,
53
],
[
39,
63
],
[
53,
64
],
[
38,
41
],
[
41,
57
],
[
42,
56
],
[
42,
57
],
[
50,
60
],
[
51,
61
],
[
51,
62
],
[
61,
62
],
[
52,
62
],
[
59,
65
]
],
"contact_t_pairs": [
[
0.11731011379838287,
0.2094945799133146
],
[
0.0054489151868388165,
0.044407983750319645
],
[
0.6347370372310079,
0.8826898862016171
],
[
0.8984925406180061,
0.11406286351401217
],
[
0.7382253196325579,
0.8977147830343987
],
[
0.10150745938199394,
0.994551084813161
],
[
0.2963589881339476,
0.6860765423927511
],
[
0.21580823041985325,
0.8714356645153435
],
[
0.3898268552220533,
0.34155956452009756
],
[
0.1537770320561868,
0.10228521696560139
],
[
0.3392433616110381,
0.5680499931418345
],
[
0.25673007180169355,
0.6011574837110711
],
[
0.5814460621412488,
0.8442082942622408
],
[
0.6048634382379392,
0.5519890132924492
],
[
0.8462229679438135,
0.8859371364859885
],
[
0.7710785023597182,
0.8238980771895993
],
[
0.7838295329370311,
0.19765532063629293
],
[
0.7848041123605172,
0.9357194338629525
],
[
0.7432699281983064,
0.21617046706296922
],
[
0.14004444014518921,
0.2017983341606235
],
[
0.07054928500210231,
0.06428056613704745
],
[
0.22580185893432503,
0.1478905560899217
],
[
0.9294507149978976,
0.842305491048495
],
[
0.6104255020326911,
0.8023446793637071
],
[
0.4124294636169246,
0.9184015667100119
],
[
0.06505508303545691,
0.5962728793175391
],
[
0.7982016658393761,
0.15769450895150466
],
[
0.26866996122351144,
0.4294807642245941
],
[
0.09351548589325225,
0.059018252313333616
],
[
0.13514118673930284,
0.14782326716024724
],
[
0.08159843328998813,
0.1681670605180899
],
[
0.22170471015035442,
0.2302365581221459
],
[
0.644836447095053,
0.46325396352891296
],
[
0.7313300387764885,
0.7146642190323564
],
[
0.6916408296935073,
0.934944916964543
],
[
0.8746327597092503,
0.10663848483295282
],
[
0.5386244386811508,
0.6489946925946685
],
[
0.9064845141067476,
0.12536724029075
],
[
0.5658334169150444,
0.9409817476866663
],
[
0.21681434029758637,
0.12498494576199695
],
[
0.6575577892626179,
0.2853357809676432
],
[
0.9052966567313472,
0.7719065312812242
],
[
0.7831856597024136,
0.6567142852560119
],
[
0.8933615151670474,
0.20084887785131353
],
[
0.16819338770379336,
0.061311722304265855
],
[
0.23873223369783006,
0.7094238238405791
],
[
0.018842483417256875,
0.779038122894289
],
[
0.19003520058195006,
0.14581984007072193
],
[
0.4730377154802861,
0.2209618771057108
],
[
0.38149091397309176,
0.05766036573573396
],
[
0.43805281224079995,
0.10428930310395211
],
[
0.36673462337016377,
0.8750150542380031
],
[
0.8099647994180501,
0.5404249246855952
],
[
0.7345958517882214,
0.07179284165130069
],
[
0.8318066122962063,
0.783250982696922
],
[
0.24929058524592537,
0.5787365954039214
],
[
0.509675161548916,
0.9247416560719199
],
[
0.7521723830345698,
0.2824457579779621
],
[
0.854180159929278,
0.12176122150594028
],
[
0.26540414821177877,
0.677052056740609
],
[
0.10470619759211092,
0.23827947941273292
],
[
0.25994903176741646,
0.14196020304349571
],
[
0.1750918716470176,
0.21674901730307816
],
[
0.6071622724931005,
0.8782387784940598
],
[
0.06367308765464536,
0.2708526418741744
],
[
0.680802079637933,
0.9423396342642665
],
[
0.8249081283529827,
0.7287428773167304
],
[
0.9300780027616019,
0.9282071583486993
],
[
0.936326912345355,
0.06992199723839776
],
[
0.4893524240621471,
0.0752583439280796
],
[
0.26327357100917465,
0.1633788336108593
],
[
0.11034998176432162,
0.17199794620165848
],
[
0.07624309023566883,
0.2479113741190123
],
[
0.3364383162821394,
0.37290374227756345
],
[
0.0741982825355382,
0.14103962823403107
],
[
0.14433143176431576,
0.14606347477125106
],
[
0.8646822520359944,
0.22234193620183873
],
[
0.9237569097643311,
0.12539682530543625
],
[
0.4240711707132323,
0.8904246352630054
],
[
0.1326185692199982,
0.013945268733875919
],
[
0.8028687069769093,
0.5681794735613411
],
[
0.5962306377579789,
0.9148824957359831
],
[
0.6639097022025481,
0.8366211663891404
],
[
0.8673814307800015,
0.8892537672646484
],
[
0.8315802584547319,
0.7183022361532733
],
[
0.13796125457193467,
0.5538381726693018
],
[
0.1661195152007924,
0.1855975611243519
],
[
0.09060449930389913,
0.17266141953721834
],
[
0.10754345366666772,
0.1107462327353515
],
[
0.7169652295996172,
0.16635566302639482
],
[
0.9093955006961008,
0.19713129302309063
],
[
0.5494508926946287,
0.8620387454280651
],
[
0.8336443369736053,
0.892456546333332
],
[
0.784191769580147,
0.8821406140360114
],
[
0.14621320805201773,
0.6824507084277738
],
[
0.8537867919479825,
0.9019808558948028
],
[
0.08775951032754598,
0.4409541408788171
],
[
0.7448778490949255,
0.027289633821034623
],
[
0.912240489672453,
0.7871323479419294
],
[
0.1806719963369565,
0.8111324172690673
],
[
0.6686755655238026,
0.5992464583707109
],
[
0.9727103661789641,
0.8804005881586878
],
[
0.618550653081549,
0.9258017174644614
],
[
0.08511750426401699,
0.7493781914418497
],
[
0.33196429343211153,
0.981157516582743
],
[
0.5451597460483961,
0.8663423437384432
],
[
0.25062180855814986,
0.8521767328397527
],
[
0.09470334326865257,
0.5012099506311336
],
[
0.32588229908204924,
0.7101360934667237
],
[
0.1888675827309329,
0.8589603717659691
],
[
0.49026688325541107,
0.8952938024078888
],
[
0.7616463845685099,
0.8556685682356839
],
[
0.10957536473699475,
0.8957106968960477
],
[
0.4191242314972646,
0.6047173968802219
],
[
0.12856433548465704,
0.9555920162496805
],
[
0.11785938596398914,
0.15579170573775877
],
[
0.17363184397502548,
0.22241988915222363
],
[
0.25548810102376474,
0.10803252192288783
],
[
0.09801914410519733,
0.8919674780771123
],
[
0.9860547312661238,
0.8539365252287489
]
],
"half_couplers": [
{
"pose": [
[
-0.8199942557720579,
-0.013694450408494763,
-0.572207901491091,
1.4000929101083646
],
[
0.571139733862567,
0.045981255959737344,
-0.8195639868269964,
1.3783041665792792
],
[
0.03753431635483662,
-0.9988484300074634,
-0.029882920998467455,
-2.0503990884910266
],
[
0.0,
0.0,
0.0,
1.0
]
],
"at_element": 1,
"to_element": 2
},
{
"pose": [
[
0.2584687313339664,
0.013694450408494263,
-0.965922552252829,
1.4005859103438234
],
[
-0.964828412124158,
-0.04598125595973701,
-0.2588278564187804,
1.3766488412950473
],
[
-0.04795883735648371,
0.9988484300074632,
0.0013280779494850847,
-2.014440543497071
],
[
0.0,
0.0,
0.0,
1.0
]
],
"at_element": 2,
"to_element": 1
},
{
"pose": [
[
0.10864330633853692,
-0.23492606291600004,
-0.9659225522528287,
1.5976782195925459
],
[
-0.40077932562261476,
0.87885384046219,
-0.25882785641878214,
1.4294615433077464
],
[
0.9097101539178911,
0.4152417031894161,
0.0013280779494829753,
-2.014711532045082
],
[
0.0,
0.0,
0.0,
1.0
]
],
"at_element": 2,
"to_element": 60
},
{
"pose": [
[
-0.7069163868502244,
0.2349260629160011,
-0.6671423888237134,
1.606135555929422
],
[
0.13872779700656568,
-0.8788538404621886,
-0.45647620468384414,
1.397822812264092
],
[
-0.6935588081340534,
-0.41524170318941805,
0.5886854063012115,
-2.029660229951903
],
[
0.0,
0.0,
0.0,
1.0
]
],
"at_element": 60,
"to_element": 2
},
{
"pose": [
[
0.794884290952032,
0.07180405605838547,
0.6024974203523611,
0.9647215693018987
],
[
0.6067428009531199,
-0.08636383811520165,
-0.7901926733130182,
0.7479172906118675
],
[
-0.00470504933535576,
0.9936727152335301,
-0.11221585231675779,
-2.0374977325531947
],
[
0.0,
0.0,
0.0,
1.0
]
],
"at_element": 0,
"to_element": 1
},
{
"pose": [
[
-0.8169591758495187,
-0.07180405605838641,
-0.5722079014910918,
0.9621365566977806
],
[
0.5664416642181707,
0.08636383811520287,
-0.8195639868269958,
0.7510264688717457
],
[
0.10826608902617685,
-0.9936727152335295,
-0.02988292099847012,
-2.0732708717635786
],
[
0.0,
0.0,
0.0,
1.0
]
],
"at_element": 1,
"to_element": 0
},
{
"pose": [
[
-0.5912362273613874,
-0.5361311238160134,
0.6024974203523634,
1.1236335796963037
],
[
-0.5363346752124032,
-0.29654789698669903,
-0.7901926733130169,
0.5394996242894747
],
[
0.6023162289198922,
-0.7903307933191928,
-0.11221585231675313,
-2.0670952811690015
],
[
0.0,
0.0,
0.0,
1.0
]
],
"at_element": 0,
"to_element": 23
},
{
"pose": [
[
0.5373018862246586,
0.536131123816013,
-0.6510530709052855,
1.1429342951908104
],
[
-0.8419912200300513,
0.2965478969867026,
-0.4506774125525592,
0.5501753458359052
],
[
-0.048553768666599606,
0.7903307933191916,
0.6107534434448385,
-2.0386433799254613
],
[
0.0,
0.0,
0.0,
1.0
]
],
"at_element": 23,
"to_element": 0
},
{
"pose": [
[
-0.17679232750344065,
-0.8008261923832657,
-0.5722079014910904,
1.0448003231740821
],
[
0.08768896487733546,
0.5662380391098599,
-0.819563986826997,
0.8694244250043178
],
[
0.9803341870885958,
-0.19506894334552988,
-0.02988292099847012,
-2.0689538485337176
],
[
0.0,
0.0,
0.0,
1.0
]
],
"at_element": 1,
"to_element": 44
},
{
"pose": [
[
0.5988832582715893,
0.8008261923832669,
-0.004031445760977415,
1.0736300612262588
],
[
0.754946196347529,
-0.5662380391098591,
-0.33080314944906447,
0.849039859042341
],
[
-0.2671985845441606,
0.195068943345528,
-0.9436911696946502,
-2.0619313677604176
],
[
0.0,
0.0,
0.0,
1.0
]
],
"at_element": 44,
"to_element": 1
},
{
"pose": [
[
0.7974588478788299,
0.03249991397708918,
0.6024974203523621,
0.6434521241922889
],
[
0.6017430440367202,
-0.11619314952202808,
-0.7901926733130176,
1.1692713962219519
],
[
0.044324878941639,
0.9926947706095934,
-0.11221585231675424,
-1.977660920994364
],
[
0.0,
0.0,
0.0,
1.0
]
],
"at_element": 0,
"to_element": 2
},
{
"pose": [
[
-0.25678274599525386,
-0.03249991397708896,
-0.9659225522528287,
0.6422821274682782
],
[
0.9589094288543681,
0.1161931495220272,
-0.2588278564187814,
1.173454348964199
],
[
0.12064546660909586,
-0.9926947706095937,
0.0013280779494830863,
-2.0133979272638145
],
[
0.0,
0.0,
0.0,
1.0
]
],
"at_element": 2,
"to_element": 0
},
{
"pose": [
[
-0.36323638327732954,
0.7106730530506652,
0.6024974203523624,
0.760849667617055
],
[
-0.14628656332669032,
0.5951434956651155,
-0.7901926733130172,
1.0153011458183172
],
[
-0.9201410605193484,
-0.37516400578300824,
-0.11221585231675513,
-1.999526351368487
],
[
0.0,
0.0,
0.0,
1.0
]
],
"at_element": 0,
"to_element": 50
},
{
"pose": [
[
0.5462905008922854,
-0.7106730530506642,
-0.4432950488134328,
0.7352654568807393
],
[
-0.8028451714293394,
-0.5951434956651156,
-0.03526826165408842,
0.9938759960309671
],
[
-0.23875996177636377,
0.37516400578300996,
-0.8956816674563541,
-1.9860204572819857
],
[
0.0,
0.0,
0.0,
1.0
]
],
"at_element": 50,
"to_element": 0
},
{
"pose": [
[
0.5968526891343766,
-0.44492634094336203,
-0.6676881147720202,
0.6370793282041063
],
[
0.13547763482639996,
0.876101113181585,
-0.46270146957172303,
1.0188783407343802
],
[
0.7908303724155439,
0.18570780978929963,
0.5831808736990209,
-2.145357743997193
],
[
0.0,
0.0,
0.0,
1.0
]
],
"at_element": 29,
"to_element": 50
},
{
"pose": [
[
0.7781581142879934,
0.44492634094336275,
-0.44329504881343373,
0.6530966757913895
],
[
0.48083571955698784,
-0.8761011131815848,
-0.0352682616540871,
0.9873387020119753
],
[
-0.4040630643425205,
-0.18570780978929752,
-0.8956816674563532,
-2.1520432248629953
],
[
0.0,
0.0,
0.0,
1.0
]
],
"at_element": 50,
"to_element": 29
},
{
"pose": [
[
0.9296943166082888,
-0.06554955758665515,
-0.362452387447566,
0.9158265901869299
],
[
-0.36784828638146383,
-0.21565003578486275,
-0.9045345213269685,
0.8062010261321504
],
[
-0.018871032628536843,
0.9742680932711393,
-0.22460090507687513,
-1.395691361218826
],
[
0.0,
0.0,
0.0,
1.0
]
],
"at_element": 3,
"to_element": 4
},
{
"pose": [
[
-0.26058519372566735,
0.0655495575866541,
-0.9632230335239862,
0.9181863632596202
],
[
0.9461865610832425,
0.21565003578486253,
-0.24130075360730863,
0.8139643912303371
],
[
0.1919019240039661,
-0.9742680932711394,
-0.11821731682538972,
-1.4307648490763643
],
[
0.0,
0.0,
0.0,
1.0
]
],
"at_element": 4,
"to_element": 3
},
{
"pose": [
[
-0.21171020142353325,
-0.907638175401831,
-0.3624523874475687,
1.0441618231314962
],
[
-0.15478084671911124,
0.3973162332660336,
-0.9045345213269673,
1.1264738468421294
],
[
0.9649982798441261,
-0.13539849828017325,
-0.22460090507687624,
-1.3161658553293913
],
[
0.0,
0.0,
0.0,
1.0
]
],
"at_element": 3,
"to_element": 44
},
{
"pose": [
[
0.419734070571252,
0.9076381754018303,
-0.004031445760979219,
1.0768367923785431
],
[
0.8559842797025372,
-0.39731623326603516,
-0.33080314944906164,
1.1121704646628015
],
[
-0.30185132582749385,
0.1353984982801732,
-0.9436911696946508,
-1.3112915101472462
],
[
0.0,
0.0,
0.0,
1.0
]
],
"at_element": 44,
"to_element": 3
},
{
"pose": [
[
-0.2893743751312112,
-0.8859405949898564,
-0.362452387447566,
0.9433277522240566
],
[
-0.11985733476124488,
0.4092084053776537,
-0.9045345213269689,
0.8748328004028786
],
[
0.9496824155060217,
-0.21830653475628553,
-0.22460090507687358,
-1.3786497135483495
],
[
0.0,
0.0,
0.0,
1.0
]
],
"at_element": 3,
"to_element": 61
},
{
"pose": [
[
0.3421249225627143,
0.8859405949898568,
0.3131450135487955,
0.9752216383987344
],
[
0.894399586622964,
-0.40920840537765346,
0.1805487757281926,
0.8601012863751398
],
[
0.2880970614395914,
0.21830653475628442,
-0.9323852959332724,
-1.3707906721971796
],
[
0.0,
0.0,
0.0,
1.0
]
],
"at_element": 61,
"to_element": 3
},
{
"pose": [
[
0.08931621541404111,
0.2534245476526734,
-0.9632230335239863,
0.9998960845681422
],
[
0.12741749163070165,
-0.9620492342573144,
-0.24130075360730904,
0.8344338117514137
],
[
-0.98781951615194,
-0.10117939272378071,
-0.11821731682538861,
-1.4207365340595357
],
[
0.0,
0.0,
0.0,
1.0
]
],
"at_element": 4,
"to_element": 61
},
{
"pose": [
[
-0.9152683754705853,
-0.2534245476526727,
0.31314501354879454,
0.9907728067730397
],
[
-0.20460549955454554,
0.9620492342573144,
0.1805487757281944,
0.8690675617097025
],
[
-0.3470164123142756,
0.10117939272378144,
-0.9323852959332726,
-1.4170940782851884
],
[
0.0,
0.0,
0.0,
1.0
]
],
"at_element": 61,
"to_element": 4
},
{
"pose": [
[
-0.5513549884437297,
-0.8342610048200089,
-0.004031445760978636,
1.0749050814204333
],
[
-0.7865622318572404,
0.5214298914814323,
-0.3308031494490623,
0.953662547986022
],
[
0.2780782841826587,
-0.17921898366627043,
-0.9436911696946504,
-1.76347136860293
],
[
0.0,
0.0,
0.0,
1.0
]
],
"at_element": 44,
"to_element": 61
},
{
"pose": [
[
0.45381579558917373,
0.8342610048200088,
0.3131450135487942,
1.1049380308176768
],
[
0.8339742249330677,
-0.5214298914814328,
0.18054877572819444,
0.9348913511368409
],
[
0.3139079734907255,
0.17921898366626887,
-0.9323852959332721,
-1.7570195811690492
],
[
0.0,
0.0,
0.0,
1.0
]
],
"at_element": 61,
"to_element": 44
},
{
"pose": [
[
0.916844862005972,
-0.1674030042944557,
-0.362452387447566,
0.798915805832918
],
[
-0.38933466252617127,
-0.173884502712071,
-0.9045345213269685,
0.5144390071030585
],
[
0.08839694321005906,
0.9704331063343657,
-0.2246009050768749,
-1.4681374779738354
],
[
0.0,
0.0,
0.0,
1.0
]
],
"at_element": 3,
"to_element": 5
},
{
"pose": [
[
-0.5703273692748934,
0.16740300429445565,
0.8041784167765071,
0.8049423149589316
],
[
-0.78582149812966,
0.173884502712072,
-0.5935054783182985,
0.5206988502097174
],
[
-0.23918876422866536,
-0.9704331063343654,
0.03237778863662599,
-1.503073075433143
],
[
0.0,
0.0,
0.0,
1.0
]
],
"at_element": 5,
"to_element": 3
},
{
"pose": [
[
0.5421611326479878,
0.7580828273212699,
-0.3624523874475659,
0.6676937991702441
],
[
-0.008613369209552302,
-0.4263133936421084,
-0.9045345213269689,
0.18696196709775056
],
[
-0.8402303946636963,
0.4935253968358046,
-0.2246009050768738,
-1.5494518312051375
],
[
0.0,
0.0,
0.0,
1.0
]
],
"at_element": 3,
"to_element": 23
},
{
"pose": [
[
0.037951624278637075,
-0.75808282732127,
-0.6510530709052855,
0.6404031794196205
],
[
0.7843129223825652,
0.42631339364210785,
-0.4506774125525589,
0.2023090456770073
],
[
0.6192034512164264,
-0.493525396835805,
0.6107534434448388,
-1.5672185098013454
],
[
0.0,
0.0,
0.0,
1.0
]
],
"at_element": 23,
"to_element": 3
},
{
"pose": [
[
-0.18795712291357103,
-0.9128528834262458,
-0.3624523874475677,
0.7085482356018843
],
[
-0.16509445476562468,
0.39314262136460654,
-0.9045345213269678,
0.28891811190897126
],
[
0.9682024276728983,
-0.11017482692046582,
-0.22460090507687536,
-1.5241355587325787
],
[
0.0,
0.0,
0.0,
1.0
]
],
"at_element": 3,
"to_element": 45
},
{
"pose": [
[
0.3987767661205789,
0.9128528834262453,
-0.08761680217174633,
0.7414109335361235
],
[
0.8006040671247054,
-0.3931426213646074,
-0.452185810226222,
0.27476498006752054
],
[
-0.44722501999082437,
0.11017482692046571,
-0.8876098743295118,
-1.520169265671801
],
[
0.0,
0.0,
0.0,
1.0
]
],
"at_element": 45,
"to_element": 3
},
{
"pose": [
[
-0.39304442600812495,
-0.4458846859612625,
0.8041784167765075,
0.9913834569913542
],
[
-0.49011776421250974,
-0.6383853259666132,
-0.5935054783182981,
0.383100231704497
],
[
0.7780107045454289,
-0.6274161477167507,
0.032377788636626104,
-1.495566592090685
],
[
0.0,
0.0,
0.0,
1.0
]
],
"at_element": 5,
"to_element": 24
},
{
"pose": [
[
0.8178028698027253,
0.44588468596126274,
-0.3638479256058126,
1.007435322596993
],
[
-0.575481959169888,
0.6383853259666151,
-0.5111601415021382,
0.406082127651285
],
[
0.004356697420547895,
0.6274161477167485,
0.7786719442562837,
-1.4729795869769193
],
[
0.0,
0.0,
0.0,
1.0
]
],
"at_element": 24,
"to_element": 5
},
{
"pose": [
[
0.28213426083281146,
-0.704648960638644,
-0.651053070905285,
0.7062461453464469
],
[
0.6033090455761138,
0.6579574950868547,
-0.45067741255255983,
0.2478874153134902
],
[
0.7459346180399203,
-0.2656346681627048,
0.6107534434448387,
-1.6289858525319667
],
[
0.0,
0.0,
0.0,
1.0
]
],
"at_element": 23,
"to_element": 45
},
{
"pose": [
[
0.7041257971755297,
0.7046489606386445,
-0.08761680217174633,
0.7316135038498982
],
[
0.6021793152285194,
-0.6579574950868539,
-0.45218581022622145,
0.22420094929958478
],
[
-0.3762803928758929,
0.26563466816270614,
-0.8876098743295124,
-1.6194230060159918
],
[
0.0,
0.0,
0.0,
1.0
]
],
"at_element": 45,
"to_element": 23
},
{
"pose": [
[
0.24901465707219916,
-0.10096082533371892,
-0.963223033523986,
0.5312496881594723
],
[
-0.9669192148201848,
-0.082711415899267,
-0.24130075360731096,
0.7170313777429187
],
[
-0.055307617691713384,
0.9914462836825165,
-0.1182173168253895,
-1.478253970411353
],
[
0.0,
0.0,
0.0,
1.0
]
],
"at_element": 4,
"to_element": 5
},
{
"pose": [
[
-0.5857507880820689,
0.10096082533371964,
0.8041784167765073,
0.5348842881279201
],
[
-0.8005685909939922,
0.08271141589926845,
-0.5935054783182986,
0.7200089971178006
],
[
-0.12643553841831645,
-0.9914462836825163,
0.032377788636626104,
-1.5139461373432201
],
[
0.0,
0.0,
0.0,
1.0
]
],
"at_element": 5,
"to_element": 4
},
{
"pose": [
[
0.9858628833470591,
-0.02458665613451637,
-0.1657403740153438,
0.8319166203818782
],
[
-0.16522995943642066,
-0.30684133461912877,
-0.9373086235993939,
0.5469631789239975
],
[
-0.027810712742786556,
0.9514430575232942,
-0.3065659350734573,
-0.8675973357495697
],
[
0.0,
0.0,
0.0,
1.0
]
],
"at_element": 6,
"to_element": 7
},
{
"pose": [
[
-0.39033455748361123,
0.02458665613451616,
-0.9203447340938049,
0.8328017388744171
],
[
0.8791318090761719,
0.306841334619129,
-0.3646582751558079,
0.5580094528890625
],
[
0.2734340789011689,
-0.9514430575232944,
-0.1413856880529094,
-0.9018492421578341
],
[
0.0,
0.0,
0.0,
1.0
]
],
"at_element": 7,
"to_element": 6
},
{
"pose": [
[
0.04282455139313579,
0.9852391517896713,
-0.16574037401534353,
0.8434347733875478
],
[
0.3037314363926025,
-0.17087936877544774,
-0.9373086235993944,
0.6121015871379907
],
[
-0.9517947637725599,
-0.010200740545365738,
-0.30656593507345686,
-0.8462924885300542
],
[
0.0,
0.0,
0.0,
1.0
]
],
"at_element": 6,
"to_element": 45
},
{
"pose": [
[
-0.14706158491586718,
-0.9852391517896713,
-0.08761680217174414,
0.8079661907282085
],
[
-0.8754017559709126,
0.17087936877544763,
-0.45218581022622484,
0.618253239764846
],
[
0.4604830679678419,
0.010200740545366765,
-0.8876098743295109,
-0.8459252621479494
],
[
0.0,
0.0,
0.0,
1.0
]
],
"at_element": 45,
"to_element": 6
},
{
"pose": [
[
0.27336762852897367,
0.2797064713199338,
-0.9203447340938047,
0.8107102212492509
],
[
-0.34124528485543565,
-0.8663578925157451,
-0.3646582751558085,
0.5492563689474247
],
[
-0.8993452035989171,
0.4137490688538499,
-0.1413856880529092,
-0.905242997023659
],
[
0.0,
0.0,
0.0,
1.0
]
],
"at_element": 7,
"to_element": 45
},
{
"pose": [
[
-0.9560792780303045,
-0.2797064713199341,
-0.08761680217174543,
0.8006405507789259
],
[
-0.21201885554292618,
0.8663578925157445,
-0.4521858102262228,
0.5804459887149992
],
[
0.2023868054378044,
-0.41374906885385093,
-0.887609874329512,
-0.9201383148227117
],
[
0.0,
0.0,
0.0,
1.0
]
],
"at_element": 45,
"to_element": 7
},
{
"pose": [
[
0.9850913505223747,
0.04609945278696655,
-0.16574037401534397,
0.701080129137731
],
[
-0.1428246786388545,
-0.3178893758808512,
-0.9373086235993944,
-0.19295413001891967
],
[
-0.09589651869443339,
0.9470064335340207,
-0.30656593507345686,
-1.1096024085526448
],
[
0.0,
0.0,
0.0,
1.0
]
],
"at_element": 6,
"to_element": 8
},
{
"pose": [
[
-0.793273356152552,
-0.04609945278696653,
0.6071179645433069,
0.6994205486220739
],
[
-0.5878188724663851,
0.3178893758808504,
-0.7439188919999484,
-0.18151011100237727
],
[
-0.15870209699564003,
-0.9470064335340207,
-0.27927130044879434,
-1.1436946445832488
],
[
0.0,
0.0,
0.0,
1.0
]
],
"at_element": 8,
"to_element": 6
},
{
"pose": [
[
-0.32924747235676155,
-0.9295839017366521,
-0.16574037401534347,
0.753955487254909
],
[
-0.24043491847078197,
0.2522768203901362,
-0.9373086235993945,
0.10607095323900168
],
[
0.9131194620237989,
-0.26875672182459975,
-0.3065659350734564,
-1.0118001458279575
],
[
0.0,
0.0,
0.0,
1.0
]
],
"at_element": 6,
"to_element": 24
},
{
"pose": [
[
-0.05906315826646802,
0.9295839017366521,
-0.36384792560581214,
0.7874203537881146
],
[
-0.8216274798431218,
-0.252276820390136,
-0.5111601415021361,
0.09698902947934403
],
[
-0.5669566365271959,
0.26875672182460025,
0.7786719442562854,
-1.0021249483455574
],
[
0.0,
0.0,
0.0,
1.0
]
],
"at_element": 24,
"to_element": 6
},
{
"pose": [
[
0.35663912679819876,
-0.7100819039839072,
0.6071179645433067,
0.4384350898418561
],
[
-0.05896454927886796,
-0.6656634765810039,
-0.7439188919999493,
0.13828278702185604
],
[
0.9323795982136023,
0.2295121469131457,
-0.27927130044879434,
-1.0236426073706724
],
[
0.0,
0.0,
0.0,
1.0
]
],
"at_element": 8,
"to_element": 46
},
{
"pose": [
[
-0.6998601012222574,
0.7100819039839075,
-0.07732741009344943,
0.463998041849338
],
[
0.7030371766157895,
0.665663476581003,
-0.25026159162402783,
0.16224667542614268
],
[
-0.12623219483662232,
-0.22951214691314534,
-0.9650852850427509,
-1.031905045779197
],
[
0.0,
0.0,
0.0,
1.0
]
],
"at_element": 46,
"to_element": 8
},
{
"pose": [
[
0.2630725642763172,
-0.8828943760155835,
-0.38896059790824133,
0.45712243046255724
],
[
0.5805558438212889,
0.46686723031092314,
-0.6670756339926971,
0.2596707519866585
],
[
0.7705502826746833,
-0.05032405053114325,
0.6353894489272738,
-0.7228351005897696
],
[
0.0,
0.0,
0.0,
1.0
]
],
"at_element": 25,
"to_element": 46
},
{
"pose": [
[
0.4631608710246292,
0.8828943760155833,
-0.07732741009344939,
0.4889074189622002
],
[
0.8481769420466562,
-0.4668672303109229,
-0.250261591624026,
0.24286311344074152
],
[
-0.2570561855550068,
0.050324050531144304,
-0.9650852850427514,
-0.721023389686585
],
[
0.0,
0.0,
0.0,
1.0
]
],
"at_element": 46,
"to_element": 25
},
{
"pose": [
[
-0.39109292681737395,
0.003448625700665231,
-0.9203447340938049,
0.2839050731678763
],
[
0.8612578676805962,
0.3539198040780762,
-0.3646582751558074,
0.340526042661911
],
[
0.32447065807510583,
-0.9352694153355559,
-0.14138568805290963,
-0.9861721375642819
],
[
0.0,
0.0,
0.0,
1.0
]
],
"at_element": 7,
"to_element": 8
},
{
"pose": [
[
0.794604231117333,
-0.0034486257006655086,
0.6071179645433074,
0.28378092266735466
],
[
0.5668557615539456,
-0.35391980407807777,
-0.7439188919999485,
0.3277849322502123
],
[
0.21743656887361038,
0.9352694153355553,
-0.2792713004487928,
-0.9525024453114959
],
[
0.0,
0.0,
0.0,
1.0
]
],
"at_element": 8,
"to_element": 7
},
{
"pose": [
[
-0.6545056666452844,
-0.6132337885464509,
-0.4422291859592469,
0.18740359825588712
],
[
0.10032641881629084,
0.5092982070279519,
-0.8547221454985308,
0.21043362756520417
],
[
0.7493710309430901,
-0.6037877581593385,
-0.2718150126100658,
-0.0677283145497807
],
[
0.0,
0.0,
0.0,
1.0
]
],
"at_element": 9,
"to_element": 63
},
{
"pose": [
[
-0.0760225358575537,
0.6132337885464495,
-0.7862346307729998,
0.2094800157528518
],
[
-0.7988887807353638,
-0.5092982070279506,
-0.31998758152978124,
0.19209889119091692
],
[
-0.5966550846652953,
0.6037877581593412,
0.5286237348435712,
-0.045991954163839194
],
[
0.0,
0.0,
0.0,
1.0
]
],
"at_element": 63,
"to_element": 9
},
{
"pose": [
[
0.4634668233561674,
-0.14063584152387182,
-0.8748828857207207,
0.5321904532032911
],
[
-0.7200275942596419,
0.5157092851453978,
-0.4643319897653998,
0.5388646609918039
],
[
0.5164869477080867,
0.8451422917436421,
0.13775245752250376,
-0.27094242079611247
],
[
0.0,
0.0,
0.0,
1.0
]
],
"at_element": 10,
"to_element": 66
},
{
"pose": [
[
-0.9547171585338665,
0.14063584152387135,
-0.2621768625944953,
0.5372533424861937
],
[
0.1554075012444555,
-0.5157092851453973,
-0.8425511508340475,
0.5202991304373978
],
[
-0.2536999325147227,
-0.8451422917436424,
0.47050063862690905,
-0.3013675372175931
],
[
0.0,
0.0,
0.0,
1.0
]
],
"at_element": 66,
"to_element": 10
},
{
"pose": [
[
-0.8767652477017458,
-0.4746611128697359,
-0.0773274100934492,
0.5245655384612837
],
[
-0.44377478748475285,
0.8604842088909428,
-0.25026159162402595,
0.3582666647736523
],
[
0.1853284608886587,
-0.1851047113895055,
-0.9650852850427516,
-0.2759919787124715
],
[
0.0,
0.0,
0.0,
1.0
]
],
"at_element": 46,
"to_element": 63
},
{
"pose": [
[
-0.3956411673505502,
0.4746611128697361,
-0.7862346307730013,
0.5416533330661034
],
[
-0.3964528646838754,
-0.860484208890943,
-0.31998758152977874,
0.32728924314894375
],
[
-0.8284281458167888,
0.1851047113895044,
0.5286237348435706,
-0.26932821123110984
],
[
0.0,
0.0,
0.0,
1.0
]
],
"at_element": 63,
"to_element": 46
},
{
"pose": [
[
0.286630326845674,
0.9549154556192823,
-0.07732741009344939,
0.5287058609147912
],
[
0.9215383260019459,
-0.2968774990923697,
-0.2502615916240263,
0.37166635947181065
],
[
-0.26193542990949714,
0.0004723897525299031,
-0.9650852850427509,
-0.2243186552378659
],
[
0.0,
0.0,
0.0,
1.0
]
],
"at_element": 46,
"to_element": 66
},
{
"pose": [
[
0.13928304038728334,
-0.9549154556192825,
-0.26217686259449496,
0.49432890434961674
],
[
0.44941218136681665,
0.2968774990923697,
-0.8425511508340485,
0.38235394948977447
],
[
0.8823995273681837,
-0.0004723897525292786,
0.4705006386269075,
-0.22433566126903753
],
[
0.0,
0.0,
0.0,
1.0
]
],
"at_element": 66,
"to_element": 46
},
{
"pose": [
[
-0.44596902198159993,
-0.42772273356231316,
-0.7862346307730016,
0.4545211094906483
],
[
0.885994091043702,
-0.3355926374376632,
-0.31998758152978063,
0.29182752675544177
],
[
-0.12698859030802745,
-0.8393037858198997,
0.5286237348435691,
-0.21074498473751563
],
[
0.0,
0.0,
0.0,
1.0
]
],
"at_element": 63,
"to_element": 66
},
{
"pose": [
[
0.8650529208748391,
0.4277227335623121,
-0.262176862594495,
0.4699191251326449
],
[
-0.4212898526262578,
0.335592637437662,
-0.8425511508340486,
0.30390885953279156
],
[
-0.2723936566075932,
0.8393037858199004,
0.47050063862690705,
-0.18053005387609802
],
[
0.0,
0.0,
0.0,
1.0
]
],
"at_element": 66,
"to_element": 63
},
{
"pose": [
[
-0.8690839171957183,
0.2216449682658459,
-0.4422291859592473,
0.021051799423764644
],
[
0.48325376596790093,
0.18951477956146534,
-0.8547221454985301,
-0.11108419830356225
],
[
-0.1056358961224243,
-0.9565341898595163,
-0.2718150126100676,
-0.1699760126504382
],
[
0.0,
0.0,
0.0,
1.0
]
],
"at_element": 9,
"to_element": 11
},
{
"pose": [
[
0.802077668614386,
-0.22164496826584673,
0.5545673282411642,
0.013072584260512915
],
[
0.5224368283836565,
-0.18951477956146445,
-0.8313506532602206,
-0.11790672720899364
],
[
0.28936339412326695,
0.9565341898595165,
-0.036210078310623395,
-0.13554079775875028
],
[
0.0,
0.0,
0.0,
1.0
]
],
"at_element": 11,
"to_element": 9
},
{
"pose": [
[
0.008755501966497659,
-0.8968593469832029,
-0.442229185959246,
-0.017198191216208122
],
[
-0.30715940256954616,
0.41845328939740467,
-0.8547221454985305,
-0.1850121865573927
],
[
0.9516178027960773,
0.14331837398378028,
-0.2718150126100676,
-0.19348626936401755
],
[
0.0,
0.0,
0.0,
1.0
]
],
"at_element": 9,
"to_element": 47
},
{
"pose": [
[
0.4143783369359061,
0.8968593469832031,
-0.1547058680435074,
0.015088753079784075
],
[
0.9082129582231542,
-0.41845328939740245,
0.006787275450516661,
-0.2000765086171389
],
[
-0.05864994794354065,
-0.14331837398378575,
-0.9879372587795563,
-0.19864573207461045
],
[
0.0,
0.0,
0.0,
1.0
]
],
"at_element": 47,
"to_element": 9
},
{
"pose": [
[
0.5945656112143782,
0.582191388126559,
0.5545673282411643,
0.1397284784347843
],
[
0.42630876888619534,
0.3565346054656421,
-0.8313506532602206,
-0.3077762975909837
],
[
-0.6817276344200882,
0.7307094242561329,
-0.03621007831062184,
-0.1438107040676877
],
[
0.0,
0.0,
0.0,
1.0
]
],
"at_element": 11,
"to_element": 25
},
{
"pose": [
[
-0.713976778940417,
-0.5821913881265598,
-0.3889605979082417,
0.11876956054319945
],
[
0.65413543982779,
-0.3565346054656442,
-0.6670756339926991,
-0.32061156048538875
],
[
0.24968777602271836,
-0.7307094242561314,
0.6353894489272716,
-0.17011627838213003
],
[
0.0,
0.0,
0.0,
1.0
]
],
"at_element": 25,
"to_element": 11
},
{
"pose": [
[
-0.5426837328732914,
-0.6308323426411847,
0.554567328241166,
0.24120982415330902
],
[
-0.39430911364464494,
-0.39163300961561043,
-0.8313506532602195,
-0.4599067581509202
],
[
0.7416297519459994,
-0.6698314274929582,
