{
"line_pt_pairs": [
[
[
1.4766494404239365,
-1.2086801118461812,
-2.479283162223023
],
[
1.157765624651753,
-1.5910953138160298,
-2.524799371873345
]
],
[
[
0.05313559868641263,
1.3794058607229456,
1.4091684987223931
],
[
-0.04914481361238372,
0.8903362141457603,
1.3904709572568592
]
],
[
[
-0.08469744933597026,
1.5051988975345802,
1.428725747795447
],
[
0.1310023124737286,
0.6532763733387474,
0.9515448329182488
]
],
[
[
-0.07356095181025343,
1.3025959861444971,
1.338158954880983
],
[
-0.10091050169811161,
1.7040952416936357,
1.0414261627692598
]
],
[
[
0.13287820342024784,
0.858131166531568,
1.0674185457741785
],
[
-0.21634891380161464,
0.9450278887023832,
1.4145343481699724
]
],
[
[
0.1315739796080549,
0.750946855154608,
1.054653771804063
],
[
0.26092055693647176,
0.4659699367375022,
0.6647081103293977
]
],
[
[
-0.15062349044823736,
1.0054715121751399,
1.4321615770788405
],
[
-0.37227410104959646,
0.788782913514523,
1.0398389317592736
]
],
[
[
0.1691306392056054,
0.3600466436542961,
0.6996928921681029
],
[
0.2994799641536062,
1.2611174347672334,
0.28607412701266943
]
],
[
[
0.2740564445350761,
0.6934903282577006,
0.5875881465408404
],
[
0.04722513840767806,
0.4569360163427363,
0.20997774404247638
]
],
[
[
0.2193246831488125,
0.6581760810787509,
0.6350815954941842
],
[
0.5780634841780622,
0.05950937448169835,
-0.08109201966371526
]
],
[
[
0.3574860827970523,
1.2884925196504955,
0.328358011959239
],
[
0.07679607465923857,
0.33107041998964304,
0.2608595496612083
]
],
[
[
0.36210208153006807,
0.7286953921778534,
0.2501626918446608
],
[
-0.00019979667479497198,
1.592612276805115,
0.5999983182539157
]
],
[
[
0.08428562084849446,
0.5102523994702948,
0.21903138522878265
],
[
-0.21894897946753683,
0.6346465419301595,
0.5966222676569096
]
],
[
[
0.028723613130015868,
0.6545984531916909,
0.5201976622754647
],
[
0.37509791974356077,
0.03020084209562668,
-0.17991123138002538
]
],
[
[
-0.18648064432726505,
0.28280033625822976,
0.46200490839213404
],
[
-0.3067994889495543,
1.2431195643943438,
0.7136204001664198
]
],
[
[
-0.11177164606863646,
0.3746776937227798,
0.417755881681
],
[
-0.3900013463276676,
0.8401646296218472,
1.2579404723520424
]
],
[
[
0.07233048427479408,
0.786682806480512,
0.6052524389260255
],
[
-0.6296499231209152,
0.08468639279120427,
0.48515022079536557
]
],
[
[
-0.19378184038918783,
1.2997725361326677,
0.5845761679613215
],
[
-0.34696057860986984,
0.61683359389194,
1.2988104959855602
]
],
[
[
-0.33030359655184444,
0.7900065757439301,
0.7623815671352785
],
[
-0.14970278772878196,
1.772316876750955,
0.7128859068412318
]
],
[
[
-0.42084458174903666,
1.0578751493749285,
0.8221401649136449
],
[
-0.9598499974751102,
0.22187855006088286,
0.7192671959017913
]
],
[
[
-0.15658726044058602,
0.8240022016734614,
0.8965206024157073
],
[
-0.8838270496435636,
0.1470142421248174,
1.009700068866881
]
],
[
[
-0.009666039390850575,
1.710055325378759,
1.120089617811215
],
[
-0.2891664373691246,
1.5451499276049212,
0.7397138334675759
]
],
[
[
-0.08700260894770953,
1.8654284455466443,
1.2597983998375526
],
[
0.22759698464440992,
1.2917197067196544,
0.5035673645677625
]
],
[
[
0.07972532911472056,
1.3768653515184817,
0.47606493080110185
],
[
-0.2820634791924078,
1.5899876553839896,
0.7475197922030778
]
],
[
[
0.5717982367491123,
-0.03175851780922926,
-0.030902118291298446
],
[
0.09169072518658766,
0.10529990099553403,
-0.057581083338285724
]
],
[
[
-1.5311002819842021,
0.03876582228796435,
1.3424494903803743
],
[
-0.6012385076547043,
-0.12158727806367545,
1.0113241910624042
]
],
[
[
-1.5879407896909106,
-0.06721729252119636,
1.3141089706698683
],
[
-0.6360352731274659,
0.23540717132362288,
1.3620080460129003
]
],
[
[
-1.4020729378005896,
0.05650196597425776,
1.3862443213029851
],
[
-1.755831995690188,
0.09885887501522758,
1.035444633136706
]
],
[
[
0.4560924283867728,
0.35134711526154705,
-0.06133181138342625
],
[
-0.3079555840306707,
-0.2851568553480739,
0.04399306753480976
]
],
[
[
-0.7133858027611296,
-0.13657404466105347,
0.9819212255113398
],
[
-0.8166934065507979,
0.2505256744353367,
1.2810555539905915
]
],
[
[
-0.7119743110828576,
-0.03190225528772409,
1.202613075373295
],
[
-0.41748456889692365,
-0.26439075373072274,
0.2756692314221193
]
],
[
[
-0.2980187594109269,
0.16768864394853994,
0.011078151231798228
],
[
0.18869962970432982,
-0.7021081445868128,
-0.06990799789653447
]
],
[
[
0.041005817951894424,
-0.04810153467899653,
0.015218638317131022
],
[
-0.353132022700772,
0.09911496786956746,
0.28537167632155924
]
],
[
[
-0.9170225504843011,
0.040519507856080744,
1.5227274954783956
],
[
-0.4855580315442169,
0.47988315223781686,
0.7348201678748246
]
],
[
[
-1.0671519114716526,
0.4909720624407429,
0.744758713929601
],
[
-0.10891548499664105,
0.32242166257584304,
0.5137311967768118
]
],
[
[
-0.90602400813852,
0.4311710393428925,
0.6413423515466813
],
[
-0.5237556046553735,
0.33094311950637817,
0.9476513977462535
]
],
[
[
-0.6901525476180994,
0.34243896225707143,
0.7404106321616665
],
[
-1.6689505641972915,
0.17702732785550357,
0.8612139183141613
]
],
[
[
0.15953480858756236,
-0.49553392046897116,
-0.028193834690265394
],
[
-0.45370560519896386,
-0.059388172692308894,
0.630375130259698
]
],
[
[
-0.38539401665617323,
0.11215907637829196,
0.3264871318372492
],
[
-0.869552259567616,
0.3673567808355862,
1.1634249595524455
]
],
[
[
-0.4570764254224713,
0.4824880264274183,
0.764326613783609
],
[
-0.20039281555427646,
-0.1511187401487299,
0.03449376321167763
]
],
[
[
-0.6034423936144884,
-0.21362577155674628,
0.9568999337099725
],
[
-0.2874368599212075,
0.13711809953372345,
0.07535626515594307
]
],
[
[
-0.28953787221875316,
-0.13538541079777552,
0.6455222222787381
],
[
-1.1926817341493394,
-0.08316955495282452,
0.21937122901991013
]
],
[
[
-0.112186159975109,
-0.02428636173894705,
0.21304180130251352
],
[
-1.103951380001103,
-0.15191125851602963,
0.22370172951197784
]
],
[
[
-0.9311291915914452,
-0.13977333944293513,
0.3236671013809984
],
[
-1.3741381319304642,
-0.024499344501679454,
0.5248013472716049
]
],
[
[
-1.64996898589002,
0.056383225160035744,
1.1825265219220984
],
[
-1.2001156984387942,
-0.2656261953422124,
0.34949473808841314
]
],
[
[
-1.70153127438381,
0.047275994249419875,
1.1201170589596423
],
[
-1.4581159951622238,
0.18206579648760862,
0.704688712485708
]
],
[
[
-1.5194784155684151,
0.33261755632967005,
0.9015367526036225
],
[
-1.1931700665661755,
-0.3568357435494194,
0.25487068061803664
]
],
[
[
0.33678180636554156,
-0.4807859424505012,
0.030692393400843267
],
[
-0.5842938681695389,
-0.3771037619564601,
-0.3446336078670519
]
],
[
[
0.15062533873336653,
-0.4183683293448313,
-0.0328924738802856
],
[
0.13377484798506564,
-0.6758333235354828,
-0.9990331663924835
]
],
[
[
-1.0822983940901503,
-0.04785156786607225,
0.275940401014754
],
[
-0.3275200152517378,
-0.44735752655398514,
-0.24435238945125842
]
],
[
[
-0.4639045585407231,
-0.45674159002099035,
-0.23580599237111616
],
[
0.1494548170609465,
-0.6393811450099061,
-1.0042024195589194
]
],
[
[
0.06995372981125195,
-0.5847583495944998,
-0.859925882079534
],
[
0.7236079694727403,
-0.9232497619158246,
-1.5368008326850922
]
],
[
[
0.04727437297140072,
-0.6283386266590099,
0.12847051425490588
],
[
0.6414067023727154,
0.1596021881184711,
-0.03325779980285973
]
],
[
[
0.5941967643087396,
-0.02245887234328606,
0.13705978775929745
],
[
0.363144068683533,
0.7834114546497362,
-0.4080894284342919
]
],
[
[
0.5764570535405975,
-0.07982193766303369,
0.023058723825788774
],
[
0.7728015700324291,
-0.04556897583262306,
-0.9568777871020535
]
],
[
[
0.21632693916864884,
1.1087671739554081,
0.24430904439157441
],
[
0.4262795097718479,
0.45099816342385446,
-0.4790579764778109
]
],
[
[
0.5548330933763932,
0.5564087517253097,
-0.1786265949915621
],
[
0.7229558406913518,
-0.14385257853368416,
-0.8724340691363531
]
],
[
[
0.7111648836045329,
0.12327096016530655,
-0.705866486885128
],
[
0.8737415482950843,
-0.2004769533232461,
-1.0504765804835376
]
],
[
[
1.0284782067845353,
-1.3695031312279242,
-2.3154288251074586
],
[
1.8890863842790573,
-1.8710597841608503,
-2.403715226825265
]
],
[
[
1.3371548587664328,
-1.090095308787003,
-2.477044205988026
],
[
1.852432698234741,
-1.9341696170289833,
-2.328628201734121
]
],
[
[
0.5771957732999163,
-0.9078076614047732,
-1.0960056578690165
],
[
0.9031414954192024,
-1.3513952869334958,
-1.9308645709255443
]
],
[
[
0.9629867714386764,
-1.2088119254165723,
-1.7441774288441056
],
[
1.2514921039769873,
-1.6208824818539984,
-2.6084473690909644
]
],
[
[
1.0830089047381868,
-0.41591422062180033,
-1.190957976790508
],
[
1.362182404013419,
-0.9142847632727462,
-2.0117435514202184
]
],
[
[
1.3756813362799045,
-0.6862585228595293,
-1.9752850230119932
],
[
0.795200774691308,
-1.4857153875388023,
-1.8206530756822963
]
],
[
[
-0.018452387182152162,
-0.4724133835848739,
0.20690553320554536
],
[
0.22127026778176018,
-0.6567457882684871,
-0.74627577865522
]
],
[
[
0.4370763697351555,
-0.7717010630357719,
-0.5886523245933679
],
[
0.6580024687909491,
-1.0824158237303465,
-1.513124063611118
]
],
[
[
0.6605338305906981,
-0.13806496380842448,
-0.5344074903072338
],
[
0.7732679933730993,
-0.2611949845342653,
-1.0057141914454681
]
],
[
[
0.7586388822930581,
-0.18809401648981258,
-0.6420120966427846
],
[
0.9934801487411313,
-0.4749070675757505,
-1.570768175115405
]
],
[
[
0.594637639428033,
-0.5411138067583865,
-0.6829228267625908
],
[
0.32178024900617097,
-0.9585696681130105,
-0.7186922035091937
]
],
[
[
1.1902274151418137,
-0.34108077468769493,
-1.304933387807495
],
[
0.6342248128792507,
-1.1536072522678742,
-1.4800385833569258
]
],
[
[
0.03969203806341198,
-0.7948575771464746,
-0.6175111079229431
],
[
0.4008094803725624,
-0.46266948531425944,
-0.7136634064132505
]
],
[
[
-0.031301910511771794,
-0.14250589670452826,
0.05293075302500312
],
[
0.19867297775158707,
-0.7642649724431881,
-0.695752893453844
]
],
[
[
0.2304109797637706,
-0.4832887889102176,
-0.5937779514582062
],
[
0.47375085059297434,
-0.9867251483304305,
-1.4228361757576509
]
],
[
[
0.21698612702255365,
0.15990501627037862,
0.024491096050149617
],
[
0.586720059319292,
-0.3242624687919471,
-0.7685276084687375
]
],
[
[
0.5487392594319602,
-0.06509465212741002,
-0.5914736839796157
],
[
1.1281570924298303,
-0.383882073553447,
-1.3415739213478708
]
],
[
[
-0.5011493521836294,
0.9457757429401322,
0.8670991350644203
],
[
0.28258705285423236,
0.9814903685015341,
0.2470332410343281
]
],
[
[
-0.3598351928255677,
0.9281520075328105,
0.917354412819998
],
[
0.30092278103389686,
1.4582592893660218,
0.38595515639547145
]
],
[
[
-0.04593706591476218,
1.4895451937677189,
1.431085039678437
],
[
0.16753799365139813,
1.3938649820103362,
0.45883317106553134
]
],
[
[
0.08121433733965727,
0.6165455092922455,
1.0478662700604786
],
[
0.17039092943668396,
1.1155724968045855,
0.18588042263819082
]
],
[
[
-0.17775022392424222,
0.3331294852659278,
0.6139865687793471
],
[
0.24466078767245192,
1.1484797822936443,
0.21804107957828062
]
],
[
[
-0.0997921383567644,
0.6154264495198822,
0.4197562028675053
],
[
0.1363433856670525,
0.7148775253861045,
0.8491156068672876
]
],
[
[
-0.04974986964852058,
0.9306084422254006,
1.5089543423262735
],
[
-0.26783904729826086,
1.0326673238089792,
0.5383766301970648
]
],
[
[
0.04365333649448408,
1.300300639533376,
1.5215064514861862
],
[
-0.24484944178406623,
1.6584811769083432,
0.633546514568232
]
],
[
[
-1.0360132865813205,
0.334556109112667,
0.8161955395574162
],
[
-1.2339518572249601,
-0.34481473156386555,
0.10960118415255271
]
],
[
[
-0.9522423938751661,
0.36382987138757517,
0.8753427735720493
],
[
-1.6121877457046843,
-0.23879479343450638,
0.4266606523027839
]
],
[
[
-1.4046700023172654,
0.060480842584665254,
1.3099607423002801
],
[
-1.526098555195894,
-0.23222272732153343,
0.3614989735873978
]
],
[
[
-0.6806015721778496,
-0.15274781051338396,
0.9214368876839967
],
[
-1.2127237171874001,
-0.3175583755230215,
0.09096503358438979
]
],
[
[
-0.4633584169440987,
0.21413917104409377,
0.4992966538060288
],
[
-1.2503783174481478,
-0.28031389684979113,
0.1303578514811421
]
],
[
[
-0.43967451296569593,
0.3500278674600881,
0.34929131963059534
],
[
-0.787872442956806,
-0.2576384063241482,
1.063083937451127
]
],
[
[
-1.0235217857611358,
0.13806506724773082,
0.8766959506523065
],
[
-1.217111559597261,
0.17005904580868564,
0.4168053280017473
]
],
[
[
-1.3348305154419782,
-0.06188834784822263,
1.4064731279812805
],
[
-1.5642385669528578,
0.06643072376990164,
0.9811424780616629
]
],
[
[
0.07264866301637546,
-0.1697512979741112,
-0.16752752011032138
],
[
-0.5634138526098709,
-0.26263419342415695,
0.5984994010536983
]
],
[
[
0.23631402868728899,
0.07735404147156817,
-0.10852306462117563
],
[
0.215129582213105,
0.5125610269696894,
0.7915580978309784
]
],
[
[
1.2956331376085333,
-0.7457974951597884,
-1.8509065230377373
],
[
1.2637919987152895,
-1.5644008101722338,
-2.4243825508929704
]
],
[
[
0.6603065970465638,
-0.6741078939719294,
-0.17222898632295286
],
[
0.9534774735462745,
-0.978050572808542,
-1.0786889607035182
]
],
[
[
1.0772178781565078,
-1.0298993301440624,
-0.7808463890815398
],
[
1.4692979369783492,
-1.5087304120964957,
-1.5663360595613773
]
],
[
[
1.4490699871804076,
-1.3460956765147987,
-1.470003569750053
],
[
1.710076253418463,
-1.6296228070344347,
-2.392764695526259
]
],
[
[
1.199938185380052,
-1.4441319849534766,
-2.594230718618712
],
[
1.5827401621473278,
-1.397152662364947,
-1.6715955849758461
]
],
[
[
1.485146790675155,
-1.350782351196244,
-1.4488545177799725
],
[
1.550291227261994,
-1.021044682437107,
-2.3906768323293113
]
],
[
[
-0.07691592756398166,
-0.5064166987297575,
0.18156532063401518
],
[
0.7657236461647405,
-0.6884916952251284,
-0.3251962055669071
]
],
[
[
0.5776464755702577,
0.17455198303543562,
0.03469760357398699
],
[
0.7605455071909026,
-0.7651561928133411,
-0.2542599858317852
]
],
[
[
0.46771707552598935,
0.5473335066336389,
-0.24920960842322623
],
[
0.5484450338205826,
-0.3036178903969018,
-0.7682131889902177
]
],
[
[
-0.5132792570221515,
-0.4087395544981434,
-0.2198641987606577
],
[
0.34767341583437245,
-0.6178593536495296,
-0.6835768303592493
]
],
[
[
0.39288112740464437,
-0.879143939296136,
-1.3789943546745491
],
[
1.1710909183637574,
-1.0286339389202364,
-0.7690416833403217
]
],
[
[
1.0043253587521133,
-0.3744196278613775,
-1.5427183745705777
],
[
1.0049333349518548,
-1.038100671203186,
-0.7947029314989329
]
],
[
[
0.7796717183123255,
-0.09490432282917037,
-0.8679040892999524
],
[
0.5970925881456511,
-0.7867520531212435,
-0.16932583361395748
]
],
[
[
0.2959414265310587,
-0.7515009409258829,
-0.8711583500203591
],
[
0.8511224799976738,
-0.7459024256156318,
-0.03944767045803654
]
],
[
[
0.6393290378151154,
-0.2422167493684726,
-0.587705810933124
],
[
1.0093603848116506,
-1.0640920256878317,
-1.020831465235553
]
],
[
[
0.0873673805308039,
-0.5611957012478546,
-0.6467555885679521
],
[
1.0051999076508913,
-0.9027854784039255,
-0.8489927669076922
]
],
[
[
0.9928703242037215,
-0.6194097923976387,
-1.401886892904874
],
[
1.4885105472899434,
-1.4778463814307468,
-1.5338997402654373
]
],
[
[
0.608562585306851,
-1.0617644504805421,
-1.3445713215654334
],
[
1.4877795375460705,
-1.4342547611381833,
-1.6416041806254231
]
],
[
[
0.5113333002418903,
-0.9393277166237158,
-1.2819102074172128
],
[
1.2307513980042404,
-0.8465214129107805,
-1.970259385235523
]
],
[
[
0.10756712352323705,
0.004022228140887124,
0.13903482463046102
],
[
0.7492336881780791,
0.5844899784944408,
-0.36228464497304236
]
],
[
[
0.20934475426975294,
0.0426042382838252,
-0.059702519798266
],
[
0.2366354869341016,
1.0344823131516827,
0.06452751081863414
]
],
[
[
0.13841626884374444,
0.1679631645777007,
0.07159177127946285
],
[
-0.16486776640986725,
-0.17233994592438126,
-0.1338652484178302
]
],
[
[
0.1190647980348323,
0.014189726877490875,
-0.1128949950987769
],
[
-0.3644892724332953,
-0.05250277678855649,
-0.004601085351001281
]
],
[
[
1.2723402779514459,
-0.7084310654611301,
-1.631924804311867
],
[
1.5597755819493084,
-1.1053972133726289,
-2.50358920270609
]
]
],
"contact_id_pairs": [
[
1,
82
],
[
2,
3
],
[
2,
77
],
[
2,
82
],
[
3,
82
],
[
1,
81
],
[
4,
6
],
[
4,
81
],
[
2,
4
],
[
2,
5
],
[
2,
78
],
[
78,
80
],
[
3,
21
],
[
21,
22
],
[
5,
92
],
[
7,
8
],
[
7,
9
],
[
7,
92
],
[
6,
17
],
[
15,
17
],
[
15,
20
],
[
7,
10
],
[
7,
11
],
[
10,
11
],
[
10,
75
],
[
75,
78
],
[
75,
79
],
[
78,
79
],
[
8,
10
],
[
8,
12
],
[
8,
13
],
[
10,
13
],
[
9,
52
],
[
24,
52
],
[
11,
23
],
[
11,
76
],
[
22,
77
],
[
76,
77
],
[
12,
14
],
[
12,
80
],
[
14,
16
],
[
15,
79
],
[
16,
80
],
[
79,
80
],
[
13,
28
],
[
24,
28
],
[
24,
92
],
[
28,
92
],
[
14,
75
],
[
14,
81
],
[
17,
18
],
[
17,
76
],
[
18,
75
],
[
19,
75
],
[
76,
81
],
[
16,
34
],
[
16,
38
],
[
16,
39
],
[
34,
39
],
[
18,
23
],
[
18,
82
],
[
21,
23
],
[
21,
82
],
[
19,
35
],
[
19,
36
],
[
34,
35
],
[
20,
33
],
[
20,
38
],
[
33,
35
],
[
25,
26
],
[
25,
27
],
[
25,
29
],
[
25,
30
],
[
26,
33
],
[
29,
33
],
[
27,
44
],
[
27,
45
],
[
28,
31
],
[
28,
32
],
[
28,
114
],
[
31,
91
],
[
31,
115
],
[
71,
91
],
[
114,
115
],
[
30,
40
],
[
30,
91
],
[
37,
40
],
[
37,
41
],
[
31,
47
],
[
31,
64
],
[
37,
47
],
[
47,
48
],
[
52,
99
],
[
64,
99
],
[
32,
39
],
[
32,
40
],
[
39,
42
],
[
36,
46
],
[
45,
46
],
[
41,
43
],
[
41,
49
],
[
42,
49
],
[
43,
46
],
[
44,
46
],
[
47,
49
],
[
47,
102
],
[
50,
102
],
[
48,
50
],
[
48,
51
],
[
50,
51
],
[
51,
111
],
[
60,
65
],
[
60,
69
],
[
60,
103
],
[
60,
110
],
[
65,
69
],
[
65,
110
],
[
72,
103
],
[
103,
111
],
[
53,
100
],
[
54,
100
],
[
53,
55
],
[
53,
101
],
[
53,
112
],
[
56,
112
],
[
54,
56
],
[
54,
57
],
[
55,
113
],
[
0,
59
],
[
0,
61
],
[
0,
97
],
[
58,
61
],
[
58,
93
],
[
93,
97
],
[
58,
59
],
[
59,
96
],
[
60,
63
],
[
61,
63
],
[
62,
69
],
[
67,
104
],
[
69,
74
],
[
69,
104
],
[
69,
109
],
[
62,
93
],
[
62,
116
],
[
63,
93
],
[
63,
111
],
[
64,
108
],
[
65,
68
],
[
65,
106
],
[
68,
106
],
[
68,
108
],
[
66,
105
],
[
67,
105
],
[
105,
107
],
[
70,
71
],
[
70,
72
],
[
70,
102
],
[
73,
112
],
[
73,
113
],
[
73,
101
],
[
74,
101
],
[
83,
84
],
[
83,
89
],
[
83,
86
],
[
83,
87
],
[
84,
85
],
[
85,
90
],
[
86,
88
],
[
87,
88
],
[
94,
99
],
[
94,
106
],
[
99,
105
],
[
100,
106
],
[
94,
103
],
[
94,
107
],
[
94,
108
],
[
95,
103
],
[
103,
104
],
[
103,
107
],
[
95,
109
],
[
96,
97
],
[
96,
98
],
[
96,
109
],
[
96,
110
],
[
98,
116
]
],
"contact_t_pairs": [
[
0.09162142840828609,
0.1135248304312375
],
[
0.20852569313882682,
0.04698405726193593
],
[
0.02483680567479561,
0.007212638941841562
],
[
0.1693709448644858,
0.20234896263258598
],
[
0.302028834650371,
0.32284231401223323
],
[
0.9083785715917135,
0.11162199814750091
],
[
0.9012144854741284,
0.1689891492273492
],
[
0.6823378596764018,
0.20945710226971992
],
[
0.7394745969690932,
0.09878551452587161
],
[
0.9509996467132282,
0.1823428768342536
],
[
0.975163194325204,
0.10566255968143312
],
[
0.23449737410738572,
0.9693049487139115
],
[
0.9530159427380641,
0.21542371128199667
],
[
0.04496267091179074,
0.2323549018300199
],
[
0.8176571231657594,
0.9516916219718998
],
[
0.3501004416968949,
0.12020372061306453
],
[
0.29068655346592065,
0.057093339179479896
],
[
0.10292275485575694,
0.8536730230517795
],
[
0.8310108507726502,
0.7180873062296917
],
[
0.8451930328600502,
0.7745980927319729
],
[
0.6202210794765033,
0.2064327624409813
],
[
0.8970772451442434,
0.1350295807048413
],
[
0.7465279902230638,
0.34655170748308506
],
[
0.35529384336625297,
0.24651253184803704
],
[
0.3312941313199427,
0.9488960066834035
],
[
0.8149196343867136,
0.7752245169379397
],
[
0.8649577220108622,
0.7865923808346235
],
[
0.8943374403185667,
0.8714955328916117
],
[
0.7973036741782382,
0.8272491931537277
],
[
0.8797962793869355,
0.05438098156520748
],
[
0.6831405018448603,
0.24134227960147495
],
[
0.8649704192951588,
0.32625089734177776
],
[
0.9429066608205202,
0.8993847585160533
],
[
0.11888111420462617,
0.7869223205566556
],
[
0.7534874681519624,
0.029715668067501012
],
[
0.691733862192084,
0.7484381857403496
],
[
0.7676450981699812,
0.7799039016844724
],
[
0.8346237352756246,
0.9927873610581586
],
[
0.9456190184347931,
0.3620161001928684
],
[
0.5914072861979421,
0.030695051286088997
],
[
0.237492541241473,
0.4053870425460576
],
[
0.15480696713994982,
0.12850446710838825
],
[
0.15757189640266164,
0.3682986027108393
],
[
0.3417653801860643,
0.16245125282118184
],
[
0.7586577203985253,
0.23955489427393678
],
[
0.8811188857953731,
0.4025219123140357
],
[
0.7212278423309155,
0.04830837802809888
],
[
0.32009525010401707,
0.10392024800360611
],
[
0.707029664391367,
0.3213926748449224
],
[
0.7625074587585272,
0.8883780018524989
],
[
0.22540190726802709,
0.3687883661929727
],
[
0.3775343941824419,
0.16537626472437522
],
[
0.16409602287286998,
0.22728646282282644
],
[
0.11252008372148252,
0.05110399331659645
],
[
0.20150043407165008,
0.7273605399816627
],
[
0.5880969572079064,
0.7645925379013275
],
[
0.8424281035973384,
0.23455228434919403
],
[
0.6700905760582533,
0.2952920994444228
],
[
0.6928353264967754,
0.2135327427865639
],
[
0.769962565417785,
0.8061306471454904
],
[
0.8359039771271304,
0.8864751695687626
],
[
0.9550373290882095,
0.9702843319324986
],
[
0.714111619240865,
0.7751921611132092
],
[
0.7670799906697826,
0.2403404523986376
],
[
0.8874799162785173,
0.20784282352842762
],
[
0.23540746209867228,
0.15055260830470685
],
[
0.6631322210753607,
0.7012718437341213
],
[
0.7935672375590187,
0.7654477156508059
],
[
0.7685221989299078,
0.8494473916952932
],
[
0.13902179063257575,
0.2016399384124786
],
[
0.061584693180658186,
0.18693505118591816
],
[
0.8704963490959878,
0.14527034522791132
],
[
0.9384153068193419,
0.19271295547051762
],
[
0.7983600615875212,
0.231477801070092
],
[
0.8547296547720882,
0.3419794143701221
],
[
0.645647023092305,
0.01889664826987775
],
[
0.8130649488140816,
0.06679153199267707
],
[
0.760445105726063,
0.34488504747617194
],
[
0.5930681124267737,
0.05769080372880525
],
[
0.5486878705852711,
0.41070574811533705
],
[
0.42509092460415293,
0.2176121121460571
],
[
0.22524555673908467,
0.6517958025431426
],
[
0.0925725191127672,
0.17117874399105182
],
[
0.5892942518846626,
0.34820419745685777
],
[
0.46876596292531986,
0.20128150012770907
],
[
0.8072870445294831,
0.8288212560089478
],
[
0.99628378649736,
0.39157056001442336
],
[
0.915741739961739,
0.13375252221644146
],
[
0.7231163266196453,
0.2918876811278205
],
[
0.7747544432609151,
0.27606990729588227
],
[
0.0037162135026396026,
0.18517887990846033
],
[
0.21079185584881338,
0.025583078917398413
],
[
0.10061524148394678,
0.19793645221718184
],
[
0.0788447622527144,
0.0868887619615347
],
[
0.8378833811965486,
0.6826325557931734
],
[
0.942309196271194,
0.7987184998722916
],
[
0.7864672572134359,
0.14051712325052618
],
[
0.7921571764715727,
0.14348991798891533
],
[
0.9332084680073235,
0.23407519632537943
],
[
0.7393072690236762,
0.07155989615669574
],
[
0.8662474777835583,
0.024536966164165775
],
[
0.8594828767494745,
0.15120939102011402
],
[
0.9284401038433036,
0.562602555212637
],
[
0.9811033517301213,
0.8565100820110838
],
[
0.7318527305504826,
0.9754630338358342
],
[
0.8148211200915395,
0.10873447229535986
],
[
0.02686281309503739,
0.08472301544232025
],
[
0.974416921082601,
0.9731371869049623
],
[
0.9249159048771516,
0.11188500045194623
],
[
0.871450956537571,
0.041767652000834314
],
[
0.9582323479991596,
0.291870305986225
],
[
0.07450583335480512,
0.6154182814711598
],
[
0.41569877369129987,
0.9000069148993085
],
[
0.10665944729073594,
0.3001439215790811
],
[
0.34281654999101513,
0.08114165074497078
],
[
0.9642120721325521,
0.9242956026549912
],
[
0.8268385093302202,
5.095373574258728e-09
],
[
0.869637003133293,
0.08369954669093106
],
[
0.16134600949701502,
0.007546222072758718
],
[
0.19832784192886196,
0.031251518473682044
],
[
0.07303003302496036,
0.26313396485139506
],
[
0.8016721580711382,
0.7532977325851314
],
[
0.698976695368724,
1.6606243511446856e-08
],
[
0.4768730415456083,
0.5805710496531598
],
[
0.12928198104422914,
0.7732511421954799
],
[
0.815033268900561,
0.8707180189557708
],
[
0.92696996697504,
0.5000000000000006
],
[
0.24670226741486842,
0.9137503336872792
],
[
0.11046238674709885,
0.18839966004405312
],
[
0.8895376132529009,
0.8768007604183455
],
[
0.6589849389809849,
0.10308673156462318
],
[
0.16735731350001232,
0.6677380831305523
],
[
0.2670793732520879,
0.9013263444584771
],
[
0.8482216849811507,
0.2634954044741273
],
[
0.8326426864999864,
0.8116003399559456
],
[
0.6560041141216275,
0.9828429883557585
],
[
0.9254941666451987,
0.8102105055795945
],
[
0.12319923958165427,
0.6965453467365855
],
[
0.14873627998047217,
0.15897932320376124
],
[
0.8989336656391211,
0.09666388030264803
],
[
0.07570439734500889,
1.0
],
[
0.2827145586339328,
0.2711837939224984
],
[
0.3545934469849813,
0.003899934358284505
],
[
0.8512637200195281,
0.09867365554152306
],
[
0.7173750818959556,
0.1578188596482952
],
[
0.1897894944204055,
0.13092373820126518
],
[
0.2175438830212244,
0.9924537779272417
],
[
0.9211552377472852,
0.138154855548279
],
[
0.11067221209472122,
0.5888929515931285
],
[
0.035787927867447965,
0.2900158236345432
],
[
0.539359778830013,
0.2245543895514331
],
[
0.4111070484068716,
0.4246843769265357
],
[
0.5000000000000002,
0.1522660092185235
],
[
0.10106633436087889,
0.1762649987455647
],
[
0.34732929552388536,
0.12115786268984424
],
[
0.3194575924465763,
0.9074274808872329
],
[
0.6805424075534234,
0.13036299686670738
],
[
0.6085344955324454,
0.9152769845576791
],
[
0.024396363987901185,
0.22674885780452012
],
[
0.07168819188719242,
0.0862496663127208
],
[
0.9756036360120993,
0.9999999833937572
],
[
1.415940814972058e-16,
0.7053236334750722
],
[
0.026315754188979114,
0.12201806596604277
],
[
0.2590380980409841,
0.5
],
[
0.9736842458110208,
0.979150757304168
],
[
0.9188669673985034,
0.9655790503489952
],
[
0.8779819340339573,
0.8673473680272367
],
[
0.13265263197276336,
0.5000000000000002
],
[
0.020849242695831823,
0.791395372711143
],
[
0.03442094965100476,
0.20860462728885693
],
[
0.10774935525135956,
0.9131112380384654
],
[
0.13174587579676728,
0.7059232470535364
],
[
0.8549557380767471,
0.8477339907814766
],
[
0.968748481526318,
0.7754456104485669
],
[
0.8922506447486404,
0.6643149742206387
],
[
0.8630744127765694,
0.8308488554740899
],
[
0.7072315931422973,
0.8618451444517213
],
[
0.035499078484703225,
0.916300453309069
],
[
0.8027181788752392,
0.9033361196973522
],
[
0.7080941476678052,
0.8788421373101555
],
[
0.964500921515297,
0.9961000656417157
],
[
0.31422453662292843,
0.8969132684353768
],
[
0.01715701164424139,
0.032712304524918925
],
[
0.048761462237974104,
0.8830329647865914
],
[
0.19344529727242998,
0.9999999949046269
],
[
0.967287695475081,
0.8421811403517024
]
],
"half_couplers": [
{
"pose": [
[
-0.3532782231718148,
0.9128797106259497,
-0.20456082459759506,
0.04376452121340847
],
[
0.10940224314104541,
-0.17684646556597317,
-0.9781392931543702,
1.334596601112408
],
[
-0.9290993737099781,
-0.3679347245698694,
-0.03739508293106519,
1.4074554032655977
],
[
0.0,
0.0,
0.0,
1.0
]
],
"at_element": 1,
"to_element": 82
},
{
"pose": [
[
-0.28881963377347253,
-0.9128797106259491,
-0.2885027782785481,
0.010901107511470748
],
[
-0.9167508005246597,
0.17684646556597516,
0.35818053737496425,
1.3409630243026387
],
[
-0.2759550486661788,
0.3679347245698701,
-0.8879599369179565,
1.420700950217843
],
[
0.0,
0.0,
0.0,
1.0
]
],
"at_element": 82,
"to_element": 1
},
{
"pose": [
[
0.037678764350097205,
0.9757325061062017,
0.21569976180969902,
-0.03971850699472296
],
[
0.49558241987089735,
0.16919242856199723,
-0.8519225241958327,
1.3275511626760652
],
[
-0.8677432660827484,
0.13899639795694163,
-0.4771809148771986,
1.3292212667680596
],
[
0.0,
0.0,
0.0,
1.0
]
],
"at_element": 2,
"to_element": 3
},
{
"pose": [
[
0.21202378407017763,
-0.9757325061062018,
-0.054699099775716964,
-0.07484594462827274
],
[
-0.5714606839418129,
-0.169192428561997,
0.8029985110982767,
1.3214600501578424
],
[
-0.7927664231646786,
-0.13899639795694252,
-0.5934655842234471,
1.3242172443849116
],
[
0.0,
0.0,
0.0,
1.0
]
],
"at_element": 3,
"to_element": 2
},
{
"pose": [
[
-0.10652151703588375,
-0.9706321544043403,
0.21569976180970313,
-0.07934015626780307
],
[
-0.5062976805654565,
-0.13375601452586627,
-0.8519225241958303,
1.484039863351147
],
[
0.855754535519627,
-0.1999563687771534,
-0.4771809148772004,
1.4168740981409207
],
[
0.0,
0.0,
0.0,
1.0
]
],
"at_element": 2,
"to_element": 77
},
{
"pose": [
[
-0.11091266735415539,
0.9706321544043398,
0.21347505956616225,
-0.04439734738702335
],
[
0.9863846235907262,
0.13375601452586816,
-0.09568021175738056,
1.488855086946434
],
[
-0.1214238632401719,
0.19995636877715534,
-0.9722518686129056,
1.4240725379896013
],
[
0.0,
0.0,
0.0,
1.0
]
],
"at_element": 77,
"to_element": 2
},
{
"pose": [
[
0.3011348900337312,
-0.9288656473137604,
0.2156997618097009,
-0.04816417687121703
],
[
-0.40682884321120444,
-0.3297245897703671,
-0.8519225241958313,
1.3609079746601942
],
[
0.8624430823746028,
0.16879071106299742,
-0.4771809148772004,
1.347905165371396
],
[
0.0,
0.0,
0.0,
1.0
]
],
"at_element": 2,
"to_element": 82
},
{
"pose": [
[
-0.2323246783403492,
0.9288656473137602,
-0.28850277827855064,
-0.014724901406799537
],
[
0.8734920706832674,
0.3297245897703689,
0.35818053737496675,
1.372778099706383
],
[
0.42782805691949577,
-0.1687907110629942,
-0.8879599369179543,
1.3418286793915417
],
[
0.0,
0.0,
0.0,
1.0
]
],
"at_element": 82,
"to_element": 2
},
{
"pose": [
[
-0.43625022972278904,
-0.8981613137686013,
-0.05469909977571663,
-0.08182130449109543
],
[
-0.5538464806037127,
0.2201078533283879,
0.8029985110982772,
1.423860338410995
],
[
-0.7091824962516312,
0.3806031888366531,
-0.5934655842234458,
1.2485370954769284
],
[
0.0,
0.0,
0.0,
1.0
]
],
"at_element": 3,
"to_element": 82
},
{
"pose": [
[
0.33177161026075996,
0.8981613137686013,
-0.2885027782785506,
-0.049487568043921355
],
[
0.9073363409171642,
-0.22010785332838756,
0.3581805373749676,
1.4159364730536557
],
[
0.2582021748088769,
-0.38060318883665334,
-0.8879599369179543,
1.2348354107014372
],
[
0.0,
0.0,
0.0,
1.0
]
],
"at_element": 82,
"to_element": 3
},
{
"pose": [
[
-0.22199930348656371,
0.9533473544786464,
-0.2045608245975929,
-0.039773736139379526
],
[
0.0835669892723479,
-0.19042080109962756,
-0.9781392931543706,
0.9351454737562978
],
[
-0.971459143533806,
-0.2342407740277997,
-0.037395082931067414,
1.3921840527136546
],
[
0.0,
0.0,
0.0,
1.0
]
],
"at_element": 1,
"to_element": 81
},
{
"pose": [
[
-0.2087245368916364,
-0.9533473544786459,
-0.21808917764973879,
-0.07409341943212988
],
[
-0.9763830719540798,
0.19042080109962733,
0.10205888158357668,
0.9420004585164589
],
[
-0.05576884883952998,
0.23424077402780136,
-0.9705777121292094,
1.4006165187409811
],
[
0.0,
0.0,
0.0,
1.0
]
],
"at_element": 81,
"to_element": 1
},
{
"pose": [
[
-0.6944181904140792,
0.17304640767628265,
-0.698454234443725,
-0.18185033334046607
],
[
-0.3991463467444163,
-0.9002655344866086,
0.1737934443416309,
0.9364437512921275
],
[
-0.5987199434649078,
0.39947078517192613,
0.6942316047915873,
1.3802443350302431
],
[
0.0,
0.0,
0.0,
1.0
]
],
"at_element": 4,
"to_element": 6
},
{
"pose": [
[
-0.8795106412491622,
-0.17304640767628232,
-0.4433012212027182,
-0.18808003855948352
],
[
0.041305838056309135,
0.9002655344866082,
-0.43337719732123375,
0.9688534902402157
],
[
0.4740831780098861,
-0.3994707851719265,
-0.7846452906391339,
1.3658633070236639
],
[
0.0,
0.0,
0.0,
1.0
]
],
"at_element": 6,
"to_element": 4
},
{
"pose": [
[
-0.6597540349431188,
-0.27728378200663845,
-0.6984542344437247,
-0.10541268028587769
],
[
0.21948880487436762,
-0.9600106787107601,
0.17379344434163185,
0.917424089950497
],
[
-0.7187136271917322,
-0.03864195902644056,
0.6942316047915874,
1.3042687994407813
],
[
0.0,
0.0,
0.0,
1.0
]
],
"at_element": 4,
"to_element": 81
},
{
"pose": [
[
-0.9357087232831351,
0.2772837820066392,
-0.2180891776497405,
-0.09543019683542134
],
[
0.26069806568368675,
0.9600106787107597,
0.10205888158357729,
0.9519853998227854
],
[
0.2376672121278609,
0.038641959026440485,
-0.970577712129209,
1.305659947216115
],
[
0.0,
0.0,
0.0,
1.0
]
],
"at_element": 81,
"to_element": 4
},
{
"pose": [
[
-0.7243920058125306,
-0.6547746441869436,
0.21569976180969827,
0.07480704509458622
],
[
-0.46730172719533225,
0.23634108514615315,
-0.851922524195832,
0.8752238323059742
],
[
0.5068385518832978,
-0.7179227373483864,
-0.47718091487720016,
1.0758625830852875
],
[
0.0,
0.0,
0.0,
1.0
]
],
"at_element": 2,
"to_element": 4
},
{
"pose": [
[
-0.28884571611415044,
0.6547746441869424,
-0.6984542344437226,
0.09837962295909929
],
[
-0.9560014279151521,
-0.23634108514615537,
0.17379344434163274,
0.8667153039418236
],
[
-0.051277891012540766,
0.7179227373483867,
0.6942316047915892,
1.1017085589139077
],
[
0.0,
0.0,
0.0,
1.0
]
],
"at_element": 4,
"to_element": 2
},
{
"pose": [
[
-0.15153952382235714,
-0.9646291440107609,
0.21569976180969713,
0.12043294794118083
],
[
-0.5119695352487602,
-0.11006910440705298,
-0.851922524195832,
0.6950208779973016
],
[
0.84553117488172,
-0.2395316404571558,
-0.4771809148772006,
0.9749268663289364
],
[
0.0,
0.0,
0.0,
1.0
]
],
"at_element": 2,
"to_element": 5
},
{
"pose": [
[
0.05068003806988697,
0.9646291440107606,
0.25869315465682985,
0.15515940662678268
],
[
0.8142710949880185,
0.11006910440705198,
-0.569953836834215,
0.6989833440190726
],
[
-0.5782682056003497,
0.23953164045715786,
-0.7798913229493292,
0.9835499580817365
],
[
0.0,
0.0,
0.0,
1.0
]
],
"at_element": 5,
"to_element": 2
},
{
"pose": [
[
0.08800745034682456,
0.9724856304535766,
0.2156997618096988,
0.12564501940556133
],
[
0.5036571334756855,
0.14337888501050644,
-0.8519225241958328,
0.674435407522181
],
[
-0.8594092043854933,
0.18361425297196726,
-0.47718091487719816,
0.9633964825727751
],
[
0.0,
0.0,
0.0,
1.0
]
],
"at_element": 2,
"to_element": 78
},
{
"pose": [
[
0.21521903722317326,
-0.9724856304535769,
0.08917659209702733,
0.09063696432429617
],
[
-0.8546429436130052,
-0.14337888501050666,
0.49902698751234065,
0.6692739781429139
],
[
-0.47251053422037925,
-0.1836142529719662,
-0.8619858474222875,
0.9567866390126704
],
[
0.0,
0.0,
0.0,
1.0
]
],
"at_element": 78,
"to_element": 2
},
{
"pose": [
[
-0.6563722571651367,
-0.7491481798989466,
0.08917659209702702,
0.10212601401825548
],
[
-0.6214879222417284,
0.6039245219744094,
0.4990269875123394,
0.7335660274726084
],
[
-0.4277010901688274,
0.2721252952448132,
-0.8619858474222881,
0.8457328523222225
],
[
0.0,
0.0,
0.0,
1.0
]
],
"at_element": 78,
"to_element": 80
},
{
"pose": [
[
-0.46447503886655217,
0.7491481798989467,
0.472271048047634,
0.12909519364667404
],
[
-0.7718245304434063,
-0.6039245219744098,
0.19890215173244444,
0.711824869511934
],
[
0.4342232518828657,
-0.27212529524481244,
0.8587188079995646,
0.8359363979413499
],
[
0.0,
0.0,
0.0,
1.0
]
],
"at_element": 80,
"to_element": 78
},
{
"pose": [
[
-0.5605022939306781,
-0.826344472349258,
-0.0546990997757173,
-0.0996255088800923
],
[
-0.516571691154741,
0.2972323654508022,
0.8029985110982781,
1.6852311776802904
],
[
-0.6472950381363806,
0.4783385139692883,
-0.5934655842234444,
1.055367873265331
],
[
0.0,
0.0,
0.0,
1.0
]
],
"at_element": 3,
"to_element": 21
},
{
"pose": [
[
0.0683587824480214,
0.8263444723492566,
-0.5590007959565466,
-0.06987705242812545
],
[
0.896034463661264,
-0.2972323654508007,
-0.32981079554767767,
1.6745307925798851
],
[
-0.4386904566929791,
-0.4783385139692915,
-0.7607515686872783,
1.038147654666108
],
[
0.0,
0.0,
0.0,
1.0
]
],
"at_element": 21,
"to_element": 3
},
{
"pose": [
[
0.7962319484399969,
-0.23137155054887698,
-0.5590007959565484,
-0.022233123804862254
],
[
-0.4695340648160325,
-0.8190009774826534,
-0.3298107955476769,
1.7026407382470758
],
[
-0.38151336314836987,
0.5250758083163479,
-0.7607515686872777,
1.1029869065969578
],
[
0.0,
0.0,
0.0,
1.0
]
],
"at_element": 21,
"to_element": 22
},
{
"pose": [
[
-0.9205945368664115,
0.23137155054887626,
0.314599593592119,
-0.01390385126284846
],
[
0.009781711302176685,
0.8190009774826543,
-0.5737087388269919,
1.7321244078574745
],
[
-0.3903972551334326,
-0.5250758083163474,
-0.7562310352697887,
1.0840844118766262
],
[
0.0,
0.0,
0.0,
1.0
]
],
"at_element": 22,
"to_element": 21
},
{
"pose": [
[
-0.7660551996188121,
0.5884193087167393,
0.25869315465681886,
0.23733512991774566
],
[
0.3707659721358729,
0.73327022153096,
-0.5699538368342457,
0.517933447873034
],
[
-0.5250638294942086,
-0.34070148127833466,
-0.7798913229493103,
0.735811924051719
],
[
0.0,
0.0,
0.0,
1.0
]
],
"at_element": 5,
"to_element": 92
},
{
"pose": [
[
-0.8082783780090201,
-0.5884193087167442,
-0.02118444647417203,
0.21615296846169593
],
[
0.5224075631052387,
-0.7332702215309552,
0.4352069854981543,
0.49153688339377627
],
[
-0.2716181173146488,
0.34070148127833766,
0.9000811624521381,
0.748076636779268
],
[
0.0,
0.0,
0.0,
1.0
]
],
"at_element": 92,
"to_element": 5
},
{
"pose": [
[
-0.43770852505363456,
-0.8896180644416865,
0.13034932494800044,
0.21476599544479258
],
[
-0.3220236074786515,
0.29046897533048166,
0.9010707911129378,
0.6755119256231059
],
[
-0.8394712879674966,
0.35243080709479335,
-0.41361876515543305,
0.5548847797930614
],
[
0.0,
0.0,
0.0,
1.0
]
],
"at_element": 7,
"to_element": 8
},
{
"pose": [
[
0.05263015923577108,
0.8896180644416862,
-0.4536626122547957,
0.24679047758704184
],
[
0.8317427513529716,
-0.290468975330481,
-0.4731086238299292,
0.6650556198384585
],
[
-0.5526608923296512,
-0.3524308070947944,
-0.755220804996728,
0.5421979712183401
],
[
0.0,
0.0,
0.0,
1.0
]
],
"at_element": 8,
"to_element": 7
},
{
"pose": [
[
0.39198565602695834,
-0.9106900125480215,
0.13034932494800128,
0.2070214352213491
],
[
-0.43002528629821857,
-0.056122032636390484,
0.9010707911129375,
0.6219758063517264
],
[
-0.8132807009964336,
-0.40926033096067893,
-0.41361876515543305,
0.5794594788762399
],
[
0.0,
0.0,
0.0,
1.0
]
],
"at_element": 7,
"to_element": 9
},
{
"pose": [
[
0.20481741547383614,
0.9106900125480211,
0.3587388010292491,
0.2398062791928154
],
[
0.7990297190123776,
0.056122032636390706,
-0.5986667065970519,
0.6239961997435433
],
[
-0.5653329412422547,
0.4092603309606797,
-0.7161736151579001,
0.5941928523725799
],
[
0.0,
0.0,
0.0,
1.0
]
],
"at_element": 9,
"to_element": 7
},
{
"pose": [
[
0.023416904709816055,
-0.9911915566929594,
0.13034932494800006,
0.18254655082284188
],
[
-0.41985964895895306,
0.10857856408688216,
0.9010707911129379,
0.4527873317956959
],
[
-0.9072869026663375,
-0.07582871066699415,
-0.41361876515543305,
0.6571221093982693
],
[
0.0,
0.0,
0.0,
1.0
]
],
"at_element": 7,
"to_element": 92
},
{
"pose": [
[
-0.13073070476429738,
0.9911915566929597,
-0.021184446474186214,
0.21822943822399374
],
[
-0.8937592378232913,
-0.10857856408688238,
0.4352069854981194,
0.44887850443500127
],
[
0.42907331266038873,
0.07582871066699146,
0.9000811624521546,
0.6598519423213145
],
[
0.0,
0.0,
0.0,
1.0
]
],
"at_element": 92,
"to_element": 7
},
{
"pose": [
[
-0.2450884234736852,
-0.8622155716289072,
-0.4433012212027174,
-0.3348175529383502
],
[
-0.7833980537297182,
0.4455016209336181,
-0.43337719732123503,
0.8254009354494474
],
[
0.5711559805269253,
0.24106557984531043,
-0.7846452906391339,
1.1061372018144504
],
[
0.0,
0.0,
0.0,
1.0
]
],
"at_element": 6,
"to_element": 17
},
{
"pose": [
[
-0.48282562297143605,
0.8622155716289077,
-0.15317873822068395,
-0.3037775478897405
],
[
-0.578897838065267,
-0.4455016209336162,
-0.6829389422407253,
0.8093627507796686
],
[
-0.6570819666416092,
-0.2410655798453122,
0.7142343280242407,
1.0974587725890212
],
[
0.0,
0.0,
0.0,
1.0
]
],
"at_element": 17,
"to_element": 6
},
{
"pose": [
[
0.06640805087091273,
-0.9582161575935241,
-0.2782297002590284,
-0.3469294502623097
],
[
0.8819526187688821,
-0.07403709039400908,
0.46548693589906487,
0.7681040088320444
],
[
-0.46663642059556076,
-0.2762974928816616,
0.8401845906710448,
1.1278740440325383
],
[
0.0,
0.0,
0.0,
1.0
]
],
"at_element": 15,
"to_element": 17
},
{
"pose": [
[
0.24157414903879904,
0.9582161575935253,
-0.15317873822068287,
-0.3124337988620183
],
[
-0.7267137747539292,
0.07403709039400841,
-0.6829389422407284,
0.770769334020609
],
[
-0.6430622210168124,
0.2762974928816579,
0.7142343280242378,
1.137820716212599
],
[
0.0,
0.0,
0.0,
1.0
]
],
"at_element": 17,
"to_element": 15
},
{
"pose": [
[
