{
"line_pt_pairs": [
[
[
0.7130695482024882,
1.3168995300160617,
-1.8920281468004458
],
[
1.0666576668400105,
0.9633808741405943,
-1.8919801220121109
]
],
[
[
-0.20979222217231852,
-1.46704986477567,
1.1968894535416355
],
[
0.22787007429229827,
-1.1731399631356751,
0.34714320672951393
]
],
[
[
0.06054481317700228,
-1.46035294039269,
1.1945466200605446
],
[
-0.35582129821497654,
-1.0721670950223858,
0.37238422081179234
]
],
[
[
-0.32662955439306807,
-1.0509450407479901,
0.7977217669257333
],
[
-0.16068685741422534,
-0.20935881399383605,
0.28372211297926064
]
],
[
[
-0.33304132771887196,
-0.9139844223742424,
0.5892479876988486
],
[
-0.28025035888039207,
-0.572545057156367,
0.9506788572834884
]
],
[
[
-0.234173851263356,
-1.2686977838879383,
0.7014430217867362
],
[
0.11689447811082082,
-1.106147843417423,
0.384696206548672
]
],
[
[
-0.32499775719515034,
-0.7427866154560511,
0.6427657145627983
],
[
-0.20831405943795955,
-1.2187068325625319,
0.543343073142301
]
],
[
[
0.1073636988174332,
-0.8537529119986479,
0.287451742008954
],
[
0.0900342858425511,
-1.2778648171320417,
0.551703105997996
]
],
[
[
-0.03748821958869083,
-0.14629993864439064,
0.30438938604677235
],
[
0.03502677208888466,
-1.1389528837844516,
0.20753017643423854
]
],
[
[
0.10737487583187978,
-0.3176062161417515,
0.6582120771508304
],
[
0.05167620909875969,
-1.1582490225201734,
0.11949384782462297
]
],
[
[
0.027391344378181644,
-0.6492182323240102,
0.9421045419777254
],
[
0.06241201657600864,
-0.4998278336471409,
0.4662305446822455
]
],
[
[
-0.3850025410271659,
-0.6690663774840475,
1.1060943831765286
],
[
-0.0961480105507867,
-0.36832961379047024,
0.19718269374439013
]
],
[
[
-0.2550238559283885,
-0.4442775865485199,
0.5434460173718533
],
[
0.02899330796505195,
-0.31693477285385935,
0.15214299104282847
]
],
[
[
0.15643474618847358,
-0.49151223538719574,
0.6096487471181314
],
[
-0.020202136321580383,
-0.22385997604654934,
0.22603216795740644
]
],
[
[
-0.1434359590003374,
-0.7481625403063886,
1.2126624387448501
],
[
-0.28871431716500806,
-0.6588541599686687,
0.7426430648351878
]
],
[
[
0.07812685361415989,
-0.5710060156417032,
0.8320509154542066
],
[
-0.22735050788041827,
-0.7231421835600602,
1.1974796609374105
]
],
[
[
-0.07192304143257927,
-1.2824608177362906,
1.2053186109416192
],
[
0.02087286979996837,
-0.4428454720174868,
0.6701223945013166
]
],
[
[
-0.05334219194026696,
-1.177165642812335,
1.0707934958702834
],
[
-0.23461088944625225,
-0.7115174353328172,
1.053090214377984
]
],
[
[
-0.09907510043502722,
-1.033442416773466,
1.142870314518574
],
[
-0.06141501011048592,
-1.4988911290771958,
0.9641548596425413
]
]
],
"contact_id_pairs": [
[
2,
5
],
[
2,
6
],
[
1,
7
],
[
5,
7
],
[
1,
2
],
[
1,
18
],
[
2,
18
],
[
7,
9
],
[
8,
9
],
[
8,
12
],
[
8,
13
],
[
9,
10
],
[
9,
13
],
[
3,
11
],
[
3,
12
],
[
11,
12
],
[
4,
11
],
[
4,
14
],
[
3,
4
],
[
3,
6
],
[
4,
6
],
[
14,
15
],
[
14,
17
],
[
10,
15
],
[
10,
16
],
[
16,
17
],
[
16,
18
],
[
17,
18
]
],
"contact_t_pairs": [
[
0.6211649468539387,
0.10513482947600968
],
[
0.761652307857694,
0.8646987825850443
],
[
0.7534962382016357,
0.9483565360241002
],
[
0.8948651705239906,
0.597051721250597
],
[
0.31601101147645466,
0.3072761736923123
],
[
0.24650376179836453,
0.7830974712536153
],
[
0.23834769214230592,
0.734799532109033
],
[
0.051643463975899716,
0.6615541441819736
],
[
0.8802338609311066,
0.8315729366130782
],
[
0.2081987320148695,
0.7165355504137382
],
[
0.11976613906889258,
0.85939700562685
],
[
0.2430048135245507,
0.8749738224411342
],
[
0.16842706338692084,
0.1406029943731504
],
[
0.7154698717328509,
0.7319305848593076
],
[
0.7538948761814901,
0.28346444958626205
],
[
0.774324154100493,
0.3314717432374736
],
[
0.8806551997546131,
0.22567584589950646
],
[
0.6856204841204105,
0.8197155203138784
],
[
0.24610512381851016,
0.22431101263673428
],
[
0.29460225310386334,
0.13530121741495582
],
[
0.11934480024538693,
0.25164839579661646
],
[
0.18028447968612155,
0.8332267200882588
],
[
0.35464294264061513,
0.9624908077559319
],
[
0.12502617755886566,
0.16677327991174107
],
[
0.36912821323375405,
0.8232786188720388
],
[
0.21492089287091828,
0.13761537553268963
],
[
0.17672138112796143,
0.21690252874638477
],
[
0.03750919224406812,
0.2929295301097702
]
],
"half_couplers": [
{
"pose": [
[
-0.9089096682534823,
-0.022857739163498675,
-0.4163661113919788,
-0.19808722027757739
],
[
-0.20044717939688692,
0.8995180252368342,
0.3881858453703048,
-1.2192255003837937
],
[
0.3656557714944159,
0.4362852805611936,
-0.8221623992487517,
0.6838481570258866
],
[
0.0,
0.0,
0.0,
1.0
]
],
"at_element": 2,
"to_element": 5
},
{
"pose": [
[
0.7116752322527682,
0.022857739163498092,
0.7021366587483535,
-0.1972643423201743
],
[
-0.2918516569871636,
-0.8995180252368344,
0.32509988094103137,
-1.251608123615235
],
[
0.6390156290043425,
-0.4362852805611934,
-0.6334936304761283,
0.6681418993796132
],
[
0.0,
0.0,
0.0,
1.0
]
],
"at_element": 5,
"to_element": 2
},
{
"pose": [
[
0.11242732931336985,
-0.902219129096577,
-0.41636611139197843,
-0.2565813964784321
],
[
-0.8753507573523797,
-0.2882235262027675,
0.38818584537030465,
-1.164690295388708
],
[
-0.47023520415434505,
0.32082369307059744,
-0.8221623992487523,
0.5683447312389136
],
[
0.0,
0.0,
0.0,
1.0
]
],
"at_element": 2,
"to_element": 6
},
{
"pose": [
[
-0.3626848519073398,
0.9022191290965771,
0.23336739551438018,
-0.2241015057969862
],
[
0.10453222823857322,
0.28822352620276914,
-0.9518404342129623,
-1.1543142477956352
],
[
-0.9260306212304374,
-0.3208236930705956,
-0.1988452828409928,
0.5567950775651049
],
[
0.0,
0.0,
0.0,
1.0
]
],
"at_element": 6,
"to_element": 2
},
{
"pose": [
[
-0.39629562002350416,
0.80709447761926,
0.4376622964646149,
0.11998467181645926
],
[
0.9113745405394037,
0.2881204896819405,
0.29390990163999187,
-1.2455898595197212
],
[
0.11111358335854987,
0.5153494810533263,
-0.8497462468121233,
0.5566088531427432
],
[
0.0,
0.0,
0.0,
1.0
]
],
"at_element": 1,
"to_element": 7
},
{
"pose": [
[
-0.5894041652213493,
-0.807094477619261,
-0.03465882594976427,
0.09092923675724292
],
[
0.4444130411249545,
-0.2881204896819418,
-0.8482238102667876,
-1.255962209237535
],
[
0.674610835147045,
-0.5153494810533235,
0.528502727978084,
0.5380562502012455
],
[
0.0,
0.0,
0.0,
1.0
]
],
"at_element": 7,
"to_element": 1
},
{
"pose": [
[
0.5321330283099603,
-0.47311579198264864,
0.7021366587483537,
0.07998496916763925
],
[
-0.8307288511167353,
-0.4518845464655734,
0.3250998809410306,
-1.123237503690126
],
[
0.16347481795047236,
-0.7562815639973213,
-0.6334936304761285,
0.41799732895579494
],
[
0.0,
0.0,
0.0,
1.0
]
],
"at_element": 5,
"to_element": 7
},
{
"pose": [
[
0.880318245386528,
0.47311579198264836,
-0.034658825949763855,
0.09701714297251741
],
[
-0.2762548178079403,
0.45188454646557186,
-0.8482238102667868,
-1.1069696549614105
],
[
-0.38564629192757227,
0.7562815639973223,
0.5285027279780852,
0.44522347372142956
],
[
0.0,
0.0,
0.0,
1.0
]
],
"at_element": 7,
"to_element": 5
},
{
"pose": [
[
0.8919273702466625,
-0.11365421443215845,
0.4376622964646168,
-0.07148611718142699
],
[
-0.2613746545575119,
-0.9194021207681158,
0.29390990163999714,
-1.37417109947547
],
[
0.3689835445650856,
-0.37654011721050445,
-0.8497462468121206,
0.9283602825882158
],
[
0.0,
0.0,
0.0,
1.0
]
],
"at_element": 1,
"to_element": 2
},
{
"pose": [
[
-0.9020653972002981,
0.11365421443215755,
-0.4163661113919787,
-0.06739457238667206
],
[
-0.0633363227637432,
0.9194021207681153,
0.38818584537030565,
-1.3410726791457874
],
[
0.4269268431390036,
0.3765401172105053,
-0.8221623992487517,
0.9419157038656968
],
[
0.0,
0.0,
0.0,
1.0
]
],
"at_element": 2,
"to_element": 1
},
{
"pose": [
[
0.047803120948261446,
-0.897867794210775,
0.4376622964646177,
-0.10190681969647943
],
[
-0.9513355554400796,
0.09261549909968725,
0.29390990163999364,
-1.394599968391624
],
[
-0.3044265471063928,
-0.4304135144783361,
-0.8497462468121209,
0.9874238071284059
],
[
0.0,
0.0,
0.0,
1.0
]
],
"at_element": 1,
"to_element": 18
},
{
"pose": [
[
0.43377447424447313,
0.897867794210774,
0.07532018064908069,
-0.06958357893469619
],
[
0.3533445261861539,
-0.09261549909968458,
-0.9308974246074584,
-1.3979341263767684
],
[
-0.8288470011456959,
0.43041351447833925,
-0.35743090975206826,
1.0029186937312131
],
[
0.0,
0.0,
0.0,
1.0
]
],
"at_element": 18,
"to_element": 1
},
{
"pose": [
[
-0.03432815583487536,
0.908548754333689,
-0.41636611139197977,
-0.03869508855954215
],
[
0.8969163295114011,
0.21178490812600137,
0.38818584537030315,
-1.367829740026368
],
[
0.44086582490908977,
-0.36011986016986514,
-0.8221623992487521,
0.9985861096334234
],
[
0.0,
0.0,
0.0,
1.0
]
],
"at_element": 2,
"to_element": 18
},
{
"pose": [
[
0.41093312276536287,
-0.9085487543336881,
0.07532018064908513,
-0.07140248368537035
],
[
-0.29761911489228104,
-0.21178490812599815,
-0.9308974246074581,
-1.3754539127949987
],
[
0.8617173730783443,
0.3601198601698693,
-0.3574309097520687,
1.0115502818950122
],
[
0.0,
0.0,
0.0,
1.0
]
],
"at_element": 18,
"to_element": 2
},
{
"pose": [
[
-0.045182239354585096,
0.9983773490172386,
-0.03465882594976599,
0.10646874790274138
],
[
-0.5269498552872586,
-0.05329369295919206,
-0.8482238102667885,
-0.8756555198931546
],
[
-0.8486945358959503,
-0.02006118790307665,
0.5285027279780825,
0.30109859780570447
],
[
0.0,
0.0,
0.0,
1.0
]
],
"at_element": 7,
"to_element": 9
},
{
"pose": [
[
-0.011845990607106005,
-0.9983773490172384,
-0.05569866673312179,
0.07052719202917355
],
[
-0.5389614590812447,
0.05329369295919195,
-0.8406428063784206,
-0.873736948478161
],
[
0.8422471241456106,
0.020061187903073152,
-0.5387182293262085,
0.3018207999937031
],
[
0.0,
0.0,
0.0,
1.0
]
],
"at_element": 9,
"to_element": 7
},
{
"pose": [
[
0.2546227964330843,
-0.9643177938411159,
0.07251499167757736,
0.026341931511048505
],
[
-0.07547160687300669,
-0.09457360657588754,
-0.9926529451400603,
-1.0200666731096604
],
[
0.9640909024011182,
0.2472792458348097,
-0.09685920961253669,
0.21913063000279637
],
[
0.0,
0.0,
0.0,
1.0
]
],
"at_element": 8,
"to_element": 9
},
{
"pose": [
[
-0.25882204505327433,
0.9643177938411145,
-0.05569866673311652,
0.061057371971185936
],
[
0.5332686987096136,
0.09457360657588731,
-0.8406428063784194,
-1.016662023284515
],
[
-0.8053791926608213,
-0.24727924583481575,
-0.5387182293262116,
0.2102285771830384
],
[
0.0,
0.0,
0.0,
1.0
]
],
"at_element": 9,
"to_element": 8
},
{
"pose": [
[
0.583288465520383,
0.8090217190983677,
0.07251499167757514,
-0.022390690269350796
],
[
0.12098378700356316,
0.0017475088097440583,
-0.9926529451400607,
-0.35296902315337714
],
[
-0.8032045127320646,
0.58777615147272,
-0.09685920961253447,
0.2842234214214804
],
[
0.0,
0.0,
0.0,
1.0
]
],
"at_element": 8,
"to_element": 12
},
{
"pose": [
[
0.15106574887388846,
-0.8090217190983674,
0.568034327786881,
-0.051515461071053266
],
[
-0.9670223251891695,
-0.0017475088097431701,
0.254685627389321,
-0.3530319334465822
],
[
-0.20505355910811066,
-0.5877761514727204,
-0.78260605265805,
0.263063488022624
],
[
0.0,
0.0,
0.0,
1.0
]
],
"at_element": 12,
"to_element": 8
},
{
"pose": [
[
0.3634081297358307,
-0.9288035891532217,
0.07251499167757525,
-0.02880337901085473
],
[
-0.0641415409857149,
-0.10259626321041804,
-0.9926529451400607,
-0.265186149319181
],
[
0.9294193854024583,
0.3560869269593477,
-0.09685920961253358,
0.29278893247821464
],
[
0.0,
0.0,
0.0,
1.0
]
],
"at_element": 8,
"to_element": 13
},
{
"pose": [
[
0.11189968598976685,
0.9288035891532226,
-0.3532737650201093,
0.0046335382760714985
],
[
0.8384050805276927,
0.10259626321041704,
0.5353045186812941,
-0.26149268516058316
],
[
0.5334373264224623,
-0.3560869269593461,
-0.7672331583214484,
0.2799698076785889
],
[
0.0,
0.0,
0.0,
1.0
]
],
"at_element": 13,
"to_element": 8
},
{
"pose": [
[
0.08734127842698114,
0.9946201081854785,
-0.055698666733121016,
0.09383983170883183
],
[
0.5333851734425948,
-0.09391447617819648,
-0.8406428063784211,
-0.5218864645464949
],
[
-0.8413511501355146,
0.04371397439356939,
-0.538718229326208,
0.5273009542911392
],
[
0.0,
0.0,
0.0,
1.0
]
],
"at_element": 9,
"to_element": 10
},
{
"pose": [
[
-0.07632201824084861,
-0.9946201081854786,
0.07004134439565299,
0.05803351579557228
],
[
-0.9496894788807753,
0.09391447617819737,
0.29878079735373964,
-0.5185055441577049
],
[
-0.30375128515745453,
-0.04371397439356928,
-0.9517479945909599,
0.5257272515637574
],
[
0.0,
0.0,
0.0,
1.0
]
],
"at_element": 10,
"to_element": 9
},
{
"pose": [
[
0.35427187084304723,
-0.9334822441019004,
-0.055698666733120294,
0.09799371295945358
],
[
-0.5210884556650452,
-0.14760248458894365,
-0.8406428063784219,
-0.459193215377409
],
[
0.7765038717881486,
0.3268400319569967,
-0.5387182293262072,
0.5674773477924155
],
[
0.0,
0.0,
0.0,
1.0
]
],
"at_element": 9,
"to_element": 13
},
{
"pose": [
[
0.0617134255652505,
0.9334822441019005,
-0.3532737650201079,
0.13159907159082165
],
[
0.8316625390280364,
0.1476024845889431,
0.5353045186812929,
-0.45387952627316186
],
[
0.5518413488335594,
-0.32684003195699707,
-0.7672331583214502,
0.5557111073969488
],
[
0.0,
0.0,
0.0,
1.0
]
],
"at_element": 13,
"to_element": 9
},
{
"pose": [
[
0.2520714544308542,
-0.9533745345773095,
0.16594269697884373,
-0.2079025542706121
],
[
-0.5401102463975631,
0.0036803089637251762,
0.8415862267541547,
-0.4488154510400615
],
[
-0.8029575976335723,
-0.301767215160014,
-0.5139996539464717,
0.4299705004459207
],
[
0.0,
0.0,
0.0,
1.0
]
],
"at_element": 3,
"to_element": 11
},
{
"pose": [
[
-0.08740741983819378,
0.9533745345773091,
0.2888545304763787,
-0.173581075596329
],
[
0.9537000861324515,
-0.0036803089637262865,
0.30073676369357677,
-0.44894794214511213
],
[
0.287777846034375,
0.3017672151600153,
-0.908911689432139,
0.4408341187450021
],
[
0.0,
0.0,
0.0,
1.0
]
],
"at_element": 11,
"to_element": 3
},
{
"pose": [
[
0.6399132514207484,
-0.7503159680931183,
0.1659426969788445,
-0.2015262054009809
],
[
-0.4884805685242445,
-0.23047636996432574,
0.8415862267541561,
-0.41647749653311966
],
[
-0.593209714039105,
-0.6196019616758437,
-0.5139996539464684,
0.41022006145642853
],
[
0.0,
0.0,
0.0,
1.0
]
],
"at_element": 3,
"to_element": 12
},
{
"pose": [
[
-0.3381759164698037,
0.7503159680931186,
0.5680343277868825,
-0.17451508689228323
],
[
0.9391570018316295,
0.23047636996432364,
0.25468562738932343,
-0.408180425955797
],
[
0.060176203190577926,
0.6196019616758447,
-0.7826060526580485,
0.43252552039205766
],
[
0.0,
0.0,
0.0,
1.0
]
],
"at_element": 12,
"to_element": 3
},
{
"pose": [
[
0.9572894554068038,
-0.012647481576005523,
0.28885453047637955,
-0.16133550105794847
],
[
-0.10327100751021541,
-0.9480994135484673,
0.30073676369356356,
-0.43619863733009845
],
[
0.27005924826743133,
-0.31772243112320203,
-0.9089116894321432,
0.40230210810493794
],
[
0.0,
0.0,
0.0,
1.0
]
],
"at_element": 11,
"to_element": 12
},
{
"pose": [
[
-0.8229076762708505,
0.012647481576003455,
0.5680343277868815,
-0.16088019150326655
],
[
0.19037524321814275,
0.9480994135484672,
0.2546856273893083,
-0.40206704210438593
],
[
-0.535331881270061,
0.31772243112320103,
-0.7826060526580538,
0.41374012110047237
],
[
0.0,
0.0,
0.0,
1.0
]
],
"at_element": 12,
"to_element": 11
},
{
"pose": [
[
-0.3675021809131389,
0.9240100656705341,
0.10558193767696006,
-0.2865506865111809
],
[
-0.648665772201114,
-0.3360198736580764,
0.6828787304357509,
-0.6132940699942061
],
[
0.6664644499137362,
0.18247203360061887,
0.7228617391692796,
0.9075439623503931
],
[
0.0,
0.0,
0.0,
1.0
]
],
"at_element": 4,
"to_element": 11
},
{
"pose": [
[
-0.2505363421997,
-0.9240100656705343,
0.2888545304763793,
-0.31981505052000425
],
[
-0.8925514234316834,
0.3360198736580762,
0.30073676369357716,
-0.6011973539444195
],
[
-0.3749446596062821,
-0.1824720336006185,
-0.9089116894321383,
0.9009749688159813
],
[
0.0,
0.0,
0.0,
1.0
]
],
"at_element": 11,
"to_element": 4
},
{
"pose": [
[
-0.28249194921625764,
-0.9534415310150786,
0.10558193767696439,
-0.29684675810664785
],
[
0.7175731561252299,
-0.13698687939703436,
0.6828787304357479,
-0.679886599495797
],
[
-0.636621602081233,
0.26867050788779445,
0.7228617391692818,
0.8370523954795304
],
[
0.0,
0.0,
0.0,
1.0
]
],
"at_element": 4,
"to_element": 14
},
{
"pose": [
[
-0.08078391876812119,
0.9534415310150779,
-0.2905567163293424,
-0.2625228839536364
],
[
0.9743360034807682,
0.1369868793970337,
0.17861676067543858,
-0.6749550748494648
],
[
0.21010309562114965,
-0.26867050788779717,
-0.9400387478193244,
0.8273802631028879
],
[
0.0,
0.0,
0.0,
1.0
]
],
"at_element": 14,
"to_element": 4
},
{
"pose": [
[
0.07070619430041503,
0.9835973034768549,
0.16594269697884273,
-0.2857902064063125
],
[
0.5097306354491401,
-0.17862615212314648,
0.8415862267541543,
-0.8438263582087063
],
[
0.857423648712915,
0.025080717109737083,
-0.5139996539464726,
0.6712238184485653
],
[
0.0,
0.0,
0.0,
1.0
]
],
"at_element": 3,
"to_element": 4
},
{
"pose": [
[
0.14624909924316964,
-0.9835973034768548,
0.10558193767696028,
-0.32119973204063823
],
[
0.7083567867227198,
0.17862615212314603,
0.6828787304357503,
-0.8373958126081771
],
[
-0.6905373731192432,
-0.025080717109737694,
0.7228617391692802,
0.6703209120535546
],
[
0.0,
0.0,
0.0,
1.0
]
],
"at_element": 4,
"to_element": 3
},
{
"pose": [
[
-0.4565093432524612,
0.8741065386110518,
0.1659426969788435,
-0.27774246197696933
],
[
0.5275720512868229,
0.11575989650443841,
0.8415862267541546,
-0.8030118421650375
],
[
0.7164265141828716,
0.47173870470705215,
-0.5139996539464713,
0.6462963107784964
],
[
0.0,
0.0,
0.0,
1.0
]
],
"at_element": 3,
"to_element": 6
},
{
"pose": [
[
-0.4260016641613529,
-0.874106538611051,
0.23336739551438085,
-0.3092103108361237
],
[
-0.2839003947840911,
-0.11575989650443885,
-0.9518404342129615,
-0.807179200222948
],
[
0.8590245328121866,
-0.4717387047070539,
-0.19884528284099612,
0.6293137101399944
],
[
0.0,
0.0,
0.0,
1.0
]
],
"at_element": 6,
"to_element": 3
},
{
"pose": [
[
-0.4921755195319837,
-0.8640692752376977,
0.10558193767696034,
-0.32674100008808316
],
[
0.6675296233533938,
-0.296784166464676,
0.6828787304357513,
-0.8732354095364032
],
[
-0.5587194823156768,
0.4065752650199803,
0.7228617391692791,
0.6323828826319439
],
[
0.0,
0.0,
0.0,
1.0
]
],
"at_element": 4,
"to_element": 6
},
{
"pose": [
[
-0.4460089083202652,
0.8640692752376975,
0.23336739551438068,
-0.29563449183893603
],
[
0.07693468875057025,
0.29678416646467665,
-0.9518404342129619,
-0.8625511746180744
],
[
-0.8917158220900974,
-0.4065752650199802,
-0.19884528284099345,
0.6177461663434679
],
[
0.0,
0.0,
0.0,
1.0
]
],
"at_element": 6,
"to_element": 4
},
{
"pose": [
[
0.9381534501897063,
0.18826815581255618,
-0.2905567163293412,
-0.16962739221170905
],
[
0.24647624478545666,
-0.9525468563605008,
0.1786167606754393,
-0.7320616254255925
],
[
-0.2431410386043661,
-0.23918525862742163,
-0.9400387478193246,
1.12792524047715
],
[
0.0,
0.0,
0.0,
1.0
]
],
"at_element": 14,
"to_element": 15
},
{
"pose": [
[
0.768953462807849,
-0.18826815581255635,
-0.6109547229891564,
-0.17640504636518287
],
[
-0.008534171441768282,
0.9525468563605008,
-0.30427233583671387,
-0.6977699358431124
],
[
0.6392477922946785,
0.23918525862742146,
0.7308574909664081,
1.1365359104791437
],
[
0.0,
0.0,
0.0,
1.0
]
],
"at_element": 15,
"to_element": 14
},
{
"pose": [
[
-0.2876291228202281,
0.912604121348122,
-0.29055671632933966,
-0.19495790344185343
],
[
0.9206827631628729,
0.3470436606834779,
0.1786167606754422,
-0.7164899535009523
],
[
0.26384225840536457,
-0.21613517825155942,
-0.9400387478193242,
1.045973384883428
],
[
0.0,
0.0,
0.0,
1.0
]
],
"at_element": 14,
"to_element": 17
},
{
"pose": [
[
-0.18899829342181063,
-0.9126041213481224,
-0.36253739501196963,
-0.2278116470236684
],
[
-0.11066925979628467,
-0.34704366068347925,
0.9312964149590359,
-0.7289835234652722
],
[
-0.9757212511879536,
0.21613517825155615,
-0.035406562984599876,
1.0537542501668293
],
[
0.0,
0.0,
0.0,
1.0
]
],
"at_element": 17,
"to_element": 14
},
{
"pose": [
[
0.9893679378559839,
0.1274570265534522,
0.07004134439565399,
0.03176984515861799
],
[
0.10109842558743448,
-0.9489516022834918,
0.29878079735373875,
-0.6305405218134462
],
[
0.1045475580123228,
-0.28852307170440716,
-0.9517479945909599,
0.8826078350962135
],
[
0.0,
0.0,
0.0,
1.0
]
],
"at_element": 10,
"to_element": 15
},
{
"pose": [
[
0.7813379760637491,
-0.12745702655345229,
-0.6109547229891564,
0.027181392098924492
],
[
-0.08312161071625182,
0.9489516022834915,
-0.30427233583671387,
-0.596378263358651
],
[
0.6185481104914478,
0.2885230717044075,
0.7308574909664081,
0.8929946659124735
],
[
0.0,
0.0,
0.0,
1.0
]
],
"at_element": 15,
"to_element": 10
},
{
"pose": [
[
0.06089557997457418,
0.995683653785081,
0.07004134439565826,
0.04031846253281053
],
[
0.9510311172766935,
-0.07918237874748879,
0.2987807973537342,
-0.5940740213861392
],
[
0.3030371962499062,
0.04841706807604321,
-0.9517479945909608,
0.7664460236316406
],
[
0.0,
0.0,
0.0,
1.0
]
],
"at_element": 10,
"to_element": 16
},
{
"pose": [
[
-0.0017263961630393787,
-0.9956836537850812,
0.0927959112325501,
0.004473848203924862
],
[
-0.5373790302285583,
0.07918237874748812,
0.8396153457188023,
-0.5912234555291445
],
[
-0.8433390761887551,
-0.04841706807604523,
-0.5351962164403044,
0.7647030090451061
],
[
0.0,
0.0,
0.0,
1.0
]
],
"at_element": 16,
"to_element": 10
},
{
"pose": [
[
-0.6762699039348767,
0.7307858344894447,
0.09279591123254738,
-0.05197926133570965
],
[
0.44765876948249894,
0.30764865892590765,
0.8396153457188033,
-1.1020099379662804
],
[
0.5850304634267585,
0.6093474926268726,
-0.535196216440303,
1.0902937622431321
],
[
0.0,
0.0,
0.0,
1.0
]
],
"at_element": 16,
"to_element": 17
},
{
"pose": [
[
0.5783759169670708,
-0.7307858344894449,
-0.3625373950119707,
-0.07828755181987464
],
[
0.19503663795691883,
-0.3076486589259082,
0.9312964149590355,
-1.1130852898739172
],
[
-0.7921123711487922,
-0.609347492626872,
-0.03540656298459921,
1.0683572521395597
],
[
0.0,
0.0,
0.0,
1.0
]
],
"at_element": 17,
"to_element": 16
},
{
"pose": [
[
-0.15937108874375672,
0.9828477882821686,
0.09279591123254882,
-0.055524019836535744
],
[
0.5431102430902474,
0.008794036840107156,
0.8396153457188043,
-1.1340828342246327
],
[
0.8243980348855047,
0.18420882168046226,
-0.5351962164403012,
1.1107379963978294
],
[
0.0,
0.0,
0.0,
1.0
]
],
"at_element": 16,
"to_element": 18
},
{
"pose": [
[
-0.16833625710416644,
-0.9828477882821681,
0.07532018064908175,
-0.09090653161081695
],
[
-0.3651748208396285,
-0.008794036840106934,
-0.9308974246074591,
-1.1343994194738933
],
[
0.9155928433364391,
-0.18420882168046449,
-0.35743090975206604,
1.104106480429902
],
[
0.0,
0.0,
0.0,
1.0
]
],
"at_element": 18,
"to_element": 16
},
{
"pose": [
[
0.5175510805811075,
0.7750532344344232,
-0.3625373950119726,
-0.060141434362850785
],
[
0.23277733456400768,
0.28018154828204744,
0.9312964149590348,
-1.1596995546798798
],
[
0.8233805872757773,
-0.5663839543940259,
-0.035406562984596546,
1.070129460081438
],
[
0.0,
0.0,
0.0,
1.0
]
],
"at_element": 17,
"to_element": 18
},
{
"pose": [
[
0.6273909101825824,
-0.7750532344344226,
0.0753201806490843,
-0.08804334787236784
],
[
-0.23436784092847784,
-0.280181548282048,
-0.9308974246074583,
-1.1697860893587952
],
[
0.7425983846998285,
0.5663839543940264,
-0.3574309097520685,
1.0905192802983839
],
[
0.0,
0.0,
0.0,
1.0
]
],
"at_element": 18,
"to_element": 17
}
],
"nstatus": 0,
"opt_line_pos": [
[
0.8898636075212494,
1.140140202078328,
-1.8920041344062783
],
[
-0.07288447266313369,
-1.3751101580267915,
0.9310752693071722
],
[
-0.07288447266313369,
-1.335954343331443,
0.9310752693071722
],
[
-0.28487950274595536,
-0.8392076815741518,
0.6684029569415897
],
[
-0.32147987055970195,
-0.8392076815741518,
0.6684029569415897
],
[
-0.19744427590617875,
-1.2516914355840072,
0.6683042421076595
],
[
-0.3013577307118178,
-0.8392076815741518,
0.6226227646786223
],
[
0.10736068517525155,
-0.853826666460435,
0.2874976961943745
],
[
-0.024059441714594246,
-0.33012559452564005,
0.2864523942488473
],
[
0.09786113124427284,
-0.46119423033272255,
0.566195015718195
],
[
0.031374502809160196,
-0.6322269643484646,
0.8879798948634827
],
[
-0.30135178901211696,
-0.5819745932560103,
0.842878340793962
],
[
-0.2200567539838687,
-0.428599628613436,
0.49527029226680397
],
[
0.13642640435740228,
-0.46119423033272255,
0.566195015718195
],
[
-0.17604290472155526,
-0.7281177549239635,
1.1071691195291862
],
[
0.03137345155642406,
-0.5942905019008802,
0.8879798948634827
],
[
-0.05481959706712422,
-1.127709232637926,
1.106675269969952
],
[
-0.0725947068466648,
-1.127709232637926,
1.0689132336103784
],
[
-0.09144784375514227,
-1.127709232637926,
1.106675269969952
]
],
"opt_line_orient": [
[
0.7071762372750445,
-0.707037311750935,
9.604957666983846e-05
],
[
0.4376622964646167,
0.29390990163999486,
-0.8497462468121212
],
[
-0.4163661113919789,
0.38818584537030426,
-0.8221623992487522
],
[
0.16594269697884273,
0.841586226754154,
-0.5139996539464726
],
[
0.1055819376769598,
0.6828787304357509,
0.7228617391692798
],
[
0.7021366587483536,
0.3250998809410309,
-0.6334936304761284
],
[
0.23336739551438157,
-0.9518404342129616,
-0.1988452828409945
],
[
-0.034658825949764174,
-0.8482238102667876,
0.5285027279780841
],
[
0.07251499167757548,
-0.9926529451400607,
-0.09685920961253383
],
[
-0.055698666733120086,
-0.8406428063784217,
-0.5387182293262074
],
[
0.07004134439565399,
0.29878079735373875,
-0.9517479945909597
],
[
0.2888545304763792,
0.30073676369357727,
-0.9089116894321385
],
[
0.568034327786881,
0.2546856273893211,
-0.7826060526580497
],
[
-0.35327376502010793,
0.5353045186812928,
-0.7672331583214499
],
[
-0.2905567163293413,
0.17861676067543988,
-0.9400387478193245
],
[
-0.6109547229891563,
-0.30427233583671426,
0.730857490966408
],
[
0.09279591123254764,
0.8396153457188037,
-0.5351962164403025
],
[
-0.3625373950119706,
0.9312964149590355,
-0.03540656298459938
],
[
0.0753201806490826,
-0.9308974246074595,
-0.3574309097520652
]
],
"opt_edge_ids": [
[
14,
12
],
[
2,
1
],
[
2,
0
],
[
8,
6
],
[
8,
7
],
[
0,
1
],
[
8,
0
],
[
3,
1
],
[
4,
3
],
[
5,
3
],
[
10,
5
],
[
7,
6
],
[
6,
4
],
[
5,
4
],
[
9,
7
],
[
10,
9
],
[
11,
10
],
[
11,
9
],
[
11,
2
]
]
}