{
"line_pt_pairs": [
[
[
0.5173612418923184,
1.2751048246963672,
-1.983939862383455
],
[
1.0873211943200238,
0.45482991393310346,
-1.9360365910867283
]
],
[
[
1.323580220650885,
1.385826896125789,
-1.9637306150228477
],
[
0.9183709977930157,
0.5211511461550398,
-2.2606166758668085
]
],
[
[
1.4291253185899482,
1.3842962389487352,
-2.01447978324636
],
[
0.46320276633711943,
1.1254683825299538,
-2.0131517052968766
]
],
[
[
0.061096323953672885,
0.5039165502512056,
-0.9055059304672569
],
[
0.8498036496499057,
-0.11080125345632985,
-0.8975827872727802
]
],
[
[
-0.15063147934532153,
-0.07834039750833077,
-0.3888856832133415
],
[
0.4794969498303479,
-0.7788622411078847,
-0.7238592782689603
]
],
[
[
0.13243466734390935,
0.09621431481421452,
0.2507106387101261
],
[
-0.19649683904874055,
-0.8451254035967035,
0.3261002841816084
]
],
[
[
-0.029511308105225148,
-0.8286655595615363,
0.9726928506771431
],
[
-0.17399346516889802,
-1.8181728818465832,
0.9730995870838834
]
],
[
[
0.42180674287003034,
-0.8550456332104028,
0.9446824267577149
],
[
-0.43075128630251475,
-1.3775063353439767,
0.9312801277191618
]
],
[
[
-0.5650586998779589,
-0.9556720789888442,
1.0075098495370862
],
[
-0.03548750442700288,
-1.7992099141952385,
0.9180768046154462
]
],
[
[
-0.007033925721707246,
-1.1731289129032534,
1.5096446224401239
],
[
-0.6868874719082908,
-2.4820809617605653,
1.2368009134604725
]
],
[
[
-0.02300751650158367,
-1.2803267862437855,
1.5313909601161022
],
[
-0.9007748107179536,
-1.711181267767771,
1.3218939602455302
]
],
[
[
-1.000011963781822,
-1.483583810929363,
1.3132150232428874
],
[
-0.22491023761179307,
-2.115395735945918,
1.3076467654258916
]
],
[
[
-0.8090777682432332,
0.1726977349881041,
0.6587902964777265
],
[
-1.2749736064545727,
-0.688485170370266,
0.862026787925178
]
],
[
[
-0.7609487588876952,
-0.9675595982667,
0.9418089871047141
],
[
-1.6884520388032893,
0.19065392256393499,
0.7220839181869433
]
],
[
[
-1.3578574870587723,
-0.2086435263604729,
1.3599413384358383
],
[
-1.7098243807668698,
-1.1445774517861707,
1.3478172726690558
]
],
[
[
-1.3635491912920366,
-0.8724144549650104,
1.341103504823811
],
[
-2.7003607532070113,
-0.21116999019735816,
1.18082061196064
]
],
[
[
1.0831876043401605,
0.6070978233343239,
-2.0788370866637953
],
[
0.4784634591865339,
0.25044291423547427,
-1.3667233428813106
]
],
[
[
0.7726273703284907,
0.2460137726630942,
-1.6220092682569789
],
[
0.19759098149145027,
-0.07959140011959626,
-0.871466515996716
]
],
[
[
0.8329637069626344,
0.03195833062059294,
-1.0049856225286924
],
[
0.26937922092164535,
-0.11820933909968317,
-0.19269121896265984
]
],
[
[
0.4039997776544981,
-0.05259795576118846,
-0.3221340455813883
],
[
0.05321443491789252,
-0.8574149299477491,
0.15663445942113496
]
],
[
[
0.3337705255213824,
-0.5857782376194743,
0.10384823936284224
],
[
-0.38627325632184195,
-1.514273655962827,
1.0362822640231986
]
],
[
[
-0.11034192653490772,
-1.6388777511186208,
0.8812871299668764
],
[
-0.6104897286257083,
-2.4027987037313654,
1.289057842773692
]
],
[
[
0.7688420488918819,
1.1766708197601292,
-2.0343423305070827
],
[
0.12086602807953739,
0.6758425737072766,
-1.4604972778946002
]
],
[
[
0.417100917224783,
0.7952483964272459,
-1.3230066399954261
],
[
-0.07801505075509252,
0.14399874192842144,
-0.7479118080185488
]
],
[
[
0.1814241095889128,
0.43946738238505373,
-1.122623438196603
],
[
-0.16768533207346184,
-0.14214271628627978,
0.21523017519527565
]
],
[
[
0.13311267923954317,
0.05098385533710128,
-0.10830297283527307
],
[
-0.6443205131356784,
-0.2321960595479784,
0.4533078952922508
]
],
[
[
-0.6506115729496079,
0.1724233344247765,
0.31071622094168466
],
[
-1.4627513898579205,
-0.17956392275356353,
0.7760482406611551
]
],
[
[
-1.4579137520360708,
0.08037714889286196,
0.7040436913250103
],
[
-1.9920972928134146,
-0.4258721766663232,
1.381066264902472
]
],
[
[
-0.5587649063582689,
0.3032671159600876,
0.7724136827898954
],
[
-1.4216459435854643,
-0.14296839855469023,
0.5351160191278799
]
],
[
[
-1.2192995704223712,
-0.36576420263248766,
1.4218514773197233
],
[
-2.7033474585850037,
-0.3045792953622458,
1.2124278092151803
]
],
[
[
0.045452284752699246,
0.17355054744358103,
0.1361039000849317
],
[
-0.9279480592681448,
0.12003631579281282,
0.3588773214594989
]
],
[
[
-0.313586247049089,
0.23081397193233114,
0.38936268564254656
],
[
0.27079127620311194,
-0.5366526062393303,
0.12573802498443407
]
],
[
[
-0.8388435578914353,
-1.86944900843417,
1.4055215478566057
],
[
-0.745314089026967,
-0.5700723687184226,
0.6619675238509901
]
],
[
[
-0.5249738188146932,
-1.3106518041367723,
1.1061853911755208
],
[
-0.19809680145865544,
-0.20333172335403682,
0.14858753496460764
]
],
[
[
-0.4222022131923728,
-0.3924693546645878,
0.1653047146697713
],
[
-0.9471869397802688,
-0.8120268545550392,
0.9058197659247111
]
],
[
[
-1.7248568711077668,
-1.0379336473133873,
1.3612176287259254
],
[
-1.1065559531558185,
-0.49446649776473817,
0.7934611384757086
]
],
[
[
0.9842925210488935,
0.9983835346299963,
-1.43257063546774
],
[
0.9037269364934423,
0.5506590095211825,
-2.3231052705052133
]
],
[
[
0.6403042884232587,
0.619560056416032,
-0.6360372051657539
],
[
0.5393329862141044,
0.30082519370789346,
-1.5784876725244432
]
],
[
[
0.512600077251496,
0.47836480970767126,
-0.18510078218266954
],
[
0.7104166140763528,
-0.0944884521525598,
-0.9805300739080332
]
],
[
[
0.2946787380894275,
-0.26123668044929443,
0.2231985548925323
],
[
0.16325277178836445,
-0.4370115169593122,
-0.7524194145154264
]
],
[
[
0.3324369923315733,
-0.9522022088198114,
1.1801947926233702
],
[
0.18462877994556118,
-0.5205697024917477,
-0.2487370153479571
]
],
[
[
-0.3850161835412943,
-1.4345832386602124,
1.6433174673972004
],
[
-0.24585552256544924,
-1.2789984821473717,
0.6653462541308763
]
],
[
[
1.15695426845599,
0.8453829717858917,
-1.4923111882807878
],
[
0.6426550634751773,
0.8109003397423284,
-2.349228498085796
]
],
[
[
0.86813687121208,
0.5469694749492005,
-0.42909721990120014
],
[
0.01275660256024247,
0.6649101738672217,
-1.6556430150266164
]
],
[
[
0.31325317119409934,
0.20471317431643807,
-0.2789607645203346
],
[
-0.0760224341700727,
0.2932340200946078,
-1.19581874857843
]
],
[
[
-0.20699545340570868,
0.12115085661156208,
0.45484496713834355
],
[
-0.017720825997892375,
0.14043561468754226,
-0.5268898308216673
]
],
[
[
-0.8067842253141977,
0.128255774429893,
1.0674196613298326
],
[
-0.7442053033808325,
0.1777555162415508,
0.07060791677109346
]
],
[
[
-1.4999593074042994,
-0.3084706547822066,
1.5841503663477692
],
[
-1.2451976575351362,
-0.366776779240062,
0.6189058907838597
]
],
[
[
0.862148438194167,
0.6522108376982262,
-0.9140186959209556
],
[
-0.07882344266730845,
0.3156901581228845,
-0.9504295685576759
]
],
[
[
0.6456517138920079,
0.7098728036328128,
-0.6950050088275598
],
[
0.25490943565092566,
-0.16034821295769586,
-0.9950647600091378
]
],
[
[
1.0596108888524949,
0.9089371856858794,
-1.3142259377427632
],
[
0.22258813851758985,
0.40101816716361205,
-1.517723323586336
]
],
[
[
0.9480061363975206,
1.0231760905831315,
-1.5064223705402076
],
[
0.842243599564001,
0.028920108874423422,
-1.4900111353949892
]
],
[
[
-0.006376411204983055,
-0.8832006217906787,
0.9540196834078177
],
[
-0.4394405718960804,
-0.4369879600437906,
0.17085323033307542
]
],
[
[
-0.9409985160696863,
0.1895596456305179,
1.2035206785967705
],
[
-0.15530766643349936,
-0.4235881875710163,
0.0824766904151154
]
],
[
[
-0.7927276855808948,
-0.6639924496433107,
0.7596208190990943
],
[
-0.30488667026695754,
-1.4353686029918618,
1.168264886500861
]
],
[
[
-1.0421885941338003,
-0.7698773797054749,
0.7402386665036347
],
[
-1.8136777992429742,
-0.4557701647343123,
1.2935388236544123
]
],
[
[
1.2629340881098763,
1.2221943964181974,
-2.307553813392063
],
[
0.8024175962605976,
0.6012264454761288,
-1.673264159812847
]
],
[
[
0.727395535771455,
0.485757563618061,
-0.4649913174314995
],
[
0.9459451153358174,
0.9012725172893254,
-1.8896257984643743
]
],
[
[
0.6161004082167684,
0.7437381652706939,
-1.0274589161458518
],
[
0.05066093667403615,
0.14280129561220134,
-0.4625225633533204
]
],
[
[
0.5897984455068161,
0.2546440796008335,
-0.2470312369188798
],
[
-0.34355728354134324,
0.04102584677218851,
0.041437710554060286
]
],
[
[
-0.6978909972491812,
-0.13159509240308115,
0.7556126480937425
],
[
-0.03304136977094185,
0.24349562166767763,
0.10963901932865527
]
],
[
[
-0.8999829047500417,
-0.10489024193783278,
0.7244922610563284
],
[
-1.63735238516069,
-0.5765278694919697,
1.2080666582632482
]
],
[
[
0.6116767947537519,
0.563214350542803,
-0.40382172129059424
],
[
-0.1532152940393562,
-0.46523592928064994,
0.3754279912103332
]
],
[
[
0.3450965899105984,
-0.2578734847661657,
-0.05174493624684598
],
[
-0.2711271843108176,
-1.030530586266389,
1.0766473995945434
]
],
[
[
-0.21366890247711168,
-0.8321457731217493,
0.927776286335682
],
[
-0.14551027575016748,
-1.6457615800663477,
1.5051701902631371
]
],
[
[
-0.1294216914393012,
-0.44288635228563683,
0.3490852095752111
],
[
-0.7774053571219691,
0.26486247672811136,
0.06764469358982428
]
],
[
[
-0.41007018194989686,
-0.14679468459429276,
0.4370182097924903
],
[
0.16556963060119045,
-0.9000815791329819,
0.11890241213005581
]
],
[
[
0.29797974145284023,
0.6631567426303436,
-1.4002384041794422
],
[
0.9753251561599168,
-0.055533861902441695,
-1.5573593898293487
]
]
],
"contact_id_pairs": [
[
1,
2
],
[
1,
56
],
[
0,
16
],
[
0,
36
],
[
1,
36
],
[
0,
2
],
[
0,
22
],
[
0,
42
],
[
2,
22
],
[
3,
48
],
[
3,
18
],
[
3,
38
],
[
3,
49
],
[
17,
49
],
[
18,
38
],
[
4,
39
],
[
18,
19
],
[
19,
39
],
[
5,
31
],
[
5,
62
],
[
31,
62
],
[
31,
63
],
[
39,
63
],
[
5,
66
],
[
19,
40
],
[
19,
66
],
[
20,
40
],
[
6,
7
],
[
6,
52
],
[
7,
40
],
[
52,
63
],
[
63,
64
],
[
6,
8
],
[
6,
21
],
[
8,
20
],
[
8,
21
],
[
8,
41
],
[
20,
41
],
[
7,
8
],
[
8,
33
],
[
8,
54
],
[
32,
54
],
[
33,
54
],
[
9,
10
],
[
9,
64
],
[
10,
41
],
[
41,
54
],
[
9,
11
],
[
9,
21
],
[
10,
11
],
[
10,
32
],
[
11,
32
],
[
12,
28
],
[
12,
46
],
[
12,
61
],
[
28,
46
],
[
46,
53
],
[
53,
60
],
[
12,
13
],
[
12,
35
],
[
12,
55
],
[
13,
34
],
[
13,
35
],
[
35,
55
],
[
13,
26
],
[
13,
27
],
[
13,
47
],
[
26,
28
],
[
14,
29
],
[
14,
47
],
[
29,
47
],
[
14,
15
],
[
14,
35
],
[
15,
29
],
[
27,
29
],
[
16,
37
],
[
16,
67
],
[
17,
67
],
[
37,
67
],
[
51,
67
],
[
22,
43
],
[
23,
43
],
[
23,
24
],
[
23,
44
],
[
24,
44
],
[
24,
25
],
[
24,
45
],
[
25,
65
],
[
26,
30
],
[
26,
46
],
[
30,
46
],
[
46,
65
],
[
30,
45
],
[
30,
60
],
[
31,
45
],
[
31,
60
],
[
45,
59
],
[
45,
60
],
[
33,
52
],
[
33,
53
],
[
33,
65
],
[
33,
66
],
[
34,
52
],
[
53,
65
],
[
53,
66
],
[
65,
66
],
[
36,
51
],
[
36,
57
],
[
50,
57
],
[
51,
57
],
[
37,
48
],
[
37,
49
],
[
38,
62
],
[
59,
62
],
[
42,
56
],
[
43,
57
],
[
43,
58
],
[
44,
58
],
[
50,
67
],
[
55,
61
]
],
"contact_t_pairs": [
[
0.058036023058526044,
0.1373006591675234
],
[
0.4422122562394052,
0.32522954916313424
],
[
0.8630944066208828,
0.15596203423176278
],
[
0.6855657941359586,
0.5957895346064427
],
[
0.9419639769414732,
0.916676835963407
],
[
0.1369055933791167,
0.8626993408324766
],
[
0.2326052909339001,
0.15862460606146223
],
[
0.5688541632248212,
0.5614003725353021
],
[
0.6959713091642621,
0.00591833043422412
],
[
0.15467634162912666,
0.7205209240555478
],
[
0.8453236583708734,
0.15267022353951593
],
[
0.8192775972924415,
0.8802418284055916
],
[
0.4651647352611226,
0.5751752445964661
],
[
0.8658027179825972,
0.8770783475250113
],
[
0.231743342330479,
0.8156236842145612
],
[
0.5000000000000001,
0.807099709608166
],
[
0.8473297764604836,
0.05399381043184791
],
[
0.36111735669735273,
0.380053431268307
],
[
0.3175672377150263,
0.5625685168435156
],
[
0.4547730439335442,
0.8614714037610809
],
[
0.6011643988745368,
0.7777614991619861
],
[
0.8627559523187464,
0.20903310851009888
],
[
0.19290029039183393,
0.07705441423669708
],
[
0.6824327622849737,
0.5268290801964268
],
[
0.6438736327646949,
0.8416296314713475
],
[
0.9460061895681515,
0.8775725229280605
],
[
0.11046129932104877,
0.6739106901484518
],
[
0.3357070843823301,
0.5855206559915535
],
[
0.05037672318419372,
0.0006220888247930264
],
[
0.11107272100970479,
0.15837036852865288
],
[
0.22137526566476604,
0.7207852436946466
],
[
0.9229455857633024,
0.14804340342760866
],
[
0.797732342352152,
0.7843797835086932
],
[
0.9496232768158063,
0.16451217956198189
],
[
0.5281242731003969,
0.8895387006789515
],
[
0.8444134825490919,
0.04666841477537074
],
[
0.46295904311916747,
0.6851082375895459
],
[
0.8016846594344899,
0.8104520308826102
],
[
0.8889272789902953,
0.4348396033391149
],
[
0.21250856866177883,
0.14709038837257296
],
[
0.15558651745090854,
0.5731063008436493
],
[
0.8689772413835994,
0.07593520995099672
],
[
0.11491396373131854,
0.6462624247675981
],
[
0.10102918317035267,
0.06738953568764693
],
[
0.2606829387724579,
0.8519565965723912
],
[
0.3637485130335254,
0.1895479691173903
],
[
0.5099215494023231,
0.9240647900490023
],
[
0.6056690546839493,
0.7550708321955107
],
[
0.898970816829648,
0.9533315852246302
],
[
0.8814167689255765,
0.26892957160016523
],
[
0.9326104643123536,
0.13102275861640156
],
[
0.24492916780448926,
0.1656168201030693
],
[
0.03591439899749764,
0.3277250202058974
],
[
0.00857476393970861,
0.40703021209041024
],
[
0.35581785507626285,
0.07200430904535528
],
[
0.2803864183717395,
0.3632384537429605
],
[
0.019379292036740322,
0.14117108339665263
],
[
0.45541513682086215,
0.1324454498969427
],
[
0.7549113310067674,
0.42978416558096755
],
[
0.8215589079072307,
0.9070032005582097
],
[
0.9914252360602913,
0.27081559968102764
],
[
0.1626610619080897,
0.9678274433420704
],
[
0.3959798760741892,
0.9439167771934202
],
[
0.703411304223053,
0.34963232809153266
],
[
0.7064052422496864,
0.9564335995744977
],
[
0.8373389380919103,
0.11851703691087966
],
[
0.5487138216465196,
0.7963807843852315
],
[
0.6320535982316762,
0.7196135816282603
],
[
0.1605675545955085,
0.13479484525281143
],
[
0.13502863946632568,
0.24363918641176024
],
[
0.15532396813606128,
0.2036192156147685
],
[
0.6013356636157334,
0.15121622201715768
],
[
0.8649713605336748,
0.05608322280657942
],
[
0.8487837779828425,
0.8652051547471891
],
[
0.8814829630891204,
0.4792233753489443
],
[
0.844037965768237,
0.9000458585932403
],
[
0.8154277444746655,
0.46254058721122676
],
[
0.13419728201740289,
0.6194504486176281
],
[
0.8678143117550329,
0.41107709913159407
],
[
0.9413918235518597,
0.8010502004043251
],
[
0.9940816695657761,
0.853641945784923
],
[
0.22433333538622557,
0.6360209675333758
],
[
0.6079831466517189,
0.10927514787029086
],
[
0.7756666646137745,
0.6648801286253003
],
[
0.2679815181115605,
0.5395270795497715
],
[
0.8907248521297092,
0.34047949483430096
],
[
0.5274927736592466,
0.8947221345641888
],
[
0.6595205051656982,
0.4039632252660019
],
[
0.043566400425502604,
0.7562858449946651
],
[
0.12105479294175782,
0.7018376818123819
],
[
0.8258007389409262,
0.7480500788224758
],
[
0.9806207079632598,
0.9106732687197151
],
[
0.20724219348869408,
0.2779907053809435
],
[
0.17419926105907418,
0.867554550103057
],
[
0.16652260944193784,
0.10527786543581266
],
[
0.13724404768125367,
0.6652149856449829
],
[
0.49726144253503984,
0.7439587940902942
],
[
0.19242310123835654,
0.7630985095060094
],
[
0.6713351116434715,
0.6548277283458809
],
[
0.8850860362686814,
0.858828916603347
],
[
0.8656100703315589,
0.157397291792736
],
[
0.8263912582808681,
0.31562276342529494
],
[
0.032172556657929355,
0.999377911175207
],
[
0.8206541441710217,
0.21801707930238137
],
[
0.728107100034384,
0.12242747707193977
],
[
0.08932673128028494,
0.3396219739185977
],
[
0.08332316403659257,
0.05860817644814016
],
[
0.3396975299002385,
0.8930611838309219
],
[
0.25396769150768755,
0.6363829388327009
],
[
0.2386168052362661,
0.7313354223873765
],
[
0.2952981991473406,
0.27947907594445226
],
[
0.09995414140675969,
0.12292165247498854
],
[
0.11975817159440859,
0.13852859623891878
],
[
0.2560412059097054,
0.33460498300575037
],
[
0.43859962746469805,
0.6747704508368663
],
[
0.14635805421507733,
0.10693881616907754
],
[
0.4074623648607791,
0.19962826033812775
],
[
0.33511987137470006,
0.8003717396618725
],
[
0.7460323084923127,
0.1989497995956748
],
[
0.7291844003189719,
0.9279956909546443
]
],
"half_couplers": [
{
"pose": [
[
0.9088600666436886,
0.0988881437349846,
-0.40520922285787,
1.3000634888495783
],
[
-0.3458734902954759,
-0.3642902361076217,
-0.8646757499707497,
1.3356445543623383
],
[
-0.2331199433151425,
0.9260203879533658,
-0.2968860608439583,
-1.9809607012957426
],
[
0.0,
0.0,
0.0,
1.0
]
],
"at_element": 1,
"to_element": 2
},
{
"pose": [
[
-0.2391960661842727,
-0.098888143734984,
-0.9659225522528285,
1.2965035154608582
],
[
0.8945953077332305,
0.3642902361076189,
-0.2588278564187825,
1.3487590036515194
],
[
0.3774711608900152,
-0.926020387953367,
0.0013280779494836414,
-2.01429743726847
],
[
0.0,
0.0,
0.0,
1.0
]
],
"at_element": 2,
"to_element": 1
},
{
"pose": [
[
0.288427358010529,
0.8675339445013028,
-0.4052092228578672,
1.1443917359618907
],
[
0.18724586184579906,
-0.46612748753333944,
-0.8646757499707509,
1.0034566818157242
],
[
-0.9390147210628224,
0.17352239193794855,
-0.29688606084395897,
-2.0950172698346847
],
[
0.0,
0.0,
0.0,
1.0
]
],
"at_element": 1,
"to_element": 56
},
{
"pose": [
[
0.18790799842699646,
-0.867533944501304,
-0.4605164918492803,
1.1131605170835472
],
[
0.6301777283185036,
0.4661274875333369,
-0.6209679509420669,
1.020237269688553
],
[
0.753370171203035,
-0.17352239193794886,
0.6342896535792166,
-2.101264075319654
],
[
0.0,
0.0,
0.0,
1.0
]
],
"at_element": 56,
"to_element": 1
},
{
"pose": [
[
0.5945606930023144,
0.5671359933606887,
0.5699599524277058,
1.0092904888305754
],
[
0.3714807810686568,
0.43491504925553126,
-0.8202749107632633,
0.5671301373251505
],
[
-0.7130915871283495,
0.699432387701516,
0.04790327129672722,
-1.9425948168684075
],
[
0.0,
0.0,
0.0,
1.0
]
],
"at_element": 0,
"to_element": 16
},
{
"pose": [
[
-0.5591649786091764,
-0.5671359933606885,
-0.6047241451536268,
0.988873596512937
],
[
0.8268289882114375,
-0.43491504925553226,
-0.3566549090988498,
0.5514731981925229
],
[
-0.06073179521675698,
-0.6994323877015158,
0.7121137437824849,
-1.9677743785790827
],
[
0.0,
0.0,
0.0,
1.0
]
],
"at_element": 16,
"to_element": 0
},
{
"pose": [
[
0.2492764008663646,
-0.7829475899443852,
0.5699599524277037,
0.9081062893041114
],
[
0.22817063642392837,
-0.5244875894110534,
-0.8202749107632645,
0.7127524040891478
],
[
0.9411691859835887,
0.33452330255762613,
0.04790327129672811,
-1.9510990181552041
],
[
0.0,
0.0,
0.0,
1.0
]
],
"at_element": 0,
"to_element": 36
},
{
"pose": [
[
-0.6168486507933006,
0.7829475899443866,
-0.08056558455545301,
0.9362923889213053
],
[
0.724193011682568,
0.5244875894110522,
-0.447724525108817,
0.7316339481835256
],
[
-0.30828918865996136,
-0.33452330255762497,
-0.8905346350374719,
-1.9631418512276346
],
[
0.0,
0.0,
0.0,
1.0
]
],
"at_element": 36,
"to_element": 0
},
{
"pose": [
[
0.26965607667884317,
0.8735508491330644,
-0.40520922285786676,
0.9418877295943228
],
[
0.1972521554547429,
-0.46198207170947336,
-0.8646757499707514,
0.5713334879184911
],
[
-0.9425376318633818,
0.15323667771759375,
-0.2968860608439585,
-2.243386589593913
],
[
0.0,
0.0,
0.0,
1.0
]
],
"at_element": 1,
"to_element": 36
},
{
"pose": [
[
-0.48001885438401226,
-0.8735508491330651,
-0.08056558455545043,
0.9104399159110601
],
[
-0.7655816841037352,
0.4619820717094709,
-0.447724525108815,
0.5879648335700298
],
[
0.42832999474791517,
-0.15323667771759572,
-0.8905346350374728,
-2.2489031070297183
],
[
0.0,
0.0,
0.0,
1.0
]
],
"at_element": 36,
"to_element": 1
},
{
"pose": [
[
0.8215845894155824,
-0.012017281865560836,
0.5699599524277056,
0.5953919473817665
],
[
0.5697823206502249,
0.04997177049859769,
-0.8202749107632635,
1.1628046013043205
],
[
-0.018624433126219087,
0.9986783301392893,
0.04790327129672722,
-1.977381636601776
],
[
0.0,
0.0,
0.0,
1.0
]
],
"at_element": 0,
"to_element": 2
},
{
"pose": [
[
-0.25855213784833797,
0.012017281865558893,
-0.9659225522528283,
0.5958245694662094
],
[
0.9646299616406764,
-0.04997177049860113,
-0.25882785641878353,
1.1610056178271697
],
[
-0.051379267405844475,
-0.998678330139289,
0.0013280779494806438,
-2.0133340512747666
],
[
0.0,
0.0,
0.0,
1.0
]
],
"at_element": 2,
"to_element": 0
},
{
"pose": [
[
-0.6889362829295598,
-0.4477861662577459,
0.569959952427705,
0.6499369424474366
],
[
-0.44530201655804647,
-0.35896404391200054,
-0.8202749107632639,
1.0843045404324994
],
[
0.5719028869594371,
-0.8189214641750047,
0.047903271296726224,
-1.9727973080267944
],
[
0.0,
0.0,
0.0,
1.0
]
],
"at_element": 0,
"to_element": 22
},
{
"pose": [
[
0.6161287412224734,
0.4477861662577466,
-0.6479760208123448,
0.6660571078532499
],
[
-0.7876013478492568,
0.35896404391200054,
-0.5008282460528535,
1.0972271365255424
],
[
0.008336132535207375,
0.8189214641750047,
0.573845052612482,
-1.9433163850961086
],
[
0.0,
0.0,
0.0,
1.0
]
],
"at_element": 22,
"to_element": 0
},
{
"pose": [
[
0.3570677797663402,
-0.7400326028502692,
0.5699599524277054,
0.8415853337022396
],
[
0.29976892326351245,
-0.4871218157891868,
-0.8202749107632636,
0.808488026719816
],
[
0.8846701042186126,
0.4637500224268474,
0.04790327129672667,
-1.956689887074224
],
[
0.0,
0.0,
0.0,
1.0
]
],
"at_element": 0,
"to_element": 42
},
{
"pose": [
[
-0.43341443731693996,
0.7400326028502694,
-0.5142992049808128,
0.868226503185152
],
[
0.8726530150464124,
0.48712181578918656,
-0.034482632043563444,
0.8260244093106375
],
[
0.2250080906448623,
-0.46375002242684726,
-0.8569173098050085,
-1.9733848852372682
],
[
0.0,
0.0,
0.0,
1.0
]
],
"at_element": 42,
"to_element": 0
},
{
"pose": [
[
0.1261562983684078,
-0.22600489249430622,
-0.9659225522528285,
0.7568709353472616
],
[
-0.46631138719923093,
0.8459088786092668,
-0.25882785641878225,
1.2041594768687762
],
[
0.8755788248640497,
0.48307344954846143,
0.0013280779494828643,
-2.013555479097186
],
[
0.0,
0.0,
0.0,
1.0
]
],
"at_element": 2,
"to_element": 22
},
{
"pose": [
[
-0.7273574534029583,
0.22600489249430714,
-0.6479760208123447,
0.7650071126872607
],
[
0.18332822217443148,
-0.8459088786092661,
-0.5008282460528525,
1.1737067527091956
],
[
-0.6613183030383522,
-0.48307344954846254,
0.5738450526124829,
-2.0309461258676778
],
[
0.0,
0.0,
0.0,
1.0
]
],
"at_element": 22,
"to_element": 2
},
{
"pose": [
[
0.6140528921255031,
-0.029661423859970393,
0.7887073256962334,
0.18309068770845827
],
[
0.7883451762362742,
-0.025177468299699468,
-0.6147178037075348,
0.40883424923943246
],
[
0.03809105902049709,
0.9992428608824867,
0.00792314319447851,
-0.9042804076637315
],
[
0.0,
0.0,
0.0,
1.0
]
],
"at_element": 3,
"to_element": 48
},
{
"pose": [
[
-0.3371826201965571,
0.029661423859970004,
-0.9409718808614758,
0.18415850908556988
],
[
0.9413394325683848,
0.025177468299696804,
-0.33652067957534043,
0.4097406466868001
],
[
0.013709607186766448,
-0.9992428608824868,
-0.036410872636721825,
-0.9402534915188342
],
[
0.0,
0.0,
0.0,
1.0
]
],
"at_element": 48,
"to_element": 3
},
{
"pose": [
[
-0.31000345774347515,
-0.5308847432166288,
0.7887073256962327,
0.7278092858951204
],
[
-0.3865512087383372,
-0.6875319518596308,
-0.6147178037075357,
-0.01571895244455672
],
[
0.8686057904538858,
-0.49544041477447115,
0.007923143194476512,
-0.8988083100763056
],
[
0.0,
0.0,
0.0,
1.0
]
],
"at_element": 3,
"to_element": 18
},
{
"pose": [
[
0.6328774893403376,
0.5308847432166286,
-0.5635844860409885,
0.7469211374953535
],
[
-0.7104572373780633,
0.68753195185963,
-0.15016766972027468,
0.009032198915990192
],
[
0.3077606169466798,
0.4954404147744729,
0.812294403566033,
-0.8809724543563685
],
[
0.0,
0.0,
0.0,
1.0
]
],
"at_element": 18,
"to_element": 3
},
{
"pose": [
[
-0.2289201919418007,
0.5705578849813804,
0.7887073256962325,
0.7072665667170297
],
[
-0.30562606589841596,
0.7271277258146882,
-0.614717803707536,
0.00029202501680924975
],
[
-0.9242230540106571,
-0.38177083471257156,
0.007923143194476734,
-0.899014676747882
],
[
0.0,
0.0,
0.0,
1.0
]
],
"at_element": 3,
"to_element": 38
},
{
"pose": [
[
0.7970773598868512,
-0.570557884981381,
0.19781653682485723,
0.68672646731507
],
[
-0.3783178699554858,
-0.7271277258146873,
-0.5728532618602299,
-0.025884592920285686
],
[
0.4706838340416538,
0.3817708347125722,
-0.7954292917253643,
-0.8852709162983683
],
[
0.0,
0.0,
0.0,
1.0
]
],
"at_element": 38,
"to_element": 3
},
{
"pose": [
[
-0.5825684288851516,
0.19635371160073095,
0.7887073256962327,
0.42797515830966903
],
[
-0.7514506049288598,
0.2396748008386237,
-0.6147178037075359,
0.21797150582929117
],
[
-0.30973539355123236,
-0.9507897821198875,
0.007923143194477511,
-0.9018203636607622
],
[
0.0,
0.0,
0.0,
1.0
]
],
"at_element": 3,
"to_element": 49
},
{
"pose": [
[
0.8993140118643682,
-0.19635371160073123,
-0.3907422782410828,
0.42090642843051307
],
[
-0.4304316114403618,
-0.2396748008386249,
-0.8702210165905088,
0.2093432175623816
],
[
0.0772200488038457,
0.9507897821198869,
-0.30005975118157613,
-0.8675919496069786
],
[
0.0,
0.0,
0.0,
1.0
]
],
"at_element": 49,
"to_element": 3
},
{
"pose": [
[
0.23781373892009727,
-0.7828012372844727,
-0.5750363888370391,
0.2747593019344835
],
[
0.8112533805084811,
0.4856431035963701,
-0.32560517278269246,
-0.03589607092135239
],
[
0.5341465886761849,
-0.38906683080826093,
0.750542752260263,
-0.9721873133879041
],
[
0.0,
0.0,
0.0,
1.0
]
],
"at_element": 17,
"to_element": 49
},
{
"pose": [
[
0.4842960818557862,
0.7828012372844736,
-0.3907422782410819,
0.30294012218416133
],
[
0.08286228462615364,
-0.4856431035963711,
-0.870221016590509,
-0.05337920757992602
],
[
-0.8709713812093185,
0.38906683080825843,
-0.30005975118157746,
-0.9581809195526643
],
[
0.0,
0.0,
0.0,
1.0
]
],
"at_element": 49,
"to_element": 17
},
{
"pose": [
[
-0.24385434203111567,
0.7892449473810332,
-0.5635844860409855,
0.7023567544818904
],
[
-0.9092706802933124,
-0.38817071106630374,
-0.15016766972027318,
-0.002842027070363313
],
[
-0.3372860652791761,
0.4758318107312606,
0.8122944035660354,
-0.8167418024899571
],
[
0.0,
0.0,
0.0,
1.0
]
],
"at_element": 18,
"to_element": 38
},
{
"pose": [
[
-0.5813441586462615,
-0.7892449473810346,
0.197816536824855,
0.6739439298151512
],
[
-0.7219159504030781,
0.38817071106630063,
-0.5728532618602282,
0.011132121754900817
],
[
0.3753349567539527,
-0.47583181073126135,
-0.7954292917253665,
-0.8338717516318895
],
[
0.0,
0.0,
0.0,
1.0
]
],
"at_element": 38,
"to_element": 18
},
{
"pose": [
[
0.38999466810887395,
-0.6714479291734032,
0.6301284291756705,
0.16443273524251326
],
[
-0.0875154025897586,
-0.7082444499955058,
-0.7005218435995527,
-0.42860131930810785
],
[
0.916648903973709,
0.21805384073506315,
-0.3349735950556194,
-0.556372480741151
],
[
0.0,
0.0,
0.0,
1.0
]
],
"at_element": 4,
"to_element": 39
},
{
"pose": [
[
-0.7293043903546599,
0.6714479291734025,
-0.13142596630106262,
0.1886048788528669
],
[
0.6837346019475975,
0.7082444499955065,
-0.17577483651001655,
-0.4031044999529526
],
[
-0.02494193875741991,
-0.21805384073506298,
-0.975617969407959,
-0.5642224249051397
],
[
0.0,
0.0,
0.0,
1.0
]
],
"at_element": 39,
"to_element": 4
},
{
"pose": [
[
-0.0678106224759829,
-0.823270457731438,
-0.5635844860409914,
0.35542179038892663
],
[
0.9884292211580903,
0.02138564311855351,
-0.15016766972027346,
-0.09528320739508035
],
[
0.13568122287269904,
-0.5672463377537793,
0.8122944035660312,
-0.31670438713498417
],
[
0.0,
0.0,
0.0,
1.0
]
],
"at_element": 18,
"to_element": 19
},
{
"pose": [
[
0.44629070878501853,
0.8232704577314361,
-0.350785342736605,
0.385059540356507
],
[
-0.593137667265868,
-0.021385643118553954,
-0.8048169741865602,
-0.09605309089775105
],
[
-0.6700838088795835,
0.5672463377537819,
0.47876850500252444,
-0.2962835096815428
],
[
0.0,
0.0,
0.0,
1.0
]
],
"at_element": 19,
"to_element": 18
},
{
"pose": [
[
-0.23900697518449765,
0.9054420517815149,
-0.35078534273660555,
0.2773251019172802
],
[
-0.4173799140146839,
-0.42197588253155427,
-0.804816974186561,
-0.3432313341046008
],
[
-0.876738086996483,
-0.04594611438845381,
0.4787685050025229,
-0.1492424285849338
],
[
0.0,
0.0,
0.0,
1.0
]
],
"at_element": 19,
"to_element": 39
},
{
"pose": [
[
-0.40361108290966463,
-0.905442051781515,
-0.13142596630106337,
0.2447298486389556
],
[
-0.8894040484569391,
0.4219758825315536,
-0.17577483651001724,
-0.32804051019555236
],
[
0.21461251673864382,
0.04594611438845371,
-0.9756179694079588,
-0.14758840198798057
],
[
0.0,
0.0,
0.0,
1.0
]
],
"at_element": 39,
"to_element": 19
},
{
"pose": [
[
0.8747424247580421,
0.3558507474077906,
-0.3289315063926499,
0.027976797461353002
],
[
-0.33379469121211686,
-0.04960482497359675,
-0.941339718410918,
-0.20272433931298145
],
[
-0.35129303216407326,
0.9332253784100899,
0.07538964547148208,
0.2746519201748199
],
[
0.0,
0.0,
0.0,
1.0
]
],
"at_element": 5,
"to_element": 31
},
{
"pose": [
[
-0.7292963429820145,
-0.35585074740779044,
0.5843775232522008,
0.015166149483588742
],
[
-0.639166967801701,
0.04960482497359642,
-0.7674665781716609,
-0.20093856267666843
],
[
0.24411561069345578,
-0.93322537841009,
-0.2636246606581132,
0.24105575129273712
],
[
0.0,
0.0,
0.0,
1.0
]
],
"at_element": 31,
"to_element": 5
},
{
"pose": [
[
0.4389299583706654,
0.8361486445285842,
-0.32893150639264895,
-0.0171545150639221
],
[
-0.22308217966756166,
-0.253207179315325,
-0.9413397184109181,
-0.331881614303064
],
[
-0.8703877485118316,
0.4865609608221647,
0.07538964547148475,
0.28499581726226286
],
[
0.0,
0.0,
0.0,
1.0
]
],
"at_element": 5,
"to_element": 62
},
{
"pose": [
[
-0.20206142308272335,
-0.8361486445285858,
-0.5099280591954063,
-0.04725586670459224
],
[
0.6824901470035917,
0.2532071793153232,
-0.6856335198823013,
-0.32276615571518347
],
[
0.7024089838155552,
-0.4865609608221634,
0.5194998083339516,
0.26747962241799844
],
[
0.0,
0.0,
0.0,
1.0
]
],
"at_element": 62,
"to_element": 5
},
{
"pose": [
[
0.5656169319186602,
0.5818766163410815,
0.5843775232522002,
0.03772071543261102
],
[
0.6181759872650113,
0.1698631807026162,
-0.7674665781716615,
-0.23055961219053342
],
[
-0.5458350804921304,
0.7953402436674787,
-0.2636246606581134,
0.23088092498950863
],
[
0.0,
0.0,
0.0,
1.0
]
],
"at_element": 31,
"to_element": 62
},
{
"pose": [
[
-0.6335558205877845,
-0.5818766163410816,
-0.5099280591954052,
0.016773177076881154
],
[
0.7078510975165586,
-0.16986318070261452,
-0.6856335198823015,
-0.23667468090624988
],
[
0.3123361105346966,
-0.7953402436674789,
0.5194998083339522,
0.20224870332567377
],
[
0.0,
0.0,
0.0,
1.0
]
],
"at_element": 62,
"to_element": 31
},
{
"pose": [
[
-0.38601025399764755,
-0.7137919823914345,
0.5843775232522019,
0.19058893953803396
],
[
-0.5486611926745852,
-0.3316111382966258,
-0.7674665781716608,
-0.4313223865909703
],
[
0.741597585932946,
-0.6168752376545215,
-0.2636246606581114,
0.16191894048175037
],
[
0.0,
0.0,
0.0,
1.0
]
],
"at_element": 31,
"to_element": 63
},
{
"pose": [
[
0.5672136666979715,
0.7137919823914338,
-0.4108158494809438,
0.21628541884727048
],
[
-0.7903803929911519,
0.3316111382966277,
-0.5151047343334818,
-0.4193844005051603
],
[
-0.23144651798243704,
0.616875237654521,
0.7522615572275932,
0.1841264213330511
],
[
0.0,
0.0,
0.0,
1.0
]
],
"at_element": 63,
"to_element": 31
},
{
"pose": [
[
-0.6044133025380691,
-0.785755544108253,
-0.13142596630106299,
0.26932663102492505
],
[
-0.7658630356427573,
0.6185119380302513,
-0.1757748365100179,
-0.29514369745565394
],
[
0.2194045814268373,
-0.005586359924494286,
-0.9756179694079585,
0.035001565282245684
],
[
0.0,
0.0,
0.0,
1.0
]
],
"at_element": 39,
"to_element": 63
},
{
"pose": [
[
-0.4624051932216955,
0.785755544108253,
-0.4108158494809443,
0.2976138279492405
],
[
-0.5933886544089765,
-0.6185119380302513,
-0.5151047343334819,
-0.3174101251280896
],
[
-0.658840908034945,
0.0055863599244943,
0.752261557227593,
0.035202674220590646
],
[
0.0,
0.0,
0.0,
1.0
]
],
"at_element": 63,
"to_element": 39
},
{
"pose": [
[
0.8506085977226652,
0.41020614035207126,
-0.32893150639265,
-0.09203896916618423
],
[
-0.3300103679086398,
-0.07051731429129804,
-0.9413397184109179,
-0.5461867494695076
],
[
-0.4093386990660489,
0.909262465299541,
0.07538964547148075,
0.30215900271691465
],
[
0.0,
0.0,
0.0,
1.0
]
],
"at_element": 5,
"to_element": 66
},
{
"pose": [
[
-0.7073681704908741,
-0.4102061403520714,
0.5756398125510875,
-0.10680638897916396
],
[
-0.6539007286288946,
0.07051731429130026,
-0.7532868945386898,
-0.5436481263681331
],
[
0.2684103360062634,
-0.909262465299541,
-0.31811579766243336,
0.2694255567140373
],
[
0.0,
0.0,
0.0,
1.0
]
],
"at_element": 66,
"to_element": 5
},
{
"pose": [
[
0.43266289579039385,
-0.8305133725157208,
-0.35078534273660067,
0.17813834470607132
],
[
0.314128781780318,
0.5035799306151845,
-0.8048169741865658,
-0.5707983846413789
],
[
0.8450597180457037,
0.23802267025258256,
0.4787685050025181,
-0.013867629012091653
],
[
0.0,
0.0,
0.0,
1.0
]
],
"at_element": 19,
"to_element": 40
},
{
"pose": [
[
0.5482131349573649,
0.8305133725157231,
-0.0985388082573461,
0.20803722101269526
],
[
0.8146191202204224,
-0.503579930615182,
0.2877550042187175,
-0.5889275015878691
],
[
0.1893622127868261,
-0.23802267025258111,
-0.9526212053142156,
-0.022436558317224298
],
[
0.0,
0.0,
0.0,
1.0
]
],
"at_element": 40,
"to_element": 19
},
{
"pose": [
[
-0.6861981877440464,
-0.6372453926533699,
-0.35078534273660633,
0.0721546722158838
],
[
0.568811591912852,
-0.16947864457433592,
-0.8048169741865616,
-0.8139597948111861
],
[
0.4534152843060686,
-0.7517947183741702,
0.4787685050025209,
0.13078392352128923
],
[
0.0,
0.0,
0.0,
1.0
]
],
"at_element": 19,
"to_element": 66
},
{
"pose": [
[
0.512403274529156,
0.6372453926533691,
0.5756398125510881,
0.09509550064839667
],
[
0.6354807971524435,
0.16947864457433304,
-0.7532868945386889,
-0.807858565123254
],
[
-0.5775872580851255,
0.7517947183741717,
-0.3181157976624336,
0.15784852665459526
],
[
0.0,
0.0,
0.0,
1.0
]
],
"at_element": 66,
"to_element": 19
},
{
"pose": [
[
-0.6449857098636671,
0.5946136668796506,
-0.4800291878954835,
0.25423355381093804
],
[
-0.23126684228206318,
-0.7505720678559176,
-0.6189969455622337,
-0.6883410479433218
],
[
-0.7283605437779732,
-0.2882293498490873,
0.6216226831069049,
0.20684611325798002
],
[
0.0,
0.0,
0.0,
1.0
]
],
"at_element": 20,
"to_element": 40
},
{
"pose": [
[
-0.7979503057378696,
-0.5946136668796501,
-0.09853880825734078,
0.23282745791290693
],
[
-0.5948433646781169,
0.7505720678559179,
0.2877550042187072,
-0.66132044858976
],
[
-0.09714258114368461,
0.2882293498490877,
-0.9526212053142187,
0.21722237173833794
],
[
0.0,
0.0,
0.0,
1.0
]
],
"at_element": 40,
"to_element": 20
},
{
"pose": [
[
0.9893519572177712,
-0.017538843735934964,
-0.14448215706367246,
-0.07801499179834065
],
[
-0.14445216136618438,
0.002971905266679453,
-0.989507322285047,
-1.1608501777008162
],
[
0.017784201584639628,
0.9998417658507233,
0.0004067364067356083,
0.9728293949703619
],
[
0.0,
0.0,
0.0,
1.0
]
],
"at_element": 6,
"to_element": 7
},
{
"pose": [
[
-0.5223382006457411,
0.01753884373593334,
-0.852558029172546,
-0.07738359364194422
],
[
0.8526581862066303,
-0.002971905266677677,
-0.5224607021335722,
-1.1609571662534606
],
[
-0.011697078309933051,
-0.9998417658507232,
-0.013402299038556276,
0.9368351038328663
],
[
0.0,
0.0,
0.0,
1.0
]
],
"at_element": 7,
"to_element": 6
},
{
"pose": [
[
0.5272588147040055,
-0.8373309074715655,
-0.14448215706367296,
-0.036789845736677
],
[
-0.07663944670015777,
0.1224812408239323,
-0.9895073222850468,
-0.8785136960250229
],
[
0.846241417992774,
0.5327994904643534,
0.0004067364067406043,
0.9727133407245144
],
[
0.0,
0.0,
0.0,
1.0
]
],
"at_element": 6,
"to_element": 52
},
{
"pose": [
[
0.3336650777617576,
0.8373309074715656,
-0.4330641606910975,
-0.0066458155797673585
],
[
0.8865058410089506,
-0.12248124082393264,
0.44621266174688834,
-0.8829230378803249
],
[
0.3205854172280041,
-0.532799490464353,
-0.7831664530747422,
0.9535324843094072
],
[
0.0,
0.0,
0.0,
1.0
]
],
"at_element": 52,
"to_element": 6
},
{
"pose": [
[
-0.14441195245120353,
0.5022847746872854,
-0.8525580291725452,
0.3271108027511645
],
[
0.2601437249543501,
-0.8120098873123212,
-0.5224607021335738,
-0.9130767650170198
],
[
-0.9547096052497361,
-0.29723719152282135,
-0.013402299038552945,
0.943193796935717
],
[
0.0,
0.0,
0.0,
1.0
]
],
"at_element": 7,
"to_element": 40
},
{
"pose": [
[
-0.8590693268791325,
-0.5022847746872853,
-0.09853880825734142,
0.3090285512644392
],
[
-0.507776526096,
0.8120098873123214,
0.28775500421870914,
-0.8838444097236899
],
[
-0.0645204708701989,
0.29723719152282113,
-0.952621205314218,
0.9538943355926369
],
[
0.0,
0.0,
0.0,
1.0
]
],
"at_element": 40,
"to_element": 7
},
{
"pose": [
[
-0.8970306479536923,
-0.08826918690400776,
-0.4330641606910973,
-0.10224610482786364
],
[
-0.29844161680347303,
0.8436983239621174,
0.4462126617468883,
-0.784420175253479
],
[
0.32598867770446904,
0.529510801388243,
-0.7831664530747424,
0.7806460017986641
],
[
0.0,
0.0,
0.0,
1.0
]
],
"at_element": 52,
"to_element": 63
},
{
"pose": [
[
-0.9074353356898528,
0.08826918690400751,
-0.4108158494809439,
-0.09906841336201981
],
[
0.15112991368602405,
-0.8436983239621179,
-0.515104734333483,
-0.8147933219634034
],
[
-0.3920725197341674,
-0.5295108013882422,
0.7522615572275924,
0.7615836085257613
],
[
0.0,
0.0,
0.0,
1.0
]
],
"at_element": 63,
"to_element": 52
},
{
"pose": [
[
-0.7214905653310477,
-0.5573882865234381,
-0.4108158494809457,
-0.22364442234945947
],
[
0.6881109528220075,
-0.5110483629497473,
-0.5151047343334874,
-0.9709939459044646
],
[
0.07716657789920617,
-0.6543300915996828,
0.7522615572275886,
0.9896997891271062
],
[
0.0,
0.0,
0.0,
1.0
]
],
"at_element": 63,
"to_element": 64
},
{
"pose": [
[
0.8274495148642997,
0.5573882865234361,
0.06815862672694367,
-0.20357846740350288
],
[
-0.27723435828965104,
0.5110483629497445,
-0.8136158069445995,
-0.9525962262643278
],
[
-0.4883322751309403,
0.6543300915996865,
0.5773939039274536,
1.013255644991456
],
[
0.0,
0.0,
0.0,
1.0
]
],
"at_element": 64,
"to_element": 63
},
{
"pose": [
[
0.9800842449870869,
0.13623427989430545,
-0.14448215706367284,
-0.14476939768772043
],
[
-0.14316282226054391,
-0.019485006201495514,
-0.9895073222850469,
-1.6180275535425925
],
[
-0.1376200532280369,
0.9904850102424608,
0.0004067364067401602,
0.973017317463612
],
[
0.0,
0.0,
0.0,
1.0
]
],
"at_element": 6,
"to_element": 8
},
{
"pose": [
[
-0.8372541847792259,
-0.13623427989430612,
0.5295711954509555,
-0.14967376023769816
],
[
-0.5367161774240062,
0.01948500620149818,
-0.8435378352063945,
-1.6173261035494275
],
[
0.10460007151544828,
-0.9904850102424607,
-0.08943304492163784,
0.937360377122927
],
[
0.0,
0.0,
0.0,
1.0
]
],
"at_element": 8,
"to_element": 6
},
{
"pose": [
[
0.6791227184150983,
0.7196646716511201,
-0.14448215706367534,
-0.16671492753744618
],
[
-0.09946052360122476,
-0.10479915738805978,
-0.9895073222850465,
-1.7683247453830968
],
[
-0.7272550705065295,
0.6863671735944531,
0.0004067364067330548,
0.9730790970365121
],
[
0.0,
0.0,
0.0,
1.0
]
],
"at_element": 6,
"to_element": 21
},
{
"pose": [
[
-0.4815962379847001,
-0.7196646716511231,
-0.5001478020908076,
-0.19262233156000008
],
[
0.6367432094416053,
0.10479915738806578,
-0.7639209526127396,
-1.7645520520460087
],
[
0.6021819897580701,
-0.6863671735944491,
0.4077707128068161,
0.9483703786922686
],
[
0.0,
0.0,
0.0,
1.0
]
],
"at_element": 21,
"to_element": 6
},
{
"pose": [
[
0.6063073749179002,
0.5932501294300861,
0.5295711954509523,
-0.2853792972255145
],
[
0.4501421725020511,
0.2929435869078576,
-0.8435378352063956,
-1.4011648850399037
],
[
-0.6555634154338528,
0.749825538922718,
-0.08943304492164494,
0.9602780876966899
],
[
0.0,
0.0,
0.0,
1.0
]
],
"at_element": 8,
"to_element": 20
},
{
"pose": [
[
-0.6462400967903394,
-0.5932501294300876,
-0.4800291878954832,
-0.3067362846113978
],
[
0.7287158817222146,
-0.29294358690785116,
-0.618996945562236,
-1.4117108456389795
],
[
0.22659854594905957,
-0.7498255389227195,
0.621622683106903,
0.9332843901280611
],
[
0.0,
0.0,
0.0,
1.0
]
],
"at_element": 20,
"to_element": 8
},
{
"pose": [
[
0.7258767434703213,
0.4389274452999825,
0.5295711954509539,
-0.11788164246953131
],
[
0.5051924747888408,
0.18227584588210144,
-0.8435378352063948,
-1.6679668000773975
],
[
-0.46677994462663885,
0.8798398796203745,
-0.08943304492164383,
0.9319913806198348
],
[
0.0,
0.0,
0.0,
1.0
]
],
"at_element": 8,
