{
"line_pt_pairs": [
[
[
0.9328932194752222,
1.5115188625069353,
-2.024732356644031
],
[
1.3560367223742915,
0.605687927372932,
-2.045223645245826
]
],
[
[
0.6616891314902646,
-0.3995053496314879,
0.23931033757870934
],
[
-0.31994384291632155,
0.7303681462010159,
0.14040337638327344
]
],
[
[
0.23320250984772595,
1.142001807359801,
-1.5722452409858991
],
[
1.5974936977843128,
1.4371799619370202,
-1.0230827772477404
]
],
[
[
1.386150404271922,
1.4557903867329351,
-1.0435631837602972
],
[
1.222034403938562,
0.5520270702944216,
-1.438883062206398
]
],
[
[
-0.5636874248507427,
-0.4724499213595294,
0.521935945163104
],
[
0.2115196039117046,
-0.3495508213949422,
1.141572833820641
]
],
[
[
-0.3474953186355553,
0.21206613441142463,
1.073394171486936
],
[
-0.39363529754746795,
-0.5797194305041541,
0.46434021530790714
]
],
[
[
-0.11479087870483046,
0.08055490285435739,
0.8770171983557338
],
[
-1.4165826876643979,
-0.039220965999928664,
0.14149573207077304
]
],
[
[
-1.19496809818388,
-0.2693934074419787,
1.1801852031273699
],
[
-0.3532107554322017,
-0.2650758721100664,
0.6403463986567284
]
],
[
[
-0.8595039126302808,
-0.2922021276281522,
1.4508258179375397
],
[
-0.6252067237201079,
0.01169216209619875,
0.5273795076727126
]
],
[
[
0.12017654151591095,
0.23003875089770914,
0.1049699512436527
],
[
-0.39208716802644494,
0.06860173723797688,
0.9484887610555812
]
],
[
[
0.13031711000153146,
-0.21879651251388835,
1.2246273201697992
],
[
0.3631366424460303,
-1.0983815934611671,
0.03209843134265877
]
],
[
[
-0.4495313033920449,
-0.6354797287931899,
1.1995487951590162
],
[
0.1639159109934507,
-0.2522948772891123,
0.5090041660868077
]
],
[
[
0.08260299214263465,
-0.18398043630884425,
0.5929841709917338
],
[
-0.1734679716951942,
-1.4220416987752382,
1.4002214173197784
]
],
[
[
0.21837985660327355,
0.12271885946966006,
0.14122192429642388
],
[
-0.3335806485754312,
-0.42150302934057726,
0.7730147198098634
]
],
[
[
-0.5546949333068698,
-0.21197595394289082,
0.4896893146207692
],
[
0.029708943506827012,
0.48924587158227206,
0.08132665695937169
]
],
[
[
0.5468198264377581,
0.03757111524318152,
0.07734221583352216
],
[
-0.08045076099899173,
-0.609821611112666,
0.5102559116186034
]
],
[
[
-0.4970208696524786,
-1.7597629814462965,
0.997332448904247
],
[
0.22005475782668238,
-1.3472103655520413,
0.43554700623580717
]
],
[
[
-0.11062911961984277,
-1.242129464390522,
1.4651579836914221
],
[
-0.10373677541096697,
-1.5424490578098267,
0.5113442506178358
]
],
[
[
0.36009114226280114,
-0.6042976965437183,
0.43431966018061796
],
[
0.14915852681720593,
-1.5779891419514769,
0.5205310334502222
]
],
[
[
-0.5830237710052785,
-0.41307637152918814,
1.1407941623033564
],
[
-1.975888836699998,
-0.22951698891577776,
0.6152155651156195
]
],
[
[
-0.452953031922147,
-0.8371894726430192,
1.2353260445141447
],
[
-0.4719757481638407,
-1.7831719206067946,
0.9116667415252588
]
],
[
[
0.3745744398959698,
0.773704396526707,
0.14814136205832235
],
[
0.29061763324283707,
0.04376088837139125,
-0.5301902157990845
]
],
[
[
-0.4463264038954584,
0.499162702546209,
-0.7808210720709892
],
[
0.8632837039703618,
0.5682280970689415,
-0.05270615212009733
]
],
[
[
1.1383155380541297,
0.8483266922048117,
-0.8582611005858434
],
[
-0.30166299536006647,
0.4642419919852413,
-0.6881412417699362
]
],
[
[
0.8029419271468687,
1.093987859635061,
-0.7989511108035079
],
[
0.4695792949278389,
-0.3645774163053622,
-0.6919151763663379
]
],
[
[
-0.3605572119998238,
0.7968033911583533,
-0.5626378825994297
],
[
0.7095966456548672,
-0.24755522118815054,
-0.4439542284407041
]
],
[
[
-0.6371852325015004,
0.19294594731132622,
0.13561597905198325
],
[
0.07979906299260303,
0.34054370162287145,
-0.5456684130611875
]
],
[
[
0.6273914142665546,
-0.041229129341002806,
-0.48242143029899365
],
[
0.25185706780607386,
-0.7526422475006884,
0.11160325768864604
]
],
[
[
-1.3807602711516826,
-0.04066150660634858,
1.3674418736554887
],
[
-1.9108896812850096,
-0.32391339345145354,
0.568235281396404
]
],
[
[
-0.23363256916108852,
-1.660032255891209,
0.5528169838154571
],
[
0.01827577975126285,
-1.4686070253308987,
1.5014468193430905
]
],
[
[
-1.4477906179732059,
-0.0929441267507313,
1.4914019305470325
],
[
-1.4572675547369867,
-0.19505837094023282,
0.4966743955892523
]
],
[
[
0.28914615141941885,
1.3545936597322612,
-1.4879693934980547
],
[
1.3992538907416003,
0.36373047753481036,
-1.6773128942118025
]
],
[
[
0.14629165873291433,
1.0975177025098883,
-1.1497383820780267
],
[
0.7409271170156475,
0.2945671066378157,
-1.1087626289846721
]
],
[
[
0.8440994547859144,
0.9485228017420151,
-0.7186628361566217
],
[
0.48765064459194746,
1.2211904853865971,
-1.6123051471553813
]
],
[
[
1.0753218529705482,
0.8935796182000502,
-0.8088540479843915
],
[
1.2667384451829695,
0.5158455456876101,
-1.7147661070105147
]
],
[
[
1.1298552252182161,
1.142374245842905,
-2.121799429469432
],
[
1.3627775126825945,
1.0119581737303365,
-1.1580884478275855
]
],
[
[
1.3556662374774302,
1.0672195546822814,
-0.9723316285555799
],
[
1.3282007668906266,
1.035527112337692,
-2.47174525962063
]
],
[
[
0.2582537431701321,
0.012380067080986101,
0.4541316287047996
],
[
0.33232409508443633,
-0.8654431042518168,
-0.01909142952304277
]
],
[
[
0.34462868959294113,
0.17165310339226,
0.28677461780328667
],
[
-0.44297095631051453,
0.24397296196385118,
-0.32515400207728085
]
],
[
[
0.5346350583935747,
-0.19297959815065274,
0.2588739672146309
],
[
0.45680974052275114,
-0.24806894746832364,
-0.736569845107321
]
],
[
[
-0.18260609802407618,
0.46073744801335703,
0.4147858201395945
],
[
-0.20734670195085267,
0.6998854633029983,
-0.5558820578188575
]
],
[
[
-0.29292850102506535,
0.36156646187748015,
0.4722164607906453
],
[
0.4661651284617791,
0.7930386165911101,
-0.01523470740906957
]
],
[
[
0.2803865229980363,
-0.06504468396026049,
0.46458501731903173
],
[
0.6872851396776867,
0.6088626882678896,
-0.15208537227393137
]
],
[
[
1.0089610488214997,
1.306683719412988,
-1.0754594575039085
],
[
1.4822053735007261,
1.7571834364921757,
-2.4256778894883317
]
],
[
[
0.5753994822966099,
0.47195590460451825,
-0.6879367341483706
],
[
1.3865705229239418,
1.1346242030070457,
-1.7616556308526576
]
],
[
[
0.2825369709913529,
0.3720523307460173,
0.0830829503769363
],
[
0.875305609708231,
1.0830927271414224,
-1.0971911261186906
]
],
[
[
0.5070218580404511,
-0.4142322391377858,
-0.20640874139293425
],
[
0.5918801652867187,
0.6884470793966251,
-1.2197681979372472
]
],
[
[
0.1095172292868523,
-1.4683507457453642,
0.6418101856047087
],
[
0.5153714890234085,
-0.42771485875644255,
-0.35936875472737445
]
],
[
[
1.0319144872750825,
0.6600965680521098,
-1.4539014911212234
],
[
1.3543127719840609,
0.8376763089417248,
-2.3836997389375365
]
],
[
[
0.48301743008850045,
0.07066853773650433,
-0.679827490432525
],
[
0.8929821270114005,
1.0711461101207984,
-1.7195262806756144
]
],
[
[
0.8086213369763727,
1.218131907002968,
-1.1998318104740189
],
[
1.0881533018940208,
1.3628041179190744,
-2.1490061000425493
]
],
[
[
0.2878158489901285,
0.7535559505951723,
-0.9405680369712555
],
[
0.8140059592526413,
0.99772812897787,
-1.7551255335089602
]
],
[
[
-0.2377178437153947,
0.6236305528710804,
-0.43396087297318703
],
[
0.2802005032765891,
0.9485076254184,
-1.2252986476194974
]
],
[
[
-1.3684971835000639,
-0.0494420171979448,
0.32741152217689673
],
[
-0.6073648869198411,
0.3427537085769715,
-0.18917355289438575
]
],
[
[
-1.577578779481121,
-0.10534279781599976,
1.215663146868443
],
[
-0.6840738845723663,
-0.5141655862329713,
1.029886586331147
]
],
[
[
-0.8648887871277223,
-0.16687581716415187,
1.6741164410425662
],
[
-0.6865651835299516,
-0.5665213900766778,
0.7749589974036204
]
],
[
[
-0.6812162449512797,
0.01559010539662709,
0.26283770589517874
],
[
-1.6397040009426522,
0.06536914292231892,
0.543592526045499
]
],
[
[
-0.1676292300252984,
0.02761302125727999,
0.15437574301318466
],
[
-0.4442803918208549,
-0.6693629777433978,
0.8159561171886707
]
],
[
[
-0.5584574783895898,
-0.08797067260551042,
0.43909041268368465
],
[
-1.0262479366796584,
-0.5185066643068879,
1.2109782588002556
]
],
[
[
-0.8812326322353742,
-0.010774890937303827,
0.6878914106151285
],
[
-0.10133929350549947,
-0.6330477018749021,
0.6204901571209297
]
],
[
[
-0.8733009063348698,
-0.26723541927170563,
1.2546398996855086
],
[
-0.38208916598027465,
-1.1278706649157348,
1.1204087554117175
]
],
[
[
-1.218495377001362,
0.22517550328101082,
0.30808793876633006
],
[
-1.5412461619940732,
-0.42450978314687476,
0.9963763662338452
]
],
[
[
0.706877658312967,
1.1876158559212673,
-1.7840110554461492
],
[
1.5644574879857776,
1.6907561874860606,
-1.8908129397517304
]
],
[
[
1.3288113919329452,
0.7588142489595529,
-2.217491805495674
],
[
1.4697535186175166,
1.7476439588315373,
-2.2659801731740936
]
],
[
[
0.07321475960475651,
-1.7189351503797994,
1.3396710672996706
],
[
-0.4161376658682809,
-0.3509626550721826,
0.9665953970054147
]
],
[
[
-0.1389936103513302,
-0.9719115205311282,
1.330783615815749
],
[
-0.6136093603068555,
-0.5492188854831475,
0.5587273832974505
]
],
[
[
-0.491076872259178,
-0.9572459152620487,
1.3096984036998365
],
[
-0.4831317739783289,
-0.4302985860259487,
0.4598375988475071
]
],
[
[
-0.5422487457851893,
-0.6995296390378367,
0.9322272097286746
],
[
0.005672544305642013,
-0.11967890037852152,
0.3292716717812686
]
],
[
[
-0.026344253774192694,
-0.13047245078789843,
0.41044469211564566
],
[
0.3241535872419622,
-1.0490852438946163,
0.22795688489639962
]
],
[
[
-1.120729139607342,
0.0859327358568962,
0.39170535402941675
],
[
-0.15827487924924255,
-0.18530220514774967,
0.38105624623812867
]
],
[
[
-0.4444696735578974,
-0.17261212067281942,
0.5644218637509549
],
[
-0.7669305741082765,
0.3912045532154746,
-0.19592656023753452
]
],
[
[
0.027731015316023323,
-0.44788876421617246,
0.5363158515526204
],
[
0.5540806399737703,
-0.5992000975222067,
-0.3003806005946319
]
]
],
"contact_id_pairs": [
[
1,
13
],
[
1,
15
],
[
1,
39
],
[
15,
37
],
[
37,
42
],
[
1,
9
],
[
1,
14
],
[
1,
38
],
[
1,
40
],
[
9,
38
],
[
40,
41
],
[
2,
31
],
[
2,
33
],
[
2,
50
],
[
31,
33
],
[
31,
51
],
[
2,
3
],
[
2,
43
],
[
3,
35
],
[
3,
36
],
[
35,
36
],
[
35,
44
],
[
36,
44
],
[
3,
34
],
[
31,
34
],
[
31,
48
],
[
31,
49
],
[
4,
59
],
[
4,
66
],
[
4,
67
],
[
59,
67
],
[
66,
67
],
[
4,
10
],
[
4,
11
],
[
4,
13
],
[
11,
12
],
[
5,
7
],
[
5,
9
],
[
6,
8
],
[
6,
9
],
[
5,
57
],
[
5,
59
],
[
57,
59
],
[
58,
59
],
[
6,
53
],
[
6,
56
],
[
6,
69
],
[
56,
69
],
[
7,
54
],
[
28,
30
],
[
28,
54
],
[
30,
54
],
[
8,
55
],
[
54,
55
],
[
10,
18
],
[
10,
47
],
[
10,
68
],
[
18,
47
],
[
47,
68
],
[
11,
64
],
[
64,
65
],
[
12,
17
],
[
12,
64
],
[
17,
64
],
[
29,
64
],
[
14,
69
],
[
14,
70
],
[
57,
69
],
[
69,
70
],
[
15,
68
],
[
15,
71
],
[
67,
68
],
[
68,
71
],
[
16,
20
],
[
16,
29
],
[
16,
17
],
[
16,
18
],
[
19,
55
],
[
19,
58
],
[
55,
60
],
[
19,
28
],
[
19,
61
],
[
20,
60
],
[
20,
66
],
[
60,
66
],
[
65,
66
],
[
21,
41
],
[
21,
45
],
[
22,
42
],
[
22,
45
],
[
21,
25
],
[
24,
39
],
[
24,
46
],
[
25,
27
],
[
25,
46
],
[
27,
39
],
[
27,
46
],
[
39,
46
],
[
22,
23
],
[
22,
25
],
[
25,
26
],
[
25,
40
],
[
25,
52
],
[
40,
52
],
[
23,
24
],
[
23,
34
],
[
24,
33
],
[
24,
44
],
[
24,
45
],
[
33,
45
],
[
26,
38
],
[
26,
70
],
[
53,
70
],
[
27,
37
],
[
27,
71
],
[
37,
47
],
[
37,
71
],
[
47,
71
],
[
30,
61
],
[
56,
61
],
[
32,
51
],
[
32,
52
],
[
32,
46
],
[
32,
49
],
[
46,
49
],
[
0,
35
],
[
0,
50
],
[
50,
62
],
[
0,
48
],
[
36,
63
],
[
48,
63
],
[
43,
62
],
[
43,
63
]
],
"contact_t_pairs": [
[
0.45758541664706115,
0.039454265025273105
],
[
0.2598210126554114,
0.23983203488906096
],
[
0.16023378874416735,
0.039007482257898844
],
[
0.4632616437374828,
0.32440612757105514
],
[
0.055300186422821945,
0.034708139632327294
],
[
0.5658428353513235,
0.07167012447588031
],
[
0.7135908831449229,
0.8664337052099574
],
[
0.5042656858053215,
0.19961167967942536
],
[
0.8397662112558325,
0.2716425541502168
],
[
0.011629330114124741,
0.290805784082074
],
[
0.013677964161219061,
0.16215544996784137
],
[
0.15763433561273094,
0.1514426299913567
],
[
0.22034526570870763,
0.8357515268835083
],
[
0.4438075676008882,
0.13849247393357653
],
[
0.1887189550207841,
0.9022891465078874
],
[
0.39178584810681805,
0.7878359712273177
],
[
0.8423656643872691,
0.08560683604901458
],
[
0.6150892241509172,
0.11213155537494529
],
[
0.4759944192803344,
0.9144966324533703
],
[
0.4287158823175193,
0.16088264859316817
],
[
0.8551669722784456,
0.2176418687016756
],
[
0.5406354587008498,
0.8575947822750754
],
[
0.46747094176489723,
0.9178329215272154
],
[
0.9143931639509855,
0.6706568292130154
],
[
0.8485573700086432,
0.9340557714907477
],
[
0.695629935246554,
0.1645668102076218
],
[
0.4665712327875357,
0.838640546306305
],
[
0.23446642639635953,
0.6601546860470645
],
[
0.08028139159419477,
0.8877904949363082
],
[
0.2922820489062902,
0.40308895294133845
],
[
0.7234715858877401,
0.43847104930327996
],
[
0.522602220706976,
0.0807555593025737
],
[
0.9197186084058051,
0.127320730568161
],
[
0.5367733718715194,
0.5112255334443113
],
[
0.34429445835760564,
0.9605457349747266
],
[
0.7859810141630148,
0.11129620757323827
],
[
0.6283826192646277,
0.953147913022503
],
[
0.19593782006402,
0.9883706698858754
],
[
0.406514347902137,
0.9549686508212687
],
[
0.1319915997393876,
0.8044150721900546
],
[
0.8040621799359798,
0.659207762735887
],
[
0.7459292214361001,
0.62291059508371
],
[
0.6966481844365375,
0.6893769701570758
],
[
0.2686153380681376,
0.27652841411225987
],
[
0.8680084002606123,
0.15028147751021234
],
[
0.693178305576228,
0.350395131228508
],
[
0.6366436168174873,
0.19246920078403096
],
[
0.37653299692317016,
0.08990120535903309
],
[
0.04685208697749717,
0.4553773080819211
],
[
0.15513752005370648,
0.24593226831288476
],
[
0.22860376015855643,
0.07334866162455017
],
[
0.3042639230459862,
0.1260243550105994
],
[
0.045031349178731056,
0.28562275871197534
],
[
0.9266513383754499,
0.7143772412880248
],
[
0.6573396393596128,
0.20435379939478632
],
[
0.8726792694318389,
0.4670503016736881
],
[
0.8230950846210211,
0.8988163521130996
],
[
0.7331154225407439,
0.15098805135930288
],
[
0.42652259736849807,
0.9652594872728804
],
[
0.21401898583698453,
0.8414650107145544
],
[
0.6364911725176737,
0.275858908178035
],
[
0.888703792426762,
0.1600433435781692
],
[
0.765370525880613,
0.4190681683709031
],
[
0.24648907578922968,
0.3026760116114673
],
[
0.7783196914272573,
0.15853498928544565
],
[
0.17867528060665128,
0.6918335994547777
],
[
0.13356629479004253,
0.13928080510782917
],
[
0.3033518155634625,
0.9100987946409668
],
[
0.6228059328526235,
0.21167280594277488
],
[
0.7060699086389859,
0.3162000424208043
],
[
0.7601679651109391,
0.13192680695179476
],
[
0.9192444406974262,
0.03474051272711971
],
[
0.3896358191629697,
0.21435681357270284
],
[
0.07089364609024101,
0.9348613333124882
],
[
0.419147019152697,
0.22168030857274268
],
[
0.577969553261468,
0.8399566564218307
],
[
0.9291063539097593,
0.7956462006052133
],
[
0.1132545078468799,
0.6452799833526234
],
[
0.22946328078617012,
0.7313846619318624
],
[
0.4881387058218737,
0.13102136273664983
],
[
0.8867454921531198,
0.8448624799462934
],
[
0.6293052808314001,
0.762909765660985
],
[
0.199686878877169,
0.8689786372633509
],
[
0.06513866668751142,
0.11220950506369191
],
[
0.718408731437464,
0.1663075318664008
],
[
0.7241410918219644,
0.6108502110567807
],
[
0.09680857532267753,
0.8378445500321587
],
[
0.38128504188341844,
0.15633540635188747
],
[
0.8646359909517941,
0.9652918603676727
],
[
0.6955065705006013,
0.2908220767519719
],
[
0.9031914246773226,
0.6354875586191369
],
[
0.9242452852999923,
0.9609925177421007
],
[
0.654579043366329,
0.5094921043303116
],
[
0.8794081198946198,
0.08912802607691894
],
[
0.8488537889433905,
0.2756496502366772
],
[
0.2827326866873681,
0.5744981313212619
],
[
0.3067330763063098,
0.11830280625126648
],
[
0.632351725007046,
0.16449172874498846
],
[
0.1353640090482067,
0.9720170944755164
],
[
0.30407715083029785,
0.2771849331945383
],
[
0.4188306156533449,
0.9861110705099381
],
[
0.12059188010538012,
0.9863220358387812
],
[
0.15166233508056687,
0.1128241118888972
],
[
0.9290390425224264,
0.07787316141572327
],
[
0.2920221740107654,
0.2441139155044816
],
[
0.02798290552448308,
0.06594422850925218
],
[
0.07575471470000757,
0.09771085349211264
],
[
0.3928579541406777,
0.08216707847278427
],
[
0.13600364132434448,
0.7456626423213097
],
[
0.2016671313953168,
0.8436645936481125
],
[
0.4880671890140276,
0.8003883203205746
],
[
0.013888929490062062,
0.5994321962749005
],
[
0.8497185224897876,
0.8607191948921709
],
[
0.9108719739230808,
0.8050464547351527
],
[
0.7173024022281097,
0.6853904628039937
],
[
0.9446998135771781,
0.6231862358065212
],
[
0.6145576405591472,
0.46937341981394126
],
[
0.8490119486406981,
0.8680731930482058
],
[
0.7540677316871147,
0.6311975014887853
],
[
0.6496048687714916,
0.23709023433901488
],
[
0.38661686779588433,
0.21216402877268178
],
[
0.1950348377500754,
0.9221268385842769
],
[
0.6942444297065554,
0.8816971937487339
],
[
0.8049651622499243,
0.3969530189484824
],
[
0.6071240692275511,
0.16135945369369317
],
[
0.4365544491364004,
0.08550336754663018
],
[
0.20202864329606401,
0.8615075260664236
],
[
0.6495446989175269,
0.3090525473524047
],
[
0.7979713567039362,
0.6457325485621346
],
[
0.8391173514068321,
0.2798319341412337
],
[
0.8354331897923778,
0.0458399947238441
],
[
0.5763420236129331,
0.6909474526475955
],
[
0.8878684446250548,
0.9541600052761555
]
],
"half_couplers": [
{
"pose": [
[
-0.6136175187042952,
0.44182056197854985,
-0.6544219829377239,
0.21250819790193293
],
[
-0.4781009076273906,
0.45170285621237183,
0.7532489972216695,
0.11750828471749988
],
[
0.628405174123391,
0.7750865246555018,
-0.06593797413029012,
0.19405195453080107
],
[
0.0,
0.0,
0.0,
1.0
]
],
"at_element": 1,
"to_element": 13
},
{
"pose": [
[
-0.7072016627071993,
-0.44182056197855013,
-0.5519605051787049,
0.19660266054846928
],
[
0.7069561976738045,
-0.4517028562123715,
-0.5442218888102375,
0.10124698483598624
],
[
-0.008873715950477257,
-0.7750865246555019,
0.6317927955134393,
0.1661488446916693
],
[
0.0,
0.0,
0.0,
1.0
]
],
"at_element": 13,
"to_element": 1
},
{
"pose": [
[
-0.7003617899923973,
0.2850004059058552,
-0.6544219829377242,
0.40664025802400183
],
[
-0.5709772397865581,
0.32649799360834253,
0.753248997221669,
-0.10594047377177698
],
[
0.42834373435871403,
0.9012068734775741,
-0.06593797413029101,
0.21361223076224167
],
[
0.0,
0.0,
0.0,
1.0
]
],
"at_element": 1,
"to_element": 15
},
{
"pose": [
[
-0.7247802279106772,
-0.2850004059058548,
-0.6272705874367498,
0.3963802450267457
],
[
0.688681143949267,
-0.3264979936083421,
-0.6473927263558468,
-0.11769439969111839
],
[
-0.0202953984557106,
-0.9012068734775747,
0.4329136957850822,
0.1811687884250021
],
[
0.0,
0.0,
0.0,
1.0
]
],
"at_element": 15,
"to_element": 1
},
{
"pose": [
[
-0.02877766011347993,
-0.7555817060558385,
-0.6544219829377232,
0.504398360844891
],
[
-0.11195329154678091,
-0.6481376464119255,
0.7532489972216702,
-0.21846143859262865
],
[
-0.9932966861870801,
0.09494143867331406,
-0.06593797413029034,
0.22346210045319229
],
[
0.0,
0.0,
0.0,
1.0
]
],
"at_element": 1,
"to_element": 39
},
{
"pose": [
[
-0.6504148717334595,
0.7555817060558391,
-0.07782531787082334,
0.5315992886875133
],
[
0.7595279816408126,
0.6481376464119246,
-0.05508934931767036,
-0.195128494966761
],
[
0.008817013813103881,
-0.09494143867331344,
-0.9954438123219516,
0.22004421036674718
],
[
0.0,
0.0,
0.0,
1.0
]
],
"at_element": 39,
"to_element": 1
},
{
"pose": [
[
-0.28773267809496916,
-0.7236998798487216,
-0.6272705874367478,
0.25622942303363294
],
[
0.7091882192320976,
0.27916792001221546,
-0.6473927263558493,
-0.2623411033121188
],
[
0.6436318634582218,
-0.631128953814511,
0.4329136957850811,
0.2778945261393875
],
[
0.0,
0.0,
0.0,
1.0
]
],
"at_element": 15,
"to_element": 37
},
{
"pose": [
[
0.6861283166246926,
0.7236998798487234,
0.07407035191430444,
0.2822826192024768
],
[
0.38921941409348204,
-0.2791679200122157,
-0.8778231713328032,
-0.2723911486232313
],
[
-0.6146024575434856,
0.631128953814509,
-0.47322305822784183,
0.30061516890777334
],
[
0.0,
0.0,
0.0,
1.0
]
],
"at_element": 37,
"to_element": 15
},
{
"pose": [
[
-0.4432836430115512,
-0.8933158426926608,
0.07407035191430433,
0.26234984743939715
],
[
-0.45405137022279973,
0.15252486049827596,
-0.877823171332803,
-0.03616371793999067
],
[
0.7728757759415193,
-0.42275639808793286,
-0.47322305822784205,
0.42796230536522195
],
[
0.0,
0.0,
0.0,
1.0
]
],
"at_element": 37,
"to_element": 42
},
{
"pose": [
[
-0.19084108818199308,
0.8933158426926611,
0.40689861667965077,
0.29450921700195437
],
[
0.7229004223172999,
-0.15252486049827474,
0.6739073722281506,
-0.04165461278571109
],
[
0.6640742868647919,
0.42275639808793253,
-0.6166703895929619,
0.4431815353299175
],
[
0.0,
0.0,
0.0,
1.0
]
],
"at_element": 42,
"to_element": 37
},
{
"pose": [
[
-0.4140574711744154,
0.6326833953981283,
-0.6544219829377246,
0.10623914597768871
],
[
-0.28402955380470807,
0.5932479757656565,
0.7532489972216687,
0.23982547283868783
],
[
0.8648026498167928,
0.49776355876806283,
-0.06593797413029034,
0.18334454221990054
],
[
0.0,
0.0,
0.0,
1.0
]
],
"at_element": 1,
"to_element": 9
},
{
"pose": [
[
-0.5807732888773391,
-0.6326833953981276,
-0.5122637095423558,
0.08346253768853411
],
[
0.7886665517635308,
-0.5932479757656566,
-0.16143701365973226,
0.21846854003370175
],
[
-0.20176089079903559,
-0.49776355876806333,
0.8435188098119284,
0.16542504934062002
],
[
0.0,
0.0,
0.0,
1.0
]
],
"at_element": 9,
"to_element": 1
},
{
"pose": [
[
-0.7080413955680271,
0.26534741455295485,
-0.6544219829377242,
-0.038795209640708705
],
[
-0.5798651193040305,
0.3104390304054442,
0.7532489972216692,
0.40676207610166987
],
[
0.403030799786571,
0.9128079524144113,
-0.06593797413029079,
0.1687312317900776
],
[
0.0,
0.0,
0.0,
1.0
]
],
"at_element": 1,
"to_element": 14
},
{
"pose": [
[
0.7668525662441139,
-0.26534741455295513,
0.5844038768136974,
-0.048347716980114946
],
[
-0.6418064815877798,
-0.31043903040544585,
0.701221825525163,
0.39558627052096634
],
[
-0.00464562554797765,
-0.9128079524144108,
-0.4083626576613968,
0.13587014407381914
],
[
0.0,
0.0,
0.0,
1.0
]
],
"at_element": 14,
"to_element": 1
},
{
"pose": [
[
-0.4900721782123103,
-0.5758134492959481,
-0.654421982937725,
0.16668530644200982
],
[
-0.48894506630010753,
-0.4399416669574894,
0.7532489972216685,
0.17025108361774569
],
[
-0.7216384013361713,
0.6891227766403953,
-0.06593797413028946,
0.18943495096057253
],
[
0.0,
0.0,
0.0,
1.0
]
],
"at_element": 1,
"to_element": 38
},
{
"pose": [
[
-0.21937563534415894,
0.5758134492959481,
-0.7875996459034561,
0.1874146013592317
],
[
0.8951095842023193,
0.43994166695749115,
0.07231985857159051,
0.18608899183591382
],
[
0.388140648330599,
-0.6891227766403941,
-0.6119286198805676,
0.16462651814501397
],
[
0.0,
0.0,
0.0,
1.0
]
],
"at_element": 38,
"to_element": 1
},
{
"pose": [
[
-0.15082750525023036,
0.7409338242433336,
-0.6544219829377224,
-0.16265307227094786
],
[
-0.0445902076061756,
0.6562222653721722,
0.7532489972216707,
0.5493242351621564
],
[
0.98755393627165,
0.14279147916442037,
-0.06593797413029145,
0.1562516135087905
],
[
0.0,
0.0,
0.0,
1.0
]
],
"at_element": 1,
"to_element": 40
},
{
"pose": [
[
0.6711221726403356,
-0.7409338242433358,
-0.024740603926775753,
-0.18932669886596465
],
[
-0.7156679154557936,
-0.6562222653721714,
0.23914801528964297,
0.5257002257065904
],
[
-0.19342818868426326,
-0.14279147916441637,
-0.9706678779584519,
0.15111111853938963
],
[
0.0,
0.0,
0.0,
1.0
]
],
"at_element": 40,
"to_element": 1
},
{
"pose": [
[
0.8579835462837309,
-0.03808052247931665,
-0.512263709542356,
0.1142192577321568
],
[
-0.052647649955109316,
0.9854777093241794,
-0.16143701365973157,
0.22816134657322165
],
[
0.5109720728773709,
0.16547978194592333,
0.8435188098119285,
0.11477950994042922
],
[
0.0,
0.0,
0.0,
1.0
]
],
"at_element": 9,
"to_element": 38
},
{
"pose": [
[
0.6150094890165952,
0.038080522479315766,
-0.7875996459034555,
0.11559015702322284
],
[
0.15363437922988946,
-0.9854777093241793,
0.07231985857158976,
0.19268413656887629
],
[
-0.7734079169094359,
-0.165479781945924,
-0.6119286198805678,
0.1088222356966568
],
[
0.0,
0.0,
0.0,
1.0
]
],
"at_element": 38,
"to_element": 9
},
{
"pose": [
[
-0.9310358836859012,
-0.3640880193120219,
-0.02474060392677655,
-0.18294449911791358
],
[
-0.3591370006111478,
0.902124626409818,
0.23914801528964155,
0.4640085059957154
],
[
-0.06475181913461014,
0.23154065003449179,
-0.9706678779584517,
0.4015090596924322
],
[
0.0,
0.0,
0.0,
1.0
]
],
"at_element": 40,
"to_element": 41
},
{
"pose": [
[
0.5396450461793738,
0.3640880193120217,
0.7590936294868444,
-0.16983733196790424
],
[
0.0017140979327397166,
-0.9021246264098184,
0.43147215471363043,
0.43153202327366286
],
[
0.8418908991088683,
-0.23154065003449176,
-0.4874511681997151,
0.3931735972738706
],
[
0.0,
0.0,
0.0,
1.0
]
],
"at_element": 41,
"to_element": 40
},
{
"pose": [
[
-0.33200906075574355,
-0.2500595640729336,
0.9095274586243911,
0.44826164484041325
],
[
0.8738864466890711,
-0.4445199324214699,
0.19678543638481216,
1.1885320196439728
],
[
0.3550950040048975,
0.860158266887941,
0.3661083091587729,
-1.485678380871084
],
[
0.0,
0.0,
0.0,
1.0
]
],
"at_element": 2,
"to_element": 31
},
{
"pose": [
[
-0.6243107451091661,
0.25005956407293484,
0.7400718262147882,
0.4572637870361294
],
[
-0.6050141305771568,
0.44451993242146837,
-0.6605754547982995,
1.2045347334586745
],
[
-0.4941598884401738,
-0.8601582668879414,
-0.12622900047583352,
-1.516644071217915
],
[
0.0,
0.0,
0.0,
1.0
]
],
"at_element": 31,
"to_element": 2
},
{
"pose": [
[
0.23348511590896293,
-0.3438669839592554,
0.9095274586243909,
0.5338176141576616
],
[
0.4868203286768066,
0.8510472722556865,
0.19678543638481288,
1.2070429162615244
],
[
-0.8417188772006863,
0.3968299859246028,
0.36610830915877257,
-1.451239891996266
],
[
0.0,
0.0,
0.0,
1.0
]
],
"at_element": 2,
"to_element": 33
},
{
"pose": [
[
0.868734564210536,
0.34386698395925597,
-0.3564488101939673,
0.5461968174104966
],
[
0.4487436625536352,
-0.8510472722556872,
0.2726676836445842,
1.176405234679764
],
[
-0.2095933736163414,
-0.39682998592460056,
-0.8936423109987586,
-1.465525762061542
],
[
0.0,
0.0,
0.0,
1.0
]
],
"at_element": 33,
"to_element": 2
},
{
"pose": [
[
0.33917214288330055,
-0.24025415605189016,
0.9095274586243913,
0.8386852634651888
],
[
0.15775322833741412,
0.9676721608974618,
0.19678543638481122,
1.2730041061516357
],
[
-0.9274029202245773,
0.07673675471265977,
0.36610830915877257,
-1.328522783736556
],
[
0.0,
0.0,
0.0,
1.0
]
],
"at_element": 2,
"to_element": 50
},
{
"pose": [
[
0.9295912118179007,
0.24025415605188913,
0.2795319649176481,
0.8473344103413315
],
[
0.20659269206020472,
-0.9676721608974617,
0.14467221091610574,
1.2381679194021797
],
[
0.30525340046958394,
-0.07673675471266206,
-0.9491742895685304,
-1.3312853060305097
],
[
0.0,
0.0,
0.0,
1.0
]
],
"at_element": 50,
"to_element": 2
},
{
"pose": [
[
0.11806204727008374,
-0.6620838655619901,
0.7400718262147867,
0.498644523944786
],
[
-0.0571681727325592,
-0.7485799012426377,
-0.6605754547983018,
1.1675989954193897
],
[
0.9913592451885527,
0.03568033657430675,
-0.1262290004758313,
-1.5237021010927303
],
[
0.0,
0.0,
0.0,
1.0
]
],
"at_element": 31,
"to_element": 33
},
{
"pose": [
[
-0.6592337981883183,
0.6620838655619913,
-0.35644881019396785,
0.522479562062248
],
[
0.6043843692150418,
0.7485799012426364,
0.27266768364458005,
1.1945478932979676
],
[
0.4473592891342934,
-0.035680336574306165,
-0.8936423109987601,
-1.5249865942310288
],
[
0.0,
0.0,
0.0,
1.0
]
],
"at_element": 33,
"to_element": 31
},
{
"pose": [
[
0.29806279722404905,
0.602870019949644,
0.740071826214788,
0.7240706535597022
],
[
0.49042164905595165,
0.5684423230682774,
-0.6605754547983003,
0.9663874875372124
],
[
-0.8189292857434128,
0.5598402132668356,
-0.12622900047583152,
-1.5621514975087043
],
[
0.0,
0.0,
0.0,
1.0
]
],
"at_element": 31,
"to_element": 51
},
{
"pose": [
[
0.5997263600241705,
-0.6028700199496438,
0.5261901102625127,
0.7023673455590047
],
[
-0.785654677736083,
-0.5684423230682776,
0.24417217838269725,
0.9459235758979948
],
[
0.1519046426004512,
-0.5598402132668359,
-0.8145574965377049,
-1.5823057333765307
],
[
0.0,
0.0,
0.0,
1.0
]
],
"at_element": 51,
"to_element": 31
},
{
"pose": [
[
0.3006078310872222,
0.28704482907255524,
0.9095274586243911,
1.3824345627916255
],
[
-0.919732560518946,
0.33965792961169283,
0.19678543638481377,
1.3906497496528483
],
[
-0.2524419715702983,
-0.8956772616040924,
0.3661083091587718,
-1.1096496373625555
],
[
0.0,
0.0,
0.0,
1.0
]
],
"at_element": 2,
"to_element": 3
},
{
"pose": [
[
0.9437537838532296,
-0.28704482907255435,
-0.1641160003333605,
1.372100952738364
],
[
-0.26046949670154407,
-0.33965792961169394,
-0.9037633164385143,
1.3784220686754698
],
[
0.2036772857997568,
0.8956772616040923,
-0.39531987844609917,
-1.077405267781349
],
[
0.0,
0.0,
0.0,
1.0
]
],
"at_element": 3,
"to_element": 2
},
{
"pose": [
[
-0.30052732981321584,
0.2871291104078351,
0.9095274586243911,
1.0723633181515742
],
[
-0.29712608345936226,
-0.9343401856684421,
0.19678543638481258,
1.3235627094450022
],
[
0.9063108818520489,
-0.2111049298369563,
0.36610830915877235,
-1.2344613272323888
],
[
0.0,
0.0,
0.0,
1.0
]
],
"at_element": 2,
"to_element": 43
},
{
"pose": [
[
-0.9044440343992335,
-0.2871291104078354,
0.31549621645281817,
1.062026671020147
],
[
-0.1918552048498685,
0.9343401856684415,
0.3003331447194556,
1.3571989533850501
],
[
-0.3810151821275019,
0.21110492983695936,
-0.90014562132295,
-1.2268615503782416
],
[
0.0,
0.0,
0.0,
1.0
]
],
"at_element": 43,
"to_element": 2
},
{
"pose": [
[
0.1924120104054179,
-0.9674934401257336,
-0.16411600033335821,
1.3080321039986331
],
[
-0.42238486736824754,
0.06930289805172862,
-0.9037633164385129,
1.0256040917579157
],
[
0.8857587945202989,
0.2432150316804148,
-0.3953198784461027,
-1.2317332397312213
],
[
0.0,
0.0,
0.0,
1.0
]
],
"at_element": 3,
"to_element": 35
},
{
"pose": [
[
-0.09850711302254966,
0.9674934401257334,
0.23292228746437466,
1.342861872727726
],
[
-0.9890342544403405,
-0.0693028980517274,
-0.13041607211257195,
1.0231091870781652
],
[
-0.11003450471375925,
-0.24321503168041658,
0.9637109816418467,
-1.2404889820996314
],
[
0.0,
0.0,
0.0,
1.0
]
],
"at_element": 35,
"to_element": 3
},
{
"pose": [
[
-0.05520515924877767,
-0.9848950851877054,
-0.16411600033336066,
1.3157912683865833
],
[
-0.39171082814449454,
0.17255287587987145,
-0.903763316438513,
1.0683326991197906
],
[
0.9184307363686559,
0.014393616595151204,
-0.3953198784461014,
-1.2130430942459718
],
[
0.0,
0.0,
0.0,
1.0
]
],
"at_element": 3,
"to_element": 36
},
{
"pose": [
[
0.17218131020645588,
0.9848950851877054,
-0.018310313724535954,
1.3512475198245675
],
[
0.9847736289017679,
-0.172552875879872,
-0.021128294896392723,
1.0621207906174976
],
[
-0.02396865109328504,
-0.014393616595151842,
-0.9996090873767005,
-1.2135612648580247
],
[
0.0,
0.0,
0.0,
1.0
]
],
"at_element": 36,
"to_element": 3
},
{
"pose": [
[
-0.7854035892699369,
-0.5734879335820985,
0.23292228746437046,
1.3290426725652984
],
[
0.5591542427826454,
-0.8187418279976231,
-0.13041607211259282,
1.0308467283179523
],
[
0.26549526312171134,
0.027810234138624365,
0.9637109816418448,
-1.2976656271472855
],
[
0.0,
0.0,
0.0,
1.0
]
],
"at_element": 35,
"to_element": 36
},
{
"pose": [
[
-0.819009354309852,
0.573487933582101,
-0.018310313724527634,
1.3496886011341473
],
[
0.5737729640213851,
0.8187418279976213,
-0.021128294896367267,
1.0603219523066847
],
[
0.0028745975497987694,
-0.02781023413862557,
-0.999609087376701,
-1.2986668131773422
],
[
0.0,
0.0,
0.0,
1.0
]
],
"at_element": 36,
"to_element": 35
},
{
"pose": [
[
0.8750596891275061,
-0.4242849849646281,
0.23292228746437688,
1.2557812729431714
],
[
0.4604503375167258,
0.8780530364479496,
-0.13041607211256176,
1.0718666928743634
],
[
-0.1491845405690742,
0.22137099339818886,
0.9637109816418474,
-1.600783100854446
],
[
0.0,
0.0,
0.0,
1.0
]
],
"at_element": 35,
"to_element": 44
},
{
"pose": [
[
0.7263184513690619,
0.4242849849646288,
0.5407806937515542,
1.2710555342712528
],
[
0.18399537790993797,
-0.8780530364479511,
0.4417788656016855,
1.0402567796936284
],
[
0.6622742695504837,
-0.2213709933981815,
-0.7158125978028576,
-1.6087524575921177
],
[
0.0,
0.0,
0.0,
1.0
]
],
"at_element": 44,
"to_element": 35
},
{
"pose": [
[
0.7711976358468402,
0.6363324122465817,
-0.01831031372453644,
1.3428269280762009
],
[
0.6359985416520773,
-0.7714009658868739,
-0.021128294896391002,
1.0524042588126266
],
[
-0.027569212550876722,
0.0046487582475744065,
-0.9996090873767005,
-1.673263930764683
],
[
0.0,
0.0,
0.0,
1.0
]
],
"at_element": 36,
"to_element": 44
},
{
"pose": [
[
-0.5501248061940465,
-0.6363324122465805,
0.540780693751553,
1.3199189683738655
],
[
-0.4580087157865908,
0.7714009658868749,
0.44177886560168816,
1.0801746849307785
],
[
-0.6982769607208025,
-0.004648758247576046,
-0.7158125978028571,
-1.6734312860094447
],
[
0.0,
0.0,
0.0,
1.0
]
],
"at_element": 44,
"to_element": 36
},
{
"pose": [
[
0.4046098435175116,
0.8996426029059074,
-0.164116000333358,
1.2360838554721199
],
[
0.3038170828368677,
-0.30150795683787956,
-0.903763316438515,
0.629395388351887
],
[
-0.8625462623565363,
0.3158102895729196,
-0.3953198784460983,
-1.4050409781853461
],
[
0.0,
0.0,
0.0,
1.0
]
],
"at_element": 3,
"to_element": 34
},
{
"pose": [
[
-0.39243200081347385,
-0.8996426029059075,
0.1914165922124226,
1.2036966977624914
],
[
-0.8754484122017774,
0.30150795683787834,
-0.3777340725124419,
0.6402496828431379
],
[
0.2821120385785052,
-0.31581028957291996,
-0.9059120590261218,
-1.4164101570366854
],
[
0.0,
0.0,
0.0,
1.0
]
],
"at_element": 34,
"to_element": 3
},
{
"pose": [
[
0.21177029852859997,
-0.6383157782040325,
0.7400718262147855,
1.2311362551248894
],
[
0.050752152541541085,
-0.7490422468261817,
-0.6605754547983029,
0.5137894038083972
],
[
0.9760007990127403,
0.17745049947905187,
-0.12622900047582997,
-1.6486382164919422
],
[
0.0,
0.0,
0.0,
1.0
]
],
"at_element": 31,
"to_element": 34
},
{
"pose": [
[
-0.7455955039574484,
0.6383157782040347,
0.1914165922124214,
1.2541156256856512
],
[
0.5442909910450064,
0.7490422468261797,
-0.37773407251244,
0.5407549276811009
],
[
-0.3844927327605601,
-0.17745049947905528,
-0.9059120590261234,
-1.6550264351808088
],
[
0.0,
0.0,
0.0,
1.0
]
],
"at_element": 34,
"to_element": 31
},
{
"pose": [
[
-0.15011004139470518,
-0.6555613377217958,
0.7400718262147868,
1.0613703262408065
],
[
-0.34520853138947183,
-0.6666866868131849,
-0.6605754547983014,
0.6653195684620541
],
[
0.9264437626366774,
-0.35463811711443016,
-0.12622900047583263,
-1.619682400638915
],
[
0.0,
0.0,
0.0,
1.0
]
],
"at_element": 31,
"to_element": 48
},
{
"pose": [
[
-0.6828606581881234,
0.6555613377217968,
0.32239828470897886,
1.0849705446060478
],
[
0.7238745037999588,
0.666686686813184,
0.17757974088961648,
0.6893202995678098
],
[
-0.0985242317769957,
0.3546381171144297,
-0.9297982478163127,
-1.6069154229009899
],
[
0.0,
0.0,
0.0,
1.0
]
],
"at_element": 48,
"to_element": 31
},
{
"pose": [
[
-0.3893908885938069,
-0.5483324064135144,
0.7400718262147871,
0.8070904878819534
],
[
-0.5739152641434973,
-0.48400551453585483,
-0.6605754547983012,
0.8922854032906159
],
[
0.7204137737878319,
-0.6819605809543885,
-0.1262290004758324,
-1.5763116240463755
],
[
0.0,
0.0,
0.0,
1.0
]
],
"at_element": 31,
"to_element": 49
},
{
"pose": [
[
-0.7903374762859603,
0.5483324064135138,
0.27330979794859916,
0.82683044748222
],
[
0.5664535349890305,
0.4840055145358513,
0.6669850482561938,
0.9097095956080746
],
[
0.23344606716835098,
0.6819605809543913,
-0.693132526828729,
-1.551761051875994
],
[
0.0,
0.0,
0.0,
1.0
]
],
"at_element": 49,
"to_element": 31
},
{
"pose": [
[
-0.4610829988411793,
-0.4318061263309306,
0.7752070287624475,
-0.3819274030994718
],
[
0.7805744804968613,
-0.612861559917858,
0.1228990999645872,
-0.4436342085835037
],
[
0.4220260046213749,
0.6617735093203163,
0.6196368886575367,
0.6672199921099957
],
[
0.0,
0.0,
0.0,
1.0
]
],
"at_element": 4,
"to_element": 59
},
{
"pose": [
[
-0.45311129920566606,
0.43180612633092974,
0.779893338729874,
-0.3663823900559568
],
[
-0.48700847748562837,
0.6128615599178575,
-0.6222728109375987,
-0.4215712030774384
],
[
-0.7466678601555602,
-0.6617735093203166,
-0.06740125349419857,
0.6433961572754872
],
[
0.0,
0.0,
0.0,
1.0
]
],
"at_element": 59,
"to_element": 4
},
{
"pose": [
[
0.4057727193827966,
-0.4841513841372219,
0.7752070287624477,
-0.5014527258080924
],
[
0.6548966755055344,
0.7456582029587642,
0.12289909996458584,
-0.4625834105886983
],
[
-0.6375412493450827,
0.457811403962722,
0.6196368886575365,
0.5716812568676283
],
[
0.0,
0.0,
0.0,
1.0
]
],
"at_element": 4,
"to_element": 66
},
{
"pose": [
[
0.8749481771232628,
0.48415138413722136,
0.007945098280848606,
-0.4840232895241054
],
[
0.40782392839465065,
-0.7456582029587651,
0.5269473292361018,
-0.48942708503416577
],
[
0.26104660652349904,
-0.45781140396272174,
-0.8498608048523286,
0.5552000591330177
],
[
0.0,
0.0,
0.0,
1.0
]
],
"at_element": 66,
"to_element": 4
},
{
"pose": [
[
0.45646669859019584,
-0.4366831982518509,
0.7752070287624475,
-0.3371083261574972
],
[
0.5690868279457962,
0.8130412003622487,
0.12289909996458667,
-0.43652872061314085
],
[
-0.6839432252290822,
0.38506076257916544,
0.6196368886575367,
0.7030446845578477
],
[
0.0,
0.0,
0.0,
1.0
]
],
"at_element": 4,
"to_element": 67
},
{
"pose": [
[
0.7135054619480732,
0.436683198251851,
0.5479212900908317,
-0.3213877266682088
],
[
0.052317562918802046,
-0.813041200362248,
0.5798507386593141,
-0.4657982119293917
],
[
0.6986936584659287,
-0.3850607625791671,
-0.6029555379474065,
0.6891824932672732
],
[
0.0,
0.0,
0.0,
1.0
]
],
"at_element": 67,
"to_element": 4
},
{
"pose": [
[
-0.4670557291604398,
-0.4166837242599962,
0.7798933387298739,
-0.31700196164118727
],
[
-0.6502603646320219,
-0.4358187776547142,
-0.6222728109375991,
-0.46097158832114987
],
[
0.5991831139535229,
-0.7977698082657493,
-0.06740125349420012,
0.6391285188588589
],
[
0.0,
0.0,
0.0,
1.0
]
],
"at_element": 59,
"to_element": 67
},
{
"pose": [
[
-0.7253667581313739,
0.41668372425999683,
0.5479212900908315,
-0.3020011227834557
],
[
0.6883568216556,
0.4358187776547122,
0.5798507386593151,
-0.44528187721860485
],
[
0.002819978401094325,
0.7977698082657502,
-0.6029555379474065,
0.6678486623216517
],
[
0.0,
0.0,
0.0,
1.0
]
],
"at_element": 67,
"to_element": 59
},
{
"pose": [
[
0.9514599085696775,
0.3076701444695089,
0.007945098280849827,
-0.48692474625387105
],
[
0.25750962376906816,
-0.809947717990031,
0.5269473292360962,
-0.6818620708076528
],
[
0.1685610751356724,
-0.499323318426902,
-0.8498608048523317,
0.8655592597921912
],
[
0.0,
0.0,
0.0,
1.0
]
],
"at_element": 66,
"to_element": 67
},
{
"pose": [
[
-0.7778954570296122,
-0.30767014446951,
0.5479212900908322,
-0.49800105555011653
],
[
0.08807845933593302,
0.8099477179900307,
0.5798507386593122,
-0.6527034683253932
],
[
-0.622190359081286,
0.49932331842690114,
-0.6029555379474079,
0.8835351980271475
],
[
0.0,
0.0,
0.0,
1.0
]
],
"at_element": 67,
"to_element": 66
},
{
"pose": [
[
-0.5577866971443559,
-0.29652666498324975,
0.7752070287624474,
0.14928490486905427
],
[
0.5936049117496008,
-0.7953169305218155,
0.12289909996458878,
-0.3594173321657734
],
[
0.5800924143923439,
0.5287181829474649,
0.6196368886575363,
1.0918275221161169
],
[
0.0,
0.0,
0.0,
1.0
]
],
"at_element": 4,
"to_element": 10
},
{
"pose": [
[
-0.9423273607778251,
0.2965266649832489,
0.15521302162966577,
0.1599598629629027
],
[
0.15368046276757164,
0.7953169305218153,
-0.586390053964853,
-0.3307859276169509
],
[
-0.2973238310210671,
-0.5287181829474661,
-0.7950192592180936,
1.0727936708206904
],
[
0.0,
0.0,
0.0,
1.0
]
],
"at_element": 10,
"to_element": 4
},
{
"pose": [
[
0.5424332721917107,
-0.3237594906357065,
0.775207028762447,
-0.147576934123422
],
[
0.3732188222414997,
0.9195670296136992,
0.12289909996458878,
-0.40648095707156295
],
[
-0.7526445747788669,
0.22265729332484482,
0.6196368886575369,
0.8545405272237874
],
[
0.0,
0.0,
0.0,
1.0
]
],
"at_element": 4,
"to_element": 11
},
{
"pose": [
[
0.7203209752506048,
0.3237594906357079,
0.613447214385496,
-0.13592142397789309
],
[
0.08698188101690181,
-0.9195670296136986,
