{
"line_pt_pairs": [
[
[
1.067996288325752,
1.285508468427387,
-1.8406793322909725
],
[
1.417233493190671,
0.9510241141632928,
-1.9677761123078972
]
],
[
[
-0.5028451566795826,
-1.150780480984531,
1.1073802367184393
],
[
-0.09081020177231214,
-0.9755193525612448,
0.21322659623020646
]
],
[
[
-0.17275666842808485,
-1.3041030908552034,
1.199385512574987
],
[
-0.4588797663393521,
-1.0377343224407685,
0.8876464356933158
]
],
[
[
-0.21900169187151777,
-1.2409382984334218,
1.2857232928964544
],
[
-0.10684326953798612,
-1.1423618639733821,
0.2969345516231737
]
],
[
[
0.269072944394061,
-0.5026626976388562,
0.18809790187088252
],
[
-0.1804995980783841,
-1.3402393588068657,
0.49850064947713546
]
],
[
[
0.12767448502233403,
-0.2993037855753391,
0.38668555074124145
],
[
0.22254938093681303,
-0.7703690474247493,
0.24849628486301464
]
],
[
[
0.015683109023086953,
-0.31360484484965234,
0.686814132521768
],
[
0.16567431015124817,
-1.0132966654518631,
-0.011708591350902853
]
],
[
[
0.22011080491640414,
-0.49418046668868865,
0.4889084319730013
],
[
0.11163879865535917,
-0.19165749532922333,
0.10587621967546623
]
],
[
[
-0.5634465050794791,
-0.4911012634910481,
0.48248173563023006
],
[
0.2717916793170816,
-0.18438664237740324,
0.026079153997467686
]
],
[
[
-0.39802377517324544,
-0.8162150511501806,
0.9009551812089014
],
[
0.02560997428641093,
-0.48510597147576284,
0.05780559562167398
]
],
[
[
-0.3895926367856873,
-0.8464598281562753,
0.7555400069565519
],
[
-0.2269184012783843,
-1.3175321209955941,
0.7958883405184437
]
],
[
[
-0.42976926370792823,
-1.2895368279661485,
0.5242905182736617
],
[
-0.3869689650539595,
-0.2964187562403534,
0.4152738679546855
]
],
[
[
-0.3831098015562603,
-0.9226497374514699,
0.46040918525470653
],
[
-0.26398537710663067,
-0.5658102833600994,
0.7897645791733687
]
],
[
[
-0.06429015524740339,
-0.7291823219628092,
1.045643156350076
],
[
-0.29922173290356757,
-0.518131240695404,
0.6580033816676465
]
],
[
[
-0.00539894614015432,
-0.644001374756161,
0.8764506309423913
],
[
0.040642344473774954,
-0.581546305679564,
0.3825077557986746
]
],
[
[
0.02529414526237863,
-0.5631887824248341,
0.8004398326266636
],
[
-0.28163227670387814,
-0.8593773183881274,
1.0613392819609082
]
],
[
[
-0.17970762290837533,
-1.0794937398627649,
1.120196136044124
],
[
-0.10747511085371717,
-1.5446851194993747,
0.9517341388042081
]
],
[
[
-0.23520850449174574,
-1.5686192196587299,
0.9599124938192642
],
[
-0.2586738095612052,
-0.5696672784821712,
0.9992113319392705
]
],
[
[
-0.20067218705471346,
-1.3838501527629041,
1.1465301282287326
],
[
0.2591372899261889,
-0.5914118746235367,
0.7457598446271863
]
],
[
[
1.2333676705937984,
1.0145746339806418,
-1.757330921604332
],
[
1.4655938890406714,
1.4451215965614512,
-1.8607731590042658
]
],
[
[
0.652118273465587,
1.0221336498812743,
-1.8916731214077183
],
[
1.547846226956409,
1.466734457370633,
-1.8929202440776827
]
],
[
[
0.613776972492273,
0.011774685178038521,
-0.05013841490378565
],
[
-0.014409111902665361,
-0.5002138077204887,
0.5357370210995087
]
],
[
[
0.1681327604080201,
-0.07557072084637467,
-0.4404605250365478
],
[
-0.17125050416958867,
-0.44176257745615655,
0.42598192768453486
]
],
[
[
0.015336754190784854,
-0.1827273020176103,
-0.10037333808099529
],
[
0.5085878096956626,
-0.11282146997234634,
-0.1429945873515568
]
],
[
[
-0.18263578212379877,
0.21325583961065558,
-0.07210613617788433
],
[
0.11985328209049206,
-0.15845141296832366,
-0.21470376733264676
]
],
[
[
-0.18042219309832275,
0.06301832218698211,
0.14653706210003242
],
[
0.05673214313193775,
0.5020944242464513,
0.11539228071619179
]
],
[
[
-1.2533297562967844,
0.09048356104320207,
0.3586809782551664
],
[
-1.3070228539535227,
-0.254898308878511,
0.7162119771816997
]
],
[
[
-1.5488221372297009,
-0.2129763166292891,
1.0066684661843979
],
[
-1.3580865517344176,
-0.2504421606467629,
0.025742247267893648
]
],
[
[
-1.4213401857695687,
-0.07319663289093528,
0.9321872981314447
],
[
-1.2875304963900673,
-0.35447948908869537,
0.5410672119208391
]
],
[
[
-0.5774996345150987,
-0.4389177827694546,
0.7739960411870292
],
[
-0.21230192204104392,
-0.7740083303914133,
0.708079763241946
]
],
[
[
-1.0645478034109532,
-0.39710847192216076,
0.5512268813195865
],
[
-0.414102909896953,
-1.156635554171271,
0.5448982296689977
]
],
[
[
-0.574125825129321,
-0.5174064827404316,
0.4887623255009208
],
[
-1.5249653845756155,
-0.27499586801058273,
0.6814829161451836
]
],
[
[
-0.9440493384680477,
-0.38066162820682187,
0.5336910859332966
],
[
-0.6093815241270766,
-0.5284221496219657,
0.8745199027246033
]
],
[
[
-0.4177255968717468,
-0.31027579987194964,
0.29881956737066306
],
[
0.0038961803119653693,
-0.5778671442838349,
0.2737207745652724
]
],
[
[
-0.15873610343026912,
-0.3269970322627015,
0.21766520327146296
],
[
-1.002086743618768,
-0.40614288124519127,
0.7491683850893051
]
],
[
[
-0.41086080344997283,
-0.2933944783975912,
0.6977183972216284
],
[
-0.7556993055968086,
-0.420410085252756,
1.0367662449545716
]
],
[
[
-0.27252607436341025,
-0.026529673073041903,
0.39793734519482715
],
[
0.05683838143738662,
0.17133946931074076,
0.07798913415536646
]
],
[
[
-0.24708484348459872,
0.316538116213653,
0.3839913068179279
],
[
-0.522351735679821,
-0.486701579982041,
0.9122281178379793
]
],
[
[
-0.6271700868134062,
0.07945849342210841,
0.031967366521683444
],
[
-1.500266933230845,
-0.3249673946243872,
0.3042569143448177
]
],
[
[
-0.8849607573714355,
0.04574043714861733,
0.08143288807069074
],
[
0.11077613161252864,
0.09103699138266429,
0.1617838064914453
]
],
[
[
-0.7559492806180125,
0.12892519524046026,
0.5720923997268448
],
[
0.0484721325182349,
0.2952111347659608,
0.0017809265790529327
]
],
[
[
-0.5972673610383263,
0.34098930665410265,
0.867749184458338
],
[
-0.08668360285986665,
-0.05750045714082547,
0.10583702808135603
]
],
[
[
-0.4856503707381741,
0.21361343783658546,
0.6982887248306109
],
[
-0.774781370494859,
0.1688956518521837,
0.292821605822974
]
],
[
[
-0.8601356666751907,
-0.3789749484844887,
1.0973668432103076
],
[
-0.5348282541704423,
-0.5217484849144207,
0.7455276687786416
]
],
[
[
-0.6127228564106486,
0.1812792816269631,
0.7360648199844787
],
[
-0.45395324665794856,
0.13021834920272288,
0.2646997892503963
]
],
[
[
-0.4771340333048374,
0.19691627433446474,
0.4771204153798871
],
[
-0.8571800371056794,
-0.41944463860485665,
1.1668045894738102
]
],
[
[
-1.2518679398036225,
-0.07098277302387836,
1.1998371079311376
],
[
-0.5035762757601691,
0.041384682797012066,
0.5460533972167916
]
],
[
[
-1.1431552115056762,
-0.037042150775952146,
0.9681918371487633
],
[
-0.6597442196146377,
-0.09390365999691445,
0.8538214664750758
]
],
[
[
-0.9902720097676013,
-0.04851187629332521,
1.2974200026528684
],
[
-1.6761374036407128,
-0.23142093072464426,
0.5930529539528866
]
],
[
[
-1.0614053547149054,
-0.033704196845062956,
0.4571898969713484
],
[
-0.28043237622039796,
0.4076968901667932,
0.015323076259304402
]
],
[
[
-0.3986659058068072,
0.5150653801333579,
0.0024321353906354946
],
[
0.1462495795899596,
0.5604825913089725,
-0.8348279142378149
]
],
[
[
-0.00745397669974307,
0.43107394482065153,
-0.3074109729007023
],
[
0.39383862500204575,
0.8882618468326555,
-1.1011007549146021
]
],
[
[
0.40862891943750645,
0.7444595951094908,
-1.2064818801483839
],
[
0.7487142176637096,
0.832679589773088,
-1.5622335104636214
]
],
[
[
0.3381056227358601,
0.6871658676216217,
-1.3628942014036647
],
[
0.8390579913314709,
1.221612756798447,
-2.0436388282995823
]
],
[
[
0.6592740713388503,
0.16538905012541014,
-0.980525431671298
],
[
0.9446908688637028,
0.6189283707236078,
-1.8248235640641055
]
],
[
[
0.7079270930824445,
0.5414247179724074,
-1.3363198213517316
],
[
1.137079652774553,
1.2326632798865993,
-1.9177124004516988
]
],
[
[
0.059295913456490656,
-0.9974734365247415,
0.4370472356513442
],
[
0.11280547253520953,
-0.7664637832199109,
-0.003147343105803946
]
],
[
[
0.0877476597910655,
-0.7473735066429421,
0.018593880132813462
],
[
0.6312521606586334,
-0.04764909179435811,
-0.445074752407175
]
],
[
[
0.7193942247689988,
-0.17820840356224063,
-0.5109205546079039
],
[
0.8508372709856687,
0.5809521151224926,
-1.1484141094550173
]
],
[
[
-0.2867146933758254,
0.15578880845924217,
0.2571806785784199
],
[
0.10835533666716299,
0.34062157322585673,
-0.6426840448275827
]
],
[
[
0.08292286346369328,
0.11587984458768545,
-0.3918635472417075
],
[
0.5580611071459896,
0.6626490125722349,
-1.0812742567117493
]
],
[
[
0.0570199356514911,
-0.1529469503337618,
0.13874210996176883
],
[
0.2795049693483713,
0.25879937406496645,
-0.7449803431449944
]
],
[
[
0.1312353301544488,
0.17077483006981536,
-0.46160260322298596
],
[
0.8572862968006797,
0.43650025039354134,
-1.095826534359184
]
],
[
[
0.45595821548240945,
0.5771989956051112,
-0.14464964360833096
],
[
1.0077681011256083,
0.8546542901973706,
-0.9311128719980393
]
],
[
[
0.945929163304682,
0.5964284954902399,
-0.692645866324642
],
[
1.0591984514228203,
0.95229020623782,
-1.6202947822368072
]
],
[
[
1.2768777402837217,
1.0413111056141722,
-1.4308516793235022
],
[
1.3724993705609032,
1.1904887526043584,
-1.8984011777315377
]
],
[
[
0.40996535738160345,
-0.2795623780655289,
-0.05811398576096656
],
[
0.8121274136525544,
0.602295549154908,
-0.3042689708707448
]
],
[
[
-0.11428499636966966,
0.4102288571549322,
0.1304046908495477
],
[
0.8118068378999175,
0.34416553845675407,
-0.24106475933683602
]
],
[
[
-0.12431890583291241,
0.2886971182217509,
0.21813972621092792
],
[
0.19661709991296195,
0.4105026460064022,
-0.721095863839293
]
],
[
[
0.19226206959655795,
0.464267168743974,
-0.4130238370041835
],
[
0.45251300696603547,
0.7454970754353836,
-1.3367008309694168
]
],
[
[
0.5222236752222915,
-0.014297115325763367,
0.0769789149423515
],
[
0.6731062598507829,
0.09801639138873133,
-0.3862921956023482
]
],
[
[
0.5766450382169808,
0.07778456677196333,
-0.17991276355071933
],
[
0.8368489515483322,
0.1455196209788991,
-1.143087662475434
]
],
[
[
-0.37605153626267185,
0.16616495498403405,
0.680663721512278
],
[
-0.3193744508947217,
0.5326165445086365,
-0.24804556590175797
]
],
[
[
0.17828512128555674,
0.410581297075704,
0.1537871628036541
],
[
0.03427391533308155,
0.5333014418188404,
-0.8281499729816962
]
],
[
[
-0.011196291412762467,
0.4325404741898873,
-0.5165356350526286
],
[
0.3223516125532144,
0.0658058746038252,
-0.4513318834247182
]
],
[
[
0.2728894873965108,
-0.012902581538113618,
0.07914472522596745
],
[
0.7912555082111337,
-0.05112180451581443,
-0.775159646447147
]
],
[
[
0.17623882006857639,
-0.48937989508630675,
0.49892034341832453
],
[
0.28268773444364487,
-0.4848763997146169,
-0.4953876305805803
]
],
[
[
-0.018150314399914408,
0.12021200952185138,
0.2170606108885086
],
[
-0.4463492383964818,
0.3205710007745012,
0.05426639688689666
]
],
[
[
0.11562869152386389,
-0.038462544749354816,
-0.012573970491453472
],
[
0.41368342426225374,
-0.38823956559592643,
-0.20960039506426062
]
],
[
[
-0.19082999584353266,
0.18014452279030654,
0.2634451567596687
],
[
-0.6699400065667445,
0.22559792823522384,
0.1278443250577068
]
],
[
[
0.32448996966723237,
0.14457815420158296,
0.05312600520831896
],
[
0.3115616949374016,
-0.6373674485840874,
-0.5700865861252201
]
],
[
[
1.18636784836439,
1.0490022413062345,
-1.5229992545481847
],
[
1.3560988546427482,
0.9653556359305054,
-1.9858109126952685
]
],
[
[
0.9669477880962349,
1.217418769566538,
-1.906693753621233
],
[
0.9826985307484359,
1.2696683638047441,
-1.4096807819516326
]
],
[
[
0.051905081440694736,
0.6947438274616489,
-0.6810138205756848
],
[
0.7614675556974145,
-0.006932290904725913,
-0.61642496673093
]
],
[
[
0.24379367920090725,
0.8572243561468129,
-0.9678375492671367
],
[
0.8256684946533757,
0.04679605359919026,
-1.0358644966625254
]
],
[
[
0.47860151619086877,
0.8009895616435972,
-1.3850618322555694
],
[
0.8572133650152347,
0.48475453322365475,
-1.3035236526705822
]
],
[
[
0.6882719593039517,
0.6278682082233029,
0.047966740353197534
],
[
0.08026401895511093,
0.4058712547441594,
-0.7142954829786028
]
],
[
[
0.5518123504834543,
0.6528638833919062,
0.13010358609429631
],
[
0.866207626985226,
0.20767718408683528,
-0.708326144339466
]
],
[
[
0.8382572615998616,
0.7374574353739889,
-0.6237755425434064
],
[
0.8228128170014366,
0.48582841863224663,
-1.591476068049428
]
],
[
[
0.6991802927689008,
0.6485434682811525,
-0.7931313903410675
],
[
0.596139598810233,
0.9308532734657625,
-1.7469048379087506
]
],
[
[
0.4099176598623525,
0.768235996983093,
-1.5445410699704605
],
[
1.3667865472613816,
1.058752954084807,
-1.5431883083118776
]
],
[
[
0.9443838604506072,
1.3738395850324499,
-1.3676932201292185
],
[
0.9611301115417753,
0.47636276976936043,
-1.8084368294301527
]
],
[
[
-0.322681086829046,
-0.9927408308676691,
1.1976809908144028
],
[
-0.15396133375318544,
-0.8897513569870255,
0.2174122454227072
]
],
[
[
-0.6636422967496076,
-0.6206065353663243,
0.6151051447540129
],
[
0.10929904686721031,
-1.1704831923469112,
0.2985655083169907
]
],
[
[
-0.14001584889532,
-1.4561361504712949,
1.0400160934171443
],
[
-0.5537568000827214,
-0.7157899224914337,
0.5101992495677475
]
],
[
[
-0.42428314994129485,
-0.6242708181865578,
0.6587241025909079
],
[
0.355932930945456,
-1.1525649909228206,
0.32380898770561783
]
],
[
[
0.22324194157959995,
-0.5849768316629624,
0.9981556627656031
],
[
0.19268101193537915,
-1.2279262040750263,
0.23285694063533957
]
],
[
[
0.15339289673293788,
-0.8223265414583717,
0.9244481765438698
],
[
-0.36977142274543584,
-0.2864114933463704,
0.2618063758462066
]
],
[
[
-0.8403589542867975,
-0.061425708695152695,
1.0381631325371543
],
[
-0.3601748137466757,
-0.4794245987052762,
0.2669951099091089
]
],
[
[
-0.7587162563028912,
-0.5256046634873773,
0.5378339540129934
],
[
-1.37569004428586,
0.08402640355533397,
0.0401459924966317
]
],
[
[
-0.30569616844515884,
-0.3830223406062063,
0.7390535941996734
],
[
-1.132191460569036,
0.024538067932121765,
0.35072377885048067
]
],
[
[
-0.7369556023795917,
-0.019381509410194134,
0.9454376136330279
],
[
-0.9810681337054172,
-0.12256953184335481,
-0.01880369645279867
]
],
[
[
-1.2355160445798243,
0.10649997274754096,
1.054318553129835
],
[
-1.3161067836507763,
0.07482985219326199,
0.05807453872368784
]
],
[
[
-1.2885064238889778,
0.10168504160429256,
1.0809659346605236
],
[
-0.657071754602884,
-0.38933013389375165,
0.48080399330287077
]
],
[
[
1.0374031702203186,
0.6456161185263426,
-0.9278093934731965
],
[
0.06778805026304424,
0.5899472135906022,
-0.6895920721602906
]
],
[
[
0.6711789639081951,
0.05404927644755871,
-0.4316610028871372
],
[
1.0223254842628469,
0.8719730865649169,
-0.8873986051166702
]
]
],
"contact_id_pairs": [
[
1,
2
],
[
1,
10
],
[
1,
93
],
[
3,
4
],
[
4,
93
],
[
92,
93
],
[
2,
3
],
[
3,
16
],
[
4,
5
],
[
4,
6
],
[
4,
56
],
[
6,
56
],
[
56,
95
],
[
95,
96
],
[
5,
7
],
[
7,
8
],
[
8,
22
],
[
6,
14
],
[
6,
21
],
[
7,
21
],
[
7,
76
],
[
8,
11
],
[
8,
33
],
[
8,
97
],
[
9,
33
],
[
9,
95
],
[
33,
97
],
[
9,
12
],
[
9,
29
],
[
12,
13
],
[
12,
29
],
[
10,
94
],
[
11,
12
],
[
11,
30
],
[
11,
93
],
[
12,
93
],
[
93,
94
],
[
13,
15
],
[
15,
17
],
[
14,
15
],
[
14,
97
],
[
18,
96
],
[
18,
97
],
[
16,
18
],
[
16,
94
],
[
17,
92
],
[
17,
94
],
[
0,
55
],
[
0,
81
],
[
19,
81
],
[
19,
20
],
[
19,
65
],
[
0,
20
],
[
20,
53
],
[
20,
82
],
[
21,
70
],
[
23,
66
],
[
23,
80
],
[
66,
70
],
[
75,
80
],
[
22,
23
],
[
22,
24
],
[
23,
78
],
[
61,
78
],
[
24,
59
],
[
25,
77
],
[
36,
77
],
[
59,
77
],
[
25,
40
],
[
25,
67
],
[
25,
68
],
[
40,
68
],
[
40,
79
],
[
67,
73
],
[
26,
102
],
[
27,
38
],
[
38,
99
],
[
99,
102
],
[
26,
28
],
[
28,
31
],
[
27,
48
],
[
28,
48
],
[
29,
43
],
[
32,
43
],
[
35,
43
],
[
30,
31
],
[
31,
32
],
[
31,
99
],
[
32,
34
],
[
34,
103
],
[
33,
34
],
[
34,
98
],
[
35,
37
],
[
35,
100
],
[
98,
100
],
[
36,
39
],
[
36,
41
],
[
37,
41
],
[
38,
39
],
[
38,
101
],
[
42,
49
],
[
49,
100
],
[
100,
101
],
[
40,
42
],
[
40,
44
],
[
41,
42
],
[
41,
72
],
[
42,
44
],
[
43,
45
],
[
45,
47
],
[
44,
45
],
[
45,
46
],
[
45,
98
],
[
46,
101
],
[
46,
47
],
[
46,
48
],
[
47,
103
],
[
102,
103
],
[
49,
72
],
[
49,
77
],
[
49,
79
],
[
50,
72
],
[
50,
73
],
[
51,
73
],
[
51,
84
],
[
52,
69
],
[
60,
84
],
[
69,
84
],
[
52,
85
],
[
52,
89
],
[
52,
90
],
[
53,
89
],
[
53,
90
],
[
89,
90
],
[
54,
84
],
[
58,
62
],
[
58,
71
],
[
71,
84
],
[
54,
88
],
[
54,
91
],
[
55,
85
],
[
55,
91
],
[
85,
88
],
[
56,
57
],
[
57,
76
],
[
57,
78
],
[
76,
80
],
[
57,
75
],
[
58,
75
],
[
59,
74
],
[
60,
74
],
[
61,
62
],
[
61,
74
],
[
62,
74
],
[
63,
86
],
[
66,
67
],
[
66,
87
],
[
86,
87
],
[
63,
88
],
[
63,
105
],
[
64,
104
],
[
64,
105
],
[
88,
104
],
[
89,
104
],
[
64,
90
],
[
65,
90
],
[
81,
90
],
[
82,
91
],
[
90,
91
],
[
68,
86
],
[
69,
83
],
[
69,
86
],
[
69,
104
],
[
83,
104
],
[
70,
71
],
[
71,
83
],
[
71,
105
],
[
87,
105
]
],
"contact_t_pairs": [
[
0.19690912803034086,
0.81933310026276
],
[
0.39003204687765086,
0.4760002468434378
],
[
0.8030908719696593,
0.6656673179201957
],
[
0.8610343700616201,
0.7997144612792507
],
[
0.6625227983351732,
0.8010601818770742
],
[
0.775219626481385,
0.5815034640580757
],
[
0.18066689973724004,
0.13896562993837988
],
[
0.22156735926193455,
0.2916844593372097
],
[
0.20028553872074886,
0.7941702257955534
],
[
0.29363774678173415,
0.6072701050881808
],
[
0.5076656514109062,
0.22124431133401076
],
[
0.7595763024489166,
0.6503252489993364
],
[
0.0256924983930651,
0.6504247495087969
],
[
0.8104590890073844,
0.7685094455556063
],
[
0.20582977420444673,
0.3503207731813922
],
[
0.9308266368532716,
0.8153404936920556
],
[
0.5619661924707533,
0.7554821630916402
],
[
0.3833736582807523,
0.9337802155359994
],
[
0.2404236975510835,
0.939149149287197
],
[
0.39831875794496485,
0.6982135245806323
],
[
0.06917336314672873,
0.040243758291810476
],
[
0.1846595063079443,
0.8638143216750592
],
[
0.3530386209291516,
0.32692582450028673
],
[
0.32093577035915977,
0.854974797792366
],
[
0.7617002122132435,
0.8530382060048806
],
[
0.33968349702011613,
0.18954091099261558
],
[
0.14696179399511894,
0.9367246831546203
],
[
0.2765826769819995,
0.6045224173260343
],
[
0.23829978778675626,
0.8291038247634843
],
[
0.9631070709951147,
0.7341898868647663
],
[
0.7248479289314497,
0.7315199196593299
],
[
0.5239997531565648,
0.47613409444175664
],
[
0.3852610728538626,
0.03689292900488494
],
[
0.1361856783249411,
0.9920428325917006
],
[
0.47748171226866304,
0.34886965224812777
],
[
0.17092817457217385,
0.39626840522653706
],
[
0.19893981812292555,
0.9491070099422736
],
[
0.2658101131352343,
0.46521015083317163
],
[
0.8300279275034341,
0.7608980020386561
],
[
0.06621978446400097,
0.16997207249656582
],
[
0.3170462291916347,
0.3171930468230903
],
[
0.8372449862749761,
0.23149055444439387
],
[
0.725233461068748,
0.06327531684538001
],
[
0.36812023278074035,
0.16275501372502402
],
[
0.7083155406627902,
0.05089299005772674
],
[
0.6002479522548921,
0.22478037351861518
],
[
0.2391019979613439,
0.17272460521493185
],
[
0.2075459976437251,
0.9605508744114344
],
[
0.8665894896103605,
0.9349613571493022
],
[
0.017283889071961815,
0.480779055336507
],
[
0.982716110928038,
0.9097691088511998
],
[
0.37083174088563575,
0.7779346756111934
],
[
0.1334105103896396,
0.5114617047719683
],
[
0.09023089114879958,
0.7582962808384661
],
[
0.36970762474720353,
0.023513144942224132
],
[
0.06085085071280351,
0.19939602778159077
],
[
0.9560971358616115,
0.19572182542725575
],
[
0.6292656758500217,
0.3338991943317067
],
[
0.3758515755843751,
0.47498872490981947
],
[
0.1486095476268594,
0.19016030137285472
],
[
0.37566771133908383,
0.04390286413838806
],
[
0.2445178369083607,
0.9758356446400209
],
[
0.4170344609871409,
0.3699296754356057
],
[
0.1984880040981959,
0.047593429569441646
],
[
0.02416435535997904,
0.3523821388368357
],
[
0.23641163800998602,
0.26998094479816404
],
[
0.6692839189543232,
0.06831627881791705
],
[
0.1423844982134292,
0.47056010144782234
],
[
0.43804170286241406,
0.8180350978834143
],
[
0.7635883619900136,
0.1100854028676414
],
[
0.5055045891824406,
0.10205443462247278
],
[
0.8450796801012107,
0.1333427875381889
],
[
0.5742045607748951,
0.21606895104916757
],
[
0.2912846777812477,
0.1300896668327368
],
[
0.039571346467372835,
0.6814768631217445
],
[
0.7560463238314776,
0.8719745680231266
],
[
0.5964136364168858,
0.632874034220241
],
[
0.9453477523057748,
0.9936119425229316
],
[
0.9604286535326267,
0.6114085193093101
],
[
0.7998130259128009,
0.7821183541961481
],
[
0.24395367616852245,
0.7562814825963092
],
[
0.2001869740871997,
0.6045048312510963
],
[
0.17089617523651493,
0.9868741042418924
],
[
0.9088098062666226,
0.7215966966736603
],
[
0.9862151395673482,
0.25660884942397033
],
[
0.007957167408298892,
0.5011163211085982
],
[
0.3672503756579787,
0.09119019373337738
],
[
0.2178816458038518,
0.05465224769422573
],
[
0.2998940306975215,
0.8077011600415287
],
[
0.6062509671931817,
0.9493177649297749
],
[
0.19535059746319922,
0.1922988399584713
],
[
0.39248460641375005,
0.7642264001893516
],
[
0.21353877045769784,
0.78102637558695
],
[
0.013784860432649983,
0.1408987784174859
],
[
0.5380891999421924,
0.31273323349004234
],
[
0.7217528808808928,
0.8566019629613796
],
[
0.27824711911910716,
0.7628973480691144
],
[
0.21897362441304988,
0.5083053845931385
],
[
0.12802543197687333,
0.1433980370386204
],
[
0.37809120904081356,
0.8409002204713301
],
[
0.9986553168190424,
0.38599153375478684
],
[
0.05889182864621273,
0.8591012215825139
],
[
0.692053058631512,
0.5009090239182132
],
[
0.15492031989878924,
0.5269906327277591
],
[
0.2998228752743816,
0.6942837178543887
],
[
0.23710265193088567,
0.0013446831809575076
],
[
0.38842967154846636,
0.10714887209337366
],
[
0.2718521656231686,
0.3057162821456114
],
[
0.013125895758107329,
0.9246364242376277
],
[
0.5094612859957799,
0.9955780352390399
],
[
0.464442124678158,
0.07536357576237214
],
[
0.24727972808601428,
0.8833819393342074
],
[
0.5765347248572945,
0.235773599810649
],
[
0.6268153993475474,
0.15909977952867027
],
[
0.3997415737618707,
0.37927634163529766
],
[
0.11661806066579189,
0.24371851740369063
],
[
0.004421964760960209,
0.22935643173701414
],
[
0.006388057477068739,
0.05068223507022514
],
[
0.9411081713537873,
0.6755373960800175
],
[
0.8266479385438184,
0.9316837211820832
],
[
0.6292725810962118,
0.7839310489508325
],
[
0.1653108532552482,
0.8928511279066262
],
[
0.8346891467447518,
0.8699103331672626
],
[
0.18737598506900657,
0.6278474445105632
],
[
0.8126240149309931,
0.0867758441182445
],
[
0.055046182479846606,
0.8923329611962866
],
[
0.8347892105786805,
0.3680540361199155
],
[
0.6330869320513363,
0.2420958474018855
],
[
0.4099569997751812,
0.14161094145543862
],
[
0.6483773370339897,
0.6646852514017126
],
[
0.9449538175201528,
0.3235846322751299
],
[
0.4893459795633334,
0.9578272094518357
],
[
0.24170371916153363,
0.061144180842386854
],
[
0.7761755209270077,
0.22915924560435666
],
[
0.07021886377883126,
0.7931886338013102
],
[
0.8123730245597987,
0.9354386393091838
],
[
0.3946617298282901,
0.6147443449038188
],
[
0.8730684954447571,
0.9132241558817557
],
[
0.6892269195217503,
0.9733625953645129
],
[
0.9297811362211689,
0.8811142934658925
],
[
0.03944912558856564,
0.6751981777692336
],
[
0.4982876842833573,
0.5514274349714773
],
[
0.8583890585445616,
0.7218204924293565
],
[
0.9743075016069342,
0.00019765039498995086
],
[
0.34324587701988385,
0.6461975065760392
],
[
0.5338394924637332,
0.9524065704305581
],
[
0.9597562417081896,
0.8098396986271452
],
[
0.9998023496050099,
0.6348053177730973
],
[
0.1876269754402004,
0.8513904523731406
],
[
0.8576155017865709,
0.25841527967063055
],
[
0.1652107894213197,
0.565124248220699
],
[
0.8015119959018042,
0.1457387555865056
],
[
0.7052993254746391,
0.7415847203293695
],
[
0.06456136069081567,
0.6150468996502295
],
[
0.053539133753901805,
0.3101571071848948
],
[
0.7120262524573554,
0.8899145971323584
],
[
0.8042781745727442,
0.4802433180377135
],
[
0.11697967144395731,
0.18685795028127677
],
[
0.6504218070785701,
0.02663740463548719
],
[
0.9464608662460988,
0.9589313658482181
],
[
0.22155066329821857,
0.06977271418825892
],
[
0.07041325214321867,
0.7121069454591369
],
[
0.27284791499772515,
0.20541855343969342
],
[
0.04217279054816425,
0.3538344960765086
],
[
0.9295867478567816,
0.6598220876666486
],
[
0.22206532438880613,
0.9388558191576131
],
[
0.06503864285069759,
0.8334992633663858
],
[
0.9764868550577761,
0.11888570653410785
],
[
0.5717444262270696,
0.4722579603014671
],
[
0.8979455653775273,
0.883020328556043
],
[
0.25701768909337364,
0.2600318026423824
],
[
0.10766703880371344,
0.7413406911218136
],
[
0.36982942734404317,
0.7716982691219053
],
[
0.1284540169551516,
0.9302272858117411
],
[
0.8006039722184094,
0.12693150455524185
],
[
0.4531705961028568,
0.8715459830448484
],
[
0.2895229721567111,
0.04106863415178239
],
[
0.8131420497187233,
0.29623857292286027
]
],
"half_couplers": [
{
"pose": [
[
0.8169669999408415,
-0.40347505120171234,
0.4120349549072707,
-0.42171171299077115
],
[
-0.5056024506110476,
-0.8447778990953179,
0.17526112842328756,
-1.1162699650090881
],
[
0.2773645307961423,
-0.3515084412327484,
-0.8941536404882324,
0.9313132230447465
],
[
0.0,
0.0,
0.0,
1.0
]
],
"at_element": 1,
"to_element": 2
},
{
"pose": [
[
-0.7139623060249145,
0.4034750512017121,
-0.5722461958225347,
-0.40718679329650864
],
[
0.05040851171786359,
0.8447778990953175,
0.5327375368288699,
-1.0858583420170314
],
[
0.6983672440213509,
0.35150844123274955,
-0.6234781537633425,
0.9439673682404766
],
[
0.0,
0.0,
0.0,
1.0
]
],
"at_element": 2,
"to_element": 1
},
{
"pose": [
[
0.3698550013241466,
-0.8327271305356153,
0.41203495490726993,
-0.3421383198319594
],
[
-0.9290162997676418,
-0.32590221175965683,
0.1752611284232853,
-1.08242302432751
],
[
-0.011661593439786705,
-0.4476083940679446,
-0.8941536404882333,
0.7586316620957108
],
[
0.0,
0.0,
0.0,
1.0
]
],
"at_element": 1,
"to_element": 10
},
{
"pose": [
[
0.44801104727269636,
0.8327271305356156,
0.3253484710146055,
-0.31215966052914357
],
[
0.07843040256553274,
0.3259022117596575,
-0.9421445856786378,
-1.0706903558288954
],
[
-0.8905811436781212,
0.4476083940679433,
0.08069666712378298,
0.7747458236917337
],
[
0.0,
0.0,
0.0,
1.0
]
],
"at_element": 10,
"to_element": 1
},
{
"pose": [
[
0.6544397042975821,
-0.633984123912781,
0.412034954907271,
-0.1719436454611235
],
[
-0.7397236987475901,
-0.6496863753958371,
0.1752611284232876,
-1.0100298685366877
],
[
0.15658072343068868,
-0.41948986191749993,
-0.8941536404882324,
0.3892936099038991
],
[
0.0,
0.0,
0.0,
1.0
]
],
"at_element": 1,
"to_element": 93
},
{
"pose": [
[
0.025016193842560264,
0.6339841239127819,
0.7729413436168192,
-0.14912050563456802
],
[
0.5249221615943438,
0.6496863753958343,
-0.5498766569805857,
-0.986641454805515
],
[
-0.8507825305639233,
0.4194898619175026,
-0.3165396364370212,
0.40439505395154646
],
[
0.0,
0.0,
0.0,
1.0
]
],
"at_element": 93,
"to_element": 1
},
{
"pose": [
[
-0.4456730760956704,
-0.8881418791741983,
0.11215842233352974,
-0.12242943535046019
],
[
-0.8843823483011851,
0.45623518998694745,
0.09857643446004288,
-1.156060600285201
],
[
-0.1387204788656089,
-0.05525806614873255,
-0.9887887412732805,
0.4343422019301929
],
[
0.0,
0.0,
0.0,
1.0
]
],
"at_element": 3,
"to_element": 4
},
{
"pose": [
[
-0.09533378997915265,
0.8881418791741974,
-0.4495725424724426,
-0.09045671921523349
],
[
-0.3005241888504461,
-0.45623518998694923,
-0.8375766611680113,
-1.1724848660049045
],
[
-0.9489977241300382,
0.055258066148732465,
0.3104027476062511,
0.43633146795241634
],
[
0.0,
0.0,
0.0,
1.0
]
],
"at_element": 4,
"to_element": 3
},
{
"pose": [
[
0.779687734284302,
0.43585727716934264,
-0.44957254247244494,
-0.028779114499441857
],
[
-0.5375262240910496,
0.09762630322340748,
-0.8375766611680092,
-1.057576331016117
],
[
-0.3211737776049445,
0.894705280445722,
0.31040274760625364,
0.39374679882590374
],
[
0.0,
0.0,
0.0,
1.0
]
],
"at_element": 4,
"to_element": 93
},
{
"pose": [
[
-0.4610749540653418,
-0.43585727716934075,
0.7729413436168178,
-0.044469763451609357
],
[
-0.8295208056623935,
-0.0976263032234106,
-0.5498766569805853,
-1.0610908302171507
],
[
0.3151271484763834,
-0.8947052804457225,
-0.31653963643702543,
0.36153784601846894
],
[
0.0,
0.0,
0.0,
1.0
]
],
"at_element": 93,
"to_element": 4
},
{
"pose": [
[
-0.7669647242151805,
0.6191112636122468,
0.16871975307586076,
-0.19188622286954587
],
[
0.6383952619286787,
0.7627874263625496,
0.10298947388064413,
-0.9129013693944021
],
[
-0.0649353629122546,
0.18669918438934086,
-0.9802687453916956,
0.4377574201604767
],
[
0.0,
0.0,
0.0,
1.0
]
],
"at_element": 92,
"to_element": 93
},
{
"pose": [
[
0.13879093124651953,
-0.6191112636122466,
0.7729413436168177,
-0.21417422792272456
],
[
-0.3402807727319477,
-0.7627874263625496,
-0.5498766569805875,
-0.9403617162052098
],
[
0.9300247701608128,
-0.1866991843893419,
-0.3165396364370221,
0.43103624965420057
],
[
0.0,
0.0,
0.0,
1.0
]
],
"at_element": 93,
"to_element": 92
},
{
"pose": [
[
0.5754488207620829,
-0.5842884099913033,
-0.5722461958225347,
-0.22444964147092827
],
[
-0.2808205377991309,
-0.7983298456175343,
0.5327375368288693,
-1.2559790712789405
],
[
-0.7681135855026489,
-0.1458647028794786,
-0.6234781537633427,
1.1430645800278265
],
[
0.0,
0.0,
0.0,
1.0
]
],
"at_element": 2,
"to_element": 3
},
{
"pose": [
[
-0.8037583854924861,
0.5842884099913033,
0.11215842233353124,
-0.2034155260590437
],
[
0.594097756404979,
0.7983298456175343,
0.09857643446003841,
-1.227239562121603
],
[
-0.03194234783296645,
0.14586470287947934,
-0.9887887412732808,
1.1483156425894352
],
[
0.0,
0.0,
0.0,
1.0
]
],
"at_element": 3,
"to_element": 2
},
{
"pose": [
[
0.11960666876396842,
-0.9864657789740297,
0.11215842233353311,
-0.19415104641609238
],
[
-0.9891719485455672,
-0.10872691837677961,
0.09857643446004138,
-1.2190969781646537
],
[
-0.08504763957778068,
-0.12273436410985283,
-0.9887887412732801,
1.0666399826246014
],
[
0.0,
0.0,
0.0,
1.0
]
],
"at_element": 3,
"to_element": 16
},
{
"pose": [
[
0.07755722869118464,
0.9864657789740292,
0.14446502410931494,
-0.1586385216831439
],
[
0.35009481353975946,
0.10872691837677995,
-0.9303827592732197,
-1.2151828359204002
],
[
-0.9334979902550965,
0.12273436410985589,
-0.33692399447983057,
1.0710583894603327
],
[
0.0,
0.0,
0.0,
1.0
]
],
"at_element": 16,
"to_element": 3
},
{
"pose": [
[
-0.5947714024039548,
-0.6664319229578477,
-0.4495725424724447,
0.1790300655309106
],
[
0.5399582641727592,
0.08312887355300103,
-0.8375766611680091,
-0.6704171904408172
],
[
0.595560283962903,
-0.7409170550368742,
0.3104027476062541,
0.25026708339560155
],
[
0.0,
0.0,
0.0,
1.0
]
],
"at_element": 4,
"to_element": 5
},
{
"pose": [
[
0.7210156090984244,
0.6664319229578479,
0.18974979182895851,
0.20302130253306544
],
[
0.3247763333384914,
-0.08312887355300136,
-0.9421305236988208,
-0.6734097909427267
],
[
-0.6120921701342317,
0.7409170550368741,
-0.2763785317564529,
0.2769397502562083
],
[
0.0,
0.0,
0.0,
1.0
]
],
"at_element": 5,
"to_element": 4
},
{
"pose": [
[
0.2996386539553062,
0.8414874961107346,
-0.44957254247244505,
0.13706147600751672
],
[
-0.46877636122513494,
-0.2805602605915014,
-0.8375766611680093,
-0.7486068211811985
],
[
-0.8309424770779106,
0.4617193239037271,
0.31040274760625275,
0.27924386527284195
],
[
0.0,
0.0,
0.0,
1.0
]
],
"at_element": 4,
"to_element": 6
},
{
"pose": [
[
-0.5190389517882228,
-0.8414874961107351,
0.1499912011281621,
0.10676828149448787
],
[
-0.6570519738644657,
0.2805602605915023,
-0.6996918206022119,
-0.7385067702760975
],
[
0.5467003476927673,
-0.46171932390372616,
-0.6985227238726694,
0.2626221645891289
],
[
0.0,
0.0,
0.0,
1.0
]
],
"at_element": 6,
"to_element": 4
},
{
"pose": [
[
0.2995582381311276,
-0.8415161264186417,
-0.44957254247244594,
0.04084040676332985
],
[
0.18600413687524248,
0.513680637879166,
-0.8375766611680087,
-0.9278715989372857
],
[
0.9357709778749663,
0.16728063619384548,
0.31040274760625364,
0.34567871493414604
],
[
0.0,
0.0,
0.0,
1.0
]
],
"at_element": 4,
"to_element": 56
},
{
"pose": [
[
0.5295257475573488,
0.8415161264186417,
0.10701911815743806,
0.07113459900464839
],
[
0.7229594474021217,
-0.5136806378791667,
0.46201930660966073,
-0.9463638648678057
],
[
0.4437703461091671,
-0.1672806361938449,
-0.8803891575142968,
0.33965668922125397
],
[
0.0,
0.0,
0.0,
1.0
]
],
"at_element": 56,
"to_element": 4
},
{
"pose": [
[
0.06396330067448242,
0.9866161035331615,
0.1499912011281596,
0.12961287097588742
],
[
0.7119024909311829,
0.06021793410888998,
-0.6996918206022097,
-0.8450741707964303
],
[
-0.6993593779830247,
0.15153370800155208,
-0.6985227238726723,
0.15623282474601913
],
[
0.0,
0.0,
0.0,
1.0
]
],
"at_element": 6,
"to_element": 56
},
{
"pose": [
[
0.12302671497624385,
-0.9866161035331615,
0.10701911815743811,
0.09409453078820322
],
[
-0.8848231239810502,
-0.06021793410888954,
0.4620193066096615,
-0.8472420262180271
],
[
-0.44939121783872127,
-0.15153370800155017,
-0.8803891575142959,
0.15077758661294383
],
[
0.0,
0.0,
0.0,
1.0
]
],
"at_element": 56,
"to_element": 6
},
{
"pose": [
[
0.7728448969233327,
-0.6255059341432083,
0.1070191181574377,
0.060670707717134266
],
[
-0.5957247704650359,
-0.6570008814106023,
0.46201930660966095,
-0.9915382213784246
],
[
-0.21868416301585142,
-0.4208232029930432,
-0.8803891575142964,
0.4257375371439902
],
[
0.0,
0.0,
0.0,
1.0
]
],
"at_element": 56,
"to_element": 95
},
{
"pose": [
[
0.002278920216065017,
0.6255059341432085,
0.780216080886751,
0.08318869903220533
],
[
0.5378244219804451,
0.6570008814106023,
-0.5282941727362624,
-0.9678864231554987
],
[
-0.8430537928531306,
0.42082320299304304,
-0.33491511488529024,
0.44088702288493314
],
[
0.0,
0.0,
0.0,
1.0
]
],
"at_element": 95,
"to_element": 56
},
{
"pose": [
[
-0.5815293019588152,
0.23040516072564843,
0.7802160808867508,
0.20805006420309297
],
[
-0.4154002058627092,
0.7405051897334192,
-0.5282941727362622,
-1.0524316321502991
],
[
-0.69947576078983,
-0.6313204621179809,
-0.33491511488529024,
0.38728910368617225
],
[
0.0,
0.0,
0.0,
1.0
]
],
"at_element": 95,
"to_element": 96
},
{
"pose": [
[
0.972614770343464,
-0.23040516072564812,
-0.03056092964422067,
0.19975557848305595
],
[
-0.19562251530130118,
-0.7405051897334187,
-0.642949372412063,
-1.0790894973756826
],
[
0.1255083264844327,
0.6313204621179815,
-0.7652987221302641,
0.41001636613686027
],
[
0.0,
0.0,
0.0,
1.0
]
],
"at_element": 96,
"to_element": 95
},
{
"pose": [
[
0.15396214866477365,
-0.9696858631945675,
0.1897497918289579,
0.14720256342608162
],
[
-0.24945843160112263,
-0.22396554917686307,
-0.9421305236988207,
-0.3962630420573618
],
[
0.9560680664480088,
0.09771775428504753,
-0.27637853175645355,
0.35824208534804775
],
[
0.0,
0.0,
0.0,
1.0
]
],
"at_element": 5,
"to_element": 7
},
{
"pose": [
[
-0.11244830879751877,
0.9696858631945673,
-0.2169440125220897,
0.18211080781449807
],
[
0.7640411245353658,
0.22396554917686307,
0.6050459427189308,
-0.3882003854569086
],
[
0.6352924821429191,
-0.09771775428504775,
-0.7660644245950698,
0.35472429120754967
],
[
0.0,
0.0,
0.0,
1.0
]
],
"at_element": 7,
"to_element": 5
},
{
"pose": [
[
-0.9751904437599448,
0.04403287215362503,
-0.21694401252209,
0.11914217213570863
],
[
-0.09892859320888503,
0.7900205950765289,
0.6050459427189296,
-0.21258402668729892
],
[
0.19803214851380363,
0.611496987339128,
-0.766064424595071,
0.1323718459936184
],
[
0.0,
0.0,
0.0,
1.0
]
],
"at_element": 7,
"to_element": 8
},
{
"pose": [
[
0.5481225059198349,
-0.04403287215362511,
0.8352381843965607,
0.11755700853686887
],
[
-0.5308423499967188,
-0.7900205950765302,
0.3067146211136451,
-0.24102441288967713
],
[
0.6463498417684667,
-0.6114969873391269,
-0.4564025816327626,
0.11035822939944485
],
[
0.0,
0.0,
0.0,
1.0
]
],
"at_element": 8,
"to_element": 7
},
{
"pose": [
[
-0.5257083489719563,
-0.16126967212441093,
0.835238184396562,
-0.09407088278795897
],
[
0.2019727369453516,
0.9301253435564054,
0.3067146211136381,
-0.3187380156887034
],
[
-0.8263399695960398,
0.32993777917504963,
-0.4564025816327646,
0.22599891459624444
],
[
0.0,
0.0,
0.0,
1.0
]
],
"at_element": 8,
"to_element": 22
},
{
"pose": [
[
-0.9267206119308717,
0.16126967212440868,
-0.3393832645776099,
-0.0882652424321742
],
[
-0.0277555296610823,
-0.930125343556405,
-0.36619185660977294,
-0.3522221367844764
],
[
-0.3747246162126303,
-0.32993777917505207,
0.8664424527210861,
0.2141212933396019
],
[
0.0,
0.0,
0.0,
1.0
]
],
"at_element": 22,
"to_element": 8
},
{
"pose": [
[
-0.0004864737247363138,
0.988687211876156,
0.14999120112815995,
0.07318578450951423
],
[
0.7064629823748179,
0.10649605962870268,
-0.6996918206022118,
-0.5818482577830417
],
[
-0.7077498271828775,
0.10562284959284512,
-0.6985227238726699,
0.4190189204784664
],
[
0.0,
0.0,
0.0,
1.0
]
],
"at_element": 6,
"to_element": 14
},
{
"pose": [
[
0.1183993045037316,
-0.9886872118761565,
0.09208258122785865,
0.03759350013287614
],
[
-0.9864360327310182,
-0.10649605962870234,
0.12491013815319417,
-0.5856820668925005
],
[
-0.11369062416454018,
-0.10562284959284383,
-0.9878857502874334,
0.41521654652822026
],
[
0.0,
0.0,
0.0,
1.0
]
],
"at_element": 14,
"to_element": 6
},
{
"pose": [
[
0.6129005500556961,
0.7757935004403922,
0.14999120112816094,
0.05174454819844772
],
[
0.6201843519157393,
-0.35468679961512417,
-0.6996918206022105,
-0.4818273395050853
],
[
-0.489616467635924,
0.521863697581298,
-0.6985227238726717,
0.518872716424846
],
[
0.0,
0.0,
0.0,
1.0
]
],
"at_element": 6,
"to_element": 21
},
{
"pose": [
[
-0.05938592465398229,
-0.775793500440389,
-0.6281860843949345,
0.02381654573871133
],
[
0.7823458680904952,
0.35468679961512417,
-0.511988492898532,
-0.4690588723724474
],
[
0.6200066569277469,
-0.5218636975813024,
0.5858754360032943,
0.5000860024069739
],
[
0.0,
0.0,
0.0,
1.0
]
],
"at_element": 21,
"to_element": 6
},
{
"pose": [
[
0.9749930333750986,
0.04820664166729805,
-0.21694401252208997,
0.17690437011070625
],
[
0.17305272116977205,
-0.7771564597268037,
0.6050459427189299,
-0.37367989248696626
],
[
-0.1394322077776908,
-0.6274583307312622,
-0.766064424595071,
0.33633951691773506
],
[
0.0,
0.0,
0.0,
1.0
]
],
"at_element": 7,
"to_element": 21
},
{
"pose": [
[
0.7765683247929424,
-0.048206641667297156,
-0.628186084394938,
0.17516895241437652
],
[
-0.3659175046979714,
0.777156459726806,
-0.5119884928985294,
-0.34570260499336825
],
[
0.5128801192129534,
0.6274583307312591,
0.5858754360032928,
0.3589277382332892
],
[
0.0,
0.0,
0.0,
1.0
]
],
"at_element": 21,
"to_element": 7
},
{
"pose": [
[
-0.39824663368189817,
0.8912546853688071,
-0.21694401252208972,
0.21260743143605465
],
[
0.6616233249942939,
0.4429153226327297,
0.605045942718931,
-0.47325393533061294
],
[
0.6353378586110945,
0.09742229100823607,
-0.7660644245950698,
0.46241280565484905
],
[
0.0,
0.0,
0.0,
1.0
]
],
"at_element": 7,
"to_element": 76
},
{
"pose": [
[
0.44083297793667553,
-0.8912546853688074,
0.10644891437506897,
0.18052272444911227
],
[
-0.8965521376398488,
-0.4429153226327296,
0.004503495371690654,
-0.4891986575071002
],
[
0.04313409390378144,
-0.09742229100823574,
-0.9943079739989047,
0.4589056536450928
],
[
0.0,
0.0,
0.0,
1.0
]
],
"at_element": 76,
"to_element": 7
},
{
"pose": [
[
0.30738712093516485,
-0.4559499240148276,
0.8352381843965608,
-0.40921183429926644
],
[
-0.948626767145644,
-0.07767494995117108,
0.3067146211136457,
-0.43446349297877424
],
[
-0.07496942402069351,
-0.8866094229935502,
-0.45640258163276126,
0.3982026602282529
],
[
0.0,
0.0,
0.0,
1.0
]
],
"at_element": 8,
"to_element": 11
},
{
"pose": [
[
-0.888975703394645,
0.4559499240148273,
0.04280029865396914,
-0.3927977527586603
],
[
0.08765328152283453,
0.07767494995117274,
0.993118071725795,
-0.43166721449508805
],
[
0.44948759828528584,
0.8866094229935502,
-0.109016650318974,
0.43012037442708817
],
[
0.0,
0.0,
0.0,
1.0
]
],
"at_element": 11,
"to_element": 8
},
{
"pose": [
[
-0.4512841474342806,
0.31419706173109185,
0.8352381843965606,
-0.26857516831274886
],
[
0.856579918415135,
0.4149662450887235,
0.30671462111364384,
-0.3828191566342797
],
[
-0.25022682038989164,
0.8538637021425106,
-0.45640258163276304,
0.3213539976220951
],
[
0.0,
0.0,
0.0,
1.0
]
],
"at_element": 8,
"to_element": 33
},
{
"pose": [
[
-0.43614276838822175,
-0.31419706173109174,
0.8432435543674238,
-0.27988654973868554
],
[
-0.7357869970448797,
-0.4149662450887259,
-0.5351826888237714,
-0.39775832077294543
],
[
0.5180704397688948,
