{
"line_pt_pairs": [
[
[
217.7004410106757,
-281.3102741005954,
0.12696928776842542
],
[
218.28905566768273,
-282.1000014000948,
-0.045841527812727545
]
],
[
[
215.48622693464853,
-282.89894263018175,
3.5339086921777056
],
[
215.6599930498544,
-282.72414695029306,
2.56475864832562
]
],
[
[
215.36003230971886,
-282.734292509819,
3.5200026477873863
],
[
215.54064377385015,
-283.0676572653614,
2.5946662555566973
]
],
[
[
216.3394440368423,
-282.6859991978362,
3.089674147112663
],
[
215.44650517533245,
-282.86240496002677,
3.503849468288898
]
],
[
[
216.21903499505987,
-283.05428334528017,
3.4564642923377162
],
[
215.29037261133556,
-282.7401818441835,
3.2591664868144674
]
],
[
[
217.00744038097255,
-284.26810102566475,
3.6689931597278136
],
[
216.67172746589875,
-284.32245220386295,
2.7285981426838517
]
],
[
[
216.92669230901728,
-284.3314210488277,
3.491839594072875
],
[
216.97685271259184,
-284.14552254117126,
2.510551828550265
]
],
[
[
217.13659339746022,
-283.1752817418488,
2.965386830455507
],
[
216.96607220986138,
-284.5042137167515,
3.6398216535934655
]
],
[
[
216.81951080942324,
-283.4336629540663,
3.316049913527549
],
[
216.99278447841826,
-284.41848412238716,
3.3262235097488144
]
],
[
[
216.82922458594987,
-283.62928282117804,
3.386823450637593
],
[
216.16862158308047,
-282.880123165197,
3.338207790092123
]
],
[
[
216.15684932329017,
-282.97605514600497,
2.9358300764539114
],
[
216.7777933926003,
-283.7455133285455,
3.0853712684713788
]
],
[
[
216.35771675132068,
-282.8228974531111,
2.6900200987684464
],
[
217.00137671680292,
-283.57801371597907,
2.565515968765638
]
],
[
[
216.4083787963325,
-283.17745880603536,
3.0344943068372467
],
[
215.46512173899072,
-282.94319096441177,
2.7991547603179048
]
],
[
[
216.64875089588796,
-283.36712902638754,
3.061135622677023
],
[
216.6851991695142,
-284.3468759780394,
2.864241148202553
]
],
[
[
217.46950887921065,
-282.09586649377053,
2.050645945820101
],
[
217.65323525700512,
-282.79576411525164,
1.360437326960855
]
],
[
[
216.73879043687657,
-282.14140008196097,
1.4317925807824907
],
[
217.61474829886856,
-282.1970700740335,
1.9109571412385598
]
],
[
[
218.08151726151968,
-281.816815937253,
1.3815581948695224
],
[
216.66135623363542,
-282.2988045299932,
1.410361863856385
]
],
[
[
217.76930023793366,
-281.79433278377195,
1.2095245187366666
],
[
217.5180866440793,
-282.7499567351333,
1.363390024446357
]
],
[
[
216.95575919792492,
-282.8398741769244,
2.3076603226420573
],
[
217.57530228001474,
-282.1435713528887,
1.9452672395477624
]
],
[
[
216.57982988841064,
-282.0872700792308,
1.4970427326863356
],
[
217.8258401769613,
-282.91684591829596,
1.4008019509703673
]
],
[
[
216.44309238999696,
-282.5309965937201,
2.0554738639213666
],
[
216.95167369991597,
-282.25310670525835,
1.2405368963638876
]
],
[
[
217.62487444974676,
-282.6220700644084,
1.2911452242956325
],
[
217.18021227365793,
-283.33138594813954,
1.838088115503265
]
],
[
[
216.62673674812848,
-284.378153527385,
3.164847360395565
],
[
217.09237290778495,
-283.964687431745,
2.382396879804883
]
],
[
[
217.45702988542334,
-281.5621400119145,
0.39891741338965825
],
[
218.23292543530448,
-282.19180917684747,
0.3601509535661127
]
],
[
[
217.2679044255087,
-281.78129161044006,
0.967714245487495
],
[
217.99112738933277,
-282.4717780124445,
0.9544073583761508
]
],
[
[
218.2962743302048,
-281.4111926560951,
0.7113138065939562
],
[
217.93639520630967,
-282.2662446937954,
0.33798683327283063
]
],
[
[
217.5283713610063,
-281.8309007851025,
0.42001457031121614
],
[
218.42060614961048,
-281.4380246556056,
0.6426475168307171
]
],
[
[
217.88054820372585,
-281.9079624947674,
1.6147021695669086
],
[
217.58905454535406,
-281.61424091246346,
0.1729119354420079
]
],
[
[
217.788739791729,
-281.8625514296013,
1.3451361951257361
],
[
217.92055079437768,
-282.13412674407067,
0.39178803828502273
]
],
[
[
217.88241032938095,
-281.53909617882744,
-0.13736946228490243
],
[
218.2016084934938,
-281.7570655398624,
0.7849113461877577
]
],
[
[
218.17885522413303,
-281.4278722546212,
0.7394004478546219
],
[
218.1368616316098,
-281.8696079008227,
-0.1567614555210639
]
],
[
[
217.3272780567863,
-282.57079679843105,
2.303964336390281
],
[
217.30523031852064,
-283.36093857934736,
1.691436897586342
]
],
[
[
217.1759696982442,
-282.4913122700912,
2.2303323006505043
],
[
216.27693538605692,
-282.37654462538524,
1.807761959478044
]
],
[
[
217.26538734047537,
-282.6458932938465,
2.295096794895753
],
[
217.5703021661819,
-282.8301849093896,
1.3607180978436142
]
],
[
[
216.93904268182737,
-282.3782835604138,
2.280279944797161
],
[
216.90301058423847,
-282.23746762172163,
1.2909000585281998
]
],
[
[
216.7846934461753,
-282.4915179670815,
2.229015394600652
],
[
217.63337046680897,
-282.18755247614087,
1.7961732813935205
]
],
[
[
217.3725124218805,
-282.9369854971335,
2.30141590536013
],
[
217.53539632323813,
-282.0029867204596,
1.98342986816635
]
],
[
[
218.24553302235373,
-281.60711720548636,
0.7410367011545895
],
[
218.5001815925491,
-281.1723787344843,
-0.12276684568245022
]
],
[
[
217.80363925969152,
-281.9567895792485,
1.4151903011694573
],
[
218.26539384203497,
-281.6064381860812,
0.6003058878993572
]
],
[
[
217.39986899733296,
-282.1922234339039,
1.98902193524627
],
[
217.7380064654626,
-281.9567333176441,
1.0778647271911503
]
],
[
[
217.59969024881732,
-282.839635286436,
1.568466958074727
],
[
217.98319225841016,
-282.25714442950704,
0.851786687499068
]
],
[
[
217.06054470726093,
-283.72110543157135,
2.486852659934667
],
[
217.3002509956819,
-283.1932843769348,
1.6720239481345611
]
],
[
[
217.8918694954724,
-282.2722666139822,
0.5759591750644519
],
[
218.1709659979994,
-281.63729829598714,
-0.14440210750127935
]
],
[
[
217.79604392613336,
-282.43896967214334,
1.0716070293580522
],
[
218.1078855623388,
-282.0262170535082,
0.21580911528101954
]
],
[
[
217.66407776019366,
-281.8333683351967,
0.7114521817406276
],
[
217.9360878168861,
-281.34519285287604,
-0.11782173411536867
]
],
[
[
217.25443228327387,
-281.9378645603064,
1.0800613155769923
],
[
217.78258040895736,
-281.67204095170456,
0.2735891421903771
]
],
[
[
216.74710200389757,
-282.21682626615336,
1.5492029421452926
],
[
217.4460591677946,
-281.92380565437503,
0.8968243679186181
]
],
[
[
215.8797681430233,
-282.6897254007186,
2.4439664719713745
],
[
216.5650880983164,
-282.3880643235502,
1.7811413416401036
]
],
[
[
216.4171970924837,
-282.4934039471648,
3.0048716836897853
],
[
215.97950613987072,
-283.218365165084,
3.536715516514666
]
],
[
[
216.10101616355277,
-282.8151099318285,
3.3441630700306524
],
[
216.552803952846,
-282.53015531416094,
2.4987704634178955
]
],
[
[
216.16721850210408,
-282.81132505964433,
3.601689053939536
],
[
216.41586789697922,
-283.1379594889001,
2.689831922557102
]
],
[
[
216.65047372613674,
-282.6915891368614,
2.7751868630761263
],
[
215.8029671673405,
-282.54219426242815,
2.2658600482602895
]
],
[
[
216.36025217636123,
-282.50653096721106,
2.982871418308045
],
[
216.6782502006064,
-283.01985668115924,
2.185767931942728
]
],
[
[
216.3801307946097,
-282.66938759315195,
2.7834596918912506
],
[
216.98922073792525,
-282.3653914201092,
2.050932717830105
]
],
[
[
216.31948491534303,
-282.4489842002705,
2.3270023164024987
],
[
215.38083315671665,
-282.72431338286646,
2.5346720475589763
]
],
[
[
216.72584736135462,
-282.7118940330792,
2.1537189744583656
],
[
216.4386724829349,
-283.30584491105725,
2.905219436037576
]
],
[
[
216.6181459784476,
-282.99929273959754,
2.3799157605638044
],
[
216.2456062522652,
-283.3890881783661,
3.222099629045739
]
],
[
[
216.25538617720926,
-282.9055651295132,
2.6135121566811113
],
[
216.95918333616447,
-283.61596204568167,
2.6111078802926126
]
],
[
[
215.79371579613434,
-282.481747641967,
2.344015484836744
],
[
215.35994426573114,
-283.06236153606386,
3.0330218457604676
]
],
[
[
217.3678002855757,
-282.7116507774557,
2.1703472761041445
],
[
217.04036694909115,
-283.3605702558775,
2.857144859590998
]
],
[
[
217.7268579459349,
-281.6018431736499,
0.06111161436281476
],
[
218.62591781065157,
-281.183223940764,
-0.06714320041514332
]
],
[
[
218.10865952060132,
-282.0538514746503,
0.023882929496992222
],
[
218.46281444540116,
-281.11947674219164,
0.06284635571785735
]
],
[
[
217.31125323806026,
-283.2961237612643,
2.888706596368521
],
[
216.56311404487295,
-283.6784799059628,
3.431008658164693
]
],
[
[
217.04458716078042,
-283.5937856514694,
3.3814782731821214
],
[
217.10140761974688,
-283.20727712868893,
2.460944407829561
]
],
[
[
216.9955530426534,
-283.721805620556,
3.5876645117468895
],
[
216.46815772389343,
-283.2706812845586,
2.867705477342152
]
],
[
[
216.53424542717553,
-283.5509198051742,
3.2797860460955133
],
[
216.8403118647464,
-283.2852334467686,
2.365601111440702
]
],
[
[
216.53497933727516,
-283.3854277800879,
2.9154616820827908
],
[
217.1021706798145,
-282.99681936954346,
2.189322932116565
]
],
[
[
217.1135588875163,
-283.4999492180411,
2.9266134387939466
],
[
216.7759799077188,
-283.0165124105374,
2.118944394228304
]
],
[
[
217.05107963410717,
-283.1236760761142,
2.8805131496046767
],
[
217.0453702731961,
-283.8788581846756,
2.225022961953673
]
],
[
[
216.84500980921723,
-283.0110853322607,
2.443488765072579
],
[
216.97257411185217,
-284.0021409648976,
2.4042958867418176
]
],
[
[
217.0476842008938,
-283.52209506995086,
2.2170363407862848
],
[
216.89979353727867,
-284.36773219708823,
2.7298971414157664
]
],
[
[
215.78881625033432,
-282.62975534291616,
2.515833025123582
],
[
216.77455509666348,
-282.77236932476734,
2.426501177397083
]
],
[
[
216.84426257590366,
-283.4943222319058,
2.519649329815829
],
[
216.84167468228895,
-282.5762745993184,
2.123187670752399
]
],
[
[
216.2843692714968,
-282.72107213950716,
2.569272130796554
],
[
217.15795535291343,
-282.91197729960686,
2.1216086654540938
]
],
[
[
216.62048467391338,
-282.76901519566144,
2.2634606663995185
],
[
217.6170909913042,
-282.83276040435044,
2.2113799933437637
]
],
[
[
216.8919102880511,
-282.1238169563511,
2.2994944390548593
],
[
216.93334540937173,
-283.11430411941575,
2.1682758789142325
]
],
[
[
216.6564976195155,
-282.93755720070055,
2.5476392948909554
],
[
216.39701718130183,
-282.38499728091256,
1.7555866216246196
]
],
[
[
216.6920664828863,
-283.18505671437424,
2.500593000495317
],
[
217.38115812838547,
-283.3575507498395,
1.7967474834731585
]
],
[
[
216.61599357557438,
-283.44267330777274,
3.1793736084680186
],
[
217.0500983048615,
-283.8472457149514,
2.374467246609585
]
],
[
[
216.3731044667107,
-283.1449525171387,
3.0542956009825115
],
[
215.96898993273325,
-282.5877942046134,
2.3288536265888524
]
],
[
[
216.78206255650045,
-283.273166240989,
2.5902065303687634
],
[
217.44276228028303,
-282.71267608231256,
2.090880327350629
]
],
[
[
216.41077479965216,
-282.87112374508956,
2.4646478018304014
],
[
217.1505967634657,
-282.3177973663278,
2.081903265062764
]
]
],
"contact_id_pairs": [
[
1,
3
],
[
1,
4
],
[
2,
4
],
[
1,
58
],
[
54,
58
],
[
2,
12
],
[
2,
58
],
[
3,
48
],
[
3,
49
],
[
4,
48
],
[
9,
48
],
[
9,
50
],
[
5,
6
],
[
5,
7
],
[
6,
8
],
[
5,
13
],
[
5,
22
],
[
6,
70
],
[
22,
70
],
[
7,
62
],
[
7,
63
],
[
62,
63
],
[
8,
64
],
[
9,
64
],
[
62,
64
],
[
10,
12
],
[
10,
56
],
[
12,
79
],
[
50,
79
],
[
10,
13
],
[
10,
65
],
[
13,
64
],
[
13,
65
],
[
13,
78
],
[
64,
78
],
[
11,
55
],
[
55,
56
],
[
56,
57
],
[
11,
65
],
[
11,
66
],
[
57,
65
],
[
14,
18
],
[
14,
35
],
[
14,
36
],
[
15,
35
],
[
15,
39
],
[
14,
19
],
[
14,
40
],
[
17,
21
],
[
19,
21
],
[
21,
33
],
[
15,
46
],
[
16,
34
],
[
19,
34
],
[
19,
46
],
[
20,
34
],
[
16,
27
],
[
16,
38
],
[
17,
27
],
[
17,
39
],
[
27,
28
],
[
18,
74
],
[
72,
73
],
[
72,
74
],
[
73,
75
],
[
74,
75
],
[
20,
76
],
[
32,
47
],
[
47,
76
],
[
21,
41
],
[
31,
41
],
[
41,
77
],
[
23,
27
],
[
23,
45
],
[
26,
44
],
[
26,
45
],
[
23,
43
],
[
25,
42
],
[
25,
43
],
[
28,
42
],
[
24,
45
],
[
24,
46
],
[
24,
40
],
[
24,
43
],
[
25,
29
],
[
25,
37
],
[
25,
38
],
[
26,
30
],
[
26,
37
],
[
0,
29
],
[
0,
44
],
[
0,
60
],
[
0,
42
],
[
0,
61
],
[
30,
42
],
[
31,
33
],
[
31,
59
],
[
31,
80
],
[
36,
74
],
[
59,
74
],
[
74,
80
],
[
32,
35
],
[
32,
81
],
[
34,
53
],
[
34,
75
],
[
35,
53
],
[
35,
81
],
[
75,
81
],
[
37,
60
],
[
37,
61
],
[
41,
68
],
[
68,
70
],
[
69,
70
],
[
70,
78
],
[
47,
79
],
[
51,
54
],
[
51,
79
],
[
71,
79
],
[
49,
52
],
[
49,
53
],
[
51,
52
],
[
51,
53
],
[
52,
53
],
[
52,
55
],
[
52,
76
],
[
71,
73
],
[
73,
76
],
[
73,
81
],
[
59,
63
],
[
59,
68
],
[
63,
68
],
[
67,
68
],
[
66,
69
],
[
66,
80
],
[
67,
69
],
[
67,
72
],
[
69,
72
],
[
72,
77
]
],
"coupler_pt_pairs": [
[
[
215.49640182946194,
-282.8887074490902,
3.477160000161792
],
[
215.49201726002408,
-282.85341375767797,
3.482739420213842
]
],
[
[
215.52748880828298,
-282.8574362798391,
3.30377782578366
],
[
215.53724116735455,
-282.8236802020131,
3.3116146371959934
]
],
[
[
215.40391693757525,
-282.815292840046,
3.29516618233745
],
[
215.41680022733829,
-282.78294345988206,
3.286026507885679
]
],
[
[
215.64981815504098,
-282.7343821313846,
2.621507340341534
],
[
215.6200790269423,
-282.7141647409529,
2.61982159491584
]
],
[
[
215.70926805947636,
-282.6279755105067,
2.462008264285057
],
[
215.7057335992188,
-282.59951398295954,
2.4837671491898714
]
],
[
[
215.49675914599376,
-282.9866569351344,
2.8195027210066335
],
[
215.5073924517791,
-282.95368934189196,
2.809701164716621
]
],
[
[
215.4803051960156,
-282.9562869525945,
2.903802124612957
],
[
215.44792646264668,
-282.9445951950713,
2.89327018140734
]
],
[
[
216.29393195215067,
-282.69499040018496,
3.110784195187719
],
[
216.3049629282338,
-282.6793009046436,
3.141248841435926
]
],
[
[
216.20827231575885,
-282.71191300720545,
3.1505160390392053
],
[
216.2101550947823,
-282.74627309480417,
3.1399405395824624
]
],
[
[
216.0926073790571,
-283.0115217295816,
3.4296042712665047
],
[
216.0917403041206,
-283.03246820760523,
3.4003383587685256
]
],
[
[
216.1806590457334,
-282.89377430111495,
3.339093661327376
],
[
216.1670403259026,
-282.907746425776,
3.3088403463987306
]
],
[
[
216.21149195150494,
-282.9287404895524,
3.3413627428697072
],
[
216.2385164512794,
-282.9049845071072,
3.3402223271007347
]
],
[
[
216.91293201050374,
-284.28340172174745,
3.404257438618373
],
[
216.93141640563042,
-284.31391316516203,
3.3994221117707997
]
],
[
[
216.96136138794913,
-284.2755611126872,
3.5399172335898106
],
[
216.99414677889766,
-284.28541866260446,
3.5287828597094313
]
],
[
[
216.93537715812224,
-284.2992342964737,
3.3219379273241962
],
[
216.97070412299894,
-284.2929878392697,
3.3249270829936064
]
],
[
[
216.71780645892218,
-284.31499211684053,
2.857674068821855
],
[
216.6841510405506,
-284.31870177238216,
2.869903166754657
]
],
[
[
216.75811379072857,
-284.3084664489995,
2.9705824863389863
],
[
216.7394159445584,
-284.2780989537838,
2.9755023330157866
]
],
[
[
216.9721286159787,
-284.16303042483696,
2.60296931085234
],
[
216.93660314044567,
-284.1572553061722,
2.60224741634444
]
],
[
[
216.97969371135503,
-284.0647420053462,
2.571741907184661
],
[
216.9514292467502,
-284.072479799487,
2.5508328877752584
]
],
[
[
217.10851882842397,
-283.39407679599583,
3.0764256243395414
],
[
217.09359940813795,
-283.4073614561288,
3.046476863986555
]
],
[
[
217.09614596418845,
-283.4905029066466,
3.1253620094298116
],
[
217.06041807648793,
-283.4860993716388,
3.125005617146482
]
],
[
[
217.05738942242394,
-283.4258675184542,
3.0727243191247733
],
[
217.064465667134,
-283.4585665373413,
3.0594316261834384
]
],
[
[
216.84159116484255,
-283.55915923718374,
3.3173463402827577
],
[
216.81139159439437,
-283.5642772768128,
3.3362616385190607
]
],
[
[
216.81718712329692,
-283.61563168526015,
3.3859375794023396
],
[
216.84408398671764,
-283.59224175289813,
3.380890747599495
]
],
[
[
216.78076787479526,
-283.56724221109823,
3.273238390546658
],
[
216.7796490365846,
-283.5371252718453,
3.2929291695772083
]
],
[
[
216.29456052690546,
-283.1467033858167,
2.9689948952526004
],
[
216.285774721662,
-283.14700879060877,
3.003904991750971
]
],
[
[
216.37881892808335,
-283.25111426505435,
2.989286741768863
],
[
216.35717440248152,
-283.2723522895206,
2.9698825103201143
]
],
[
[
216.3661080835441,
-283.16696042855517,
3.023947902438531
],
[
216.36802032451607,
-283.13794293978464,
3.045168856355271
]
],
[
[
216.3445699478039,
-283.0443000414372,
2.951298649395903
],
[
216.3155872939643,
-283.0656527933866,
2.9510442505596335
]
],
[
[
216.64008218898502,
-283.5748650887338,
3.05220644967269
],
[
216.65622173203846,
-283.56794865970676,
3.0207779812473863
]
],
[
[
216.5857644857398,
-283.5075559649583,
3.0391251843987233
],
[
216.6099350357616,
-283.4852161081796,
3.053709967880397
]
],
[
[
216.64979902485155,
-283.3953032320448,
3.0554736041249195
],
[
216.61962677982922,
-283.4002451522164,
3.0744792414895463
]
],
[
[
216.65289743712853,
-283.478590029507,
3.0387359044675395
],
[
216.61868819033677,
-283.4776177782807,
3.0275653108352616
]
],
[
[
216.65386016194614,
-283.5044685310514,
3.033535241221606
],
[
216.68494023144657,
-283.5069294944744,
3.05153440701186
]
],
[
[
216.66368241279173,
-283.4379295370796,
3.1346205621261696
],
[
216.63978458227373,
-283.4648458025653,
3.1352609062664323
]
],
[
[
216.56826807050246,
-283.0699078837868,
2.649292835583713
],
[
216.54483545279834,
-283.0862728178918,
2.6274043245834777
]
],
[
[
216.52836452218523,
-283.12033890247625,
2.670506674017772
],
[
216.49693593868145,
-283.12611712183985,
2.653929867019454
]
],
[
[
216.50657782823126,
-283.1160286284431,
2.632132879289429
],
[
216.4850040975331,
-283.13733625904894,
2.612727747512665
]
],
[
[
216.79082539762112,
-283.3310032853034,
2.6062432319503714
],
[
216.76462225616035,
-283.3509371437632,
2.591677189655818
]
],
[
[
216.7255470312631,
-283.2544213030552,
2.618870126036169
],
[
216.7473160301573,
-283.23994631989535,
2.6436206133332325
]
],
[
[
216.7295654158406,
-283.38419091614594,
2.611892289461059
],
[
216.7529779170369,
-283.3610452172988,
2.626457479468544
]
],
[
[
217.49455724246513,
-282.1912871408995,
1.9565462503158002
],
[
217.5211931821303,
-282.20438442425075,
1.9769176015204144
]
],
[
[
217.51173240197954,
-282.25671516183473,
1.8920239793744733
],
[
217.49270842999786,
-282.2379325430408,
1.8679137100619942
]
],
[
[
217.47863333293648,
-282.1306257022015,
2.0163679249961333
],
[
217.51276616693687,
-282.13275116080723,
2.0276090268390825
]
],
[
[
217.52516512582952,
-282.19137676988123,
1.8619535491754613
],
[
217.53028480086877,
-282.22447404264335,
1.8487490156270305
]
],
[
[
217.45956213960554,
-282.18720748516847,
1.8260675466374676
],
[
217.45729919821628,
-282.15222714258005,
1.8342684801372098
]
],
[
[
217.6441108032793,
-282.7610049068207,
1.3947153477848229
],
[
217.6291738848839,
-282.78590831227046,
1.4159922891727326
]
],
[
[
217.63590507411158,
-282.7297455395162,
1.4255419773823845
],
[
217.6688470684,
-282.7345948587627,
1.439228187661783
]
],
[
[
217.52327610253562,
-282.73021588146617,
1.3602115394070236
],
[
217.55387887830403,
-282.73532072796115,
1.378471120663463
]
],
[
[
217.55573582415843,
-282.73701430119735,
1.4216645829225247
],
[
217.5432070207876,
-282.7523442538025,
1.3915977073588546
]
],
[
[
217.51119782114742,
-282.8034046653941,
1.4309696286462414
],
[
217.5432871092232,
-282.8138569119583,
1.4435028350677785
]
],
[
[
216.82837360991564,
-282.1470933861133,
1.4807961728455892
],
[
216.83228087512381,
-282.18111711794444,
1.4697004011669645
]
],
[
[
216.89564544151602,
-282.21928909238903,
1.4056100162429912
],
[
216.9069981309682,
-282.25305123115317,
1.4003912842390134
]
],
[
[
216.8897303546915,
-282.2935973798189,
1.4731062825598256
],
[
216.9097736872848,
-282.2638982979151,
1.4766033223001611
]
],
[
[
216.77649618048807,
-282.2182076852563,
1.4818523944839703
],
[
216.79189015868587,
-282.1980499330755,
1.5073994753918476
]
],
[
[
216.91383448114902,
-282.2737821333119,
1.3011694394700766
],
[
216.90357499060778,
-282.2396733609935,
1.3063976938825976
]
],
[
[
217.84722805363907,
-281.8963313748572,
1.3863100424829164
],
[
217.83618643657462,
-281.8632616648617,
1.3952793423107193
]
],
[
[
217.81301034381178,
-281.9079445268045,
1.387004045182612
],
[
217.82414514064578,
-281.94123095950727,
1.3790024139043018
]
],
[
[
217.7641107794773,
-281.81407363743904,
1.2127030037760003
],
[
217.79748981598476,
-281.8242692809692,
1.2038775465676048
]
],
[
[
217.71421983862757,
-282.00386025408056,
1.2432606448908765
],
[
217.6805762645793,
-281.996729608968,
1.2326181823002105
]
],
[
[
217.82126634849348,
-281.8482275406074,
1.3214813824929599
],
[
217.79176467173767,
-281.86878370705216,
1.3232581749075325
]
],
[
[
217.00986829580935,
-282.7790611055624,
2.276009960669405
],
[
217.00721673923826,
-282.79375145889867,
2.2432508143216254
]
],
[
[
216.84247271136348,
-282.8593730614987,
2.245444601667801
],
[
216.8599921847099,
-282.84686327416654,
2.274297939310305
]
],
[
[
216.8422986125924,
-282.79761203557564,
2.218772914999539
],
[
216.8449318299957,
-282.7833713466856,
2.2517315023853666
]
],
[
[
216.93843066901385,
-282.8640044714939,
2.234102651808967
],
[
216.922723699405,
-282.86039711886826,
2.201913176058377
]
],
[
[
216.9210759795133,
-282.7882416998198,
2.2477523598825213
],
[
216.91951031287033,
-282.7835826192094,
2.2120894695218563
]
],
[
[
216.48093160876388,
-282.5103211656665,
1.9948413208151778
],
[
216.4698080433799,
-282.54000439122905,
1.9777775401200977
]
],
[
[
216.46021214063188,
-282.3999411088862,
1.8939069704746752
],
[
216.46215287441737,
-282.43337389068034,
1.8806978373609762
]
],
[
[
216.44310148315336,
-282.44175984700024,
1.899123889017614
],
[
216.4377586642265,
-282.4717556920355,
1.8799482139106005
]
],
[
[
217.25120784510065,
-283.2181352845867,
1.7507622191354344
],
[
217.27890970803884,
-283.2402768068175,
1.7445689532443656
]
],
[
[
217.30807771284788,
-283.258894315324,
1.7705428418567148
],
[
217.27315694193038,
-283.2529441051785,
1.7641242140943254
]
],
[
[
217.23148691570174,
-283.3446993834218,
1.905772286892993
],
[
217.2556810272499,
-283.32614120994054,
1.9249111257115386
]
],
[
[
217.61070817650605,
-281.6868558724826,
0.3912391075946031
],
[
217.63341631250532,
-281.65894174236917,
0.3923347626981972
]
],
[
[
217.67503820821338,
-281.7390621744152,
0.38802495384670377
],
[
217.6944307265854,
-281.71640779790874,
0.4081920357135713
]
],
[
[
217.75339983005185,
-281.7318144066353,
0.476164309992138
],
[
217.7372459450263,
-281.702053653837,
0.488385182343424
]
],
[
[
217.6764682165863,
-281.76568956474426,
0.4569681163387529
],
[
217.6617258537842,
-281.7328685726121,
0.4581317563443825
]
],
[
[
218.07924714422174,
-282.06709331627934,
0.36782925936116784
],
[
218.05926915255242,
-282.0905655821144,
0.34922882982383996
]
],
[
[
217.99413308416877,
-282.12906282677966,
0.39788224191398447
],
[
217.96101593468626,
-282.1149525745534,
0.3974889427757846
]
],
[
[
218.00400775315362,
-282.1056011829206,
0.4081259044103529
],
[
218.03624189847014,
-282.12104438391293,
0.41242332896234846
]
],
[
[
217.917525914369,
-282.1278944666198,
0.41366605850322635
],
[
217.95208234259732,
-282.1352772575609,
0.4205469667812314
]
],
[
[
217.36321180101206,
-281.872284914148,
0.9659606445232836
],
[
217.34258196564582,
-281.89349771410224,
0.9454584220537983
]
],
[
[
217.41848641871513,
-281.925057535883,
0.9649436233075739
],
[
217.40127101300627,
-281.9425819874529,
0.9386278346720631
]
],
[
[
217.8958200138294,
-282.38078470873654,
0.9561609593403622
],
[
217.91403543882748,
-282.36218485718035,
0.9810254579120121
]
],
[
[
217.86615591122782,
-282.352463346586,
0.956706761789017
],
[
217.84466033591974,
-282.3746211435371,
0.938187314815232
]
],
[
[
218.16673110010433,
-281.71897989773555,
0.5769298459901884
],
[
218.1341773549137,
-281.7110191528758,
0.5900780044023475
]
],
[
[
218.2385364523457,
-281.5483745231108,
0.6514183979528023
],
[
218.2712954732883,
-281.5631353032123,
0.6536468663111001
]
],
[
[
218.21469918498613,
-281.60501049523504,
0.6266903871160556
],
[
218.24488796108068,
-281.62199680582245,
0.6364937751645128
]
],
[
[
218.18083688067213,
-281.54360182380833,
0.5828196110929491
],
[
218.17081931179663,
-281.51240298217874,
0.56791051184177
]
],
[
[
218.27250929403047,
-281.5032358759638,
0.6056939708031805
],
[
218.28855340525075,
-281.53367239694796,
0.5951055486481045
]
],
[
[
217.92169136072744,
-281.6071193105807,
0.06201260858128066
],
[
217.94984146796102,
-281.58514256581407,
0.0574638795005078
]
],
[
[
217.83621706243724,
-281.4924409111189,
0.08710692626929228
],
[
217.86291963205346,
-281.47650753423574,
0.10524526528183498
]
],
[
[
217.8718587452909,
-281.5402603284823,
0.07664291860433892
],
[
217.86545000013098,
-281.53731209881437,
0.04134085277263422
]
],
[
[
218.07493941354667,
-281.81272780072914,
0.017020658960836155
],
[
218.0999427557341,
-281.79888222223275,
0.03891224229155332
]
],
[
[
218.15327961592118,
-281.9178345895713,
-0.0059791663135948525
],
[
218.15885376972662,
-281.9214228824913,
0.029405201772636058
]
],
[
[
218.1448975439462,
-281.78507717326517,
0.014728480491787987
],
[
218.11075315087447,
-281.7742876524084,
0.011010100781940757
]
],
[
[
217.32443066245904,
-282.6728410624544,
2.2248583921199083
],
[
217.29240239743407,
-282.66222129127783,
2.2123120576715887
]
],
[
[
217.32296715573108,
-282.7252898804914,
2.1841994357700187
],
[
217.35698052251115,
-282.733093783473,
2.193041932691089
]
],
[
[
217.32150745585622,
-282.7776022694009,
2.1436462409253014
],
[
217.348380716115,
-282.7927426177938,
2.1622095354228343
]
],
[
[
217.39514257818175,
-282.8072210567858,
2.257236746687398
],
[
217.3926438352219,
-282.81840425332626,
2.2231091573579156
]
],
[
[
217.32888696002968,
-282.7887706430995,
2.2519687085379223
],
[
217.325938452874,
-282.81413762522624,
2.226595048575437
]
],
[
[
217.30201986609555,
-282.81260773796873,
2.227844986566223
],
[
217.29913327808555,
-282.8345206046189,
2.1994284646193525
]
],
[
[
216.95652249988555,
-282.4632983914756,
2.1271862068666763
],
[
216.9531398009871,
-282.43118655985273,
2.143104412676897
]
],
[
[
216.99269294366923,
-282.46791578659025,
2.1441872896538734
],
[
216.98508078555724,
-282.44158979364533,
2.1675324290925357
]
],
[
[
216.9328804912504,
-282.3542012918655,
2.1110767115638946
],
[
216.94355627861856,
-282.3881825054417,
2.105851451204677
]
],
[
[
216.93847827545807,
-282.37607782114196,
2.264782309442763
],
[
216.90253199801782,
-282.3777239568986,
2.265857141910715
]
],
[
[
216.8877791121155,
-282.454596400579,
2.1764396603671416
],
[
216.87907153138312,
-282.42036677739424,
2.1834045569222518
]
],
[
[
217.0116232553381,
-282.4102398964207,
2.1132766909953946
],
[
217.02780514483464,
-282.4096354638739,
2.1454291178904334
]
],
[
[
216.90831918774776,
-282.51606401612946,
2.247530015564246
],
[
216.88992702483822,
-282.51275703173707,
2.2167599241514435
]
],
[
[
218.47441914161453,
-281.2163606367584,
-0.03537701083896083
],
[
218.4873257564555,
-281.2477550155995,
-0.04737243882496278
]
],
[
[
218.44608561889984,
-281.26473189732985,
0.060734258886786296
],
[
218.41262019627587,
-281.25190533435057,
0.05732408344221307
]
],
[
[
217.081885994904,
-283.6741130016887,
2.4143076548248628
],
[
217.04696262902286,
-283.66823590145356,
2.4078409053179888
]
],
[
[
217.04644770828142,
-283.73634491353397,
2.348722993753097
],
[
217.0108745977268,
-283.7325719608669,
2.344686065857611
]
],
[
[
216.95534437405092,
-283.86828197500733,
2.409589554353886
],
[
216.9877651607498,
-283.8647114578255,
2.424825839798703
]
],
[
[
216.99403910572042,
-283.8288371120684,
2.403068817671102
],
[
217.02630729816212,
-283.8250732201588,
2.418579948811171
]
],
[
[
215.98270336692235,
-282.6444158335885,
2.344409976250502
],
[
215.98853866551318,
-282.61474631361193,
2.3639463295539738
]
],
[
[
215.99621538720623,
-282.5762592419161,
2.381996612952885
],
[
215.99105001258334,
-282.54532207263026,
2.3996660996764185
]
],
[
[
215.96366003271774,
-282.57052052161305,
2.3624317909055175
],
[
215.97407407492787,
-282.5948037819674,
2.337980371216093
]
],
[
[
216.05494602244795,
-282.6682582655022,
2.49171521302104
],
[
216.04888901605864,
-282.697952178888,
2.472283629438116
]
],
[
[
216.40376037371612,
-282.6241610777368,
2.777663215381396
],
[
216.43586900771496,
-282.62859481975636,
2.793327976825895
]
],
[
[
216.44366502161648,
-282.59899215118526,
2.702992993866085
],
[
216.45263809821958,
-282.63319927144846,
2.6962581935024357
]
],
[
[
216.4897808607595,
-282.6632628776765,
2.6786151204308983
],
[
216.4760569258024,
-282.6934678383649,
2.692591723217697
]
],
[
[
216.46889899057192,
-282.6595819098513,
2.6660657232378564
],
[
216.46725681952077,
-282.6259030824716,
2.678676869435389
]
],
[
[
216.45421089644358,
-282.65820306386144,
2.7473516425803424
],
[
216.4257952539164,
-282.6465965078194,
2.728540958516679
]
],
[
[
216.6026333692527,
-282.897792828614,
2.3753113734248776
],
[
216.63615532210432,
-282.89740004166015,
2.3884317364781698
]
],
[
[
216.5841308568495,
-282.8679252990539,
2.421690331841658
],
[
216.61575613659085,
-282.85079878957765,
2.4232777026049748
]
],
[
[
216.50842532454985,
-282.7338664021813,
2.450618989499625
],
[
216.50389395539636,
-282.7690449676201,
2.4567781444416803
]
],
[
[
216.61698709416092,
-282.79375926220575,
2.398824306253581
],
[
216.60263506057427,
-282.8228576439515,
2.383226192723906
]
],
[
[
216.5500120449588,
-282.77912317451774,
2.433145231523675
],
[
216.53356641828324,
-282.77928564754353,
2.4011219490027322
]
],
[
[
217.0511867121557,
-283.33912724986027,
2.834450203004053
],
[
217.07881356062956,
-283.36096818595786,
2.8269850374128813
]
],
[
[
217.0840164682745,
-283.27406402677474,
2.7655891718978767
],
[
217.05000219902186,
-283.2661893472559,
2.756813117805253
]
],
[
[
217.0855767040394,
-283.31496340851953,
2.7174170638652004
],
[
217.04964562706638,
-283.31335342838383,
2.7158751876841687
]
],
[
[
217.01551951291484,
-283.3595499482305,
2.692050943043603
],
[
217.0493561728469,
-283.35163978848635,
2.682643026747698
]
],
[
[
216.88983398693236,
-283.142300829736,
2.4611640008661233
],
[
216.86223954701845,
-283.14494432215093,
2.4381950974605107
]
],
[
[
216.850559749394,
-283.1692093840112,
2.511444291859841
],
[
216.87644412066848,
-283.1930997055078,
2.5188773222965586
]
],
[
[
216.90372387248132,
-283.1994507396351,
2.4245761193749993
],
[
216.86987357888538,
-283.2042536283216,
2.435849616193787
]
],
[
[
216.87401928232023,
-283.156911680348,
2.353506889978648
],
[
216.84329068971812,
-283.1495484719951,
2.370757734212559
]
],
[
[
216.87819481245216,
-283.26890185064195,
2.433292998958326
],
[
216.8436386456002,
-283.27298479564865,
2.4240640855686886
]
],
[
[
216.843451216282,
-283.20649479742076,
2.395350177844467
],
[
216.81754358402188,
-283.2164662542732,
2.372429358256937
]
]
],
"half_couplers": [
{
"pose": [
[
0.977226507115253,
0.12179364103919338,
0.17376611520586627,
215.49640182946197
],
[
0.0911053539408185,
-0.9803806835997788,
0.17479567988868835,
-282.88870744909025
],
[
0.19164594510356975,
-0.1549839482877073,
-0.9691500438520928,
3.477160000161794
],
[
0.0,
0.0,
0.0,
1.0
]
],
"at_element": 1,
"to_element": 3
},
{
"pose": [
[
0.43338954602988344,
-0.12179364103900855,
-0.8929388615098307,
215.49201726002408
],
[
-0.08794726994151186,
0.9803806835998483,
-0.1764057621908339,
-282.853413757678
],
[
0.8969051115373613,
0.15498394828741244,
0.4141753211761877,
3.482739420213839
],
[
0.0,
0.0,
0.0,
1.0
]
],
"at_element": 3,
"to_element": 1
},
{
"pose": [
[
0.9467940474306236,
-0.27089918596444723,
0.17376611520586507,
215.527488808283
],
[
-0.3003690106716764,
-0.9376699460473135,
0.17479567988868228,
-282.85743627983913
],
[
0.11558325647798863,
-0.2176894653478394,
-0.9691500438520939,
3.30377782578366
],
[
0.0,
0.0,
0.0,
1.0
]
],
"at_element": 1,
"to_element": 4
},
{
"pose": [
[
-0.2533768104985248,
0.27089918596527307,
-0.9286623837245412,
215.53724116735452
],
[
-0.14871220289204304,
0.9376699460472321,
0.31410150109602597,
-282.8236802020131
],
[
0.9558686482004682,
0.21768946534716227,
-0.19729780552321463,
3.311614637195992
],
[
0.0,
0.0,
0.0,
1.0
]
],
"at_element": 4,
"to_element": 1
},
{
"pose": [
[
0.916137920329566,
-0.35786982264306366,
0.18061146413126733,
215.40391693757525
],
[
-0.2852962750012963,
-0.8985955570958921,
-0.3333647555424966,
-282.81529284004597
],
[
0.2815978451703824,
0.25388031591469623,
-0.925336392230659,
3.2951661823374474
],
[
0.0,
0.0,
0.0,
1.0
]
],
"at_element": 2,
"to_element": 4
},
{
"pose": [
[
-0.0975467431403434,
0.3578698226427777,
-0.9286623837242136,
215.4168002273383
],
[
0.30637603002830177,
0.8985955570960481,
0.31410150109692253,
-282.78294345988206
],
[
0.9468993405461896,
-0.25388031591454613,
-0.19729780552332876,
3.28602650788568
],
[
0.0,
0.0,
0.0,
1.0
]
],
"at_element": 4,
"to_element": 2
},
{
"pose": [
[
0.5360839214737364,
0.8260867789424982,
0.1737661152058967,
215.64981815504095
],
[
0.8087388545347205,
-0.5615941020507056,
0.17479567988863398,
-282.7343821313846
],
[
0.2419824256081607,
0.04682625543719836,
-0.9691500438520968,
2.6215073403415636
],
[
0.0,
0.0,
0.0,
1.0
]
],
"at_element": 1,
"to_element": 58
},
{
"pose": [
[
0.35975393405486744,
-0.8260867789425305,
-0.43377153040327665,
215.62007902694228
],
[
0.5894909418504418,
0.561594102050665,
-0.580613894096745,
-282.7141647409529
],
[
0.7232409946956305,
-0.04682625543711494,
0.6890063609237675,
2.6198215949158685
],
[
0.0,
0.0,
0.0,
1.0
]
],
"at_element": 58,
"to_element": 1
},
{
"pose": [
[
-0.3305959339570419,
0.09817945038917908,
-0.9386517586263555,
215.70926805947636
],
[
0.546944859101141,
-0.7905979776812839,
-0.27532918259620986,
-282.6279755105067
],
[
-0.7691278499403752,
-0.6044134621329532,
0.20766973115635556,
2.4620082642850587
],
[
0.0,
0.0,
0.0,
1.0
]
],
"at_element": 54,
"to_element": 58
},
{
"pose": [
[
0.8956578894494077,
-0.09817945038929943,
-0.43377153040314625,
215.7057335992188
],
[
-0.194531086635448,
0.7905979776813136,
-0.5806138940971435,
-282.5995139829596
],
[
0.3999432477233043,
0.6044134621328947,
0.6890063609235139,
2.4837671491898785
],
[
0.0,
0.0,
0.0,
1.0
]
],
"at_element": 58,
"to_element": 54
},
{
"pose": [
[
0.9381557913107295,
-0.29536961633602443,
0.18061146413129137,
215.49675914599374
],
[
-0.2241419912841108,
-0.9157665136405473,
-0.3333647555423811,
-282.9866569351344
],
[
0.2638637507755331,
0.27226546281184405,
-0.9253363922306959,
2.8195027210066286
],
[
0.0,
0.0,
0.0,
1.0
]
],
"at_element": 2,
"to_element": 12
},
{
"pose": [
[
-0.15173303371628388,
0.29536961633571845,
-0.9432570573417107,
215.5073924517791
],
[
0.32632847083149763,
0.915766513640722,
0.23426784162384243,
-282.95368934189196
],
[
0.9329988293690563,
-0.2722654628115872,
-0.23533954651941258,
2.809701164716622
],
[
0.0,
0.0,
0.0,
1.0
]
],
"at_element": 12,
"to_element": 2
},
{
"pose": [
[
0.39804943551203154,
0.8994087757593475,
0.18061146413122506,
215.48030519601562
],
[
0.8850942455311005,
-0.32477086736644956,
-0.33336475554229805,
-282.9562869525945
],
[
-0.24117384480139012,
0.29255382034271216,
-0.9253363922307387,
2.9038021246129375
],
[
0.0,
0.0,
0.0,
1.0
]
],
"at_element": 2,
"to_element": 58
},
{
"pose": [
[
0.05390838059628755,
-0.8994087757594214,
-0.4337715304033043,
215.4479264626467
],
[
0.7465998859441749,
0.32477086736645644,
-0.5806138940967438,
-282.94459519507126
],
[
0.663085587846419,
-0.2925538203424773,
0.6890063609237512,
2.8932701814073205
],
[
0.0,
0.0,
0.0,
1.0
]
],
"at_element": 58,
"to_element": 2
},
{
"pose": [
[
-0.3297952181700874,
-0.30642340589050365,
-0.8929388615099066,
216.29393195215067
],
[
0.8825720073831954,
-0.43582985080128056,
-0.17640576219083826,
-282.69499040018496
],
[
-0.3351145563173009,
-0.8462606203014514,
0.4141753211760223,
3.110784195187724
],
[
0.0,
0.0,
0.0,
1.0
]
],
"at_element": 3,
"to_element": 48
},
{
"pose": [
[
0.8452995482805337,
0.3064234058903826,
-0.43769095261298663,
216.30496292823378
],
[
-0.5333700157145118,
0.43582985080133607,
-0.7249612179194048,
-282.6793009046436
],
[
-0.031386302958891193,
0.8462606203014668,
0.5318438328245894,
3.141248841435943
],
[
0.0,
0.0,
0.0,
1.0
]
],
"at_element": 48,
"to_element": 3
},
{
"pose": [
[
0.44712969490796584,
-0.05229938371491476,
-0.8929388615098738,
216.20827231575885
],
[
-0.24065189643506602,
0.9544462644948714,
-0.17640576219044646,
-282.7119130072055
],
[
0.8614880734367224,
0.2937636850511414,
0.41417532117626,
3.150516039039197
],
[
0.0,
0.0,
0.0,
1.0
]
],
"at_element": 3,
"to_element": 49
},
{
"pose": [
[
0.8905911339714695,
0.05229938371484992,
0.4517877892932245,
216.2101550947823
],
[
-0.08850533352089911,
-0.9544462644949094,
0.2849546176675647,
-282.74627309480417
],
[
0.44611011872604567,
-0.29376368505102946,
-0.8453926066127342,
3.139940539582452
],
[
0.0,
0.0,
0.0,
1.0
]
],
"at_element": 49,
"to_element": 3
},
{
"pose": [
[
-0.3701433101126814,
0.024085411233724763,
-0.9286623837243166,
216.0926073790571
],
[
-0.7501965546018136,
0.5818465231247743,
0.31410150109666757,
-283.0115217295816
],
[
0.547904242949802,
0.8129418899855722,
-0.1972978055232506,
3.429604271266504
],
[
0.0,
0.0,
0.0,
1.0
]
],
"at_element": 4,
"to_element": 48
},
{
"pose": [
[
-0.8988028276359981,
-0.024085411233751908,
-0.43769095261295515,
216.0917403041206
],
[
0.3686269876724455,
-0.5818465231248853,
-0.724961217919291,
-283.0324682076052
],
[
-0.23720796991895904,
-0.8129418899854921,
0.5318438328247705,
3.400338358768519
],
[
0.0,
0.0,
0.0,
1.0
]
],
"at_element": 48,
"to_element": 4
},
{
"pose": [
[
-0.6484514338710765,
0.3783046530383769,
-0.6606030028693921,
216.1806590457334
],
[
-0.5367694181889483,
0.3881216324136335,
0.7491596559810695,
-282.89377430111495
],
[
0.5398048995772851,
0.8403851426233627,
-0.04861566054542199,
3.3390936613273756
],
[
0.0,
0.0,
0.0,
1.0
]
],
"at_element": 9,
"to_element": 48
},
{
"pose": [
[
-0.8156667331025611,
-0.3783046530384423,
-0.43769095261298174,
216.1670403259026
],
[
0.5690279702839988,
-0.38812163241368136,
-0.7249612179192844,
-282.907746425776
],
[
0.10437887499043175,
-0.8403851426233113,
0.5318438328247574,
3.3088403463987244
],
[
0.0,
0.0,
0.0,
1.0
]
],
"at_element": 48,
"to_element": 9
},
{
"pose": [
[
0.008348963191627146,
-0.7506889951326512,
-0.6606030028696174,
216.21149195150497
],
[
-0.05742220129348835,
-0.6598958256037459,
0.7491596559808602,
-282.9287404895524
],
[
-0.9983150733171543,
0.03167857221342579,
-0.04861566054558786,
3.3413627428697077
],
[
0.0,
0.0,
0.0,
1.0
]
],
"at_element": 9,
"to_element": 50
},
{
"pose": [
[
-0.612078026901125,
0.7506889951324898,
0.24864939487519216,
216.2385164512794
],
[
0.6766442558504147,
0.6598958256039116,
-0.32663442925565994,
-282.9049845071072
],
[
-0.4092835691906836,
-0.03167857221379905,
-0.9118571313824502,
3.340222327100735
],
[
0.0,
0.0,
0.0,
1.0
]
],
"at_element": 50,
"to_element": 9
},
{
"pose": [
[
-0.7897218881715766,
-0.5134551372762232,
-0.3357129150738398,
216.91293201050377
],
[
-0.5279417852624607,
0.8475396278654871,
-0.05435117819806308,
-284.2834017217474
],
[
0.31243689077413106,
0.1343145606488237,
-0.940395017043959,
3.4042574386183873
],
[
0.0,
0.0,
0.0,
1.0
]
],
"at_element": 5,
"to_element": 6
},
{
"pose": [
[
0.8566491440011573,
0.5134551372761972,
0.05016040357459266,
216.93141640563042
],
[
0.4971099717857736,
-0.8475396278654577,
0.18589850765627247,
-284.31391316516203
],
[
0.137963473547283,
-0.13431456064910963,
-0.9812877655226346,
3.3994221117708108
],
[
0.0,
0.0,
0.0,
1.0
]
],
"at_element": 6,
"to_element": 5
},
{
"pose": [
[
-0.2406870217549073,
-0.9106956660769495,
-0.3357129150738986,
216.96136138794913
],
[
-0.9602445984757556,
0.27381793317205705,
-0.054351178198067285,
-284.2755611126872
],
[
0.14142159897585715,
0.3092848901288981,
-0.9403950170439379,
3.539917233589799
],
[
0.0,
0.0,
0.0,
1.0
]
],
"at_element": 5,
"to_element": 7
},
{
"pose": [
[
-0.39712728611843184,
0.9106956660769072,
-0.11368079173258583,
216.99414677889763
],
[
-0.374310162474615,
-0.2738179331720061,
-0.8859546499351071,
-284.28541866260446
],
[
-0.8379628994701595,
-0.30928489012906735,
0.4496232154253317,
3.5287828597094153
],
[
0.0,
0.0,
0.0,
1.0
]
],
"at_element": 7,
"to_element": 5
},
{
"pose": [
[
