{
"line_pt_pairs": [
[
[
0.65600539537847,
1.2510924302164765,
-2.0010117137419905
],
[
0.9237218196640288,
0.8291879739401792,
-1.9829965550705664
]
],
[
[
-0.11431494870574663,
-1.515383573702354,
1.1481003473398987
],
[
0.012296440813653942,
-1.2888975090359018,
0.18235005945183902
]
],
[
[
-0.06390628899327229,
-1.4337358901057378,
0.933130056358556
],
[
-0.34951413155156796,
-1.2190177805902507,
0.5833811554091876
]
],
[
[
-0.33483755824649886,
-1.0620781029789828,
0.7968594711468957
],
[
-0.24643519248847445,
-0.26699798480742465,
0.19683228224902105
]
],
[
[
-0.3899770357070861,
-1.1173609595937062,
0.39117073225840526
],
[
-0.2819260042693345,
-0.4617583446957058,
1.138506122792095
]
],
[
[
-0.22329436675789754,
-1.3745388319371168,
0.7780868248545039
],
[
0.013122785134616677,
-1.2043503619828895,
0.37170914955027295
]
],
[
[
-0.3385866789153816,
-0.747126151256501,
0.5679126839114247
],
[
-0.3130767623467502,
-1.2464716015339747,
0.5697471985198326
]
],
[
[
0.05985597297744546,
-0.5826321984814313,
0.23819893621503646
],
[
-0.085014083825205,
-1.5470847046999945,
0.4592057910651278
]
],
[
[
-0.06755481140517976,
-0.22061035330238898,
0.225491655648656
],
[
-0.0164990872009496,
-1.2061274664342219,
0.06378410248468244
]
],
[
[
0.14452946750366158,
-0.38863657201015955,
0.5993489207207503
],
[
-0.00966074161887949,
-1.170466911562825,
-0.004775817694844309
]
],
[
[
-0.045797549195196074,
-0.7183496929154836,
1.1972903952748848
],
[
0.19592342311643174,
-0.5510105988215385,
0.24148256985570626
]
],
[
[
-0.3552700967046741,
-0.6639093271582863,
1.1224647760186106
],
[
-0.29083743810678353,
-0.39573534287854223,
0.1612514039406232
]
],
[
[
-0.3392434531377599,
-0.5390139110367942,
0.5539848068769946
],
[
-0.0682921030517149,
-0.47300467298941384,
0.13898101607629137
]
],
[
[
0.1819238289448272,
-0.49977433360232576,
0.5502812721081767
],
[
-0.05431222604299796,
-0.3286662522449144,
0.14418454616966975
]
],
[
[
-0.12879835392579306,
-0.8312334370518442,
1.1718885250966318
],
[
-0.4066572689598559,
-0.732636115068313,
0.7680655546829003
]
],
[
[
0.07065333896400297,
-0.5903682174923898,
0.9160630278462731
],
[
-0.27331757687089364,
-0.8435003255209068,
1.176078690729765
]
],
[
[
-0.06328792733500058,
-1.3880005018345722,
1.098000867987622
],
[
0.1478718941278474,
-0.5386724611836666,
0.6142102013105233
]
],
[
[
0.05618831831882192,
-1.5031311310841025,
1.1064036755325801
],
[
-0.2802201573291425,
-0.5710717855266246,
0.9718870822394889
]
],
[
[
-0.029892461766502145,
-1.0944216105789824,
1.077715788798215
],
[
-0.11501542688511739,
-1.4742154231192555,
0.7638515812728282
]
]
],
"contact_id_pairs": [
[
2,
5
],
[
2,
6
],
[
1,
7
],
[
5,
7
],
[
1,
2
],
[
1,
18
],
[
2,
18
],
[
7,
9
],
[
8,
9
],
[
8,
12
],
[
8,
13
],
[
9,
10
],
[
9,
13
],
[
3,
11
],
[
3,
12
],
[
11,
12
],
[
4,
11
],
[
4,
14
],
[
3,
4
],
[
3,
6
],
[
4,
6
],
[
14,
15
],
[
14,
17
],
[
10,
15
],
[
10,
16
],
[
16,
17
],
[
16,
18
],
[
17,
18
]
],
"contact_t_pairs": [
[
0.4822007661633028,
0.07279189444164706
],
[
0.9756178090187346,
0.9527762708759019
],
[
0.758978398866297,
0.7842177807174727
],
[
0.9272081055583535,
0.6568732288554872
],
[
0.24102160113370322,
0.024382190981265463
],
[
0.35390807144606334,
0.8719670948776077
],
[
0.20840424823439913,
0.7523760335486399
],
[
0.21578221928252708,
0.5216249020778799
],
[
0.8674235255905661,
0.8734571222553086
],
[
0.2617447550243682,
0.9404676446718478
],
[
0.1325764744094345,
0.8933992800420472
],
[
0.2417518831998487,
0.7716522447230746
],
[
0.12654287774469203,
0.10660071995795307
],
[
0.775424749103169,
0.8244963680220292
],
[
0.6708176245616468,
0.3367587477406846
],
[
0.6067979356276778,
0.05953235532815195
],
[
0.7535614272290818,
0.17550363197797114
],
[
0.5807479821660129,
0.8178829514591228
],
[
0.22457525089683159,
0.36388910006970715
],
[
0.3687606671408367,
0.04722372912409736
],
[
0.24643857277091827,
0.41431950974048815
],
[
0.182117048540877,
0.7593327884855441
],
[
0.3724258334706861,
0.768938876841004
],
[
0.22834775527692547,
0.24066721151445558
],
[
0.5654125467587418,
0.8950834074968452
],
[
0.10491659250315484,
0.23106112315899616
],
[
0.21538845301690657,
0.26932684588522154
],
[
0.3775083167299227,
0.12803290512239293
]
],
"half_couplers": [
{
"pose": [
[
-0.8114027826618555,
0.12384734702600855,
-0.5712156851165914,
-0.2016266094971304
],
[
-0.16684669397633348,
0.8875509644485491,
0.42943621903097334,
-1.330198653188234
],
[
0.5601675686772353,
0.4437511917066475,
-0.699497801898737,
0.7644808683559974
],
[
0.0,
0.0,
0.0,
1.0
]
],
"at_element": 2,
"to_element": 5
},
{
"pose": [
[
0.8724044680070976,
-0.12384734702600808,
0.47283430378502844,
-0.2060851143931428
],
[
-0.3104783797384405,
-0.8875509644485493,
0.3403769399084538,
-1.3621504907970232
],
[
0.3775097613522673,
-0.4437511917066476,
-0.8127553506084624,
0.7485058240103164
],
[
0.0,
0.0,
0.0,
1.0
]
],
"at_element": 5,
"to_element": 2
},
{
"pose": [
[
-0.23892408370189222,
-0.7852565971095018,
-0.5712156851165913,
-0.3425503865885644
],
[
-0.902303849581606,
-0.03784569743835853,
0.42943621903097406,
-1.2242530785435937
],
[
-0.35883568002280053,
0.6180127667624754,
-0.6994978018987368,
0.5919087999076227
],
[
0.0,
0.0,
0.0,
1.0
]
],
"at_element": 2,
"to_element": 6
},
{
"pose": [
[
-0.6170648696228387,
0.7852565971095022,
0.051019833137262605,
-0.3142814357367656
],
[
-0.03441203763441192,
0.03784569743835875,
-0.9986909005549475,
-1.2228906472507206
],
[
-0.7861594993022707,
-0.6180127667624747,
0.003669029216816222,
0.5696605658988909
],
[
0.0,
0.0,
0.0,
1.0
]
],
"at_element": 6,
"to_element": 2
},
{
"pose": [
[
0.09840491448252331,
0.987059283351134,
0.12661138951940062,
-0.018219639010074923
],
[
0.9659150020484133,
-0.12534859923316977,
0.2264860646664522,
-1.3434855429762815
],
[
0.23942573300190892,
0.1000084987419988,
-0.9657502878880599,
0.4151167401339538
],
[
0.0,
0.0,
0.0,
1.0
]
],
"at_element": 1,
"to_element": 7
},
{
"pose": [
[
-0.06875054757848775,
-0.987059283351134,
-0.14487005680265186,
-0.053753701460743306
],
[
0.23263510465752146,
0.12534859923316843,
-0.9644525062185625,
-1.3389730025155575
],
[
0.9701310583053414,
-0.10000849874199713,
0.22100685485009253,
0.41151644144892374
],
[
0.0,
0.0,
0.0,
1.0
]
],
"at_element": 7,
"to_element": 1
},
{
"pose": [
[
-0.15623778327425786,
0.8671894119750746,
0.47283430378502594,
-0.004086467230137919
],
[
0.9401493781559261,
-0.016207576363652,
0.34037693990845175,
-1.216738703122983
],
[
0.3028347764550356,
0.4977146152432542,
-0.8127553506084644,
0.40129015039446025
],
[
0.0,
0.0,
0.0,
1.0
]
],
"at_element": 5,
"to_element": 7
},
{
"pose": [
[
-0.4764401225760886,
-0.867189411975076,
-0.14487005680265025,
-0.03530528899898938
],
[
0.263758749081711,
0.016207576363650777,
-0.9644525062185629,
-1.2161552303189858
],
[
0.8387109942539994,
-0.4977146152432516,
0.22100685485009175,
0.38337242255961196
],
[
0.0,
0.0,
0.0,
1.0
]
],
"at_element": 7,
"to_element": 5
},
{
"pose": [
[
0.9246593425095955,
-0.35913041691520536,
0.12661138951940037,
-0.08379886888201774
],
[
-0.3794279704462152,
-0.897072169758359,
0.2264860646664512,
-1.4607955397619743
],
[
0.03224151908314248,
-0.2574623582027878,
-0.9657502878880599,
0.9153336666577838
],
[
0.0,
0.0,
0.0,
1.0
]
],
"at_element": 1,
"to_element": 2
},
{
"pose": [
[
-0.7380636725399061,
0.35913041691520564,
-0.5712156851165916,
-0.07087003395627585
],
[
0.10414439989462479,
0.897072169758359,
0.4294362190309736,
-1.428500592152395
],
[
0.6666453024266316,
0.2574623582027874,
-0.699497801898737,
0.9246024118601207
],
[
0.0,
0.0,
0.0,
1.0
]
],
"at_element": 2,
"to_element": 1
},
{
"pose": [
[
0.2442548614351251,
0.9614099639120006,
0.12661138951940043,
-0.06950615601782925
],
[
0.9364901189126791,
-0.2677504802812112,
0.2264860646664522,
-1.4352283273468414
],
[
0.25164621961043593,
0.06324999288463184,
-0.9657502878880591,
0.806313525454955
],
[
0.0,
0.0,
0.0,
1.0
]
],
"at_element": 1,
"to_element": 18
},
{
"pose": [
[
-0.21611849649760617,
-0.9614099639120004,
-0.1702459302372294,
-0.10411688636834901
],
[
-0.5927362989843585,
0.26775048028121207,
-0.7595876250805467,
-1.425589317952215
],
[
0.7758585408036305,
-0.06324999288463068,
-0.6277284150507723,
0.8040365275762409
],
[
0.0,
0.0,
0.0,
1.0
]
],
"at_element": 18,
"to_element": 1
},
{
"pose": [
[
-0.05135319622482748,
-0.819191974029456,
-0.5712156851165922,
-0.12342817671148254
],
[
-0.8692429452129331,
-0.2449514972028699,
0.4294362190309735,
-1.3889877239098514
],
[
-0.4917108412828013,
0.5185781269045154,
-0.6994978018987368,
0.8602408995853955
],
[
0.0,
0.0,
0.0,
1.0
]
],
"at_element": 2,
"to_element": 18
},
{
"pose": [
[
-0.5476685429375907,
0.8191919740294555,
-0.17024593023723072,
-0.09393694062634511
],
[
0.602515895095364,
0.24495149720287013,
-0.7595876250805462,
-1.3801693728243487
],
[
-0.5805460905337736,
-0.5185781269045158,
-0.6277284150507727,
0.8415718812673773
],
[
0.0,
0.0,
0.0,
1.0
]
],
"at_element": 18,
"to_element": 2
},
{
"pose": [
[
0.07971323627299987,
-0.9862344886510925,
-0.14487005680265036,
0.028595590612983782
],
[
0.21126082745491664,
0.15874579059551897,
-0.9644525062185632,
-0.7907439006658681
],
[
0.9741738359994836,
0.04627426242871846,
0.2210068548500912,
0.2858882858312405
],
[
0.0,
0.0,
0.0,
1.0
]
],
"at_element": 7,
"to_element": 9
},
{
"pose": [
[
0.059723636910900324,
0.9862344886510925,
-0.1541902091225414,
0.06410001476874827
],
[
0.6029436906736547,
-0.15874579059551852,
-0.7818303395526653,
-0.7964587463208342
],
[
-0.7955450917898792,
-0.046274262428718405,
-0.604124738415595,
0.28422241320189096
],
[
0.0,
0.0,
0.0,
1.0
]
],
"at_element": 9,
"to_element": 7
},
{
"pose": [
[
0.38865584649756957,
-0.919967361382587,
0.05105572420422977,
-0.023267875114366832
],
[
-0.12954764089388487,
-0.10942316237034388,
-0.9855171131318331,
-1.0754710821050402
],
[
0.9122302569648119,
0.37641283921730684,
-0.16170755316397312,
0.08522271976853815
],
[
0.0,
0.0,
0.0,
1.0
]
],
"at_element": 8,
"to_element": 9
},
{
"pose": [
[
-0.36039621724084037,
0.9199673613825872,
-0.1541902091225414,
0.00985093116354263
],
[
0.6138142159414657,
0.10942316237034388,
-0.781830339552666,
-1.0715318504877214
],
[
-0.7023864142383851,
-0.3764128392173061,
-0.6041247384155939,
0.07167186522102396
],
[
0.0,
0.0,
0.0,
1.0
]
],
"at_element": 9,
"to_element": 8
},
{
"pose": [
[
0.5405532140252584,
0.8397592130086724,
0.05105572420422966,
-0.054191243380751826
],
[
0.1634200246697921,
-0.04527598989776482,
-0.985517113131833,
-0.47856428865140316
],
[
-0.825285476876873,
0.5410679706892958,
-0.16170755316397445,
0.18316555176016175
],
[
0.0,
0.0,
0.0,
1.0
]
],
"at_element": 8,
"to_element": 12
},
{
"pose": [
[
0.03385155407443119,
-0.839759213008672,
0.5419027001720896,
-0.08442247510167988
],
[
-0.9902127078099909,
0.045275989897766156,
0.13201847609476106,
-0.47693435840379106
],
[
-0.1353989127665044,
-0.5410679706892964,
-0.8300075816014063,
0.16368716921276896
],
[
0.0,
0.0,
0.0,
1.0
]
],
"at_element": 12,
"to_element": 8
},
{
"pose": [
[
0.47342420460982915,
-0.879353646444667,
0.0510557242042301,
-0.060786023491762486
],
[
-0.11868655569368092,
-0.1211177989474237,
-0.9855171131318332,
-0.3512667376315712
],
[
0.8728018240053819,
0.4605080273595666,
-0.16170755316397378,
0.20405303836480018
],
[
0.0,
0.0,
0.0,
1.0
]
],
"at_element": 8,
"to_element": 13
},
{
"pose": [
[
0.05922220681150958,
0.8793536464446667,
-0.47247210997565,
-0.02912929250126926
],
[
0.9317824728738318,
0.12111779894742358,
0.34221616271482297,
-0.3469064969082384
],
[
0.3581538125798767,
-0.4605080273595667,
-0.8121934518770138,
0.18747474952728205
],
[
0.0,
0.0,
0.0,
1.0
]
],
"at_element": 13,
"to_element": 8
},
{
"pose": [
[
-0.33410651401110303,
-0.9298377367616866,
-0.1541902091225404,
0.1072536940773088
],
[
-0.5341607125309891,
0.3215799330545184,
-0.7818303395526662,
-0.5776455289397936
],
[
0.776559830588561,
-0.17885225732586002,
-0.6041247384155937,
0.4533006275211644
],
[
0.0,
0.0,
0.0,
1.0
]
],
"at_element": 9,
"to_element": 10
},
{
"pose": [
[
0.2774396417937166,
0.9298377367616867,
0.24172097231162745,
0.1407269816857157
],
[
0.931978526707815,
-0.3215799330545177,
0.16733909409394568,
-0.589222105327965
],
[
0.23333081861791147,
0.17885225732586177,
-0.9558078254191786,
0.4597391412662951
],
[
0.0,
0.0,
0.0,
1.0
]
],
"at_element": 10,
"to_element": 9
},
{
"pose": [
[
0.4468569920418849,
-0.8812174578808716,
-0.15419020912254128,
0.12501779472123936
],
[
-0.6005110599964241,
-0.16771340726648698,
-0.7818303395526658,
-0.4875716330852636
],
[
0.6631027789756654,
0.4419592797408373,
-0.6041247384155943,
0.5229012378048817
],
[
0.0,
0.0,
0.0,
1.0
]
],
"at_element": 9,
"to_element": 13
},
{
"pose": [
[
0.01502987761529262,
0.8812174578808718,
-0.47247210997565064,
0.15674089540309843
],
[
0.9245324823930243,
0.16771340726648676,
0.3422161627148224,
-0.48153408893900174
],
[
0.3808067643557052,
-0.4419592797408371,
-0.8121934518770138,
0.5069910687505643
],
[
0.0,
0.0,
0.0,
1.0
]
],
"at_element": 13,
"to_element": 9
},
{
"pose": [
[
0.009750952346339936,
0.9960371181119326,
0.0884023657580244,
-0.2662881759584562
],
[
0.6016659938565881,
-0.07645676899310727,
0.7950801181715581,
-0.4455533018288843
],
[
0.798688268828899,
0.045435908909262135,
-0.6000271888978748,
0.33158353874068147
],
[
0.0,
0.0,
0.0,
1.0
]
],
"at_element": 3,
"to_element": 11
},
{
"pose": [
[
-0.061306540020484857,
-0.9960371181119326,
0.06443265859789285,
-0.30214560370870996
],
[
-0.9603317534220471,
0.07645676899310716,
0.2681739842797417,
-0.4428008511216406
],
[
-0.2720375553486195,
-0.04543590890925975,
-0.9612133720779878,
0.3299478418461026
],
[
0.0,
0.0,
0.0,
1.0
]
],
"at_element": 11,
"to_element": 3
},
{
"pose": [
[
0.6380188620164695,
-0.7649293780732922,
0.08840236575802446,
-0.27553569324307103
],
[
-0.5077912101159878,
-0.33165598534813423,
0.7950801181715583,
-0.5287243467709447
],
[
-0.578860966588826,
-0.5521660564931212,
-0.6000271888978745,
0.3943506576180209
],
[
0.0,
0.0,
0.0,
1.0
]
],
"at_element": 3,
"to_element": 12
},
{
"pose": [
[
-0.3481731036519111,
0.7649293780732922,
0.5419027001720897,
-0.24799821578413556
],
[
0.9341174601474782,
0.3316559853481338,
0.13201847609476047,
-0.5167847226926416
],
[
-0.0787404631750398,
0.5521660564931213,
-0.8300075816014063,
0.41422864997931275
],
[
0.0,
0.0,
0.0,
1.0
]
],
"at_element": 12,
"to_element": 3
},
{
"pose": [
[
-0.9791217856091186,
0.19279253474037505,
0.06443265859789016,
-0.31617249248047113
],
[
0.20307625190451056,
0.9417232874193701,
0.26817398427974004,
-0.5011819071082882
],
[
-0.008975792891258466,
0.2756597331501933,
-0.9612133720779883,
0.5392024861439688
],
[
0.0,
0.0,
0.0,
1.0
]
],
"at_element": 11,
"to_element": 12
},
{
"pose": [
[
0.8180296462198543,
-0.19279253474037417,
0.5419027001720896,
-0.32311308108779496
],
[
-0.30940001923347027,
-0.9417232874193704,
0.1320184760947573,
-0.535084225622417
],
[
0.4848702156286239,
-0.27565973315019265,
-0.830007581601407,
0.5292786537405171
],
[
0.0,
0.0,
0.0,
1.0
]
],
"at_element": 12,
"to_element": 11
},
{
"pose": [
[
-0.14482310755762295,
0.9835401578596532,
0.1080510314377488,
-0.3085539462432796
],
[
-0.7333370392183534,
-0.18000555060710122,
0.6556026148979985,
-0.6233241174160509
],
[
0.6642612847575962,
0.015708584533383918,
0.7473353905336916,
0.9543338557677757
],
[
0.0,
0.0,
0.0,
1.0
]
],
"at_element": 4,
"to_element": 11
},
{
"pose": [
[
-0.1688111085900923,
-0.9835401578596532,
0.06443265859788937,
-0.34396193110274764
],
[
-0.9464040975746888,
0.18000555060710088,
0.26817398427974537,
-0.6168438189151879
],
[
-0.27535811902034535,
-0.01570858453338772,
-0.961213372077987,
0.9537683381131309
],
[
0.0,
0.0,
0.0,
1.0
]
],
"at_element": 11,
"to_element": 4
},
{
"pose": [
[
0.5891418041327063,
0.8007726951067314,
0.10805103143775016,
-0.3272266172286554
],
[
-0.6477421251092895,
0.38809193588350754,
0.6556026148979983,
-0.7366210638889309
],
[
0.48305493888600437,
-0.45623211205886555,
0.7473353905336916,
0.8251842523120948
],
[
0.0,
0.0,
0.0,
1.0
]
],
"at_element": 4,
"to_element": 14
},
{
"pose": [
[
0.22347434778039965,
-0.8007726951067319,
-0.5557178300681255,
-0.35605442344308197
],
[
-0.9002771360491689,
-0.3880919358835091,
0.1971946439670622,
-0.7505923683419883
],
[
-0.3735776949862386,
0.4562321120588634,
-0.807645940827463,
0.841608602187659
],
[
0.0,
0.0,
0.0,
1.0
]
],
"at_element": 14,
"to_element": 4
},
{
"pose": [
[
0.10111156190680959,
0.9909396923007727,
0.08840236575802263,
-0.31498457477651703
],
[
0.5921112699955204,
-0.13134629660782648,
0.7950801181715592,
-0.8835227859575225
],
[
0.7994877710090738,
-0.02804775552978578,
-0.6000271888978732,
0.6621082146552348
],
[
0.0,
0.0,
0.0,
1.0
]
],
"at_element": 3,
"to_element": 4
},
{
"pose": [
[
0.07977155400321434,
-0.9909396923007728,
0.10805103143775135,
-0.350658443115599
],
[
0.7435948908554396,
0.1313462966078257,
0.6556026148980005,
-0.8787943140551261
],
[
-0.6638547563026111,
0.028047755529788,
0.7473353905336895,
0.6631179349699527
],
[
0.0,
0.0,
0.0,
1.0
]
],
"at_element": 4,
"to_element": 3
},
{
"pose": [
[
-0.1980954759661211,
0.9761880987443665,
0.08840236575802318,
-0.3022382428727415
],
[
0.6043861951797558,
0.05064516526225238,
0.7950801181715573,
-0.7688838281716237
],
[
0.7716705964839494,
0.21093094392577527,
-0.6000271888978759,
0.5755930446662746
],
[
0.0,
0.0,
0.0,
1.0
]
],
"at_element": 3,
"to_element": 6
},
{
"pose": [
[
-0.21084063293517397,
-0.9761880987443665,
0.05101983313726288,
-0.3373820055253662
],
[
-0.007179998907177465,
-0.050645165262253045,
-0.9986909005549475,
-0.7707071055397549
],
[
0.9774940793269227,
-0.21093094392577394,
0.003669029216815778,
0.5679993165323663
],
[
0.0,
0.0,
0.0,
1.0
]
],
"at_element": 6,
"to_element": 3
},
{
"pose": [
[
-0.1584350440674951,
-0.9814394079190873,
0.10805103143775191,
-0.36334909373314095
],
[
0.7534846627839418,
-0.04945780310804593,
0.6556026148980001,
-0.955795186873361
],
[
-0.6380902755572291,
0.18528522416846122,
0.7473353905336897,
0.5753429992827246
],
[
0.0,
0.0,
0.0,
1.0
]
],
"at_element": 4,
"to_element": 6
},
{
"pose": [
[
-0.18486120525972183,
0.9814394079190877,
0.05101983313726105,
-0.3280174227891455
],
[
-0.013054151082066534,
0.04945780310804748,
-0.9986909005549478,
-0.9540147134066073
],
[
-0.9826779349967363,
-0.18528522416846016,
0.0036690292168177763,
0.568672759104592
],
[
0.0,
0.0,
0.0,
1.0
]
],
"at_element": 6,
"to_element": 4
},
{
"pose": [
[
0.7717042301100879,
0.30927378578626785,
-0.5557178300681256,
-0.1794011994425669
],
[
0.48374043980615244,
-0.8527071357077141,
0.19719464396706285,
-0.813277183778169
],
[
-0.4128774250626287,
-0.4209991284297109,
-0.8076459408274628,
1.098345477591873
],
[
0.0,
0.0,
0.0,
1.0
]
],
"at_element": 14,
"to_element": 15
},
{
"pose": [
[
0.6565712159882122,
-0.30927378578626774,
-0.6879418316697933,
-0.19053505571483548
],
[
-0.12879085469591556,
0.8527071357077134,
-0.5062642160570336,
-0.7825797269369076
],
[
0.7431871595247431,
0.4209991284297119,
0.5200313257669839,
1.1135014461935122
],
[
0.0,
0.0,
0.0,
1.0
]
],
"at_element": 15,
"to_element": 14
},
{
"pose": [
[
0.07976782501152757,
-0.8275353692968691,
-0.5557178300681245,
-0.23228019194461447
],
[
-0.9543338343847921,
-0.22441302310499522,
0.1971946439670636,
-0.79451324723415
],
[
-0.28789586075758444,
0.5146105397517344,
-0.807645940827463,
1.0214944187656896
],
[
0.0,
0.0,
0.0,
1.0
]
],
"at_element": 14,
"to_element": 17
},
{
"pose": [
[
0.44946028753929435,
0.8275353692968699,
-0.33640847564796594,
-0.2024892371057181
],
[
0.2844365859376117,
0.22441302310499334,
0.9320593455574775,
-0.7864344647619741
],
[
0.8468065177508086,
-0.514610539751734,
-0.13451659329308963,
1.0029686373693125
],
[
0.0,
0.0,
0.0,
1.0
]
],
"at_element": 17,
"to_element": 14
},
{
"pose": [
[
0.7641574698402993,
0.5980253613618685,
0.2417209723116277,
0.009398892235519991
],
[
0.5742399133111964,
-0.8014026138890282,
0.16733909409394562,
-0.680138186409057
],
[
0.29378884125783544,
0.010932411437529932,
-0.9558078254191784,
0.9790338238642958
],
[
0.0,
0.0,
0.0,
1.0
]
],
"at_element": 10,
"to_element": 15
},
{
"pose": [
[
0.41121977506780416,
-0.598025361361869,
-0.6879418316697936,
-0.012129182192055082
],
[
0.3185127846601935,
0.8014026138890281,
-0.5062642160570334,
-0.6512888160763889
],
[
0.8540772228558691,
-0.0109324114375286,
0.5200313257669837,
0.9786402723825258
],
[
0.0,
0.0,
0.0,
1.0
]
],
"at_element": 15,
"to_element": 10
},
{
"pose": [
[
-0.06977999265278223,
-0.9678335208960783,
0.24172097231162715,
0.0908745213645207
],
[
-0.9794697629894188,
0.11241268156782647,
0.16733909409394598,
-0.6237340695515253
],
[
-0.18912888730923622,
-0.22508146270324247,
-0.9558078254191789,
0.6568646584926923
],
[
0.0,
0.0,
0.0,
1.0
]
],
"at_element": 10,
"to_element": 16
},
{
"pose": [
[
-0.1367837915459249,
0.9678335208960782,
0.2111598214628474,
0.12571772518639088
],
[
0.5157569857857713,
-0.11241268156782702,
0.8493280406509054,
-0.6277810651261406
],
[
0.8457451897489554,
0.22508146270324209,
-0.4837906666770997,
0.664967869543114
],
[
0.0,
0.0,
0.0,
1.0
]
],
"at_element": 16,
"to_element": 10
},
{
"pose": [
[
0.8119435982214683,
-0.5442050377449223,
0.2111598214628496,
-0.04113375839354402
],
[
-0.42798153819442664,
-0.3089881588812493,
0.849328040650907,
-1.298891897892098
],
[
-0.39696271395674854,
-0.7799789705910178,
-0.48379066667709614,
1.047243199755031
],
[
0.0,
0.0,
0.0,
1.0
]
],
"at_element": 16,
"to_element": 17
},
{
"pose": [
[
-0.7685507233782689,
0.5442050377449232,
-0.3364084756479634,
-0.021542601904602547
],
[
-0.18918692880360796,
0.30898815888124775,
0.9320593455574787,
-1.2877684518487527
],
[
0.6111776268521274,
0.7799789705910177,
-0.13451659329308896,
1.0753221204027565
],
[
0.0,
0.0,
0.0,
1.0
]
],
"at_element": 17,
"to_element": 16
},
{
"pose": [
[
0.09778559218912108,
0.9725479462525234,
0.21115982146284773,
-0.017806540050791568
],
[
0.47411230666780446,
-0.23207628062821728,
0.8493280406509058,
-1.2050650490548933
],
[
0.8750174276129342,
0.01706142461143767,
-0.4837906666770988,
0.9937979447080239
],
[
0.0,
0.0,
0.0,
1.0
]
],
"at_element": 16,
"to_element": 18
},
{
"pose": [
[
-0.15864052281072194,
-0.9725479462525236,
-0.17024593023723023,
-0.05281836147429652
],
[
-0.6075913427578347,
0.2320762806282175,
-0.7595876250805464,
-1.1967102801971772
],
[
0.7782454270524645,
-0.01706142461143706,
-0.6277284150507734,
0.9931837317491379
],
[
0.0,
0.0,
0.0,
1.0
]
],
"at_element": 18,
"to_element": 16
},
{
"pose": [
[
-0.4376782945598434,
-0.8338267493810679,
-0.33640847564796605,
-0.07080867905672031
],
[
-0.28122516729669,
-0.2284245644363041,
0.9320593455574775,
-1.1512709764503057
],
[
-0.8540199738590047,
0.5025486746362844,
-0.13451659329308918,
1.0556225428262618
],
[
0.0,
0.0,
0.0,
1.0
]
],
"at_element": 17,
"to_element": 18
},
{
"pose": [
[
-0.5251183440466165,
0.8338267493810683,
-0.17024593023723097,
-0.04079100228327057
],
[
0.608973610418857,
0.2284245644363081,
-0.7595876250805464,
-1.143047715746023
],
[
-0.5944761278295041,
-0.5025486746362824,
-0.6277284150507723,
1.037530842494802
],
[
0.0,
0.0,
0.0,
1.0
]
],
"at_element": 18,
"to_element": 17
}
],
"nstatus": 0,
"opt_line_pos": [
[
0.7898636075212494,
1.040140202078328,
-1.9920041344062784
],
[
-0.07842845292724293,
-1.4511887865319855,
0.8743698894329263
],
[
-0.10754815897860831,
-1.4009262174614743,
0.8796872099506146
],
[
-0.30918288146284134,
-0.8313430624186905,
0.6227294751837016
],
[
-0.36061513939703066,
-0.9392068434960168,
0.5942524053688233
],
[
-0.1296830067960695,
-1.3071512756845098,
0.6171781659909937
],
[
-0.3287925384482,
-0.9388421636749611,
0.568617017605167
],
[
0.007360685175251541,
-0.9321123671436169,
0.31828324561389204
],
[
-0.05733096929403831,
-0.417958868469528,
0.1931099292605599
],
[
0.11054519668101895,
-0.5609557753364891,
0.4661968948054271
],
[
0.052276564840882916,
-0.6504547426349354,
0.8094878609300902
],
[
-0.33155021861384354,
-0.5651852584535365,
0.768609068352492
],
[
-0.28141388086770236,
-0.5249254556703966,
0.4654098959018853
],
[
0.1330103270764435,
-0.4643458065825928,
0.46619752390995445
],
[
-0.24213701633307128,
-0.7910155855239088,
1.007169119529186
],
[
-0.012873110580559238,
-0.6518362814362064,
0.9792026252564752
],
[
-0.02342709846690219,
-1.2276720859137453,
1.006675269969952
],
[
-0.043219794971355786,
-1.2277092326379262,
1.0666542586377408
],
[
-0.04850761783502755,
-1.1774770009127875,
1.009078245459967
]
],
"opt_line_orient": [
[
0.5354328485711176,
-0.8438089125525948,
0.036030317342848124
],
[
0.12661138951940057,
0.22648606466645219,
-0.9657502878880598
],
[
-0.5712156851165913,
0.42943621903097445,
-0.6994978018987368
],
[
0.08840236575802446,
0.7950801181715582,
-0.6000271888978747
],
[
0.10805103143775158,
0.6556026148980003,
0.7473353905336897
],
[
0.4728343037850284,
0.34037693990845486,
-0.8127553506084618
],
[
0.05101983313726283,
-0.9986909005549475,
0.0036690292168158776
],
[
-0.14487005680265047,
-0.9644525062185633,
0.2210068548500913
],
[
0.05105572420423016,
-0.9855171131318331,
-0.16170755316397356
],
[
-0.15419020912254106,
-0.7818303395526656,
-0.6041247384155947
],
[
0.2417209723116278,
0.16733909409394507,
-0.9558078254191786
],
[
0.06443265859789056,
0.268173984279744,
-0.9612133720779873
],
[
0.5419027001720899,
0.13201847609476067,
-0.8300075816014062
],
[
-0.4724721099756503,
0.34221616271482264,
-0.8121934518770138
],
[
-0.5557178300681256,
0.19719464396706224,
-0.8076459408274627
],
[
-0.6879418316697932,
-0.5062642160570342,
0.5200313257669836
],
[
0.21115982146284798,
0.8493280406509056,
-0.4837906666770989
],
[
-0.3364084756479644,
0.9320593455574778,
-0.13451659329309126
],
[
-0.17024593023723048,
-0.7595876250805461,
-0.6277284150507734
]
],
"opt_edge_ids": [
[
14,
12
],
[
2,
1
],
[
2,
0
],
[
8,
6
],
[
8,
7
],
[
0,
1
],
[
8,
0
],
[
3,
1
],
[
4,
3
],
[
5,
3
],
[
10,
5
],
[
7,
6
],
[
6,
4
],
[
5,
4
],
[
9,
7
],
[
10,
9
],
[
11,
10
],
[
11,
9
],
[
11,
2
]
]
}