{
"line_pt_pairs": [
[
[
0.5922295723816255,
1.1519680870909594,
-1.9777634108690374
],
[
1.215234985340564,
0.44066290153431653,
-2.3032003301392594
]
],
[
[
1.2942943307143329,
1.4791292578557447,
-1.9404465164947047
],
[
0.7867874066315115,
0.63977095942071,
-2.1351626402652766
]
],
[
[
1.4875694323120037,
1.3999568782408756,
-2.0145601399359627
],
[
0.5216468800591747,
1.1411290218220942,
-2.013232061986479
]
],
[
[
-0.0905795886403631,
0.5467298701268,
-0.8974710363628728
],
[
0.679052200219879,
-0.08476431337444001,
-0.9917154302538932
]
],
[
[
0.0468824902576584,
0.08462131230171456,
-0.25782192457355674
],
[
0.6174480621498701,
-0.6839876406601058,
-0.5471231613463148
]
],
[
[
0.290400361330631,
0.07138596411529724,
0.37326483665415905
],
[
-0.22334578182675274,
-0.7865552257429524,
0.3746121063093672
]
],
[
[
0.025692594059815537,
-0.6753725801362582,
0.9875250716344968
],
[
-0.04129313716998474,
-1.672710164660638,
0.9587039976315261
]
],
[
[
0.3583721969256461,
-0.7470190489576124,
0.7683328253451353
],
[
-0.6275251092499731,
-0.9088456694572687,
0.7256872326851935
]
],
[
[
-0.9859155007986828,
-0.7356831849086727,
0.8654443540431682
],
[
0.16680191464844785,
-1.6926361536699444,
0.9394955235401895
]
],
[
[
-0.0845684971375109,
-1.4865547522746696,
1.3710303846359635
],
[
-0.5746620855348019,
-2.345417088273322,
1.5199053738544523
]
],
[
[
-0.07289094302167531,
-1.2421119803256373,
1.544291821161883
],
[
-0.9292521052030795,
-1.6782367797190885,
1.2678126731934742
]
],
[
[
-0.939514552296018,
-1.580900992377901,
1.5192751278812902
],
[
-0.15206895926897324,
-2.196605340991963,
1.4903339268001428
]
],
[
[
-0.6143487455371889,
0.2975313852033644,
0.7107882159290966
],
[
-1.4117533985072104,
-0.9677335654720145,
0.8258987020465286
]
],
[
[
-0.6982465589803326,
-0.8914046281087902,
0.7916950293162108
],
[
-1.701872338821716,
0.21650125059864544,
0.668083306719686
]
],
[
[
-1.3750177142148514,
-0.06262389239362298,
1.4152202076595295
],
[
-1.8851789972656625,
-0.9219162470718055,
1.3784490985169588
]
],
[
[
-1.4726198095756737,
-0.9497222489262613,
1.426947022020093
],
[
-2.29062184606002,
-0.3746384709111209,
1.41464594193358
]
],
[
[
1.2551253663649147,
0.5994491236195358,
-2.0530403133029966
],
[
0.7315368748823552,
0.19118761709827292,
-1.3052585042971834
]
],
[
[
0.7959977991820908,
0.494278748285255,
-1.581241532869925
],
[
0.16237245512237186,
-0.003986029778607236,
-0.9894213453921971
]
],
[
[
0.6473151951592564,
0.08344233590882862,
-1.069899055132813
],
[
0.14974827975987065,
-0.2432292283472146,
-0.2663364540826828
]
],
[
[
0.3538158982648591,
-0.30642867856403994,
-0.06124521701346412
],
[
0.13009651506277123,
-1.1675595207158853,
0.3952668970366793
]
],
[
[
0.095151425666039,
-0.45696599923482895,
0.05492834257367807
],
[
-0.3075477716959134,
-1.528915460697531,
1.0238234393276362
]
],
[
[
0.10943200589839032,
-1.4089234691339918,
0.8647427116831945
],
[
-0.6251453868881809,
-2.477446613963715,
1.6188344454729773
]
],
[
[
0.881157520515415,
1.282734856350875,
-2.0135164557666823
],
[
0.28208425167637163,
0.715208674462331,
-1.448693252070592
]
],
[
[
0.6865386210680171,
0.7851708790263232,
-1.2177037514735396
],
[
0.07940772677251773,
0.23373412720388342,
-0.6455939840936562
]
],
[
[
0.16005447039435855,
0.5453360715127693,
-1.0944730360167392
],
[
-0.40330155792771577,
-0.05576725699454582,
0.15904392589905625
]
],
[
[
0.048161003285555004,
0.23151668436350004,
-0.32346754681465
],
[
-1.0526695420822074,
-0.2481795408470625,
0.575456055002575
]
],
[
[
-0.7694105800122775,
0.12044235118218768,
0.30344268723709233
],
[
-1.6776127395061051,
0.018102886313752564,
0.709269585583161
]
],
[
[
-1.3744807771076744,
-0.058433612298974674,
0.9205224705969748
],
[
-2.007320785114215,
-0.5974975317888482,
1.4763314440496322
]
],
[
[
-0.5928035462627879,
0.2118589556267138,
0.7763916660598078
],
[
-1.4838652138340898,
-0.22612109386549134,
0.6573010248160205
]
],
[
[
-1.2201750696503575,
-0.2568263483867205,
1.454625554599527
],
[
-2.1326537505249945,
-0.5868107214261924,
1.2127723542919235
]
],
[
[
0.08262348520050797,
0.12498961055008564,
0.40650469065012135
],
[
-0.8616238203762203,
-0.20376453790530674,
0.42432983537488433
]
],
[
[
-0.14206122342598007,
0.42672297227434863,
0.498120482405191
],
[
0.4442390607717926,
-0.37022075925107834,
0.3527496960279435
]
],
[
[
-0.704168777440345,
-1.8280118242635892,
1.5943031215156638
],
[
-0.5938739898918991,
-1.0016343740128653,
1.0420935874103967
]
],
[
[
-0.5207386221123844,
-1.1718076378229914,
0.8788567870987605
],
[
-0.2791148754675478,
-0.3546647690780247,
0.35550652473467426
]
],
[
[
-0.5960974900252883,
-0.4306575140681891,
0.28170317169061315
],
[
-1.3102703417156283,
-0.8367820164459618,
0.8518084483517705
]
],
[
[
-2.000532613273319,
-0.876049265338976,
1.4204412318755981
],
[
-0.6875307879535877,
-0.6828769529944552,
0.7213627924637354
]
],
[
[
1.1643846092230492,
1.0915852377625135,
-1.1331773373605576
],
[
1.1932953245623426,
0.3369133681136727,
-2.429184490002584
]
],
[
[
0.6327060535508514,
0.6516489156513217,
-0.6472612568442104
],
[
0.6346369145463973,
0.3687780853347852,
-1.6064173260695733
]
],
[
[
0.46005175721837055,
0.5756871364754313,
0.10989194942291841
],
[
0.3058429286316635,
0.012453240784520592,
-1.2717690856832888
]
],
[
[
0.3535350473932891,
-0.29382391082647685,
0.5072853369605337
],
[
0.39021649782294304,
-0.4419103026171114,
-0.4810085928805877
]
],
[
[
0.20287475749343598,
-0.7798737219085206,
0.959428474667136
],
[
0.03401383900500386,
-0.5903474550179237,
-0.007818021509385487
]
],
[
[
-0.32617997094070694,
-1.4673140091924106,
1.6586949476236938
],
[
-0.38703303986708476,
-1.240224616806692,
0.6867241086227871
]
],
[
[
0.9714848160668976,
0.861948907831717,
-1.3349220059309468
],
[
0.7840250767121454,
0.9612911794449188,
-2.3121578828776426
]
],
[
[
0.8854908098949783,
0.5794348787122349,
-0.7006840260725012
],
[
0.30357993500780167,
0.7092338499280102,
-1.5035115048992833
]
],
[
[
0.5400042501319949,
0.22683147318645927,
-0.20679622003907988
],
[
0.0016187943260149718,
0.44692766600483136,
-1.020244907347287
]
],
[
[
-0.1086601970536194,
0.34564192430398455,
0.5735775238686246
],
[
-0.16253872028536173,
0.13608298374270766,
-0.4027329570569887
]
],
[
[
-0.9302428200546968,
-0.013949858226978029,
1.2015962776805393
],
[
-0.9908685505900872,
0.16590800847369766,
0.21977365185501274
]
],
[
[
-1.453390100067155,
-0.09396643623174951,
1.537756973326093
],
[
-1.330374212551687,
-0.12224194796761208,
0.5457551654371874
]
],
[
[
0.8132783312042129,
0.8885745443234678,
-0.7204064024105145
],
[
-0.03371889079276269,
0.4176607184362734,
-0.9670556969922971
]
],
[
[
0.769038431046469,
0.8893590071761452,
-0.7726801530874559
],
[
0.43933035057032527,
-0.05332284376759333,
-0.8240952245162094
]
],
[
[
1.2291612091443698,
1.086465081171521,
-1.277526117367074
],
[
0.3997538844998768,
0.5503645835883388,
-1.4346240050585681
]
],
[
[
0.9922171152364295,
1.0934745543217592,
-1.4890145653330498
],
[
0.9122159116688954,
0.09782984185400978,
-1.5368832812418598
]
],
[
[
0.08741191441420791,
-1.1428187698489771,
1.1298449363302385
],
[
-0.7290457033809373,
-0.30065111964403557,
0.1948847193730867
]
],
[
[
-1.0604336264173124,
0.039151324768177315,
1.214416969765181
],
[
-0.08877940759180714,
-0.5816214063760068,
0.2549747905243538
]
],
[
[
-0.8560328312986948,
-0.7766324633879538,
0.8453259329695024
],
[
-0.05182594239981786,
-1.8247805735753129,
1.5557038738983133
]
],
[
[
-0.7287223296993532,
-0.703815700875399,
0.6700947120424747
],
[
-1.4456776498667943,
-0.5289432789749259,
1.3449241015493818
]
],
[
[
1.471791717875511,
1.403307206306394,
-2.0837628871091174
],
[
0.9029121707994703,
0.8069193188016048,
-1.5174612461472237
]
],
[
[
0.6345263002269061,
0.596627435155614,
-0.7935140158761498
],
[
1.003808964555056,
0.932730727360148,
-1.6599232095000267
]
],
[
[
0.9574145224745993,
0.7137605820167001,
-0.8029810406331711
],
[
0.37788600862281174,
0.12626812837673973,
-0.23818079404254006
]
],
[
[
0.6030330283126186,
0.44150800520091493,
-0.29064547609747793
],
[
-0.32536723354300334,
0.20019616587579203,
-0.008083005150009565
]
],
[
[
-0.9226176734046923,
-0.22647249999666547,
1.0848486977746212
],
[
-0.3273112634896144,
-0.06237645979524262,
0.2982847983333651
]
],
[
[
-0.7203120250046282,
-0.06995958182157352,
0.851322835922532
],
[
-1.3989388817178492,
-0.6264210441872342,
1.330714356758481
]
],
[
[
0.5229137604765892,
0.5919135225841455,
-0.08777312361578793
],
[
-0.1070763156434913,
-0.6774142778326245,
0.40407994293899063
]
],
[
[
0.452654631963881,
-0.09464532271772341,
0.2734845179130589
],
[
-0.1966452546431891,
-1.037732104804498,
1.2425030825986165
]
],
[
[
-0.1277986017045446,
-0.8975526005030438,
1.0688222302960595
],
[
-0.10731870908048857,
-1.7695924715338704,
1.5578284033968155
]
],
[
[
-0.23654430735491971,
-0.8362428888307443,
0.5472504529807317
],
[
-1.0926178475672896,
0.36189410421797724,
0.26158309461364904
]
],
[
[
-0.34304960822047925,
-0.321667589433621,
0.3411834410111868
],
[
0.16517234030712358,
-1.1828641005837175,
0.33404059720017076
]
],
[
[
0.3194700366535587,
0.8079791156143552,
-1.3821392775004202
],
[
0.9039590706220066,
-0.003369286410740191,
-1.3914311934468147
]
]
],
"contact_id_pairs": [
[
1,
2
],
[
2,
56
],
[
0,
1
],
[
0,
36
],
[
16,
36
],
[
0,
2
],
[
0,
42
],
[
2,
22
],
[
3,
48
],
[
3,
18
],
[
3,
38
],
[
17,
38
],
[
18,
49
],
[
4,
18
],
[
4,
39
],
[
19,
39
],
[
5,
31
],
[
5,
62
],
[
31,
39
],
[
31,
63
],
[
39,
63
],
[
5,
66
],
[
19,
66
],
[
20,
40
],
[
20,
66
],
[
6,
52
],
[
6,
63
],
[
7,
40
],
[
7,
52
],
[
63,
64
],
[
6,
8
],
[
6,
21
],
[
8,
20
],
[
8,
21
],
[
8,
41
],
[
7,
33
],
[
8,
33
],
[
8,
54
],
[
32,
54
],
[
9,
54
],
[
9,
64
],
[
10,
41
],
[
41,
54
],
[
54,
64
],
[
9,
11
],
[
9,
21
],
[
10,
32
],
[
11,
32
],
[
12,
28
],
[
28,
46
],
[
46,
53
],
[
53,
60
],
[
53,
61
],
[
60,
61
],
[
12,
13
],
[
12,
34
],
[
13,
35
],
[
13,
55
],
[
35,
55
],
[
13,
26
],
[
13,
28
],
[
13,
47
],
[
27,
47
],
[
28,
47
],
[
14,
29
],
[
14,
47
],
[
14,
15
],
[
14,
35
],
[
15,
27
],
[
27,
29
],
[
16,
51
],
[
16,
67
],
[
17,
37
],
[
17,
67
],
[
37,
67
],
[
22,
43
],
[
23,
43
],
[
23,
44
],
[
24,
44
],
[
24,
25
],
[
24,
45
],
[
25,
45
],
[
25,
30
],
[
25,
65
],
[
26,
46
],
[
26,
65
],
[
30,
65
],
[
46,
65
],
[
30,
31
],
[
30,
60
],
[
31,
45
],
[
45,
59
],
[
33,
52
],
[
33,
53
],
[
33,
65
],
[
33,
66
],
[
34,
52
],
[
52,
65
],
[
53,
66
],
[
36,
50
],
[
50,
57
],
[
51,
57
],
[
37,
49
],
[
48,
49
],
[
38,
59
],
[
38,
62
],
[
42,
56
],
[
43,
57
],
[
43,
58
],
[
44,
58
],
[
50,
67
],
[
55,
61
]
],
"contact_t_pairs": [
[
0.2008569851383587,
0.3083418722009559
],
[
0.07343753091879698,
0.08395673856928434
],
[
0.46762194572880283,
0.7991430148616416
],
[
0.9940163592206519,
0.8903189102295122
],
[
0.08005108436439298,
0.6720204280466473
],
[
0.005983640779347456,
0.9265624690812027
],
[
0.3341384316560465,
0.7717449076903862
],
[
0.6423191442176208,
0.036115225769110616
],
[
0.15915542853881706,
0.917496949954451
],
[
0.8408445714611827,
0.14215066951974956
],
[
0.5895637612589971,
0.759799585841735
],
[
0.7854430294457331,
0.882461847089971
],
[
0.3266562360986422,
0.9558232858706874
],
[
0.35085403226074335,
0.8578493304802504
],
[
0.6491459677392568,
0.9619323842273665
],
[
0.06929842647813127,
0.5407553190721721
],
[
0.15182534471232714,
0.6129330139796566
],
[
0.738003927481355,
0.9231131026234666
],
[
0.9030968679333549,
0.13992493906693987
],
[
0.8277704943339396,
0.13446503417905933
],
[
0.038067615772633456,
0.19853855353760558
],
[
0.8481746552876729,
0.3884224989906184
],
[
0.9307015735218687,
0.9252693393482203
],
[
0.14166313443538847,
0.8023557290258154
],
[
0.31635757276978016,
0.5663796342725541
],
[
0.3539089467622316,
0.13722569529501663
],
[
0.09664002530498297,
0.7152100892503812
],
[
0.18546636551431314,
0.19764427097418472
],
[
0.588906586127456,
0.38549317773239317
],
[
0.8655349658209402,
0.03324885219126275
],
[
0.8580126699870309,
0.8303256081655324
],
[
0.9033599746950165,
0.1590199039019787
],
[
0.6502477454575426,
0.8583368655646115
],
[
0.8605237492155058,
0.1267011766101921
],
[
0.5507746840759666,
0.779340815925703
],
[
0.814533634485687,
0.33380365107348875
],
[
0.41843659472945705,
0.02412208321396575
],
[
0.13947625078449408,
0.06375629711384694
],
[
0.8999514738912668,
0.31265591050051456
],
[
0.19517261541584044,
0.8255035899008083
],
[
0.023248746308575118,
0.6811719715127739
],
[
0.33243576864446145,
0.22065918407429677
],
[
0.39809661460858004,
0.5949939284487366
],
[
0.9362437028861524,
0.9667511478087359
],
[
0.6198432627803468,
0.7053190372515094
],
[
0.9767512536914286,
0.8732988233898105
],
[
0.6675642313555384,
0.3796922627876293
],
[
0.294680962748491,
0.10004852610873237
],
[
0.12498693590433373,
0.14584531814170135
],
[
0.3926144705332737,
0.47381994830827956
],
[
0.08667296480974937,
0.10605700370105635
],
[
0.3409572900917559,
0.27942760953210477
],
[
0.29086036290311273,
0.11906618254325532
],
[
0.1522868960489954,
0.20348232256340484
],
[
0.595901311374297,
0.38938458977735374
],
[
0.8750130640956661,
0.9672821852325411
],
[
0.15406244899367572,
0.8843324777079001
],
[
0.17689868341786164,
0.17421028724178378
],
[
0.9011976704140416,
0.14500850613108934
],
[
0.8459375510063244,
0.8697834925200376
],
[
0.6579315870856531,
0.8541546818582985
],
[
0.6765898812418281,
0.8337745919785201
],
[
0.04956359139983683,
0.5905695475760201
],
[
0.8282952170048572,
0.869811792416102
],
[
0.35764027262749226,
0.35781329186693317
],
[
0.06215085835281291,
0.13018820758389812
],
[
0.7833234754709385,
0.37061565647744593
],
[
0.9378491416471872,
0.09880232958595832
],
[
0.6293843435225545,
0.9504364086001633
],
[
0.704895943831276,
0.6421867081330672
],
[
0.6786476519516909,
0.7778335937052979
],
[
0.9199489156356069,
0.7391050612218235
],
[
0.2145569705542669,
0.8488488969584058
],
[
0.2788940195167874,
0.5428217870262548
],
[
0.7772424636308218,
0.4892795418187759
],
[
0.9638847742308891,
0.9757215230308699
],
[
0.19560773289546604,
0.5228173490694689
],
[
0.804392267104534,
0.6572718422155505
],
[
0.15964705252516245,
0.8612530270624824
],
[
0.8403529474748371,
0.3304891164414196
],
[
0.6159827128097163,
0.91464658875021
],
[
0.1640111914125976,
0.7735351254911284
],
[
0.8359888085874021,
0.9987144715855668
],
[
0.744741246971958,
0.6075062384375814
],
[
0.23018828068234357,
0.812967202410977
],
[
0.13021650747996266,
0.7743286450955033
],
[
0.8503648443028888,
0.5630086299724212
],
[
0.9133270351902508,
0.841126702006872
],
[
0.001285528414432477,
0.38513727033859874
],
[
0.5427017083991565,
0.8477131039510049
],
[
0.096903132066645,
0.08535341124978944
],
[
0.6423805960235802,
0.815471074778548
],
[
0.6059321298750795,
0.5780972236398525
],
[
0.8669290727162431,
0.7987371475960614
],
[
0.6628530897501351,
0.1588732979931283
],
[
0.9758779167860341,
0.07473066065177955
],
[
0.03271781476745893,
0.8627743047049831
],
[
0.6884310419556948,
0.24383082721637053
],
[
0.8939429962989434,
0.24391447299541225
],
[
0.10968108977048792,
0.09238020288500852
],
[
0.453940501579946,
0.6445344244201535
],
[
0.2221664062947023,
0.8299740237524731
],
[
0.15115110304159438,
0.3102497861662852
],
[
0.08250305004554905,
0.04417671412931237
],
[
0.2606177311178301,
0.1845289252214521
],
[
0.11753815291002909,
0.07688689737653397
],
[
0.22825509230961372,
0.9160432614307153
],
[
0.31194391310239317,
0.17002597624752688
],
[
0.024278476969129804,
0.17370194378773834
],
[
0.1387469729375172,
0.8262980562122616
],
[
0.9076197971149916,
0.26089493877817643
],
[
0.8549914938689107,
0.8809338174567445
]
],
"half_couplers": [
{
"pose": [
[
0.85856168169867,
0.07285987048263323,
-0.5075069240828203,
1.1923580200062154
],
[
-0.47349926325767433,
-0.2669758313830741,
-0.8393582984350342,
1.3105382805812207
],
[
-0.19664761990217766,
0.960945026903501,
-0.19471612377057634,
-1.9795566100730893
],
[
0.0,
0.0,
0.0,
1.0
]
],
"at_element": 1,
"to_element": 2
},
{
"pose": [
[
-0.24836477673501278,
-0.07285987048263581,
-0.9659225522528299,
1.1897350641492408
],
[
0.9282952365486821,
0.266975831383081,
-0.25882785641877737,
1.3201494124149484
],
[
0.2767361405353372,
-0.9609450269034989,
0.001328077949481421,
-2.0141506378945904
],
[
0.0,
0.0,
0.0,
1.0
]
],
"at_element": 2,
"to_element": 1
},
{
"pose": [
[
0.15743676908162751,
-0.20544412084681354,
-0.9659225522528286,
1.4166344650157732
],
[
-0.583451845523965,
0.7698000290311358,
-0.2588278564187826,
1.3809491995324752
],
[
0.7967418701786783,
0.6043183172080278,
0.0013280779494831974,
-2.0144626091704847
],
[
0.0,
0.0,
0.0,
1.0
]
],
"at_element": 2,
"to_element": 56
},
{
"pose": [
[
-0.7963471442329906,
0.205444120846814,
-0.5688795470760405,
1.424030446464235
],
[
0.22744098782153324,
-0.7698000290311366,
-0.596387887504791,
1.3532364243492667
],
[
-0.5604478770864659,
-0.6043183172080271,
0.5663016409618924,
-2.0362180482875227
],
[
0.0,
0.0,
0.0,
1.0
]
],
"at_element": 56,
"to_element": 2
},
{
"pose": [
[
-0.7689569487631611,
-0.14342059256854292,
0.6230054129589384,
0.8835605757890606
],
[
-0.6332046734753984,
0.3051176404096384,
-0.711305185556642,
0.8193461722139749
],
[
-0.08807413035485273,
-0.9414530042111199,
-0.32543691927022356,
-2.129944856270166
],
[
0.0,
0.0,
0.0,
1.0
]
],
"at_element": 0,
"to_element": 1
},
{
"pose": [
[
0.849627715905785,
0.14342059256854384,
-0.5075069240828212,
0.8887237173396287
],
[
-0.44986761648189105,
-0.30511764040963874,
-0.8393582984350345,
0.8083619366952335
],
[
-0.27523057970658144,
0.9414530042111193,
-0.1947161237705728,
-2.096052546686892
],
[
0.0,
0.0,
0.0,
1.0
]
],
"at_element": 1,
"to_element": 0
},
{
"pose": [
[
-0.5089870332960802,
0.5939667123335413,
0.6230054129589402,
1.2115071447458283
],
[
-0.052719814581507485,
0.7009033843196402,
-0.7113051855566402,
0.44491909624917503
],
[
-0.8591582049232531,
-0.39488984601906296,
-0.3254369192702242,
-2.3012530325180087
],
[
0.0,
0.0,
0.0,
1.0
]
],
"at_element": 0,
"to_element": 36
},
{
"pose": [
[
0.8042587051932049,
-0.5939667123335399,
0.019273810226196036,
1.1901243657978846
],
[
-0.5055790397912685,
-0.7009033843196424,
-0.5031145797658927,
0.4196866011958891
],
[
0.31234239168689315,
0.39488984601906096,
-0.8640047684280185,
-2.2870370131504596
],
[
0.0,
0.0,
0.0,
1.0
]
],
"at_element": 36,
"to_element": 0
},
{
"pose": [
[
-0.2428170353707011,
0.8166363810906285,
-0.5235884914825627,
1.213211539861019
],
[
-0.7697969169562655,
-0.49064778501244244,
-0.40826150652126486,
0.566767347318268
],
[
-0.590298732828059,
0.303923957827589,
0.7477818090058099,
-1.9931795686241138
],
[
0.0,
0.0,
0.0,
1.0
]
],
"at_element": 16,
"to_element": 36
},
{
"pose": [
[
-0.5768306001926113,
-0.8166363810906274,
0.019273810226196758,
1.183813200520496
],
[
-0.7114355000204646,
0.4906477850124441,
-0.5031145797658959,
0.5844303248863358
],
[
0.4014050173977194,
-0.30392395782758896,
-0.8640047684280168,
-2.004120618830569
],
[
0.0,
0.0,
0.0,
1.0
]
],
"at_element": 36,
"to_element": 16
},
{
"pose": [
[
0.7765772624557181,
0.09376572327159488,
0.6230054129589385,
0.5959574129763608
],
[
0.612313424196931,
-0.34513360246208924,
-0.7113051855566428,
1.1477118923761014
],
[
0.14832405733734544,
0.9338580114722448,
-0.32543691927022156,
-1.9797107084902879
],
[
0.0,
0.0,
0.0,
1.0
]
],
"at_element": 0,
"to_element": 2
},
{
"pose": [
[
-0.24125010298180705,
-0.09376572327159988,
-0.9659225522528301,
0.5925818473554055
],
[
0.9021590420725161,
0.3451336024620921,
-0.25882785641877654,
1.1601367005304946
],
[
0.357641511318342,
-0.9338580114722432,
0.001328077949481421,
-2.0133295927519566
],
[
0.0,
0.0,
0.0,
1.0
]
],
"at_element": 2,
"to_element": 0
},
{
"pose": [
[
0.271131647694575,
-0.7337246656902626,
0.6230054129589383,
0.8003996239809528
],
[
-0.19388274874651334,
-0.6756141004587799,
-0.7113051855566428,
0.9142936879602497
],
[
0.9428134011335018,
0.07206734502523238,
-0.3254369192702218,
-2.086504392676965
],
[
0.0,
0.0,
0.0,
1.0
]
],
"at_element": 0,
"to_element": 42
},
{
"pose": [
[
-0.653075004175449,
0.733724665690262,
-0.18745973935474974,
0.8268137168229005
],
[
0.7305317928276641,
0.6756141004587801,
0.09934227161320744,
0.9386158000676007
],
[
0.19954031820470847,
-0.0720673450252379,
-0.9772358769466956,
-2.089098817576908
],
[
0.0,
0.0,
0.0,
1.0
]
],
"at_element": 42,
"to_element": 0
},
{
"pose": [
[
-0.14908305185247195,
0.21158418348197539,
-0.9659225522528287,
0.8671388851684665
],
[
0.552155615916595,
-0.7925479900633299,
-0.25882785641878114,
1.2337067910062827
],
[
-0.8203038580075792,
-0.5719264085062354,
0.0013280779494839745,
-2.013707090043996
],
[
0.0,
0.0,
0.0,
1.0
]
],
"at_element": 2,
"to_element": 22
},
{
"pose": [
[
0.7722327057712388,
-0.2115841834819758,
-0.5990732688390437,
0.8595218541590538
],
[
-0.22311816671349435,
0.792547990063329,
-0.5675261818885422,
1.2622385201620887
],
[
0.5948738789185828,
0.571926408506237,
0.5648232036960914,
-1.9931177382455656
],
[
0.0,
0.0,
0.0,
1.0
]
],
"at_element": 22,
"to_element": 2
},
{
"pose": [
[
0.6274816785626047,
-0.1180408939479845,
0.7696317888602424,
0.03191148853278511
],
[
0.7207911406460061,
-0.28578878174332134,
-0.63149418350124,
0.44622414273188976
],
[
0.2944942692727406,
0.9509948052358799,
-0.09424439389101913,
-0.9124705432599793
],
[
0.0,
0.0,
0.0,
1.0
]
],
"at_element": 3,
"to_element": 48
},
{
"pose": [
[
-0.5183262035488523,
0.11804089394798484,
-0.8469972219969757,
0.03616096340209479
],
[
0.834604661392419,
0.28578878174332,
-0.47091382588719416,
0.45651254538058555
],
[
0.18647521523430194,
-0.9509948052358801,
-0.24664929458178286,
-0.9467063778977168
],
[
0.0,
0.0,
0.0,
1.0
]
],
"at_element": 48,
"to_element": 3
},
{
"pose": [
[
-0.3134725821580884,
-0.5562390221936284,
0.7696317888602423,
0.5565611230467307
],
[
-0.5023113761155675,
-0.5906762037097715,
-0.6314941835012399,
0.015741414020470343
],
[
0.8058648904500217,
-0.5845509152846214,
-0.09424439389102024,
-0.9767159233567868
],
[
0.0,
0.0,
0.0,
1.0
]
],
"at_element": 3,
"to_element": 18
},
{
"pose": [
[
0.6656014685147693,
0.556239022193628,
-0.49756691539938547,
0.5765857250043571
],
[
-0.7378260712915499,
0.5906762037097713,
-0.32667156425604227,
0.037005754336768185
],
[
0.11219346519944615,
0.5845509152846221,
0.8035626010501306,
-0.9556720933925056
],
[
0.0,
0.0,
0.0,
1.0
]
],
"at_element": 18,
"to_element": 3
},
{
"pose": [
[
-0.30035539655986665,
0.5634301601202677,
0.7696317888602412,
0.36316742358457155
],
[
-0.22782814212618105,
0.7411541228782536,
-0.6314941835012413,
0.17442378408862957
],
[
-0.9262186423370554,
-0.3650164664880425,
-0.09424439389102068,
-0.9530341157028372
],
[
0.0,
0.0,
0.0,
1.0
]
],
"at_element": 3,
"to_element": 38
},
{
"pose": [
[
0.819742279333727,
-0.5634301601202696,
-0.10280588572447247,
0.34288395312505143
],
[
-0.5565055066358708,
-0.7411541228782546,
-0.3754892637939439,
0.14774225579745037
],
[
0.1353669699620205,
0.36501646648803765,
-0.9211073567374699,
-0.9398935328244408
],
[
0.0,
0.0,
0.0,
1.0
]
],
"at_element": 38,
"to_element": 3
},
{
"pose": [
[
0.30162030106923465,
-0.7124213060739477,
-0.633625344059717,
0.2983211894102302
],
[
0.5453458367479718,
0.674040154058066,
-0.4982647780638655,
0.1029201515366692
],
[
0.7820633684840115,
-0.19525817106914933,
0.5918201874777271,
-1.1164004919302766
],
[
0.0,
0.0,
0.0,
1.0
]
],
"at_element": 17,
"to_element": 38
},
{
"pose": [
[
0.6941806915438479,
0.7124213060739493,
-0.10280588572447273,
0.3239683495061644
],
[
0.6361428168995289,
-0.6740401540580645,
-0.37548926379393754,
0.0786547125403502
],
[
-0.336801846780622,
0.19525817106914878,
-0.9211073567374726,
-1.1093711996691467
],
[
0.0,
0.0,
0.0,
1.0
]
],
"at_element": 38,
"to_element": 17
},
{
"pose": [
[
-0.12788214049589852,
0.8579471562060959,
-0.4975669153993867,
0.4847818593676815
],
[
-0.8886284195477525,
-0.32190871544363775,
-0.3266715642560439,
-0.023266967711506208
],
[
-0.4404380661503394,
0.40037664277440094,
0.8035626010501291,
-0.8074103204041425
],
[
0.0,
0.0,
0.0,
1.0
]
],
"at_element": 18,
"to_element": 49
},
{
"pose": [
[
-0.39397875428328666,
-0.8579471562060956,
-0.3297080804761444,
0.4538957701876442
],
[
0.08789600003819814,
0.3219087154436371,
-0.9426818509437385,
-0.011678257123560548
],
[
0.9149071178817417,
-0.40037664277440205,
-0.05141507142875423,
-0.8218238756037631
],
[
0.0,
0.0,
0.0,
1.0
]
],
"at_element": 49,
"to_element": 18
},
{
"pose": [
[
0.3590706124748071,
0.7385954396205547,
0.5705655718922114,
0.24706772182519793
],
[
0.5502874007157963,
0.3262269977184392,
-0.7686089529618205,
-0.1850482380766481
],
[
-0.7538249610290306,
0.589959932988108,
-0.2893012367727583,
-0.35932443003329895
],
[
0.0,
0.0,
0.0,
1.0
]
],
"at_element": 4,
"to_element": 18
},
{
"pose": [
[
-0.4548669489770212,
-0.7385954396205539,
-0.4975669153993833,
0.22047774991476995
],
[
0.8870522166513775,
-0.3262269977184391,
-0.32667156425604493,
-0.19679264677515415
],
[
0.07895836663846217,
-0.5899599329881094,
0.8035626010501308,
-0.38056341582299025
],
[
0.0,
0.0,
0.0,
1.0
]
],
"at_element": 18,
"to_element": 4
},
{
"pose": [
[
-0.22413082483856694,
0.7900761365390656,
0.5705655718922125,
0.4172628305823307
],
[
0.19316230205704704,
0.6098594940565875,
-0.7686089529618201,
-0.4143180902817432
],
[
-0.9552244230657034,
-0.06205719926444464,
-0.2893012367727579,
-0.4456206558865726
],
[
0.0,
0.0,
0.0,
1.0
]
],
"at_element": 4,
"to_element": 39
},
{
"pose": [
[
0.6119102627558077,
-0.7900761365390648,
0.0366814504296538,
0.3888201224620041
],
[
-0.778551101775261,
-0.6098594940565882,
-0.14808639179063487,
-0.4362730067532698
],
[
0.13937005510024558,
0.06205719926444529,
-0.9882939298411215,
-0.4433865992889699
],
[
0.0,
0.0,
0.0,
1.0
]
],
"at_element": 39,
"to_element": 4
},
{
"pose": [
[
0.0398168114855334,
-0.973839955589625,
-0.22371938320208806,
0.33831249703629634
],
[
0.45991802588917274,
0.21663121233344973,
-0.8611308421518451,
-0.3661036909169509
],
[
0.8870682222835693,
-0.06860509266910902,
0.45651211405014347,
-0.02960964584158399
],
[
0.0,
0.0,
0.0,
1.0
]
],
"at_element": 19,
"to_element": 39
},
{
"pose": [
[
0.2242547927951022,
0.9738399555896249,
0.0366814504296538,
0.3733707368244067
],
[
0.9649566510519374,
-0.21663121233344995,
-0.1480863917906344,
-0.3739024148694681
],
[
-0.13626609812809393,
0.06860509266910941,
-0.9882939298411215,
-0.027139862407792842
],
[
0.0,
0.0,
0.0,
1.0
]
],
"at_element": 39,
"to_element": 19
},
{
"pose": [
[
-0.8470725678193878,
-0.13613583377928676,
-0.5137461431573835,
0.21240067605113266
],
[
0.5074858012816821,
0.07996922059204925,
-0.8579411898582497,
-0.05887125277783562
],
[
0.1578804178654135,
-0.9874573198468471,
0.001347269655208927,
0.3734693863339815
],
[
0.0,
0.0,
0.0,
1.0
]
],
"at_element": 5,
"to_element": 31
},
{
"pose": [
[
0.798573109684285,
0.1361358337792872,
0.5863002841977729,
0.21730157686448998
],
[
0.5987366804699948,
-0.07996922059204947,
-0.7969437315254269,
-0.0617501510617256
],
[
-0.06160662260619748,
0.9874573198468473,
-0.14537078637724687,
0.4090179281663919
],
[
0.0,
0.0,
0.0,
1.0
]
],
"at_element": 31,
"to_element": 5
},
{
"pose": [
[
0.1912443991791013,
-0.836355474767478,
-0.5137461431573878,
-0.08874631004791667
],
[
-0.11298846831433668,
0.5011691538518657,
-0.8579411898582473,
-0.5617780035481179
],
[
0.9750175310273168,
0.22212383720319495,
0.0013472696552113694,
0.3742591269510791
],
[
0.0,
0.0,
0.0,
1.0
]
],
"at_element": 5,
"to_element": 62
},
{
"pose": [
[
-0.35229969792131377,
0.8363554747674773,
-0.4199933840800574,
-0.05863833331261219
],
[
-0.18095212792435955,
-0.5011691538518666,
-0.8462185336111768,
-0.5798196015047995
],
[
-0.9182272323581986,
-0.2221238372031954,
0.32790204436985604,
0.3662628866864601
],
[
0.0,
0.0,
0.0,
1.0
]
],
"at_element": 62,
"to_element": 5
},
{
"pose": [
[
-0.13487542043953704,
0.7987869538937582,
0.5863002841977728,
0.38742472690146423
],
[
0.08091399905960078,
0.5986097339156049,
-0.7969437315254269,
-0.29299441558538486
],
[
-0.9875533128481931,
-0.06004822021192313,
-0.14537078637724754,
0.36683658053888996
],
[
0.0,
0.0,
0.0,
1.0
]
],
"at_element": 31,
"to_element": 39
},
{
"pose": [
[
0.6004946906372346,
-0.7987869538937581,
0.03668145042965368,
0.3586676971095454
],
[
-0.7872336419563882,
-0.5986097339156053,
-0.14808639179063507,
-0.31454489017442433
],
[
0.14024735109289246,
0.06004822021192276,
-0.9882939298411215,
0.3689983690472882
],
[
0.0,
0.0,
0.0,
1.0
]
],
"at_element": 39,
"to_element": 31
},
{
"pose": [
[
-0.5290378672148015,
-0.6134907593455872,
0.5863002841977725,
0.34326085265253947
],
[
-0.5125709473274516,
-0.31961181570487507,
-0.796943731525427,
-0.23296353432678846
],
[
0.6763061133899744,
-0.7221339041060236,
-0.14537078637724798,
0.3777868347039833
],
[
0.0,
0.0,
0.0,
1.0
]
],
"at_element": 31,
"to_element": 63
},
{
"pose": [
[
0.6604964818466614,
0.6134907593455875,
-0.4328665910713802,
0.36534650051880196
],
[
-0.7089102647467173,
0.3196118157048746,
-0.6287245213911833,
-0.22145751910484066
],
[
-0.2473674069171648,
0.7221339041060236,
0.6460123764570382,
0.40378363233364545
],
[
0.0,
0.0,
0.0,
1.0
]
],
"at_element": 63,
"to_element": 31
},
{
"pose": [
[
0.4981245089933689,
0.866329293475923,
0.03668145042965407,
0.35493142275422807
],
[
0.860051029528742,
-0.48824445431871677,
-0.1480863917906348,
-0.2994612066903184
],
[
-0.11038206442473383,
0.10531338040594111,
-0.9882939298411213,
0.46966334336891596
],
[
0.0,
0.0,
0.0,
1.0
]
],
"at_element": 39,
"to_element": 63
},
{
"pose": [
[
0.2491988555345913,
-0.8663292934759232,
-0.4328665910713805,
0.32374357166478196
],
[
0.6052460896432517,
0.48824445431871666,
-0.6287245213911827,
-0.2818844082936667
],
[
0.7560271829582605,
-0.10531338040594102,
0.6460123764570385,
0.4658720620968162
],
[
0.0,
0.0,
0.0,
1.0
]
],
"at_element": 63,
"to_element": 39
},
{
"pose": [
[
0.8579021326686158,
0.008296454276009724,
-0.5137461431573837,
-0.1453460965472544
],
[
-0.51373667393799,
-0.003397733912796408,
-0.8579411898582499,
-0.6562980088498196
],
[
-0.008863442546338418,
0.999959811317787,
0.0013472696552073726,
0.3744075566295448
],
[
0.0,
0.0,
0.0,
1.0
]
],
"at_element": 5,
"to_element": 66
},
{
"pose": [
[
-0.8611861702798369,
-0.008296454276008836,
0.5082219485276034,
-0.1456447689315063
],
[
-0.508260784034299,
0.0033977339127944095,
-0.861196511150096,
-0.6561756904165434
],
[
0.005418074527676342,
-0.9999598113177869,
-0.007142843811018373,
0.33840899976821226
],
[
0.0,
0.0,
0.0,
1.0
]
],
"at_element": 66,
"to_element": 5
},
{
"pose": [
[
0.8297579870770939,
0.5113231076936058,
-0.22371938320208762,
0.145599916291334
],
[
-0.41400031288210504,
0.29505493323849685,
-0.8611308421518448,
-1.1078845083629743
],
[
-0.37430659066504346,
0.8071500888373732,
0.4565121140501446,
0.3636313258647991
],
[
0.0,
0.0,
0.0,
1.0
]
],
"at_element": 19,
"to_element": 66
},
{
"pose": [
[
-0.6930073091774434,
-0.511323107693606,
0.5082219485276023,
0.12719257833592104
],
[
-0.4138636919983758,
-0.2950549332384991,
-0.8611965111500968,
-1.118506316354463
],
[
0.5903030695093101,
-0.8071500888373724,
-0.007142843811016819,
0.3345743866371005
],
[
0.0,
0.0,
0.0,
1.0
]
],
"at_element": 66,
"to_element": 19
},
{
"pose": [
[
0.5159598790606374,
-0.8134564151797459,
-0.26846613157463467,
0.038103795133129705
],
[
0.45956965359934737,
0.5273475566660073,
-0.7146329743084684,
-0.608821719901962
],
[
0.7228977359836646,
0.24534305590602934,
0.6459300645026386,
0.19218505891892276
],
[
0.0,
0.0,
0.0,
1.0
]
],
"at_element": 20,
"to_element": 40
},
{
"pose": [
[
0.5565740299458459,
0.8134564151797461,
-0.1688609184884327,
0.06738823213568124
],
[
0.8282417211399735,
-0.5273475566660071,
0.18952626689059798,
-0.6278062358679745
],
[
0.06512296486597283,
-0.24534305590602834,
-0.9672464961765206,
0.1833527070797575
],
[
0.0,
0.0,
0.0,
1.0
]
],
"at_element": 40,
"to_element": 20
},
{
"pose": [
[
0.7219877388199836,
0.637698707220705,
-0.2684661315746343,
-0.03224551496772693
],
[
-0.5931783161019419,
0.37072792899577867,
-0.7146329743084667,
-0.7960853289950424
],
[
-0.35619263088962416,
0.6752045330650132,
0.6459300645026407,
0.36144564365130155
],
[
0.0,
0.0,
0.0,
1.0
]
],
"at_element": 20,
"to_element": 66
},
{
"pose": [
[
-0.5788357364951198,
-0.6376987072207055,
0.5082219485276025,
-0.05520304688413073
],
[
-0.3477087457131347,
-0.37072792899578033,
-0.8611965111500964,
-0.8094317544556122
],
[
0.7375959722712366,
-0.6752045330650117,
-0.007142843811016153,
0.33713787974583753
],
[
0.0,
0.0,
0.0,
1.0
]
],
"at_element": 66,
"to_element": 20
},
{
"pose": [
[
-0.6700975248958811,
0.7392443567184154,
-0.06698573122979934,
0.001985744472178993
],
[
0.06637109419372655,
-0.030209606925665877,
-0.9973375845243799,
-1.0283392742416695
],
[
-0.7392997937129038,
-0.672759363152512,
-0.028821074002972846,
0.9773250356895491
],
[
0.0,
0.0,
0.0,
1.0
]
],
"at_element": 6,
"to_element": 52
},
{
"pose": [
[
-0.3965473017766228,
-0.7392443567184157,
-0.5443050785300977,
-0.024627049866643824
],
[
-0.8269623807537847,
0.030209606925664545,
0.5614451001366291,
-1.0272517284946336
],
[
-0.3986018794131715,
0.6727593631525114,
-0.623306811304766,
1.001544370485114
],
[
0.0,
0.0,
0.0,
1.0
]
],
"at_element": 52,
"to_element": 6
},
{
"pose": [
[
0.506376226457769,
0.8597069437255925,
-0.06698573122980084,
0.01921909129869485
],
[
-0.009092795451251079,
-0.07235373912907028,
-0.9973375845243797,
-0.7717553095423049
],
[
-0.8622647147768903,
0.5056371301081866,
-0.028821074002971292,
0.9847398023135329
],
[
0.0,
0.0,
0.0,
1.0
]
],
"at_element": 6,
"to_element": 63
},
{
"pose": [
[
-0.27116505166455585,
-0.859706943725593,
-0.43286659107138153,
-0.011731197886623995
],
[
0.7742547466018349,
0.07235373912907128,
-0.6287245213911818,
-0.7691505043048603
],
[
0.5718383531386182,
-0.5056371301081857,
0.6460123764570386,
0.9665363720470929
],
[
0.0,
0.0,
0.0,
1.0
]
],
"at_element": 63,
"to_element": 6
},
{
"pose": [
[
0.005791520737969846,
0.16725118822656812,
-0.9858973061756193,
0.175521406778902
],
[
0.2216814240656664,
-0.9615973643484463,
-0.16182662049965574,
-0.7770324441051477
],
[
-0.9751019457019661,
-0.21761789658693625,
-0.04264559265994161,
0.760423502269292
],
[
0.0,
0.0,
0.0,
1.0
]
],
"at_element": 7,
"to_element": 40
},
{
"pose": [
[
-0.9713459889473186,
-0.1672511882265676,
-0.16886091848843215,
0.1695003643627586
],
[
-0.19852028369069802,
0.9615973643484464,
0.1895262668905975,
-0.7424149410584698
],
[
0.1306777208223362,
0.21761789658693628,
-0.9672464961765213,
0.7682577460779929
],
[
0.0,
0.0,
0.0,
1.0
]
],
"at_element": 40,
"to_element": 7
},
{
"pose": [
[
-0.08919023741391863,
0.14160368365867304,
-0.9858973061756197,
-0.22222921992649308
],
[
0.7237097573705188,
-0.6708623793181174,
-0.1618266204996543,
-0.8423198115806083
],
[
-0.6843166581610839,
-0.7279368549468619,
-0.04264559265994072,
0.743218554958387
],
[
0.0,
0.0,
0.0,
1.0
]
],
"at_element": 7,
"to_element": 52
},
{
"pose": [
[
-0.8268496708958892,
-0.14160368365867226,
-0.5443050785300967,
-0.2273269271534623
],
[
-0.4844822675270969,
0.6708623793181219,
0.5614451001366304,
-0.8181688861880517
],
[
0.2856511057061789,
0.727936854946858,
-0.6233068113047655,
0.7694241512420584
],
[
0.0,
0.0,
0.0,
1.0
]
],
"at_element": 52,
"to_element": 7
},
{
"pose": [
[
0.7541122808238317,
0.49390402128846966,
-0.4328665910713799,
-0.10933712319810981
],
[
-0.645195122885663,
0.4340837817817923,
-0.6287245213911826,
-0.9109199084173804
],
[
-0.12262920253851631,
0.7534122962555737,
0.6460123764570391,
1.1122039681780296
],
[
0.0,
0.0,
0.0,
1.0
]
],
"at_element": 63,
"to_element": 64
},
{
"pose": [
[
-0.8692752105939672,
-0.4939040212884701,
0.020479892624056084,
-0.12711766878179445
],
[
0.2260923124003915,
-0.4340837817817931,
-0.8720398710308267,
-0.9265469252798356
],
[
0.4395939882667394,
-0.753412296255573,
0.489006173100756,
1.0850811242661016
],
[
0.0,
0.0,
0.0,
1.0
]
],
"at_element": 64,
"to_element": 63
},
{
"pose": [
[
0.994274087653994,
-0.08325833550718348,
-0.06698573122980024,
-0.03178201204369904
],
[
-0.06913466211290337,
-0.0231978660572576,
-0.9973375845243796,
-1.5311008639124373
],
[
0.0814827412054384,
0.9962579528309737,
-0.028821074002971292,
0.9627962249773142
],
[
0.0,
0.0,
0.0,
1.0
]
],
"at_element": 6,
"to_element": 8
},
{
"pose": [
[
-0.6344361176681668,
0.08325833550718204,
0.7684782769647542,
-0.02878471177454342
],
[
-0.7697128464137686,
0.02319786605726115,
-0.6379686458408467,
-1.5302657406811873
],
[
-0.07094326369542298,
-0.9962579528309738,
0.049367446331350706,
0.9269309363911513
],
[
0.0,
0.0,
0.0,
1.0
]
],
"at_element": 8,
"to_element": 6
},
{
"pose": [
[
-0.6438755918603556,
-0.7621923208863275,
-0.06698573122979873,
-0.03481963440886402
],
[
0.02114331673345954,
0.06979041948995546,
-0.9973375845243801,
-1.5763274352545908
],
[
0.76483801053817,
-0.6435776280522265,
-0.028821074002967517,
0.96148926695249
],
[
0.0,
0.0,
0.0,
1.0
]
],
"at_element": 6,
"to_element": 21
},
{
"pose": [
[
0.4233661417555489,
0.7621923208863243,
-0.4897182618577125,
-0.007380420511096303
],
[
-0.6983470032058691,
-0.0697904194899559,
-0.7123487632198134,
-1.5788399169418543
],
[
-0.5771244000459541,
0.64357762805223,
0.5027278225265268,
0.9846583067237222
],
[
0.0,
0.0,
0.0,
1.0
]
],
"at_element": 21,
"to_element": 6
},
{
"pose": [
[
0.5052147421279669,
0.39268206244983395,
0.7684782769647537,
-0.23636360025454062
],
[
0.5575976542300753,
0.5311128532817788,
-0.6379686458408478,
-1.3579396953545917
],
[
-0.6586675339909273,
0.7508128494565289,
0.049367446331347264,
0.9135959600571006
],
[
0.0,
0.0,
0.0,
1.0
]
],
"at_element": 8,
"to_element": 20
},
{
"pose": [
[
-0.8796173793346149,
-0.39268206244983367,
-0.26846613157463467,
-0.2505001411630041
],
[
0.4552129711573743,
-0.5311128532817766,
-0.7146329743084667,
-1.377059740030398
],
[
0.1380377370959826,
-0.7508128494565307,
0.6459300645026405,
0.8865667229823916
],
[
0.0,
0.0,
0.0,
1.0
]
],
"at_element": 20,
"to_element": 8
},
{
"pose": [
[
-0.5718606711489125,
-0.2870827591939292,
0.768478276964753,
0.006025211327889857
],
[
-0.6501319256388276,
-0.4127038722730185,
-0.6379686458408484,
-1.559163941410031
],
[
0.5003037597882561,
-0.8644414399972136,
0.04936744633134649,
0.9291671440525379
],
[
0.0,
0.0,
0.0,
1.0
]
],
"at_element": 8,
"to_element": 21
},
{
"pose": [
[
0.8232615097140508,
0.2870827591939317,
-0.4897182618577145,
0.016360185921084514
],
[
-0.5676572498876842,
0.41270387227302097,
-0.7123487632198188,
-1.5443066088191406
],
[
-0.0023944254620382466,
0.8644414399972119,
0.5027278225265175,
0.9602870216263797
],
[
0.0,
0.0,
0.0,
1.0
]
],
"at_element": 21,
"to_element": 8
},
{
"pose": [
[
0.1269925126593221,
0.6271475420997474,
0.7684782769647542,
-0.35102793047692465
],
[
0.07644399769734306,
0.7662586522448178,
-0.6379686458408469,
-1.2627486539537205
],
[
-0.9889535969622238,
0.1397627929679462,
0.0493674463313476,
0.9062298635283459
],
[
0.0,
0.0,
0.0,
1.0
]
],
"at_element": 8,
"to_element": 41
},
{
"pose": [
[
0.7765197128473224,
-0.6271475420997464,
-0.06085306892637915,
-0.3736052513293733
],
[
-0.6010641277982257,
-0.766258652244818,
0.22708939238571507,
-1.2903339768424524
],
[
-0.1890477448521144,
-0.13976279296794897,
-0.9719708390009076,
0.901198400900737
],
[
0.0,
0.0,
0.0,
1.0
]
],
"at_element": 41,
"to_element": 8
},
{
"pose": [
[
0.10837938622871535,
-0.1275163139223569,
-0.985897306175619,
-0.44467431910322913
],
[
-0.811573553852879,
0.5613915848890754,
-0.1618266204996583,
-0.8788322743097334
],
[
0.5741099853924293,
0.8176668503121471,
-0.04264559265994272,
0.7335965557610368
],
[
0.0,
0.0,
0.0,
1.0
]
],
"at_element": 7,
"to_element": 33
},
{
"pose": [
[
0.9619550689824168,
0.12751631392235885,
0.24162374664483685,
-0.4400837332962823
],
[
-0.13083203153273648,
-0.5613915848890727,
0.8171428687449659,
-0.899042364787257
],
[
0.23984458464608058,
-0.8176668503121488,
-0.523350262364088,
0.7041605587313602
],
[
0.0,
0.0,
0.0,
1.0
]
],
"at_element": 33,
"to_element": 7
},
{
"pose": [
[
0.5570679040828388,
0.3148277117314115,
0.7684782769647536,
-0.5035763507936446
],
[
0.6290737727554563,
