{
"line_pt_pairs": [
[
[
0.6790473004471909,
1.4591122257964224,
-2.3234889662866034
],
[
1.4962676713505596,
0.8859779893048463,
-2.262924848677424
]
],
[
[
0.6048813695940685,
1.2294973050312974,
-1.664893213340141
],
[
1.1535784579524901,
0.39497259809929397,
-1.7148934008102312
]
],
[
[
0.3998333881132011,
1.032379871071352,
-1.216715621962938
],
[
1.0497818042811278,
0.3103547134219875,
-1.453879548482579
]
],
[
[
1.3547446790930604,
1.2916045662385494,
-1.4030769446506675
],
[
0.9574821229366763,
0.5622789775961603,
-1.9600927857427575
]
],
[
[
0.47709531761771906,
1.0731314247211756,
-1.7012168048603657
],
[
1.422393375072142,
1.201655663906157,
-1.4013950202702259
]
],
[
[
0.9507628255508799,
0.7038414011496644,
-0.763444273610119
],
[
0.7757302684072903,
0.90090785380767,
-1.7280832823468413
]
],
[
[
0.7562994513469161,
0.8706251331437558,
-0.5473618888539944
],
[
0.9715249617652953,
0.6235340897309402,
-2.0111323612745564
]
],
[
[
1.0536873617990614,
1.1329062675683004,
-2.344022332978755
],
[
1.3759711278823767,
1.2325566474919,
-1.4026387895171983
]
],
[
[
1.1852372080867137,
1.3798464906287644,
-1.3704986015761529
],
[
1.3072975170138983,
1.0558020270888455,
-2.3086331690203585
]
],
[
[
0.22339974462666012,
0.3909231827135676,
0.10885077878735369
],
[
0.26310478908509816,
-0.46575335268319296,
-0.4054728772359294
]
],
[
[
0.1601342300242701,
0.40408678096455675,
0.12175069574180646
],
[
-0.6875139100459914,
0.19867328375679982,
-0.3674301765337818
]
],
[
[
0.28145076504629296,
-0.08343822960411684,
0.272901593462926
],
[
0.5615468817477959,
-0.14700694344671733,
-0.6849633156078342
]
],
[
[
-0.014136035889270343,
0.5210755185730105,
-0.6125741543578829
],
[
0.7917399581845146,
-0.06932534359327697,
-0.6571914618617376
]
],
[
[
0.19769213866768653,
0.5884404195820638,
0.20957886808379078
],
[
-0.13679272243729804,
0.7019122398578387,
-0.7259659056683165
]
],
[
[
-0.05380281043032562,
0.3218733276379305,
0.11022177875571917
],
[
0.8345652940170206,
0.4826871744920461,
-0.3198259135536455
]
],
[
[
0.13164836615713335,
-0.12116055105332446,
0.18234707216628862
],
[
0.4526863027414245,
0.7533286011968423,
-0.1812507356798056
]
],
[
[
0.8404014591768519,
1.0487835454085586,
-1.4133505905176609
],
[
1.745869299485973,
1.467365122199976,
-2.5335815728319098
]
],
[
[
0.988873069129312,
1.021310526355834,
-0.6166214788087737
],
[
1.2562550160819215,
1.413708918519638,
-1.4966955644805955
]
],
[
[
0.25952096853581397,
0.29278501176075367,
-0.17607550233319064
],
[
1.2432857996872113,
0.9576499642631312,
-1.0926786617886193
]
],
[
[
0.6522035063117547,
0.05664464130090284,
-0.605473772047877
],
[
1.0320762898996618,
0.3034309378315512,
-1.4969855174185491
]
],
[
[
0.020576813841191685,
0.15126442335928836,
-0.31811468450679986
],
[
0.48418182200738735,
1.16842017117974,
-1.3183469480731376
]
],
[
[
0.47436312031651723,
-0.280671182187898,
-0.48538717875978227
],
[
0.690868670318981,
0.8345108744073302,
-1.4649249919483125
]
],
[
[
-0.0023660619369973157,
-0.6118374270356876,
0.07553604541152961
],
[
0.78202276095187,
0.1612798539466993,
-0.9428076315332522
]
],
[
[
0.042423249767469653,
-0.9473743996866677,
0.3255249518039091
],
[
0.30599380514595653,
-0.235329687666474,
-0.3252614113150145
]
],
[
[
1.0571543792821865,
0.47603744237031187,
-1.614974366600941
],
[
1.4722913141095282,
1.0373627747422807,
-2.3309179374077877
]
],
[
[
0.8260312753818024,
0.44953649950320673,
-1.0810597183053703
],
[
0.9104584505408116,
0.8730866003823248,
-1.9829895183119777
]
],
[
[
0.4994429481700296,
0.981488756900501,
-1.6022315491200247
],
[
0.7767102174548035,
1.5181964298474848,
-2.3991429213460695
]
],
[
[
0.33191613487539817,
0.8988451135082328,
-0.9338659343029652
],
[
0.814044643470937,
1.109442745239476,
-1.784278033645768
]
],
[
[
-0.21427079915795466,
0.7164597330034057,
-0.38620287228885
],
[
0.7929334365470769,
0.7139452361951675,
-1.4977483301463521
]
],
[
[
-0.292036298536513,
0.24517023721830097,
-0.11777015995686388
],
[
0.16650492476916912,
0.7231299643748208,
-0.8669660260331483
]
],
[
[
-0.9483169651561628,
0.06435155747009544,
0.4600323956396617
],
[
-0.5595793762998718,
0.2832935107458193,
-0.43492431175238205
]
],
[
[
-1.1067287623188835,
-0.0023672482083835072,
1.3590965325277586
],
[
-1.699622069668731,
-0.16821284929252595,
0.5710782822944287
]
],
[
[
-1.5405941451092517,
0.03018125558755251,
1.2761162732985947
],
[
-0.6478552903676758,
-0.3038362954304861,
0.9737099029182548
]
],
[
[
-1.4727134206235335,
-0.09797367119357843,
1.082546165228908
],
[
-0.5158682517427612,
-0.15328661054106207,
0.7972606914832792
]
],
[
[
-0.6998300950036099,
0.15449597942750382,
0.6646612697877989
],
[
-1.1214987380280774,
-0.480574192390514,
1.3118717705964131
]
],
[
[
-0.6888518792083806,
-0.13793900580855697,
1.1173951866007958
],
[
-0.5075240800523936,
-0.041540251084684746,
0.1387085619139492
]
],
[
[
-1.075613339591527,
-0.08454753590906572,
1.287479723576432
],
[
-0.7019793975878195,
-0.32037904185040694,
0.39038375424638894
]
],
[
[
-0.1991717095168402,
0.34648252238487826,
0.6434947402085868
],
[
-1.0844215182679993,
0.07320808767943984,
0.267125427641184
]
],
[
[
-0.7058543290448595,
0.2569474779479614,
0.9424677156455514
],
[
-0.42030390778052457,
-0.24466018535501263,
0.1258584400237941
]
],
[
[
-0.7249926905254146,
0.1563982527132058,
0.9688884190077371
],
[
0.19865065712673025,
0.6201753069949265,
-0.11821498465711644
]
],
[
[
-0.6271128484201185,
0.23438963825790834,
0.4158676254859839
],
[
-1.6113741546765976,
0.17898938669328282,
0.5836785105109596
]
],
[
[
0.024683608535114948,
0.21997728008530076,
0.0986639423943205
],
[
-0.4115292998726675,
-0.5798761089631674,
0.5109173287553099
]
],
[
[
-0.45775308372187856,
-0.15726341100036523,
0.18914821288340655
],
[
-0.7847917711238683,
-0.4356971164944548,
1.0922098766623616
]
],
[
[
-0.12249774967743943,
-0.21489946229767895,
0.2653400109347572
],
[
-1.0936332036597132,
-0.29295592613026117,
0.4907354822126778
]
],
[
[
-0.92786945509139,
-0.053302277637234,
0.5936654485754143
],
[
-0.05399594799953161,
-0.5391167509425904,
0.5755163127828963
]
],
[
[
-1.1602852379870645,
-0.16220585970019322,
0.27776331568730855
],
[
-0.4336510450834016,
-0.4418452868619558,
0.9053017929776526
]
],
[
[
-0.7390139527979784,
-0.3242865909241323,
0.4541240187964667
],
[
-1.7065175812943507,
-0.157307651693185,
0.6440049359515656
]
],
[
[
-0.7317049013328059,
-0.33818520855821277,
0.7001372788350243
],
[
-0.25533893313735834,
-1.2142815358987171,
0.6257686727858743
]
],
[
[
-1.0429000585783867,
-0.12276459968385592,
0.9774055146046089
],
[
-0.3258424902822278,
-0.7927038012350065,
0.7850259159611819
]
],
[
[
-1.6811692016348752,
0.08802803874121126,
1.4071945808630044
],
[
-1.508846115307854,
-0.27301863623282385,
0.4907066909217769
]
],
[
[
-1.633754671660537,
0.007711309303134961,
1.4145415415233225
],
[
-1.5429454432081553,
0.25081412166276545,
0.4488010449867418
]
],
[
[
-1.281805949944036,
0.42302068100234663,
0.44207094263474067
],
[
-1.6242963306006653,
-0.3743997032119477,
0.9388818422708138
]
],
[
[
0.5454812233418155,
0.3090790831999059,
-0.23373180662556836
],
[
0.054331218615001675,
-0.6643001344327668,
0.7964645686047352
]
],
[
[
0.8751590438191379,
1.107418684323043,
-2.308413573219806
],
[
1.812516738624086,
1.4404597990635812,
-2.410610284920008
]
],
[
[
1.3989408794515532,
0.688567405082802,
-2.1672059454939094
],
[
1.6105160457312102,
1.6322673546407582,
-2.4215017461238966
]
],
[
[
-0.09002518479374763,
-1.3463999504165773,
1.1167392015496869
],
[
0.1286802449644659,
-0.4093815793393736,
0.8444075888821541
]
],
[
[
0.09882456682324187,
-1.4312671080010162,
1.130641735327611
],
[
-0.34048796911422197,
-0.5394593996439524,
1.0225514624853371
]
],
[
[
-0.11957610091174603,
-0.8983972852184949,
1.2057286215385625
],
[
-0.02745468503694372,
-1.793348231122852,
0.7691779954227377
]
],
[
[
0.23762305178243615,
-0.7589105125815588,
0.6917084949063115
],
[
-0.4223950902709844,
-1.0049415385100375,
1.401528744294092
]
],
[
[
-0.0019144528243558792,
-0.7252353952977199,
1.1234009061441865
],
[
0.4193428353985854,
-0.17621044914957507,
0.401518709642513
]
],
[
[
-0.09098833706279921,
-0.9709201920017072,
1.3227741577959764
],
[
-0.533030447918495,
-0.5455960503492037,
0.5330285362457192
]
],
[
[
-0.32657592152926285,
-1.3515911035549681,
0.49103869065449574
],
[
-0.15535013009106224,
-0.6968092642934847,
1.2272061113678217
]
],
[
[
-0.5366098831987404,
-1.0149494822794687,
0.7923040981802062
],
[
-0.3571192509347867,
-0.09215213577955306,
0.4513815699979216
]
],
[
[
-0.19624900373882317,
-0.7700909354727605,
0.9242676758084247
],
[
-0.19632970616883558,
-1.7593762343602952,
0.7782725016001012
]
],
[
[
-0.5074082974734688,
-0.6947466096352288,
1.1571381412824064
],
[
-0.3396811674644591,
-0.4945477630822622,
0.1918464590962381
]
],
[
[
-0.5190431148173263,
-0.6890939034391361,
0.665964204237636
],
[
0.09175851358023207,
-0.27103876832453827,
-0.006457742720675619
]
],
[
[
0.3315365525282441,
-0.3316640173761686,
0.7985121549743635
],
[
-0.0070827372317394666,
-0.23926787011463552,
-0.13786379974343543
]
],
[
[
0.1779743876430969,
-0.40471686521860395,
0.8020207531106535
],
[
0.06257087423580383,
-1.1006716828775072,
0.0932690893590854
]
],
[
[
0.07030434452009812,
-0.059583578535623294,
0.1847237648771431
],
[
0.16897571335144754,
-1.0199427208036422,
0.4454425383384779
]
],
[
[
0.12233795998095057,
-0.9021872611383359,
0.011314120777208364
],
[
0.03585812208307232,
-1.7067518545927656,
0.5988488453651812
]
],
[
[
-0.0879291934301065,
-1.6318111307922383,
1.1618747569917445
],
[
0.16269118071016173,
-1.4997263260187395,
0.20284241529844238
]
],
[
[
0.01451387295971003,
-1.5597316724538537,
1.3259756845500679
],
[
-0.2835636620628468,
-1.0751150789629609,
0.5036031774535822
]
],
[
[
-0.23669310130853438,
-1.6174832488821833,
1.0043819636771625
],
[
0.11802551934419343,
-1.2772790599918171,
0.13349976152599075
]
],
[
[
0.7685981029179987,
0.528872357913295,
-0.1157996021175425
],
[
0.6001972617378355,
-0.03610003470798623,
-0.9235417344008588
]
],
[
[
-0.13330035399051507,
0.5254153721396492,
-0.6730501835381069
],
[
0.6776215538037805,
0.3742226375928418,
-0.10776581573768851
]
],
[
[
1.087696314563857,
1.1723649584027631,
-0.7489601331089966
],
[
-0.02479672970053426,
0.2301603964895852,
-0.39595901416835677
]
],
[
[
0.27368626854108613,
-0.22779665383274705,
-0.5416826969032389
],
[
1.1112765380023626,
0.9297087711974573,
-0.9984361659972709
]
],
[
[
-0.9485203121786987,
0.11609409172773162,
0.13344102298905192
],
[
0.03983564038317555,
0.019716036790679597,
0.25118558363650134
]
],
[
[
-0.24321143245547688,
-0.071704298108937,
0.18854978595415559
],
[
0.3223069214872561,
-0.15893722784297243,
-0.6315596014594497
]
],
[
[
-0.047917409669861466,
-0.4437429390627375,
0.480154804417543
],
[
-0.313690636725883,
0.2984594961335657,
-0.13506884350970144
]
],
[
[
-0.5848161041600284,
0.08433711747985001,
0.3876578608367094
],
[
0.1621043150689459,
-0.1270843591535489,
-0.24274744256497258
]
],
[
[
0.26821477637442326,
0.3229679943213525,
-0.7492119020453736
],
[
0.10889574138327407,
0.003678364705497761,
0.1849570213883165
]
],
[
[
-0.38407052580598505,
0.09797198666739661,
-0.005137134241486159
],
[
0.6055766850294158,
0.1584671258715052,
-0.1352860344227295
]
],
[
[
0.07672733513160732,
0.8218019190276714,
0.02865039561881204
],
[
0.1859610384714316,
-0.16968493382163558,
0.09951518717035787
]
],
[
[
-0.23256022780028465,
-0.49863821081077986,
0.6133032583792833
],
[
-0.7354302789434244,
0.3764061632708417,
-0.49638996726976947
]
],
[
[
-0.25360718287690964,
-0.2142111533491755,
0.4884642341263671
],
[
0.2941309648759023,
-0.5875793621305261,
-0.26025407215959845
]
]
],
"contact_id_pairs": [
[
1,
4
],
[
1,
5
],
[
1,
27
],
[
4,
26
],
[
4,
27
],
[
1,
6
],
[
1,
24
],
[
1,
25
],
[
3,
6
],
[
6,
25
],
[
2,
20
],
[
2,
27
],
[
2,
28
],
[
20,
27
],
[
20,
28
],
[
2,
19
],
[
2,
21
],
[
2,
25
],
[
3,
4
],
[
3,
7
],
[
4,
7
],
[
4,
16
],
[
7,
8
],
[
7,
16
],
[
8,
16
],
[
8,
17
],
[
5,
6
],
[
5,
18
],
[
5,
76
],
[
6,
75
],
[
17,
75
],
[
18,
76
],
[
0,
7
],
[
0,
26
],
[
0,
53
],
[
7,
53
],
[
0,
8
],
[
0,
24
],
[
0,
54
],
[
24,
54
],
[
9,
15
],
[
9,
82
],
[
11,
52
],
[
52,
82
],
[
9,
22
],
[
9,
23
],
[
22,
23
],
[
22,
85
],
[
23,
85
],
[
10,
14
],
[
10,
83
],
[
13,
39
],
[
13,
83
],
[
14,
83
],
[
39,
83
],
[
10,
29
],
[
10,
30
],
[
10,
84
],
[
30,
84
],
[
11,
21
],
[
11,
22
],
[
21,
22
],
[
12,
20
],
[
12,
81
],
[
20,
75
],
[
12,
19
],
[
12,
76
],
[
76,
78
],
[
13,
28
],
[
28,
29
],
[
29,
74
],
[
14,
15
],
[
14,
73
],
[
14,
74
],
[
18,
74
],
[
16,
53
],
[
16,
54
],
[
53,
54
],
[
23,
67
],
[
67,
68
],
[
67,
69
],
[
30,
37
],
[
30,
77
],
[
37,
40
],
[
31,
32
],
[
31,
33
],
[
31,
49
],
[
49,
50
],
[
32,
34
],
[
32,
36
],
[
34,
36
],
[
33,
34
],
[
33,
35
],
[
35,
38
],
[
37,
39
],
[
38,
39
],
[
36,
45
],
[
36,
48
],
[
42,
45
],
[
42,
48
],
[
38,
84
],
[
41,
77
],
[
41,
84
],
[
77,
80
],
[
40,
50
],
[
40,
51
],
[
41,
43
],
[
42,
43
],
[
42,
44
],
[
43,
45
],
[
43,
46
],
[
45,
46
],
[
45,
47
],
[
44,
62
],
[
62,
64
],
[
62,
65
],
[
64,
65
],
[
46,
49
],
[
49,
51
],
[
47,
61
],
[
47,
62
],
[
61,
63
],
[
48,
60
],
[
48,
64
],
[
60,
61
],
[
60,
64
],
[
52,
66
],
[
52,
67
],
[
59,
66
],
[
59,
67
],
[
55,
56
],
[
55,
57
],
[
56,
57
],
[
55,
58
],
[
55,
59
],
[
56,
58
],
[
56,
60
],
[
58,
60
],
[
57,
70
],
[
57,
71
],
[
63,
71
],
[
63,
72
],
[
65,
66
],
[
65,
85
],
[
66,
68
],
[
79,
85
],
[
69,
70
],
[
69,
72
],
[
22,
73
],
[
78,
79
],
[
78,
80
],
[
79,
80
],
[
79,
82
],
[
81,
82
],
[
81,
83
]
],
"contact_t_pairs": [
[
0.14518025840041068,
0.20933777870982972
],
[
0.3811386582759246,
0.9528002470651058
],
[
0.20113935713302666,
0.8493258162296867
],
[
0.050685505675327605,
0.12654213930511604
],
[
0.25675891530245337,
0.8177662830870349
],
[
0.6391340018822856,
0.7860413478371111
],
[
0.8548197415995887,
0.09580319050556625
],
[
0.5619794212633266,
0.6909963581480292
],
[
0.9253976463821555,
0.9420048703908337
],
[
0.7132486576066954,
0.5710657689909551
],
[
0.005087604614740375,
0.8754977827489755
],
[
0.10895381456782333,
0.34095477458654866
],
[
0.4201784588541676,
0.8566569102976618
],
[
0.762114629882942,
0.1506741837703122
],
[
0.5653527594966834,
0.4681695395439255
],
[
0.9949123953852599,
0.9685797851375116
],
[
0.4441785602474666,
0.8766942553581435
],
[
0.6542174876100344,
0.309003641851971
],
[
0.12004324985209865,
0.8707278743496004
],
[
0.07460235361784359,
0.9445384795339129
],
[
0.949314494324672,
0.9826561518132662
],
[
0.5008664569620396,
0.1293937939572593
],
[
0.5475908979551215,
0.4975158226060527
],
[
0.5094348882355421,
0.4015917119404393
],
[
0.54297854156843,
0.4265792220349175
],
[
0.0242515791447942,
0.8743914561242722
],
[
0.4281845355732823,
0.42976891747025403
],
[
0.04719975293489453,
0.6806626480478045
],
[
0.14374265909500783,
0.8097011365848227
],
[
0.05799512960916575,
0.30835138966980963
],
[
0.1256085438757282,
0.07829069874739894
],
[
0.8478697180913948,
0.9465933159072604
],
[
0.5090217505520042,
0.06511007765172816
],
[
0.057726564322230334,
0.8734578606948842
],
[
0.4815658041894196,
0.20883441513675
],
[
0.017343848186733183,
0.1836189110888792
],
[
0.7399242690032496,
0.9757484208552063
],
[
0.8926463331586075,
0.879069680228123
],
[
0.94227343567777,
0.2533595162328888
],
[
0.9041968094944346,
0.30970273484645267
],
[
0.17238711158341916,
0.40928085934261094
],
[
0.3192826650376419,
0.6214394730874606
],
[
0.09266017285852761,
0.4156572932964995
],
[
0.1363964285642648,
0.8698334816707697
],
[
0.8276128884165806,
0.3686759166639463
],
[
0.7802586666332421,
0.9350144569973785
],
[
0.3194117012972173,
0.8433534089959258
],
[
0.15873894808157227,
0.7386525427908432
],
[
0.625754908529096,
0.7867640370059397
],
[
0.13416676546089634,
0.121080018823117
],
[
0.06365490674971577,
0.4347311468400265
],
[
0.2479678381342685,
0.9185261128549079
],
[
0.18956740669770175,
0.21658830081057945
],
[
0.1878031602228049,
0.46975165653535383
],
[
0.8702934290869879,
0.2593692784185801
],
[
0.5282478480033374,
0.04026198988971804
],
[
0.898639321358848,
0.8649187096674862
],
[
0.9363450932502841,
0.8342347669818504
],
[
0.8271861874957767,
0.8181920282695327
],
[
0.9073398271414723,
0.12330574464185678
],
[
0.8701021483643722,
0.6343480285267535
],
[
0.14662941298417767,
0.666119106344039
],
[
0.1828389043449825,
0.2761155071595388
],
[
0.3527354615108441,
0.11587643798704483
],
[
0.12450221725102495,
0.9217093012526004
],
[
0.8171610956550176,
0.031420214862488555
],
[
0.6744682952082462,
0.29609201317235273
],
[
0.05340668409273785,
0.9447122129120521
],
[
0.8104325933022983,
0.14334308970233833
],
[
0.38480758483443805,
0.9597380101102818
],
[
0.6038211142166532,
0.15270715785334846
],
[
0.4063988847703062,
0.5907191406573893
],
[
0.8789199811768829,
0.16684036738351982
],
[
0.682763727348756,
0.8472928421466517
],
[
0.15213028190860362,
0.6618968119876588
],
[
0.870606206042741,
0.8163810889111212
],
[
0.8222751336871004,
0.7466404837671111
],
[
0.7178254643322749,
0.7069804977858207
],
[
0.06498554300262173,
0.7268194007565592
],
[
0.5756009241940228,
0.7748124682196567
],
[
0.9444415771955166,
0.2044851097014874
],
[
0.13508129033251395,
0.8002618859877094
],
[
0.33718052332442894,
0.13054494063296435
],
[
0.5422322723354208,
0.05720103256714193
],
[
0.24280067945782896,
0.3159022174734835
],
[
0.4073665297833442,
0.13022172793706235
],
[
0.7571993205421713,
0.6905409797493532
],
[
0.143257398032066,
0.13877827375380425
],
[
0.6840977825265164,
0.5829126951265758
],
[
0.6001814732761922,
0.21969904995914807
],
[
0.5126465882206166,
0.34112313314562703
],
[
0.6141388218642525,
0.417087304873424
],
[
0.8697782720629377,
0.28494057430031294
],
[
0.7150594256996872,
0.6340127869651024
],
[
0.19973811401229066,
0.3647361297927238
],
[
0.09825829412792912,
0.08147388714509188
],
[
0.7803009500408521,
0.4974721767480132
],
[
0.3651230944944351,
0.10981116877772296
],
[
0.5940684146873669,
0.6952363520870434
],
[
0.8012197144793844,
0.4167083409050494
],
[
0.901741705872071,
0.3670064208648614
],
[
0.2563297804878477,
0.869455059367036
],
[
0.7436702195121528,
0.16576523301814902
],
[
0.5861732325498853,
0.28304847538789596
],
[
0.9427989674328583,
0.8612217262461955
],
[
0.7626458664783233,
0.26753562398803377
],
[
0.5364028987294622,
0.096118180205933
],
[
0.19878028552061552,
0.41181971655479294
],
[
0.4236805829131304,
0.3979518601534981
],
[
0.841219088034117,
0.30476364791295635
],
[
0.9038818197940682,
0.26210744185769635
],
[
0.3472031261997797,
0.1822264873221215
],
[
0.6363216091382136,
0.01953071397345651
],
[
0.602048139846502,
0.7131529315249187
],
[
0.4691881720096286,
0.5383784431268006
],
[
0.37666830540545926,
0.041046246922842214
],
[
0.6660520894745137,
0.23077095849191231
],
[
0.8177735126778787,
0.856742601967934
],
[
0.6665406743919647,
0.7324643760119662
],
[
0.9804692860265438,
0.21196929445190482
],
[
0.47888785678913587,
0.28684706847508096
],
[
0.5580856752431158,
0.2170314493808676
],
[
0.8901888312222768,
0.6537123095109014
],
[
0.7899841094512496,
0.33394791052548617
],
[
0.300758290187706,
0.7880307055480953
],
[
0.7960285177856831,
0.47027037187421616
],
[
0.647080961248134,
0.3785391550157732
],
[
0.8636035714357352,
0.19832559043560777
],
[
0.6952670611203132,
0.17839080061458992
],
[
0.48824677889127116,
0.05555842280448338
],
[
0.19858494502860236,
0.3128631183765913
],
[
0.15574922966282778,
0.3335564629219098
],
[
0.38473854695978016,
0.22530603678645678
],
[
0.5338116524988659,
0.35918249562233256
],
[
0.8442507703371723,
0.304732938879687
],
[
0.5825880705082938,
0.5649917858835206
],
[
0.6871368816234082,
0.32476478284964205
],
[
0.640817504377667,
0.20397148221431655
],
[
0.774693963213543,
0.297531969244473
],
[
0.510117055545359,
0.40723706012465594
],
[
0.5095135213991795,
0.5927629398753441
],
[
0.7829685506191326,
0.20841549055363923
],
[
0.9589537530771581,
0.8216091993854101
],
[
0.7685356797563723,
0.4231033189803154
],
[
0.6058532819615756,
0.2251875317803437
],
[
0.22800395933151835,
0.21323596299406047
],
[
0.7955148902985126,
0.7024680307555268
],
[
0.544027578246094,
0.7915845094463608
],
[
0.8412610519184276,
0.8331596326164799
],
[
0.05528778708794747,
0.5234403881300601
],
[
0.3166398093507017,
0.7169515246121047
],
[
0.6069057596681816,
0.4740280832041963
],
[
0.7719960406684816,
0.1301665183292304
],
[
0.7082777572167022,
0.5445162321932083
],
[
0.884123562012955,
0.7834116991894204
]
],
"half_couplers": [
{
"pose": [
[
-0.7927294710565134,
0.26553999876751194,
0.5486970883584221,
0.684541354665497
],
[
-0.500356307684254,
0.23067743470186797,
-0.834524706932003,
1.1083407924373823
],
[
-0.3481717264210873,
-0.9360963786779197,
-0.050000187470091495,
-1.6721522534771178
],
[
0.0,
0.0,
0.0,
1.0
]
],
"at_element": 1,
"to_element": 4
},
{
"pose": [
[
-0.18947319501038673,
-0.2655399987675124,
0.9452980574544231,
0.674981913183945
],
[
0.9645047646648959,
-0.23067743470187008,
0.12852423918498224,
1.1000364034625305
],
[
0.18393060460747168,
0.9360963786779192,
0.2998217845901392,
-1.6384527784654488
],
[
0.0,
0.0,
0.0,
1.0
]
],
"at_element": 4,
"to_element": 1
},
{
"pose": [
[
-0.05992927219506794,
0.833870486083516,
0.548697088358422,
0.8140110416509037
],
[
0.02039111166709301,
0.55059305851512,
-0.8345247069320032,
0.9114276779331243
],
[
-0.9979943310956979,
-0.038823914715111985,
-0.05000018747008972,
-1.683950217706036
],
[
0.0,
0.0,
0.0,
1.0
]
],
"at_element": 1,
"to_element": 5
},
{
"pose": [
[
0.5234726510321412,
-0.8338704860835154,
-0.17503255714358837,
0.7839917618600305
],
[
-0.811179448181322,
-0.5505930585151204,
0.19706645265800765,
0.8916063659304561
],
[
-0.26069960964609784,
0.03882391471511455,
-0.9646390087367218,
-1.6825525594631068
],
[
0.0,
0.0,
0.0,
1.0
]
],
"at_element": 5,
"to_element": 1
},
{
"pose": [
[
-0.4136586704407139,
-0.72651084616557,
0.5486970883584208,
0.7152459492072449
],
[
-0.3229794481959858,
-0.4463774070929998,
-0.8345247069320041,
1.0616415419673668
],
[
0.851217234560155,
-0.5224262635441659,
-0.05000018747009127,
-1.6749502189044059
],
[
0.0,
0.0,
0.0,
1.0
]
],
"at_element": 1,
"to_element": 27
},
{
"pose": [
[
-0.48962648172175793,
0.726510846165571,
0.48212850859553963,
0.7414003239659057
],
[
0.8697102091766674,
0.44637740709299845,
0.21059763173124485,
1.0777111189744097
],
[
-0.06220980992295949,
0.5224262635441652,
-0.8504120993428024,
-1.6561428847088926
],
[
0.0,
0.0,
0.0,
1.0
]
],
"at_element": 27,
"to_element": 1
},
{
"pose": [
[
0.19097175611666206,
-0.2644643093852418,
0.9452980574544229,
0.5250082276737014
],
[
0.5271070309606114,
0.8400236293425385,
0.128524239184982,
1.079645740775803
],
[
-0.8280627791886356,
0.4737287527769204,
0.29982178459014,
-1.6860201860959354
],
[
0.0,
0.0,
0.0,
1.0
]
],
"at_element": 4,
"to_element": 26
},
{
"pose": [
[
0.9236782396726426,
0.26446430938524196,
0.2772672692847736,
0.5345289415846126
],
[
0.07940513803286851,
-0.8400236293425396,
0.5367076729469856,
1.049404894016683
],
[
0.37485108191017563,
-0.47372875277691817,
-0.7969113722260439,
-1.7030744189980842
],
[
0.0,
0.0,
0.0,
1.0
]
],
"at_element": 26,
"to_element": 4
},
{
"pose": [
[
0.2739482402596407,
-0.177098685007938,
0.9452980574544229,
0.7198090214872329
],
[
0.1862114466769302,
0.974067152237671,
0.12852423918498246,
1.1061311689643845
],
[
-0.9435452605917382,
0.14081632966404484,
0.29982178459013964,
-1.6242348886649554
],
[
0.0,
0.0,
0.0,
1.0
]
],
"at_element": 4,
"to_element": 27
},
{
"pose": [
[
0.8580140773716367,
0.17709868500793793,
0.4821285085955384,
0.7261845733198675
],
[
0.08271529750162862,
-0.9740671522376718,
0.21059763173124635,
1.0710647560360238
],
[
0.5069221070256416,
-0.14081632966404062,
-0.8504120993428024,
-1.6293042758747713
],
[
0.0,
0.0,
0.0,
1.0
]
],
"at_element": 27,
"to_element": 4
},
{
"pose": [
[
-0.0019869617373979853,
0.8360188737164033,
0.5486970883584228,
0.9555723354977446
],
[
0.05850540116152447,
0.5478554841881058,
-0.8345247069320029,
0.6961241894202044
],
[
-0.9982851145930121,
0.030443574608982837,
-0.0500001874700895,
-1.696850033252764
],
[
0.0,
0.0,
0.0,
1.0
]
],
"at_element": 1,
"to_element": 6
},
{
"pose": [
[
0.5296082308619156,
-0.8360188737164034,
0.14348367361225667,
0.9254756016451091
],
[
-0.8201946504110287,
-0.5478554841881067,
-0.1647273622752034,
0.676401356341068
],
[
0.2163235013595206,
-0.030443574608974663,
-0.9758469816137088,
-1.697946003919618
],
[
0.0,
0.0,
0.0,
1.0
]
],
"at_element": 6,
"to_element": 1
},
{
"pose": [
[
-0.5389726936433523,
-0.6390930610903397,
0.5486970883584203,
1.0739184728810611
],
[
-0.3988245706351977,
-0.38014138866703595,
-0.8345247069320042,
0.5161291106932097
],
[
0.7419214226348225,
-0.6686199098804019,
-0.05000018747009194,
-1.7076343606732545
],
[
0.0,
0.0,
0.0,
1.0
]
],
"at_element": 1,
"to_element": 24
},
{
"pose": [
[
-0.6474730763578818,
0.6390930610903395,
0.4151369348273411,
1.096925822135347
],
[
0.7351233881871807,
0.3801413886670326,
0.5613253323719675,
0.5298142001231438
],
[
0.20092839404091206,
0.6686199098804041,
-0.7159435708068478,
-1.6835640449061848
],
[
0.0,
0.0,
0.0,
1.0
]
],
"at_element": 24,
"to_element": 1
},
{
"pose": [
[
0.23647165623564315,
0.8018807024889439,
0.5486970883584216,
0.9132378417586067
],
[
0.21228812505116668,
0.5084311806747438,
-0.8345247069320034,
0.7605115931997029
],
[
-0.9481639667058815,
0.3138233157264192,
-0.05000018747009016,
-1.6929922897576402
],
[
0.0,
0.0,
0.0,
1.0
]
],
"at_element": 1,
"to_element": 25
},
{
"pose": [
[
0.5914891301372391,
-0.8018807024889439,
0.08442717515900908,
0.8843701459454035
],
[
-0.7497353176708267,
-0.5084311806747437,
0.4235501008791179,
0.7422080767039076
],
[
-0.29671124408508176,
-0.31382331572641947,
-0.9019298000066076,
-1.7042899254151163
],
[
0.0,
0.0,
0.0,
1.0
]
],
"at_element": 25,
"to_element": 1
},
{
"pose": [
[
0.48369482191107815,
0.779885748512246,
-0.39726255615638406,
0.9871188446301837
],
[
0.34940884685911977,
-0.588215643695416,
-0.7293255886423893,
0.6166883830626024
],
[
-0.802466682793118,
0.21396395906666427,
-0.55701584109209,
-1.9185380929948643
],
[
0.0,
0.0,
0.0,
1.0
]
],
"at_element": 3,
"to_element": 6
},
{
"pose": [
[
-0.609254179037148,
-0.7798857485122449,
0.14348367361224895,
0.9590429303933825
],
[
-0.7917494885567299,
0.5882156436954145,
-0.16472736227520254,
0.6378641668189304
],
[
0.044069180794832276,
-0.21396395906667223,
-0.9758469816137096,
-1.9262408030084552
],
[
0.0,
0.0,
0.0,
1.0
]
],
"at_element": 6,
"to_element": 3
},
{
"pose": [
[
-0.05905012777690821,
0.9878894259056846,
0.1434836736122535,
0.9098087577355409
],
[
0.9828680842672873,
0.08267541984534743,
-0.16472736227520962,
0.6943877781229273
],
[
-0.1745949923058604,
0.13129835161620418,
-0.9758469816137079,
-1.5913942133522787
],
[
0.0,
0.0,
0.0,
1.0
]
],
"at_element": 6,
"to_element": 25
},
{
"pose": [
[
0.13017885495888182,
-0.9878894259056848,
0.0844271751590128,
0.8742447450877161
],
[
-0.9020920612657451,
-0.08267541984534854,
0.42355010087912176,
0.6914114635679369
],
[
-0.41144061384714237,
-0.1312983516162009,
-0.9019298000066052,
-1.5961209531220018
],
[
0.0,
0.0,
0.0,
1.0
]
],
"at_element": 25,
"to_element": 6
},
{
"pose": [
[
-0.3973441455870401,
-0.6478307543552623,
0.6499484161679272,
0.40314006867464025
],
[
-0.5888621724024562,
-0.3632093248181696,
-0.7220251576493644,
1.0287064925473366
],
[
0.7038174279464564,
-0.6696225056527159,
-0.23716392651964058,
-1.2179222182499494
],
[
0.0,
0.0,
0.0,
1.0
]
],
"at_element": 2,
"to_element": 20
},
{
"pose": [
[
-0.6962693770705821,
0.6478307543552627,
0.30907000544413116,
0.4264619705620166
],
[
0.6389477126920308,
0.36320932481817203,
0.6781038318803028,
1.0417820252864698
],
[
0.3270394089392991,
0.6696225056527141,
-0.6668215090442233,
-1.1938158134931174
],
[
0.0,
0.0,
0.0,
1.0
]
],
"at_element": 20,
"to_element": 2
},
{
"pose": [
[
-0.2642263903279074,
-0.7125668186037625,
0.6499484161679273,
0.47064774732701187
],
[
-0.5072849395949027,
-0.4704696183406605,
-0.7220251576493644,
0.9537124759315199
],
[
0.820272152833729,
-0.5204871441671794,
-0.2371639265196408,
-1.242555536435136
],
[
0.0,
0.0,
0.0,
1.0
]
],
"at_element": 2,
"to_element": 27
},
{
"pose": [
[
-0.5097064157182563,
0.7125668186037634,
0.48212850859554013,
0.49630015184533893
],
[
0.8569171346913201,
0.47046961834066225,
0.210597631731246,
0.9706493815636198
],
[
-0.07676193098187559,
0.5204871441671763,
-0.8504120993428015,
-1.223817999940064
],
[
0.0,
0.0,
0.0,
1.0
]
],
"at_element": 27,
"to_element": 2
},
{
"pose": [
[
0.34541607968543075,
0.6769451884868908,
0.6499484161679265,
0.6729277119533477
],
[
0.5586252281030945,
0.4081881015514487,
-0.7220251576493648,
0.7290004530763047
],
[
-0.754072666539183,
0.6124766816265517,
-0.2371639265196417,
-1.3163667951037636
],
[
0.0,
0.0,
0.0,
1.0
]
],
"at_element": 2,
"to_element": 28
},
{
"pose": [
[
0.3014530397132803,
-0.6769451884868914,
0.6714694904700218,
0.6485576694398355
],
[
-0.9128963049906126,
-0.408188101551449,
-0.0016763312054908774,
0.7143056719367069
],
[
0.2752206409085444,
-0.6124766816265508,
-0.7410303052383345,
-1.3384159698724576
],
[
0.0,
0.0,
0.0,
1.0
]
],
"at_element": 28,
"to_element": 2
},
{
"pose": [
[
0.4230552376059572,
-0.8517628764327146,
0.30907000544413127,
0.3738969730516502
],
[
-0.7259878381747943,
-0.11452882611613546,
0.6781038318803021,
0.9264536996427789
],
[
-0.5421862454511881,
-0.511256442814688,
-0.6668215090442238,
-1.0804063258516365
],
[
0.0,
0.0,
0.0,
1.0
]
],
"at_element": 20,
"to_element": 27
},
{
"pose": [
[
-0.20506609551680355,
0.8517628764327152,
0.4821285085955407,
0.404560454380429
],
[
0.9708407621735144,
0.11452882611613557,
0.21059763173124563,
0.9305767397732987
],
[
0.12416163244675305,
0.5112564428146869,
-0.850412099342801,
-1.0620010832398397
],
[
0.0,
0.0,
0.0,
1.0
]
],
"at_element": 27,
"to_element": 20
},
{
"pose": [
[
-0.6375305832323057,
0.7057127511801393,
0.3090700054441307,
0.28267718452443286
],
[
0.6680102865067512,
0.3064921700638037,
0.6781038318803019,
0.7263162322274933
],
[
0.3838189841118392,
0.6387738743180871,
-0.6668215090442242,
-0.8835987548516429
],
[
0.0,
0.0,
0.0,
1.0
]
],
"at_element": 20,
"to_element": 28
},
{
"pose": [
[
0.22604918975676647,
-0.7057127511801384,
0.6714694904700207,
0.2572715440987614
],
[
-0.9518717033315311,
-0.30649217006380214,
-0.0016763312054928758,
0.7152825221905081
],
[
0.20698314957270994,
-0.6387738743180882,
-0.7410303052383349,
-0.9065945974761386
],
[
0.0,
0.0,
0.0,
1.0
]
],
"at_element": 28,
"to_element": 20
},
{
"pose": [
[
0.2060426855039471,
0.7315145029807184,
0.649948416167925,
1.046475123719689
],
[
0.4677904954355809,
0.5097565341430578,
-0.7220251576493657,
0.3140280919460029
],
[
-0.8594873263349818,
0.4528076940902508,
-0.2371639265196428,
-1.452672952195568
],
[
0.0,
0.0,
0.0,
1.0
]
],
"at_element": 2,
"to_element": 19
},
{
"pose": [
[
0.5662006713330952,
-0.7315145029807187,
0.3798727835879063,
1.0201406054189184
],
[
-0.8241630905003868,
-0.5097565341430543,
0.2467862965306467,
0.29567685936944044
],
[
0.013114878527977353,
-0.45280769409025395,
-0.8915117453706729,
-1.4689740268265705
],
[
0.0,
0.0,
0.0,
1.0
]
],
"at_element": 19,
"to_element": 2
},
{
"pose": [
[
0.34627464698827126,
0.6765064117759361,
0.6499484161679263,
0.688526539841792
],
[
0.559142649737217,
0.40747904113739863,
-0.7220251576493649,
0.7116717760842072
],
[
-0.7532950060222039,
0.6134328861903265,
-0.2371639265196417,
-1.322058753387068
],
[
0.0,
0.0,
0.0,
1.0
]
],
"at_element": 2,
"to_element": 21
},
{
"pose": [
[
0.722153650987174,
-0.6765064117759363,
0.1443370333349763,
0.6641722922568325
],
[
-0.5303168237421698,
-0.40747904113739875,
0.7434547043968195,
0.6970025205076186
],
[
-0.444137558445479,
-0.6134328861903257,
-0.6530252087923523,
-1.344142352488245
],
[
0.0,
0.0,
0.0,
1.0
]
],
"at_element": 21,
"to_element": 2
},
{
"pose": [
[
-0.10857269960036953,
-0.7521828402870473,
0.6499484161679282,
0.8250410080147031
],
[
-0.3970820927832498,
-0.5665734580019497,
-0.7220251576493633,
0.5600183864427457
],
[
0.9113384555105545,
-0.33647509783849316,
-0.2371639265196417,
-1.3718724101223485
],
[
0.0,
0.0,
0.0,
1.0
]
],
"at_element": 2,
"to_element": 25
},
{
"pose": [
[
-0.6535235472975567,
0.7521828402870464,
0.08442717515901044,
0.8521195799772106
],
[
0.7068237607303524,
0.566573458001951,
0.4235501008791205,
0.5804150231816239
],
[
0.27075292130394485,
0.3364750978384926,
-0.9019298000066065,
-1.3597593112022317
],
[
0.0,
0.0,
0.0,
1.0
]
],
"at_element": 25,
"to_element": 2
},
{
"pose": [
[
-0.8976836851481096,
0.1906474833167361,
-0.397262556156384,
1.3070559908074961
],
[
0.43492110474490897,
0.5281361741056013,
-0.7293255886423881,
1.2040539523776221
],
[
0.07076463853067583,
-0.8274815518826343,
-0.5570158410920913,
-1.469942936434462
],
[
0.0,
0.0,
0.0,
1.0
]
],
"at_element": 3,
"to_element": 4
},
{
"pose": [
[
-0.26469816712227234,
-0.19064748331673437,
0.9452980574544229,
1.3001926858118151
],
[
0.8393769722496687,
-0.528136174105601,
0.1285242391849789,
1.185041062309114
],
[
0.47474327670762084,
0.8274815518826352,
0.2998217845901413,
-1.4401536196804896
],
[
0.0,
0.0,
0.0,
1.0
]
],
"at_element": 4,
"to_element": 3
},
{
"pose": [
[
0.049717328674277805,
-0.9163572713224848,
-0.39726255615638395,
1.3251079573995534
],
[
-0.6231788575421608,
0.2823690798651288,
-0.7293255886423894,
1.237195160772108
],
[
0.7804974687607521,
0.2838257458909087,
-0.55701584109209,
-1.4446316373985602
],
[
0.0,
0.0,
0.0,
1.0
]
],
"at_element": 3,
"to_element": 7
},
{
"pose": [
[
-0.23753426155728619,
0.9163572713224847,
0.3222837660833148,
1.3580967801938593
],
[
-0.9541160854514522,
-0.2823690798651286,
0.09965037992359932,
1.227029885906314
],
[
0.1823183207174524,
-0.28382574589090864,
0.9413835434615572,
-1.454849352179329
],
[
0.0,
0.0,
0.0,
1.0
]
],
"at_element": 7,
"to_element": 3
},
{
"pose": [
[
-0.3056916202874931,
0.11386051053328966,
0.9452980574544233,
1.3744804650161593
],
[
0.028208853223850423,
-0.9913050895368785,
0.1285242391849789,
1.1951413478515294
],
[
0.9517126109733983,
0.06595455707819624,
0.29982178459014,
-1.4165916390346565
],
[
0.0,
0.0,
0.0,
1.0
]
],
"at_element": 4,
"to_element": 7
},
{
"pose": [
[
0.9397706945102373,
-0.11386051053328804,
0.3222837660833155,
1.3703814871703788
],
[
0.08593032782065084,
0.9913050895368782,
0.09965037992359796,
1.230828326430755
],
[
-0.3308277807264403,
-0.06595455707819542,
0.9413835434615572,
-1.4189660027804851
],
[
0.0,
0.0,
0.0,
1.0
]
],
"at_element": 7,
"to_element": 4
},
{
"pose": [
[
0.26192218378103305,
-0.19444369934834413,
0.9452980574544229,
0.9505634064280144
],
[
0.24881274678181312,
0.9599863212467202,
0.12852423918498135,
1.137504905035499
],
[
-0.9324639331804013,
0.20153885680662104,
0.29982178459013986,
-1.5510461298926665
],
[
0.0,
0.0,
0.0,
1.0
]
],
"at_element": 4,
"to_element": 16
},
{
"pose": [
[
0.7731779147502074,
0.19444369934834535,
0.603645226872748,
0.9575633783407348
],
[
0.023556601943166444,
-0.9599863212467192,
0.27905438452760806,
1.102945403710212
],
[
0.6337515275306344,
-0.2015388568066248,
-0.7468206548761669,
-1.5583015274277687
],
[
0.0,
0.0,
0.0,
1.0
]
],
"at_element": 16,
"to_element": 4
},
{
"pose": [
[
-0.8387966979386563,
-0.4388089261243003,
0.3222837660833154,
1.2301670186649822
],
[
0.49102751396113425,
-0.8654257809392036,
0.09965037992359994,
1.1874739085922332
],
[
0.2351852037445274,
0.24183660607817026,
0.941383543461557,
-1.8285292730944671
],
[
0.0,
0.0,
0.0,
1.0
]
],
"at_element": 7,
"to_element": 8
},
{
"pose": [
[
-0.8902516539373788,
0.43880892612430017,
0.12206030892718478,
1.2459641430901707
],
[
0.38214317125247327,
0.8654257809392032,
-0.3240444635399178,
1.2186292427897647
],
[
-0.24782774123746554,
-0.2418366060781715,
-0.9381345674442056,
-1.8372353926133302
],
[
0.0,
0.0,
0.0,
1.0
]
],
"at_element": 8,
"to_element": 7
},
{
"pose": [
[
-0.8650625266348757,
0.3844476546049409,
0.32228376608331494,
1.2178699561538449
],
[
-0.37285820529954394,
-0.9225218482626223,
0.09965037992360219,
1.1836716477273086
],
[
0.3356241703943385,
-0.03396233718216622,
0.9413835434615568,
-1.8644487127286382
],
[
0.0,
0.0,
0.0,
1.0
]
],
"at_element": 7,
"to_element": 16
},
{
"pose": [
[
-0.6984357099565499,
-0.38444765460494074,
0.6036452268727468,
1.2040298392736042
],
[
-0.26661224644421283,
0.9225218482626226,
0.2790543845276132,
1.2168824374189522
],
[
-0.6641577140284227,
0.0339623371821621,
-0.7468206548761656,
-1.8632260684739599
],
[
0.0,
0.0,
0.0,
1.0
]
],
"at_element": 16,
"to_element": 7
},
{
"pose": [
[
0.7129535571620194,
0.6905059784785527,
0.1220603089271844,
1.2515133366113884
],
[
0.6862106153320932,
-0.6512374198820858,
-0.32404446353991856,
1.2038973004125348
],
[
-0.14426439871143923,
0.3147877326559918,
-0.9381345674442054,
-1.8798855408019375
],
[
0.0,
0.0,
0.0,
1.0
]
],
"at_element": 8,
"to_element": 16
},
{
"pose": [
[
-0.39851465940304465,
-0.6905059784785532,
0.6036452268727478,
1.2266552260735537
],
[
-0.7057042393391442,
0.651237419882086,
0.27905438452761056,
1.2273417487943905
],
[
-0.585805080909713,
-0.3147877326559906,
-0.7468206548761658,
-1.8912178514526845
],
[
0.0,
0.0,
0.0,
1.0
]
],
"at_element": 16,
"to_element": 8
},
{
"pose": [
[
-0.26110655236832714,
-0.9575618253120401,
0.12206030892718486,
1.1881973633290994
],
[
-0.9223918446399653,
0.21021053872441342,
-0.3240444635399192,
1.3719879006747937
],
[
0.28463424469309406,
-0.19719756619762252,
-0.9381345674442052,
-1.3932498462869933
],
[
0.0,
0.0,
0.0,
1.0
]
],
"at_element": 8,
"to_element": 17
},
{
"pose": [
[
0.1076208397519065,
0.9575618253120401,
0.26738194695260975,
1.222669559066547
],
[
0.8954524170699711,
-0.2102105387244131,
0.3923983921638039,
1.3644203278607658
],
[
0.43195222376397235,
0.19719756619762266,
-0.8800740856718221,
-1.3861507400765953
],
[
0.0,
0.0,
0.0,
1.0
]
],
"at_element": 17,
"to_element": 8
},
{
"pose": [
[
-0.6372077720697773,
0.7505530355368946,
-0.17503255714358865,
0.8758165913601479
],
[
0.7242210218213265,
0.6608091439961035,
0.19706645265800748,
0.7882222086581068
],
[
0.2635719385024591,
-0.0011899821386262832,
-0.9646390087367218,
-1.1764877795619237
],
[
0.0,
0.0,
0.0,
1.0
]
],
"at_element": 5,
"to_element": 6
},
{
"pose": [
[
0.6450446312101858,
-0.7505530355368951,
0.1434836736122541,
0.8487966859714058
],
[
-0.732254171260902,
-0.660809143996103,
-0.16472736227520765,
0.7644330828996344
],
[
0.21845194532877274,
0.0011899821386271436,
-0.9758469816137083,
-1.1764449402111017
],
[
0.0,
0.0,
0.0,
1.0
]
],
"at_element": 6,
"to_element": 5
},
{
"pose": [
[
0.9118482427696692,
0.3713440266082684,
-0.17503255714358948,
0.9425013320981396
],
[
0.40198059297767885,
-0.8941903690524204,
0.19706645265800515,
0.7131428890268783
],
[
-0.0833329768289838,
-0.2500543896760338,
-0.9646390087367223,
-0.8089749964938538
],
[
0.0,
0.0,
0.0,
1.0
]
],
"at_element": 5,
"to_element": 18
},
{
"pose": [
[
-0.657246744895355,
-0.37134402660826926,
0.6558432207675989,
0.9291329435636254
],
[
-0.06292026239715323,
0.8941903690524197,
0.44324330166824966,
0.7453337509251997
],
[
-0.7510444440273384,
0.25005438967603544,
-0.6110687729702866,
-0.7999730360571067
],
[
0.0,
0.0,
0.0,
1.0
]
],
"at_element": 18,
"to_element": 5
},
{
"pose": [
[
-0.6606262096542139,
-0.7300250783758612,
-0.17503255714358995,
0.9256031803588614
],
[
-0.7499741837534447,
0.63142975614089,
0.1970664526580065,
0.7321682570731466
],
[
-0.033342687673020746,
0.2614571628435025,
-0.9646390087367218,
-0.902104049792708
],
[
0.0,
0.0,
0.0,
1.0
]
],
"at_element": 5,
"to_element": 76
},
{
"pose": [
[
0.39403054400727355,
0.7300250783758608,
0.5583935129741839,
0.9518840617162696
],
[
0.07629834106343092,
-0.6314297561408899,
0.7716702833534697,
0.7094368044173077
],
[
0.9159249388133834,
-0.26145716284350295,
-0.30450231272935424,
-0.9115164999677373
],
[
0.0,
0.0,
0.0,
1.0
]
],
"at_element": 76,
"to_element": 5
},
{
"pose": [
[
0.7282619958805565,
0.6701096184676061,
0.1434836736122535,
0.7687814827188288
],
[
0.685244945764653,
-0.709439398695793,
