{
"line_pt_pairs": [
[
[
1.6408287545875218,
-0.9758975979642217,
-2.48593454400713
],
[
0.8848602909122727,
-1.6097481257750024,
-2.3223949759433777
]
],
[
[
0.11927589262445915,
1.6485295611987285,
1.290944567002148
],
[
-0.2251495855962348,
0.712147193288336,
1.3584660526120846
]
],
[
[
0.006612231329413701,
1.6436517366518295,
1.3227090009983573
],
[
0.23767832780125986,
0.7251199379491949,
1.0019165543395154
]
],
[
[
0.008854852918750097,
1.3430386813732627,
1.537965791746488
],
[
-0.04049791881032718,
1.985563918500437,
0.7732922512226079
]
],
[
[
0.4364675078676846,
0.7141790848230775,
0.9316481350519958
],
[
-0.3526055296012264,
1.0591102077189192,
1.4399652230958664
]
],
[
[
0.08787273048828335,
0.940465114543264,
1.276049310602736
],
[
0.3967723859676924,
0.602047597821931,
0.387199161690745
]
],
[
[
-0.06258156608904697,
1.0333285832433348,
1.5407197290169423
],
[
-0.5514269164300789,
0.6039343862587774,
0.7813444284929256
]
],
[
[
0.3147164203558371,
0.3114895019359483,
0.7302088592528053
],
[
0.29495991602327315,
1.1850978024660868,
0.24398029388318343
]
],
[
[
0.4344414012859237,
0.5934468687699785,
0.8052717930923772
],
[
0.04828722893847398,
0.21841747313241788,
-0.037484344581138807
]
],
[
[
0.261136202772676,
0.6763737508823328,
0.5844253314610451
],
[
0.4387486519756954,
-0.06893276536393167,
-0.05820365538047734
]
],
[
[
0.2798602902824436,
1.139381785477514,
0.39858513428391246
],
[
0.04999467738502089,
0.17432976477745998,
0.27274238578391036
]
],
[
[
0.28590813848600044,
0.7745642392764917,
0.20026422785023926
],
[
0.006163665663762252,
1.7169004918030837,
0.3839634850603515
]
],
[
[
0.25908913432477176,
0.2597048368566627,
0.036162778046765154
],
[
-0.3891332729193816,
0.7063812399721965,
0.6528376532008972
]
],
[
[
0.10625322463868869,
0.5666192483887564,
0.49081086700720583
],
[
0.21950221879952608,
-0.14410392033379388,
-0.2034853541855472
]
],
[
[
-0.15664598913993075,
0.3441311637664127,
0.49110114163995205
],
[
-0.3989327179391603,
1.2625322335978775,
0.803889594080559
]
],
[
[
-0.22208335446254168,
0.5522561427683095,
0.2856437291096571
],
[
-0.49368759141895524,
0.7221984473208817,
1.2329297216117552
]
],
[
[
0.06853395142537222,
0.6371614423545189,
0.42826129364918675
],
[
-0.7875593417825268,
0.12672730273018418,
0.5092629135738512
]
],
[
[
-0.18755379315676607,
1.3660764339799816,
0.5384563199015667
],
[
-0.3094042450406942,
0.5400818963992653,
1.0888066549269044
]
],
[
[
-0.29595337140341654,
0.7993445483815307,
0.7184826694490754
],
[
-0.18489244452504053,
1.7917518843807407,
0.6656324095077364
]
],
[
[
-0.29862514504498644,
1.0703933520359643,
0.7700283894583229
],
[
-0.9863540249115921,
0.35632645159641374,
0.6391183077454266
]
],
[
[
-0.13500537754402492,
0.8988011875832441,
0.8840991154657831
],
[
-0.8104206794253025,
0.16618482308281474,
0.9682860054831549
]
],
[
[
0.07647068310935368,
1.8700855560845324,
1.201735782250735
],
[
-0.22170509639256752,
1.4195877112314688,
0.3602235147815278
]
],
[
[
-0.05068539181620023,
1.6583324012435547,
1.1454891571152692
],
[
0.2930995497943249,
1.4242503478355801,
0.23608412843214488
]
],
[
[
0.4640348269937047,
1.3242082638714558,
0.12834125472262606
],
[
-0.33672004459179383,
1.6189838809688395,
0.6497805811997805
]
],
[
[
0.8389207099342821,
-0.0995032983467915,
-0.028969959563491035
],
[
-0.1309670342760924,
0.1410906256298005,
-0.06681606076370997
]
],
[
[
-1.4878569977153262,
0.044262388614176716,
1.2611754921558669
],
[
-0.6076925849748697,
-0.11331043421156098,
0.8134239851210209
]
],
[
[
-1.4904860128156452,
0.08452758134834705,
1.4078826100609272
],
[
-0.5262604399725871,
0.30326358314511903,
1.2581374725991743
]
],
[
[
-1.172156193081274,
0.09896168066756185,
1.5399736492242155
],
[
-1.8563577673836034,
0.03907707830624194,
0.8131435176788585
]
],
[
[
0.34557634994676656,
0.2301970851997674,
0.035874919226672214
],
[
-0.44415911380775236,
-0.34752611000606504,
-0.17041082194221918
]
],
[
[
-0.5683637419873371,
-0.1935356013348224,
0.8286108289271403
],
[
-1.0901515687997851,
0.3004745225149882,
1.524090132231155
]
],
[
[
-0.7064243149434405,
-0.02244269656836737,
1.1652142156697654
],
[
-0.49936579710716666,
-0.16444465435790084,
0.19724613036148142
]
],
[
[
-0.24690735499943595,
0.1704131874316349,
0.07354790017581658
],
[
0.1744821864470995,
-0.7125146186559892,
-0.1335012331157138
]
],
[
[
0.08077559427032846,
-0.08748274238500688,
-0.2941231085609584
],
[
-0.3925856044808354,
0.19602458620597565,
0.5398749550771209
]
],
[
[
-0.864413300019017,
0.18967728958869084,
1.5712799938980622
],
[
-0.36625996422651613,
0.5118105880774579,
0.7662499372892727
]
],
[
[
-1.2101756122648757,
0.49179856784293274,
0.7943704152783256
],
[
-0.3499392259846852,
0.14046565858372007,
0.4248321268817695
]
],
[
[
-1.2533313429542834,
0.41593813792170464,
0.6617910686689314
],
[
-0.3668411926972863,
0.3547691871237338,
1.1204778604513002
]
],
[
[
-0.8484724611329812,
0.4137984561648225,
0.7785860558670188
],
[
-1.7972555481631276,
0.09799249270987925,
0.7697970165656579
]
],
[
[
0.21765679128466595,
-0.4432953379169262,
-0.1470964909489153
],
[
-0.5801938164542085,
-0.16240581323366468,
0.386322183877829
]
],
[
[
-0.27684453485590377,
0.31430508201228863,
0.29998113800765236
],
[
-0.8434697073662588,
0.31789918422640473,
1.1239489749448017
]
],
[
[
-0.5751892963944568,
0.37597484432442185,
0.6436352082243806
],
[
-0.21066393380808413,
-0.21936281141482047,
-0.07239156200853247
]
],
[
[
-0.5700403980556901,
-0.23594056657199725,
0.7792165797591983
],
[
-0.1572569373212387,
-0.07019705384020344,
-0.11640549596884864
]
],
[
[
-0.35131696412173097,
-0.2633122237778469,
0.6826406478949032
],
[
-1.1228081479418046,
-0.09850750775117503,
0.06811582426019486
]
],
[
[
-0.16128865959099148,
0.12531132121619587,
0.3670482064319379
],
[
-1.0799662584540437,
-0.1839496171694805,
0.12130618451458722
]
],
[
[
-0.7700311025865413,
-0.09742539587191322,
0.33272533073449456
],
[
-1.7458800587393828,
-0.10067554587101402,
0.5511475166506525
]
],
[
[
-1.6073894090704233,
0.07267078639351833,
1.2876469023791426
],
[
-1.4405197642711902,
-0.17782126203656845,
0.33401790988894087
]
],
[
[
-1.7910863497388079,
-0.07170711651024542,
1.3327248730413832
],
[
-1.605748398732565,
0.32875153202160706,
0.43534941386454007
]
],
[
[
-1.4398844114245277,
0.40025991870006694,
0.9886584482447719
],
[
-1.3461473226057439,
-0.3242028932569184,
0.30574777160312133
]
],
[
[
0.178826356558612,
-0.5658409004177712,
0.18612026927276834
],
[
-0.7171060853284155,
-0.4127955204128372,
-0.230871542677411
]
],
[
[
0.12710450651919425,
-0.5195257441119965,
0.15862889942895858
],
[
-0.13021864086428947,
-0.6673185226651539,
-0.7963276924788598
]
],
[
[
-1.1036153756275988,
-0.01648965360528401,
0.45051257150966173
],
[
-0.6106648730723792,
-0.5092029092516505,
-0.26658815345226083
]
],
[
[
-0.5469481585978102,
-0.3836842607799792,
-0.039590658413371754
],
[
-0.05735787623731803,
-0.6597459349040732,
-0.8666887828810652
]
],
[
[
-0.13926947807218737,
-0.6986217484543015,
-0.7724004032533369
],
[
0.557502067083045,
-0.9114955918291562,
-1.4573778778237112
]
],
[
[
-0.0645862036149571,
-0.5989085979465039,
0.17028977658162636
],
[
0.6681520318666251,
0.052051884892865496,
-0.028066287214953717
]
],
[
[
0.5613183730476802,
-0.15478159158268107,
-0.00981103928059112
],
[
0.5216086047257478,
0.7035535878286012,
-0.5213614806691413
]
],
[
[
0.5174056418036542,
-0.07259204777480095,
-0.009089630231116787
],
[
0.5954456079561464,
-0.08145992209695896,
-1.006000420867834
]
],
[
[
0.20734362952608792,
1.0139090744827897,
0.2297940295855228
],
[
0.5362178826647148,
0.5480829993105616,
-0.5916971714094412
]
],
[
[
0.4881261242356769,
0.5404974433205794,
-0.3854510197518966
],
[
0.6508548476309908,
-0.1735662335252115,
-1.0663566137894267
]
],
[
[
0.6180282429624124,
0.14084018999680004,
-0.6269755254687875
],
[
0.7403435885970753,
-0.41262175718614136,
-1.4508194604727058
]
],
[
[
0.2945182168520373,
-0.5298824958877799,
-0.8190591011797242
],
[
0.06990755290678255,
-0.4223082494845968,
0.14943345488503923
]
],
[
[
1.0205392362846937,
-1.1998452496386236,
-2.3190059457919467
],
[
1.82577455382361,
-1.7715524645866838,
-2.4763175593630162
]
],
[
[
1.3754442218361915,
-0.9400288887415842,
-2.5098710038370267
],
[
1.7530565581417634,
-1.8565711419302104,
-2.3781166050878246
]
],
[
[
0.45867175124114445,
-0.8683863037492368,
-1.2729323273745405
],
[
0.9364645787513892,
-1.2328676107834893,
-2.072224133164121
]
],
[
[
0.7697438379234939,
-1.1949780380479782,
-1.7482000634007602
],
[
1.1720341090247304,
-1.6692508688399557,
-2.531288704456074
]
],
[
[
0.9972671208038975,
-0.43549008111110554,
-1.1906284226483446
],
[
1.2570714636474847,
-0.8808075142006592,
-2.0474796858359197
]
],
[
[
1.290997432627732,
-0.7551287687536373,
-1.7089715157089849
],
[
1.411681657906999,
-1.2556504305347667,
-2.566242408634086
]
],
[
[
1.3250731085916432,
-0.6495821265185706,
-1.969155876013703
],
[
0.7011839966294817,
-1.4292076433198009,
-1.9148748523730204
]
],
[
[
0.10098081191717241,
-0.3915012588741951,
0.13104196588868816
],
[
0.37875353509757403,
-0.6668906372935498,
-0.7892856956051658
]
],
[
[
0.32248369234174085,
-0.7001831417118666,
-0.5867097135958486
],
[
0.7153734165338328,
-0.875508690379569,
-1.4894270650456982
]
],
[
[
0.6094587576812331,
0.04411508159454102,
-0.1175768431343261
],
[
0.9278102272586191,
-0.3087141599631996,
-0.9974426670641504
]
],
[
[
0.7137678438890318,
-0.11654651993033964,
-0.5105632035209597
],
[
1.036279769147824,
-0.39166512101098694,
-1.4162650382355055
]
],
[
[
0.6326717389139958,
-0.3686649846561588,
-0.7623931679683215
],
[
-0.09882752022963204,
-1.0497546928865562,
-0.7944188329099898
]
],
[
[
1.213909119613081,
-0.43152719749305724,
-1.4287327019084708
],
[
0.42766512354864084,
-1.0116591409976605,
-1.6414938515063073
]
],
[
[
-0.14859304659261754,
-0.9292844569021474,
-0.6417136134432878
],
[
0.52192674883056,
-0.2313265695583429,
-0.8932250275783791
]
],
[
[
-0.08176875014963754,
-0.08971067774356899,
0.02748995301974968
],
[
0.13019298696329357,
-0.61651510080121,
-0.7956438889810361
]
],
[
[
0.224148305704036,
-0.5731965613020502,
-0.7420332040430514
],
[
0.6013297019462047,
-0.9320859551678067,
-1.5958086998845977
]
],
[
[
0.13892337545930256,
0.19798301251706266,
0.06206573772413376
],
[
0.5915847609338151,
-0.08505717688121564,
-0.7835026635809775
]
],
[
[
0.4865333220533558,
-0.03982742044589672,
-0.6740961611324185
],
[
1.0004162798621,
-0.5888820843319728,
-1.333234448397454
]
],
[
[
-0.3406379426190639,
1.0476440181750097,
0.9104309539973402
],
[
0.4011638306403551,
0.8707952538757097,
0.26355025112006913
]
],
[
[
-0.44996550879708336,
1.0736407820075593,
0.8483343605195008
],
[
0.335294039598828,
1.5145276689511336,
0.41360893617184036
]
],
[
[
-0.052005487815803685,
1.3439867108994525,
1.4137442074955187
],
[
0.15147003176830978,
1.3594926079950953,
0.4347869663019952
]
],
[
[
0.055250232351907694,
0.7260974266224041,
1.1869743689465757
],
[
0.19551973549599508,
0.8728626424204124,
0.2077989822463816
]
],
[
[
-0.19880244050246995,
0.4200913847900696,
0.5840477162412482
],
[
0.3309877652942974,
1.180486391414415,
0.2083859378519895
]
],
[
[
-0.2527134534541886,
0.5090963402386621,
0.4019163452610855
],
[
0.1513042832717647,
0.8612775427544637,
1.2461545041981017
]
],
[
[
-0.06909346541829427,
0.839684389232531,
1.486205128080721
],
[
-0.47791063158391,
0.9217143150096323,
0.5772829004257257
]
],
[
[
0.16264003033200833,
1.3527261460457725,
1.361704995387949
],
[
-0.22902356630972043,
1.7277614773968861,
0.5214978023075602
]
],
[
[
-0.9480250547276043,
0.3340400789947431,
0.7583575728972384
],
[
-1.220359589082278,
-0.34298917058342726,
0.07464323443895904
]
],
[
[
-0.9304405519408805,
0.3846224258716505,
0.7488009122753766
],
[
-1.5914068490984028,
-0.2559503432582271,
0.35791719366950414
]
],
[
[
-1.408406704980306,
0.019993359555827518,
1.2245702866523234
],
[
-1.602428231050939,
-0.22243531290518412,
0.2739999388137143
]
],
[
[
-0.784447973279635,
-0.13556431351986864,
0.8982454124384744
],
[
-1.2745142161646212,
-0.3538833371095809,
0.054342644624890024
]
],
[
[
-0.5113811291750652,
0.19829345148291766,
0.5185581656562425
],
[
-1.2268862968648775,
-0.38235025029570047,
0.13009292062910166
]
],
[
[
-0.46133119972710684,
0.3279061536966208,
0.3544460318807321
],
[
-0.9472796613816366,
-0.25508404753778124,
1.0055808242857054
]
],
[
[
-0.9209328874878402,
0.15628265269638428,
1.090687504274716
],
[
-1.2734109565423648,
0.19526901287425197,
0.15567987085364288
]
],
[
[
-1.1869085220885547,
-0.05514121014120429,
1.5580502116133077
],
[
-1.6147706009628044,
0.08123380261377977,
0.6645537665406462
]
],
[
[
-0.08967169015765585,
0.03508135423984378,
-0.120497804463492
],
[
-0.6827189260986748,
-0.22455717054485944,
0.6416588804710038
]
],
[
[
0.28982469846795655,
0.042264773637179745,
-0.14713559397172887
],
[
0.27678965585713877,
0.37434938567798554,
0.7960239355405598
]
],
[
[
1.234335618641366,
-0.7661103709119809,
-1.8181894293281902
],
[
1.0713582180958516,
-1.5609333603617421,
-2.402736076186738
]
],
[
[
0.6139369833113556,
-0.6581731085244117,
-0.21190574069323986
],
[
0.9393928251905578,
-0.8819495598372675,
-1.1306018791549868
]
],
[
[
0.984533900883527,
-0.9621023864620613,
-0.9628436004747526
],
[
1.3264275448257306,
-1.3251677624984635,
-1.8296147749813048
]
],
[
[
1.3747917640581204,
-1.2834355285686607,
-1.59729629835895
],
[
1.656566408447993,
-1.7004399325181132,
-2.461420350139551
]
],
[
[
1.1079367450395732,
-1.3546896719238235,
-2.4835519544480813
],
[
1.4443581083566224,
-1.2647175115912044,
-1.5461482651716953
]
],
[
[
1.4918375856530124,
-1.3907637227549363,
-1.647304972431475
],
[
1.3411158721825795,
-1.1781435831467642,
-2.612745618624465
]
],
[
[
-0.056932828291447975,
-0.4550491554920494,
0.16872201973926848
],
[
0.7686089227959988,
-0.6698930656186145,
-0.3531236581129105
]
],
[
[
0.4628612968854661,
0.04588255331451058,
0.045875895650600206
],
[
0.6021557843400314,
-0.7595010753582438,
-0.5302788200557602
]
],
[
[
0.5797304997466313,
0.5485992803403857,
-0.24142950942479535
],
[
0.5278567151722229,
-0.21204095056576316,
-0.8885272992533254
]
],
[
[
-0.49060141080954955,
-0.392380624477081,
-0.24821261647571904
],
[
0.2672345787282275,
-0.723349772815679,
-0.8104794888853619
]
],
[
[
0.3674240217417806,
-0.9654211919359958,
-1.5160135135958084
],
[
1.1224755374424062,
-0.9213757475239704,
-0.8618291302108676
]
],
[
[
0.9665324358561631,
-0.24874160287273903,
-1.4402864970068336
],
[
1.0662098978424095,
-1.1220298080633928,
-0.9633880652135773
]
],
[
[
0.7961680480795953,
-0.06652835072433153,
-0.9129710371196313
],
[
0.701570921838111,
-0.8414722062455622,
-0.2880603198993691
]
],
[
[
0.11097883580584866,
-0.8513941573416581,
-0.8983766998452174
],
[
0.7689893191802237,
-0.5688002527563061,
-0.20040614970672765
]
],
[
[
0.701851446164097,
-0.2950225807714671,
-0.6556021822709122
],
[
1.0342513711485788,
-1.0935380188945962,
-1.1574820333800573
]
],
[
[
0.27437298637731,
-0.6638487032002311,
-0.6750307144222004
],
[
1.1000840682639983,
-0.8800243353996087,
-1.1960578781024775
]
],
[
[
0.9430689537457907,
-0.525073827154051,
-1.4353862712613727
],
[
1.3931871598262437,
-1.3934246707523965,
-1.643617904249631
]
],
[
[
0.4897456357903851,
-0.9915780895439082,
-1.393258479836501
],
[
1.366054602584214,
-1.25402032855956,
-1.7972469275638883
]
],
[
[
0.5275131197058949,
-0.9264832073955823,
-1.292587063176479
],
[
1.3373459894348376,
-0.7772583050215214,
-1.8599517180661165
]
],
[
[
0.05109260576926533,
0.06126555927928478,
0.04164528855860005
],
[
0.6662043368870973,
0.5491814586267145,
-0.5776895428575032
]
],
[
[
0.1953261355618158,
0.06802303935061095,
0.01640860442706586
],
[
0.22205400454159807,
1.062825389384801,
0.11466289383090057
]
],
[
[
0.11855072452951193,
-0.0030885286132192047,
0.2928762152305755
],
[
-0.4847709219760949,
-0.4073530716042146,
-0.39456336039629025
]
],
[
[
0.40663230751293167,
-0.12465694001124128,
-0.15836071367021712
],
[
-0.5134351352254365,
-0.2934504127412859,
0.19517098841123928
]
]
],
"contact_id_pairs": [
[
1,
2
],
[
1,
79
],
[
2,
3
],
[
2,
84
],
[
1,
4
],
[
1,
6
],
[
1,
83
],
[
2,
4
],
[
2,
5
],
[
4,
5
],
[
4,
82
],
[
80,
82
],
[
3,
21
],
[
3,
22
],
[
5,
7
],
[
7,
8
],
[
7,
9
],
[
7,
94
],
[
6,
15
],
[
15,
20
],
[
17,
20
],
[
7,
77
],
[
7,
81
],
[
10,
77
],
[
10,
80
],
[
11,
81
],
[
8,
12
],
[
8,
13
],
[
10,
13
],
[
9,
24
],
[
24,
52
],
[
11,
23
],
[
22,
23
],
[
22,
78
],
[
78,
79
],
[
12,
15
],
[
12,
16
],
[
12,
82
],
[
14,
81
],
[
14,
82
],
[
13,
24
],
[
13,
28
],
[
24,
28
],
[
24,
94
],
[
14,
18
],
[
14,
19
],
[
14,
78
],
[
17,
18
],
[
17,
77
],
[
18,
78
],
[
19,
83
],
[
16,
34
],
[
16,
38
],
[
16,
39
],
[
34,
39
],
[
18,
84
],
[
21,
23
],
[
21,
84
],
[
19,
34
],
[
34,
35
],
[
35,
36
],
[
20,
35
],
[
20,
38
],
[
33,
35
],
[
25,
27
],
[
26,
27
],
[
25,
30
],
[
29,
30
],
[
26,
29
],
[
26,
33
],
[
27,
44
],
[
27,
45
],
[
28,
32
],
[
28,
116
],
[
31,
73
],
[
31,
93
],
[
31,
116
],
[
31,
117
],
[
30,
37
],
[
30,
93
],
[
40,
41
],
[
41,
93
],
[
31,
37
],
[
31,
48
],
[
37,
58
],
[
37,
66
],
[
47,
48
],
[
47,
52
],
[
48,
101
],
[
52,
58
],
[
52,
66
],
[
52,
101
],
[
58,
66
],
[
32,
42
],
[
39,
40
],
[
39,
42
],
[
36,
45
],
[
36,
46
],
[
41,
42
],
[
41,
49
],
[
43,
49
],
[
43,
44
],
[
43,
46
],
[
47,
49
],
[
47,
50
],
[
50,
104
],
[
48,
50
],
[
48,
51
],
[
51,
61
],
[
51,
74
],
[
61,
105
],
[
67,
113
],
[
71,
74
],
[
105,
112
],
[
105,
113
],
[
53,
54
],
[
54,
102
],
[
53,
55
],
[
53,
56
],
[
53,
103
],
[
56,
114
],
[
54,
56
],
[
56,
57
],
[
55,
115
],
[
58,
72
],
[
72,
73
],
[
72,
74
],
[
72,
104
],
[
0,
60
],
[
0,
59
],
[
0,
95
],
[
0,
99
],
[
59,
99
],
[
62,
95
],
[
59,
60
],
[
59,
98
],
[
60,
98
],
[
61,
65
],
[
62,
65
],
[
63,
71
],
[
63,
106
],
[
69,
106
],
[
71,
111
],
[
76,
106
],
[
63,
65
],
[
63,
95
],
[
64,
113
],
[
95,
113
],
[
64,
100
],
[
66,
70
],
[
66,
110
],
[
67,
108
],
[
67,
110
],
[
70,
108
],
[
68,
69
],
[
69,
107
],
[
107,
109
],
[
75,
114
],
[
75,
115
],
[
75,
76
],
[
75,
103
],
[
76,
103
],
[
85,
86
],
[
86,
91
],
[
85,
88
],
[
88,
89
],
[
86,
87
],
[
87,
92
],
[
88,
90
],
[
89,
90
],
[
96,
101
],
[
96,
107
],
[
101,
108
],
[
102,
108
],
[
96,
109
],
[
96,
110
],
[
97,
105
],
[
97,
106
],
[
97,
109
],
[
105,
109
],
[
106,
110
],
[
97,
99
],
[
98,
99
],
[
98,
100
],
[
98,
111
],
[
99,
112
]
],
"contact_t_pairs": [
[
0.16410468688392277,
0.15627320153779084
],
[
0.33600427202147526,
0.10915277577036911
],
[
0.09173196305561714,
0.32518086842382765
],
[
0.26442229018791114,
0.15923384854213524
],
[
0.7288539134971637,
0.7429013676804164
],
[
0.7813402125889772,
0.24226055301309965
],
[
0.835895313116077,
0.1690108460391713
],
[
0.9082680369443833,
0.25709863231958324
],
[
0.8589542533794375,
0.26868614289472287
],
[
0.381714775190717,
0.18031681914779063
],
[
0.4108478498802198,
0.8931299281930226
],
[
0.15148324764421525,
0.7548123355228118
],
[
0.6748191315761725,
0.22348718144714075
],
[
0.5088202837474697,
0.006024567202817712
],
[
0.81968318085221,
0.3954739167959105
],
[
0.22862178527936558,
0.23575826981950476
],
[
0.3697434790894951,
0.06127452582328279
],
[
0.0387979446940613,
0.9100300501287204
],
[
0.7577394469869007,
0.7275855783842976
],
[
0.6510549283360435,
0.35261251539900873
],
[
0.700385340000182,
0.17798101097402508
],
[
0.6895538855662838,
0.8331605275868552
],
[
0.9612020553059386,
0.9385942230962622
],
[
0.231512431450439,
0.7940480346224985
],
[
0.30827458384439926,
0.8485167523557847
],
[
0.275581277179598,
0.8081139497498169
],
[
0.7642417301804949,
0.17579313222367995
],
[
0.691255488754787,
0.35825899583555276
],
[
0.768487568549561,
0.25085026410739075
],
[
0.9387254741767174,
0.4166361023079173
],
[
0.26735139701115895,
0.8805307293212657
],
[
0.7244187228204024,
0.45101034306687005
],
[
0.9939754327971821,
0.2274796346220238
],
[
0.7577854816807835,
0.8680904926449756
],
[
0.7134511563133858,
0.8908472242296311
],
[
0.8242068677763192,
0.2724144216157014
],
[
0.6213409048039225,
0.23195129736173753
],
[
0.7131722669238902,
0.1068700718069775
],
[
0.13683363055689582,
0.061405776903737594
],
[
0.229270427496751,
0.16826470086303022
],
[
0.7491497358926092,
0.660496453933501
],
[
0.6833704648510068,
0.21814526434440523
],
[
0.7326486029888408,
0.27930040955625096
],
[
0.5762564931308545,
0.08996994987127961
],
[
0.6272731505474382,
0.12019750798526382
],
[
0.7595977517231931,
0.05479351845775419
],
[
0.8631663694431043,
0.13190950735502474
],
[
0.29961465999981807,
0.3256119663956499
],
[
0.4362873123956184,
0.16683947241314515
],
[
0.39881446913899415,
0.27489692824787115
],
[
0.1969702846257194,
0.8309891539608286
],
[
0.7680487026382623,
0.7333350801696383
],
[
0.5752191979989969,
0.2275250214870897
],
[
0.6894253738131362,
0.1877421504088351
],
[
0.8448388936144328,
0.2568213237037042
],
[
0.879802492014736,
0.8407661514578647
],
[
0.7765128185528593,
0.7725203653779766
],
[
0.5426827379647333,
0.7175749911748663
],
[
0.9452064815422457,
0.3135262032256315
],
[
0.15516110638556702,
0.18978804470715013
],
[
0.2990307145158275,
0.13753426041297162
],
[
0.7381971227592374,
0.6834105853941073
],
[
0.8220189890259745,
0.7724749785129104
],
[
0.6539663333706143,
0.81021195529285
],
[
0.03405818333314376,
0.41281260991870794
],
[
0.16548510446937956,
0.22134289142687924
],
[
0.9659418166668565,
0.3521382033379062
],
[
0.2480105785013274,
0.16754906284172155
],
[
0.5396554352776207,
0.7519894214986726
],
[
0.8345148955306203,
0.346033666629386
],
[
0.585683661362434,
0.17328485553901277
],
[
0.7786571085731206,
0.38753444936102244
],
[
0.47052429100671395,
0.25781554005506635
],
[
0.7818547356555949,
0.6113988578323204
],
[
0.33000997380380476,
0.029267607343787968
],
[
0.1953809234086579,
0.17113525450152275
],
[
0.35699952247414174,
0.3886011421676798
],
[
0.4280004865965043,
0.5000000000000001
],
[
0.8324509371582777,
0.9549553209877685
],
[
0.7568158728779425,
0.7372466450997728
],
[
0.2163101013094175,
0.16998178001048783
],
[
0.2964218308953977,
0.8288647454984772
],
[
0.6267712994094728,
0.22534313685858418
],
[
0.804619076591342,
0.2523617636643148
],
[
0.10089467313144167,
0.7506222183442366
],
[
0.045044679012231574,
0.26707088855807687
],
[
0.07123007263884804,
0.010457737021897288
],
[
0.1629758264459564,
0.11946927067873452
],
[
0.09178752250101122,
0.20020730528011313
],
[
0.22732143632624363,
0.9662461733854015
],
[
0.2705185073352245,
0.030955478545846748
],
[
0.1670974690099615,
0.11877634931051913
],
[
0.8580672274518847,
0.12249544372551596
],
[
0.7421844599449336,
0.11147593836764036
],
[
0.8122578495911645,
0.7836898986905825
],
[
0.5043841869852538,
0.24745783271842078
],
[
0.8624657395870282,
0.6124655506389777
],
[
0.603979662008904,
0.2771835877225314
],
[
0.8300182199895123,
0.8885240616323595
],
[
0.7572549183400072,
0.31022410527291094
],
[
0.28099001046765093,
0.11005336961401557
],
[
0.7190099895323492,
0.8267151444609872
],
[
0.6230946881859599,
0.7228164122774685
],
[
0.928769927361152,
0.8899466303859842
],
[
0.7564593302686851,
0.11605760797331305
],
[
0.3680924431282639,
0.17850516123734686
],
[
0.9655427193992729,
0.883942392026687
],
[
0.9895422629781025,
0.010737739286045003
],
[
0.9652627659718664,
0.177080566735637
],
[
0.9892622607139537,
0.8479685914968085
],
[
0.14943530370397912,
0.20556425065821962
],
[
0.9312485003302544,
0.21613345228108402
],
[
0.8060785160626116,
0.9839675237808273
],
[
0.1722853531074529,
0.0020058756996656373
],
[
0.28391076091829953,
0.06139941022887473
],
[
0.09904200737729779,
0.05432264780990946
],
[
0.030323135345556872,
0.15264692188656628
],
[
0.9009579926227019,
0.864266035124139
],
[
0.780737493082041,
0.04098946072474454
],
[
0.6661447563945564,
0.1730611942284998
],
[
0.11681207632094298,
0.7874203531904274
],
[
0.9696768646544428,
0.8629561784803524
],
[
0.9590105392752536,
0.49999999999999534
],
[
0.13573396487586087,
0.8895944495920474
],
[
0.033753826614598366,
0.6097138353655647
],
[
0.4444890955754754,
0.9707323926562123
],
[
0.5271778200580485,
0.0160324762191725
],
[
0.3902861646344352,
0.8214948387626531
],
[
0.2414322651324892,
0.21278383216782043
],
[
0.5723279684877648,
0.241986059422688
],
[
0.7585677348675107,
0.8939318292263739
],
[
0.6255959401833664,
0.11224795580004178
],
[
0.19579240011955343,
0.1528716313858026
],
[
0.8013142463701772,
0.9920110988646134
],
[
0.78006368754839,
0.7590355070756512
],
[
0.8042075998804461,
0.9724883875399261
],
[
0.7872161678321794,
0.9405700297897008
],
[
0.8505646962960209,
0.7001634393214577
],
[
0.19868575362982277,
0.7988146986972335
],
[
0.30437850102757286,
0.19392148393738837
],
[
0.12453297471110703,
0.2859769773385023
],
[
0.9354513250157539,
0.15351844022437122
],
[
0.2870829753027505,
0.0950330336769338
],
[
0.9396126446763302,
0.33840546096308755
],
[
0.8754670252888929,
0.2011853013027665
],
[
0.7837596843681957,
0.045799318127074135
],
[
0.11482214708747321,
0.9386005897711253
],
[
0.007988901135386556,
0.895195493125192
],
[
0.8851778529125272,
0.8472647883037838
],
[
0.9690445214541531,
0.38929196684780276
],
[
0.945043173784113,
0.10414644071582979
],
[
0.06875149966974482,
0.3704874986579226
],
[
0.18180607835831789,
0.15294422141772468
],
[
0.6107080331521973,
0.14945835727124052
],
[
0.4999999999999927,
0.06454867498423761
],
[
0.30834493775659794,
0.17983952750615237
],
[
0.3684255032504214,
0.07891218508815981
],
[
0.15736455035603514,
0.21257964680957267
],
[
0.061997878606626276,
0.11040555040795251
],
[
0.904222903424191,
0.060387355323670566
],
[
0.9380021213933739,
0.7863290679372249
],
[
0.11565176718132829,
0.8269388057715001
],
[
0.013359264322969694,
0.05205764843170189
],
[
0.2930869846706739,
0.49999999999999994
],
[
0.9866407356770304,
0.9424848121491964
],
[
0.8770577126249797,
0.9479775113589131
],
[
0.9479423515682975,
0.8921145363577189
],
[
0.1078854636422804,
0.49999999999999967
],
[
0.05751518785080345,
0.7707167353894262
],
[
0.05202248864108691,
0.22928326461057377
],
[
0.05560722489824261,
0.8403728505860083
],
[
0.2170983682158521,
0.8201604724938477
],
[
0.8812236506894812,
0.8505416427287594
],
[
0.8473530781134327,
0.6882254813241894
],
[
0.8703324884519791,
0.6890375319469109
],
[
0.9443927751017567,
0.7893765561973682
],
[
0.0007892317942106491,
0.8277146468925473
],
[
0.09601276633942724,
0.846481559775629
],
[
0.16725111308460705,
0.921087814911841
],
[
0.7581938871478421,
0.7706757790768926
],
[
0.6787212030823098,
0.8958535592841709
],
[
0.9992107682057888,
0.6897405127367443
],
[
0.052093708497757504,
0.8877520441999582
],
[
0.22834288340005524,
0.15273521169621654
],
[
0.027511612460074098,
0.904966966323066
],
[
0.7394543030614862,
0.9979941243003344
]
],
"half_couplers": [
{
"pose": [
[
0.7561206754273728,
0.5564643871297604,
-0.344425478220694,
0.0627540573662068
],
[
-0.3193124520901297,
-0.14569701097385335,
-0.9363823679103924,
1.4948648259091675
],
[
-0.5712452031583655,
0.8179974124956539,
0.06752148560993554,
1.302025159256104
],
[
0.0,
0.0,
0.0,
1.0
]
],
"at_element": 1,
"to_element": 2
},
{
"pose": [
[
-0.798095135254917,
-0.5564643871297599,
0.23106609647184614,
0.04272166999190914
],
[
-0.36752104125531015,
0.14569701097385357,
-0.9185317987026347,
1.5001098317543033
],
[
0.4774645948309134,
-0.8179974124956544,
-0.3207924466588423,
1.2725777383298391
],
[
0.0,
0.0,
0.0,
1.0
]
],
"at_element": 2,
"to_element": 1
},
{
"pose": [
[
0.15332087260442961,
0.9262093715657715,
-0.344425478220695,
0.0035474605492663847
],
[
-0.1270601605661934,
-0.32717545241570356,
-0.936382367910392,
1.3339010853352518
],
[
-0.9799736861879043,
0.18732971830523276,
0.06752148560993554,
1.3136320746203234
],
[
0.0,
0.0,
0.0,
1.0
]
],
"at_element": 1,
"to_element": 79
},
{
"pose": [
[
-0.317386062948126,
-0.9262093715657721,
0.20347551958411592,
-0.0297955700518796
],
[
-0.9448363829213172,
0.32717545241570556,
0.015505897095639251,
1.3456792226082517
],
[
-0.08093390237996949,
-0.187329718305228,
-0.9789572411935232,
1.3068883072587427
],
[
0.0,
0.0,
0.0,
1.0
]
],
"at_element": 79,
"to_element": 1
},
{
"pose": [
[
0.035287572416959345,
0.9722979205439973,
0.2310660964718464,
0.02780837795437476
],
[
0.33741016687019776,
0.20604299081679023,
-0.9185317987026347,
1.5593930116278298
],
[
-0.9406961074255294,
0.11037680753261009,
-0.3207924466588419,
1.2932820801329274
],
[
0.0,
0.0,
0.0,
1.0
]
],
"at_element": 2,
"to_element": 3
},
{
"pose": [
[
0.22847550772123548,
-0.9722979205439973,
-0.04935277172907815,
-0.007193724251234183
],
[
-0.7380430919600439,
-0.20604299081679,
0.6425252371271735,
1.551975595966503
],
[
-0.6348947446479472,
-0.11037680753261109,
-0.7646735405238807,
1.2893085857782098
],
[
0.0,
0.0,
0.0,
1.0
]
],
"at_element": 3,
"to_element": 2
},
{
"pose": [
[
0.3583727510809991,
-0.9045316082613691,
0.23106609647184823,
0.06771125774328007
],
[
-0.2261814955204967,
-0.3242549396018761,
-0.9185317987026336,
1.4007714548284573
],
[
0.9057653682752216,
0.2769138923923553,
-0.3207924466588441,
1.2378843275778428
],
[
0.0,
0.0,
0.0,
1.0
]
],
"at_element": 2,
"to_element": 84
},
{
"pose": [
[
-0.16858883925625046,
0.9045316082613679,
-0.39166359664172656,
0.10027392850489134
],
[
0.8684510546842237,
0.32425493960187846,
0.3750353313511164,
1.4124444651960852
],
[
0.46623016729517786,
-0.2769138923923558,
-0.8402071930803885,
1.2279155704609739
],
[
0.0,
0.0,
0.0,
1.0
]
],
"at_element": 84,
"to_element": 2
},
{
"pose": [
[
0.7950031575970751,
0.49934063460039657,
-0.34442547822069364,
-0.13175996508482574
],
[
-0.32916421847466726,
-0.12181534526687643,
-0.9363823679103925,
0.966043607817498
],
[
-0.50953007436916,
0.8577994825682663,
0.06752148560993931,
1.3401578660340927
],
[
0.0,
0.0,
0.0,
1.0
]
],
"at_element": 1,
"to_element": 4
},
{
"pose": [
[
0.3578025603268611,
-0.4993406346003987,
-0.7890730374689114,
-0.14973593086770978
],
[
0.9306898205714539,
0.12181534526687465,
0.34493112289584293,
0.97042888777794
],
[
-0.07611692130018127,
-0.8577994825682651,
0.5083170880438692,
1.3092775949751139
],
[
0.0,
0.0,
0.0,
1.0
]
],
"at_element": 4,
"to_element": 1
},
{
"pose": [
[
-0.36274719142131273,
0.8659015908683829,
-0.3444254782206926,
-0.14983758374955802
],
[
0.06640116354359998,
-0.3446432163072144,
-0.9363823679103929,
0.9168963627910526
],
[
-0.9295188866268427,
-0.3625403265638485,
0.06752148560993543,
1.3437018189229395
],
[
0.0,
0.0,
0.0,
1.0
]
],
"at_element": 1,
"to_element": 6
},
{
"pose": [
[
-0.10604083355744964,
-0.8659015908683827,
-0.4888453503410311,
-0.1810095110005478
],
[
-0.8347704337417599,
0.34464321630721306,
-0.42939419698455844,
0.92930330762124
],
[
0.5402903520969402,
0.3625403265638509,
-0.7593753005240171,
1.3567530487675052
],
[
0.0,
0.0,
0.0,
1.0
]
],
"at_element": 6,
"to_element": 1
},
{
"pose": [
[
0.4079148348760937,
-0.8455628761011535,
-0.3444254782206952,
-0.16862775033798238
],
[
-0.08448718348350298,
0.34066108802379014,
-0.9363823679103918,
0.8658119285778973
],
[
0.9091025262944956,
0.4110637975618782,
0.0675214856099382,
1.3473854603581288
],
[
0.0,
0.0,
0.0,
1.0
]
],
"at_element": 1,
"to_element": 83
},
{
"pose": [
[
0.34335396780561445,
0.845562876101154,
-0.40881716616561675,
-0.13818800054728145
],
[
0.9366008298007475,
-0.3406610880237928,
0.08202992577710316,
0.8535483363886494
],
[
-0.0699066406623311,
-0.41106379756187517,
-0.9089222276549944,
1.332587413400942
],
[
0.0,
0.0,
0.0,
1.0
]
],
"at_element": 83,
"to_element": 1
},
{
"pose": [
[
-0.848858560143062,
-0.47544463813688154,
0.23106609647184767,
0.2164821811762989
],
[
-0.3514463748884423,
0.18106567965760512,
-0.9185317987026372,
0.8093786629731942
],
[
0.3948728788478894,
-0.8609109220569916,
-0.3207924466588339,
1.031343475204945
],
[
0.0,
0.0,
0.0,
1.0
]
],
"at_element": 2,
"to_element": 4
},
{
"pose": [
[
-0.3889937500866507,
0.4754446381368814,
-0.7890730374689119,
0.23359790913416836
],
[
-0.9209982302414829,
-0.18106567965760068,
0.3449311228958444,
0.8028604047640565
],
[
0.021121607078567084,
0.8609109220569927,
0.5083170880438679,
1.0623357631727481
],
[
0.0,
0.0,
0.0,
1.0
]
],
"at_element": 4,
"to_element": 2
},
{
"pose": [
[
0.20771862815935105,
0.9505058814004581,
0.23106609647184456,
0.2050874377056894
],
[
0.36868636553971396,
0.14272245316424192,
-0.9185317987026347,
0.8546749412919362
],
[
-0.9060481970517429,
0.2759870844549058,
-0.32079244665884366,
1.0471629644887486
],
[
0.0,
0.0,
0.0,
1.0
]
],
"at_element": 2,
"to_element": 5
},
{
"pose": [
[
0.03346000997972709,
-0.9505058814004574,
0.308899655479407,
0.1708697874605545
],
[
-0.9301096095294072,
-0.1427224531642397,
-0.3384175167213352,
0.8495370172873986
],
[
0.3657547566241761,
-0.2759870844549093,
-0.8888501489119911,
1.037227592480173
],
[
0.0,
0.0,
0.0,
1.0
]
],
"at_element": 5,
"to_element": 2
},
{
"pose": [
[
-0.5693250496666098,
-0.23072219087399803,
-0.7890730374689122,
0.13526667076118304
],
[
-0.09984132631540692,
-0.9333028608213936,
0.34493112289583755,
0.8458443908555453
],
[
-0.8160273876419181,
0.27516002729485506,
0.508317088043872,
1.1256802780402617
],
[
0.0,
0.0,
0.0,
1.0
]
],
"at_element": 4,
"to_element": 5
},
{
"pose": [
[
-0.9226853599591824,
0.23072219087399623,
0.30889965547940956,
0.1435725338001788
],
[
0.12008061608256745,
0.9333028608213944,
-0.3384175167213307,
0.879442744384179
],
[
-0.3663773630537587,
-0.2751600272948532,
-0.8888501489119922,
1.1157746790518857
],
[
0.0,
0.0,
0.0,
1.0
]
],
"at_element": 5,
"to_element": 4
},
{
"pose": [
[
0.6033768947990135,
0.11532590499227369,
-0.789073037468911,
0.11227854702512849
],
[
0.2798427053232188,
0.8959411703539443,
0.34493112289584243,
0.8558932950216038
],
[
0.7467425145926021,
-0.42893980335533993,
0.5083170880438704,
1.1404891177321943
],
[
0.0,
0.0,
0.0,
1.0
]
],
"at_element": 4,
"to_element": 82
},
{
"pose": [
[
-0.9074522599280646,
-0.1153259049922742,
0.40401773672595326,
0.1081268787365696
],
[
0.27066181825172275,
-0.8959411703539444,
0.352181202515802,
0.8236399123525323
],
[
0.3213605079846,
0.4289398033553401,
0.8442381589370158,
1.1559307115303123
],
[
0.0,
0.0,
0.0,
1.0
]
],
"at_element": 82,
"to_element": 4
},
{
"pose": [
[
0.7255241512081128,
0.6737500816337303,
0.14026950314408831,
0.07649871223361451
],
[
0.6577244396146023,
-0.7388223960908482,
0.1467652157980061,
0.7483298981526905
],
[
0.20251732653628673,
-0.014223028268259691,
-0.9791753867001944,
1.03864570135595
],
[
0.0,
0.0,
0.0,
1.0
]
],
"at_element": 80,
"to_element": 82
},
{
"pose": [
[
0.6187329762582411,
-0.67375008163373,
0.40401773672595265,
0.05224411799656871
],
[
0.5745518841924554,
0.7388223960908484,
0.35218120251580265,
0.7749270562368467
],
[
-0.5357794662559572,
0.014223028268258525,
0.8442381589370158,
1.0391577217458134
],
[
0.0,
0.0,
0.0,
1.0
]
],
"at_element": 82,
"to_element": 80
},
{
"pose": [
[
-0.3012025255574715,
-0.9522821758913992,
-0.04935277172907804,
-0.024449341640342907
],
[
-0.7395375246399766,
0.200612983886994,
0.6425252371271749,
1.7766270039071967
],
[
-0.6019645240769395,
0.2300284507957627,
-0.7646735405238791,
1.021949457190886
],
[
0.0,
0.0,
0.0,
1.0
]
],
"at_element": 3,
"to_element": 21
},
{
"pose": [
[
0.06519096561612736,
0.9522821758913994,
-0.29817577950192187,
0.009832218572665183
],
[
0.8699460457285283,
-0.20061298388699345,
-0.450497844853063,
1.76940506249031
],
[
-0.4888190007797717,
-0.23002845079576295,
-0.8415122674692075,
1.0136685774408494
],
[
0.0,
0.0,
0.0,
1.0
]
],
"at_element": 21,
"to_element": 3
},
{
"pose": [
[
-0.4355072021575903,
0.898831341682924,
-0.049352771729077316,
-0.016256838396163105
],
[
0.675146888832506,
0.362405847296172,
0.6425252371271744,
1.6699685548432217
],
[
0.5954075540070478,
0.24650399804875062,
-0.76467354052388,
1.148884383882945
],
[
0.0,
0.0,
0.0,
1.0
]
],
"at_element": 3,
"to_element": 22
},
{
"pose": [
[
0.27187153791878016,
-0.898831341682924,
0.3437849416105249,
-0.048614236332150854
],
[
-0.9021461046404012,
-0.36240584729617176,
-0.23408205340797478,
1.6569221581818248
],
[
0.3349899591806111,
-0.24650399804875073,
-0.9094050286831239,
1.1400103854053873
],
[
0.0,
0.0,
0.0,
1.0
]
],
"at_element": 22,
"to_element": 3
},
{
"pose": [
[
-0.06056595241802154,
0.9491642472472305,
0.30889965547940684,
0.34107258265579715
],
[
0.9256588338870054,
0.1692019728700409,
-0.3384175167213355,
0.6630699679810158
],
[
-0.373480238640075,
0.2654391156639961,
-0.8888501489119909,
0.5474737932415946
],
[
0.0,
0.0,
0.0,
1.0
]
],
"at_element": 5,
"to_element": 7
},
{
"pose": [
[
0.31416064725575443,
-0.949164247247231,
-0.019756504332565095,
0.3069032382052426
],
[
-0.45626662120051176,
-0.16920197287003957,
0.8736083005301376,
0.6569787982920211
],
[
-0.8325406044717063,
-0.265439115663995,
-0.48622856536962367,
0.5379181440480245
],
[
0.0,
0.0,
0.0,
1.0
]
],
"at_element": 7,
"to_element": 5
},
{
"pose": [
[
-0.38593888599472037,
-0.9223127760221645,
-0.019756504332563485,
0.31019965306444675
],
[
-0.4552936192979531,
0.17180296118348615,
0.873608300530138,
0.5112153912380211
],
[
-0.8023458708709883,
0.34615442466459106,
-0.48622856536962233,
0.6190464165841776
],
[
0.0,
0.0,
0.0,
1.0
]
],
"at_element": 7,
"to_element": 8
},
{
"pose": [
[
0.014969915328638339,
0.922312776022164,
-0.3861541723474482,
0.34340236172970606
],
[
0.91095372820814,
-0.1718029611834866,
-0.3750293956375621,
0.5050305873230126
],
[
-0.4122368332630445,
-0.346154424664592,
-0.8427561376735158,
0.6065850641947007
],
[
0.0,
0.0,
0.0,
1.0
]
],
"at_element": 8,
"to_element": 7
},
{
"pose": [
[
-0.1818268775134526,
0.9831320700446433,
-0.019756504332563984,
0.3074115817092682
],
[
0.47507409544720347,
0.10541888388644893,
0.8736083005301385,
0.6345004743354229
],
[
0.8609550455446147,
0.14945966603023736,
-0.4862285653696219,
0.5504290178603474
],
[
0.0,
0.0,
0.0,
1.0
]
],
"at_element": 7,
"to_element": 9
},
{
"pose": [
[
-0.043648032462414,
-0.9831320700446431,
0.177612449203019,
0.27201932137790297
],
[
-0.6583350634448932,
-0.10541888388644916,
-0.7453065162462646,
0.6307054475063401
],
[
0.7514584442942726,
-0.14945966603023803,
-0.642628986841522,
0.5450485450120343
],
[
0.0,
0.0,
0.0,
1.0
]
],
"at_element": 9,
"to_element": 7
},
{
"pose": [
[
-0.0165950078109538,
0.9996670877108595,
-0.01975650433256443,
0.3139499085933943
],
[
0.4859699567935878,
0.025332554922115613,
0.873608300530138,
0.34538370846418953
],
[
0.8738179483220703,
0.0048964690141232725,
-0.4862285653696221,
0.711344190264922
],
[
0.0,
0.0,
0.0,
1.0
]
],
"at_element": 7,
"to_element": 94
},
{
"pose": [
[
-0.02226659856876201,
-0.9996670877108598,
-0.013035042610818448,
0.27796241798740406
],
[
0.9429093657965357,
-0.02533255492211528,
0.3320846120408064,
0.3444717497796509
],
[
-0.33230426792527434,
-0.00489646901412194,
0.9431595295122884,
0.7111679199497196
],
[
0.0,
0.0,
0.0,
1.0
]
],
"at_element": 94,
"to_element": 7
},
{
"pose": [
[
-0.7902723969760213,
-0.3694587419830894,
-0.488845350341033,
-0.43299897151857825
],
[
-0.15068239052941307,
0.8904579949555912,
-0.4293941969845539,
0.707959661880872
],
[
0.5939396903407919,
-0.26567799531000186,
-0.7593753005240185,
0.9653111087423625
],
[
0.0,
0.0,
0.0,
1.0
]
],
"at_element": 6,
"to_element": 15
},
{
"pose": [
[
-0.888668316324825,
0.36945874198308765,
-0.2716042369564127,
-0.4196986803000996
],
[
-0.422142360280309,
-0.8904579949555915,
0.1699423045525673,
0.6759037127181531
],
[
-0.17906549421195236,
0.265677995310003,
0.9472859925020993,
0.9748753558596396
],
[
0.0,
0.0,
0.0,
1.0
]
],
"at_element": 15,
"to_element": 6
},
{
"pose": [
[
0.6439695320617154,
-0.7152163170982184,
-0.2716042369564142,
-0.3989126314899653
],
[
0.7635654895245725,
0.6229665772177991,
0.16994230455257378,
0.6628979176800465
],
[
0.04765485267331379,
-0.3168252884887829,
0.9472859925020977,
0.9023789430718484
],
[
0.0,
0.0,
0.0,
1.0
]
],
"at_element": 15,
"to_element": 20
},
{
"pose": [
[
0.17966577231371883,
0.7152163170982179,
-0.675415301881277,
-0.373165266079363
],
[
-0.2742004852944523,
-0.6229665772177997,
-0.7326163645004298,
0.6404714884742707
],
[
-0.9447403368773888,
0.3168252884887839,
0.08418689001737212,
