{
"line_pt_pairs": [
[
[
0.539620528136668,
-0.4713301748872607,
-0.7056165857495362
],
[
0.8895720494283466,
0.9863692471817795,
-0.7570590550256733
]
],
[
[
0.4253037617430758,
-0.16863325989992528,
-0.16160991187386917
],
[
-0.31110779623922297,
0.4969820907870627,
-0.040555287014175045
]
],
[
[
-0.43977598310436894,
-0.2653740849882912,
0.28192513947101894
],
[
0.3936151220343796,
-0.34512131356409653,
0.8288251718444808
]
],
[
[
-0.7212080300153885,
0.3655266363883108,
0.8346522390399214
],
[
-0.7420910741851621,
-0.3663328555983004,
0.15351672942725775
]
],
[
[
-0.4715663879870494,
0.1724628024338181,
0.8596009937379687
],
[
-1.2184697573464713,
-0.034190650302182546,
0.22759647847574938
]
],
[
[
-0.1099497212942625,
0.5029823065654698,
-0.4333581036963914
],
[
-0.6523689254312447,
0.13604184102686734,
0.9161366542533079
]
],
[
[
0.3615232962485928,
-0.18715585232957505,
0.8516838812845282
],
[
0.16924646400986637,
-1.3973478828350323,
-0.013454760255265152
]
],
[
[
0.18019213591254535,
0.10381860357377973,
-0.23799123458033872
],
[
-0.19264645172236222,
-0.311434935748378,
0.5918014417255133
]
],
[
[
-0.485111845519995,
-0.2272545384653818,
0.4433202131028571
],
[
0.28139584974805587,
0.2626146888562773,
0.0279961309475584
]
],
[
[
0.4774758464699149,
-0.00563463789549902,
-0.2636841229577644
],
[
-0.10490660943044505,
-0.7077583157588281,
0.14601456637762716
]
],
[
[
0.5450216060260712,
0.7546611090163823,
-0.08321718783399287
],
[
0.6828242839546906,
-0.014801423288969717,
-0.7068659939211499
]
],
[
[
-0.018923599672072435,
0.6126562895197672,
-0.7184125682609706
],
[
0.7608562338225197,
0.44329382822668906,
-0.1157022166160887
]
],
[
[
-0.7292515585746081,
0.35704175954770506,
-0.3949994813355835
],
[
-0.09974752185437463,
0.5470122726793282,
-1.1484156159474186
]
],
[
[
0.5868969835916286,
0.01275942286375989,
-1.1019489245716516
],
[
0.5074685746965614,
-0.5882078183593163,
-0.30663169048381744
]
],
[
[
0.2847927871105134,
0.23712165363176907,
0.2660292941001044
],
[
0.30159516009764936,
-0.5767521632218766,
-0.31476937196420357
]
],
[
[
0.39281607471175584,
0.13763138143187012,
0.16859324924550315
],
[
-0.9098694026724161,
0.3637990253925457,
-0.5398266430765921
]
],
[
[
0.2662620646316952,
-0.07723974436184926,
0.3550919427711339
],
[
0.5607086289201662,
-0.046851588855271825,
-1.1154106178467063
]
],
[
[
-0.1721069844239123,
0.392159214544259,
0.15487474738545792
],
[
-0.10443271125566839,
0.5241299942837947,
-1.3377752136054266
]
],
[
[
-0.39239777254467034,
0.440608542932584,
-0.02654867643864789
],
[
0.5097947790048504,
0.4928879783820516,
-0.45470222431329865
]
],
[
[
0.2379984115836485,
-0.09144328015092568,
0.27851134724237425
],
[
0.5879206314866978,
0.7741732740826208,
-0.07962608595187254
]
],
[
[
0.3404361064892454,
0.4847317149247866,
0.14036966251793923
],
[
1.2539456559459856,
1.0309088046041284,
-0.9166028488373694
]
],
[
[
0.23711352690949125,
-1.1364566838527577,
0.23512903622340614
],
[
0.5565984108541837,
-0.49987451099911706,
-0.4667915761935424
]
],
[
[
-1.026424312566032,
-0.02052692782177138,
0.4133032319873148
],
[
-0.35836419653050844,
0.2448899063778998,
-0.2818583215281448
]
],
[
[
-0.30733776225242704,
0.2973764232152081,
-0.14553434620882627
],
[
-0.8032006112966217,
-0.218266135717345,
0.5532022181380403
]
],
[
[
-0.8245597688561792,
-0.03728003041635913,
0.3601674962309079
],
[
0.03593081942826809,
-0.5462494055669069,
0.3376703267923585
]
],
[
[
-0.22487794181370255,
-0.7060450186778542,
0.6561238141921006
],
[
0.18939985714397975,
-0.12344135955333857,
-0.04312355381546179
]
],
[
[
-0.10475569247892555,
-0.4791553820664765,
0.05825341787659809
],
[
0.21339182378973331,
-1.4257480512116534,
0.1106411703832044
]
],
[
[
-1.223079136998345,
0.06058959079813061,
0.28875667117478326
],
[
-0.26757977785426057,
-0.22238127464316199,
0.37211411827250906
]
],
[
[
-0.22110567815900695,
-0.025317696626719094,
0.31701411720863465
],
[
-0.6434692141164897,
0.4135762760889057,
-0.47606918497808304
]
],
[
[
-0.047859002896852784,
-0.3584162491961442,
0.273459606171359
],
[
0.5510404249372537,
-0.5458866788867274,
-0.5051123643821718
]
],
[
[
-0.18564058463639807,
0.39633317113808647,
-0.5198925931176767
],
[
1.1883622694564213,
0.9397334095618204,
-0.7784121046169373
]
]
],
"contact_id_pairs": [
[
1,
7
],
[
1,
9
],
[
1,
16
],
[
9,
14
],
[
9,
16
],
[
14,
16
],
[
14,
19
],
[
16,
19
],
[
1,
5
],
[
1,
15
],
[
1,
17
],
[
1,
18
],
[
5,
17
],
[
5,
18
],
[
8,
15
],
[
17,
18
],
[
2,
24
],
[
24,
25
],
[
2,
6
],
[
2,
7
],
[
3,
4
],
[
4,
5
],
[
3,
23
],
[
3,
24
],
[
23,
24
],
[
4,
22
],
[
4,
27
],
[
22,
27
],
[
6,
21
],
[
6,
26
],
[
8,
27
],
[
8,
28
],
[
23,
27
],
[
23,
28
],
[
9,
26
],
[
9,
29
],
[
25,
29
],
[
10,
11
],
[
10,
19
],
[
10,
20
],
[
11,
18
],
[
19,
20
],
[
0,
10
],
[
0,
13
],
[
13,
16
],
[
11,
30
],
[
12,
17
],
[
17,
30
],
[
12,
15
],
[
12,
28
],
[
15,
22
],
[
15,
28
],
[
22,
28
],
[
13,
21
],
[
13,
29
],
[
14,
29
],
[
21,
29
],
[
0,
30
],
[
20,
30
]
],
"contact_t_pairs": [
[
0.3645449528018665,
0.12107933748005105
],
[
0.05980153599788481,
0.18731424911183467
],
[
0.11375672949130015,
0.3383324728299909
],
[
0.36123671268736274,
0.6254004933641532
],
[
0.11465848072061059,
0.39248593030612833
],
[
0.3734689337444863,
0.2033573931986128
],
[
0.14435861704266925,
0.2344310813253987
],
[
0.05518515770887451,
0.03095887215908721
],
[
0.8943552916817235,
0.2701085977582536
],
[
0.6058155029297769,
0.330109869095211
],
[
0.8312171421918159,
0.14231931104041015
],
[
0.9401984640021154,
0.12303315135302187
],
[
0.1077178944601479,
0.298092693963332
],
[
0.23881352879065973,
0.17282737115628677
],
[
0.8740527748295027,
0.15456196383915716
],
[
0.1977581969485963,
0.2583572741639235
],
[
0.08682517372214485,
0.513676333343103
],
[
0.8811397692278996,
0.41482651815126437
],
[
0.9131748262778548,
0.11172817448308875
],
[
0.3577649179118321,
0.8789206625199488
],
[
0.33589518967801535,
0.3629653898909728
],
[
0.1469004614880822,
0.8922821055398522
],
[
0.6384302642081778,
0.7986635938089324
],
[
0.6641048103219844,
0.11886023077210019
],
[
0.7553608392466187,
0.15017793443675587
],
[
0.7331965684863007,
0.02771547904969502
],
[
0.8530995385119177,
0.13011273509392943
],
[
0.11886753278922481,
0.28130030845839593
],
[
0.7541086758943486,
0.04194166152299561
],
[
0.8882718255169112,
0.8364780594744493
],
[
0.125947225170497,
0.8698872649060707
],
[
0.35391899306887464,
0.0007959766789982285
],
[
0.7241826234622716,
0.5765165887349603
],
[
0.20133640619106777,
0.4299192558130904
],
[
0.8853415192793891,
0.16352194052555072
],
[
0.5841931256749008,
0.35348178088685817
],
[
0.5851734818487359,
0.061073433028143005
],
[
0.32358159559697264,
0.753853157363441
],
[
0.0008710162650891314,
0.9690411278409128
],
[
0.14092448674084262,
0.27646870790125744
],
[
0.5377922739132305,
0.8769668486469784
],
[
0.7568123378735749,
0.1475234336634198
],
[
0.3184743845499305,
0.999128983734911
],
[
0.12258551214768702,
0.4940757365980004
],
[
0.09403642016617085,
0.9448148422911249
],
[
0.24614684263655895,
0.2669606665321286
],
[
0.9656888855228254,
0.8576806889595899
],
[
0.45768830823982115,
0.04172403916086162
],
[
0.03431111447717485,
0.8454380361608429
],
[
0.12548910044563125,
0.9992040233210018
],
[
0.591433884346239,
0.972284520950305
],
[
0.731883130034504,
0.8164640723736202
],
[
0.8295773392065138,
0.585798286907468
],
[
0.9059635798338268,
0.9065099472437251
],
[
0.8685951104238365,
0.9001210980987256
],
[
0.8556413829573307,
0.6194414681240686
],
[
0.9580583384770044,
0.9389265669718571
],
[
0.877414487852313,
0.7562701438191314
],
[
0.8524765663365798,
0.9582759608391381
]
],
"half_couplers": [
{
"pose": [
[
-0.30168877391829274,
0.6055426499940039,
-0.7364115579822987,
0.15684864509566976
],
[
-0.48324782319647774,
0.5687070830451328,
0.6656153506869881,
0.07401345670046057
],
[
0.8218609523925218,
0.5566779614216245,
0.1210546248596942,
-0.11748005936794431
],
[
0.0,
0.0,
0.0,
1.0
]
],
"at_element": 1,
"to_element": 7
},
{
"pose": [
[
-0.7030714662170889,
-0.6055426499940041,
-0.37283858763490774,
0.13504908673471278
],
[
0.7100258810597805,
-0.5687070830451335,
-0.415253539322158,
0.05353998014640654
],
[
0.03941778300001328,
-0.5566779614216245,
0.829792676305852,
-0.1375204870874277
],
[
0.0,
0.0,
0.0,
1.0
]
],
"at_element": 7,
"to_element": 1
},
{
"pose": [
[
-0.574225562934644,
0.35771919174469013,
-0.7364115579822992,
0.38126521944913894
],
[
-0.70957242210952,
0.2312210689177514,
0.6656153506869879,
-0.12882843954507264
],
[
0.40837725286066173,
0.9047506823131212,
0.12105462485969354,
-0.1543706593676117
],
[
0.0,
0.0,
0.0,
1.0
]
],
"at_element": 1,
"to_element": 9
},
{
"pose": [
[
-0.7299778454973764,
-0.3577191917446899,
-0.5823824559003599,
0.36838731404703284
],
[
0.6734680083509567,
-0.2312210689177523,
-0.702123677863329,
-0.13715240739810822
],
[
0.1165040205778522,
-0.904750682313121,
0.40969868933539133,
-0.18694172060280267
],
[
0.0,
0.0,
0.0,
1.0
]
],
"at_element": 9,
"to_element": 1
},
{
"pose": [
[
0.012787494076009098,
-0.6764129635550604,
-0.7364115579822986,
0.3415319913474166
],
[
0.19259625289373306,
-0.7210151789672188,
0.6656153506869881,
-0.09291503450656871
],
[
-0.9811947632180621,
-0.15034165900883723,
0.1210546248596942,
-0.14783913366003415
],
[
0.0,
0.0,
0.0,
1.0
]
],
"at_element": 1,
"to_element": 16
},
{
"pose": [
[
-0.7098821817524685,
0.6764129635550606,
0.19629770952564723,
0.3658828988437085
],
[
0.6926230532715993,
0.721015178967219,
0.020258770337718335,
-0.06695844456456661
],
[
-0.12783033328237225,
0.150341659008837,
-0.9803350404118931,
-0.14242682486553357
],
[
0.0,
0.0,
0.0,
1.0
]
],
"at_element": 16,
"to_element": 1
},
{
"pose": [
[
-0.21700460849940373,
-0.783415391059868,
-0.58238245590036,
0.26709792257367587
],
[
0.619974885995294,
0.35021919096302334,
-0.702123677863329,
-0.25926748718680886
],
[
0.7540160082021753,
-0.5134265705353781,
0.40969868933539144,
-0.11568591522992644
],
[
0.0,
0.0,
0.0,
1.0
]
],
"at_element": 9,
"to_element": 14
},
{
"pose": [
[
0.6212712815771513,
0.7834153910598676,
0.016802372987135328,
0.29530099946635674
],
[
0.4636333988414614,
-0.35021919096302256,
-0.813873816853645,
-0.2718754329646674
],
[
-0.6317167610299719,
0.5134265705353791,
-0.5807986660643092,
-0.09720247820175584
],
[
0.0,
0.0,
0.0,
1.0
]
],
"at_element": 14,
"to_element": 9
},
{
"pose": [
[
-0.1326525659132083,
0.8020186854532173,
-0.5823824559003604,
0.41070075887804164
],
[
-0.41514987408278936,
-0.5785092246738313,
-0.7021236778633284,
-0.08613907207727574
],
[
-0.900029932172084,
0.148637495778071,
0.40969868933539166,
-0.21670869368534296
],
[
0.0,
0.0,
0.0,
1.0
]
],
"at_element": 9,
"to_element": 16
},
{
"pose": [
[
-0.5641216512587319,
-0.802018685453217,
0.1962977095256473,
0.38182819834189896
],
[
-0.8154242203857365,
0.5785092246738314,
0.020258770337718182,
-0.06531282087756292
],
[
-0.12980794809808655,
-0.14863749577807167,
-0.9803350404118931,
-0.22205962275050295
],
[
0.0,
0.0,
0.0,
1.0
]
],
"at_element": 16,
"to_element": 9
},
{
"pose": [
[
-0.22495746060308663,
-0.9742237018164833,
0.016802372987136105,
0.29106795143439623
],
[
-0.5690647805291783,
0.11736560740419766,
-0.8138738168536459,
-0.06683493295111734
],
[
0.7909231419552023,
-0.19264862578703162,
-0.5807986660643079,
0.04911903556484734
],
[
0.0,
0.0,
0.0,
1.0
]
],
"at_element": 14,
"to_element": 16
},
{
"pose": [
[
0.11115479321186406,
0.9742237018164833,
0.1962977095256478,
0.3261399503816864
],
[
0.9928821160757441,
-0.11736560740419755,
0.02025877033771764,
-0.0710600882739176
],
[
0.04277517414319164,
0.1926486257870313,
-0.9803350404118931,
0.056054375352004804
],
[
0.0,
0.0,
0.0,
1.0
]
],
"at_element": 16,
"to_element": 14
},
{
"pose": [
[
-0.41103510013393874,
-0.9114646601596161,
0.016802372987135772,
0.28721835443797145
],
[
-0.5351494517330828,
0.2263282451437727,
-0.8138738168536457,
0.11963195498353811
],
[
0.7380143702988882,
-0.3435224864987095,
-0.5807986660643083,
0.18218600188683381
],
[
0.0,
0.0,
0.0,
1.0
]
],
"at_element": 14,
"to_element": 19
},
{
"pose": [
[
-0.2163021342896041,
0.9114646601596161,
0.3499222199030493,
0.32003105597530435
],
[
0.44663576489907486,
-0.22632824514377314,
0.8656165542335468,
0.11148414467121025
],
[
0.868176180400488,
0.3435224864987094,
-0.35813743319424685,
0.19455280151554424
],
[
0.0,
0.0,
0.0,
1.0
]
],
"at_element": 19,
"to_element": 14
},
{
"pose": [
[
0.2936456775005304,
0.9355423161569119,
0.19629770952564726,
0.28251114471879074
],
[
0.9526868415350107,
-0.30327770143953714,
0.020258770337718293,
-0.07556276920773698
],
[
0.07848565506702412,
0.18106134454739892,
-0.9803350404118931,
0.27394202705213455
],
[
0.0,
0.0,
0.0,
1.0
]
],
"at_element": 16,
"to_element": 19
},
{
"pose": [
[
0.048114599633405475,
-0.9355423161569119,
0.34992221990304934,
0.24883160885525102
],
[
-0.3984101113756937,
0.30327770143953703,
0.8656165542335466,
-0.06464476790961973
],
[
-0.9159445225862342,
-0.18106134454739897,
-0.35813743319424685,
0.2674238162327299
],
[
0.0,
0.0,
0.0,
1.0
]
],
"at_element": 19,
"to_element": 16
},
{
"pose": [
[
-0.21000680400240146,
0.6431136443450574,
-0.7364115579822982,
-0.23330981199397544
],
[
-0.39499898424385965,
0.633191919860129,
0.6656153506869886,
0.42666335121156845
],
[
0.8943561621183228,
0.4306655698811582,
0.1210546248596941,
-0.05334406754805582
],
[
0.0,
0.0,
0.0,
1.0
]
],
"at_element": 1,
"to_element": 5
},
{
"pose": [
[
-0.6750118675539933,
-0.6431136443450584,
-0.3616128027579885,
-0.25646181192085066
],
[
0.7343198449824798,
-0.6331919198601295,
-0.2446269770257363,
0.40386853195807715
],
[
-0.07164735812419698,
-0.43066556988115623,
0.8996631719664654,
-0.06884796694448425
],
[
0.0,
0.0,
0.0,
1.0
]
],
"at_element": 5,
"to_element": 1
},
{
"pose": [
[
0.5004806597870688,
0.4552110790053162,
-0.7364115579822984,
-0.020825776619271097
],
[
0.41558758967195164,
0.6198735034186369,
0.6656153506869886,
0.23460683853429218
],
[
0.75947749439319,
-0.6391711142646552,
0.12105462485969354,
-0.0882731434325181
],
[
0.0,
0.0,
0.0,
1.0
]
],
"at_element": 1,
"to_element": 15
},
{
"pose": [
[
0.19638059702946153,
-0.45521107900531654,
-0.8684569849227813,
-0.037213257699765634
],
[
-0.7700796744591987,
-0.6198735034186362,
0.1507784293071174,
0.21229155277330103
],
[
-0.6069694853080895,
0.6391711142646563,
-0.47227992821473075,
-0.0652631486733872
],
[
0.0,
0.0,
0.0,
1.0
]
],
"at_element": 15,
"to_element": 1
},
{
"pose": [
[
-0.025048069825209573,
-0.676069975274834,
-0.736411557982299,
-0.1868141489599933
],
[
0.15198594147534256,
-0.7306548285775523,
0.6656153506869881,
0.3846376296971162
],
[
-0.9880652143415867,
-0.09525182417252465,
0.12105462485969398,
-0.06098723254889187
],
[
0.0,
0.0,
0.0,
1.0
]
],
"at_element": 1,
"to_element": 17
},
{
"pose": [
[
-0.7354549059211641,
0.6760699752748338,
0.04511618211216215,
-0.16247562849144734
],
[
0.6770546134599427,
0.730654828577552,
0.08798051982635595,
0.41094120499425546
],
[
0.026516631556436028,
0.09525182417252602,
-0.9950999739939235,
-0.057558166687259854
],
[
0.0,
0.0,
0.0,
1.0
]
],
"at_element": 17,
"to_element": 1
},
{
"pose": [
[
-0.5470579535953402,
0.39802715067964545,
-0.7364115579823018,
-0.26706925394528624
],
[
-0.6911384416597027,
0.28157389685487366,
0.6656153506869854,
0.4571772704322102
],
[
0.47228725355261925,
0.873092508232549,
0.12105462485968943,
-0.04779453952043246
],
[
0.0,
0.0,
0.0,
1.0
]
],
"at_element": 1,
"to_element": 18
},
{
"pose": [
[
0.16620164635286994,
-0.3980271506796474,
0.9021925515495219,
-0.2813981798003092
],
[
-0.9581142944550194,
-0.2815738968548842,
0.052279435449472555,
0.4470406466268889
],
[
0.23322523772215575,
-0.8730925082325448,
-0.428153547874647,
-0.07922575669664308
],
[
0.0,
0.0,
0.0,
1.0
]
],
"at_element": 18,
"to_element": 1
},
{
"pose": [
[
0.8127659557588811,
-0.45677968654578605,
-0.3616128027579858,
-0.1683779758786474
],
[
0.3900555362442729,
0.8877017070820802,
-0.2446269770257432,
0.4634562522254251
],
[
0.4327449361974617,
0.05777540309417341,
0.8996631719664647,
-0.28799336978504286
],
[
0.0,
0.0,
0.0,
1.0
]
],
"at_element": 5,
"to_element": 17
},
{
"pose": [
[
0.8884350556291408,
0.4567796865457874,
0.04511618211216029,
-0.15193377802318006
],
[
0.45193484859506483,
-0.8877017070820796,
0.08798051982636668,
0.43149873980125875
],
[
0.08023742614641388,
-0.057775403094172284,
-0.9950999739939224,
-0.29007330063057724
],
[
0.0,
0.0,
0.0,
1.0
]
],
"at_element": 17,
"to_element": 5
},
{
"pose": [
[
-0.928565272795083,
-0.08368222655083549,
-0.3616128027579882,
-0.23948676551803644
],
[
0.18110950053952,
-0.9525528809077086,
-0.24462697702573702,
0.4153519591341087
],
[
-0.3239843869283188,
-0.2926436297511352,
0.8996631719664654,
-0.11108049846592649
],
[
0.0,
0.0,
0.0,
1.0
]
],
"at_element": 5,
"to_element": 18
},
{
"pose": [
[
-0.42313813925012744,
0.08368222655083762,
0.9021925515495205,
-0.23647420558358395
],
[
0.2998497452116845,
0.9525528809077073,
0.05227943544946925,
0.4496438603268503
],
[
-0.8550112545507386,
0.2926436297511388,
-0.42815354787465054,
-0.10054532856906115
],
[
0.0,
0.0,
0.0,
1.0
]
],
"at_element": 18,
"to_element": 5
},
{
"pose": [
[
-0.6153945296740075,
-0.18372676980279373,
0.7665076952680502,
0.18485633245721175
],
[
0.37522475638974057,
0.7869145584595179,
0.48986922732166166,
0.2009170189786988
],
[
-0.6931781553392798,
0.5890755059771992,
-0.41532408215529704,
0.08030504664150191
],
[
0.0,
0.0,
0.0,
1.0
]
],
"at_element": 8,
"to_element": 15
},
{
"pose": [
[
0.46046383071492436,
0.18372676980279576,
-0.8684569849227812,
0.19147044906250826
],
[
0.5983572034664101,
-0.7869145584595163,
0.1507784293071179,
0.17258829663930744
],
[
-0.6556994110590573,
-0.5890755059772006,
-0.47227992821472986,
0.05909847946547585
],
[
0.0,
0.0,
0.0,
1.0
]
],
"at_element": 15,
"to_element": 8
},
{
"pose": [
[
0.9988491559212443,
0.016275559192849808,
0.04511618211216262,
-0.15872384218235364
],
[
0.012255978146570628,
-0.9960467956530732,
0.08798051982635756,
0.4182575179954499
],
[
0.04636976078317165,
-0.08732632502404618,
-0.995099973993923,
-0.14030901757549202
],
[
0.0,
0.0,
0.0,
1.0
]
],
"at_element": 17,
"to_element": 18
},
{
"pose": [
[
-0.4310263403801744,
-0.01627555919285061,
0.9021925515495205,
-0.15930976415534115
],
[
0.07181672157882403,
0.9960467956530731,
0.05227943544946711,
0.4541153153701373
],
[
-0.8994768770791964,
0.08732632502404611,
-0.428153547874651,
-0.13716525999115559
],
[
0.0,
0.0,
0.0,
1.0
]
],
"at_element": 18,
"to_element": 17
},
{
"pose": [
[
0.3589410429457274,
0.42026252933689934,
0.8333911051387491,
-0.3674166556222068
],
[
-0.6743489745501057,
0.734093890492013,
-0.07974722857580371,
-0.2722981519632451
],
[
-0.6453020906616177,
-0.5333718837524642,
0.5469000323734614,
0.3294098297904914
],
[
0.0,
0.0,
0.0,
1.0
]
],
"at_element": 2,
"to_element": 24
},
{
"pose": [
[
0.2879849890345658,
-0.42026252933689806,
0.8604905882844472,
-0.3825461185899746
],
[
0.4495067686933774,
-0.7340938904920129,
-0.5089693751505481,
-0.29872555282762275
],
[
0.8455816406412805,
0.5333718837524656,
-0.022497169438549403,
0.34861123272311534
],
[
0.0,
0.0,
0.0,
1.0
]
],
"at_element": 24,
"to_element": 2
},
{
"pose": [
[
-0.3501552139455506,
-0.3700638777571128,
0.8604905882844471,
-0.06634729047244176
],
[
-0.6229121093926399,
-0.5940796908924528,
-0.5089693751505477,
-0.4857531881805811
],
[
0.699551163331716,
-0.7142282879083521,
-0.022497169438549403,
0.3403443455435435
],
[
0.0,
0.0,
0.0,
1.0
]
],
"at_element": 24,
"to_element": 25
},
{
"pose": [
[
-0.8315206742289378,
0.3700638777571128,
0.41427779895768213,
-0.05302452492471771
],
[
0.5546551155843201,
0.5940796908924517,
0.5826036591245147,
-0.4643655713010453
],
[
-0.030513457457284038,
0.7142282879083535,
-0.6992473680075635,
0.3660574631950877
],
[
0.0,
0.0,
0.0,
1.0
]
],
"at_element": 25,
"to_element": 24
},
{
"pose": [
[
-0.18216908918662833,
-0.5217985136243024,
0.8333911051387477,
0.32125579455221726
],
[
0.8946022658781323,
-0.43968985139549144,
-0.07974722857580768,
-0.3381972465891426
],
[
0.4080455965092944,
0.7310260910249917,
0.546900032373463,
0.7813404815250081
],
[
0.0,
0.0,
0.0,
1.0
]
],
"at_element": 2,
"to_element": 6
},
{
"pose": [
[
-0.8433830867900864,
0.5217985136243035,
-0.1281845548258172,
0.3400405567871688
],
[
0.39465829220037213,
0.439689851395491,
-0.8067946870036372,
-0.32236839867193223
],
[
-0.36462282061592227,
-0.7310260910249912,
-0.5767590943598639,
0.7550235201905079
],
[
0.0,
0.0,
0.0,
1.0
]
],
"at_element": 6,
"to_element": 2
},
{
"pose": [
[
-0.5279501823150325,
0.16348660761401618,
0.8333911051387486,
-0.14161788278595355
],
[
-0.4075788399120051,
-0.9096811907423734,
-0.07974722857580574,
-0.29390484567341035
],
[
0.7450826090102414,
-0.38177514369115023,
0.5469000323734616,
0.4775867846590889
],
[
0.0,
0.0,
0.0,
1.0
]
],
"at_element": 2,
"to_element": 7
},
{
"pose": [
[
0.9133802694941838,
-0.16348660761401615,
-0.3728385876349078,
-0.14750340254452962
],
[
-0.006680515695723699,
0.9096811907423727,
-0.4152535393221567,
-0.2611563123210048
],
[
0.40705264279792025,
0.3817751436911516,
0.8297926763058525,
0.49133069423260217
],
[
0.0,
0.0,
0.0,
1.0
]
],
"at_element": 7,
"to_element": 2
},
{
"pose": [
[
-0.9157437790243779,
0.40121967753882,
-0.020883044169773712,
-0.7282225440978489
],
[
0.28740603575158424,
0.6178830428185079,
-0.7318594919866114,
0.11969855350981207
],
[
-0.28073315050365977,
-0.6761976898459409,
-0.681135509612663,
0.6058620978421441
],
[
0.0,
0.0,
0.0,
1.0
]
],
"at_element": 3,
"to_element": 4
},
{
"pose": [
[
0.5302434603040271,
-0.40121967753882004,
-0.7469033693594218,
-0.7426664606574733
],
[
-0.7586269807155764,
-0.6178830428185078,
-0.2066534527360008,
0.0974547513891799
],
[
-0.37858549488217336,
0.676197689845941,
-0.6320045152622191,
0.630205228442962
],
[
0.0,
0.0,
0.0,
1.0
]
],
"at_element": 4,
"to_element": 3
},
{
"pose": [
[
0.5644316304766982,
0.3515000588292402,
-0.7469033693594218,
-0.581286837632952
],
[
0.3054031071141683,
-0.9295285324492744,
-0.2066534527360013,
0.142105314858794
],
[
-0.7669066935960516,
-0.11146486444498818,
-0.6320045152622193,
0.766759238783397
],
[
0.0,
0.0,
0.0,
1.0
]
],
"at_element": 4,
"to_element": 5
},
{
"pose": [
[
0.8635299007704089,
-0.3515000588292408,
-0.36161280275798846,
-0.5939406708468599
],
[
0.27592453583172233,
0.9295285324492736,
-0.24462697702573258,
0.17556789536691203
],
[
0.422115814678266,
0.11146486444498985,
0.8996631719664665,
0.7707719203419595
],
[
0.0,
0.0,
0.0,
1.0
]
],
"at_element": 5,
"to_element": 4
},
{
"pose": [
[
-0.4996520666203834,
-0.8659744284839959,
-0.0208830441697736,
-0.734540397422168
],
[
-0.5824635374742788,
0.3537201033331989,
-0.7318594919866113,
-0.10171461244396421
],
[
0.6411583578453373,
-0.3535114958664963,
-0.6811355096126634,
0.3997947156763367
],
[
0.0,
0.0,
0.0,
1.0
]
],
"at_element": 3,
"to_element": 23
},
{
"pose": [
[
-0.06487159740278248,
0.8659744284839966,
-0.4958628490441959,
-0.7033653673063998
],
[
-0.7803812144813836,
-0.3537201033331985,
-0.5156425589325541,
-0.11444851602269897
],
[
-0.6219299284766511,
0.35351149586649544,
0.698736564346865,
0.4125211093981485
],
[
0.0,
0.0,
0.0,
1.0
]
],
"at_element": 23,
"to_element": 3
},
{
"pose": [
[
0.9344756956824548,
-0.3554139454846917,
-0.020883044169773934,
-0.7350765601027016
],
[
-0.25647892613417095,
-0.6313479582909569,
-0.7318594919866125,
-0.12050477271980153
],
[
0.24692860228789743,
0.6892609686590737,
-0.6811355096126619,
0.3823068706250352
],
[
0.0,
0.0,
0.0,
1.0
]
],
"at_element": 3,
"to_element": 24
},
{
"pose": [
[
-0.36501626652642427,
0.3554139454846924,
0.8604905882844479,
-0.7222816589554696
],
[
-0.5851067686505628,
0.6313479582909558,
-0.5089693751505472,
-0.09777624780268489
],
[
-0.7241637897951042,
-0.6892609686590746,
-0.022497169438549847,
0.3574934774797229
],
[
0.0,
0.0,
0.0,
1.0
]
],
"at_element": 24,
"to_element": 3
},
{
"pose": [
[
0.7840561461669102,
0.3733309451353674,
-0.4958628490441949,
-0.6818931400576693
],
[
-0.6117510467436523,
0.5998944975789764,
-0.5156425589325547,
-0.09211977285135925
],
[
0.10496007081713704,
0.7076373345003787,
0.698736564346865,
0.3822638914485218
],
[
0.0,
0.0,
0.0,
1.0
]
],
"at_element": 23,
"to_element": 24
},
{
"pose": [
[
-0.3466698038165701,
-0.3733309451353669,
0.8604905882844476,
-0.695333069705352
],
[
-0.6173141557856348,
-0.5998944975789748,
-0.5089693751505475,
-0.1137159998680347
],
[
0.7062175870002461,
-0.7076373345003804,
-0.02249716943854918,
0.3567889177939528
],
[
0.0,
0.0,
0.0,
1.0
]
],
"at_element": 24,
"to_element": 23
},
{
"pose": [
[
-0.5864096547355435,
-0.3134630339808569,
-0.7469033693594215,
-1.0191933753922335
],
[
-0.24335902357540135,
0.9476659412032895,
-0.20665345273600125,
0.02094520002193651
],
[
0.7725931027891509,
0.0605820948036597,
-0.6320045152622189,
0.3962174518798617
],
[
0.0,
0.0,
0.0,
1.0
]
],
"at_element": 4,
"to_element": 22
},
{
"pose": [
[
0.6748604357125401,
0.3134630339808569,
0.6680601160355233,
-1.0079087064161125
],
[
0.17743496838759504,
-0.94766594120329,
0.2654168341996723,
-0.013170773114074014
],
[
0.7162961847610063,
-0.060582094803657754,
-0.6951615535154596,
0.3940364965147036
],
[
0.0,
0.0,
0.0,
1.0
]
],
"at_element": 22,
"to_element": 4
},
{
"pose": [
[
0.6042232720797109,
-0.27757808688156793,
-0.7469033693594214,
-1.1087493077005688
],
[
-0.6077156212351662,
-0.766795979501097,
-0.20665345273599667,
-0.0038331627271584387
],
[
-0.5153600306426989,
0.5787696705116134,
-0.6320045152622207,
0.3204382334303212
],
[
0.0,
0.0,
0.0,
1.0
]
],
"at_element": 4,
"to_element": 27
},
{
"pose": [
[
-0.09985679925983493,
0.2775780868815637,
0.9554993591440825,
-1.0987565019996113
],
[
-0.5761522499585983,
0.7667959795010973,
-0.2829708654412987,
0.02377147754366776
],
[
-0.8112195784799737,
-0.5787696705116153,
0.08335744709772663,
0.29960253660711594
],
[
0.0,
0.0,
0.0,
1.0
]
],
"at_element": 27,
"to_element": 4
},
{
"pose": [
[
-0.7160766117655135,
0.20231156033461117,
0.6680601160355235,
-0.947013654818006
],
[
0.48331587748922633,
0.8342419713070324,
0.2654168341996711,
0.01102251642027028
],
[
-0.5036268942870716,
0.512942848536493,
-0.6951615535154596,
0.3306710932310074
],
[
0.0,
0.0,
0.0,
1.0
]
],
"at_element": 22,
"to_element": 27
},
{
"pose": [
[
-0.2146881627622217,
-0.2023115603346122,
0.9554993591440847,
-0.9542968725393143
],
[
-0.4732523878663104,
-0.8342419713070317,
-0.2829708654412913,
-0.019010200935244248
],
[
0.8543659462716297,
-0.512942848536494,
0.0833574470977263,
0.31220514675567795
],
[
0.0,
0.0,
0.0,
1.0
]
],
"at_element": 27,
"to_element": 22
},
{
"pose": [
[
-0.3037176947835558,
-0.9440997202517698,
-0.12818455482581798,
0.21652566888388702
],
[
-0.5216799040692743,
0.27736692433124577,
-0.8067946870036379,
-1.0997721620319385
],
[
0.7972487940195556,
-0.17816651623566993,
-0.5767590943598628,
0.19927532584791915
],
[
0.0,
0.0,
0.0,
1.0
]
],
"at_element": 6,
"to_element": 21
},
{
"pose": [
[
0.08127193335572747,
0.9440997202517694,
0.31948488394469166,
0.25051325377361305
],
[
0.7196045625841747,
-0.27736692433124666,
0.6365821728536414,
-1.109757369827357
],
[
0.6896115909384507,
0.17816651623567029,
-0.7019206124169484,
0.2056893194814007
],
[
0.0,
0.0,
0.0,
1.0
]
],
"at_element": 21,
"to_element": 6
},
{
"pose": [
[
-0.5642437057723819,
0.8155965671827937,
-0.1281845548258184,
0.19072920347129038
],
[
0.5375893223304801,
0.24511232841078323,
-0.8067946870036391,
-1.262135336492675
],
[
-0.6265993624418283,
-0.5241394719544479,
-0.5767590943598615,
0.0832056008387553
],
[
0.0,
0.0,
0.0,
1.0
]
],
"at_element": 6,
"to_element": 26
},
{
"pose": [
[
0.4833056977646033,
-0.8155965671827916,
0.31814751626865767,
0.161367724556098
],
[
0.20948094228748632,
-0.24511232841078456,
-0.9465926691451768,
-1.2709593810657733
],
[
0.8500196099659211,
0.5241394719544498,
0.05238775250660954,
0.10207462343355185
],
[
0.0,
0.0,
0.0,
1.0
]
],
"at_element": 26,
"to_element": 6
},
{
"pose": [
[
-0.6355385131007325,
0.09250271055796638,
0.7665076952680512,
-0.38857232822915105
],
[
0.6717064156671468,
0.5557325177411127,
0.4898692273216577,
-0.16555686858780344
],
[
-0.38065902001306173,
0.8261988969155992,
-0.41532408215530037,
0.3910112974089137
],
[
0.0,
0.0,
0.0,
1.0
]
],
"at_element": 8,
"to_element": 27
},
{
"pose": [
[
-0.2801146608349385,
-0.09250271055796788,
0.9554993591440845,
-0.391902412852994
],
[
-0.7817217267266717,
-0.5557325177411134,
-0.2829708654412917,
-0.1855631613886992
],
[
0.557177636619416,
-0.8261988969155984,
0.0833574470977263,
0.36126825284017644
],
[
0.0,
0.0,
0.0,
1.0
]
],
"at_element": 27,
"to_element": 8
},
{
"pose": [
[
0.6064332702502382,
0.2114347223813105,
0.7665076952680514,
-0.21383021383118261
],
[
-0.33916691934616944,
-0.8031151479984115,
0.48986922732165855,
-0.05388051479627254
],
[
0.7191693052090242,
-0.5570470511788281,
-0.41532408215529926,
0.2963291321491992
],
[
0.0,
0.0,
0.0,
1.0
]
],
"at_element": 8,
"to_element": 28
},
{
"pose": [
[
-0.8814218068921549,
-0.21143472238131006,
-0.4223635359574829,
-0.22144186968368834
],
[
-0.4029617100536799,
0.8031151479984118,
0.4388939727156244,
-0.02496834725988457
],
[
0.24640912841366805,
0.5570470511788278,
-0.7930833021867181,
0.3163828413955911
],
[
0.0,
0.0,
0.0,
1.0
]
],
"at_element": 28,
"to_element": 8
},
{
"pose": [
[
0.8534039822572954,
0.16069125055572925,
-0.49586284904419453,
-0.6664330211507282
],
[
-0.43824057776636255,
0.7362458471302189,
-0.5156425589325527,
-0.07604295788136718
],
[
0.2822177157203186,
0.6573586346723851,
0.6987365643468668,
0.36047853206890185
],
[
0.0,
0.0,
0.0,
1.0
]
],
"at_element": 23,
"to_element": 27
},
{
"pose": [
[
-0.2473849160116286,
-0.16069125055572864,
0.955499359144084,
-0.6722179059261567
],
[
-0.6147109417400268,
-0.7362458471302196,
-0.28297086544129335,
-0.10254780725746285
],
[
0.7489533773440163,
-0.6573586346723843,
0.08335744709772541,
0.3368136222212191
],
[
0.0,
0.0,
0.0,
1.0
]
],
"at_element": 27,
"to_element": 23
},
{
"pose": [
[
0.859417398112897,
-0.12458639877062336,
-0.4958628490441944,
-0.4071730062426492
],
[
-0.17595293494001787,
0.8385423758543633,
-0.5156425589325551,
0.19355880352056198
],
[
0.4800440610057083,
0.5304007099711376,
0.6987365643468653,
-0.004853237468934388
],
[
0.0,
0.0,
0.0,
1.0
]
],
"at_element": 23,
"to_element": 28
},
{
"pose": [
[
0.8978236311964946,
0.12458639877062411,
-0.4223635359574829,
-0.40268789522043336
],
[
0.32282931188232733,
-0.8385423758543629,
0.43889397271562564,
0.1633712735040331
],
[
-0.29948950341326486,
-0.530400709971139,
-0.7930833021867176,
-0.02394766586526731
],
[
0.0,
0.0,
0.0,
1.0
]
],
"at_element": 28,
"to_element": 23
},
{
"pose": [
[
0.7045233781312538,
0.4055582383899901,
-0.5823824559003595,
-0.03813152183857159
],
[
-0.687376485217305,
0.18583839364883215,
-0.7021236778633275,
-0.6272538815770512
],
[
-0.17652302183236745,
0.8949785509832229,
0.40969868933539433,
0.09903913710520562
],
[
0.0,
0.0,
0.0,
1.0
]
],
"at_element": 9,
"to_element": 26
},
{
"pose": [
[
-0.8569157911755914,
-0.4055582383899915,
0.3181475162686595,
-0.05273159324529024
],
[
-0.26348891848924527,
-0.18583839364883237,
-0.9465926691451764,
-0.6339440522123565
],
[
0.44302247873813133,
-0.8949785509832223,
0.05238775250660799,
0.06681996482625063
],
[
0.0,
0.0,
0.0,
1.0
]
],
"at_element": 26,
"to_element": 9
},
{
"pose": [
[
-0.3395932396895551,
-0.7385845290937358,
-0.5823824559003619,
0.1372520192192586
],
[
0.6680354561318396,
0.2464771192918317,
-0.7021236778633273,
-0.41581046387683435
],
[
0.6621216360366708,
-0.6274885839989319,
0.40969868933539155,
-0.024340965050011848
],
[
0.0,
0.0,
0.0,
1.0
]
],
"at_element": 9,
"to_element": 29
},
{
"pose": [
[
0.3095357309316139,
0.7385845290937336,
0.598899427834106,
0.16384103342606757
],
[
0.9508437661662557,
-0.24647711929183136,
-0.187470429690582,
-0.42468363054679603
],
[
0.009152246686058019,
0.6274885839989349,
-0.7785719705535317,
-0.0017514005284935685
],
[
0.0,
0.0,
0.0,
1.0
]
],
"at_element": 29,
"to_element": 9
},
{
"pose": [
[
-0.43255313853526633,
0.8007944103414244,
0.414277798957682,
0.017546440254995008
],
[
0.8019981096520015,
0.1318029153294501,
0.5826036591245153,
-0.36512080693014737
],
[
0.411942732012482,
0.5842570529112922,
-0.6992473680075635,
0.246942797181551
],
[
0.0,
0.0,
0.0,
1.0
]
],
"at_element": 25,
"to_element": 29
},
{
"pose": [
[
-0.00691286524628465,
-0.8007944103414235,
0.598899427834105,
-0.01128215880043331
],
[
-0.9733872967643891,
-0.1318029153294502,
-0.18747042969058497,
-0.3698657119286092
],
[
0.2290619627782001,
-0.5842570529112929,
-0.7785719705535312,
0.2259095430701686
],
[
0.0,
0.0,
0.0,
1.0
]
],
"at_element": 29,
"to_element": 25
},
{
"pose": [
[
-0.8065398589500115,
0.5748946667700062,
0.13780267792861917,
0.5896120164277496
],
[
0.27829645949236925,
0.5748725876333352,
-0.7694625323053523,
0.5056771950609295
],
[
-0.5215788881453192,
-0.5822522048967758,
-0.6236488060871563,
-0.28501846359982214
],
[
0.0,
0.0,
0.0,
1.0
]
],
"at_element": 10,
"to_element": 11
},
{
"pose": [
[
-0.24786999292885104,
-0.5748946667700069,
0.7797798334945925,
0.5689158898561641
],
[
0.8005234941539848,
-0.5748725876333349,
-0.16936246129307736,
0.4849818633351367
],
[
0.5456396264137591,
0.5822522048967755,
0.6027103516448815,
-0.2640574666978465
],
[
0.0,
0.0,
0.0,
1.0
]
],
"at_element": 11,
"to_element": 10
},
{
"pose": [
[
-0.4399641035414401,
-0.8873792929467526,
0.137802677928619,
0.5451416343999199
],
[
-0.611679729211347,
0.18378063078074658,
-0.7694625323053516,
0.7539908946353677
],
[
0.6574796547931429,
-0.42282699795442646,
-0.6236488060871577,
-0.0837603960877982
],
[
0.0,
0.0,
0.0,
1.0
]
],
"at_element": 10,
"to_element": 19
},
{
"pose": [
[
-0.30018732562758865,
0.8873792929467524,
0.34992221990304917,
0.5770874342150953
],
[
0.4657603040048307,
-0.1837806307807477,
0.8656165542335466,
0.7473747618413149
],
[
0.8324391321567504,
0.42282699795442635,
-0.3581374331942473,
-0.06853855494222821
],
[
0.0,
0.0,
0.0,
1.0
]
],
"at_element": 19,
"to_element": 10
},
{
"pose": [
[
-0.593306085839417,
-0.7930941372003781,
0.13780267792861825,
0.5644413776846755
],
[
-0.5683148877269315,
0.29145428417877595,
-0.7694625323053506,
0.6462249965849416
],
[
0.5700930423131262,
-0.5348421166776465,
-0.623648806087159,
-0.17110457573836477
],
[
0.0,
0.0,
0.0,
1.0
]
],
"at_element": 10,
"to_element": 20
},
{
"pose": [
[
0.010627103979180763,
0.7930941372003787,
0.6090063663044936,
0.5929929112830102
],
[
0.884574721983027,
-0.29145428417877817,
0.364118059786228,
0.6357325891937033
],
[
0.466277413016829,
0.5348421166776449,
-0.7046483409035393,
-0.15185016198361012
],
[
0.0,
0.0,
0.0,
1.0
]
],
"at_element": 20,
"to_element": 10
},
{
"pose": [
[
0.624392600938209,
0.04557730980175067,
0.779779833494592,
0.4004359701346645
],
[
0.1403028102989018,
0.9755160060844628,
-0.1693624612930765,
0.5215744663454213
],
[
-0.7684067941629933,
0.21515396976178178,
0.6027103516448822,
-0.3942795977388268
],
[
0.0,
0.0,
0.0,
1.0
]
],
"at_element": 11,
"to_element": 18
},
{
"pose": [
[
0.42891876708743015,
-0.04557730980175065,
0.9021925515495205,
0.3987951862604895
],
[
-0.21362439584958917,
-0.9755160060844634,
0.05227943544946893,
0.48645587468774676
],
[
0.8777205185809985,
-0.21515396976177875,
-0.42815354787465076,
-0.40202514405530354
],
[
0.0,
0.0,
0.0,
1.0
]
],
"at_element": 18,
"to_element": 11
},
{
"pose": [
[
-0.5373717016638371,
0.7673239825973348,
0.3499222199030486,
0.5028238649023864
],
[
0.4986317495957458,
-0.04554513510714475,
0.8656165542335461,
0.5636660079606328
],
[
0.6801455965791426,
0.6396401694695522,
-0.35813743319424907,
0.007468519146595083
],
[
0.0,
0.0,
0.0,
1.0
]
],
"at_element": 19,
"to_element": 20
},
{
"pose": [
[
0.20081123357910968,
-0.7673239825973345,
0.6090063663044923,
0.4752001719094273
],
[
-0.9302385066237507,
0.045545135107144086,
0.36411805978622624,
0.5653056345825767
],
[
-0.3071337970052306,
-0.639640169469552,
-0.7046483409035407,
-0.015558551645043883
],
[
0.0,
0.0,
0.0,
1.0
]
],
"at_element": 20,
"to_element": 19
},
{
"pose": [
[
0.41648248887484374,
-0.8786995921453791,
0.2333010141944526,
0.6510711235023472
],
[
-0.1317306757288148,
0.19558256035825516,
0.9717996147126935,
-0.007090248585033709
],
[
-0.8995495347854089,
-0.43547042247121,
-0.03429497951742433,
-0.7219996944919826
],
[
0.0,
0.0,
0.0,
1.0
]
],
"at_element": 0,
"to_element": 10
},
{
"pose": [
[
0.45705300427767404,
0.8786995921453784,
0.13780267792861756,
0.682704255580842
],
[
0.6080089419259791,
-0.19558256035825328,
-0.7694625323053499,
-0.014131208907955179
],
[
-0.6491746127343582,
0.43547042247121226,
-0.6236488060871599,
-0.7063227856673446
],
[
0.0,
0.0,
0.0,
1.0
]
],
"at_element": 10,
"to_element": 0
},
{
"pose": [
[
0.08691571907440354,
0.9685124132160721,
0.23330101419445204,
0.5825195146010707
],
[
0.014287057431693284,
-0.23537499619586622,
0.9717996147126935,
-0.29263734467554003
],
[
0.9961132153363508,
-0.08113147732031373,
-0.03429497951742455,
-0.7119226871918931
],
[
0.0,
0.0,
0.0,
1.0
]
],
"at_element": 0,
"to_element": 13
},
{
"pose": [
[
0.2359551510494715,
-0.9685124132160721,
-0.07942840889506536,
0.547653333959991
],
[
0.7638304695038802,
0.23537499619586688,
-0.6009672412230782,
-0.28416390951479975
],
[
0.6007396945022885,
0.08113147732031162,
0.795317234087833,
-0.7090019763106206
],
[
0.0,
0.0,
0.0,
1.0
]
],
"at_element": 13,
"to_element": 0
},
{
"pose": [
[
0.2240274118775426,
0.9713407468997931,
-0.07942840889506822,
0.5794278203596416
],
[
-0.7881903239075286,
0.13264383994467566,
-0.6009672412230774,
-0.04375338513799786
],
[
-0.5732082797953945,
0.19723783900885636,
0.7953172340878332,
-1.0271601389815712
],
[
0.0,
0.0,
0.0,
1.0
]
],
"at_element": 13,
"to_element": 16
},
{
"pose": [
[
0.13403120027493898,
-0.9713407468997918,
0.19629770952564293,
0.5444595488330705
],
[
-0.9909567063949539,
-0.13264383994467432,
0.020258770337713297,
-0.04852856400938412
],
[
0.006359512852719823,
-0.1972378390088626,
-0.9803350404118938,
-1.0342607021277062
],
[
0.0,
0.0,
0.0,
1.0
]
],
"at_element": 16,
"to_element": 13
},
{
"pose": [
[
0.5837158629759586,
-0.22631659812169866,
0.779779833494592,
0.17301674429428307
],
[
0.5447011936600024,
0.821350696310729,
-0.16936246129307778,
0.5709682544113196
],
[
-0.6021431731204803,
0.5236065613459234,
0.602710351644882,
-0.5700573181792128
],
[
0.0,
0.0,
0.0,
1.0
]
],
"at_element": 11,
"to_element": 30
},
{
"pose": [
[
0.3312420740369555,
0.22631659812169952,
0.9160019027285463,
0.181164133109268
],
[
-0.4406197688802865,
-0.8213506963107287,
0.36226682561582185,
0.541399660981404
],
[
0.8343457962137636,
-0.5236065613459236,
-0.1723463409995074,
-0.5889071342190796
],
[
0.0,
0.0,
0.0,
1.0
]
],
"at_element": 30,
"to_element": 11
},
{
"pose": [
[
-0.7502022597328368,
-0.202289983055701,
0.6295040367202341,
-0.12134650692212609
],
[
-0.10384526112893976,
0.9762824211679589,
0.1899705131316185,
0.5404941726559814
],
[
-0.6530028569867118,
0.07714529715901236,
-0.753416134611836,
-1.1225650687038016
],
[
0.0,
0.0,
0.0,
1.0
]
],
"at_element": 12,
"to_element": 17
},
{
"pose": [
[
0.978285895261169,
0.20228998305569937,
0.04511618211216275,
-0.11406406718813336
],
[
0.19781825560223484,
-0.9762824211679597,
0.08798051982635594,
0.5053480038337983
],
[
0.061843713371222,
-0.07714529715900886,
-0.9950999739939235,
-1.125342299532709
],
[
0.0,
0.0,
0.0,
1.0
]
],
"at_element": 17,
"to_element": 12
},
{
"pose": [
[
-0.9333366366080855,
-0.356156219764205,
0.04511618211216318,
-0.14113326082617922
],
[
-0.35142161789014914,
0.9320741787060484,
0.08798051982635413,
0.45256069746033717
],
[
-0.07338643774279097,
0.06626064075087734,
-0.9950999739939232,
-0.5282936880546951
],
[
0.0,
0.0,
0.0,
1.0
]
],
"at_element": 17,
"to_element": 30
},
{
"pose": [
[
0.1846436062281981,
0.3561562197642054,
0.9160019027285463,
-0.12831163574509363
],
[
0.0006873482967630629,
-0.932074178706048,
0.362266825615822,
0.41900602396609987
],
[
0.9828053043361972,
-0.0662606407508749,
-0.17234634099950696,
-0.5306790713393186
],
[
0.0,
0.0,
0.0,
1.0
]
],
"at_element": 30,
