{
"line_pt_pairs": [
[
[
0.7676917645860617,
1.4289968023866646,
-2.074830441084813
],
[
1.3931907706482887,
0.6511026537309166,
-2.014566962075421
]
],
[
[
0.4701551755657508,
-0.0432660153518777,
0.031381255844979875
],
[
0.03318616293766813,
-0.6440478873678933,
0.7007983338014437
]
],
[
[
-0.11088690648001644,
-0.7676486255926878,
1.3764650361700321
],
[
0.23066897742563128,
-0.5442813659830935,
0.4635320454725045
]
],
[
[
0.2979930736114504,
-0.6347384795862527,
0.9467171968464798
],
[
-0.28669318689677864,
-0.4105974587345729,
0.1670359930558083
]
],
[
[
-0.7522287000463044,
0.21357493328627186,
0.9116974984633888
],
[
-0.19994506856459798,
-0.1532102168230941,
0.16306444812655752
]
],
[
[
-0.467992058884856,
-0.24384811482471444,
0.3962166952980501
],
[
0.00799002381538233,
0.5693566367545555,
0.061344945284345476
]
],
[
[
-0.17967274876627298,
-0.6082771659737816,
0.4019272970675643
],
[
0.5462400519821516,
0.017199047501040232,
0.11586766676860502
]
],
[
[
-0.15905001713562505,
-0.36383541768864647,
0.5801847549587604
],
[
0.547201173780612,
-0.5977109200319879,
-0.0880304085425227
]
],
[
[
-0.26436773282273124,
-0.09661610328500286,
0.42351251920793537
],
[
-0.5164127944237813,
0.3256656345992266,
-0.44720639110238836
]
],
[
[
-1.2177737658976802,
0.10747788698215294,
0.261556415613438
],
[
-0.2785727852512975,
-0.19666436450038635,
0.4209270804674364
]
],
[
[
-0.011827688595088308,
-0.7512032800473523,
0.24021820483669812
],
[
0.03647849472036081,
-1.6818424186037748,
0.6029540680215421
]
],
[
[
-0.11119747382453549,
-0.25794855855607934,
0.47305497621788123
],
[
0.16381737692461318,
-1.2023425908231629,
0.2928141825951771
]
],
[
[
0.05444031569630761,
-0.4125342942011765,
0.8247188537247538
],
[
-0.06695186130092237,
-1.1512232699329892,
0.16169356273189972
]
],
[
[
-0.5143816215828039,
-0.5843724786763549,
0.9133972677935973
],
[
0.06581959341066579,
-0.4695954335145415,
0.10705194473155777
]
],
[
[
-0.5071164069839331,
-0.9016957633532349,
1.0670907156848604
],
[
-0.2510111656904823,
-0.3636649374521953,
0.2640135489304639
]
],
[
[
-0.09920224120804402,
-1.0212092200145317,
1.4589855416140276
],
[
-0.5333948104595775,
-0.5748837082489131,
0.6765084810212515
]
],
[
[
0.24703763495313816,
-0.7173199320589941,
0.927152087913669
],
[
-0.5328424473308818,
-0.8818827450933195,
1.5310611355548678
]
],
[
[
1.1425315870717505,
0.7621159129894213,
-2.186493265923431
],
[
1.5731472647477762,
1.6623124946818524,
-2.1215605896434626
]
],
[
[
0.7693683293921323,
1.1491579662141826,
-2.095136607539125
],
[
1.6650962828829499,
1.5937587737035508,
-2.0963837302090886
]
],
[
[
-1.2990414784916766,
0.18523186625754157,
0.2775453498501441
],
[
-1.6821041493669204,
-0.4311847512993201,
0.9655086801096009
]
],
[
[
-0.7808517445831865,
-0.09157577059831401,
0.6704227406044307
],
[
-0.12276541065154173,
-0.843914177794574,
0.6402681696440898
]
],
[
[
-0.3887459469983761,
-0.2903009060121689,
0.35443786336616345
],
[
-0.9355441778435145,
-0.5014499463614562,
1.1646401698947253
]
],
[
[
-0.2932275921043018,
0.19127465969777713,
0.25650511655616315
],
[
-0.7204541615504312,
-0.573204387494046,
0.7392568589289632
]
],
[
[
-0.7353256236449495,
0.13535346498884016,
0.12130265633438281
],
[
-1.6045052029302074,
0.018765956073145393,
0.6018588046857856
]
],
[
[
-0.7069966081665565,
0.11730247533171265,
0.786397778216398
],
[
-0.11450092671194423,
0.39486285690114287,
0.030151057866043662
]
],
[
[
-0.3476519344107286,
0.14811130579767667,
0.7867668855154669
],
[
-1.0788565011470332,
-0.00839492011665531,
0.12280477602876927
]
],
[
[
-1.0067551711525582,
-0.08804029010952094,
1.4675836324524594
],
[
-0.5615468076059356,
-0.5370832640192541,
0.6928901959174381
]
],
[
[
-0.9280350781476298,
-0.10056535223638885,
1.2495267813195527
],
[
-0.5556630937081204,
0.08847364561942381,
0.3408995956739481
]
],
[
[
-0.5665725776720745,
0.14016565311522533,
0.8613679586161955
],
[
-1.1187287889299018,
-0.4624659161142165,
1.4375265393363492
]
],
[
[
-1.0242729890730484,
0.126058641315735,
0.337531357033076
],
[
-0.42958163091776247,
0.26231976470795637,
-0.45479123811823696
]
],
[
[
-0.05118429112463033,
0.5109732925353321,
-0.5629734298878515
],
[
0.43047564833332913,
0.9948186082829955,
-1.2936562702162657
]
],
[
[
0.3318383709254299,
0.8183867498171666,
-0.9401160945580878
],
[
0.829764311661067,
1.0132717606013528,
-1.7851543126962843
]
],
[
[
0.6626254344954646,
1.045653439064724,
-1.4849404907852648
],
[
1.08218283469067,
1.2250856848052196,
-2.3747582570329175
]
],
[
[
0.8409410490272874,
0.4286763159881265,
-0.9271719389354084
],
[
1.0895358883083204,
0.7555323159708427,
-1.8389645475686085
]
],
[
[
1.036358850899711,
0.5242719008407188,
-1.4110302261904553
],
[
1.2743239938462472,
0.944364425813566,
-2.2867555605301515
]
],
[
[
0.05980740599105524,
-1.0384832701610585,
0.4399383792083895
],
[
0.5304931520195035,
-0.3942191941191773,
-0.16287065258156663
]
],
[
[
0.6357009634623462,
-0.18516162384823748,
-0.5283432989518269
],
[
0.7187278075050513,
0.4992195823818484,
-1.2527250406649661
]
],
[
[
0.4525628104555366,
0.5506758874964983,
-0.05534611865413873
],
[
0.8676219593171921,
1.0079175948408938,
-0.8418929538845782
]
],
[
[
0.8745678041817355,
0.6968197629297039,
-0.6782565486280769
],
[
1.092818857282096,
1.2042535975093125,
-1.5118496036281877
]
],
[
[
1.2296194465259378,
1.0858409019956743,
-1.347182517131219
],
[
1.50359629728644,
1.4005930424916566,
-2.255955192391955
]
],
[
[
0.40479488744405495,
-0.21572305722794405,
0.26458723626867964
],
[
0.6445137617476846,
0.6618623903877615,
-0.1505978350377705
]
],
[
[
-0.20030769776601443,
0.4324771407401386,
0.11435533682220442
],
[
0.7454365779658444,
0.5715787404687682,
-0.17927454904324744
]
],
[
[
-0.023825751473455767,
0.2885686632010671,
0.13829257703125003
],
[
0.04506857906955893,
0.5162295056300099,
-0.8330076402257904
]
],
[
[
0.3477285464020609,
0.008537985449364354,
0.19065640307396042
],
[
0.5783791787303307,
0.00020719864205621767,
-0.7823445649613958
]
],
[
[
0.06250976146915892,
0.3778101542154408,
0.22306932538835925
],
[
-0.7557775568809446,
0.23223432692447288,
-0.33300040327518377
]
],
[
[
0.4014374362235651,
0.16777258678659876,
0.14094528793983574
],
[
0.4577601490500613,
-0.7642217608443846,
-0.21712493981410888
]
],
[
[
1.1331772031944778,
1.1837832318394792,
-1.2239469277408432
],
[
1.1654597700312643,
0.9626366449568754,
-2.1986530490864533
]
],
[
[
1.0100098387486849,
1.1612218342887386,
-2.294596741715234
],
[
1.1145790883187872,
1.1293234520665059,
-1.300590823596056
]
],
[
[
0.8259994519031151,
0.7710222229775682,
-0.6607513700506589
],
[
1.12664213782043,
0.562821546571799,
-1.5914857326636458
]
],
[
[
0.923777012611005,
0.8284881272723374,
-0.7773964776835672
],
[
0.6612603117005253,
0.9479358098167256,
-1.7349022128506486
]
],
[
[
0.48134074269835514,
1.0172588751177971,
-1.7323464789213878
],
[
1.4282994033009913,
1.1076221880723272,
-1.423957492766656
]
],
[
[
1.3745442918521542,
1.3724673263683318,
-1.4370855031386471
],
[
0.9005894796758008,
0.5694114420027072,
-1.7982891612051488
]
],
[
[
0.29457541548366883,
1.018379372792244,
-1.060259198971542
],
[
1.0037385887699162,
0.31437444037292683,
-1.0985299290906922
]
],
[
[
0.46289059549718636,
1.1254090923929039,
-1.6406333014128307
],
[
1.298376096462225,
0.5779947426255019,
-1.688607329239676
]
],
[
[
-0.5757970608106615,
-1.5792279052046108,
0.9810606280048249
],
[
0.23320816190378052,
-1.4182367026721738,
0.4157356043875115
]
],
[
[
0.607303089802532,
0.07666060622307477,
-0.7182070953438482
],
[
0.3909753789808804,
-0.6797720410500425,
-0.10094542338450185
]
],
[
[
-0.5056976785458324,
0.1912309753500939,
-0.09431835095652766
],
[
0.08911085357520498,
0.5666205003002022,
-0.8051527301713692
]
],
[
[
-0.16363450212445674,
0.6271820656048452,
-0.738304921810928
],
[
0.46719691093382304,
-0.14803362432257094,
-0.7052540157831861
]
],
[
[
1.0005959426620423,
1.0970747297898664,
-0.7556924655064072
],
[
0.2829952868970371,
-0.220088471704608,
-0.7442732065785365
]
],
[
[
1.0829683810963657,
0.9639748741292621,
-0.8355616450415095
],
[
-0.3578387548141041,
0.5762970257651675,
-0.6813517783103042
]
],
[
[
-0.159255976210565,
0.5665339320645723,
-0.827180038657706
],
[
0.6228930767698332,
0.48706159972601254,
-0.20917760556012
]
],
[
[
0.5617937677492123,
0.6031606919742623,
-0.12146826570658573
],
[
0.4844879512176969,
-0.16477591977544248,
-0.7573119344371778
]
],
[
[
-0.40629983693549326,
-0.6520505909300609,
1.099238280780469
],
[
-0.3611468084918177,
-1.6215507396495155,
0.8583427315162284
]
],
[
[
-0.6990466715949438,
-0.3798259608250368,
1.0656651698108455
],
[
-1.6419534784290746,
-0.2940630796923112,
0.7438399348685284
]
],
[
[
-0.8357448328346051,
-0.10833988284700172,
0.6232778540574035
],
[
-0.09720048629115235,
-0.736634873231133,
0.37874226718524884
]
],
[
[
-0.8843410686239499,
-0.15338284455750273,
1.04247025656869
],
[
-0.21188216550474204,
-0.8572049286177885,
0.8134866379302654
]
],
[
[
-0.15698019329938,
-0.9050816388488687,
1.259572022221173
],
[
-0.9197282454312619,
-0.2605110315836997,
1.3119565735586751
]
],
[
[
-0.27982253218697184,
-0.7050526335416856,
1.3719732119359092
],
[
-0.07593194527158437,
-1.6800591447758344,
1.2837069578049425
]
],
[
[
-0.039011286237641433,
-0.603289985362041,
1.0943711463874706
],
[
-0.13125052160119755,
-1.5916260065263577,
1.2155480118719106
]
],
[
[
-0.06891178474967541,
-1.5652745275723894,
1.3474201670061272
],
[
-0.013032698163084735,
-1.3096975729707447,
0.382247670527494
]
],
[
[
0.020330279656086983,
-1.5065132535855095,
1.453724321439345
],
[
-0.3619435990593446,
-1.4722788533487712,
0.5303096326389715
]
],
[
[
-0.7512980673474123,
-0.32815639685652376,
1.3428151234588108
],
[
-1.7131214235288506,
-0.055256430714083454,
1.3633441269253512
]
],
[
[
-0.6749421496581104,
0.007291834395973244,
1.0370248327753115
],
[
-1.6367538722895187,
-0.17684327421284596,
1.2395401951220262
]
],
[
[
-1.6611232601327004,
-0.09595508198562604,
1.5205296815647404
],
[
-1.4678183048606717,
-0.2215179185774237,
0.547458682955543
]
],
[
[
-1.5670848938457698,
-0.14135622596345987,
1.3990229579157116
],
[
-1.3784050942489767,
-0.02725517508680765,
0.4236354024215082
]
],
[
[
0.050435681326466336,
-0.5216796666963792,
0.4996326463786663
],
[
-0.2791936343347428,
-0.00850681943377668,
-0.29283069226175096
]
],
[
[
-0.5693162829161122,
-0.05206783095859622,
0.5383829938349567
],
[
0.021636751440215596,
-0.116515624153362,
-0.26574447935407297
]
],
[
[
-0.22540325105326858,
-0.04577700280774358,
-0.17201666033161395
],
[
0.6358151423663798,
-0.08873178588700874,
-0.6784332531149595
]
],
[
[
-0.1146766331447655,
-0.08225444681375266,
-0.025747068461519806
],
[
-0.09217714517108833,
0.5381452837387691,
-0.8097100442271363
]
],
[
[
-0.03814133956918302,
-0.19059933491574282,
-0.11115142498591205
],
[
0.49085926683435904,
0.6573295009507223,
-0.14543039420650572
]
],
[
[
0.9227446393194887,
1.11359403867656,
-0.7498808230881254
],
[
0.7076429400223749,
0.24425456965354364,
-1.1948304231084805
]
],
[
[
0.2634886080827654,
0.8872998844804864,
-1.3077817676826453
],
[
0.9920417240144546,
0.9391264355944573,
-0.6247558780811913
]
],
[
[
-0.5621769447300966,
-0.7336800781843021,
1.1797084188982134
],
[
0.17013389840478693,
-0.6637800141867525,
0.5023349546407074
]
],
[
[
-0.7751914585727961,
-0.6254633114014734,
1.0504667231880906
],
[
-0.6110099475844811,
0.22274010747650153,
0.5468841662490036
]
],
[
[
-0.3119063129293677,
-0.8174534245844294,
1.432148782146031
],
[
-0.3053570323294469,
-1.5889951708883538,
0.7960037981731048
]
],
[
[
-1.572963901750548,
-0.2631354823982826,
0.7093150925742621
],
[
-0.8291727699584966,
-0.33833151278581525,
1.3734839786879196
]
],
[
[
-1.0439771390654993,
0.046338936142711847,
0.22211586960995763
],
[
-0.7771225384829963,
-0.4552938353076448,
1.0450090490415211
]
],
[
[
-0.47500062607488697,
-0.7028152492437763,
0.9427013638196626
],
[
0.13584790768452631,
-1.086322835819552,
0.2500354993201922
]
],
[
[
0.03545479197775969,
-0.6765560662182233,
1.1278402280794488
],
[
-0.05592788892368397,
-1.3502601544041863,
0.3945108292464381
]
],
[
[
-0.674046983612842,
-0.0778882765410434,
1.068775631320759
],
[
-1.4360260224623314,
-0.06754500590141818,
0.421256549666416
]
],
[
[
0.030331279013552738,
0.607623166227069,
0.16001933734679727
],
[
-0.22498437568812088,
-0.28538585040950365,
-0.21058666998448916
]
],
[
[
-0.2784577392544721,
-0.15688905843895487,
-0.26763907057654857
],
[
0.5234708654633932,
-0.09255743721996375,
0.3263070174201602
]
]
],
"contact_id_pairs": [
[
1,
6
],
[
1,
45
],
[
6,
40
],
[
6,
91
],
[
40,
91
],
[
43,
45
],
[
1,
3
],
[
1,
12
],
[
2,
3
],
[
12,
82
],
[
2,
68
],
[
2,
88
],
[
16,
68
],
[
16,
88
],
[
3,
11
],
[
3,
13
],
[
6,
13
],
[
6,
75
],
[
7,
11
],
[
7,
75
],
[
4,
24
],
[
4,
25
],
[
25,
27
],
[
27,
83
],
[
4,
5
],
[
4,
8
],
[
4,
22
],
[
5,
8
],
[
5,
9
],
[
5,
76
],
[
22,
76
],
[
5,
41
],
[
5,
44
],
[
5,
90
],
[
24,
44
],
[
41,
90
],
[
42,
90
],
[
7,
35
],
[
35,
45
],
[
45,
55
],
[
8,
29
],
[
8,
56
],
[
29,
44
],
[
9,
23
],
[
9,
25
],
[
9,
86
],
[
23,
29
],
[
10,
12
],
[
10,
87
],
[
11,
35
],
[
11,
87
],
[
10,
54
],
[
10,
69
],
[
69,
88
],
[
13,
20
],
[
14,
20
],
[
14,
64
],
[
14,
87
],
[
15,
65
],
[
15,
82
],
[
15,
87
],
[
62,
82
],
[
15,
66
],
[
16,
66
],
[
16,
67
],
[
16,
84
],
[
0,
34
],
[
0,
46
],
[
17,
34
],
[
17,
18
],
[
17,
39
],
[
0,
18
],
[
0,
32
],
[
0,
47
],
[
32,
47
],
[
19,
23
],
[
19,
74
],
[
74,
89
],
[
19,
63
],
[
19,
73
],
[
19,
85
],
[
63,
85
],
[
20,
21
],
[
21,
22
],
[
21,
64
],
[
22,
64
],
[
21,
83
],
[
21,
86
],
[
26,
63
],
[
26,
65
],
[
26,
83
],
[
26,
28
],
[
28,
85
],
[
66,
71
],
[
66,
85
],
[
71,
85
],
[
27,
72
],
[
27,
89
],
[
28,
72
],
[
28,
89
],
[
30,
60
],
[
42,
56
],
[
56,
60
],
[
57,
59
],
[
57,
60
],
[
57,
78
],
[
60,
78
],
[
30,
81
],
[
31,
52
],
[
31,
81
],
[
31,
49
],
[
31,
53
],
[
32,
50
],
[
49,
53
],
[
50,
53
],
[
33,
52
],
[
36,
80
],
[
52,
80
],
[
33,
53
],
[
34,
48
],
[
34,
53
],
[
51,
53
],
[
36,
77
],
[
43,
55
],
[
43,
61
],
[
55,
77
],
[
57,
58
],
[
57,
61
],
[
37,
41
],
[
37,
79
],
[
40,
41
],
[
41,
61
],
[
60,
61
],
[
37,
80
],
[
37,
81
],
[
38,
48
],
[
38,
49
],
[
48,
58
],
[
49,
80
],
[
58,
81
],
[
59,
80
],
[
59,
81
],
[
38,
47
],
[
39,
50
],
[
39,
51
],
[
46,
47
],
[
46,
50
],
[
54,
62
],
[
54,
70
],
[
54,
84
],
[
67,
69
],
[
68,
70
],
[
69,
70
],
[
71,
73
],
[
71,
74
],
[
72,
73
],
[
72,
74
],
[
75,
77
],
[
75,
90
],
[
76,
78
],
[
76,
91
],
[
78,
90
],
[
79,
91
],
[
90,
91
]
],
"contact_t_pairs": [
[
0.22004966634982534,
0.736490516959536
],
[
0.05201416408417097,
0.25516497543678085
],
[
0.8684747697574349,
0.18935860055001086
],
[
0.760493755458157,
0.7919624585481082
],
[
0.11061961180521135,
0.8604805713784736
],
[
0.12333566694103006,
0.17311097039940207
],
[
0.8869586607054235,
0.3898217643406446
],
[
0.9479858359158291,
0.2530025691831676
],
[
0.7178019219364995,
0.27772869465253397
],
[
0.3284625247296994,
0.8158225801377649
],
[
0.2821980780635006,
0.10084682899981569
],
[
0.3212743018995398,
0.04913138986176501
],
[
0.3597011597153103,
0.1767530513453781
],
[
0.2564403355421374,
0.08843657801985627
],
[
0.6385248536188232,
0.23489605523739765
],
[
0.7222713053474659,
0.6663400893679656
],
[
0.13152523024256474,
0.6990516283058447
],
[
0.2506563444519049,
0.1861380743348393
],
[
0.1637445073867125,
0.15522130644856763
],
[
0.2621134034295856,
0.13253914513898823
],
[
0.21163199956372433,
0.07268604878998196
],
[
0.3801288569376017,
0.25989474417552694
],
[
0.39828887035362076,
0.8036597072150609
],
[
0.6601985085231578,
0.7681900587802754
],
[
0.7596692980978094,
0.2276252153446965
],
[
0.7883680004362758,
0.11092711487684312
],
[
0.6616440206108818,
0.28563353241079414
],
[
0.29147177725599255,
0.16302749555052887
],
[
0.09783958177500132,
0.846827947491339
],
[
0.20357288914465918,
0.28796802265180854
],
[
0.33647909656876857,
0.17514598754460095
],
[
0.8666501990656176,
0.14337723946901185
],
[
0.7565281527846557,
0.18497370551843698
],
[
0.9021604182249988,
0.14724436708076127
],
[
0.9273139512100183,
0.25725024124548274
],
[
0.1814013981153756,
0.1856210749361751
],
[
0.09986414972208067,
0.3206865309099564
],
[
0.8362554926132876,
0.7359304414253607
],
[
0.8727479917032641,
0.685397327368799
],
[
0.8268890296005981,
0.8960490214991386
],
[
0.889072885123157,
0.8847005998736502
],
[
0.7003407909616479,
0.10688917374958631
],
[
0.7176027143704695,
0.8150262944815635
],
[
0.15317205250866087,
0.38210649759045573
],
[
0.3372123278616559,
0.7401052558244728
],
[
0.21233918871337168,
0.06886955408913782
],
[
0.2508107550454222,
0.11529940012634979
],
[
0.22953186884125573,
0.7469974308168325
],
[
0.2993952841023166,
0.8285381120500623
],
[
0.7430033017690167,
0.12725200829673552
],
[
0.8447786935514328,
0.9302749637999053
],
[
0.7704681311587442,
0.7650552850165854
],
[
0.6196580983273445,
0.9172315985743311
],
[
0.9493359414949999,
0.9508686101382349
],
[
0.30094837169415545,
0.6350226129682985
],
[
0.5438850381107273,
0.6623470484018444
],
[
0.7307904192302165,
0.6673409697787283
],
[
0.26920958076978363,
0.10681283018564748
],
[
0.7443643090687897,
0.7255978784963821
],
[
0.615894414367886,
0.27959277964583135
],
[
0.7166197103613092,
0.06972503620009503
],
[
0.07637862190314156,
0.18417741986223524
],
[
0.25563569093121,
0.03925001758376718
],
[
0.603816354807482,
0.10968338514849955
],
[
0.6710775441359333,
0.12383965940157877
],
[
0.7435596644578626,
0.05260830345244055
],
[
0.7444052713388079,
0.7256961096029892
],
[
0.5829158095607543,
0.8411432824647801
],
[
0.1601111563256435,
0.8721255067329013
],
[
0.8398888436743569,
0.8223239153525178
],
[
0.6812937935048355,
0.8702021310256361
],
[
0.2555947286611924,
0.17767608464748283
],
[
0.31368600818594594,
0.6594765346933188
],
[
0.38296546917035607,
0.24206062032792164
],
[
0.8227266497943304,
0.07586152882169074
],
[
0.25828818668531156,
0.7491892449545773
],
[
0.3373980059698396,
0.9071929271593286
],
[
0.9537804766047191,
0.9323694510764667
],
[
0.7417118133146883,
0.9323086695261235
],
[
0.6082966767018273,
0.8390196410758559
],
[
0.6855475814029902,
0.03295191695497084
],
[
0.8191336506599513,
0.14061427270666632
],
[
0.33765295159815584,
0.3523413613669016
],
[
0.3283420357910565,
0.7143664675892062
],
[
0.23645738737566047,
0.3992265746009926
],
[
0.6534363481672806,
0.3326590302212721
],
[
0.6890947187651942,
0.23180994121972437
],
[
0.7635426126243394,
0.9311304459108618
],
[
0.5652358036370302,
0.0676913304738763
],
[
0.6307261965058106,
0.2744021215036182
],
[
0.689338636528448,
0.26453104468047917
],
[
0.310661363471552,
0.5988865721375394
],
[
0.7255043401500455,
0.8317533800263383
],
[
0.9607499824162316,
0.14408563782462805
],
[
0.9249235575080846,
0.9295488391766393
],
[
0.09655509495231072,
0.9670480830450288
],
[
0.19634029278493886,
0.19304021189763027
],
[
0.31619664778389184,
0.1731953443644658
],
[
0.27449565984995494,
0.04399342355119578
],
[
0.31305012154942813,
0.06763054892353358
],
[
0.14111775434553103,
0.23623732937304356
],
[
0.9001358502779192,
0.8931108262504137
],
[
0.8670815441047324,
0.20838451609467593
],
[
0.0017736887337665794,
0.8624930507575082
],
[
0.11018839243691134,
0.11008711056183201
],
[
0.14908145314997168,
0.9242050652063128
],
[
0.0683481964449811,
0.9945177183356549
],
[
0.858882245654469,
0.15424872960706293
],
[
0.17297871428511716,
0.2055654764667067
],
[
0.23932558451684305,
0.24845172668426835
],
[
0.7421318079074496,
0.8307413203138418
],
[
0.8270212857148832,
0.31431697674610054
],
[
0.17727335020566914,
0.2751922892024059
],
[
0.9142710344625296,
0.2878793393189425
],
[
0.16544284975464374,
0.19927962368622862
],
[
0.16324240871490495,
0.7944345235332931
],
[
0.8255240336680922,
0.8524108822767523
],
[
0.6937114433186633,
0.6865542677836167
],
[
0.8367575912850951,
0.7237062865794354
],
[
0.1278744932670983,
0.9151173772409169
],
[
0.3258358985965638,
0.8007203763137714
],
[
0.7443576324904216,
0.6620340623367614
],
[
0.1744759663319075,
0.9993869484553976
],
[
0.8766643330589702,
0.10395097850086149
],
[
0.8157382366491431,
0.7700701875958479
],
[
0.19024817357211504,
0.8997500202995854
],
[
0.8611037522417002,
0.8641569982077704
],
[
0.998226311266233,
0.9544468439816988
],
[
0.021363854242490016,
0.6983986297078563
],
[
0.10598665610622197,
0.953439138145788
],
[
0.8893803881947892,
0.8566227605309883
],
[
0.814048704065757,
0.04555315601830102
],
[
0.9316518035550186,
0.16702184470838086
],
[
0.9786361457575096,
0.14758911772324756
],
[
0.8943917926299993,
0.7869068802719102
],
[
0.10153584454907957,
0.12105562207602807
],
[
0.22890598489542105,
0.08572896553747053
],
[
0.08488262275908323,
0.24884531039590319
],
[
0.12419470720620454,
0.3069035211553817
],
[
0.13584300179222975,
0.8457512703929372
],
[
0.13750694924249204,
0.21325322603697833
],
[
0.18706260572507977,
0.7431311636162222
],
[
0.8984641554509197,
0.8688003642973843
],
[
0.12979786897436402,
0.8345571502453561
],
[
0.19772591999542954,
0.25564236750957836
],
[
0.15885671753522135,
0.9241384711783108
],
[
0.30842325958225547,
0.699651360504679
],
[
0.23494471498341454,
0.9236213780968585
],
[
0.3898109719577216,
0.7469468330477437
],
[
0.30916856652926167,
0.9473916965475591
],
[
0.8761603405984213,
0.050664058505000005
],
[
0.8991531710001842,
0.2861077433764925
],
[
0.13974630701374025,
0.2530531669522561
],
[
0.9034449050476895,
0.16098035892414436
],
[
0.8289004148580635,
0.046219523395281265
],
[
0.9560065764488046,
0.3041216557714861
],
[
0.8850071439969606,
0.18436217896782914
],
[
0.8674608548610119,
0.000613051544602351
],
[
0.7898290894971602,
0.8139663980459589
],
[
0.7275583800236669,
0.005482281664345103
],
[
0.824854012455399,
0.2457522208079091
],
[
0.09839691053128222,
0.6954448939401462
],
[
0.046560861854211995,
0.30483712445039257
],
[
0.8527556329192385,
0.13951942862152647
]
],
"half_couplers": [
{
"pose": [
[
-0.7274504141809683,
0.5290311681846126,
-0.4369690126280832,
0.37400029013172864
],
[
-0.20167895559277937,
-0.7735546141856688,
-0.6007818720160145,
-0.17546786583802543
],
[
-0.6558517315513801,
-0.34891156753722735,
0.6694170779564645,
0.17868626049817476
],
[
0.0,
0.0,
0.0,
1.0
]
],
"at_element": 1,
"to_element": 6
},
{
"pose": [
[
-0.43951863305075767,
-0.5290311681846105,
0.7259128007484236,
0.35495514512447895
],
[
0.10194491281695517,
0.7735546141856702,
0.6254762134748231,
-0.14761986616581693
],
[
-0.8924296084016584,
0.34891156753722763,
-0.28605963029896,
0.19124709206743
],
[
0.0,
0.0,
0.0,
1.0
]
],
"at_element": 6,
"to_element": 1
},
{
"pose": [
[
0.19417593058605653,
0.8782674934118179,
-0.43696901262808263,
0.4474265976432156
],
[
-0.7896873327978374,
-0.124318376258578,
-0.6007818720160157,
-0.07451518222171413
],
[
-0.5819704669480029,
0.461726273175518,
0.6694170779564638,
0.06620042557855366
],
[
0.0,
0.0,
0.0,
1.0
]
],
"at_element": 1,
"to_element": 45
},
{
"pose": [
[
-0.4748409860532119,
-0.878267493411818,
0.05632271282649631,
0.41580901985847085
],
[
-0.34048711768336865,
0.12431837625857844,
-0.9319943476309835,
-0.07003972803387971
],
[
0.811538391362778,
-0.46172627317551784,
-0.3580702277539445,
0.049578307070357944
],
[
0.0,
0.0,
0.0,
1.0
]
],
"at_element": 45,
"to_element": 1
},
{
"pose": [
[
0.687600301182498,
0.016013479425674437,
0.7259128007484243,
0.45076420372768977
],
[
-0.6502857098681268,
-0.4311705021432988,
0.625476213474823,
-0.06506685548748352
],
[
0.32300823728667427,
-0.9021283537048258,
-0.286059630298958,
0.1534917255067787
],
[
0.0,
0.0,
0.0,
1.0
]
],
"at_element": 6,
"to_element": 40
},
{
"pose": [
[
-0.9707102707704727,
-0.016013479425674992,
0.23971887430362962,
0.4501877180076142
],
[
0.2096086358302943,
0.431170502143298,
0.8775854476157062,
-0.049544705004379186
],
[
-0.117412903916388,
0.902128353704826,
-0.4151850713064493,
0.18596837219683376
],
[
0.0,
0.0,
0.0,
1.0
]
],
"at_element": 40,
"to_element": 6
},
{
"pose": [
[
0.5309355606648617,
0.43721623498112216,
0.7259128007484239,
0.3723794032100453
],
[
-0.2452099158067611,
-0.7407102021487477,
0.6254762134748227,
-0.1326064114385664
],
[
0.8111593725104396,
-0.510088580838361,
-0.2860596302989582,
0.18438073453653675
],
[
0.0,
0.0,
0.0,
1.0
]
],
"at_element": 6,
"to_element": 91
},
{
"pose": [
[
0.4071271015348741,
-0.43721623498112383,
0.8019286047178659,
0.35663961011794254
],
[
0.6687374962899107,
0.7407102021487474,
0.06433162121898942,
-0.10594082953597703
],
[
-0.6221235281290317,
0.5100885808383605,
0.5939460879967082,
0.2027439335183559
],
[
0.0,
0.0,
0.0,
1.0
]
],
"at_element": 91,
"to_element": 6
},
{
"pose": [
[
0.8014278267596527,
0.5479491762909228,
0.23971887430362948,
0.43131249626190465
],
[
0.06249201639948851,
-0.4753299170254983,
0.877585447615706,
-0.11864489568679205
],
[
0.5948177757781169,
-0.688340882254303,
-0.41518507130644977,
0.21865962485344112
],
[
0.0,
0.0,
0.0,
1.0
]
],
"at_element": 40,
"to_element": 91
},
{
"pose": [
[
0.23803825981836524,
-0.5479491762909237,
0.8019286047178658,
0.4115862447378987
],
[
0.8774525129554702,
0.4753299170254981,
0.06433162121899016,
-0.10153294825473386
],
[
-0.41643111599732197,
0.6883408822543026,
0.5939460879967082,
0.24343999859086854
],
[
0.0,
0.0,
0.0,
1.0
]
],
"at_element": 91,
"to_element": 40
},
{
"pose": [
[
-0.031014415226163106,
-0.9725422313991038,
0.23065063232827052,
0.37617599597063844
],
[
-0.9995182099442227,
0.029898929430130505,
-0.008330786807308865,
0.007510502302341471
],
[
0.0012058350118924477,
-0.23079788162845852,
-0.9730009680353562,
0.07065067974705189
],
[
0.0,
0.0,
0.0,
1.0
]
],
"at_element": 43,
"to_element": 45
},
{
"pose": [
[
0.2258082375935747,
0.9725422313991038,
0.05632271282649609,
0.4111875156964867
],
[
0.36123758110533,
-0.029898929430130172,
-0.9319943476309834,
0.006434140861441562
],
[
-0.9047198736802757,
0.23079788162845938,
-0.3580702277539447,
0.07895940334221549
],
[
0.0,
0.0,
0.0,
1.0
]
],
"at_element": 45,
"to_element": 43
},
{
"pose": [
[
-0.82961538873057,
0.347557748847963,
-0.4369690126280822,
0.08258172535537531
],
[
-0.018376827739843393,
-0.7992017482833418,
-0.6007818720160168,
-0.5761346999313001
],
[
-0.558032793824561,
-0.49038778202213174,
0.6694170779564629,
0.6251265307625831
],
[
0.0,
0.0,
0.0,
1.0
]
],
"at_element": 1,
"to_element": 3
},
{
"pose": [
[
-0.7330385992487973,
-0.34755774884796437,
-0.5846862605082295,
0.07006964395439881
],
[
-0.557707242478001,
0.7992017482833418,
0.22414102085168233,
-0.5473634313767377
],
[
0.3893803329637311,
0.4903877820221313,
-0.7796812037906706,
0.6427804943615627
],
[
0.0,
0.0,
0.0,
1.0
]
],
"at_element": 3,
"to_element": 1
},
{
"pose": [
[
-0.09837319181072401,
0.894080979070581,
-0.4369690126280832,
0.05591474086020338
],
[
-0.7078451568920803,
-0.37150555328468204,
-0.6007818720160158,
-0.6127987204980568
],
[
-0.6994840591445932,
0.2502055689684656,
0.6694170779564633,
0.6659791640678699
],
[
0.0,
0.0,
0.0,
1.0
]
],
"at_element": 1,
"to_element": 12
},
{
"pose": [
[
-0.43114167303574913,
-0.8940809790705807,
-0.12139217699722998,
0.023727783037270602
],
[
-0.5624253026055349,
0.3715055532846824,
-0.7386889757318126,
-0.5994245028886076
],
[
0.7055456305307315,
-0.2502055689684659,
-0.6630252909928538,
0.6569717516701444
],
[
0.0,
0.0,
0.0,
1.0
]
],
"at_element": 12,
"to_element": 1
},
{
"pose": [
[
0.9391390466516222,
-0.03684330636240448,
0.3415558839056477,
0.1342825634361774
],
[
-0.1191893196589994,
-0.967419750374017,
0.22336725960959472,
-0.607315177347232
],
[
0.3221983195696512,
-0.2504827286711825,
-0.9129329906975276,
0.7211599808481104
],
[
0.0,
0.0,
0.0,
1.0
]
],
"at_element": 2,
"to_element": 3
},
{
"pose": [
[
-0.8104224500525572,
0.03684330636240374,
-0.5846862605082288,
0.13560892169922856
],
[
-0.11772777649238275,
0.9674197503740171,
0.22414102085168172,
-0.5724880864470293
],
[
0.5738951324876087,
0.25048272867118104,
-0.7796812037906709,
0.7301773538725803
],
[
0.0,
0.0,
0.0,
1.0
]
],
"at_element": 3,
"to_element": 2
},
{
"pose": [
[
-0.8092652209955153,
-0.5747640746001377,
-0.12139217699722968,
0.014567534757362915
],
[
-0.31312974418638945,
0.5968989532894582,
-0.7386889757318134,
-0.6551659401600434
],
[
0.4970307489409943,
-0.5597837958631855,
-0.6630252909928531,
0.6069398926855973
],
[
0.0,
0.0,
0.0,
1.0
]
],
"at_element": 12,
"to_element": 82
},
{
"pose": [
[
0.3651945886457304,
0.5747640746001375,
0.7323108431348831,
0.03525877677906607
],
[
0.7992656758644705,
-0.5968989532894571,
0.06990006399755042,
-0.6766540276220263
],
[
0.4772916213477739,
0.5597837958631869,
-0.6773734642575062,
0.6270918515707988
],
[
0.0,
0.0,
0.0,
1.0
]
],
"at_element": 82,
"to_element": 12
},
{
"pose": [
[
-0.03402875948214512,
0.9392452404444417,
0.341555883905649,
-0.014500492490562511
],
[
0.9736505907847767,
-0.04595208808047868,
0.22336725960959286,
-0.7046148142285493
],
[
0.22549184152106622,
0.34015699890419243,
-0.9129329906975272,
1.1188371007944262
],
[
0.0,
0.0,
0.0,
1.0
]
],
"at_element": 2,
"to_element": 68
},
{
"pose": [
[
-0.3306210848721076,
-0.9392452404444415,
-0.09223923536355688,
-0.04831332063342373
],
[
0.14519061564072044,
0.045952088080477904,
-0.9883360211643166,
-0.7029605390827571
],
[
0.9325284893062833,
-0.3401569989041929,
0.12117686548443884,
1.1065914490197135
],
[
0.0,
0.0,
0.0,
1.0
]
],
"at_element": 68,
"to_element": 2
},
{
"pose": [
[
-0.2955316746716141,
-0.8921886613464793,
0.3415558839056487,
-0.001153778318549195
],
[
-0.8965540106835201,
0.3824891805813537,
0.22336725960959286,
-0.6958864651944021
],
[
-0.32992716649752574,
-0.24021119728893198,
-0.9129329906975276,
1.0831631269026247
],
[
0.0,
0.0,
0.0,
1.0
]
],
"at_element": 2,
"to_element": 88
},
{
"pose": [
[
0.44232182649745355,
0.8921886613464788,
-0.09138268090144192,
0.030965033855777598
],
[
0.6323170314800327,
-0.3824891805813553,
-0.6737040881859652,
-0.7096560844263526
],
[
-0.6360240353196063,
0.24021119728893078,
-0.7333293988330092,
1.0918107354882904
],
[
0.0,
0.0,
0.0,
1.0
]
],
"at_element": 88,
"to_element": 2
},
{
"pose": [
[
0.15531389473318358,
0.6063535695940766,
-0.7798800822840208,
-0.03348613508329548
],
[
-0.9855233090016032,
0.04077852352353739,
-0.16456281303432696,
-0.7765133667534547
],
[
-0.06798089082484948,
0.7941488907376009,
0.6039090476411975,
1.1443788727127768
],
[
0.0,
0.0,
0.0,
1.0
]
],
"at_element": 16,
"to_element": 68
},
{
"pose": [
[
-0.7898273685433228,
-0.6063535695940754,
-0.09223923536355605,
-0.05531485254191448
],
[
0.14672771138516408,
-0.040778523523536725,
-0.9883360211643167,
-0.7779813928573842
],
[
0.5955196945623231,
-0.7941488907376019,
0.12117686548444018,
1.1157895271143137
],
[
0.0,
0.0,
0.0,
1.0
]
],
"at_element": 68,
"to_element": 16
},
{
"pose": [
[
-0.30527998645152876,
0.5464349797815156,
-0.7798800822840197,
0.04704492496959434
],
[
-0.7422849102471569,
-0.6495630782191979,
-0.16456281303432646,
-0.7595204750512745
],
[
-0.5965041843034506,
0.5286554835481942,
0.603909047641199,
1.0820187267277106
],
[
0.0,
0.0,
0.0,
1.0
]
],
"at_element": 16,
"to_element": 88
},
{
"pose": [
[
-0.8325010621629498,
-0.5464349797815165,
-0.09138268090144366,
0.02737322038855554
],
[
-0.35240687986462493,
0.6495630782191979,
-0.6737040881859633,
-0.7361361503753774
],
[
0.4274942953088863,
-0.5286554835481934,
-0.7333293988330112,
1.062987085485299
],
[
0.0,
0.0,
0.0,
1.0
]
],
"at_element": 88,
"to_element": 16
},
{
"pose": [
[
0.14330825115469348,
-0.7985015478531576,
-0.5846862605082276,
-0.07534363529250365
],
[
-0.9174248282506392,
-0.32877421930688455,
0.2241410208516818,
-0.49161886705696023
],
[
-0.371206720925509,
0.5042844344169868,
-0.779681203790672,
0.44887137032669344
],
[
0.0,
0.0,
0.0,
1.0
]
],
"at_element": 3,
"to_element": 11
},
{
"pose": [
[
-0.535501736639139,
0.7985015478531585,
0.2750148507491477,
-0.046597570251858796
],
[
0.005236844227704596,
0.3287742193068861,
-0.9443940322670842,
-0.47978299132535684
],
[
-0.8445178894014034,
-0.504284434416984,
-0.18024079362270262,
0.43071712480305013
],
[
0.0,
0.0,
0.0,
1.0
]
],
"at_element": 11,
"to_element": 3
},
{
"pose": [
[
-0.8055420024593198,
0.09614602980223824,
-0.584686260508229,
-0.12430903498455668
],
[
-0.04650178920152226,
0.9734466530697121,
0.22414102085167878,
-0.47284785187379635
],
[
0.5907111526582909,
0.20774396400531744,
-0.779681203790672,
0.38357583602970796
],
[
0.0,
0.0,
0.0,
1.0
]
],
"at_element": 3,
"to_element": 13
},
{
"pose": [
[
0.8087783942918906,
-0.09614602980223798,
0.5802012149934697,
-0.12777029213265306
],
[
-0.19806020178546213,
-0.9734466530697121,
0.11477704516181345,
-0.5078919321458412
],
[
0.5537595736376331,
-0.20774396400531617,
-0.806345323062039,
0.3760970531629968
],
[
0.0,
0.0,
0.0,
1.0
]
],
"at_element": 13,
"to_element": 3
},
{
"pose": [
[
-0.0795577388842641,
0.6831699436400853,
0.7259128007484275,
-0.08419690051181143
],
[
0.4894821592976843,
-0.6076073749605744,
0.6254762134748184,
-0.5260112629852581
],
[
0.868376520820836,
0.4050828384421177,
-0.28605963029896,
0.36430323832939077
],
[
0.0,
0.0,
0.0,
1.0
]
],
"at_element": 6,
"to_element": 13
},
{
"pose": [
[
-0.4434471538153173,
-0.6831699436400837,
0.5802012149934709,
-0.10879101749658945
],
[
-0.7859004439478595,
0.6076073749605753,
0.11477704516181081,
-0.5041373983638557
],
[
-0.43094676466548887,
-0.40508283844211906,
-0.8063453230620392,
0.3497202567302762
],
[
0.0,
0.0,
0.0,
1.0
]
],
"at_element": 13,
"to_element": 6
},
{
"pose": [
[
0.5818502306311851,
0.36674366364535144,
0.7259128007484247,
0.002281900260171138
],
[
-0.3366942401398025,
-0.7038582918698055,
0.6254762134748215,
-0.45149758476256346
],
[
0.7403291820339907,
-0.608344137920392,
-0.28605963029895953,
0.3302246358415638
],
[
0.0,
0.0,
0.0,
1.0
]
],
"at_element": 6,
"to_element": 75
},
{
"pose": [
[
-0.8699675852770079,
-0.36674366364535105,
-0.329629315661209,
-0.010920884735022028
],
[
-0.4911589699868204,
0.7038582918698053,
0.5131728472626017,
-0.42615866110599177
],
[
0.04380943698310874,
0.6083441379203925,
-0.7924633386404174,
0.35212504654318133
],
[
0.0,
0.0,
0.0,
1.0
]
],
"at_element": 75,
"to_element": 6
},
{
"pose": [
[
0.12221381912086848,
0.6973328027171017,
0.7062511909162374,
-0.04340526378776678
],
[
0.969964135948399,
0.06687170087208516,
-0.23387550234334165,
-0.4021312466096768
],
[
-0.21031727791545723,
0.7136211444997873,
-0.6682151635012832,
0.47076819218291127
],
[
0.0,
0.0,
0.0,
1.0
]
],
"at_element": 7,
"to_element": 11
},
{
"pose": [
[
-0.6618865417291206,
-0.6973328027171019,
0.275014850749149,
-0.06850930939849478
],
[
-0.3219442303269201,
-0.06687170087208472,
-0.9443940322670837,
-0.4045386340468068
],
[
0.6769476482247887,
-0.7136211444997872,
-0.18024079362270307,
0.44507776475643845
],
[
0.0,
0.0,
0.0,
1.0
]
],
"at_element": 11,
"to_element": 7
},
{
"pose": [
[
-0.4617018061238596,
0.5366942309652326,
0.7062511909162373,
0.026067886191627865
],
[
0.5633688779120926,
0.7924126177716504,
-0.23387550234334054,
-0.42513732158666373
],
[
-0.685161987870048,
0.2898991991105144,
-0.6682151635012832,
0.4050366042301821
],
[
0.0,
0.0,
0.0,
1.0
]
],
"at_element": 7,
"to_element": 75
},
{
"pose": [
[
0.7767263460868061,
-0.5366942309652323,
-0.3296293156612091,
0.006746893615979965
],
[
-0.3297512274862273,
-0.7924126177716506,
0.5131728472626027,
-0.45366417621165334
],
[
-0.5366193355312175,
-0.28989919911051526,
-0.7924633386404172,
0.39460023292127683
],
[
0.0,
0.0,
0.0,
1.0
]
],
"at_element": 75,
"to_element": 7
},
{
"pose": [
[
0.25418026745318456,
0.7939617006095482,
0.5522836314817068,
-0.6353478107895159
],
[
0.929339735869461,
-0.04238288561825221,
-0.3667851501093666,
0.13595145855834595
],
[
-0.26780598755723894,
0.6064886717588914,
-0.7486330503368306,
0.7532627890811149
],
[
0.0,
0.0,
0.0,
1.0
]
],
"at_element": 4,
"to_element": 24
},
{
"pose": [
[
0.13628530890314894,
-0.7939617006095487,
0.5924956814546134,
-0.663930438156493
],
[
-0.9597728510380474,
0.04238288561825099,
0.27756038156943164,
0.13747724276863427
],
[
-0.24548398926909976,
-0.6064886717588909,
-0.7562467203503531,
0.7314291922037482
],
[
0.0,
0.0,
0.0,
1.0
]
],
"at_element": 24,
"to_element": 4
},
{
"pose": [
[
0.8237983650950947,
-0.12782427024641063,
0.5522836314817067,
-0.5422897545058157
],
[
0.10242396897618825,
-0.924650195608272,
-0.36678515010936463,
0.07414931343351194
],
[
0.5575532120307566,
0.3587240885381924,
-0.7486330503368317,
0.6271204727731391
],
[
0.0,
0.0,
0.0,
1.0
]
],
"at_element": 4,
"to_element": 25
},
{
"pose": [
[
-0.6700752476550269,
0.12782427024641022,
-0.7312045667363045,
-0.5376881582226376
],
[
0.34717116385384794,
0.9246501956082726,
-0.15650622591433194,
0.10743616025179413
],
[
0.6561031515458668,
-0.35872408853819104,
-0.6639621094866974,
0.6142066229281785
],
[
0.0,
0.0,
0.0,
1.0
]
],
"at_element": 25,
"to_element": 4
},
{
"pose": [
[
-0.6216932631832368,
-0.2807799282294794,
-0.7312045667363047,
-0.6388825752935401
],
[
-0.24773689648435482,
0.9561026259614355,
-0.15650622591433064,
0.08577661787494882
],
[
0.7430504132512672,
0.08384748376126638,
-0.6639621094866976,
0.5223181669704031
],
[
0.0,
0.0,
0.0,
1.0
]
],
"at_element": 25,
"to_element": 27
},
{
"pose": [
[
0.8845912825186728,
0.2807799282294789,
0.3723719844395094,
-0.6287747181578824
],
[
0.22390182205448336,
-0.9561026259614356,
0.18903899785581244,
0.05135767343264206
],
[
0.40910418840761337,
-0.08384748376126791,
-0.9086271856456047,
0.5192997233359614
],
[
0.0,
0.0,
0.0,
1.0
]
],
"at_element": 27,
"to_element": 25
},
{
"pose": [
[
0.12079842835435484,
-0.9201884833618053,
0.3723719844395099,
-0.6821956494048571
],
[
-0.9805796690734521,
-0.052228056535439826,
0.1890389978558133,
0.024237912200731078
],
[
-0.15450324367765578,
-0.3879760111125838,
-0.9086271856456043,
0.6496524685527302
],
[
0.0,
0.0,
0.0,
1.0
]
],
"at_element": 27,
"to_element": 83
},
{
"pose": [
[
-0.3553837173224088,
0.9201884833618053,
0.1641815109883163,
-0.649068853996048
],
[
0.5270893570489203,
0.052228056535440714,
0.8482034188779756,
0.0261181228040287
],
[
0.7719321363616507,
0.38797601111258306,
-0.503582556939085,
0.663619609172332
],
[
0.0,
0.0,
0.0,
1.0
]
],
"at_element": 83,
"to_element": 27
},
{
"pose": [
[
0.3656498292817062,
0.7491882225072932,
0.5522836314817068,
-0.3326757813676873
],
[
0.9136003830195221,
-0.17550781693654516,
-0.36678515010936663,
-0.06506048425000983
],
[
-0.1778610201613653,
0.6386814647776549,
-0.7486330503368306,
0.3429839545811862
],
[
0.0,
0.0,
0.0,
1.0
]
],
"at_element": 4,
"to_element": 5
},
{
"pose": [
[
0.4606061921041723,
-0.7491882225072929,
0.47598208270023906,
-0.35964653480999714
],
[
-0.5548829049475813,
0.17550781693654383,
0.8132047515792699,
-0.058742208127152695
],
[
-0.6927819986057863,
-0.6386814647776554,
-0.3348717500137042,
0.3199914410883252
],
[
0.0,
0.0,
0.0,
1.0
]
],
"at_element": 5,
"to_element": 4
},
{
"pose": [
[
0.48150025212978886,
-0.68054411877286,
0.5522836314817064,
-0.31682595782138656
],
[
-0.592734944443605,
-0.7170313377354485,
-0.36678515010936585,
-0.07558674209516823
],
[
0.6456181478508688,
-0.1507506653682995,
-0.7486330503368315,
0.32149915750883135
],
[
0.0,
0.0,
0.0,
1.0
]
],
"at_element": 4,
"to_element": 8
},
{
"pose": [
[
-0.6879919980102926,
0.6805441187728598,
-0.2520450616010499,
-0.2923263643250919
],
[
0.5545666727768517,
0.7170313377354485,
0.42228173788422996,
-0.04977360843632598
],
[
0.4681055608717094,
0.15075066536829917,
-0.8707189103103234,
0.3269261826185024
],
[
0.0,
0.0,
0.0,
1.0
]
],
"at_element": 8,
"to_element": 4
},
{
"pose": [
[
0.26588666471438516,
0.7901183910810077,
0.5522836314817052,
-0.38681353759516957
],
[
0.9286118469671225,
-0.056113201045393524,
-0.3667851501093642,
-0.029106268132454843
],
[
-0.2588132902294038,
0.6103804033092799,
-0.7486330503368333,
0.4163689170763391
],
[
0.0,
0.0,
0.0,
1.0
]
],
"at_element": 4,
"to_element": 22
},
{
"pose": [
[
-0.43953428357165913,
-0.7901183910810081,
-0.42722656944612836,
-0.41525782627494523
],
[
0.6422017557381174,
0.056113201045394856,
-0.7644790471918236,
-0.02708619100566151
],
[
0.6280020051656108,
-0.6103804033092791,
0.48275174237279983,
