{
"line_pt_pairs": [
[
[
1.4629743032648534,
-1.0768354882828797,
-1.9282870681666466
],
[
0.7336639965391404,
-1.7532253091914143,
-1.8253148064892064
]
],
[
[
0.9297558457998136,
-0.6659306430068781,
-0.25749460856724693
],
[
0.08837983687911777,
-0.9033720972255275,
-1.4763908172048872
]
],
[
[
0.26475908369623524,
-0.6494941948645756,
0.27308703329342005
],
[
-0.007869199154535989,
-0.5157679478045396,
-1.1958551405980773
]
],
[
[
0.8457080363577932,
-0.8344792447958623,
-0.4973056805800964
],
[
0.6679853304656701,
-0.4832198373008869,
-1.4165616125471745
]
],
[
[
0.40447473912239906,
-0.49163862311805756,
0.1319957611117908
],
[
0.5923972825033443,
-0.05547930687660457,
-0.7480327432816889
]
],
[
[
0.7978018064181338,
-1.4044514113005133,
-2.0403065573832606
],
[
1.5918391262606493,
-1.7536975117843907,
-1.5427807831824463
]
],
[
[
0.4797015623854318,
-0.9954046310814496,
-1.450634749212726
],
[
1.281920178852065,
-1.1762547255399607,
-0.8816544905668675
]
],
[
[
-0.06522966975806913,
-0.1882234828919794,
-0.7033652588009114
],
[
0.6866102294849004,
-0.8470735260081887,
-0.6778038309829993
]
],
[
[
1.0289727052595217,
-0.7795198800611849,
-2.055948564914401
],
[
1.2975467671551515,
-1.5244286173551123,
-1.4452285420069735
]
],
[
[
1.205882998014743,
-0.4479469788222072,
-1.6731927514707767
],
[
1.3682600474284567,
-1.1461169344396782,
-0.9759177649003454
]
],
[
[
1.355889722258464,
-0.7695533550155114,
-1.333156202618181
],
[
0.6441474090034781,
-1.434777279112922,
-1.5587665089671683
]
],
[
[
0.5724925701970736,
-0.09618897672313276,
-0.5448562457389344
],
[
-0.06514918638287515,
-0.8661555487405264,
-0.5210977053498145
]
],
[
[
0.4455185847092955,
0.1246749321120093,
-0.604863652569528
],
[
0.9658722407789372,
-0.7269480452990058,
-0.5418527252588244
]
],
[
[
0.5256309249364206,
0.08148915789818681,
-0.7789278694974558
],
[
0.15531034387381604,
0.1180356986040473,
0.14925692762211018
]
],
[
[
0.4460452887821369,
0.7810741435055836,
-0.261120018035529
],
[
0.4834895616931533,
-0.18778847796106035,
-0.016368823654483916
]
],
[
[
0.4600550591829155,
0.5779759794767824,
-0.4443496326415735
],
[
-0.16138648447014525,
-0.10084724871663941,
-0.053185430947243706
]
],
[
[
0.03785931558866015,
0.8043638515924509,
0.30655235140621884
],
[
-0.8715991601053861,
0.8776776195190823,
0.7158326617323594
]
],
[
[
0.15394655167804633,
-0.9882538980189426,
-1.1070676697553052
],
[
1.0079996187769853,
-0.46861198947134314,
-1.1308509718789337
]
],
[
[
-0.32764874322963505,
-0.8324145671499668,
-0.9504494469256755
],
[
-0.09844319739004626,
-0.17149137813206278,
0.37644367460852723
]
],
[
[
-0.8048017376436063,
-0.3655033710356028,
-0.17314040647928364
],
[
0.06589326366427317,
-0.6112060940249231,
0.25291168729928815
]
],
[
[
-0.791894505331628,
-0.5629143641023377,
0.050037692883355724
],
[
-0.05573957711483357,
-0.09771608989868569,
0.5416335506161789
]
],
[
[
-1.2216027571396537,
-0.4697690184115057,
-0.1422606007655114
],
[
-1.5467783754572504,
0.5213452003595515,
0.9356788328770316
]
],
[
[
0.9513996802971905,
-1.2573388113939121,
-1.848659545625719
],
[
1.8466847648418798,
-1.702830533450932,
-1.849979761698666
]
],
[
[
1.0690972226727078,
-0.8006171606558379,
-2.005985684665005
],
[
1.6400881192987984,
-1.6124577691081923,
-1.8839847730379005
]
],
[
[
1.0391335624824003,
-1.0788659366810298,
-1.4274130499379316
],
[
1.564908409456762,
-1.434683982646752,
-2.200041245420223
]
],
[
[
0.8075192584165595,
-0.02059343275082981,
-0.0550449163553367
],
[
0.0827656958414621,
-0.7036887321958212,
0.035027751035288136
]
],
[
[
-0.32343182655560004,
-0.14860575371852727,
-0.03714000908376087
],
[
0.387826871609902,
-0.8369989799509086,
0.10507753681437629
]
],
[
[
-0.27406270700885427,
0.28162212059526637,
0.21514767017193948
],
[
0.05080737782994457,
-0.6638426065789956,
0.19157061254953678
]
],
[
[
0.06014712643215403,
0.42865398744108946,
0.2781296718543872
],
[
-0.7196512236843925,
-0.14115571432140644,
0.01883941570725081
]
],
[
[
0.07682007747217529,
0.3219907233733095,
0.0063841418552824675
],
[
0.738154949105626,
-0.4280828858565875,
0.011460390312889741
]
],
[
[
0.5897595013038818,
-0.3381975179115155,
-0.21149723615188748
],
[
-0.2033642594309327,
0.2592606254935688,
-0.0931821186190272
]
],
[
[
0.20059157685842757,
1.18498873772871,
0.3072660063629339
],
[
-0.6153253954441741,
1.5596414063509854,
0.7476236703166381
]
],
[
[
-0.3956089730007205,
1.6828502781609862,
1.119823413174839
],
[
0.028053362707119445,
1.4726621586980362,
0.23872683518851734
]
],
[
[
-0.16203324206357106,
1.6871012327259438,
1.0795018863176569
],
[
-0.7557882322436109,
1.2894858681267214,
0.37996129888121083
]
],
[
[
-0.7326016247621026,
0.885409967233382,
0.47929875594868354
],
[
-0.5250022176796921,
1.8633048924112723,
0.45431873412402607
]
],
[
[
-0.6271356873568423,
1.52137537980273,
0.3680415622163461
],
[
-0.40962098091758126,
0.6895195508436222,
0.8786326239373647
]
],
[
[
-0.3786165076685936,
0.534678082965982,
0.15964248584531915
],
[
-0.5179422584740959,
0.9167747734154463,
1.0732017090542194
]
],
[
[
-0.14595720143333776,
0.009097514034650034,
0.22943108066219584
],
[
-0.644311010028776,
1.3604863780795413,
0.6482289072968148
]
],
[
[
-0.5468412269286629,
0.6556358185653746,
0.46499627095659624
],
[
0.04474709262547319,
-0.04825809586817531,
0.07185937699912515
]
],
[
[
0.030342736693602573,
0.12936581067989444,
-0.1425220641717636
],
[
-0.5236695950570249,
0.29157910346388505,
0.6740299451408143
]
],
[
[
0.2765472969690078,
0.7801898436196214,
0.39156009528382124
],
[
-0.09377290793397966,
1.7085355241363405,
0.4237663571991574
]
],
[
[
0.20423958755399862,
1.3874342706810354,
0.46983247522614424
],
[
-0.40968866113444474,
0.03186068039807355,
0.28138527628250865
]
],
[
[
-0.2343293966342642,
0.5180921192387571,
0.5571012468890992
],
[
0.0628941177907186,
-0.028353629212415854,
-0.2258771860657936
]
],
[
[
0.24895553304493265,
0.6544396480134612,
0.8857469638978701
],
[
-0.41485645290334106,
0.37713437468353433,
0.19115684541444128
]
],
[
[
0.1751580833409167,
0.42862670302913713,
0.9371147656643806
],
[
0.17009518278319383,
1.1174862395936696,
0.21223759957205562
]
],
[
[
-0.28955096031521266,
1.1341369226691265,
1.2529223549968769
],
[
-0.7721166454586124,
0.4699262877912034,
0.6819980237259569
]
],
[
[
0.18079209726642254,
1.0044746475373372,
1.0121702670033124
],
[
0.2378860650918936,
0.5072268407114539,
0.14644230889823118
]
],
[
[
0.26735897169504136,
0.7755772586820482,
0.5044092255612034
],
[
-0.5546783705155924,
0.8223116212998589,
1.0719217869745914
]
],
[
[
-0.22806652877739564,
1.2743889788941858,
1.4207904619148424
],
[
-0.32377556980212374,
1.9163958298122732,
0.6600888233992099
]
],
[
[
-0.23358146909304076,
1.6394178772175798,
1.148644407635762
],
[
-0.20570860481707176,
0.688297077226651,
0.8410857510161356
]
],
[
[
-0.11954450355904853,
1.3974743754958503,
1.0899435512267222
],
[
-0.378047691523717,
0.46476196361220823,
0.8385003995397
]
],
[
[
-1.718147512907347,
0.44501800871367314,
0.5958925007245252
],
[
-1.659023448600398,
-0.4104811396112298,
0.08147481806266971
]
],
[
[
-1.980546692593738,
-0.07525785296178114,
0.9506321981367912
],
[
-1.6011310718402871,
0.07629189040041351,
0.03790197402063622
]
],
[
[
-1.7792504877120705,
-0.06821012514329311,
1.0002003931021475
],
[
-1.6023746059200614,
-0.19556918059058281,
0.024242098175630722
]
],
[
[
-0.9049983328467606,
-0.2871252673137107,
-0.006070635238410976
],
[
-1.8786421128644082,
-0.3716989381179899,
0.20574315996774675
]
],
[
[
-0.7532616263873769,
0.2214629316542147,
0.5679381894432534
],
[
-0.2841019410544492,
-0.043320547287857614,
-0.27454557831588955
]
],
[
[
-0.29328902640945886,
-0.033124225395045837,
0.08209420122523076
],
[
-1.1882980975622819,
-0.47070318314537174,
0.1686009540732008
]
],
[
[
-0.7629544147627083,
-0.08755645263293496,
0.40302180232165685
],
[
-0.12125204453464267,
-0.7209608824886033,
-0.029432699658491712
]
],
[
[
-0.5464590958269417,
-0.3129015299827911,
0.5474008859472369
],
[
-1.2982717624807445,
-0.35115357325216867,
-0.11086539409801649
]
],
[
[
-0.6531877323787881,
-0.3823470049725669,
0.7496848814833337
],
[
-0.5240587359965497,
-0.011460844408869852,
-0.16997220580281103
]
],
[
[
-1.21986348753366,
-0.15804498452314888,
0.8530550422161316
],
[
-0.38717489608724853,
1.086459561773766,
0.9415883349443532
]
],
[
[
-0.8289982617831679,
0.06308301795729795,
0.44393260754789815
],
[
-0.24137969028522388,
0.804010996081118,
0.11877088522489204
]
],
[
[
-0.7061279054665159,
0.5326795810618794,
0.4093269816762346
],
[
-0.45913411319738917,
-0.3288497764385987,
-0.03425078235768225
]
],
[
[
-0.5344053429089555,
0.17909844160126034,
0.13736351180480344
],
[
-0.8800362143666975,
0.5332300950589831,
1.006345716866945
]
],
[
[
-1.1935651714462479,
0.09529010226770063,
0.5977385662455845
],
[
-0.7428899152723889,
0.9765128839801829,
0.7403507062040793
]
],
[
[
-0.8864016394157554,
0.42434824810543764,
0.7220335701805015
],
[
-1.8565084765728157,
0.38112957684195364,
0.48323476165050905
]
],
[
[
-1.5111262715326372,
0.36260117278994497,
0.39275434508830664
],
[
-0.664079119443416,
0.028326312380180768,
0.8059993569584714
]
],
[
[
-1.5924899286371144,
0.46347148211197825,
0.826881195200727
],
[
-0.6372160092123285,
0.3137695565774569,
0.57184968272028
]
],
[
[
-1.1740143820584987,
-0.03559706398381521,
1.2066581121720688
],
[
-1.0007704111297118,
0.2533945323479883,
0.2651325502320747
]
],
[
[
-1.1868247249254003,
-0.16638321832785194,
0.9941544065685398
],
[
-0.7828484490365897,
-0.32351098071244405,
0.09298070810246784
]
],
[
[
-0.6273445710022614,
-0.5140004877691176,
0.5445471000087427
],
[
-1.1760054082453424,
0.24964224836091964,
0.8848720289098622
]
],
[
[
-1.3372744058336425,
-0.052271987250751356,
1.2293543995338918
],
[
-2.006966367462888,
-0.06536279668213382,
0.48683079234176696
]
],
[
[
-1.7728099052489847,
-0.09828546117891798,
0.936030187084839
],
[
-0.8106790761575384,
-0.0690029741931886,
0.665019479422325
]
],
[
[
-1.524030331240028,
-0.07958446219651803,
1.0855201139537467
],
[
-0.72592757378971,
-0.3786175379208093,
0.5624415269583801
]
],
[
[
1.0302658756595937,
-1.055191602773424,
-1.0370475197824485
],
[
1.3588620031467644,
-1.715737848197627,
-1.7121054748177356
]
],
[
[
0.581307188580593,
-0.708562822209452,
-0.5308274476531785
],
[
1.1212070778411656,
-1.1739041563166843,
-1.2322300084894808
]
],
[
[
0.3659763500596158,
-0.2819377484773029,
0.13230777091932852
],
[
0.9057071238433679,
-0.8226363159427283,
-0.5129330763397619
]
],
[
[
1.086634450960992,
-0.6399396580780736,
-0.8198333743615125
],
[
1.2482607850590361,
-1.6630462533140649,
-1.9047895130651213
]
],
[
[
0.6576608222662884,
-0.25118883989307694,
-0.30224595998408516
],
[
1.3755884745662637,
-1.018278890194814,
-1.3728311928315797
]
],
[
[
0.7024721279082049,
-0.07150554786254729,
-0.05778971899026268
],
[
0.8220155321929088,
-0.7136651916594006,
-0.8149821425991645
]
],
[
[
0.5335434624758273,
-1.2210759436268772,
-1.3708714561377118
],
[
0.9567362430047892,
-1.7940951166559849,
-2.072695435386928
]
],
[
[
0.32577296712064735,
-0.729919040708833,
-0.9901275983439097
],
[
1.0379354759155661,
-1.2241156955228205,
-1.4887198440092348
]
],
[
[
0.1719985201919468,
-0.6204157511657341,
-0.6530414832614995
],
[
-0.31314406193734173,
-0.5505816027809805,
0.21860056868660555
]
],
[
[
0.22205307049129153,
-0.865974696735258,
-1.3582367437383607
],
[
-0.08044074000662277,
-0.20765051103233245,
-0.6689568578218834
]
],
[
[
0.21859022143230136,
-0.34943941906162024,
-0.4411190522435162
],
[
0.6403538399164876,
-0.750245629490935,
-1.254427008557985
]
],
[
[
-0.2879975226600262,
-0.08534475532821992,
0.585042338892638
],
[
0.2525074226576538,
-0.6948949342216749,
-0.6744428668553645
]
],
[
[
1.2081951029166833,
-0.6148436714649239,
-1.3507569387371687
],
[
1.3763959865296507,
-1.3547310335634615,
-2.00212101063451
]
],
[
[
0.8257209873189453,
-0.423770419259658,
-0.7802387258562894
],
[
1.4402946953625682,
-0.8896644283619422,
-1.4168248784421853
]
],
[
[
0.47817866373960194,
-0.5069273069623447,
-0.6191573838987285
],
[
-0.5341528830348625,
0.22125701716030977,
0.21446868905439936
]
],
[
[
0.8627831726438732,
-0.6524677542232997,
-1.1751916945278849
],
[
0.2955151581567822,
-0.3420796289771796,
-0.41239014009444497
]
],
[
[
0.5427971304762358,
-0.39957343706737136,
-0.45412701987655013
],
[
0.1471638877158023,
0.2441654086944839,
0.20091086885971088
]
],
[
[
1.0563405562820818,
-0.5390950321346274,
-1.3729115944849548
],
[
0.7456551299556633,
-0.5060683982401857,
-0.42297275049447247
]
],
[
[
0.36660458901660786,
0.24555111193187787,
-0.466938657884311
],
[
1.1644815917898756,
-0.6588964183315225,
-1.358772136424998
]
],
[
[
0.39893673799702273,
0.8236228380863125,
-0.21131777325044773
],
[
0.5409021296024821,
-0.013218356461821457,
-0.7400356968104127
]
],
[
[
-0.06139655737906882,
0.9161285795331378,
0.4060240675371695
],
[
0.1942456463887184,
0.29625126465522267,
-0.3358648582141826
]
],
[
[
-0.29765036595044825,
-0.542888111638362,
-0.46797576760307213
],
[
0.1981957489698187,
-1.0047280001474599,
-1.203394388322171
]
],
[
[
-0.7661137084103115,
-0.3167412725851353,
-0.10748062711443196
],
[
-0.27292225489352595,
-0.8165177403544109,
-0.8195098908684342
]
],
[
[
-1.037294858977163,
-0.2952580286659454,
0.44591625467436513
],
[
-0.2825057104200549,
-0.5642256157277153,
-0.15237278778805985
]
]
],
"contact_id_pairs": [
[
1,
7
],
[
1,
75
],
[
1,
76
],
[
7,
75
],
[
1,
17
],
[
1,
81
],
[
1,
83
],
[
17,
81
],
[
17,
84
],
[
17,
95
],
[
2,
25
],
[
2,
26
],
[
25,
26
],
[
25,
76
],
[
2,
82
],
[
2,
83
],
[
7,
83
],
[
3,
79
],
[
12,
78
],
[
12,
79
],
[
78,
79
],
[
3,
17
],
[
3,
89
],
[
17,
89
],
[
17,
91
],
[
17,
92
],
[
87,
91
],
[
91,
92
],
[
4,
25
],
[
25,
29
],
[
25,
79
],
[
4,
12
],
[
4,
90
],
[
12,
91
],
[
0,
5
],
[
0,
22
],
[
0,
80
],
[
5,
74
],
[
5,
77
],
[
8,
24
],
[
8,
74
],
[
8,
77
],
[
6,
81
],
[
10,
80
],
[
10,
81
],
[
6,
74
],
[
6,
75
],
[
74,
75
],
[
0,
23
],
[
0,
86
],
[
8,
23
],
[
23,
86
],
[
9,
10
],
[
9,
86
],
[
9,
87
],
[
10,
87
],
[
9,
78
],
[
77,
78
],
[
11,
88
],
[
11,
89
],
[
88,
89
],
[
11,
84
],
[
11,
85
],
[
13,
92
],
[
13,
93
],
[
92,
93
],
[
13,
29
],
[
13,
90
],
[
14,
29
],
[
29,
90
],
[
30,
42
],
[
30,
90
],
[
14,
93
],
[
15,
93
],
[
15,
94
],
[
15,
30
],
[
15,
88
],
[
28,
38
],
[
28,
88
],
[
16,
41
],
[
16,
94
],
[
40,
41
],
[
40,
44
],
[
41,
94
],
[
16,
37
],
[
16,
64
],
[
34,
35
],
[
35,
37
],
[
18,
95
],
[
18,
96
],
[
18,
26
],
[
18,
27
],
[
19,
27
],
[
19,
57
],
[
19,
82
],
[
57,
82
],
[
19,
96
],
[
19,
97
],
[
20,
97
],
[
20,
85
],
[
27,
28
],
[
27,
85
],
[
28,
55
],
[
21,
54
],
[
21,
58
],
[
54,
58
],
[
56,
58
],
[
58,
97
],
[
21,
67
],
[
64,
65
],
[
64,
66
],
[
64,
67
],
[
65,
67
],
[
22,
23
],
[
23,
24
],
[
31,
40
],
[
32,
40
],
[
31,
33
],
[
33,
34
],
[
32,
33
],
[
32,
48
],
[
33,
48
],
[
35,
36
],
[
36,
45
],
[
36,
60
],
[
45,
60
],
[
36,
37
],
[
36,
61
],
[
37,
39
],
[
38,
39
],
[
38,
41
],
[
38,
43
],
[
39,
41
],
[
41,
43
],
[
42,
43
],
[
43,
44
],
[
44,
46
],
[
45,
47
],
[
47,
50
],
[
46,
47
],
[
47,
49
],
[
48,
49
],
[
49,
50
],
[
51,
52
],
[
51,
65
],
[
51,
53
],
[
51,
54
],
[
52,
71
],
[
53,
71
],
[
55,
62
],
[
56,
59
],
[
56,
62
],
[
59,
62
],
[
57,
59
],
[
58,
59
],
[
58,
69
],
[
60,
63
],
[
60,
68
],
[
66,
68
],
[
61,
62
],
[
61,
63
],
[
62,
63
],
[
63,
67
],
[
68,
70
],
[
70,
72
],
[
69,
73
],
[
70,
73
],
[
71,
72
],
[
71,
73
]
],
"contact_t_pairs": [
[
0.36246101704200046,
0.8903283642727706
],
[
0.3140172540103776,
0.13708854411345237
],
[
0.12749406322886808,
0.822172776113547
],
[
0.9791135300057179,
0.20989015179665915
],
[
0.6962669499844659,
0.24382176150243126
],
[
0.6358361299180759,
0.11326409402722917
],
[
0.8725059367711318,
0.028970371148222963
],
[
0.3471260477032971,
0.1897083701579986
],
[
0.5184860818878136,
0.859201971217997
],
[
0.011822916971117533,
0.9019864962146046
],
[
0.1760129595661646,
0.8479334122809262
],
[
0.14140975349220036,
0.737303711826458
],
[
0.8864982421550636,
0.6849723095813264
],
[
0.5011924124162659,
0.17782722388645286
],
[
0.5496217555290703,
0.1343162960998568
],
[
0.8585902465078,
0.5310942523270811
],
[
0.020886469994281943,
0.9710296288517773
],
[
0.3341817226283079,
0.9900009263068922
],
[
0.6765947962614449,
0.23665406683925053
],
[
0.7006197073836542,
0.6508517861750815
],
[
0.1328384853891769,
0.47964907994600525
],
[
0.6658182773716922,
0.6912336057239921
],
[
0.5971418909185932,
0.17686883910185963
],
[
0.7493897272630581,
0.09405353897366768
],
[
0.9389840549416882,
0.2638108704643706
],
[
0.9881770830288823,
0.7764560043362432
],
[
0.1605120443623636,
0.5082795850137106
],
[
0.15286481782186123,
0.8426701908300147
],
[
0.16563666886978567,
0.5456856916475762
],
[
0.3262631176820133,
0.7508260590014934
],
[
0.11350175784493635,
0.009999073693108295
],
[
0.8343633311302149,
0.27534357942918297
],
[
0.5116195276795387,
0.19007821926975335
],
[
0.724656420570817,
0.847135182178139
],
[
0.6101532039957333,
0.29153964425121104
],
[
0.4228499417890878,
0.22895983231183983
],
[
0.8375284835904281,
0.7074757603278218
],
[
0.708460355748789,
0.9419176143248283
],
[
0.5206761863038513,
0.9028730469822721
],
[
0.5875835614027834,
0.3352248718537516
],
[
0.9393869504934224,
0.6631413915765775
],
[
0.7670674640257755,
0.7041110482566219
],
[
0.31225136919766067,
0.5881471984842491
],
[
0.963885753010876,
0.2925242396721782
],
[
0.5712183339533896,
0.886735905972771
],
[
0.6877486308023396,
0.05808238567517176
],
[
0.647576439572545,
0.8003150998852447
],
[
0.10868890725688247,
0.8629114558865472
],
[
0.16247151640957178,
0.4822244040016596
],
[
0.18728207304139505,
0.8190486351161665
],
[
0.06061304950657721,
0.004333084641177387
],
[
0.5531083306917465,
0.8822507582850718
],
[
0.4984480078450848,
0.06502249211747521
],
[
0.3522861308638765,
0.11774924171492847
],
[
0.5289139304033411,
0.8033947270473093
],
[
0.03611424698912388,
0.8394879556376362
],
[
0.6477138691361235,
0.8671615146108232
],
[
0.09712695301772742,
0.6047172931313357
],
[
0.3888694297932971,
0.1361085413850478
],
[
0.3504265388954437,
0.867512758369946
],
[
0.1521088046747367,
0.9059464610263346
],
[
0.4259872138005592,
0.14079802878200276
],
[
0.6495734611045562,
0.8694907401791823
],
[
0.17254807924650029,
0.15732980916998543
],
[
0.09231646562974435,
0.8861590405962904
],
[
0.22050263192774416,
0.9101591092074092
],
[
0.8372274197754425,
0.24917394099850662
],
[
0.9076835343702554,
0.8099217807302462
],
[
0.9691052818045466,
0.6279459439813305
],
[
0.31634636493681173,
0.7160399429283225
],
[
0.6919795452469865,
0.8615064987521739
],
[
0.27996898064735426,
0.39708814906325995
],
[
0.03089471819545337,
0.08984089079259065
],
[
0.05890988505759838,
0.3535362968178528
],
[
0.3999223992777734,
0.9624912095556866
],
[
0.7285901915654508,
0.720031019352645
],
[
0.9410901149424019,
0.6168051693656699
],
[
0.3207986404039361,
0.6057006258607314
],
[
0.5765666461948205,
0.8638914586149521
],
[
0.12291165671824326,
0.4312185487119947
],
[
0.06226783744585646,
0.13223751823084123
],
[
0.4354159583540795,
0.15196753073300223
],
[
0.1982170122902595,
0.7596283008951847
],
[
0.3754982073562591,
0.037508790444313385
],
[
0.5264624519658883,
0.6206286499364772
],
[
0.9377321625541438,
0.8692658845657459
],
[
0.5306532196928374,
0.14842275380751108
],
[
0.43010927314624026,
0.8459373585977281
],
[
0.3217775183642939,
0.0980135037853959
],
[
0.12292223814526826,
0.9313442032506071
],
[
0.7278462522554483,
0.262696288173542
],
[
0.8770777618547319,
0.5531575541280188
],
[
0.9332357359175815,
0.9199647156659498
],
[
0.5908250975995012,
0.7115643900832338
],
[
0.6496211768851106,
0.8656837039001432
],
[
0.7776465352244603,
0.8416835010120407
],
[
0.06676426408241869,
0.06865579674939308
],
[
0.3952934130187401,
0.7498973383239517
],
[
0.20976733669200848,
0.5226789092169061
],
[
0.7902326633079917,
0.13050925982081776
],
[
0.08003528433404997,
0.38405857572227653
],
[
0.5771575705638242,
0.311479387321298
],
[
0.6792013595960638,
0.5732763966615929
],
[
0.17710712419822333,
0.3765249352619912
],
[
0.0964710831159245,
0.9190368302176071
],
[
0.22853144471378342,
0.7690596965004322
],
[
0.7601146816826199,
0.5861611930082044
],
[
0.3942942910696182,
0.2501026616760484
],
[
0.9035289168840756,
0.0780577087562312
],
[
0.3672768685478953,
0.15481411534255649
],
[
0.13073411543425373,
0.46215438434084155
],
[
0.3297231236362182,
0.581100768495871
],
[
0.1935020165128456,
0.5408186953166831
],
[
0.7710401676881601,
0.9956669153588217
],
[
0.6083143290923338,
0.6647751281462482
],
[
0.16092564650442728,
0.508083604222028
],
[
0.8111720462444663,
0.8017829877097402
],
[
0.8390743534955729,
0.5475710975227553
],
[
0.8452632265140496,
0.4693467803071626
],
[
0.2301599761237934,
0.2153707870549944
],
[
0.18882795375553393,
0.6006411289630015
],
[
0.15473677348595047,
0.5698981810479145
],
[
0.8515772461924889,
0.7027657326489581
],
[
0.9247352529521178,
0.4104923234660003
],
[
0.8533776803831767,
0.8342309743178481
],
[
0.5895076765340016,
0.7396517537312772
],
[
0.29755491634103437,
0.48228118850820695
],
[
0.07526474704788161,
0.6992991518081666
],
[
0.1540626414022719,
0.510875509795356
],
[
0.6297006535359533,
0.42077844285977073
],
[
0.44449626578180024,
0.7776222730592998
],
[
0.3702993464640463,
0.848156474417577
],
[
0.5792215571402295,
0.8480324692669978
],
[
0.7024289091517055,
0.7575645731006717
],
[
0.1384935012478262,
0.6558752444657654
],
[
0.15184352558242298,
0.2403716991048149
],
[
0.4811891292167631,
0.4880009457162779
],
[
0.4349598163935144,
0.9174596358529266
],
[
0.69633169577566,
0.645516503678075
],
[
0.5119990542837225,
0.08254036414707336
],
[
0.6029979637204702,
0.8878507305553747
],
[
0.39935887103699863,
0.11214926944462529
],
[
0.5906794834294774,
0.3544834963219264
],
[
0.49387144826790536,
0.6811204924377466
],
[
0.08856703809713892,
0.8451858846574433
],
[
0.7148896293060729,
0.7843087651990424
],
[
0.911432961902861,
0.7714685552862165
],
[
0.3188795075622534,
0.7725079801362014
],
[
0.21569123480095745,
0.5974646188231616
],
[
0.4267236033384074,
0.4923859458773649
],
[
0.28699575559528984,
0.6873716887901719
],
[
0.2398853183173803,
0.7627776448961897
],
[
0.7344251469995629,
0.7387773793113513
],
[
0.22235346477553902,
0.46859224851535175
],
[
0.08096316978239292,
0.2655748530004372
],
[
0.4207072477655867,
0.8086395951821874
],
[
0.49925526329585174,
0.854199076435221
],
[
0.16576902568215182,
0.35931153473747235
],
[
0.5378456156591586,
0.6406884652625274
],
[
0.34860978975664464,
0.23722235510381035
],
[
0.3007008481918332,
0.2600004361156278
],
[
0.3545413518907217,
0.14580092356477867
],
[
0.5079962252899441,
0.9219422912437681
],
[
0.42239405926665996,
0.8083201620924146
],
[
0.5667446881551815,
0.8572366324153443
],
[
0.19136040481781255,
0.5037649492999607
],
[
0.19167983790758492,
0.9666961390328025
],
[
0.4467640358179163,
0.14276336758465563
],
[
0.22749201986379872,
0.03330386096719684
]
],
"half_couplers": [
{
"pose": [
[
-0.5973365050182065,
0.5732022664532647,
-0.5609173392804635,
0.6247898418916791
],
[
0.7569909926130226,
0.6339617897001971,
-0.15829430281243154,
-0.7519939139909013
],
[
0.26486550714539014,
-0.5191643390420452,
-0.812597472425094,
-0.6992969680186845
],
[
0.0,
0.0,
0.0,
1.0
]
],
"at_element": 1,
"to_element": 7
},
{
"pose": [
[
0.3258464786355122,
-0.5732022664532644,
0.7518398992429687,
0.6041547179299286
],
[
0.4049803327149211,
-0.633961789700199,
-0.6588500431162102,
-0.7748163640806784
],
[
0.8542921060591326,
0.5191643390420427,
0.02556142781791304,
-0.6806071945833132
],
[
0.0,
0.0,
0.0,
1.0
]
],
"at_element": 7,
"to_element": 1
},
{
"pose": [
[
-0.7775933302742137,
0.2841132717906402,
-0.560917339280464,
0.6655492618883256
],
[
0.43759063349990407,
0.8851312621132973,
-0.15829430281243256,
-0.7404913564488491
],
[
0.45151196018069106,
-0.3685407679241732,
-0.8125974724250935,
-0.6402490489272991
],
[
0.0,
0.0,
0.0,
1.0
]
],
"at_element": 1,
"to_element": 75
},
{
"pose": [
[
0.7923305865412736,
-0.2841132717906407,
0.5398998892605729,
0.6553212783663391
],
[
-0.00030265661126796517,
-0.885131262113297,
-0.4653413341072313,
-0.7723557882180241
],
[
0.6100919193286671,
0.36854076792417384,
-0.7014025608363028,
-0.6269817035556744
],
[
0.0,
0.0,
0.0,
1.0
]
],
"at_element": 75,
"to_element": 1
},
{
"pose": [
[
-0.7481965484749247,
0.35436374439935947,
-0.560917339280464,
0.8224853997192257
],
[
0.5170733617767739,
0.8411765880229854,
-0.1582943028124326,
-0.6962030187841849
],
[
0.41573677175717233,
-0.40847066530813936,
-0.8125974724250937,
-0.4128966388607218
],
[
0.0,
0.0,
0.0,
1.0
]
],
"at_element": 1,
"to_element": 76
},
{
"pose": [
[
0.7636209979342222,
-0.35436374439935964,
0.5397307737837521,
0.8097282986953162
],
[
-0.008185774419420533,
-0.8411765880229853,
-0.5406985674654252,
-0.7264853907309697
],
[
0.6456128597008403,
0.40847066530813936,
-0.6452408472590907,
-0.398191687733535
],
[
0.0,
0.0,
0.0,
1.0
]
],
"at_element": 76,
"to_element": 1
},
{
"pose": [
[
-0.024585562206033806,
-0.6588871800523479,
0.7518398992429691,
0.670906947988858
],
[
0.010727514591870713,
-0.7521978071733852,
-0.6588500431162099,
-0.8333124743519106
],
[
0.9996401705422278,
-0.008132825229602125,
0.025561427817911708,
-0.6783377189781292
],
[
0.0,
0.0,
0.0,
1.0
]
],
"at_element": 7,
"to_element": 75
},
{
"pose": [
[
-0.5238089284644594,
0.6588871800523487,
0.5398998892605729,
0.6946268582924942
],
[
0.46653606683176513,
0.7521978071733848,
-0.4653413341072317,
-0.8062333854624789
],
[
-0.7127189521866679,
0.008132825229602292,
-0.7014025608363026,
-0.6780449376176754
],
[
0.0,
0.0,
0.0,
1.0
]
],
"at_element": 75,
"to_element": 7
},
{
"pose": [
[
-0.6545124601650862,
-0.5069370552476629,
-0.560917339280464,
0.34393353827849793
],
[
-0.5162477178788296,
0.8416835554304397,
-0.15829430281243326,
-0.8312532801355733
],
[
0.5523601481583799,
0.18596670275832186,
-0.812597472425094,
-1.106171754103006
],
[
0.0,
0.0,
0.0,
1.0
]
],
"at_element": 1,
"to_element": 17
},
{
"pose": [
[
0.11665410663892917,
0.5069370552476612,
0.8540530670989379,
0.36218327491466373
],
[
-0.14676879572640208,
-0.8416835554304409,
0.5196419085476008,
-0.8615538925263816
],
[
0.9822681609445025,
-0.1859667027583197,
-0.02378330212362778,
-1.1128665563734328
],
[
0.0,
0.0,
0.0,
1.0
]
],
"at_element": 17,
"to_element": 1
},
{
"pose": [
[
0.7619217582410087,
-0.32380082274981076,
-0.5609173392804643,
0.39477858048176184
],
[
-0.4826151401755116,
-0.8614090434691855,
-0.15829430281243484,
-0.816904498339384
],
[
-0.431923443207591,
0.3913150738421013,
-0.8125974724250933,
-1.0325128566392197
],
[
0.0,
0.0,
0.0,
1.0
]
],
"at_element": 1,
"to_element": 81
},
{
"pose": [
[
-0.6228784698907757,
0.3238008227498096,
0.7121625087949184,
0.40643540847946247
],
[
-0.1172353453535529,
0.8614090434691852,
-0.49419665481398856,
-0.7858937770876265
],
[
-0.773484508924619,
-0.39131507384210207,
-0.49859224566532445,
-1.0466001973381944
],
[
0.0,
0.0,
0.0,
1.0
]
],
"at_element": 81,
"to_element": 1
},
{
"pose": [
[
0.6672986296059217,
-0.48998395628896274,
-0.5609173392804637,
0.19565028295970577
],
[
-0.6673884504196439,
-0.7276919471476875,
-0.15829430281243193,
-0.8730997214482206
],
[
-0.33061336205986214,
0.4799793252170589,
-0.812597472425094,
-1.320988786911412
],
[
0.0,
0.0,
0.0,
1.0
]
],
"at_element": 1,
"to_element": 83
},
{
"pose": [
[
0.8175654207400572,
0.48998395628896324,
-0.302493810497915,
0.21328971253112672
],
[
-0.1925453104466351,
0.7276919471476865,
0.6583241857029236,
-0.8469028007395926
],
[
0.5426905989927797,
-0.47997932521705966,
0.6892798859164787,
-1.3382680496183554
],
[
0.0,
0.0,
0.0,
1.0
]
],
"at_element": 83,
"to_element": 1
},
{
"pose": [
[
0.431375422540595,
-0.2907036350079206,
0.854053067098939,
0.4504106173889798
],
[
-0.73305223625122,
0.43886980507673823,
0.5196419085475992,
-0.8078726560838162
],
[
-0.5258798948001424,
-0.8502262585836122,
-0.023783302123628225,
-1.1153234734228137
],
[
0.0,
0.0,
0.0,
1.0
]
],
"at_element": 17,
"to_element": 81
},
{
"pose": [
[
0.6389960544949473,
0.2907036350079196,
0.7121625087949186,
0.46087615595176273
],
[
0.7504418435578951,
-0.43886980507673745,
-0.4941966548139861,
-0.8236722826311296
],
[
0.16888185745460643,
0.850226258583613,
-0.49859224566532645,
-1.084714720642495
],
[
0.0,
0.0,
0.0,
1.0
]
],
"at_element": 81,
"to_element": 17
},
{
"pose": [
[
-0.2796167323065535,
0.4386431825448812,
0.854053067098938,
0.5967611801624453
],
[
0.497154784518826,
-0.6948448798912219,
0.5196419085476006,
-0.7188268008713922
],
[
0.8213717813781071,
0.5698971409788359,
-0.023783302123629335,
-1.1193989808877394
],
[
0.0,
0.0,
0.0,
1.0
]
],
"at_element": 17,
"to_element": 84
},
{
"pose": [
[
-0.7935411826301288,
-0.43864318254488166,
0.42176361848418586,
0.5809703538219494
],
[
-0.5971138706898801,
0.694844879891219,
-0.40080621042931275,
-0.6938129051389028
],
[
-0.11724937910166278,
-0.5698971409788393,
-0.8133079563144698,
-1.1399148515161883
],
[
0.0,
0.0,
0.0,
1.0
]
],
"at_element": 84,
"to_element": 17
},
{
"pose": [
[
-0.33095291092406587,
0.4013272098048959,
0.8540530670989387,
0.16404395017928536
],
[
0.5780717359937291,
-0.6291306342296523,
0.5196419085475995,
-0.9821102148794713
],
[
0.7458573850248341,
0.6656809414006176,
-0.023783302123628447,
-1.107348857761612
],
[
0.0,
0.0,
0.0,
1.0
]
],
"at_element": 17,
"to_element": 95
},
{
"pose": [
[
-0.7701123950363957,
-0.40132720980489656,
0.4958461149202672,
0.1495961339081075
],
[
-0.6252188116617223,
0.6291306342296537,
-0.46183988850909957,
-0.9594614544868268
],
[
-0.12660306692813597,
-0.665680941400616,
-0.7354186207190971,
-1.1313134325564693
],
[
0.0,
0.0,
0.0,
1.0
]
],
"at_element": 95,
"to_element": 17
},
{
"pose": [
[
0.7280225072442621,
0.6610214602392408,
-0.18175218856718084,
0.21677297277022958
],
[
0.6816487655943142,
-0.7262279873629127,
0.08915083137335739,
-0.6259566423478626
],
[
-0.0730629133659893,
-0.1887949667602259,
-0.9792947825943314,
0.014534173835221986
],
[
0.0,
0.0,
0.0,
1.0
]
],
"at_element": 2,
"to_element": 25
},
{
"pose": [
[
0.19437824630828693,
-0.6610214602392412,
-0.7247535625750978,
0.19297649703949937
],
[
-0.07728985862952698,
0.726227987362912,
-0.6830952994449908,
-0.5998127609222824
],
[
0.9778769734047033,
0.18879496676022678,
0.09007266739062514,
0.02133070785844073
],
[
0.0,
0.0,
0.0,
1.0
]
],
"at_element": 25,
"to_element": 2
},
{
"pose": [
[
-0.6899244435948995,
0.7006928029324323,
-0.18175218856718117,
0.2262067854233058
],
[
0.6980655098280625,
0.7104622954484823,
0.08915083137335643,
-0.6305839992323788
],
[
0.1915954230109787,
-0.06536759644322986,
-0.9792947825943319,
0.0653642825891265
],
[
0.0,
0.0,
0.0,
1.0
]
],
"at_element": 2,
"to_element": 26
},
{
"pose": [
[
-0.056041593505229415,
-0.7006928029324329,
0.7112586981655027,
0.200981851670679
],
[
0.14614408240995752,
-0.7104622954484823,
-0.6883932262323808,
-0.6561606346158527
],
[
0.9876746665648293,
0.06536759644322998,
0.1422175458981373,
0.06771751539378532
],
[
0.0,
0.0,
0.0,
1.0
]
],
"at_element": 26,
"to_element": 2
},
{
"pose": [
[
-0.6881104283346007,
0.035161227963170005,
-0.7247535625750967,
0.1650264991981158
],
[
0.7109264334611586,
-0.1672256501926459,
-0.6830952994449924,
-0.6261562149332014
],
[
-0.1452158552754121,
-0.9852914644742281,
0.09007266739062225,
0.024804344952669935
],
[
0.0,
0.0,
0.0,
1.0
]
],
"at_element": 25,
"to_element": 26
},
{
"pose": [
[
0.7020503915902598,
-0.03516122796317084,
0.7112586981655021,
0.1637606866366314
],
[
0.705797667887208,
0.1672256501926428,
-0.6883932262323812,
-0.620136051791062
],
[
-0.09473594710003941,
0.9852914644742284,
0.14221754589813718,
0.060275071793074425
],
[
0.0,
0.0,
0.0,
1.0
]
],
"at_element": 26,
"to_element": 25
},
{
"pose": [
[
-0.48333964005966723,
-0.49103468908183384,
-0.7247535625750992,
0.4442782719822633
],
[
0.5972177493177382,
0.4203709930240377,
-0.6830952994449895,
-0.36295561378987656
],
[
0.6400888627736361,
-0.7630027276113049,
0.0900726673906248,
-0.009901178893061514
],
[
0.0,
0.0,
0.0,
1.0
]
],
"at_element": 25,
"to_element": 76
},
{
"pose": [
[
0.6837950174936209,
0.4910346890818312,
0.5397307737837522,
0.4619551752076675
],
[
0.7286516913895288,
-0.4203709930240376,
-0.5406985674654257,
-0.37808867368906146
],
[
-0.038614591621268735,
0.7630027276113067,
-0.6452408472590903,
0.017566382313101703
],
[
0.0,
0.0,
0.0,
1.0
]
],
"at_element": 76,
"to_element": 25
},
{
"pose": [
[
-0.9573829391124542,
0.22446391658223974,
-0.18175218856718064,
0.11491664826891843
],
[
0.211283016370863,
0.9733507159593959,
0.08915083137335841,
-0.5759953401951244
],
[
0.19691976764567928,
0.04695033433206486,
-0.9792947825943314,
-0.5342755430915136
],
[
0.0,
0.0,
0.0,
1.0
]
],
"at_element": 2,
"to_element": 82
},
{
"pose": [
[
-0.845134678709546,
-0.22446391658224052,
-0.48514258212928885,
0.1068359654800202
],
[
0.21842979526774303,
-0.9733507159593959,
0.0698341483847511,
-0.6110358870134062
],
[
-0.4878891261155599,
-0.04695033433206339,
0.871642051948105,
-0.5359657513189511
],
[
0.0,
0.0,
0.0,
1.0
]
],
"at_element": 82,
"to_element": 2
},
{
"pose": [
[
0.48879329716132547,
-0.8532568514821318,
-0.1817521885671785,
0.030683099118393342
],
[
-0.8559450572572195,
-0.5093232649529897,
0.08915083137336131,
-0.5346781434367364
],
[
-0.16863917577803555,
0.1119935586381,
-0.9792947825943314,
-0.9881323898937844
],
[
0.0,
0.0,
0.0,
1.0
]
],
"at_element": 2,
"to_element": 83
},
{
"pose": [
[
0.4247943502558027,
0.8532568514821326,
-0.30249381049791496,
0.06140034637133198
],
[
-0.5542554269433977,
0.5093232649529895,
0.6583241857029246,
-0.5163425055405283
],
[
0.7157867571382852,
-0.11199355863809712,
0.6892798859164778,
-0.9921641580834535
],
[
0.0,
0.0,
0.0,
1.0
]
],
"at_element": 83,
"to_element": 2
},
{
"pose": [
[
-0.2369308846825553,
0.6153052265257155,
0.7518398992429705,
-0.04952638826202689
],
[
-0.30614326892479776,
0.6871629497999796,
-0.6588500431162085,
-0.2019845345482575
],
[
-0.9220303979672151,
-0.38627264805099637,
0.025561427817912152,
-0.7028313708057816
],
[
0.0,
0.0,
0.0,
1.0
]
],
"at_element": 7,
"to_element": 83
},
{
"pose": [
[
-0.7279402261316457,
-0.6153052265257142,
-0.302493810497914,
-0.07167738204645807
],
[
0.3072724311433905,
-0.6871629497999798,
0.6583241857029257,
-0.22672240702799765
],
[
-0.6129328513292779,
0.38627264805099715,
0.6892798859164772,
-0.6889255519418883
],
[
0.0,
0.0,
0.0,
1.0
]
],
"at_element": 83,
"to_element": 7
},
{
"pose": [
[
0.22317222684736937,
-0.9584408155824587,
-0.17772270589212197,
0.7863163563525994
],
[
-0.8954020805887449,
-0.2736273793384436,
0.35125940749497675,
-0.7170947709097927
],
[
-0.38529115126269503,
0.0807419364519261,
-0.9192559319670777,
-0.8045042114611451
],
[
0.0,
0.0,
0.0,
1.0
]
],
"at_element": 3,
"to_element": 79
},
{
"pose": [
[
-0.25903779167846386,
0.9584408155824589,
0.11954340428470295,
0.8208202088839411
],
[
0.7160719580845716,
0.27362737933844405,
-0.6421596437968542,
-0.7072441900583359
],
[
-0.6481823611664177,
-0.08074193645192324,
-0.7571924236089007,
-0.8074109197556361
],
[
0.0,
0.0,
0.0,
1.0
]
],
"at_element": 79,
"to_element": 3
},
{
"pose": [
[
-0.18967261897865595,
-0.8326201836520271,
0.5203536560696413,
0.7975871606216327
],
[
-0.043317249323439666,
-0.522361867154034,
-0.8516229774110154,
-0.45152874278096156
],
[
0.9808913872192113,
-0.18406984956427996,
0.06301092731070312,
-0.5622307870434978
],
[
0.0,
0.0,
0.0,
1.0
]
],
"at_element": 12,
"to_element": 78
},
{
"pose": [
[
-0.2786898340109707,
0.8326201836520271,
0.47861843486665034,
0.827561320879433
],
[
0.6823598054303481,
0.5223618671540333,
-0.5113933668678244,
-0.4327238199289083
],
[
-0.6758084583312011,
0.18406984956427985,
-0.7137234885649963,
-0.5556043092354908
],
[
0.0,
0.0,
0.0,
1.0
]
],
"at_element": 78,
"to_element": 12
},
{
"pose": [
[
-0.20852554189780648,
0.8280997349300283,
0.5203536560696412,
0.8100886109608224
],
[
-0.1982721495430642,
0.4852076453037095,
-0.8516229774110151,
-0.47198890912289243
],
[
-0.95770833404111,
-0.2807567807687757,
0.06301092731070379,
-0.5607169551151302
],
[
0.0,
0.0,
0.0,
1.0
]
],
"at_element": 12,
"to_element": 79
},
{
"pose": [
[
0.5476862272331122,
-0.8280997349300285,
0.1195434042847042,
0.7802771661123543
],
[
-0.5934682239324438,
-0.4852076453037091,
-0.6421596437968529,
-0.4894562990372834
],
[
0.589775604515506,
0.2807567807687761,
-0.757192423608902,
-0.5506097603743554
],
[
0.0,
0.0,
0.0,
1.0
]
],
"at_element": 79,
"to_element": 12
},
{
"pose": [
[
-0.8575759482291097,
-0.18838228904210014,
0.4786184348666502,
0.7530292442168247
],
[
-0.44667819914459655,
0.7341358258064574,
-0.511393366867826,
-0.3530879203322672
],
[
-0.2550334868755148,
-0.6523470720733936,
-0.7137234885649952,
-0.44446088079556567
],
[
0.0,
0.0,
0.0,
1.0
]
],
"at_element": 78,
"to_element": 79
},
{
"pose": [
[
0.9747930486350846,
0.18838228904209986,
0.11954340428470406,
0.7598110117869765
],
[
0.22062543177559257,
-0.7341358258064581,
-0.642159643796855,
-0.3795168301881624
],
[
-0.03321040780464454,
0.6523470720733934,
-0.7571924236089005,
-0.4209763683163583
],
[
0.0,
0.0,
0.0,
1.0
]
],
"at_element": 79,
"to_element": 78
},
{
"pose": [
[
-0.8645998385267617,
-0.46998059431202044,
-0.17772270589212302,
0.7273770104708639
],
[
-0.5018579919824518,
0.7904146914940412,
0.35125940749497514,
-0.6006043111869566
],
[
-0.024610467342967915,
0.3928903873098702,
-0.9192559319670781,
-1.109363081666126
],
[
0.0,
0.0,
0.0,
1.0
]
],
"at_element": 3,
"to_element": 17
},
{
"pose": [
[
0.2229609821224644,
0.46998059431202127,
0.8540530670989395,
0.7442967327284805
],
[
-0.32437154984891986,
-0.7904146914940404,
0.5196419085475985,
-0.6290599478882885
],
[
0.9192777045591805,
-0.3928903873098709,
-0.023783302123629113,
-1.123507487438244
],
[
0.0,
0.0,
0.0,
1.0
]
],
"at_element": 17,
"to_element": 3
},
{
"pose": [
[
0.7515849755789151,
-0.6352437833575575,
-0.17772270589212308,
0.7395823637022019
],
[
-0.5545481964363592,
-0.754382612787079,
0.3512594074949754,
-0.624727538001368
],
[
-0.3572062741795316,
-0.16544548718570895,
-0.9192559319670777,
-1.046231906033051
],
[
0.0,
0.0,
0.0,
1.0
]
],
"at_element": 3,
"to_element": 89
},
{
"pose": [
[
0.52409191507354,
0.6352437833575572,
-0.5672680144870907,
0.7624511374619245
],
[
-0.578416878411011,
0.7543826127870791,
0.310388125246121,
-0.5975697668400158
],
[
0.6251092539099155,
0.16544548718570984,
0.7628015544334398,
-1.0402758691301484
],
[
0.0,
0.0,
0.0,
1.0
]
],
"at_element": 89,
"to_element": 3
},
{
"pose": [
[
0.29337442305421035,
-0.4295635069189478,
0.8540530670989388,
0.7939651466994985
],
[
-0.5189208131062024,
0.678744043514347,
0.5196419085475997,
-0.5988395898980021
],
[
-0.8029026327163258,
-0.5956355571297681,
-0.02378330212362889,
-1.1248906320471461
],
[
0.0,
0.0,
0.0,
1.0
]
],
"at_element": 17,
"to_element": 89
},
{
"pose": [
[
-0.7026252153626196,
0.4295635069189485,
-0.5672680144870912,
0.8094296083347965
],
[
-0.6655567106565687,
-0.6787440435143473,
0.31038812524612147,
-0.6232746525885001
],
[
-0.251698374322602,
0.5956355571297671,
0.7628015544334392,
-1.103447508798805
],
[
0.0,
0.0,
0.0,
1.0
]
],
"at_element": 89,
"to_element": 17
},
{
"pose": [
[
0.08251377851242014,
-0.5135998782461866,
0.8540530670989395,
0.9558887637579938
],
[
-0.18047324567435616,
0.8351057983733395,
0.5196419085475984,
-0.5003184316132797
],
[
-0.9801126894145218,
-0.19701134634515213,
-0.023783302123628003,
-1.1293998112232533
],
[
0.0,
0.0,
0.0,
1.0
]
],
"at_element": 17,
"to_element": 91
},
{
"pose": [
[
-0.799806058325313,
0.5135998782461862,
-0.31068542632641943,
0.9743783635223153
],
[
-0.5490970287452185,
-0.835105798373341,
0.033026633894445045,
-0.5303822470984266
],
[
-0.24249272584821796,
0.19701134634514766,
0.949938843990482,
-1.1223074011639076
],
[
0.0,
0.0,
0.0,
1.0
]
],
"at_element": 91,
"to_element": 17
},
{
"pose": [
[
-0.40434682757744356,
0.3272567823696746,
0.8540530670989389,
0.9979022202757462
],
[
0.6919352491877575,
-0.501196466280923,
0.5196419085475994,
-0.4747556726108145
],
[
