{
"line_pt_pairs": [
[
[
0.08963023895246428,
0.7678602929158169,
-0.7279594016720512
],
[
0.6201989475572773,
-0.07628643616156983,
-0.8048563797490231
]
],
[
[
0.28659713175881063,
-0.24455476247833025,
-0.04353921626725307
],
[
0.45353687368268386,
0.11095981262032856,
-0.9631807276502544
]
],
[
[
0.07705571707640099,
-0.24388977337161902,
0.013145593235690561
],
[
0.5763142310649525,
0.13408820539369978,
-0.7665168874432425
]
],
[
[
0.27316789888900667,
-0.4219103648491117,
-0.2042748220831042
],
[
0.59811611451386,
0.22559355311861917,
-0.8935841382675453
]
],
[
[
0.5275266530144146,
0.6763118465042547,
-0.3262648568689257
],
[
0.4692551469266043,
-0.036867955571919686,
-1.0248197949295244
]
],
[
[
-0.15076788863580934,
0.29121461082053707,
0.030974495888817705
],
[
0.273904630322144,
0.49587389292064243,
-0.8509369678603369
]
],
[
[
-0.25191408662273745,
0.000694122201139416,
0.056036966836780014
],
[
0.0791524162621566,
0.5217559378851213,
-0.7306583712094542
]
],
[
[
-0.4502623395521561,
0.30405774699496213,
-0.3140506075404335
],
[
0.3073672870078802,
0.649213114049001,
-0.8680046864606015
]
],
[
[
0.36717139622046163,
-0.294131563256656,
-0.1578825351759582
],
[
0.5715607190485861,
0.6338871317982032,
-0.46934088928214873
]
],
[
[
0.6679958272000999,
0.6259569332493544,
-0.6035115971756828
],
[
-0.12139664790843752,
0.26744653782303923,
-0.10518457943202836
]
],
[
[
0.12322053284525408,
0.1773948453993517,
0.24912250623211887
],
[
0.6528576504489659,
0.5314896445883667,
-0.5216572267939404
]
],
[
[
0.6102115255796723,
0.6277766548985922,
-0.5199942203181086
],
[
0.29030637620039296,
0.6133863387606159,
-0.9039911137978217
]
],
[
[
-0.47047263663965866,
0.008041809849602571,
0.7383462055512073
],
[
-0.2101061766651807,
0.019799395127640104,
-0.22709207093713868
]
],
[
[
0.21805477422601705,
0.37789658077124744,
0.4048989851561731
],
[
0.37559775338736645,
-0.30909310570086707,
-0.3044848181533699
]
],
[
[
0.4658711793310797,
0.2037297493731896,
0.37439555148043335
],
[
-0.21989069492674784,
0.19923574281994003,
-0.3534165504521266
]
],
[
[
-0.43037538448941487,
0.1411790382240987,
0.5251742987376837
],
[
-0.363617143298835,
0.3971351338569468,
-0.4392062352537117
]
],
[
[
0.1394216946139696,
-0.35639014866275565,
0.6438471652280175
],
[
0.29998690421902063,
-0.1387918289576549,
-0.31889360191857163
]
],
[
[
-0.4037387549184736,
-0.019438179513027506,
0.6241973778321122
],
[
-0.14020997074002606,
0.17092587759662367,
-0.3214844426922029
]
],
[
[
-0.4848055747620544,
0.0372676737766752,
0.6598446684205521
],
[
0.4244339961277619,
0.24513042911389754,
0.299183501018625
]
],
[
[
0.07269283022076385,
-0.5658634549839078,
0.5177213102097779
],
[
0.30182217426832275,
0.3788249032702913,
0.283064860319046
]
],
[
[
-0.4904642536694049,
-0.2786650621280804,
0.5834595852509139
],
[
-0.2709837691558623,
0.25289030937329277,
-0.23463405483299338
]
],
[
[
-0.9347115993762363,
0.03356632550803399,
0.30907729976641274
],
[
-0.333939386599144,
0.2865096116466832,
-0.44927119687104855
]
],
[
[
-0.42034614172969087,
0.22717227650156674,
0.5452475311190595
],
[
0.1692840734130483,
-0.5739873458346274,
0.4428782538487101
]
],
[
[
-0.09782786107730387,
0.14067050123566893,
0.6219426318140441
],
[
-0.9785853783777971,
0.09645273898467518,
0.1504439730458712
]
],
[
[
-0.5638150051989135,
-0.3077312970186608,
0.527997759218552
],
[
-0.27666355787945285,
0.08937324139906261,
0.6272551613122291
]
],
[
[
-0.37138283685070017,
-0.4223621087754912,
0.5833444594397752
],
[
-1.0594368437982566,
0.21002636062370145,
0.22744207493756596
]
],
[
[
-0.5480876553770574,
-0.09025558094950853,
0.6082842510611223
],
[
-0.18234220752342484,
-0.42907191606775874,
0.5704192483358695
]
],
[
[
0.06553231959246172,
-0.2694218669510553,
0.7141674515350172
],
[
0.06040990433715522,
-0.18607605767627125,
-0.28234006822501145
]
],
[
[
0.11655722550779428,
-0.13532183060055217,
0.5743230220856494
],
[
-0.0022822695543125576,
-1.0207439489862509,
0.12498479014142116
]
],
[
[
0.02362425016034535,
-0.31008396908770264,
0.6431330937908004
],
[
0.21147821201647826,
-0.3528657057693725,
-0.33813170840147966
]
],
[
[
-0.622029024859732,
-0.5175455491807404,
0.6370930958149115
],
[
0.34516026016253987,
-0.26349143744667997,
0.6382743024539058
]
],
[
[
0.024945382844562543,
-1.0136547540053675,
0.29226026664051113
],
[
0.18655659564546262,
-0.29775561548178886,
-0.38698213439038753
]
],
[
[
-0.4633075897415433,
-0.41222669660132083,
0.7299311871799619
],
[
0.06646470249873881,
-1.0407030472378007,
0.16040612621676809
]
],
[
[
-0.35720490006416106,
-0.43110362854465295,
0.7166978745997425
],
[
0.014132240364039317,
-0.09721149736178109,
-0.14968816688105557
]
],
[
[
-0.015038470968438324,
0.38441463570773493,
-0.14994102403871135
],
[
-0.40161142601532435,
0.30550353735643077,
-0.4570800625592306
]
],
[
[
-0.1848795452644902,
0.4574112318173835,
-0.02098554661098803
],
[
0.4226117389734671,
-0.3333638008505767,
-0.09601345664388022
]
],
[
[
-0.13816187048877335,
0.05969547461890697,
-0.13178079926634445
],
[
-0.4859496634988948,
0.3694939239844838,
-0.31362846024616864
]
],
[
[
-0.4734101843762488,
0.3374593961404291,
-0.18456720563229578
],
[
0.189793613323673,
-0.3991872568939069,
-0.05223266256166831
]
],
[
[
0.2786030893960752,
-0.10714046674922499,
-0.17421176287093948
],
[
0.3040818021466217,
-0.5083031140032354,
-0.4715657028897822
]
],
[
[
0.13230858934007445,
-0.12859570767288245,
-0.14117047245266967
],
[
0.3192531150857607,
-0.4989329273460257,
-0.42027992771795886
]
]
],
"contact_id_pairs": [
[
1,
16
],
[
0,
3
],
[
0,
4
],
[
1,
4
],
[
2,
3
],
[
2,
27
],
[
2,
39
],
[
27,
37
],
[
33,
37
],
[
3,
38
],
[
29,
31
],
[
29,
39
],
[
38,
39
],
[
0,
5
],
[
0,
7
],
[
6,
7
],
[
7,
11
],
[
4,
8
],
[
4,
9
],
[
8,
10
],
[
9,
11
],
[
5,
9
],
[
5,
34
],
[
5,
35
],
[
14,
17
],
[
14,
35
],
[
6,
12
],
[
6,
36
],
[
12,
37
],
[
20,
36
],
[
20,
37
],
[
7,
15
],
[
7,
34
],
[
7,
36
],
[
21,
34
],
[
1,
13
],
[
1,
35
],
[
1,
38
],
[
8,
13
],
[
10,
14
],
[
13,
14
],
[
13,
19
],
[
14,
18
],
[
18,
19
],
[
12,
17
],
[
12,
18
],
[
15,
23
],
[
17,
24
],
[
18,
23
],
[
18,
24
],
[
22,
23
],
[
16,
19
],
[
16,
30
],
[
19,
22
],
[
19,
28
],
[
22,
28
],
[
27,
28
],
[
28,
29
],
[
29,
30
],
[
20,
24
],
[
24,
25
],
[
24,
26
],
[
21,
23
],
[
21,
25
],
[
26,
33
],
[
30,
32
],
[
30,
33
],
[
28,
31
],
[
31,
32
]
],
"contact_t_pairs": [
[
0.28064754556908267,
0.9874534414586842
],
[
0.7997357670335491,
0.8148663270746075
],
[
0.7040866008267215,
0.6807651978882404
],
[
0.9425449490059536,
0.8306459941405816
],
[
0.992374458287562,
0.8388752138628226
],
[
0.007625541712435568,
0.7067878283384251
],
[
0.20854142021843605,
0.09980310972211613
],
[
0.7982049338891571,
0.7664396480674897
],
[
0.9191414403974266,
0.6574000064258099
],
[
0.16112478613717499,
0.5103259928726078
],
[
0.9913445678237033,
0.9256263966354618
],
[
0.9668528226560551,
0.5682479823771192
],
[
0.8311671713925959,
0.9001968902778876
],
[
0.3257690772969114,
0.9081663604162218
],
[
0.2002642329664506,
0.8290915372278346
],
[
0.9845976682977517,
0.6936759734453578
],
[
0.9973713716426599,
0.9211955784780821
],
[
0.16935400585941837,
0.9085521081526772
],
[
0.21112957774805965,
0.221189906286895
],
[
0.8264670868015623,
0.8354074830163996
],
[
0.091808463371085,
0.07880442152191745
],
[
0.20555053131770096,
0.9081915366289157
],
[
0.2458728430725452,
0.10608821814264023
],
[
0.09183363958377824,
0.16315404729607869
],
[
0.9053303310220532,
0.9666190182621913
],
[
0.6080309172877708,
0.34832656599968204
],
[
0.015402331702248213,
0.728666561407546
],
[
0.24096480956946523,
0.131014531579444
],
[
0.9086144969801633,
0.39968679521630573
],
[
0.9492097041060016,
0.4508239636383614
],
[
0.8768216512112763,
0.23356035193251043
],
[
0.12054674497141035,
0.9308398028392263
],
[
0.1446027224053122,
0.8132180966730979
],
[
0.0026286283573402802,
0.8689854684205559
],
[
0.9721165406322008,
0.8939117818573598
],
[
0.15545735530445517,
0.8240683528284307
],
[
0.057455050994046165,
0.8368459527039217
],
[
0.1904983384847536,
0.1688328286074078
],
[
0.09144789184732252,
0.8492446036293771
],
[
0.1645925169836007,
0.3585611786494855
],
[
0.28982304327444686,
0.26617783698518604
],
[
0.15075539637062288,
0.8840382656277983
],
[
0.09466966897794703,
0.9676777401795333
],
[
0.8319835340960544,
0.8157964353474517
],
[
0.2776295707185218,
0.15284220364530227
],
[
0.09138550301983685,
0.03232225982046671
],
[
0.06916019716077426,
0.36509560046350054
],
[
0.03338098173780886,
0.6876530573725093
],
[
0.30046430298955135,
0.13525001055108468
],
[
0.18801073259004916,
0.9226051372138312
],
[
0.14043627100886633,
0.25521904067331863
],
[
0.19353191772150713,
0.2742047317593029
],
[
0.012546558541313892,
0.7800449170986654
],
[
0.11596173437220171,
0.8595637289911335
],
[
0.21457519543526637,
0.24915825982524803
],
[
0.8234555580844866,
0.32021686806273986
],
[
0.20179506611084302,
0.13755015196174084
],
[
0.21505132750959563,
0.17566770265755574
],
[
0.008655432176296595,
0.6786510326529004
],
[
0.05079029589399835,
0.19163129724432462
],
[
0.07739486278616876,
0.22600329258677382
],
[
0.3640432780116709,
0.23542787887241176
],
[
0.13456604078111675,
0.8647499894489153
],
[
0.02788345936779936,
0.7739967074132262
],
[
0.7645721211275883,
0.17928067040093892
],
[
0.21995508290133445,
0.11241307466453157
],
[
0.31400684290648817,
0.08085855960257336
],
[
0.8624498480382593,
0.15199460784089433
],
[
0.07437360336453791,
0.8875869253354683
]
],
"half_couplers": [
{
"pose": [
[
0.03208485896908542,
0.9854449169747427,
0.1669397419237752,
0.33344836058768174
],
[
0.930277625244771,
-0.09051478808072999,
0.3555145750987576,
-0.14478046956285634
],
[
0.3654505463039884,
0.14389367167232653,
-0.9196415113829808,
-0.301634349240334
],
[
0.0,
0.0,
0.0,
1.0
]
],
"at_element": 1,
"to_element": 16
},
{
"pose": [
[
-0.05583125534283573,
-0.9854449169747436,
0.1605652096049568,
0.2979723634170122
],
[
-0.9718323129018581,
0.09051478808072255,
0.21759831970520085,
-0.1415219390143269
],
[
-0.22896468401626485,
-0.14389367167232378,
-0.9627407671465822,
-0.30681451852345565
],
[
0.0,
0.0,
0.0,
1.0
]
],
"at_element": 16,
"to_element": 1
},
{
"pose": [
[
-0.523065830794121,
-0.6670074827954185,
0.5305687086048099,
0.5139450120925341
],
[
-0.3974414863782477,
-0.3598007291451697,
-0.8441467290773884,
0.09276596104825148
],
[
0.7539511930895164,
-0.6524143263306869,
-0.07689697807697593,
-0.7894566654170003
],
[
0.0,
0.0,
0.0,
1.0
]
],
"at_element": 0,
"to_element": 3
},
{
"pose": [
[
-0.6704548270071156,
0.6670074827954201,
0.32494821562485415,
0.5379572578446785
],
[
0.6717753430448637,
0.3598007291451646,
0.6475039179677324,
0.10571877455167109
],
[
0.31497335350758654,
0.6524143263306881,
-0.6893093161844397,
-0.765969772780629
],
[
0.0,
0.0,
0.0,
1.0
]
],
"at_element": 3,
"to_element": 0
},
{
"pose": [
[
0.4992374008899314,
-0.6850247170738353,
0.530568708604812,
0.4631965574990504
],
[
0.23788697076285584,
-0.48044363761966946,
-0.8441467290773874,
0.17350789184072432
],
[
0.8331697346243069,
0.5476450018658912,
-0.07689697807697082,
-0.7821015335801134
],
[
0.0,
0.0,
0.0,
1.0
]
],
"at_element": 0,
"to_element": 4
},
{
"pose": [
[
-0.7261856295577385,
0.6850247170738359,
-0.058271506087811176,
0.4878574396413006
],
[
0.5104394978656792,
0.4804436376196689,
-0.7131798020761759,
0.1908038574139717
],
[
-0.4605496177856021,
-0.5476450018658905,
-0.6985549380605971,
-0.8018167475135567
],
[
0.0,
0.0,
0.0,
1.0
]
],
"at_element": 4,
"to_element": 0
},
{
"pose": [
[
-0.1313750170939212,
-0.9771753821346313,
0.166939741923874,
0.4439453422975148
],
[
-0.9163928420312161,
0.1839389734840653,
0.35551457509865797,
0.09053370457890839
],
[
-0.37810681553963427,
-0.10627665116885243,
-0.9196415113830017,
-0.9103426777175022
],
[
0.0,
0.0,
0.0,
1.0
]
],
"at_element": 1,
"to_element": 4
},
{
"pose": [
[
0.20428583927501265,
0.9771753821346308,
-0.058271506087809455,
0.47912365991003647
],
[
0.6764177880158205,
-0.18393897348406596,
-0.713179802076175,
0.0839119008077076
],
[
-0.707620146637649,
0.10627665116885227,
-0.6985549380605978,
-0.906516717856084
],
[
0.0,
0.0,
0.0,
1.0
]
],
"at_element": 4,
"to_element": 1
},
{
"pose": [
[
-0.44573959815970454,
0.7430054823770602,
0.4992585139885523,
0.572507114441243
],
[
0.8836716054165819,
0.2761469560740517,
0.3779779787653203,
0.13120591855024183
],
[
0.1429709915084399,
0.6096603249422321,
-0.7796624806789318,
-0.7605715386752024
],
[
0.0,
0.0,
0.0,
1.0
]
],
"at_element": 2,
"to_element": 3
},
{
"pose": [
[
0.5851081184873943,
-0.7430054823770587,
0.32494821562485243,
0.5457589027656482
],
[
-0.7102686357058696,
-0.2761469560740495,
0.6475039179677292,
0.12126462281308407
],
[
-0.3913655002841513,
-0.6096603249422349,
-0.6893093161844432,
-0.7825193221149633
],
[
0.0,
0.0,
0.0,
1.0
]
],
"at_element": 3,
"to_element": 2
},
{
"pose": [
[
0.6882056422163276,
0.5264161188941269,
0.49925851398855137,
0.08086283370010929
],
[
0.37370612817697346,
-0.8470397731697488,
0.3779779787653191,
-0.241007486528162
],
[
0.6218655190510144,
-0.07355061139776503,
-0.779662480678933,
0.007200244467652368
],
[
0.0,
0.0,
0.0,
1.0
]
],
"at_element": 2,
"to_element": 27
},
{
"pose": [
[
-0.8502116387290855,
-0.526416118894127,
-0.005122415255305945,
0.06191185883831603
],
[
-0.5249543777747478,
0.8470397731697485,
0.0833458092747821,
-0.2105140634126221
],
[
-0.03953568798858531,
0.07355061139776731,
-0.9965075197600288,
0.009848065720916288
],
[
0.0,
0.0,
0.0,
1.0
]
],
"at_element": 27,
"to_element": 2
},
{
"pose": [
[
-0.21620907501949005,
0.8390438439611843,
0.4992585139885514,
0.18117179663971944
],
[
0.9257141977012149,
0.01363347875197407,
0.3779779787653187,
-0.16506570886860558
],
[
0.31033346589372673,
0.5438929638889985,
-0.7796624806789334,
-0.1494463277761231
],
[
0.0,
0.0,
0.0,
1.0
]
],
"at_element": 2,
"to_element": 39
},
{
"pose": [
[
-0.395237150437205,
-0.8390438439611841,
0.3738890514913724,
0.15096623435502013
],
[
-0.67172576484469,
-0.013633478751974293,
-0.7406744393462864,
-0.1655565138421046
],
[
0.6265557371520065,
-0.5438929638889985,
-0.5582189105305786,
-0.16902646404099136
],
[
0.0,
0.0,
0.0,
1.0
]
],
"at_element": 39,
"to_element": 2
},
{
"pose": [
[
-0.675386319203273,
0.7374463239416189,
-0.005122415255307541,
0.06144358246224699
],
[
0.7346017386163686,
0.6733600535361005,
0.08334580927478169,
-0.202894830768938
],
[
0.06491229047617506,
0.05252768419464887,
-0.9965075197600288,
-0.08124976739508441
],
[
0.0,
0.0,
0.0,
1.0
]
],
"at_element": 27,
"to_element": 37
},
{
"pose": [
[
-0.12780313776034613,
-0.7374463239416202,
0.6632037976999235,
0.03489550092990186
],
[
0.06275306267565567,
-0.6733600535360993,
-0.7366466530343345,
-0.22713580536130154
],
[
0.9898123110486329,
-0.05252768419464876,
0.13233454307062842,
-0.083140765014072
],
[
0.0,
0.0,
0.0,
1.0
]
],
"at_element": 37,
"to_element": 27
},
{
"pose": [
[
-0.7103215121725706,
0.5979565849486735,
0.37133714042819965,
-0.015893545937923484
],
[
0.7030801706880606,
0.6278489613907223,
0.33389213118286987,
-0.12420953415186159
],
[
-0.033490639440302644,
0.49825054359941334,
-0.8663860414807991,
-0.07963343950714286
],
[
0.0,
0.0,
0.0,
1.0
]
],
"at_element": 33,
"to_element": 37
},
{
"pose": [
[
-0.4501207007380552,
-0.597956584948675,
0.663203797699923,
-0.03742000350669872
],
[
-0.25131134127592525,
-0.6278489613907217,
-0.7366466530343349,
-0.1468121182978947
],
[
0.8568745325385612,
-0.49825054359941273,
0.13233454307062842,
-0.09757047616730867
],
[
0.0,
0.0,
0.0,
1.0
]
],
"at_element": 37,
"to_element": 33
},
{
"pose": [
[
-0.08153515274050771,
0.9422105263845261,
0.32494821562485326,
0.3255251106372178
],
[
0.7453303497355542,
-0.1588122979479678,
0.6475039179677309,
-0.3175814345435782
],
[
0.6616907802218934,
0.29498809804919246,
-0.689309316184441,
-0.3153396382356846
],
[
0.0,
0.0,
0.0,
1.0
]
],
"at_element": 3,
"to_element": 38
},
{
"pose": [
[
-0.3311233376802287,
-0.9422105263845265,
0.05095742550109311,
0.29160553877761386
],
[
-0.5753718587253843,
0.15881229794796758,
-0.8023252945080213,
-0.31186419301253154
],
[
0.7478666722286818,
-0.2949880980491924,
-0.5947078800376859,
-0.3259592075456373
],
[
0.0,
0.0,
0.0,
1.0
]
],
"at_element": 38,
"to_element": 3
},
{
"pose": [
[
0.04888336769282409,
0.9809797680777942,
0.18785396185613312,
0.20985225479058386
],
[
0.9982200791135841,
-0.04154992973483984,
-0.04278173668167001,
-0.35249541134914014
],
[
-0.0341626992124163,
0.18961091203057706,
-0.9812648021922803,
-0.3296384374591172
],
[
0.0,
0.0,
0.0,
1.0
]
],
"at_element": 29,
"to_element": 31
},
{
"pose": [
[
0.10751981454160264,
-0.9809797680777939,
0.16161121280089874,
0.1745369874053465
],
[
-0.6969663024854424,
0.04154992973484062,
0.7158991385235778,
-0.35099961405935615
],
[
-0.7089975054121914,
-0.18961091203057862,
-0.6792424010309002,
-0.33646442946773886
],
[
0.0,
0.0,
0.0,
1.0
]
],
"at_element": 31,
"to_element": 29
},
{
"pose": [
[
0.3312837799995091,
-0.9246415230370049,
0.18785396185613232,
0.20525138342807037
],
[
-0.937748041348935,
-0.34467134193712234,
-0.04278173668167074,
-0.35144761195650326
],
[
0.10430564728466621,
-0.1619867893473781,
-0.9812648021922805,
-0.30560554998184114
],
[
0.0,
0.0,
0.0,
1.0
]
],
"at_element": 29,
"to_element": 39
},
{
"pose": [
[
-0.07242258660588163,
0.9246415230370056,
0.3738890514913751,
0.23853943891150808
],
[
0.576717470644276,
0.34467134193712146,
-0.7406744393462843,
-0.339039085551298
],
[
-0.8137271827848582,
0.1619867893473742,
-0.5582189105305795,
-0.29977385726954703
],
[
0.0,
0.0,
0.0,
1.0
]
],
"at_element": 39,
"to_element": 29
},
{
"pose": [
[
-0.9984440052560641,
-0.02264749775426071,
0.05095742550109307,
0.29978015900367144
],
[
-0.05443079907565619,
0.5944000419789727,
-0.8023252945080199,
-0.44057368953570647
],
[
-0.01211843555143315,
-0.8038505339557014,
-0.5947078800376866,
-0.42136259609884463
],
[
0.0,
0.0,
0.0,
1.0
]
],
"at_element": 38,
"to_element": 39
},
{
"pose": [
[
0.9271968874086843,
0.022647497754260337,
0.3738890514913727,
0.3005954700708157
],
[
0.3131931752041578,
-0.5944000419789721,
-0.7406744393462852,
-0.4619721211768049
],
[
0.20546524520021697,
0.8038505339557018,
-0.5582189105305801,
-0.3924239361296382
],
[
0.0,
0.0,
0.0,
1.0
]
],
"at_element": 39,
"to_element": 38
},
{
"pose": [
[
0.36344968839745606,
0.7657683523450238,
0.5305687086048136,
0.2624731175972681
],
[
0.30851399691609416,
0.4384465913823552,
-0.8441467290773864,
0.4928633918810708
],
[
-0.8790468916449501,
0.4704927385751895,
-0.07689697807697149,
-0.7530100592671072
],
[
0.0,
0.0,
0.0,
1.0
]
],
"at_element": 0,
"to_element": 5
},
{
"pose": [
[
0.48296178129195144,
-0.7657683523450236,
0.4246725189579532,
0.23490540727502413
],
[
-0.8751452249515297,
-0.4384465913823561,
0.20465928210010503,
0.47707928617078654
],
[
0.02947461714496072,
-0.4704927385751894,
-0.881911463749155,
-0.7699478283535948
],
[
0.0,
0.0,
0.0,
1.0
]
],
"at_element": 5,
"to_element": 0
},
{
"pose": [
[
0.684421632007602,
0.500063871009965,
0.5305687086048139,
0.1958841744172074
],
[
0.4801561549628457,
0.238466699224956,
-0.8441467290773863,
0.5988078957059959
],
[
-0.5486502496958754,
0.8325081130363137,
-0.07689697807697082,
-0.743359116004074
],
[
0.0,
0.0,
0.0,
1.0
]
],
"at_element": 0,
"to_element": 7
},
{
"pose": [
[
0.419444244052807,
-0.5000638710099639,
0.757629626560036,
0.17788197218185461
],
[
-0.9077452318544816,
-0.23846669922495645,
0.3451553670540376,
0.5902231408482326
],
[
0.00806970733190121,
-0.8325081130363142,
-0.5539540789201693,
-0.7733292463859848
],
[
0.0,
0.0,
0.0,
1.0
]
],
"at_element": 7,
"to_element": 0
},
{
"pose": [
[
0.9429846618238014,
-0.03427678854002125,
0.33106650288489403,
0.07405322016922014
],
[
-0.2129796491714677,
-0.8265193604961172,
0.5210618156839827,
0.5137303709625809
],
[
0.2557725485736291,
-0.5618637276889057,
-0.786695338046234,
-0.7185414286642537
],
[
0.0,
0.0,
0.0,
1.0
]
],
"at_element": 6,
"to_element": 7
},
{
"pose": [
[
-0.6517840522181273,
0.03427678854002106,
0.7576296265600363,
0.07528712916291999
],
[
0.4446723730106047,
0.8265193604961165,
0.3451553670540388,
0.5434837322260623
],
[
-0.614364736907348,
0.5618637276889061,
-0.5539540789201678,
-0.6983152424794077
],
[
0.0,
0.0,
0.0,
1.0
]
],
"at_element": 7,
"to_element": 6
},
{
"pose": [
[
-0.5887652303913895,
-0.2816963834355589,
0.7576296265600366,
0.30537576028714347
],
[
-0.004893910737801738,
0.9385328029597492,
0.34515536705403715,
0.6483058288634747
],
[
-0.8082892756432343,
0.1995077074396959,
-0.5539540789201685,
-0.8665485470600877
],
[
0.0,
0.0,
0.0,
1.0
]
],
"at_element": 7,
"to_element": 11
},
{
"pose": [
[
0.7150454035666627,
0.2816963834355577,
-0.6398102987585584,
0.3155163164391098
],
[
0.343988158189075,
-0.9385328029597495,
-0.028780632275953774,
0.6145203592993866
],
[
-0.6085903530815094,
-0.19950770743969526,
-0.767993786959426,
-0.8737304607409394
],
[
0.0,
0.0,
0.0,
1.0
]
],
"at_element": 11,
"to_element": 7
},
{
"pose": [
[
-0.19980860087841434,
-0.9781006873493487,
-0.058271506087811065,
0.5176581400309824
],
[
-0.6772530661339735,
0.1808393052483923,
-0.7131798020761737,
0.5555319901246274
],
[
0.7080994332910753,
-0.1030349022613703,
-0.6985549380605991,
-0.44456793394236593
],
[
0.0,
0.0,
0.0,
1.0
]
],
"at_element": 4,
"to_element": 8
},
{
"pose": [
[
-0.03929440317132826,
0.9781006873493491,
0.20438932282812583,
0.5528697463598522
],
[
0.32569686413282584,
-0.18083930524839187,
0.9280186950548586,
0.5490217785405327
],
[
0.9446573466466307,
0.10303490226136797,
-0.31145835410619127,
-0.4408586794009006
],
[
0.0,
0.0,
0.0,
1.0
]
],
"at_element": 8,
"to_element": 4
},
{
"pose": [
[
0.7929529311293397,
0.6064899674286846,
-0.058271506087810204,
0.5152238145393517
],
[
0.3920441880730144,
-0.5810988939145894,
-0.7131798020761747,
0.5257384960334672
],
[
-0.46639790266633874,
0.5426730091865578,
-0.6985549380605984,
-0.47375046597548187
],
[
0.0,
0.0,
0.0,
1.0
]
],
"at_element": 4,
"to_element": 9
},
{
"pose": [
[
0.09502336370793218,
-0.606489967428685,
-0.7893924751085376,
0.4933901796072624
],
[
0.7306123266565576,
0.5810988939145891,
-0.358510395426315,
0.5466580524821301
],
[
0.6761480521950217,
-0.5426730091865579,
0.4983270177436543,
-0.49328669082073606
],
[
0.0,
0.0,
0.0,
1.0
]
],
"at_element": 9,
"to_element": 4
},
{
"pose": [
[
0.531593893801211,
-0.8219689390646872,
0.20438932282812505,
0.5360924444315657
],
[
-0.3723971781291822,
-0.010081832675577607,
0.9280186950548592,
0.4728453441427209
],
[
-0.7607419232530103,
-0.5694430786854596,
-0.3114583541061897,
-0.4152926137541109
],
[
0.0,
0.0,
0.0,
1.0
]
],
"at_element": 8,
"to_element": 10
},
{
"pose": [
[
-0.20940770489479554,
0.8219689390646867,
0.529637117603711,
0.5656833441746318
],
[
0.9351551902423432,
0.010081832675576052,
0.354094799189014,
0.4732082903390441
],
[
0.2857152136192622,
0.5694430786854598,
-0.77077973302606,
-0.3947926504952337
],
[
0.0,
0.0,
0.0,
1.0
]
],
"at_element": 10,
"to_element": 8
},
{
"pose": [
[
-0.5398555447877396,
0.29225932150053135,
-0.7893924751085367,
0.5955229170636877
],
[
0.01894956198187292,
-0.9333333865623581,
-0.3585103954263175,
0.5930426447427044
],
[
-0.8415443570380755,
-0.20850246647003595,
0.4983270177436536,
-0.5577609594203425
],
[
0.0,
0.0,
0.0,
1.0
]
],
"at_element": 9,
"to_element": 11
},
{
"pose": [
[
-0.7107934092255872,
-0.2922593215005322,
-0.6398102987585583,
0.5850015853409555
],
[
-0.35785536845747873,
0.9333333865623572,
-0.028780632275954218,
0.6266426343598215
],
[
0.6055677209591255,
0.20850246647004,
-0.7679937869594262,
-0.5502548733749908
],
[
0.0,
0.0,
0.0,
1.0
]
],
"at_element": 11,
"to_element": 9
},
{
"pose": [
[
-0.8100910828860988,
-0.40423469553012575,
0.4246725189579546,
-0.0634762267279756
],
[
-0.34903982280655416,
0.9144866211954339,
0.20465928210010004,
0.33328243499531296
],
[
-0.4710877195635618,
0.017565038691264093,
-0.8819114637491552,
-0.1503028740599924
],
[
0.0,
0.0,
0.0,
1.0
]
],
"at_element": 5,
"to_element": 9
},
{
"pose": [
[
-0.46201063967367584,
0.40423469553012786,
-0.7893924751085394,
-0.0489237377720258
],
[
-0.18757536092416843,
-0.914486621195433,
-0.35851039542630936,
0.300360826329689
],
[
-0.866811197898648,
-0.017565038691264773,
0.4983270177436554,
-0.15093521718736833
],
[
0.0,
0.0,
0.0,
1.0
]
],
"at_element": 9,
"to_element": 5
},
{
"pose": [
[
0.8643494749877177,
0.2693570803419941,
0.42467251895795327,
-0.046352449024838
],
[
0.19816396914338513,
-0.9585643533866721,
0.20465928210010578,
0.341534770371676
],
[
0.4622023652273927,
-0.09274235109176218,
-0.8819114637491545,
-0.18586358304145684
],
[
0.0,
0.0,
0.0,
1.0
]
],
"at_element": 5,
"to_element": 34
},
{
"pose": [
[
-0.574188266141785,
-0.2693570803419943,
-0.7731459100937721,
-0.05604930695149742
],
[
-0.23716351878894554,
0.958564353386672,
-0.1578221967026082,
0.37604309789196644
],
[
0.7836206354995612,
0.0927423510917624,
-0.6142780770410385,
-0.18252485735739699
],
[
0.0,
0.0,
0.0,
1.0
]
],
"at_element": 34,
"to_element": 5
},
{
"pose": [
[
0.5457989513041337,
-0.7223273194315818,
0.4246725189579534,
-0.11176866558868942
],
[
-0.8350675859761276,
-0.510663005417733,
0.20465928210010562,
0.31000921757039296
],
[
0.06903355421322654,
-0.4663330767815139,
-0.8819114637491539,
-0.050014643617924466
],
[
0.0,
0.0,
0.0,
1.0
]
],
"at_element": 5,
"to_element": 35
},
{
"pose": [
[
0.33045057599844396,
0.7223273194315818,
0.6074912842379571,
-0.08576488354397498
],
[
0.3374879888332529,
0.5106630054177336,
-0.7907750326679605,
0.328393084736917
],
[
-0.8814217345945031,
0.46633307678151403,
-0.07502791003289255,
-0.03322665379302046
],
[
0.0,
0.0,
0.0,
1.0
]
],
"at_element": 35,
"to_element": 5
},
{
"pose": [
[
-0.7087276790579389,
-0.16563734105430217,
-0.6857618742578272,
-0.1549698452930629
],
[
-0.22345071212034157,
0.9747048697723899,
-0.004494006553252258,
0.1996611889327209
],
[
0.6691598136395068,
0.150048952313734,
-0.7278121019325601,
-0.2845148196840275
],
[
0.0,
0.0,
0.0,
1.0
]
],
"at_element": 14,
"to_element": 17
},
{
"pose": [
[
0.9503246030477637,
0.16563734105430317,
0.2635287841784475,
-0.14900682027207374
],
[
0.1170980042645529,
-0.9747048697723901,
0.1903640571096514,
0.16457133848271122
],
[
0.28839418551588214,
-0.15004895231373103,
-0.9456818205243149,
-0.28991665511150305
],
[
0.0,
0.0,
0.0,
1.0
]
],
"at_element": 17,
"to_element": 14
},
{
"pose": [
[
-0.387433707579274,
0.6161377881981992,
-0.6857618742578279,
0.04890675788511187
],
[
0.8487833155976116,
0.5287217482459226,
-0.004494006553250163,
0.20099725444632
],
[
0.35980828978013146,
-0.5838043669638028,
-0.7278121019325599,
-0.06813670847076164
],
[
0.0,
0.0,
0.0,
1.0
]
],
"at_element": 14,
"to_element": 35
},
{
"pose": [
[
0.5013268051173283,
-0.6161377881981991,
0.607491284237958,
0.026725807648854225
],
[
0.3084285340897692,
-0.5287217482459212,
-0.7907750326679596,
0.18196328020986652
],
[
0.8084202334368483,
0.5838043669638039,
-0.07502791003289278,
-0.04711976086687846
],
[
0.0,
0.0,
0.0,
1.0
]
],
"at_element": 35,
"to_element": 14
},
{
"pose": [
[
0.04132396581920783,
0.9427021271411988,
0.33106650288489164,
-0.246814890529801
],
[
0.8249044031728967,
-0.21915134008733972,
0.5210618156839844,
0.008719689123679826
],
[
0.5637597497826004,
0.25156587531178026,
-0.7866953380462336,
0.043920024291579624
],
[
0.0,
0.0,
0.0,
1.0
]
],
"at_element": 6,
"to_element": 12
},
{
"pose": [
[
-0.20861928483200876,
-0.9427021271411986,
0.2603664599744754,
-0.28075230354420033
],
[
-0.9756200332744058,
0.21915134008733916,
0.011757585278040814,
0.016609169084606166
],
[
-0.06814355926885593,
-0.25156587531178076,
-0.9654382764883465,
0.034863616371216544
],
[
0.0,
0.0,
0.0,
1.0
]
],
"at_element": 12,
"to_element": 6
},
{
"pose": [
[
-0.8870038174856762,
0.32189936072226655,
0.33106650288489403,
-0.17213870980025017
],
[
0.4562585376686794,
0.7213339940974295,
0.5210618156839818,
0.1262516833913499
],
[
-0.07108005747237162,
0.6132357381350549,
-0.7866953380462345,
-0.1335289254847169
],
[
0.0,
0.0,
0.0,
1.0
]
],
"at_element": 6,
"to_element": 36
},
{
"pose": [
[
0.6423047607632937,
-0.32189936072226655,
-0.6955755860202428,
-0.18372712527904306
],
[
0.30947851628535716,
-0.7213339940974293,
0.6195968987311534,
0.10028357334657612
],
[
-0.7011901612676992,
-0.6132357381350547,
-0.3636953219596484,
-0.15560548538843366
],
[
0.0,
0.0,
0.0,
1.0
]
],
"at_element": 36,
"to_element": 6
},
{
"pose": [
[
0.6541945331097007,
-0.7100977533901509,
0.2603664599744779,
-0.23389989657944255
],
[
-0.7375577775965687,
-0.6751816673275723,
0.01175758527803708,
0.018724922282708018
],
[
0.16744562567051832,
-0.19972705559092477,
-0.9654382764883465,
-0.13886500840564697
],
[
0.0,
0.0,
0.0,
1.0
]
],
"at_element": 12,
"to_element": 37
},
{
"pose": [
[
0.2364781244569163,
0.710097753390151,
0.6632037976999222,
-0.20833638389828393
],
[
0.03848928004095986,
0.6751816673275718,
-0.7366466530343355,
0.04303145618231746
],
[
-0.9708741792710668,
0.19972705559092485,
0.13233454307062786,
-0.13167483621598253
],
[
0.0,
0.0,
0.0,
1.0
]
],
"at_element": 37,
"to_element": 12
},
{
"pose": [
[
-0.9082837095691372,
0.35615870036969194,
0.21948048451354285,
-0.28213124790726324
],
[
0.4174461040068666,
0.7370126439061435,
0.5315553715013747,
0.22589245477069378
],
[
0.027558178111330753,
0.5744243578343872,
-0.8180936400839065,
-0.1930828367841335
],
[
0.0,
0.0,
0.0,
1.0
]
],
"at_element": 20,
"to_element": 36
},
{
"pose": [
[
0.6239596014835973,
-0.3561587003696909,
-0.6955755860202422,
-0.2949529418386343
],
[
0.27002230612527056,
-0.7370126439061444,
0.6195968987311552,
0.19936003949091452
],
[
-0.7333228278945236,
-0.5744243578343867,
-0.36369532195964727,
-0.2137620825676338
],
[
0.0,
0.0,
0.0,
1.0
]
],
"at_element": 36,
"to_element": 20
},
{
"pose": [
[
-0.7923484775606768,
0.5692207015077523,
0.21948048451354318,
-0.29801901282958954
],
[
0.586362033387604,
0.611251546279917,
0.531555371501375,
0.18741419642197704
],
[
0.16841453591905797,
0.5498721125365722,
-0.8180936400839058,
-0.13386263109290125
],
[
0.0,
0.0,
0.0,
1.0
]
],
"at_element": 20,
"to_element": 37
},
{
"pose": [
[
-0.48595114537515416,
-0.569220701507752,
0.6632037976999218,
-0.3185120719824776
],
[
-0.2893497118431645,
-0.611251546279916,
-0.7366466530343362,
0.16540794460782368
],
[
0.824698871446332,
-0.5498721125365741,
0.1323345430706271,
-0.15365910317989206
],
[
0.0,
0.0,
0.0,
1.0
]
],
"at_element": 37,
"to_element": 20
},
{
"pose": [
[
0.599364804046848,
0.2583779801538491,
0.7576296265600366,
-0.35893255417643855
],
[
-0.03193522080179294,
-0.9380020864934862,
0.3451553670540371,
0.34566510300273884
],
[
0.7998387170812777,
-0.23106904835023553,
-0.5539540789201685,
-0.3808279686178955
],
[
0.0,
0.0,
0.0,
1.0
]
],
"at_element": 7,
"to_element": 15
},
{
"pose": [
[
-0.9637344844949556,
-0.25837798015384833,
0.06675824119058059,
-0.368234156421682
],
[
-0.23374893121094353,
0.9380020864934856,
0.25595609563284294,
0.3794331598184772
],
[
-0.12875278852507915,
0.23106904835023886,
-0.9643805339913964,
-0.37250948738485457
],
[
0.0,
0.0,
0.0,
1.0
]
],
"at_element": 15,
"to_element": 7
},
{
"pose": [
[
-0.572244173114941,
-0.31390118715050574,
0.7576296265600364,
-0.34070703297665483
],
[
-0.056913571857094974,
0.9368183484178026,
0.34515536705403815,
0.3539681527237809
],
[
-0.8181060149360011,
0.1543937394237334,
-0.5539540789201678,
-0.39415387543981695
],
[
0.0,
0.0,
0.0,
1.0
]
],
"at_element": 7,
"to_element": 34
},
{
"pose": [
[
0.551100214489866,
0.31390118715050536,
-0.7731459100937722,
-0.32940659369696196
],
[
0.3121915058032542,
-0.9368183484178032,
-0.15782219670260836,
0.3202427025001037
],
[
-0.7738378494836761,
-0.15439373942373283,
-0.6142780770410388,
-0.39971204835837326
],
[
0.0,
0.0,
0.0,
1.0
]
],
"at_element": 34,
"to_element": 7
},
{
"pose": [
[
0.6148228080155334,
-0.21906680191757588,
0.7576296265600365,
-0.4482708128314193
],
[
-0.6622789356826769,
-0.6650220928246018,
0.34515536705403865,
0.3049650321804886
],
[
0.42822835741566145,
-0.713971534693641,
-0.5539540789201682,
-0.3155067469409474
],
[
0.0,
0.0,
0.0,
1.0
]
],
"at_element": 7,
"to_element": 36
},
{
"pose": [
[
-0.6842399728386248,
0.21906680191757572,
-0.6955755860202426,
-0.44038440870862505
],
[
-0.4169475975922176,
0.6650220928246022,
0.6195968987311544,
0.3289058252568146
],
[
0.5983062430159629,
0.7139715346936402,
-0.36369532195964793,
-0.2898037741240794
],
[
0.0,
0.0,
0.0,
1.0
]
],
"at_element": 36,
"to_element": 7
},
{
"pose": [
[
0.7505338623774482,
0.27526654315355154,
0.600772212777092,
-0.35069099418341687
],
[
0.14817697939506852,
-0.9560665650333844,
0.25294328613864936,
0.2794566778052786
],
[
0.6440050498265857,
-0.10082188971428366,
-0.7583484966374612,
-0.42812581737842625
],
[
0.0,
0.0,
0.0,
1.0
]
],
"at_element": 21,
"to_element": 34
},
{
"pose": [
[
-0.571378798981522,
-0.2752665431535518,
-0.7731459100937721,
-0.36060059003226524
],
[
-0.24704023448262158,
0.9560665650333844,
-0.15782219670260805,
0.31387507517219926
],
[
0.7826221250521894,
0.10082188971428362,
-0.6142780770410385,
-0.424496229240545
],
[
0.0,
0.0,
0.0,
1.0
]
],
"at_element": 34,
"to_element": 21
},
{
"pose": [
[
0.0943900332853792,
-0.9814385585367917,
0.16693974192387312,
0.31254914253350424
],
[
-0.9342089977151635,
-0.029375763487092144,
0.3555145750986587,
-0.18928740686130563
],
[
-0.3440117297482957,
-0.18951364155852946,
-0.9196415113830012,
-0.18650425345504648
],
[
0.0,
0.0,
0.0,
1.0
]
],
"at_element": 1,
"to_element": 13
},
{
"pose": [
[
0.1093552263688875,
0.9814385585367918,
0.1575429791613498,
0.34788095756319404
],
[
0.7260731610523113,
0.029375763487092144,
-0.6869896864721148,
-0.18822987856994805
],
[
-0.6788661129157307,
0.18951364155852884,
-0.7093838033095425,
-0.1796817571602895
],
[
0.0,
0.0,
0.0,
1.0
]
],
"at_element": 13,
"to_element": 1
},
{
"pose": [
[
0.629847102233685,
-0.758566905667668,
0.166939741923873,
0.29618866314397974
],
[
-0.7560613134759704,
-0.5495276855240425,
0.3555145750986583,
-0.22412865443691016
],
[
-0.17794358115093806,
-0.3501365054780326,
-0.9196415113830014,
-0.0963772662000051
],
[
0.0,
0.0,
0.0,
1.0
]
],
"at_element": 1,
"to_element": 35
},
{
"pose": [
[
0.23564929280755298,
0.758566905667667,
0.6074912842379556,
0.32349707725295207
],
[
0.2696185649238031,
0.5495276855240451,
-0.7907750326679612,
-0.20434565377011044
],
[
-0.9336890490134973,
0.3501365054780304,
-0.07502791003289366,
-0.08377234946184782
],
[
0.0,
0.0,
0.0,
1.0
]
],
"at_element": 35,
"to_element": 1
},
{
"pose": [
[
-0.00607863123911323,
0.9859483621410654,
0.16693974192387334,
0.318398875222382
],
[
0.933083803864311,
-0.054442647423948554,
0.3555145750986587,
-0.17682982661492258
],
[
0.3596076545464057,
0.15792981141260887,
-0.9196415113830012,
-0.21872939618732243
],
[
0.0,
0.0,
0.0,
1.0
]
],
"at_element": 1,
"to_element": 38
},
{
"pose": [
[
-0.15908855388635335,
-0.9859483621410655,
0.05095742550109306,
0.2829047325390256
],
[
-0.5943989568750009,
0.054442647423948554,
-0.802325294508021,
-0.17486989121675534
],
[
0.7882770528743431,
-0.15792981141260887,
-0.5947078800376855,
-0.22441486966187818
],
[
0.0,
0.0,
0.0,
1.0
]
],
"at_element": 38,
"to_element": 1
},
{
"pose": [
[
-0.2557597679523833,
0.9448872661914773,
0.20438932282812544,
0.38586236890919545
],
[
0.3577498034133977,
-0.10390562923321967,
0.9280186950548595,
-0.20926620999898587
],
[
0.8981102489419763,
0.3104700861642637,
-0.3114583541061893,
-0.1863647450572062
],
[
0.0,
0.0,
0.0,
1.0
]
],
"at_element": 8,
"to_element": 13
},
{
"pose": [
[
-0.28699871760369144,
-0.944887266191477,
0.15754297916134985,
0.35184729911848844
],
[
-0.7192001049044651,
0.10390562923322078,
-0.686989686472115,
-0.20552570321423352
],
[
0.6327582043713403,
-0.3104700861642638,
-0.7093838033095425,
-0.1975413817065398
],
[
0.0,
0.0,
0.0,
1.0
]
],
"at_element": 13,
"to_element": 8
},
{
"pose": [
[
-0.8053196748504194,
-0.26635454746492876,
0.529637117603712,
0.21039483911958834
],
[
-0.0754284839154673,
0.9321627631489608,
0.35409479918901454,
0.23567619964867437
],
[
-0.588022759009402,
0.2452097837429156,
-0.7707797330260595,
0.12225792993341202
],
[
0.0,
0.0,
0.0,
1.0
]
],
"at_element": 10,
"to_element": 14
},
{
"pose": [
[
0.6773373656156468,
0.2663545474649288,
-0.6857618742578276,
0.21998359342431278
],
[
0.36201158393564314,
-0.9321627631489613,
-0.004494006553248997,
0.2021183730865979
],
[
-0.6404386826521821,
-0.24520978374291438,
-0.7278121019325599,
0.11343038637613514
],
[
0.0,
0.0,
0.0,
1.0
]
],
"at_element": 14,
"to_element": 10
},
{
"pose": [
[
0.8234612503602283,
-0.5450612615772066,
0.1575429791613492,
0.2637143598930821
],
[
-0.3051067748986793,
-0.6595112027796586,
-0.6869896864721151,
0.17879113913974112
],
[
0.4783528248752127,
0.5176419559270601,
-0.7093838033095428,
0.19930321243139976
],
[
0.0,
0.0,
0.0,
1.0
]
],
"at_element": 13,
"to_element": 14
},
{
"pose": [
[
-0.4823265210853067,
0.5450612615772066,
-0.6857618742578276,
0.283336566954224
],
[
0.7516813003615479,
0.6595112027796584,
-0.004494006553250163,
0.20253354442944838
],
[
0.4498181296307619,
-0.51764195592706,
-0.7278121019325594,
0.1806681004563828
],
[
0.0,
0.0,
0.0,
1.0
]
],
"at_element": 14,
"to_element": 13
},
{
"pose": [
[
-0.33466213595989536,
-0.9290755967475026,
0.1575429791613473,
0.24180522849489505
],
[
-0.7129880107461082,
0.1403327018668712,
-0.6869896864721127,
0.2743291782846139
],
[
0.6161569209925897,
-0.3422356911764405,
-0.7093838033095456,
0.297955548709343
],
[
0.0,
0.0,
0.0,
1.0
]
],
"at_element": 13,
"to_element": 19
},
{
"pose": [
[
-0.2903760996098044,
0.9290755967475043,
0.22912934404756075,
0.2752519381370029
],
[
0.2964298206417998,
-0.14033270186687008,
0.9446883582541992,
0.26927720280590656
],
[
0.9098412401126181,
0.34223569117643565,
-0.23465644989072842,
0.3102760292299989
],
[
0.0,
0.0,
0.0,
1.0
]
],
"at_element": 19,
"to_element": 13
},
{
"pose": [
[
0.7091018388962746,
0.16402814968264848,
-0.6857618742578275,
0.40095032969739464
],
[
0.22123762129152827,
-0.9752095768758453,
-0.004494006553249302,
0.20330430326040877
],
[
-0.6694986908121539,
-0.1485296175223009,
-0.7278121019325596,
0.30549382071233405
],
[
0.0,
0.0,
0.0,
1.0
]
],
"at_element": 14,
"to_element": 18
},
{
"pose": [
[
-0.3825940000049506,
-0.16402814968265086,
0.9092395708898168,
0.3950453184784116
],
[
0.07589042174908131,
0.9752095768758453,
0.20786275533722068,
0.23841183512888975
],
[
-0.9207944803521352,
0.1485296175222995,
-0.3606611674019271,
0.3108408849785429
],
[
0.0,
0.0,
0.0,
1.0
]
],
"at_element": 18,
"to_element": 14
},
{
"pose": [
[
-0.24743682889073693,
0.3347512784689539,
0.9092395708898162,
0.2716667767668349
],
[
0.9666050706681257,
0.14989233570228255,
0.20786275533722232,
0.21020606356908095
],
[
-0.06670571989840107,
0.9303084806993405,
-0.36066116740192733,
0.3597805157542881
],
[
0.0,
0.0,
0.0,
1.0
]
],
"at_element": 18,
"to_element": 19
},
{
"pose": [
[
0.9140247946635454,
-0.334751278468954,
0.22912934404755866,
0.2596157323282623
],
[
-0.29171251854642966,
-0.14989233570228122,
0.9446883582541987,
0.20480994019410426
],
[
-0.28189090312311016,
-0.9303084806993405,
-0.23465644989073242,
0.32628941485763086
],
[
0.0,
0.0,
0.0,
1.0
]
],
"at_element": 19,
"to_element": 18
},
{
"pose": [
[
-0.04115900631744229,
-0.9646321800143922,
0.2603664599744784,
-0.3981872081274431
],
[
-0.9988817141462802,
0.04579388968648768,
0.01175758527803708,
0.011306063203030542
],
[
-0.023264938064590582,
-0.25959136531876925,
-0.9654382764883458,
0.4703119912945183
],
[
0.0,
0.0,
0.0,
1.0
]
],
"at_element": 12,
"to_element": 17
},
{
"pose": [
[
-0.006110416525107354,
0.9646321800143923,
0.2635287841784476,
-0.3634604348206724
],
[
0.9806449130180278,
-0.045793889686487343,
0.19036405710965112,
0.00965748247047175
],
[
0.19569930347794903,
0.25959136531876964,
-0.9456818205243149,
0.4796572844358745
],
[
0.0,
0.0,
0.0,
1.0
]
],
"at_element": 17,
"to_element": 12
},
{
"pose": [
[
0.9345028114546208,
0.24272165520152494,
0.260366459974478,
-0.4466789167253968
],
[
0.24830475224597426,
-0.9686106076233603,
0.011757585278037837,
