{
"line_pt_pairs": [
[
[
-0.04506013440645884,
0.6040178569180259,
-0.7328269781257167
],
[
0.7025795128275139,
-0.05963594647161269,
-0.7572930184740853
]
],
[
[
0.3314131014273025,
0.026375222561434444,
-0.6942892346721351
],
[
0.5859943629726024,
0.9901146758375339,
-0.7742557743564872
]
],
[
[
-0.1306470611835901,
0.2774986989826581,
-0.7031258822742148
],
[
0.7650808923072273,
0.7220995064720261,
-0.7043730049441791
]
],
[
[
-0.8990332463404324,
-0.27722579817149523,
0.7555750083776276
],
[
-0.390255377478975,
0.2628232930188469,
0.08513331869739926
]
],
[
[
-0.4654762420200823,
-0.14821052588741548,
0.39388807281943716
],
[
-0.21261395476259393,
0.21199840909941997,
-0.5040596911616092
]
],
[
[
-0.34242611689229413,
0.1751200710157164,
0.04573260888754643
],
[
0.07007989995648267,
0.5901297216905232,
-0.7651963497212403
]
],
[
[
-0.05409772135460866,
-0.47775256797336874,
0.4090222978883244
],
[
0.04853675354551333,
-0.16592604867956823,
-0.5355571780834382
]
],
[
[
0.11987608282728045,
-0.17840172741600446,
-0.07444958741636892
],
[
0.6860282493508918,
0.003071687763666703,
-0.8785261533748899
]
],
[
[
-0.3062395174310155,
-0.930939847833559,
0.8036320277344496
],
[
0.15523094598915704,
-0.4350247322427655,
0.06802805172606696
]
],
[
[
-0.006008570994189826,
-0.04333576677672865,
0.6203362168455443
],
[
0.17268230502193685,
0.4472146559342145,
-0.23255876708079115
]
],
[
[
0.03186434309650127,
0.1689709019499724,
0.3232539274493479
],
[
0.5539974243844499,
0.870722753313391,
-0.8953195765022057
]
],
[
[
0.34282236253630327,
0.3710390970920133,
0.119885549574147
],
[
0.5507023700122661,
0.11802762495170843,
-0.8249801009059567
]
],
[
[
-0.09760604320685864,
0.46344344321299047,
-0.6800499201109073
],
[
0.44582680901731425,
0.3721174223992655,
0.1544201470849338
]
],
[
[
0.09474415041382242,
0.0033671963156553433,
0.8668035440694815
],
[
0.4064573267225486,
-0.06420842955180837,
-0.598893706560452
]
],
[
[
0.13219258309766901,
-0.05150877813454742,
0.7856601515520039
],
[
-0.34798011037951726,
0.25114228657044113,
-0.03764812453405686
]
],
[
[
-0.6099533299879751,
0.11570468064626782,
0.2711949386765874
],
[
0.15914498395911936,
-0.5172054878259871,
0.18224269234093604
]
],
[
[
-0.3577534772647608,
0.43275582201651447,
-0.24609926895551154
],
[
0.29743948554590305,
-0.32040129632780767,
-0.18713710676092507
]
],
[
[
-1.1737738394900807,
-0.030228978496233322,
0.46333188896415306
],
[
-0.06493531903079686,
-0.9892218770206767,
0.7808374103733938
]
],
[
[
0.16609379765933874,
0.408068496082682,
0.5487102631019152
],
[
-0.46504734372876255,
-0.9354539468474244,
0.7645998297568222
]
],
[
[
0.23265860272004563,
0.26489199361784693,
0.6285697549085899
],
[
-1.180575941140478,
-0.2291689747219101,
0.5354468060585935
]
],
[
[
0.4259113047807813,
0.4745077372910658,
0.01503700338680524
],
[
-0.06412804667080824,
-0.31302137897008436,
-0.35867321198044605
]
],
[
[
-0.4674896782706982,
0.18085933110176097,
-0.42742891612334727
],
[
0.4330210251288754,
0.17770496856090046,
0.007393487921989628
]
]
],
"contact_id_pairs": [
[
0,
1
],
[
0,
7
],
[
0,
11
],
[
1,
2
],
[
1,
10
],
[
0,
2
],
[
0,
5
],
[
5,
12
],
[
3,
19
],
[
17,
19
],
[
3,
15
],
[
4,
15
],
[
4,
21
],
[
5,
14
],
[
5,
16
],
[
16,
21
],
[
6,
15
],
[
8,
15
],
[
6,
20
],
[
7,
13
],
[
7,
16
],
[
16,
20
],
[
8,
17
],
[
17,
18
],
[
9,
14
],
[
9,
18
],
[
13,
14
],
[
14,
18
],
[
18,
19
],
[
9,
10
],
[
9,
12
],
[
10,
12
],
[
11,
12
],
[
11,
20
],
[
12,
20
],
[
20,
21
]
],
"contact_t_pairs": [
[
0.5705046753010654,
0.20875018376889273
],
[
0.907240062984707,
0.8705935848385631
],
[
0.743803294810393,
0.9238089844626736
],
[
0.5687439419261622,
0.6756650701549911
],
[
0.7912498162311071,
0.8949760739668412
],
[
0.2734933123337181,
0.32433492984500906
],
[
0.09275993701529302,
0.936918382126472
],
[
0.7432905160131689,
0.13440161762732064
],
[
0.3095745245521546,
0.6975533947228242
],
[
0.1518812693658543,
0.87923534908235
],
[
0.6904254754478452,
0.05862166280939864
],
[
0.1814860322999902,
0.2756534765226925
],
[
0.8185139677000097,
0.22584103552962537
],
[
0.06308161787352802,
0.9432213795678184
],
[
0.3199107317701807,
0.1924622824203232
],
[
0.350194686435971,
0.3932982907537885
],
[
0.23126321670919495,
0.78289729849252
],
[
0.8707927519618579,
0.9413783371906012
],
[
0.768736783290805,
0.8818388652861778
],
[
0.4893859434157862,
0.9141469341311619
],
[
0.12940641516143683,
0.807537717579677
],
[
0.6677877835233134,
0.6814624090152119
],
[
0.12920724803814224,
0.8481187306341457
],
[
0.7317831708746729,
0.8430935597340902
],
[
0.08780231951774818,
0.2721029162579415
],
[
0.004853013867659252,
0.3226295892008654
],
[
0.08585306586883784,
0.056778620432181695
],
[
0.24007179192960668,
0.2766534867547887
],
[
0.15690644026590977,
0.12076465091765011
],
[
0.5194003331112794,
0.10502392603315942
],
[
0.9951469861323412,
0.5249837714475388
],
[
0.3819680690318936,
0.6299708589718986
],
[
0.07619101553732682,
0.865598382372679
],
[
0.1600392063509976,
0.1551145814974706
],
[
0.8036984026110768,
0.11816113471382186
],
[
0.368911251305744,
0.774158964470375
]
],
"half_couplers": [
{
"pose": [
[
-0.658551768723848,
-0.08570020883610185,
0.7476396472339728,
0.38147177978096186
],
[
-0.7456391728888154,
-0.059881993121058574,
-0.663653803389638,
0.22540025930290303
],
[
0.10164542175806085,
-0.9945197942249806,
-0.02446604034836697,
-0.7467849685305654
],
[
0.0,
0.0,
0.0,
1.0
]
],
"at_element": 0,
"to_element": 1
},
{
"pose": [
[
-0.9632465185379351,
0.08570020883610158,
0.2545812615452998,
0.38455698655900045
],
[
0.26003925299641684,
0.059881993121060795,
0.9637394532760993,
0.2275560105381524
],
[
0.06734783905674546,
0.9945197942249807,
-0.07996653968435119,
-0.710982264526606
],
[
0.0,
0.0,
0.0,
1.0
]
],
"at_element": 1,
"to_element": 0
},
{
"pose": [
[
0.34337576408694537,
0.5684435262377145,
0.7476396472339728,
0.6332285062399546
],
[
0.4178391064591224,
0.6204628194822872,
-0.6636538033896385,
0.0019245385307697926
],
[
-0.8411323116794105,
0.5402757139817812,
-0.024466040348368523,
-0.755023550112357
],
[
0.0,
0.0,
0.0,
1.0
]
],
"at_element": 0,
"to_element": 7
},
{
"pose": [
[
0.5969452921491676,
-0.5684435262377139,
0.5661521665236109,
0.6127645270451904
],
[
-0.7629503845094507,
-0.6204628194822868,
0.18147341517966956,
-0.020412136341837632
],
[
0.24811898145411262,
-0.5402757139817825,
-0.8040765659585218,
-0.774473487458879
],
[
0.0,
0.0,
0.0,
1.0
]
],
"at_element": 7,
"to_element": 0
},
{
"pose": [
[
0.05451476774154562,
-0.6618633529528187,
0.7476396472339719,
0.5110366985370499
],
[
0.024613988023999167,
-0.7476347910845376,
-0.6636538033896395,
0.11038997134336398
],
[
0.9982095429776454,
0.054581326275863595,
-0.02446604034836808,
-0.7510248995477973
],
[
0.0,
0.0,
0.0,
1.0
]
],
"at_element": 0,
"to_element": 11
},
{
"pose": [
[
-0.7202241349120742,
0.6618633529528196,
0.20788000747596247,
0.5348637811327656
],
[
0.6140255810024337,
0.7476347910845369,
-0.2530114721403057,
0.13730482595667223
],
[
-0.32287734724625483,
-0.0545813262758639,
-0.9448656504801036,
-0.7529898274495411
],
[
0.0,
0.0,
0.0,
1.0
]
],
"at_element": 11,
"to_element": 0
},
{
"pose": [
[
0.9659782750944936,
0.04554506905769519,
0.25458126154530003,
0.47620465165911163
],
[
-0.24953335447071484,
-0.09454824803071693,
0.9637394532760992,
0.5744961982074477
],
[
0.06796379221364318,
-0.9944778908949419,
-0.07996653968435119,
-0.7397697196744084
],
[
0.0,
0.0,
0.0,
1.0
]
],
"at_element": 1,
"to_element": 2
},
{
"pose": [
[
-0.44226358658573917,
-0.0455450690576954,
0.8957279534908176,
0.47456502935156963
],
[
0.8907248457150639,
0.09454824803071538,
0.4446008074893678,
0.5778999347659277
],
[
-0.10493888319490541,
0.994477890894942,
-0.0012471226699646287,
-0.7039685195005081
],
[
0.0,
0.0,
0.0,
1.0
]
],
"at_element": 2,
"to_element": 1
},
{
"pose": [
[
-0.24378171282216332,
0.9358198853216875,
0.25458126154529864,
0.5328504778409046
],
[
0.14397754008971453,
-0.22467027873931067,
0.9637394532760992,
0.7889338878608159
],
[
0.9590833876380127,
0.27159603842417107,
-0.07996653968435297,
-0.7575627445020162
],
[
0.0,
0.0,
0.0,
1.0
]
],
"at_element": 1,
"to_element": 10
},
{
"pose": [
[
-0.05545615067333376,
-0.9358198853216879,
0.3480887208586331,
0.4991609582757991
],
[
-0.8547830620880024,
0.22467027873930945,
0.46783456757561154,
0.797022018782167
],
[
-0.5160140813194489,
-0.2715960384241713,
-0.8123823359677025,
-0.7673402029572306
],
[
0.0,
0.0,
0.0,
1.0
]
],
"at_element": 10,
"to_element": 1
},
{
"pose": [
[
-0.6639846176073281,
-0.01262479563046115,
0.7476396472339726,
0.15941430914757287
],
[
-0.7476974491540559,
0.022630814722078618,
-0.6636538033896384,
0.4225129799861235
],
[
-0.008541200698259754,
-0.9996641739905976,
-0.024466040348368523,
-0.7395182765402823
],
[
0.0,
0.0,
0.0,
1.0
]
],
"at_element": 0,
"to_element": 2
},
{
"pose": [
[
-0.4444232755723321,
0.012624795630461538,
0.8957279534908176,
0.1598688017720677
],
[
0.8954428894155211,
-0.022630814722078396,
0.444600807489368,
0.42169827068875665
],
[
0.025884047688528533,
0.9996641739905978,
-0.0012471226699644067,
-0.7035303677178857
],
[
0.0,
0.0,
0.0,
1.0
]
],
"at_element": 2,
"to_element": 0
},
{
"pose": [
[
-0.37353469520725957,
-0.5490963388698564,
0.7476396472339729,
0.024290872181100355
],
[
-0.4506952894233597,
-0.5970237728416363,
-0.6636538033896381,
0.5424573719156432
],
[
0.8107685166359223,
-0.584855388366781,
-0.0244660403483683,
-0.735096446487445
],
[
0.0,
0.0,
0.0,
1.0
]
],
"at_element": 0,
"to_element": 5
},
{
"pose": [
[
-0.7268644967965334,
0.5490963388698556,
0.4125060168487765,
0.04405835303109705
],
[
0.6865344889433552,
0.5970237728416363,
0.41500965067480583,
0.5639502414928287
],
[
-0.018395618717738593,
0.5848553883667817,
-0.8109289586087876,
-0.7140416390317029
],
[
0.0,
0.0,
0.0,
1.0
]
],
"at_element": 5,
"to_element": 0
},
{
"pose": [
[
-0.8557117882219334,
-0.3124037796851657,
0.4125060168487772,
-0.03581430677022989
],
[
-0.12875340188039752,
0.900660619407222,
0.41500965067480555,
0.48359280841623853
],
[
-0.5011785081208552,
0.30201709734288507,
-0.8109289586087873,
-0.5570231952068003
],
[
0.0,
0.0,
0.0,
1.0
]
],
"at_element": 5,
"to_element": 12
},
{
"pose": [
[
-0.7791563473154297,
0.3124037796851656,
0.543432852224173,
-0.024567788796101116
],
[
-0.42481761565562354,
-0.9006606194072226,
-0.09132602081372547,
0.4511690782841595
],
[
0.4609179752046434,
-0.30201709734288323,
0.8344700671958408,
-0.5678957932182073
],
[
0.0,
0.0,
0.0,
1.0
]
],
"at_element": 12,
"to_element": 5
},
{
"pose": [
[
0.7981043945001656,
0.3227606785782899,
0.508777868861457,
-0.7415285794849882
],
[
-0.00391146056620989,
-0.8416244290541499,
0.5400490911903431,
-0.11004035753142188
],
[
0.6025064945340948,
-0.4330056174958453,
-0.6704416896802277,
0.5480233410549277
],
[
0.0,
0.0,
0.0,
1.0
]
],
"at_element": 3,
"to_element": 19
},
{
"pose": [
[
0.09037108401255811,
-0.3227606785782935,
-0.9421563625736836,
-0.7531479508894245
],
[
-0.4279966149952187,
0.8416244290541461,
-0.32937397889316794,
-0.07974191204759634
],
[
0.899250779664399,
0.4330056174958496,
-0.06208196589999582,
0.5636115258116751
],
[
0.0,
0.0,
0.0,
1.0
]
],
"at_element": 19,
"to_element": 3
},
{
"pose": [
[
-0.6615175232520731,
0.12625355443034203,
0.7392256803061892,
-1.0053620374809689
],
[
-0.7482441462523138,
-0.1771712168468873,
-0.6393285990162958,
-0.1758820372369657
],
[
0.05025200522953727,
-0.976048359413968,
0.21167034760615988,
0.511555030586456
],
[
0.0,
0.0,
0.0,
1.0
]
],
"at_element": 17,
"to_element": 19
},
{
"pose": [
[
0.3104857942895811,
-0.1262535544303422,
-0.9421563625736827,
-1.0099071647863975
],
[
-0.9274282408623724,
0.17717121684688597,
-0.32937397889317116,
-0.16950387434832323
],
[
0.2085076247893426,
0.9760483594139682,
-0.06208196589999715,
0.5466927664688854
],
[
0.0,
0.0,
0.0,
1.0
]
],
"at_element": 19,
"to_element": 17
},
{
"pose": [
[
-0.7178606965975329,
0.4752063766799624,
0.5087778688614574,
-0.5477600443344193
],
[
0.6960056710705718,
0.4732051193109472,
0.5400490911903428,
0.09563785237877341
],
[
0.0158784797165141,
0.7417922988415382,
-0.6704416896802274,
0.2926849860200993
],
[
0.0,
0.0,
0.0,
1.0
]
],
"at_element": 3,
"to_element": 15
},
{
"pose": [
[
-0.42739523049098116,
-0.475206376679962,
0.7690983139470944,
-0.5648675079604916
],
[
-0.6127818810166751,
-0.47320511931094655,
-0.6329101684722551,
0.0786024341614476
],
[
0.6647042073367873,
-0.7417922988415389,
-0.08895224633565157,
0.26598041008576023
],
[
0.0,
0.0,
0.0,
1.0
]
],
"at_element": 15,
"to_element": 3
},
{
"pose": [
[
0.758188532308741,
-0.6010081639698657,
0.2528622872574882,
-0.4195852687874204
],
[
-0.6503127843739172,
-0.6688369051087815,
0.3602089349868349,
-0.08283763547764961
],
[
-0.04736488103395224,
-0.4375458618317375,
-0.8979477639810467,
0.23092309592186905
],
[
0.0,
0.0,
0.0,
1.0
]
],
"at_element": 4,
"to_element": 15
},
{
"pose": [
[
0.21743267998465132,
0.6010081639698658,
0.7690983139470944,
-0.3979487059607173
],
[
0.3899768108605021,
0.6688369051087819,
-0.6329101684722552,
-0.058759207619672266
],
[
-0.8947855143361254,
0.4375458618317368,
-0.08895224633565157,
0.24667494272966217
],
[
0.0,
0.0,
0.0,
1.0
]
],
"at_element": 15,
"to_element": 4
},
{
"pose": [
[
0.954858718407223,
0.15590218588790528,
0.2528622872574884,
-0.2585049279952559
],
[
0.056642032887931404,
-0.9311504729451474,
0.3602089349868362,
0.14662551868965404
],
[
0.2916101987106041,
-0.32962600802940495,
-0.8979477639810463,
-0.341094714264041
],
[
0.0,
0.0,
0.0,
1.0
]
],
"at_element": 4,
"to_element": 21
},
{
"pose": [
[
0.40592484710618293,
-0.15590218588790605,
0.9005107033995735,
-0.26411740850942717
],
[
0.3646215116130549,
0.9311504729451474,
-0.003154362540861627,
0.18014694659909716
],
[
-0.838019195347477,
0.32962600802940456,
0.43482240404533656,
-0.3292281741222672
],
[
0.0,
0.0,
0.0,
1.0
]
],
"at_element": 21,
"to_element": 4
},
{
"pose": [
[
0.9030461146744163,
0.11977687938411877,
0.41250601684877675,
-0.31640456996690847
],
[
-0.06924901263646413,
-0.9071778018093526,
0.41500965067480794,
0.2012995512134109
],
[
0.42392486247012673,
-0.40333848696765046,
-0.8109289586087864,
-0.005422101801991069
],
[
0.0,
0.0,
0.0,
1.0
]
],
"at_element": 5,
"to_element": 14
},
{
"pose": [
[
-0.8689578146284587,
-0.11977687938411913,
-0.4801726934771864,
-0.32071656727467784
],
[
-0.29228542375097705,
0.9071778018093521,
0.30265106470498915,
0.23395817664416094
],
[
0.39935140848486517,
0.40333848696765096,
-0.8233082760860606,
0.009098183572507378
],
[
0.0,
0.0,
0.0,
1.0
]
],
"at_element": 14,
"to_element": 5
},
{
"pose": [
[
-0.6951923135031113,
0.5886819457990439,
0.4125060168487771,
-0.21046101518259946
],
[
0.7186841406619263,
0.5579068881164693,
0.41500965067480766,
0.3078861120547809
],
[
0.014168740495206139,
0.584973051415575,
-0.8109289586087864,
-0.2136922676746211
],
[
0.0,
0.0,
0.0,
1.0
]
],
"at_element": 5,
"to_element": 16
},
{
"pose": [
[
-0.4734720141398401,
-0.5886819457990433,
0.6551929628106635,
-0.2316535442164865
],
[
-0.34856026635213755,
-0.5579068881164699,
-0.7531571183443225,
0.28780148399885275
],
[
0.8089066649168434,
-0.5849730514155752,
0.058962162194586165,
-0.2347512766431041
],
[
0.0,
0.0,
0.0,
1.0
]
],
"at_element": 16,
"to_element": 5
},
{
"pose": [
[
0.6303888777654527,
-0.41633165177896014,
0.6551929628106637,
-0.12830838309822554
],
[
0.58806467623717,
-0.2948462169493593,
-0.7531571183443224,
0.16900420112090503
],
[
0.5067443135859401,
0.8600777081622648,
0.05896216219458461,
-0.22545103305419145
],
[
0.0,
0.0,
0.0,
1.0
]
],
"at_element": 16,
"to_element": 21
},
{
"pose": [
[
0.12549274397273846,
0.41633165177896037,
0.9005107033995738,
-0.11332035781815408
],
[
-0.9555395116621872,
0.294846216949361,
-0.003154362540859601,
0.17961872570602277
],
[
-0.26682543518671825,
-0.8600777081622641,
0.4348224040453361,
-0.25641400783086304
],
[
0.0,
0.0,
0.0,
1.0
]
],
"at_element": 21,
"to_element": 16
},
{
"pose": [
[
0.7730864572173701,
-0.6259420853633918,
0.10263447490012208,
-0.030362142543947323
],
[
-0.6225518818211008,
-0.7177697237318656,
0.31182651929380073,
-0.4056385640662526
],
[
-0.1215174230639438,
-0.30496414455605986,
-0.9445794759717623,
0.19057580983760886
],
[
0.0,
0.0,
0.0,
1.0
]
],
"at_element": 6,
"to_element": 15
},
{
"pose": [
[
0.12916767883130298,
0.625942085363391,
0.7690983139470938,
-0.007828337723642845
],
[
0.29022636396147894,
0.7177697237318668,
-0.6329101684722555,
-0.37979898043910626
],
[
-0.9482005950256688,
0.30496414455605914,
-0.0889522463356518,
0.20155446532556479
],
[
0.0,
0.0,
0.0,
1.0
]
],
"at_element": 15,
"to_element": 6
},
{
"pose": [
[
0.7240774079708634,
-0.5125982039150813,
0.4614704634201723,
0.09560561735975044
],
[
-0.6896359330028999,
-0.5277030206847322,
0.49591511559079243,
-0.49910055958876903
],
[
-0.010685840042572087,
-0.6773275450646032,
-0.7356039760083837,
0.16307341711202558
],
[
0.0,
0.0,
0.0,
1.0
]
],
"at_element": 8,
"to_element": 15
},
{
"pose": [
[
0.381747121569721,
0.5125982039150823,
0.769098313947095,
0.11405916193163561
],
[
0.5665282346049776,
0.5277030206847315,
-0.6329101684722542,
-0.4801032413411667
],
[
-0.7302841190718856,
0.6773275450646028,
-0.08895224633565069,
0.18745722093176317
],
[
0.0,
0.0,
0.0,
1.0
]
],
"at_element": 15,
"to_element": 8
},
{
"pose": [
[
0.4967143290881141,
0.8618242511327474,
0.10263447490012284,
0.02480117473485198
],
[
0.8066618219759552,
-0.5020566968296971,
0.3118265192937992,
-0.23804005258668443
],
[
0.3202679819229158,
-0.07209738780242281,
-0.944579475971763,
-0.3171106900327226
],
[
0.0,
0.0,
0.0,
1.0
]
],
"at_element": 6,
"to_element": 20
},
{
"pose": [
[
-0.1308449241980183,
-0.8618242511327472,
-0.49003935145158933,
-0.006224440848862915
],
[
-0.3574030836595912,
0.5020566968296974,
-0.7875291162611503,
-0.21996604497249325
],
[
0.9247392289733523,
0.0720973878024217,
-0.3737102153672509,
-0.31451518887850477
],
[
0.0,
0.0,
0.0,
1.0
]
],
"at_element": 20,
"to_element": 6
},
{
"pose": [
[
0.6707794519121936,
0.4790893979551186,
0.5661521665236116,
0.3969429949583293
],
[
0.46551992444817936,
-0.8662324165746673,
0.18147341517967067,
-0.08959118892341644
],
[
0.5773613485800193,
0.1418264758153913,
-0.8040765659585207,
-0.46795335622650536
],
[
0.0,
0.0,
0.0,
1.0
]
],
"at_element": 7,
"to_element": 13
},
{
"pose": [
[
-0.8528123228318769,
-0.47908939795511873,
0.20780878420581816,
0.37969579486473076
],
[
-0.49760612976657004,
0.8662324165746678,
-0.04505041724497863,
-0.058406854893081055
],
[
-0.1584275280525258,
-0.14182647581538899,
-0.9771315004199552,
-0.47305910395834544
],
[
0.0,
0.0,
0.0,
1.0
]
],
"at_element": 13,
"to_element": 7
},
{
"pose": [
[
-0.5592564190830556,
0.6055608822034485,
0.5661521665236108,
0.19313980513298185
],
[
0.8011756429098557,
0.5702499353713304,
0.18147341517966953,
-0.15491790331050015
],
[
-0.21295503497775436,
0.5550774983315162,
-0.8040765659585214,
-0.17850225333237973
],
[
0.0,
0.0,
0.0,
1.0
]
],
"at_element": 7,
"to_element": 16
},
{
"pose": [
[
-0.45168373828195674,
-0.6055608822034497,
0.6551929628106643,
0.17133955249762883
],
[
-0.32797769176618025,
-0.57024993537133,
-0.7531571183443216,
-0.17544695831014612
],
[
0.8297062337209269,
-0.5550774983315158,
0.058962162194587275,
-0.19848509907333245
],
[
0.0,
0.0,
0.0,
1.0
]
],
"at_element": 16,
"to_element": 7
},
{
"pose": [
[
0.6753046050048445,
-0.3386530258873157,
0.655192962810664,
0.07977637915064509
],
[
0.6188750447389754,
-0.2230426732412616,
-0.7531571183443221,
-0.07019330068744623
],
[
0.4011949270100287,
0.9140930444822107,
0.058962162194587164,
-0.20672505735184654
],
[
0.0,
0.0,
0.0,
1.0
]
],
"at_element": 16,
"to_element": 20
},
{
"pose": [
[
-0.8032282129546189,
0.33865302588731605,
-0.4900393514515896,
0.09196790782832902
],
[
0.5744996579235918,
0.2230426732412606,
-0.7875291162611503,
-0.06216375144587849
],
[
-0.1573994312550262,
-0.914093044482211,
-0.37371021536725113,
-0.2396324602509555
],
[
0.0,
0.0,
0.0,
1.0
]
],
"at_element": 20,
"to_element": 16
},
{
"pose": [
[
0.8069892668290566,
-0.36852860759169404,
0.4614704634201726,
-0.24661418880160887
],
[
-0.5790910811292478,
-0.6470871022398215,
0.4959151155907934,
-0.8668640204875554
],
[
0.11585267791147794,
-0.667431605111264,
-0.7356039760083828,
0.708586662348491
],
[
0.0,
0.0,
0.0,
1.0
]
],
"at_element": 8,
"to_element": 17
},
{
"pose": [
[
0.5636772648975474,
0.36852860759169365,
0.7392256803061888,
-0.23334712103990873
],
[
0.4153760038744771,
0.6470871022398226,
-0.639328599016296,
-0.8435688182799442
],
[
-0.7139542817596171,
0.667431605111263,
0.21167034760615988,
0.7326142687510909
],
[
0.0,
0.0,
0.0,
1.0
]
],
"at_element": 17,
"to_element": 8
},
{
"pose": [
[
-0.6656854124605498,
0.10202119982180569,
0.7392256803061882,
-0.3623444710004051
],
[
-0.7412779358334091,
-0.20436722909120641,
-0.6393285990162982,
-0.7320038426247438
],
[
0.08584843320520086,
-0.9735634085464087,
0.21167034760615544,
0.6956770861912236
],
[
0.0,
0.0,
0.0,
1.0
]
],
"at_element": 17,
"to_element": 18
},
{
"pose": [
[
0.9014166943497318,
-0.10202119982180277,
-0.4207607609254004,
-0.36601723392819224
],
[
-0.3949537388430189,
0.20436722909120375,
-0.8956816286200716,
-0.7246466229099024
],
[
0.17736822523079654,
0.9735634085464097,
0.14392637776993544,
0.7307253663624509
],
[
0.0,
0.0,
0.0,
1.0
]
],
"at_element": 18,
"to_element": 17
},
{
"pose": [
[
0.9575406791503951,
0.22624194704074954,
0.1786908760161268,
0.009680902396684454
],
[
0.11262164631623592,
-0.8641045350877035,
0.49055042271094235,
-0.00026430182229598975
],
[
0.26539067910011604,
-0.4495975242815225,
-0.852894983926336,
0.5454500589517595
],
[
0.0,
0.0,
0.0,
1.0
]
],
"at_element": 9,
"to_element": 14
},
{
"pose": [
[
-0.8474955845537337,
-0.22624194704074918,
-0.48017269347718616,
0.001536192895095989
],
[
-0.40215132161140643,
0.8641045350877037,
0.3026510647049876,
0.030843459180250908
],
[
0.34644703590610226,
0.44959752428152255,
-0.823308276086061,
0.5616355686496883
],
[
0.0,
0.0,
0.0,
1.0
]
],
"at_element": 14,
"to_element": 9
},
{
"pose": [
[
0.3982317214785317,
0.8997116576086109,
0.17869087601612677,
-0.005141381694859383
],
[
0.7566107123978508,
-0.43231991934553715,
0.4905504227109432,
-0.04095511877252633
],
[
0.5186055590649428,
-0.060153308306642644,
-0.8528949839263356,
0.6161971056608928
],
[
0.0,
0.0,
0.0,
1.0
]
],
"at_element": 9,
"to_element": 18
},
{
"pose": [
[
0.11610045318017492,
-0.899711657608611,
-0.4207607609254018,
-0.037531009514469665
],
[
0.10418208814171098,
0.4323199193455365,
-0.8956816286200704,
-0.02539159776200134
],
[
0.9877584610023802,
0.060153308306643616,
0.14392637776993866,
0.6183626253045407
],
[
0.0,
0.0,
0.0,
1.0
]
],
"at_element": 18,
"to_element": 9
},
{
"pose": [
[
-0.8630120758670923,
0.4604624481045902,
0.20780878420581708,
0.12150568227164014
],
[
0.46179535091884777,
0.8858416979211307,
-0.04505041724497728,
-0.002434378343071962
],
[
-0.2048297116565623,
0.05708607632107792,
-0.9771315004199557,
0.7409689414673751
],
[
0.0,
0.0,
0.0,
1.0
]
],
"at_element": 13,
"to_element": 14
},
{
"pose": [
[
0.7465979629789992,
-0.46046244810459064,
-0.4801726934771866,
0.10492903999282951
],
[
-0.3516913693242218,
-0.885841697921131,
0.3026510647049876,
-0.03432466820826721
],
[
-0.5647164442607129,
-0.0570860763210775,
-0.8233082760860613,
0.7389138434454395
],
[
0.0,
0.0,
0.0,
1.0
]
],
"at_element": 14,
"to_element": 13
},
{
"pose": [
[
0.5200376246560819,
0.7063958191983616,
-0.48017269347718616,
0.01691666413893514
],
[
0.8540767868438773,
-0.42303093882998133,
0.30265106470498815,
0.021149205298582517
],
[
0.010663541461361559,
-0.5674942919639814,
-0.823308276086061,
0.5880070584015479
],
[
0.0,
0.0,
0.0,
1.0
]
],
"at_element": 14,
"to_element": 18
},
{
"pose": [
[
0.5691795223693078,
-0.7063958191983615,
-0.4207607609254008,
-0.008513599740076566
],
[
-0.137110338578538,
0.4230309388299818,
-0.8956816286200711,
0.0363783277127564
],
[
0.8107005775070876,
0.5674942919639807,
0.14392637776993777,
0.6084368644709754
],
[
0.0,
0.0,
0.0,
1.0
]
],
"at_element": 18,
"to_element": 14
},
{
"pose": [
[
-0.8961563058338695,
0.14094061721047751,
-0.42076076092540066,
0.0670636878587685
],
[
0.38573822693044096,
-0.22127006222500234,
-0.8956816286200715,
0.1972611721451601
],
[
-0.2193396813136012,
-0.9649742493886941,
0.14392637776993666,
0.5825847264962865
],
[
0.0,
0.0,
0.0,
1.0
]
],
"at_element": 18,
"to_element": 19
},
{
"pose": [
[
0.30410052759286277,
-0.14094061721047768,
-0.9421563625736824,
0.061989826365965006
],
[
-0.9179064993729071,
0.22127006222500145,
-0.32937397889317155,
0.20522689324426
],
[
0.2548931688506342,
0.9649742493886941,
-0.06208196589999804,
0.6173237944982979
],
[
0.0,
0.0,
0.0,
1.0
]
],
"at_element": 19,
"to_element": 18
},
{
"pose": [
[
0.9839011277102705,
0.0028533697705108926,
0.17869087601612682,
0.0868035295325327
],
[
-0.08657650806529418,
-0.8671013729831933,
0.490550422710939,
0.21145628618721415
],
[
0.1563428256802279,
-0.4981235461726475,
-0.8528949839263378,
0.17734227808526637
],
[
0.0,
0.0,
0.0,
1.0
]
],
"at_element": 9,
"to_element": 10
},
{
"pose": [
[
-0.9374572527277996,
-0.002853369770511524,
0.3480887208586327,
0.0867008092051524
],
[
0.1710731608172555,
0.8671013729831928,
0.46783456757560726,
0.24267163648119677
],
[
-0.3031631127892043,
0.49812354617264853,
-0.8123823359677051,
0.19527455390437204
],
[
0.0,
0.0,
0.0,
1.0
]
],
"at_element": 10,
"to_element": 9
},
{
"pose": [
[
-0.8795914082649783,
-0.44089514097460963,
0.1786908760161281,
0.1718151157226065
],
[
-0.3087949672924076,
0.8148656030002742,
0.4905504227109384,
0.4448340079300124
],
[
-0.36189034621182303,
0.3763050939224427,
-0.852894983926338,
-0.22841965589614002
],
[
0.0,
0.0,
0.0,
1.0
]
],
"at_element": 9,
"to_element": 12
},
{
"pose": [
[
-0.7143474013310902,
0.440895140974608,
0.5434328522241719,
0.18768738508228067
],
[
-0.572410348412159,
-0.8148656030002754,
-0.0913260208137206,
0.4154987643749047
],
[
0.4025595399964941,
-0.37630509392244194,
0.834470067195842,
-0.24196667707435343
],
[
0.0,
0.0,
0.0,
1.0
]
],
"at_element": 12,
"to_element": 9
},
{
"pose": [
[
-0.859936791720449,
-0.37328669498997924,
0.348088720858633,
0.23130250793373175
],
[
-0.18571486816332125,
0.8640837951983721,
0.46783456757561004,
0.43701770155481384
],
[
-0.4754142425176399,
0.3376629061934935,
-0.8123823359677034,
-0.14220224082845562
],
[
0.0,
0.0,
0.0,
1.0
]
],
"at_element": 10,
"to_element": 12
},
{
"pose": [
[
-0.7518894722410729,
0.37328669498997835,
0.5434328522241726,
0.2447408175023524
],
[
-0.49499368965463353,
-0.8640837951983726,
-0.0913260208137236,
0.40591071143448265
],
[
0.4354807329091987,
-0.3376629061934923,
0.8344700671958414,
-0.1543580950932053
],
[
0.0,
0.0,
0.0,
1.0
]
],
"at_element": 12,
"to_element": 10
},
{
"pose": [
[
0.8959801482282603,
-0.3924353150172116,
0.20788000747596333,
0.35866095141580395
],
[
-0.33829266561653576,
-0.9063902401038175,
-0.2530114721403026,
0.3517618960870494
],
[
0.28771104666126984,
0.1563689744542897,
-0.9448656504801045,
0.047895276117731006
],
[
0.0,
0.0,
0.0,
1.0
]
],
"at_element": 11,
"to_element": 12
},
{
"pose": [
[
0.7420749683494539,
0.39243531501721096,
0.5434328522241726,
0.3727885546065565
],
[
-0.4124515614794959,
0.9063902401038177,
-0.09132602081372626,
0.38439178732809653
],
[
-0.5284017891550733,
-0.15636897445428866,
0.834470067195841,
0.04226602019223355
],
[
0.0,
0.0,
0.0,
1.0
]
],
"at_element": 12,
"to_element": 11
},
{
"pose": [
[
0.6537853685652159,
0.7275648385826783,
0.20788000747596266,
0.37609131394899575
],
[
0.7544399800500681,
-0.6056447072892235,
-0.25301147214030456,
0.33054734189298135
],
[
-0.05818082460826554,
0.32224818725745014,
-0.9448656504801041,
-0.03132999923700791
],
[
0.0,
0.0,
0.0,
1.0
]
],
"at_element": 11,
"to_element": 20
},
{
"pose": [
[
-0.48011544412470886,
-0.7275648385826783,
-0.4900393514515898,
0.34989905586307607
],
[
-0.113984119830281,
0.6056447072892229,
-0.7875291162611497,
0.3523504880051446
],
[
0.8697682339218016,
-0.32224818725745025,
-0.3737102153672516,
-0.042930900271215544
],
[
0.0,
0.0,
0.0,
1.0
]
],
"at_element": 20,
"to_element": 11
},
{
"pose": [
[
0.24923131579603597,
-0.8016012015647667,
0.5434328522241721,
0.33915007205209047
],
[
0.966794485944175,
0.23867965952353232,
-0.09132602081372376,
0.39004486616817374
],
[
-0.05649932012435757,
0.548149189345066,
0.8344700671958416,
-0.009387660078851848
],
[
0.0,
0.0,
0.0,
1.0
]
],
"at_element": 12,
"to_element": 20
},
{
"pose": [
[
-0.34248641969986293,
0.801601201564766,
-0.49003935145158845,
0.36800769895883617
],
[
0.568181230920789,
-0.23867965952353476,
-0.7875291162611495,
0.38145240329347496
],
[
-0.7482467114197744,
-0.5481491893450665,
-0.3737102153672547,
-0.029121019715135917
],
[
0.0,
0.0,
0.0,
1.0
]
],
"at_element": 20,
"to_element": 12
},
{
"pose": [
[
-0.7582381302452441,
0.430042290793709,
-0.4900393514515896,
0.24513027444772018
],
[
0.5965964729738882,
0.1545009368128465,
-0.787529116261151,
0.18397938557145815
],
[
-0.26295928634926025,
-0.8894903533219748,
-0.37371021536724913,
-0.12282889979006652
],
[
0.0,
0.0,
0.0,
1.0
]
],
"at_element": 20,
"to_element": 21
},
{
"pose": [
[
-0.06437469372124127,
-0.4300422907937091,
0.9005107033995738,
0.22964875536760476
],
[
0.9879876064611914,
-0.15450093681284427,
-0.0031543625408612663,
0.17841735306356427
],
[
0.1404862565782934,
0.8894903533219753,
0.434822404045336,
-0.09080725407909024
],
[
0.0,
0.0,
0.0,
1.0
]
],
"at_element": 21,
"to_element": 20
}
],
"nstatus": 0,
"opt_line_pos": [
[
0.13712356648807145,
0.44229969969940836,
-0.738788825913473
],
[
0.3606878627624264,
0.13719737149984085,
-0.7034847322112915
],
[
0.13712356648807145,
0.4104085147596379,
-0.7034986995105402
],
[
-0.8941618801370739,
-0.27205502119397806,
0.7491557688856675
],
[
-0.42489872530744893,
-0.09040679312047904,
0.249791889892366
],
[
-0.20376613931483745,
0.3146216213121154,
-0.2268534544057461
],
[
-0.036821561461806596,
-0.4252637252976683,
0.2500240073604312
],
[
0.22709737804956925,
-0.1440332028840666,
-0.22673043337576915
],
[
-0.2722784480249061,
-0.8944438876472987,
0.74949660701981
],
[
-0.00432911887639317,
-0.03872525747331247,
0.6123201596245592
],
[
0.1900677825416521,
0.3815978365407524,
-0.04596711303007767
],
[
0.3793116883405263,
0.3266278131439828,
-0.045967391168960633
],
[
-0.11287660010964146,
0.466009720153799,
-0.7034986729653382
],
[
0.14886571935113796,
-0.008365701655413829,
0.6123201252722084
],
[
0.031096640438637062,
0.012211618919984773,
0.6123201690820149
],
[
-0.42489843355334045,
-0.036581605196658984,
0.249791889892366
],
[
-0.1438878182202839,
0.18691306633768942,
-0.22685305846152523
],
[
-0.8941617163928299,
-0.2720550293088793,
0.5433962006725569
],
[
-0.019866282554396056,
0.012211650644360361,
0.6123201888376356
],
[
0.012189136482372001,
0.18781677743951625,
0.614042253499409
],
[
0.34591796166211,
0.34595257814637087,
-0.04596693312619604
],
[
-0.1438877030181915,
0.17972579882387527,
-0.271173817431112
]
],
"opt_line_orient": [
[
0.7476396472339727,
-0.6636538033896385,
-0.024466040348368454
],
[
0.2545812615452999,
0.9637394532760991,
-0.07996653968435206
],
[
0.8957279534908175,
0.4446008074893681,
-0.0012471226699642694
],
[
0.5087778688614573,
0.5400490911903421,
-0.6704416896802283
],
[
0.2528622872574884,
0.3602089349868355,
-0.8979477639810465
],
[
0.4125060168487768,
0.41500965067480694,
-0.8109289586087868
],
[
0.102634474900122,
0.3118265192938005,
-0.9445794759717625
],
[
0.5661521665236113,
0.1814734151796712,
-0.8040765659585211
],
[
0.46147046342017256,
0.4959151155907935,
-0.7356039760083827
],
[
0.17869087601612668,
0.4905504227109432,
-0.8528949839263356
],
[
0.3480887208586324,
0.4678345675756123,
-0.8123823359677024
],
[
0.2078800074759628,
-0.25301147214030484,
-0.9448656504801036
],
[
0.5434328522241728,
-0.09132602081372494,
0.834470067195841
],
[
0.20780878420581744,
-0.04505041724497581,
-0.9771315004199557
],
[
-0.4801726934771862,
0.3026510647049885,
-0.8233082760860606
],
[
0.7690983139470945,
-0.6329101684722549,
-0.08895224633565131
],
[
0.655192962810664,
-0.7531571183443223,
0.058962162194586464
],
[
0.7392256803061891,
-0.6393285990162955,
0.21167034760616046
],
[
-0.42076076092540093,
-0.8956816286200711,
0.143926377769938
],
[
-0.9421563625736825,
-0.3293739788931714,
-0.062081965899997635
],
[
-0.4900393514515895,
-0.7875291162611502,
-0.3737102153672513
],
[
0.9005107033995736,
-0.0031543625408605156,
0.4348224040453369
]
],
"opt_edge_ids": [
[
2,
0
],
[
0,
1
],
[
2,
1
],
[
3,
4
],
[
4,
5
],
[
5,
2
],
[
6,
7
],
[
7,
0
],
[
8,
6
],
[
9,
10
],
[
10,
1
],
[
10,
0
],
[
2,
10
],
[
9,
7
],
[
9,
5
],
[
4,
6
],
[
5,
7
],
[
3,
8
],
[
9,
8
],
[
9,
3
],
[
10,
7
],
[
5,
10
]
]
}