{
"line_pt_pairs": [
[
[
217.92786852631542,
-285.29103832313024,
0.00029474750877378497
],
[
218.63504384627947,
-285.9980765579714,
0.00033089323283030936
]
],
[
[
217.40195595757777,
-286.65050275403064,
2.112727028705506
],
[
217.1056903243248,
-287.29978453654405,
2.8131981854632153
]
],
[
[
216.99953644411656,
-287.42513157935446,
3.12933968610577
],
[
217.18523186145555,
-286.8739484273296,
2.315881423560468
]
],
[
[
217.08045741720926,
-287.14998453845584,
2.7988217924320353
],
[
216.8431215215023,
-286.8328633423635,
1.8806138532385512
]
],
[
[
216.40391643473336,
-286.398428735217,
2.810256787678095
],
[
216.57987216656574,
-286.8170677107809,
1.9193129125803656
]
],
[
[
216.46644674985617,
-286.7080079130543,
2.4809603064374968
],
[
217.1552180783643,
-286.2096391048317,
1.954440992436633
]
],
[
[
216.73378070161266,
-287.056729952768,
2.60535158146134
],
[
217.46851375336212,
-286.59636966938035,
2.107118952917074
]
],
[
[
216.82878411995102,
-286.8732774828978,
2.699378149813576
],
[
217.31445814260096,
-287.19171946497386,
1.8853047822510993
]
],
[
[
216.51624379917237,
-286.93421944546435,
2.5950133567999156
],
[
216.4152174260446,
-286.2759752828961,
1.8490185214441253
]
],
[
[
215.95564898478642,
-286.4234449413913,
2.4619698360347497
],
[
217.32228204366243,
-286.99360971453757,
2.222749824643038
]
],
[
[
217.05582343462305,
-287.12415817785336,
2.1437384678596194
],
[
217.1258631828045,
-288.05052499731454,
2.513791098543473
]
],
[
[
216.87877947209284,
-286.8705638179998,
2.428694614698062
],
[
217.05774307563993,
-287.8536844443855,
2.3906701149585823
]
],
[
[
217.20268198151692,
-286.7995748135922,
2.9104717449505637
],
[
217.0373940160897,
-287.6215534062185,
2.3654661653929074
]
],
[
[
216.48922169806903,
-287.398164571035,
3.027586397517795
],
[
216.95136093558858,
-286.9267918848151,
2.276430544295138
]
],
[
[
216.52967554710008,
-287.5712726967082,
3.515203523637408
],
[
216.7634509816296,
-287.2034061751113,
2.6151905967865168
]
],
[
[
217.07704322315254,
-287.6130959873474,
3.6418866997598762
],
[
216.5612035576147,
-287.20916208915963,
2.886408807725526
]
],
[
[
217.64816767511442,
-286.7680317696294,
2.544515662773376
],
[
216.74524055432448,
-287.5823660925978,
3.4229131952024843
]
],
[
[
218.1609439502506,
-285.765188968595,
-0.09426316471792884
],
[
218.67286718739095,
-284.90694895656753,
-0.05740287401292665
]
],
[
[
217.5849400565519,
-285.46822118830363,
-0.03578814492330551
],
[
218.55326048293284,
-285.2185103338652,
-0.035585588757498954
]
],
[
[
215.70219783996205,
-286.4001514929704,
2.3194285448916148
],
[
215.40104399237492,
-287.01921051608895,
3.04473695238391
]
],
[
[
216.34853957748678,
-286.52875417983176,
2.6273066712557065
],
[
216.9389161656103,
-287.335842158254,
2.6192767720065167
]
],
[
[
216.6105187536871,
-286.8094475894959,
2.439587874257758
],
[
216.26876431012874,
-287.0531209169724,
3.3472371511178567
]
],
[
[
216.62931601462486,
-286.5776901440566,
2.0972069502460107
],
[
216.34307863313344,
-287.02401746513675,
2.945063119589796
]
],
[
[
216.21461049876638,
-286.3105656276005,
2.2400553319299243
],
[
215.3985463413645,
-286.73670400310453,
2.6304978705021798
]
],
[
[
216.24144545376825,
-286.61465049273625,
3.0297763624196676
],
[
217.0153987817249,
-286.1055202755541,
1.8500379727345428
]
],
[
[
216.65765138242242,
-286.543247234117,
2.8315866193298045
],
[
215.77703630281343,
-286.44445811310226,
2.368166948691609
]
],
[
[
215.97927963084967,
-286.61187743826406,
3.5830293653408685
],
[
216.46521227891313,
-287.18048023081064,
2.9192821801458715
]
],
[
[
216.1321098320095,
-286.63187755116684,
3.387251600317441
],
[
216.59785621000538,
-286.5338146771174,
2.507783588325597
]
],
[
[
216.32687850143515,
-286.44804840774634,
2.7959898876150246
],
[
215.88766766680064,
-287.03135725116385,
3.479250186425457
]
],
[
[
215.94712485851485,
-286.5325015684481,
2.5881504388404353
],
[
216.427059968823,
-286.3167028556791,
1.7378015660471595
]
],
[
[
216.76439837387062,
-286.05033006735516,
1.4712111880578882
],
[
217.43517492287614,
-285.7312970722565,
0.8016764471051834
]
],
[
[
217.29388981130265,
-285.88014401423027,
1.095838499978372
],
[
217.84612748753176,
-285.38012157766457,
0.42874696811487856
]
],
[
[
217.7343015228725,
-285.6333608386398,
0.6959371066780045
],
[
218.03189580292872,
-285.2019957835788,
-0.15574466120836394
]
],
[
[
217.62508722424934,
-286.15068653587747,
1.1121888350258735
],
[
218.1489764858982,
-285.87455082711926,
0.3064040549030467
]
],
[
[
217.8558300865299,
-286.0470792167629,
0.5675342053093932
],
[
218.29647273996667,
-285.68320049923904,
-0.2530913675954536
]
],
[
[
217.0625496198203,
-287.73304010642755,
2.485540065785464
],
[
217.38590819477213,
-287.06675188228235,
1.8136031384101394
]
],
[
[
217.51170128633612,
-286.69298768739424,
1.5789672597006215
],
[
217.72170512239168,
-286.03534729687067,
0.8554981825494303
]
],
[
[
217.38865513126458,
-286.1675540369359,
1.9617075614897834
],
[
217.8541129756146,
-285.67971550080574,
1.2232208941765335
]
],
[
[
217.60986248346856,
-285.93764894329394,
1.5031033571590777
],
[
218.41901864489284,
-285.298141977515,
0.4139306678442334
]
],
[
[
218.1016818723771,
-285.3631117178562,
0.7470480078730872
],
[
218.59310029994955,
-285.1340993923336,
-0.09322652095720718
]
],
[
[
217.38754949303052,
-286.76804940491445,
2.339615481764065
],
[
217.42114149915557,
-285.8720923074539,
1.8967470400857904
]
],
[
[
216.80593974472885,
-286.3680150287389,
2.2244926174783797
],
[
217.67694299702018,
-285.9327341694054,
1.9967122232478356
]
],
[
[
216.88016623783162,
-286.18642522845727,
2.234310675968743
],
[
216.87464501634048,
-286.01645996774613,
1.2488760884568921
]
],
[
[
217.34281864328466,
-286.5997807978124,
2.5832130281455705
],
[
217.7443185311767,
-286.71806678114575,
1.14279424662072
]
],
[
[
217.13403749926513,
-286.1975327029221,
2.353914630825224
],
[
216.31403167706898,
-286.39474178693837,
1.8166074293604884
]
],
[
[
217.27269498096518,
-286.3956807151718,
2.275712409844364
],
[
217.40569457935493,
-287.322286407838,
1.923983825355243
]
],
[
[
218.19005947597887,
-285.30251939731676,
0.7905775535053758
],
[
218.1917076104258,
-285.66237742629136,
-0.14242806418153808
]
],
[
[
217.91958797307325,
-285.410762047188,
-0.15069081854059307
],
[
218.32860024106049,
-285.37216570856685,
0.7610214646282736
]
],
[
[
217.82187052949942,
-285.72877530743955,
1.3640696745146421
],
[
218.08218514918588,
-286.0154969922837,
0.44210060007795926
]
],
[
[
217.86232518213234,
-285.65613761925323,
1.4032781145392321
],
[
217.76693993757942,
-285.3835158816022,
0.4458967676968659
]
],
[
[
217.4662198623182,
-285.69851777274505,
0.5052594020776564
],
[
218.39868341926746,
-285.46643797935377,
0.7821180021987653
]
],
[
[
218.16032417750478,
-285.15733351434244,
0.7029950944385206
],
[
217.9505096113814,
-286.0838652242233,
0.3907182326192191
]
],
[
[
217.2770727091884,
-285.5940243465126,
1.052153360104773
],
[
217.87542038155013,
-286.3617071054871,
0.8227122030457383
]
],
[
[
217.58496316929663,
-285.2987920726757,
0.5690903124565019
],
[
218.11501447921242,
-286.1385202679301,
0.4511828616685596
]
],
[
[
216.53178392952253,
-288.1447335776147,
3.0473809515893304
],
[
217.20075569946266,
-287.92762916368156,
2.336506529153203
]
],
[
[
217.63535532987413,
-286.6296045423899,
1.2960859844827437
],
[
217.3322239142398,
-287.2614035143964,
2.00948727676297
]
],
[
[
216.32364126146587,
-286.30196921804855,
1.9982189380320419
],
[
217.02152682387623,
-286.09267266431647,
1.3132731778618933
]
],
[
[
216.74271083913675,
-285.76465985219494,
1.3579873096669584
],
[
217.67506948800477,
-286.9372803341294,
1.4332771179336097
]
],
[
[
217.80123403040758,
-285.45180132647744,
1.200816217482954
],
[
217.62162724247858,
-286.93076266174404,
1.3752145274413654
]
],
[
[
218.0754255627204,
-285.56837492410585,
1.2977750876570702
],
[
216.69996868899395,
-286.16599573921036,
1.2666664092451327
]
],
[
[
216.81967674425835,
-285.9753456555934,
1.3764591824554442
],
[
217.41210850764392,
-286.06884764810593,
2.176635402502028
]
],
[
[
217.44311884726656,
-285.9884173837583,
2.0574027096323126
],
[
217.51539388290772,
-286.7126628010272,
1.3716586649712683
]
],
[
[
216.66529389217627,
-287.18653256142744,
3.1757497200186093
],
[
216.7225525684357,
-288.10321104959013,
2.780247516064188
]
],
[
[
216.65678888079168,
-287.0185844644442,
3.065131906263035
],
[
215.16839826813492,
-286.95066638019836,
2.891694545848289
]
],
[
[
216.2620717206056,
-286.596725566969,
2.7444767339346887
],
[
216.84752821549216,
-287.39408273587895,
2.597976775630726
]
],
[
[
216.18261533780822,
-286.6780607806541,
2.969987616664225
],
[
216.89164101371375,
-287.3822315286518,
3.007751998971661
]
],
[
[
216.90061140824807,
-287.7294882317428,
3.4052107839484806
],
[
215.83664796469424,
-286.6921654803485,
3.20041014864451
]
],
[
[
216.7736768109194,
-287.2676150684321,
3.2804797678737603
],
[
216.93382579014624,
-288.2483434266361,
3.3923913037717104
]
],
[
[
216.990142640053,
-287.2552774887875,
3.043631947673687
],
[
216.8788330033474,
-288.21780324077025,
3.2909259863129927
]
],
[
[
216.8072871403504,
-288.1251312851686,
3.414585653540412
],
[
217.09894327742398,
-288.0267166398776,
2.4631387263292512
]
],
[
[
216.9672126403142,
-288.2631378463973,
3.5734108017171673
],
[
216.59010689676842,
-287.9981697637067,
2.6859519726213916
]
],
[
[
216.2662588068634,
-286.91893158466394,
3.3018784201500497
],
[
215.31004434564184,
-286.62977055596457,
3.347042605433306
]
],
[
[
216.56847022922358,
-286.5451546154408,
2.9887454194515657
],
[
215.15155600158045,
-286.63065141850353,
3.473559165305072
]
],
[
[
215.35333879626523,
-286.5257121808629,
3.5792551200226033
],
[
215.50121653261493,
-287.11488193787767,
2.784893003282837
]
],
[
[
215.46606534502436,
-286.7338022959585,
3.43774552884965
],
[
215.54358779885374,
-286.5719877176371,
2.4539740556939478
]
],
[
[
216.81989721439885,
-287.17031804496264,
2.556031713615016
],
[
216.97372838331765,
-286.55030921848,
1.7866650737399579
]
],
[
[
216.4125368131212,
-286.57901439386563,
2.5792125482897275
],
[
216.97901217779625,
-286.6990429812175,
1.7639219256068777
]
],
[
[
216.78063002550078,
-286.77304943186334,
1.93325482213373
],
[
217.65419328589505,
-286.7552953621881,
1.4468681209387575
]
],
[
[
216.76691876582677,
-286.9010652679888,
2.188601039950965
],
[
216.93598309749262,
-285.8707013607704,
1.1116760330633073
]
],
[
[
216.69189141722362,
-286.90658296567653,
1.8160051969422832
],
[
217.58735621248212,
-285.72150021439484,
2.0251024782904445
]
],
[
[
217.77859606070336,
-285.47929457214155,
1.3834719191124603
],
[
217.61784401838256,
-286.21878857203325,
0.7297843752401381
]
],
[
[
217.16274308569905,
-285.75438362225356,
0.9014650810613334
],
[
217.96416036487975,
-285.9143677876873,
1.4777769857111318
]
],
[
[
216.4805917722741,
-287.4450695229717,
3.1489343465120254
],
[
217.21860374303415,
-286.9743773906363,
2.66541883737879
]
],
[
[
216.306481160676,
-287.1872542984835,
3.0716407025734087
],
[
216.40004131806447,
-286.28375208898086,
2.653394059582298
]
],
[
[
216.76274524656182,
-287.3407859462657,
3.426267142208057
],
[
216.81341356932762,
-288.1002104618009,
2.777647742041623
]
],
[
[
215.4310462973321,
-286.92074275050504,
2.8521177709026593
],
[
216.3312593231018,
-286.85791888859814,
3.2830118073080055
]
],
[
[
215.8413893720811,
-286.32586206535314,
2.1818335745072392
],
[
216.4569953836169,
-287.25999324782646,
3.181047351680062
]
],
[
[
216.6149327875564,
-287.1677398225521,
3.048748286630791
],
[
217.17647866513116,
-287.6008722646144,
2.3437216807413703
]
],
[
[
217.04477480458036,
-287.31853974542486,
3.2179590869891728
],
[
217.0145086185939,
-287.97938293911284,
2.4680456044179793
]
],
[
[
216.5029625810801,
-286.6761045336653,
3.376392060419934
],
[
215.4059980120524,
-286.5224198198396,
2.3649328457038052
]
],
[
[
217.00919446271075,
-286.04181711440845,
2.375102748231023
],
[
216.80860082021542,
-286.75216138122335,
1.7004374881251798
]
],
[
[
216.67263953484235,
-286.71733781579894,
1.8257849734165859
],
[
217.59812933611394,
-286.81201795812035,
2.19253325002093
]
]
],
"contact_id_pairs": [
[
1,
6
],
[
6,
43
],
[
6,
45
],
[
40,
43
],
[
45,
91
],
[
1,
12
],
[
2,
3
],
[
2,
12
],
[
12,
82
],
[
2,
68
],
[
2,
88
],
[
16,
88
],
[
3,
7
],
[
3,
13
],
[
6,
7
],
[
11,
13
],
[
13,
75
],
[
4,
24
],
[
4,
83
],
[
24,
25
],
[
24,
83
],
[
25,
27
],
[
4,
8
],
[
4,
9
],
[
4,
76
],
[
5,
76
],
[
8,
22
],
[
9,
22
],
[
5,
90
],
[
24,
42
],
[
24,
44
],
[
41,
90
],
[
44,
90
],
[
7,
35
],
[
35,
55
],
[
45,
55
],
[
8,
44
],
[
8,
56
],
[
29,
44
],
[
9,
25
],
[
9,
29
],
[
23,
25
],
[
23,
86
],
[
25,
29
],
[
10,
35
],
[
11,
12
],
[
12,
87
],
[
35,
87
],
[
10,
54
],
[
10,
69
],
[
54,
88
],
[
13,
20
],
[
13,
64
],
[
14,
64
],
[
14,
62
],
[
14,
82
],
[
15,
62
],
[
15,
82
],
[
65,
82
],
[
65,
87
],
[
15,
16
],
[
15,
67
],
[
16,
66
],
[
16,
67
],
[
67,
84
],
[
0,
46
],
[
17,
34
],
[
17,
46
],
[
17,
18
],
[
17,
39
],
[
0,
18
],
[
0,
32
],
[
0,
47
],
[
18,
47
],
[
19,
23
],
[
19,
89
],
[
74,
89
],
[
19,
63
],
[
19,
73
],
[
19,
85
],
[
63,
73
],
[
20,
21
],
[
21,
64
],
[
22,
64
],
[
21,
26
],
[
21,
63
],
[
21,
65
],
[
26,
86
],
[
63,
83
],
[
83,
86
],
[
26,
71
],
[
26,
85
],
[
28,
66
],
[
28,
71
],
[
27,
72
],
[
27,
89
],
[
28,
89
],
[
30,
42
],
[
30,
57
],
[
30,
60
],
[
42,
78
],
[
56,
57
],
[
56,
78
],
[
59,
78
],
[
30,
81
],
[
31,
52
],
[
31,
81
],
[
31,
49
],
[
31,
53
],
[
32,
50
],
[
32,
53
],
[
33,
36
],
[
36,
52
],
[
52,
80
],
[
33,
53
],
[
34,
51
],
[
48,
53
],
[
51,
53
],
[
36,
61
],
[
43,
58
],
[
55,
57
],
[
55,
58
],
[
55,
77
],
[
57,
61
],
[
37,
61
],
[
40,
61
],
[
40,
79
],
[
41,
60
],
[
41,
61
],
[
37,
48
],
[
37,
59
],
[
38,
48
],
[
38,
58
],
[
38,
81
],
[
49,
59
],
[
58,
80
],
[
38,
47
],
[
38,
50
],
[
39,
46
],
[
39,
51
],
[
46,
47
],
[
54,
62
],
[
54,
70
],
[
54,
84
],
[
67,
70
],
[
68,
69
],
[
68,
70
],
[
71,
73
],
[
71,
74
],
[
72,
73
],
[
75,
79
],
[
76,
78
],
[
76,
79
],
[
77,
91
],
[
78,
90
],
[
79,
91
]
],
"coupler_pt_pairs": [
[
[
217.39306798858019,
-286.66998120750605,
2.1337411634082373
],
[
217.39314161917773,
-286.6435954433809,
2.158229837944325
]
],
[
[
217.44647176180965,
-286.61018047788195,
2.122065931773402
],
[
217.46899520978224,
-286.63695370792243,
2.13054267467268
]
],
[
[
217.33520356511812,
-286.67989757913256,
2.1975184324864148
],
[
217.31248495462245,
-286.67289671092107,
2.170484489754569
]
],
[
[
217.392799101531,
-286.62803323626446,
2.270405982117764
],
[
217.42739810287492,
-286.624698773755,
2.2797762257976193
]
],
[
[
217.3306647113827,
-286.79955473327067,
2.122406599377029
],
[
217.344142884415,
-286.78603444824097,
2.0918848222225237
]
],
[
[
217.16400855323707,
-287.17197705781143,
2.675314365400459
],
[
217.12984601992932,
-287.1617887294306,
2.6703090364612283
]
],
[
[
217.08801988222731,
-287.16249407855463,
2.741728700002543
],
[
217.06938298112448,
-287.13518720488435,
2.7559768822474133
]
],
[
[
217.10057908640408,
-287.12521571248476,
2.6867117881423983
],
[
217.13549297687013,
-287.1337063599319,
2.6889288012596007
]
],
[
[
217.15231538085038,
-287.05004838814585,
2.7443974738100607
],
[
217.12802993713075,
-287.03214390327224,
2.7247591212910125
]
],
[
[
217.00956408897204,
-287.3953674151223,
3.085412535514417
],
[
216.97422419797567,
-287.3929287370024,
3.078997581294067
]
],
[
[
217.00510730663672,
-287.4085960847937,
3.104935938229411
],
[
217.040371943586,
-287.4146734545812,
3.108868208374534
]
],
[
[
217.0143908380856,
-287.33962411591244,
3.1610748478267494
],
[
217.0430341560488,
-287.3565457147001,
3.1748305671679313
]
],
[
[
216.97877350268044,
-287.014117502824,
2.405425853185151
],
[
217.0021668601547,
-286.9869593783119,
2.4087587948299882
]
],
[
[
216.94773998592274,
-286.97265143666556,
2.285363014046855
],
[
216.937496758463,
-286.9409330654017,
2.2989652198918176
]
],
[
[
216.9256605388134,
-286.93650417005716,
2.4752352141282925
],
[
216.95003418710994,
-286.95277753831,
2.4961421398852126
]
],
[
[
216.902644220631,
-287.001662689873,
2.423624057855293
],
[
216.87354998499703,
-287.0061574824963,
2.4029035771745386
]
],
[
[
216.86246021017095,
-287.01746882878535,
2.420928770872073
],
[
216.85147245793553,
-287.04305560635106,
2.3981122282870952
]
],
[
[
216.4284337658037,
-286.45676107969916,
2.686114392750678
],
[
216.45833734882618,
-286.47197235744426,
2.69916767353795
]
],
[
[
216.41961932827454,
-286.43578951452787,
2.7307458977734127
],
[
216.38433382369857,
-286.43543798029896,
2.723612055914418
]
],
[
[
216.4380225085052,
-286.4853360819623,
2.730133619598586
],
[
216.44089255464283,
-286.5189308051069,
2.717518274483673
]
],
[
[
216.40419491831497,
-286.507588907447,
2.7816970735387976
],
[
216.37613569175892,
-286.5146066192583,
2.760260574453341
]
],
[
[
216.47992326691312,
-286.52330934670476,
2.7380580088624047
],
[
216.47843155206624,
-286.5589595322213,
2.733292945913049
]
],
[
[
216.50828524053225,
-286.646746022102,
2.2817900687515116
],
[
216.47343946210268,
-286.65532489410697,
2.2789393120111847
]
],
[
[
216.49343135707366,
-286.61140523218006,
2.3570020345739104
],
[
216.48239789856345,
-286.64320669307597,
2.369765948286017
]
],
[
[
216.47565226533916,
-286.569104701969,
2.447025659952233
],
[
216.49316587625324,
-286.59609861879534,
2.463168456725451
]
],
[
[
216.58243766890624,
-286.62408128356344,
2.3922930570895127
],
[
216.5564485611692,
-286.60950737714205,
2.372089863008025
]
],
[
[
216.49340150062395,
-286.78538890534264,
2.4263421849343922
],
[
216.51176840172693,
-286.7609810576708,
2.4453916222405216
]
],
[
[
216.5630376161453,
-286.6768499054825,
2.355650503007368
],
[
216.5484963098886,
-286.70371156766475,
2.3366008578766073
]
],
[
[
216.9519310144483,
-286.3567299136061,
2.109840267940944
],
[
216.92611929463288,
-286.336003752752,
2.0956924479724437
]
],
[
[
216.89205545000036,
-286.18665929905916,
2.038050425541348
],
[
216.87909900663132,
-286.1535715873765,
2.0438299029498146
]
],
[
[
216.81329806938328,
-286.2384683175747,
2.158100436347953
],
[
216.82547467791687,
-286.2717411898772,
2.151729449297272
]
],
[
[
216.96350822702368,
-286.28927072532014,
2.1832860996829377
],
[
216.94613711875928,
-286.2651164283812,
2.163019260292973
]
],
[
[
216.9465533485123,
-286.24262211160277,
2.231066009957861
],
[
216.95856810337926,
-286.221095697984,
2.2048289276767044
]
],
[
[
217.29988792192145,
-287.1821662055116,
1.9097269832779737
],
[
217.33116237276096,
-287.1795569827274,
1.927364585541394
]
],
[
[
217.37226179349173,
-287.0948706246922,
1.8419602677902138
],
[
217.40402544990536,
-287.11175179873027,
1.8405067432728293
]
],
[
[
217.38975990359796,
-287.2112698224803,
1.9661244108618423
],
[
217.35648973729135,
-287.21082768731895,
1.9523791426984345
]
],
[
[
216.42533266371316,
-286.3418817976228,
1.9237110480144621
],
[
216.44460897184265,
-286.36333831637927,
1.9021679448233713
]
],
[
[
216.41824821723844,
-286.2957226077732,
1.8713983665047988
],
[
216.43125342532966,
-286.2696962262438,
1.8926020584871104
]
],
[
[
216.36009635820062,
-286.3468124698005,
1.85644766963046
],
[
216.3703101948551,
-286.3812069623774,
1.8534838174003363
]
],
[
[
215.98298164596395,
-286.43484823685424,
2.457185435806916
],
[
215.97223532720173,
-286.46635592122385,
2.4708895453011173
]
],
[
[
216.05141996697913,
-286.4634009778572,
2.445205763702137
],
[
216.0366421375248,
-286.4922508904585,
2.429543752922505
]
],
[
[
215.88015748205348,
-286.48521276034336,
2.400073001734564
],
[
215.87357115409193,
-286.45528758142035,
2.4189679740436327
]
],
[
[
215.94098743339845,
-286.4534481295689,
2.3709691617865287
],
[
215.9424806812141,
-286.4792597618808,
2.345918763646529
]
],
[
[
216.0071770980087,
-286.4702757573755,
2.4892774928775587
],
[
216.00775310587187,
-286.50524059617067,
2.480729329836014
]
],
[
[
217.09389779745686,
-287.62774117632455,
2.344903070732951
],
[
217.1190711884826,
-287.61657603673183,
2.3680886291472456
]
],
[
[
217.01212997784185,
-287.6031129516919,
2.4003615560726583
],
[
217.04235265505253,
-287.5968940484397,
2.3818163327796373
]
],
[
[
217.06096646411848,
-287.50432740246583,
2.4431918223474565
],
[
217.077191059876,
-287.5242895940828,
2.4683782869696227
]
],
[
[
217.13019401191266,
-287.5936571879837,
2.344975477437967
],
[
217.15963228880392,
-287.5878782913525,
2.364872478918053
]
],
[
[
217.11826685326432,
-287.95005365327876,
2.4736561494199667
],
[
217.09536098847596,
-287.96183338273624,
2.4485028908340762
]
],
[
[
217.12376199035904,
-288.0227339927307,
2.5026895196229573
],
[
217.09019359331177,
-288.0296690792363,
2.491682134145586
]
],
[
[
217.03992215540876,
-287.97982519629704,
2.5074142682763503
],
[
217.0154166041735,
-287.9595576433022,
2.490543008895115
]
],
[
[
216.75356252930942,
-287.1285422633336,
2.5979298210762356
],
[
216.7756379049086,
-287.1126288330629,
2.6214975714240287
]
],
[
[
216.7151825145351,
-287.16768910305757,
2.6603122599689826
],
[
216.69113441280817,
-287.1810836132587,
2.637111511981442
]
],
[
[
216.7564377185937,
-287.2144421707592,
2.6421909845920437
],
[
216.72865443846538,
-287.23218367226696,
2.627722800365206
]
],
[
[
216.64329503282323,
-287.3924822900826,
3.0777794371468765
],
[
216.67825024361812,
-287.39395629923837,
3.086256460914096
]
],
[
[
216.65439674233497,
-287.3750127588204,
3.0350389238384516
],
[
216.6402352151022,
-287.3432515098563,
3.0443424379833277
]
],
[
[
216.7051461567433,
-287.32187791747936,
3.0972213113553826
],
[
216.67430687865644,
-287.33082529329306,
3.1134944209095035
]
],
[
[
216.66765596691513,
-287.2925208138427,
3.042314697002986
],
[
216.67351647509656,
-287.3220252589902,
3.022537906338399
]
],
[
[
216.76573201460374,
-287.2571846691432,
3.001045788266012
],
[
216.7539360896923,
-287.27073492580405,
2.9698502367122463
]
],
[
[
216.68486519137883,
-287.17687156718716,
2.996738630243346
],
[
216.65979676512438,
-287.20234437569843,
2.9924211028785894
]
],
[
[
216.86036125517907,
-287.4434207998077,
3.324543061139561
],
[
216.86703603525615,
-287.4725208589998,
3.304426500708466
]
],
[
[
216.829157792685,
-287.41898658684534,
3.278843733142736
],
[
216.79884525951616,
-287.42174287736356,
3.2980673900504978
]
],
[
[
216.76329909674027,
-287.5660794061384,
3.405345244553902
],
[
216.75138441879798,
-287.58399775251956,
3.376486317493323
]
],
[
[
216.83440764613786,
-287.50194783771207,
3.3361684827895406
],
[
216.81303742356243,
-287.5086535639733,
3.307984823703848
]
],
[
[
216.8074344266069,
-287.47434164995593,
3.304069469400931
],
[
216.7720149950633,
-287.4797223444055,
3.3076024936758657
]
],
[
[
218.21600316157773,
-285.57911710382473,
0.0003094748822034532
],
[
218.19143880500613,
-285.6036857408679,
0.009742146853182643
]
],
[
[
218.17630164736482,
-285.73944176823414,
-0.09315735599677888
],
[
218.20628929436788,
-285.75767317289063,
-0.08513930681826087
]
],
[
[
218.22180308480375,
-285.6631585457085,
-0.08988109094410524
],
[
218.19162735298985,
-285.64485380571534,
-0.09699449004059968
]
],
[
[
218.47635333906507,
-285.2364046939021,
-0.07155256883302119
],
[
218.4768150135022,
-285.2382241217492,
-0.035601579849661835
]
],
[
[
218.5417181388825,
-285.12682051699534,
-0.06684607116238839
],
[
218.57061790263728,
-285.14457670820724,
-0.05478395399474589
]
],
[
[
217.99843556827025,
-285.3615916857451,
0.00029835438920899904
],
[
217.99844193205317,
-285.3615871611467,
-0.035701647363021394
]
],
[
[
217.94908378591433,
-285.3122494701755,
0.0002958318804950899
],
[
217.9708589740889,
-285.290469107153,
0.018935961963055803
]
],
[
[
218.0166675165732,
-285.37982009980584,
0.0002992862754807035
],
[
217.99262140951672,
-285.40387026553674,
0.012104985642029664
]
],
[
[
217.96105812696106,
-285.3712277115858,
-0.03570946741929237
],
[
217.97002638124482,
-285.4060024396317,
-0.03826065477116902
]
],
[
[
215.6057498684482,
-286.5984122407759,
2.5517168758727458
],
[
215.60972926033998,
-286.62642695538693,
2.529458271789253
]
],
[
[
215.61569900922206,
-286.57796054999505,
2.527755052012959
],
[
215.6026025088863,
-286.54996410585017,
2.546212565753014
]
],
[
[
215.54126212523886,
-286.57684215498676,
2.483487199888619
],
[
215.54087917370373,
-286.5413166678456,
2.4893003938414395
]
],
[
[
215.44174049462117,
-286.9355538166087,
2.9467222151616212
],
[
215.4431600976985,
-286.96320428317165,
2.9237116561800782
]
],
[
[
215.4295182359493,
-286.96067818269046,
2.97615868772962
],
[
215.4637459431353,
-286.96559281130686,
2.986175613561243
]
],
[
[
215.46415860743645,
-286.88947060986646,
2.8927297264874454
],
[
215.47540179066874,
-286.9176472794238,
2.873348876222681
]
],
[
[
215.4745667017531,
-286.964637426032,
2.9273713665145182
],
[
215.4708069765901,
-286.9937251554144,
2.9482455125198204
]
],
[
[
216.57312129236286,
-286.83577381085416,
2.62425206411182
],
[
216.5466769509148,
-286.85496724492936,
2.609142264001475
]
],
[
[
216.51087880328407,
-286.8804915765513,
2.7042168516838583
],
[
216.48327279008686,
-286.89798835944276,
2.6891251446384175
]
],
[
[
216.4335005317127,
-286.88302342882474,
2.6772268078029318
],
[
216.46024749993705,
-286.86662927413494,
2.6948868093843803
]
],
[
[
216.34799777479174,
-286.9966268981064,
3.1368047829072503
],
[
216.31657622677778,
-287.0065572094741,
3.1223077673676896
]
],
[
[
216.38342230175132,
-286.9713689606568,
3.042722476490935
],
[
216.3829450722498,
-287.0060884525098,
3.033221769961755
]
],
[
[
216.41137392054353,
-286.95143925941125,
2.9684871093669845
],
[
216.43406716077573,
-286.92779083173906,
2.9833805347166193
]
],
[
[
216.3879191148987,
-287.0900374316316,
3.0248587868090326
],
[
216.35922331572047,
-287.11163222521543,
3.0223497505616717
]
],
[
[
216.32086817835037,
-287.00325576620173,
3.025988149614305
],
[
216.32394726642494,
-287.0185856517426,
2.993561097968951
]
],
[
[
216.31887562148594,
-287.06756208077064,
3.016233125564697
],
[
216.33949180370246,
-287.0816912884669,
2.9903227750555543
]
],
[
[
216.19655524818623,
-286.8661174512828,
3.2862473318772203
],
[
216.18859757879028,
-286.89544668508296,
3.3055465367036714
]
],
[
[
216.22069533179362,
-286.89436440897566,
3.253273806413098
],
[
216.22806365428954,
-286.8651206844634,
3.2336163897777546
]
],
[
[
216.0281051147731,
-286.84484453588107,
3.2607780425274573
],
[
216.01371240616248,
-286.86479638671165,
3.234493002075371
]
],
[
[
216.01069835712937,
-286.86796217066626,
3.287856942889406
],
[
216.01910060719374,
-286.8441904861277,
3.3135522644358764
]
],
[
[
216.2953218648293,
-286.5975132667109,
3.079058624872636
],
[
216.29435124166017,
-286.5616949935655,
3.082538431461363
]
],
[
[
216.25635571804168,
-286.60571758675536,
3.152638326764846
],
[
216.25546096683186,
-286.64142956253943,
3.1481825124940483
]
],
[
[
216.16956899995665,
-286.65696862585156,
3.040709116992331
],
[
216.15769105773137,
-286.6277320002616,
3.0580334974084433
]
],
[
[
216.86503576917437,
-286.0024651715261,
1.3707601026781782
],
[
216.87529473733892,
-286.0364609764119,
1.3648391131473279
]
],
[
[
216.89067200787224,
-285.99027213045014,
1.3451713243271544
],
[
216.9091039315052,
-285.9739311968653,
1.371423881566115
]
],
[
[
216.84448647481804,
-286.0122387733842,
1.39127135414342
],
[
216.8374496971599,
-285.97815071536877,
1.4004644690568417
]
],
[
[
216.87481065298522,
-286.0215589255675,
1.2784391260822479
],
[
216.91003197704683,
-286.02886066969006,
1.2769824007013946
]
],
[
[
216.9803216385198,
-286.10503013917406,
1.3537143598078778
],
[
216.9997691400143,
-286.0879601498071,
1.378745276796796
]
],
[
[
216.9068097731927,
-286.12707641853575,
1.425863209404502
],
[
216.8903396500961,
-286.1488757121253,
1.4024208011497084
]
],
[
[
216.9189249913341,
-286.07086164494956,
1.2716185392070944
],
[
216.907327224188,
-286.04534480739187,
1.2942114398629125
]
],
[
[
217.27179494703145,
-285.8090034308198,
0.9647539577400068
],
[
217.269017815782,
-285.77559887982375,
0.9778889287887935
]
],
[
[
217.39697134252893,
-285.78680905968565,
0.9713181719882222
],
[
217.41965027615194,
-285.7769520071859,
0.997480862080909
]
],
[
[
217.3573910182628,
-285.8226469806235,
1.019130373659493
],
[
217.35085750510325,
-285.79193625454167,
1.0367411502892947
]
],
[
[
217.78863121772758,
-285.4321814536173,
0.49820125627938205
],
[
217.7731792450125,
-285.401348522721,
0.5085206733295253
]
],
[
[
217.73098453146102,
-285.484377523838,
0.567837244376056
],
[
217.70867072946163,
-285.49477446965005,
0.5415721405561857
]
],
[
[
217.76454750128778,
-285.58951907480616,
0.6093764766709233
],
[
217.77607913800884,
-285.62139725028953,
0.5972600005599349
]
],
[
[
217.78604600815495,
-285.55835683406434,
0.5478501384223866
],
[
217.75831774646923,
-285.5734272325273,
0.5305283923282551
]
],
[
[
217.7204654816024,
-286.100413807226,
0.9654892292965174
],
[
217.69595323069814,
-286.1159909861868,
0.9442141682587963
]
],
[
[
217.70322577073853,
-286.09321656376625,
0.9191600648176812
],
[
217.67720161151007,
-286.10739153062366,
0.8987207613631767
]
],
[
[
217.6411319976784,
-286.0611140535974,
0.9125519406498643
],
[
217.65639490307458,
-286.0414462035713,
0.8865489971050566
]
],
[
[
218.02410972313456,
-285.9403665911751,
0.49845940771078534
],
[
217.99832173728973,
-285.95365102274405,
0.4771406198481307
]
],
[
[
217.94008730242163,
-285.9775003699997,
0.41061878751396486
],
[
217.97203199949834,
-285.98882332398176,
0.4227510125362546
]
],
[
[
218.0743757105953,
-286.0068953417384,
0.46975967231105975
],
[
218.0438497168531,
-286.0257782440095,
0.467013132358862
]
],
[
[
217.98848820082443,
-285.91615347729504,
0.44724354898180163
],
[
217.9807373181378,
-285.92579309223277,
0.48105219217519424
]
],
[
[
217.53952602478975,
-286.6058527464019,
1.4831102590423324
],
[
217.5044052003607,
-286.6025486667914,
1.475919057905425
]
],
[
[
217.68445538152682,
-286.70043048351454,
1.3575589518604771
],
[
217.6499664674747,
-286.6974050112677,
1.3476971212127562
]
],
[
[
217.57107362103054,
-286.76358312551116,
1.4473690643411903
],
[
217.55092847383634,
-286.7811491114087,
1.4232524850671515
]
],
[
[
217.62019961814997,
-286.6611927005072,
1.3317540273572404
],
[
217.65403681452062,
-286.66388798236585,
1.3437448115370891
]
],
[
[
217.56379545487587,
-286.7787525789476,
1.4644977843364284
],
[
217.57735508179815,
-286.75685700161495,
1.489650461166264
]
],
[
[
217.48710409016638,
-286.70087766261685,
1.418098539624503
],
[
217.51232755339456,
-286.68193607667445,
1.4007519360288851
]
],
[
[
217.42618447426298,
-286.12822016390635,
1.9021642112728787
],
[
217.4580423025942,
-286.1379606393926,
1.9158092738641652
]
],
[
[
217.4141767429192,
-286.05785444261204,
1.988568610062193
],
[
217.45001390401663,
-286.05751058044444,
1.9919825536680569
]
],
[
[
217.41669543694812,
-285.99067650202926,
1.9553627903355666
],
[
217.3937769130536,
-285.9776883861383,
1.9799003604069632
]
],
[
[
217.36170560321878,
-286.09027296539375,
2.0791515225815536
],
[
217.34939293811914,
-286.0589494099044,
2.0919277442333146
]
],
[
[
217.4629018135556,
-286.0397005096873,
2.05268719810915
],
[
217.4461403063946,
-286.01869447608374,
2.028735167861566
]
],
[
[
217.80377841676588,
-285.73247030514216,
1.3030807591806175
],
[
217.83555779107357,
-285.7438510442698,
1.3155928279192155
]
],
[
[
217.8184516278683,
-285.71709155943745,
1.2798005182364764
],
[
217.8046794781542,
-285.68601110655226,
1.2916516293088327
]
],
[
[
217.83443388702742,
-285.76016160063085,
1.2008167884862833
],
[
217.86424549831665,
-285.77544891520364,
1.21398816612004
]
],
[
[
217.78870588740807,
-285.7963021822415,
1.2623694166399198
],
[
217.75952627222858,
-285.79524136256225,
1.241314478280591
]
],
[
[
217.7363982027171,
-285.83764293983364,
1.3327786952473926
],
[
217.74106860749953,
-285.8698327501397,
1.3173481567509049
]
],
[
[
217.85237549235646,
-285.6277002888412,
1.3034131150528148
],
[
217.86631061552922,
-285.6592330582852,
1.2930455394120017
]
],
[
[
217.77605511231158,
-285.65913561911333,
1.225264963619782
],
[
217.7405271230944,
-285.65441988027226,
1.2286671031726093
]
],
[
[
218.27759908979806,
-285.40991124393355,
0.6042898648540915
],
[
218.26102689043228,
-285.3785422506091,
0.6103965112845069
]
],
[
[
218.18269617498396,
-285.4849166359577,
0.7320348761136619
],
[
218.19395666178642,
-285.5173921890103,
0.7213323950175328
]
],
[
[
218.16421074765418,
-285.33397181927677,
0.6401301182219541
],
[
218.19030940585478,
-285.35708974665204,
0.6490927500843044
]
],
[
[
218.15241631188735,
-285.3394682984718,
0.6602973797667646
],
[
218.12177151749384,
-285.3275803311405,
0.6456153619183556
]
],
[
[
218.19055448088147,
-285.4106000753955,
0.5103562670768556
],
[
218.21142625320343,
-285.38322280212344,
0.49983378797774836
]
],
[
[
216.7470209200849,
-288.07488175008996,
2.818662075504895
],
[
216.72027591325556,
-288.06676310903464,
2.795973030522573
]
],
[
[
216.68092270155947,
-288.09633290190203,
2.8889005145985722
],
[
216.68075019619204,
-288.0618590117972,
2.899266666838221
]
],
[
[
216.78593408973552,
-288.06225308432124,
2.7773114860726853
],
[
216.81189351964463,
-288.07742772633486,
2.797106324046616
]
],
[
[
216.92717538650302,
-288.2076173509665,
3.3877440254084834
],
[
216.89383500594678,
-288.21158007666435,
3.4007281242664726
]
],
[
[
216.8913350795412,
-288.10969426974196,
3.2631504135517995
],
[
216.85690220060982,
-288.10838948571427,
3.252730336176346
]
],
[
[
216.8821722924486,
-288.18892746821075,
3.2835071651538135
],
[
216.8506831465739,
-288.1812600254897,
3.299177036149179
]
],
[
[
215.40144739293783,
-286.6574110071962,
3.3427254314823314
],
[
215.39364987974642,
-286.68631831296824,
3.3627140882714333
]
],
[
[
215.48489858972974,
-286.6826468040693,
3.3387838415285422
],
[
215.47436748729862,
-286.7164730244389,
3.332390108167753
]
],
[
[
215.374015252143,
-286.6172281961491,
3.397442135451822
],
[
215.38312157987616,
-286.6443717966808,
3.4192694750190373
]
],
[
[
216.95876055001858,
-286.610636321394,
1.8615247506991417
],
[
216.9303680959459,
-286.59097636669776,
1.871691166340307
]
],
[
[
216.83118430480943,
-286.66772022320833,
1.9766808311710087
],
[
216.80294956794896,
-286.6814752593275,
1.9590879815709623
]
],
[
[
216.89970560788905,
-286.68223897499354,
1.8780626399159286
],
[
216.87692728878525,
-286.6617014014686,
1.859212364773214
]
],
[
[
216.8525445421852,
-286.771587860163,
1.8932139159692647
],
[
216.85437435760537,
-286.73592978608355,
1.897801902134502
]
],
[
[
216.81914940251997,
-286.58274523933795,
1.8558964521391146
],
[
216.85420428560667,
-286.59066992125184,
1.8538175925850637
]
],
[
[
216.8214922292772,
-286.7350656846734,
1.8462678913602106
],
[
216.8086422996184,
-286.7312512712551,
1.8796794404615154
]
]
],
"half_couplers": [
{
"pose": [
[
-0.9551033928485757,
-0.00204536606736877,
-0.2962656332529807,
217.39306798858016
],
[
0.20297180258080275,
-0.7329635831701635,
-0.6492817825131507,
-286.66998120750605
],
[
-0.2158239011931692,
-0.6802648030171818,
0.7004711567579038,
2.133741163408246
],
[
0.0,
0.0,
0.0,
1.0
]
],
"at_element": 1,
"to_element": 6
},
{
"pose": [
[
-0.678353270165716,
0.00204536606729952,
0.7347330517494972,
217.3931416191777
],
[
0.5008321028306019,
0.7329635831702004,
0.4603602833874553,
-286.6435954433809
],
[
-0.5375909649815147,
0.6802648030171423,
-0.49823262854443007,
2.158229837944325
],
[
0.0,
0.0,
0.0,
1.0
]
],
"at_element": 6,
"to_element": 1
},
{
"pose": [
[
-0.2621406156152428,
-0.6256593644400946,
0.7347330517495982,
217.44647176180965
],
[
-0.484730107878149,
0.7437103817991818,
0.46036028338742807,
-286.61018047788195
],
[
-0.8344573207548118,
-0.23546810334423626,
-0.49823262854430617,
2.122065931773397
],
[
0.0,
0.0,
0.0,
1.0
]
],
"at_element": 6,
"to_element": 43
},
{
"pose": [
[
0.7327379854042332,
0.6256593644399386,
0.2676665919280136,
217.46899520978224
],
[
0.6638346109807858,
-0.7437103817992152,
-0.07885732222218947,
-286.63695370792243
],
[
0.14972860117470724,
0.23546810334454524,
-0.9602791876832424,
2.1305426746726766
],
[
0.0,
0.0,
0.0,
1.0
]
],
"at_element": 43,
"to_element": 6
},
{
"pose": [
[
-0.24881546037210933,
0.6310770233076928,
0.7347330517493531,
217.3352035651181
],
[
0.8661696413585283,
-0.19446995106758136,
0.46036028338749135,
-286.6798975791325
],
[
0.4334062979106951,
0.7509482197760873,
-0.49823262854461015,
2.1975184324864077
],
[
0.0,
0.0,
0.0,
1.0
]
],
"at_element": 6,
"to_element": 45
},
{
"pose": [
[
-0.7642335359565209,
-0.6310770233081527,
0.132999598390047,
217.31248495462245
],
[
-0.3218436397530613,
0.19446995106822706,
-0.9266056926665317,
-286.6728967109211
],
[
0.5588951369173776,
-0.7509482197755332,
-0.3517285844881859,
2.170484489754564
],
[
0.0,
0.0,
0.0,
1.0
]
],
"at_element": 45,
"to_element": 6
},
{
"pose": [
[
0.2742228513054741,
-0.9610792917061333,
0.03359200612546559,
217.39279910153098
],
[
-0.4343751312240776,
-0.09262356548789086,
0.8959570974607969,
-286.6280332362644
],
[
-0.8579744012474739,
-0.2602834419819054,
-0.44286844167776396,
2.2704059821177687
],
[
0.0,
0.0,
0.0,
1.0
]
],
"at_element": 40,
"to_element": 43
},
{
"pose": [
[
-0.06841922697308211,
0.9610792917060047,
0.267666591927888,
217.42739810287492
],
[
0.992573623389368,
0.09262356548748696,
-0.07885732222239249,
-286.624698773755
],
[
-0.10058037349357432,
0.2602834419825238,
-0.960279187683261,
2.2797762257976277
],
[
0.0,
0.0,
0.0,
1.0
]
],
"at_element": 43,
"to_element": 40
},
{
"pose": [
[
0.917684364186629,
-0.3743881869871678,
0.13299959838978415,
217.33066471138272
],
[
-0.018924016529034304,
-0.3755579474824584,
-0.9266056926660726,
-286.7995547332707
],
[
0.3968592815164983,
0.8478146693276927,
-0.35172858448949573,
2.122406599377017
],
[
0.0,
0.0,
0.0,
1.0
]
],
"at_element": 45,
"to_element": 91
},
{
"pose": [
[
0.057464016450423094,
0.37438818698717874,
0.9254898012716504,
217.344142884415
],
[
-0.921950052189626,
0.3755579474829087,
-0.09468014232124339,
-286.786034448241
],
[
-0.3830221770092845,
-0.8478146693274882,
0.3667482766042538,
2.0918848222225246
],
[
0.0,
0.0,
0.0,
1.0
]
],
"at_element": 91,
"to_element": 45
},
{
"pose": [
[
-0.10796833862055721,
0.9489834099757144,
-0.29626563325229294,
217.16400855323707
],
[
-0.7059284149426734,
-0.28301632439356705,
-0.6492817825130165,
-287.17197705781143
],
[
-0.700005650571509,
0.13904045352925432,
0.7004711567583193,
2.6753143654004568
],
[
0.0,
0.0,
0.0,
1.0
]
],
"at_element": 1,
"to_element": 12
},
{
"pose": [
[
-0.26853375220950015,
-0.9489834099758501,
-0.16528796542668833,
217.1298460199293
],
[
-0.49421953966838483,
0.2830163243937065,
-0.821978592626746,
-287.16178872943067
],
[
0.8268232401996549,
-0.13904045352804267,
-0.5450055795571818,
2.6703090364612256
],
[
0.0,
0.0,
0.0,
1.0
]
],
"at_element": 12,
"to_element": 1
},
{
"pose": [
[
0.8351734031060123,
0.517689674152022,
0.18569541733897302,
217.08801988222731
],
[
0.34762417041892235,
-0.758521304291732,
0.5511831520249191,
-287.1624940785547
],
[
0.4261957565308203,
-0.39578129340829415,
-0.8134582625452758,
2.741728700002561
],
[
0.0,
0.0,
0.0,
1.0
]
],
"at_element": 2,
"to_element": 3
},
{
"pose": [
[
-0.821990920804673,
-0.5176896741520421,
-0.23733589570698843,
217.06938298112448
],
[
-0.5692798766199921,
0.758521304291737,
0.3171211960924224,
-287.1351872048844
],
[
0.015853964495120554,
0.3957812934082592,
-0.918207939193445,
2.7559768822474293
],
[
0.0,
0.0,
0.0,
1.0
]
],
"at_element": 3,
"to_element": 2
},
{
"pose": [
[
-0.15791216033949884,
-0.9698355332716088,
0.18569541733894926,
217.10057908640408
],
[
-0.8003566001133074,
0.23585259290275207,
0.5511831520249107,
-287.12521571248476
],
[
-0.5783537518439554,
-0.061584030599035056,
-0.8134582625452871,
2.6867117881423983
],
[
0.0,
0.0,
0.0,
1.0
]
],
"at_element": 2,
"to_element": 12
},
{
"pose": [
[
0.17916173388510725,
0.969835533271611,
-0.16528796542716556,
217.13549297687013
],
[
0.5183866777657754,
-0.2358525929027715,
-0.8219785926263539,
-287.1337063599319
],
[
-0.836167641939249,
0.06158403059892509,
-0.5450055795576285,
2.688928801259599
],
[
0.0,
0.0,
0.0,
1.0
]
],
"at_element": 12,
"to_element": 2
},
{
"pose": [
[
0.7194490892071355,
