{
"line_pt_pairs": [
[
[
0.726528300977964,
1.4967320978758611,
-2.240560207700749
],
[
1.5877458827537398,
1.011457296375312,
-2.0895216567646138
]
],
[
[
-0.19022805320991926,
-1.5934824778504,
0.8115173372124787
],
[
0.28580384078051874,
-1.5063837996483043,
-0.06358691723914067
]
],
[
[
0.1542507560800576,
-1.7632623130592593,
1.231008773366071
],
[
-0.3000645512191059,
-1.4191884793125378,
0.40929665925036696
]
],
[
[
0.07332495504685836,
-1.7148492970365852,
1.311209656039065
],
[
0.26486611677068517,
-1.4459938657369857,
-0.1520158017855976
]
],
[
[
-0.026834760334926253,
-0.8406875359962879,
0.22704831848138662
],
[
0.039253169017964835,
-1.7756615389942427,
0.5755536976533983
]
],
[
[
-0.20538329539955977,
0.001181505182564102,
0.1570488988132071
],
[
0.18642558194837727,
-0.904212132465894,
0.3205975598809203
]
],
[
[
0.2674887153004753,
-0.4156754160445888,
0.869307450898473
],
[
-0.004320436374241787,
-1.1395284501720573,
0.23514929235257176
]
],
[
[
0.29624109454113856,
-0.5665432543115666,
0.9119564454794309
],
[
-0.3092033053050632,
-0.05827927686738027,
0.29949844044766666
]
],
[
[
-0.447737107504554,
-0.364380521831427,
0.4794941644923578
],
[
0.3429008788560904,
-0.3458576353571827,
-0.13250949334005097
]
],
[
[
-0.11923748504598233,
-0.6814547186751249,
1.1936807462577834
],
[
-0.14827305852681325,
-0.32261781936411615,
0.2607321864939022
]
],
[
[
-0.22870741243634504,
-0.8854942161123014,
0.5420609290071163
],
[
-0.18160751274530956,
-1.8832122295546276,
0.49368360888919005
]
],
[
[
-0.2141757024658637,
-1.2171098959918196,
0.8878026615037208
],
[
0.011007380903861552,
-0.40237194170212565,
0.35348567243829
]
],
[
[
-0.2518932768342534,
-1.3876574293901018,
0.5180655445474693
],
[
-0.0808538149112751,
-0.4494802447478773,
0.8190125044621488
]
],
[
[
0.10006557628804534,
-0.8163334860379888,
1.3884817207717743
],
[
-0.5844519909970094,
-0.49790816590202996,
0.7327065950049738
]
],
[
[
-0.12892760885544283,
-0.8462242819019332,
1.1769685055957926
],
[
0.2195468601521754,
-0.7011942922102344,
0.25093835136760323
]
],
[
[
0.19545357563825377,
-0.6383968355599924,
0.6814193767574719
],
[
-0.3531603572670017,
-1.1685847083411054,
1.3278894628233828
]
],
[
[
-0.21967812624297336,
-1.030963119273696,
1.2255038865186512
],
[
-0.11517830453587491,
-1.7854930782588554,
0.5776116668886895
]
],
[
[
-0.11379318932998672,
-1.5374855454513112,
1.0035593977436148
],
[
-0.2477844131837142,
-0.5556276306722208,
1.13772864576952
]
],
[
[
-0.18115491285735036,
-1.4661669452489037,
1.0408382566379595
],
[
0.10033298250346734,
-0.6885817471516243,
0.4785875790346753
]
],
[
[
1.4275632243211782,
0.7328098224960561,
-1.9963422818445142
],
[
1.6369432379513107,
1.6881431538540674,
-2.2049045888145167
]
],
[
[
0.8129064985813553,
1.2042874321604986,
-2.1481375977662567
],
[
1.708634452072173,
1.648888239649867,
-2.1493847204362204
]
],
[
[
0.3273737224820782,
0.297155185149207,
-0.2042457111131647
],
[
0.08881078400757311,
-0.8557234755662962,
0.7252479779741994
]
],
[
[
-1.3619845539189253,
0.12758711167051157,
0.46384108242352784
],
[
-1.7653910460716122,
-0.5399579954386098,
1.0896579342769561
]
],
[
[
-1.5729290450010367,
-0.18803267629010464,
1.157447023989184
],
[
-1.4636632578154907,
0.06220563004662169,
0.1954481789834066
]
],
[
[
-1.775968507814163,
-0.027668035240058425,
1.2475950597121546
],
[
-1.5643837550033304,
-0.6489763818551549,
0.4931364254555148
]
],
[
[
-1.01166473588528,
-0.17746194662419176,
1.0200596431686317
],
[
-0.20289004836383062,
-0.7592636350023461,
0.9340927877829013
]
],
[
[
-1.1687441333239792,
-0.28986540824295615,
0.537508275690986
],
[
0.009024843772957425,
-1.1619920036926015,
0.8572823179418348
]
],
[
[
-0.7324630067566535,
-0.4824133307059967,
0.8022459785012513
],
[
-1.725903644023415,
-0.3881683755757853,
0.7374880549743564
]
],
[
[
-1.3769983096842946,
-0.504107667763379,
0.5696750367233854
],
[
-0.4571379998800613,
-0.5118582056309636,
0.9618445658936451
]
],
[
[
-0.48922791239788244,
-0.011986398140232501,
0.6032596216879892
],
[
0.10161116679637638,
-0.7855026625416939,
0.3739524669734251
]
],
[
[
-0.114731432798929,
-0.14223582946159122,
0.491882434974449
],
[
-1.5384675094257134,
-0.6049860556895327,
0.5858920740406698
]
],
[
[
-0.5008774632680142,
-0.23534764849119416,
0.31561135967351683
],
[
-0.9618348221465356,
-0.3620951131684305,
1.1939355557956723
]
],
[
[
-0.3749728104054256,
0.33195409663461833,
0.17213251845119282
],
[
-0.7849398753143947,
-0.367486062103568,
0.7575473030562845
]
],
[
[
-0.7874774449629549,
0.3854196348857746,
0.12996385611882957
],
[
-1.633690375841505,
-0.09885656370943677,
0.3522255016812291
]
],
[
[
-1.6008800674382455,
0.06262841409664276,
0.18846690282625056
],
[
-0.18304772678391357,
-0.17250228524375122,
0.6179608003642199
]
],
[
[
-0.6020859518745245,
-0.018601427578380823,
0.7698576367795457
],
[
-0.040431965096411615,
0.10301092018338563,
-0.04852811334573759
]
],
[
[
-0.4690629065885137,
0.4396645980771455,
0.6651000282179406
],
[
-0.29894033735015346,
0.012967261481192871,
-0.22314976456428132
]
],
[
[
-0.1777047213843334,
0.1292637770023402,
0.8467508001722714
],
[
-0.9736343385514472,
-0.08970377485975989,
0.28234912073843926
]
],
[
[
-0.8701926354850453,
-0.22098300912475533,
1.3059657713798523
],
[
-0.3841886369186927,
-0.7831108137114406,
0.6367778719912952
]
],
[
[
-0.9345458782466747,
0.062426628190776184,
1.1452404700453276
],
[
-0.6946274542773304,
-0.013923628014077462,
0.17745444606196836
]
],
[
[
-0.7432700054323333,
0.21797003711978136,
0.7526717012241851
],
[
-1.3569918381840385,
-0.3938642974086732,
1.2516749668407656
]
],
[
[
-1.521367985281918,
-0.22378070753762747,
1.0951147888923156
],
[
-0.7302741392433442,
-0.005656612885608786,
0.5236321504052532
]
],
[
[
-1.42781135405872,
-0.10353653014204922,
1.2135818480475182
],
[
-0.5582824820063497,
-0.5520098315631603,
1.0067214154370698
]
],
[
[
-1.0688908962045203,
-0.08291606023203565,
1.2906269446655045
],
[
-1.9324485158661304,
-0.2772323571023875,
0.8253212233435254
]
],
[
[
-1.0998300898933218,
0.13975861281069396,
0.44279760415189046
],
[
-0.6305234563351174,
0.48523643714195774,
-0.3698501403189853
]
],
[
[
-0.5728661239861577,
0.39822754667026666,
0.2685745499274124
],
[
0.22904999742315135,
0.7648149996142551,
-0.9449097612888014
]
],
[
[
-0.16426052112394915,
0.3937454783714176,
-0.5064590096468451
],
[
0.4521036953435262,
0.9986216339140885,
-1.0106613391876296
]
],
[
[
0.32407802993767354,
0.8778331986774637,
-0.7471781709954726
],
[
0.5918861816407024,
1.4400750597437815,
-2.111789061889317
]
],
[
[
0.5376438339906582,
0.9694194829876903,
-1.5434370452526236
],
[
0.8616771963413181,
1.5447653819373433,
-2.294422715319331
]
],
[
[
0.8731446191191171,
0.3895138987915002,
-1.0137442698028112
],
[
1.3372895035637258,
0.5336272773581986,
-1.8877012826827309
]
],
[
[
1.1205528776682847,
0.6421022820169364,
-1.288883524121765
],
[
1.4798408244347252,
0.8754628118662404,
-2.1924625380529252
]
],
[
[
-0.0005844120934924424,
-0.9966190698862988,
0.6065553565087467
],
[
0.45767025406136264,
-0.0003434560069763837,
-0.41688861466734184
]
],
[
[
0.14522147138356728,
-0.3128460552162208,
-0.1429432556417276
],
[
0.5566833521447399,
0.047090963029818134,
-0.9802869506538949
]
],
[
[
0.42066966664501326,
-0.11154666677392312,
-0.6252615061132559
],
[
0.7696612977004837,
0.6767657568085315,
-1.1319846694665796
]
],
[
[
0.2117607681435908,
0.256190413997907,
-0.27651266714987943
],
[
0.40704821286173776,
1.2526848603449232,
-1.3805333337748344
]
],
[
[
0.44995725330960656,
-0.07290475383257905,
-0.42839510658563656
],
[
1.0619429889766465,
0.29701123760411086,
-1.1274198691080257
]
],
[
[
0.3433335614597164,
0.4706017712495155,
-0.22052013991547337
],
[
0.9896025710661539,
0.6353008822627735,
-0.9656446731673031
]
],
[
[
0.8955204998573718,
0.7765204964177113,
-0.7118861226426865
],
[
1.289185797032273,
1.334447421247202,
-2.047455357220402
]
],
[
[
1.327338319796735,
1.1348705321068429,
-1.4022791604278089
],
[
1.5931601183256723,
1.5883783234369047,
-2.2529667967725313
]
],
[
[
0.346717462487089,
-0.13531062754325562,
-0.04775323067739988
],
[
0.602628854199264,
0.7179818622632868,
-0.5020673141391495
]
],
[
[
-0.27629034384785595,
0.2542734615428822,
0.10668368130972547
],
[
0.6459871626397151,
0.21951451457792803,
-0.2782786761136415
]
],
[
[
-0.3114322821410528,
-0.0011101799856866879,
0.8007049922347091
],
[
-0.42816673762559915,
0.5538186235538844,
-0.02296186390608934
]
],
[
[
-0.1994384777146085,
0.5138378075076442,
0.2580590470319517
],
[
0.03621097264018258,
0.6392245141157513,
-0.7056564246470378
]
],
[
[
-0.0900275410164006,
0.5063247161886062,
-0.4435100592684239
],
[
0.5790893871088342,
-0.23630143949464605,
-0.4715979461836677
]
],
[
[
0.4323908831361868,
0.031747752702936866,
0.22242408771111113
],
[
0.4211769384974405,
-0.02458184119840367,
-0.7759251619488209
]
],
[
[
0.03927313676735207,
-0.41992505572940864,
0.7978445675236678
],
[
0.3925295857511723,
-0.3996426685120422,
-0.6598242926843378
]
],
[
[
-0.07832377213587023,
0.5817287834315189,
0.3204450713419154
],
[
-0.9269511737988221,
0.3715513710546149,
-0.16500007331743327
]
],
[
[
0.2695607248442634,
0.4786934929729114,
0.00946024614842754
],
[
0.49829076126904526,
-0.41227792891533976,
-0.38278010850104754
]
],
[
[
1.0276391856001685,
1.328772782575842,
-1.2602130739276471
],
[
1.2971651307419096,
1.2196708796886742,
-2.2170059144536673
]
],
[
[
0.9135227671694373,
1.2061537430017435,
-2.229090452560361
],
[
1.0554582165272093,
1.3700611498447235,
-1.2528790562953835
]
],
[
[
0.9092380248917694,
1.1163666275209478,
-0.6219619404597857
],
[
1.2824628741031072,
0.45889950305640825,
-1.9175082314812624
]
],
[
[
0.9846088999491872,
0.9151524494084465,
-0.9087365417286655
],
[
0.8296353781831932,
1.1052100676005694,
-1.8782009863157696
]
],
[
[
0.49410637653348827,
0.9863332200932959,
-1.6776212381348428
],
[
1.4336795495742978,
1.229291630959648,
-1.4364294822821158
]
],
[
[
1.3289019482697475,
1.5164882787686478,
-1.5650390001533667
],
[
0.8913617554178461,
0.7280304753182186,
-1.9973500823814834
]
],
[
[
0.21364303871783896,
1.2467086138027108,
-1.273464035829016
],
[
1.2145751171932178,
0.15024198403091815,
-1.0592307422543599
]
],
[
[
0.5618303892437523,
1.3928032433648516,
-1.8976828007163582
],
[
1.300207301302305,
0.7292535468971808,
-1.777261307383405
]
],
[
[
1.047700424064927,
1.1660488875027062,
-0.8100901241671468
],
[
-0.10609661357736155,
0.2801169125268752,
-0.44419815699199267
]
],
[
[
0.4105842214700587,
-0.2111099343208326,
-0.46245016826421215
],
[
1.008936639227247,
1.0638180767213898,
-0.9787184617164156
]
],
[
[
0.5934992934459237,
0.6444759388144656,
-0.3235383770581466
],
[
0.5674440410243846,
-0.07157377343268911,
-1.0211012297187632
]
],
[
[
-0.21650550403404048,
0.5282328441030849,
-0.5999995566947801
],
[
0.6138950585060348,
0.21550826573729914,
-0.13887241173466375
]
],
[
[
-0.011687109549498288,
0.05351932090616231,
0.2901704867939812
],
[
0.3947527734735332,
0.11712126829599409,
-0.6212906554257218
]
],
[
[
0.11100681745861316,
-0.7275804650494953,
0.45270134323713457
],
[
-0.031179623681679744,
-0.05799182492479593,
-0.27629390295574296
]
],
[
[
-0.4825803642637859,
-0.1652137653111854,
0.6426451284467516
],
[
0.09608667508914781,
-0.21029888255251708,
-0.17167163410320713
]
],
[
[
0.20376024949681137,
0.5213437994559122,
-0.6385498172843633
],
[
0.22569491069521364,
0.0758402170565704,
0.256461595328607
]
],
[
[
-0.32215363996694324,
0.13867696484236042,
0.03173793258816597
],
[
0.6494952010079337,
0.04607128924712648,
0.24927578832764205
]
],
[
[
-0.09107406081552427,
0.6613528769050558,
-0.046101550935032626
],
[
-0.13457777510428548,
-0.29572816222582005,
0.2404352030412155
]
],
[
[
-0.28942547018817616,
-0.048872409855782895,
0.5362463233798698
],
[
0.42687214557187403,
-0.4764082763337739,
-0.7104015052114214
]
],
[
[
-0.35385476627196205,
-0.21392826400755768,
0.4209755899736922
],
[
-0.2928789030584112,
0.5429938496085903,
-0.22967858700838617
]
]
],
"contact_id_pairs": [
[
1,
2
],
[
2,
10
],
[
1,
3
],
[
1,
4
],
[
2,
3
],
[
2,
16
],
[
4,
6
],
[
5,
51
],
[
6,
51
],
[
5,
8
],
[
5,
81
],
[
5,
86
],
[
7,
86
],
[
8,
81
],
[
81,
86
],
[
6,
7
],
[
6,
14
],
[
6,
21
],
[
7,
65
],
[
14,
21
],
[
21,
65
],
[
8,
9
],
[
9,
29
],
[
11,
29
],
[
9,
12
],
[
9,
13
],
[
13,
25
],
[
10,
12
],
[
11,
12
],
[
11,
26
],
[
13,
17
],
[
15,
17
],
[
14,
15
],
[
14,
18
],
[
16,
17
],
[
16,
18
],
[
17,
18
],
[
0,
19
],
[
0,
68
],
[
19,
50
],
[
19,
20
],
[
19,
58
],
[
20,
58
],
[
0,
20
],
[
0,
48
],
[
20,
69
],
[
21,
67
],
[
59,
64
],
[
59,
67
],
[
64,
67
],
[
64,
84
],
[
22,
23
],
[
23,
33
],
[
22,
24
],
[
24,
27
],
[
23,
43
],
[
24,
43
],
[
25,
28
],
[
25,
31
],
[
25,
38
],
[
28,
38
],
[
26,
30
],
[
27,
28
],
[
28,
30
],
[
29,
30
],
[
30,
31
],
[
31,
32
],
[
32,
34
],
[
32,
36
],
[
34,
82
],
[
36,
87
],
[
82,
87
],
[
33,
34
],
[
33,
44
],
[
34,
37
],
[
35,
37
],
[
36,
61
],
[
37,
39
],
[
37,
61
],
[
35,
85
],
[
60,
85
],
[
62,
66
],
[
62,
85
],
[
38,
42
],
[
40,
42
],
[
39,
40
],
[
39,
41
],
[
41,
43
],
[
42,
43
],
[
44,
66
],
[
45,
61
],
[
45,
66
],
[
45,
87
],
[
61,
66
],
[
45,
46
],
[
45,
62
],
[
46,
62
],
[
46,
79
],
[
46,
47
],
[
46,
54
],
[
47,
54
],
[
47,
74
],
[
54,
74
],
[
47,
75
],
[
48,
72
],
[
48,
75
],
[
71,
72
],
[
71,
75
],
[
49,
74
],
[
53,
74
],
[
55,
74
],
[
49,
70
],
[
50,
70
],
[
50,
75
],
[
73,
75
],
[
51,
65
],
[
51,
67
],
[
52,
86
],
[
65,
86
],
[
52,
53
],
[
52,
64
],
[
53,
64
],
[
54,
76
],
[
54,
83
],
[
63,
76
],
[
76,
83
],
[
55,
63
],
[
55,
77
],
[
63,
77
],
[
63,
80
],
[
56,
59
],
[
56,
78
],
[
59,
60
],
[
59,
78
],
[
59,
79
],
[
60,
79
],
[
56,
77
],
[
57,
70
],
[
57,
71
],
[
57,
77
],
[
70,
71
],
[
70,
76
],
[
70,
77
],
[
71,
77
],
[
57,
68
],
[
57,
72
],
[
57,
73
],
[
58,
72
],
[
68,
69
],
[
68,
73
],
[
52,
78
],
[
80,
84
],
[
81,
82
],
[
82,
85
],
[
83,
84
],
[
84,
85
]
],
"contact_t_pairs": [
[
0.11206287503795319,
0.61932524803082
],
[
0.8525326859794354,
0.5834554837593021
],
[
0.8879371249620444,
0.8675765148727186
],
[
0.38503030004064503,
0.7600680903107935
],
[
0.14746731402056443,
0.1324234851272798
],
[
0.5887343712790545,
0.7206871647942504
],
[
0.23993190968920616,
0.8999852891955763
],
[
0.8011203495689516,
0.2877320280022251
],
[
0.6330671879439493,
0.13697599193863197
],
[
0.3792109525940387,
0.4688789738058364
],
[
0.6348333900458952,
0.2525688496339018
],
[
0.19887965043104827,
0.2683448095683267
],
[
0.8612826903413593,
0.11972664335518693
],
[
0.6320773992553559,
0.5218910384226572
],
[
0.6914261111100687,
0.4627392049438823
],
[
0.10001471080442371,
0.1387173096586405
],
[
0.48534534813532076,
0.6735827747617137
],
[
0.41903459953577876,
0.8728081767586202
],
[
0.3497718794081893,
0.07223319628564134
],
[
0.5876411330379203,
0.9146450386819509
],
[
0.6170710962699476,
0.2997934725318415
],
[
0.3679226007446443,
0.993686652929271
],
[
0.7581944610375835,
0.5398073089914174
],
[
0.7983362302641231,
0.7303550783091259
],
[
0.42710555999750777,
0.9103044891599197
],
[
0.006313347070728992,
0.32552064064408975
],
[
0.6744793593559097,
0.7788276160775788
],
[
0.4165445162406986,
0.08969551084007889
],
[
0.388673713080467,
0.5272869190511595
],
[
0.20166376973587666,
0.8536378481095586
],
[
0.44501950390738504,
0.8718549646995775
],
[
0.6516170903610459,
0.5633269076329878
],
[
0.3001221177681068,
0.34838290963895424
],
[
0.6998778822318936,
0.932198855458857
],
[
0.27931283520574995,
0.3061815303810582
],
[
0.42468023220955703,
0.14176490777027012
],
[
0.12814503530042257,
0.06780114454114354
],
[
0.9010706233352556,
0.35031480224010736
],
[
0.61898065715223,
0.9255063865119089
],
[
0.10031075407040656,
0.8195305149344754
],
[
0.899689245929594,
0.8918608694054256
],
[
0.8492943878089674,
0.9155770001360748
],
[
0.8219912711514494,
0.8915559895555554
],
[
0.37540861161736844,
0.2612950278043384
],
[
0.09892937666474427,
0.8768865678839032
],
[
0.1081391305945746,
0.08593731756169062
],
[
0.08535496131804973,
0.3106915332157579
],
[
0.18439932996574326,
0.3543468586034111
],
[
0.2352866652963363,
0.4639713392257864
],
[
0.42601720820028366,
0.5390405724496302
],
[
0.018908225778399155,
0.780322164928688
],
[
0.30791277686370433,
0.5188952541400913
],
[
0.8776885840220042,
0.7955601669085075
],
[
0.6920872231362956,
0.4836415570853249
],
[
0.6391929436483188,
0.9101230733557423
],
[
0.12231141597799587,
0.5549222923088494
],
[
0.36080705635168137,
0.7241876515501948
],
[
0.6090922310042272,
0.9455032725418284
],
[
0.2211723839224212,
0.7640024968700745
],
[
0.4843538180055929,
0.47475868626728607
],
[
0.8601049469344989,
0.5680999724594346
],
[
0.14636215189044138,
0.6183485830910729
],
[
0.08987692664426053,
0.5994414374477846
],
[
0.054496727458172335,
0.845661353002573
],
[
0.26964492169087395,
0.1543386469974266
],
[
0.33977580162131726,
0.23599750312992554
],
[
0.44394093069551377,
0.8839234728393928
],
[
0.5850516091865822,
0.6982387451896495
],
[
0.11607652716060672,
0.46603299459208164
],
[
0.8401950393297325,
0.1168434594852353
],
[
0.6482259366071949,
0.5008537621234244
],
[
0.27299323548302346,
0.029752414806944183
],
[
0.6993545103388198,
0.15980496067026723
],
[
0.20443983309149236,
0.33336320852237455
],
[
0.5516287763936514,
0.7910471849007723
],
[
0.1885688245303399,
0.41133484196814124
],
[
0.35177406339280454,
0.5417771346611614
],
[
0.7214932310791939,
0.7337323639375588
],
[
0.20895281509922964,
0.1099731711377501
],
[
0.8114311754696603,
0.6022545819128057
],
[
0.16604686452725612,
0.42198991534833885
],
[
0.013287138208988759,
0.1505442302266342
],
[
0.29040885729793703,
0.11503009972284073
],
[
0.43190002754056567,
0.8696141593601424
],
[
0.7469058683380853,
0.2756458526686458
],
[
0.2662676360624414,
0.25309413166191447
],
[
0.6162387863234193,
0.9455372420970823
],
[
0.054462757902917505,
0.4840527573491267
],
[
0.1303858406398581,
0.27581234844980546
],
[
0.6666367914776257,
0.8494557697733658
],
[
0.17993481256015553,
0.8900268288622497
],
[
0.1437923786536648,
0.4592018108983904
],
[
0.37734062249695577,
0.9702475851930553
],
[
0.8492253241755837,
0.4118201565737349
],
[
0.8562076213463353,
0.49700623627036833
],
[
0.7073586807395553,
0.880779418974255
],
[
0.3630897056939825,
0.9867128617910109
],
[
0.1087875493176557,
0.13838502765482835
],
[
0.8912124506823444,
0.147531544925949
],
[
0.7836550008962685,
0.5868476474346246
],
[
0.28183694414099975,
0.781453796918715
],
[
0.34690107622381205,
0.18020568269700565
],
[
0.8542934370616144,
0.1463458872085616
],
[
0.8524684550740508,
0.015152952501365759
],
[
0.12311343211609721,
0.10155337335571839
],
[
0.4718470012034397,
0.1958209921078214
],
[
0.7034500692351329,
0.394586137497876
],
[
0.9717760033430093,
0.4010034505230499
],
[
0.13306386585586735,
0.7428982192786829
],
[
0.9892288514535251,
0.5415494648755375
],
[
0.9830793373701215,
0.8536541127914388
],
[
0.8669361341441327,
0.8984935977767708
],
[
0.18046948506552438,
0.6499923937301705
],
[
0.5261485011295449,
0.9848470474986345
],
[
0.6692548498123726,
0.62345861883625
],
[
0.5825984614420092,
0.5459062631535386
],
[
0.863024008061368,
0.6893084667842424
],
[
0.044234361033212814,
0.588137836851639
],
[
0.9277668037143587,
0.880273356644813
],
[
0.5988308321033534,
0.010771148546473952
],
[
0.7319895885682063,
0.9810917742216003
],
[
0.09928301642753891,
0.8999181453177679
],
[
0.27385808607483847,
0.689648055677444
],
[
0.14570656293838463,
0.23429428417522272
],
[
0.17051757083171815,
0.8933762646452753
],
[
0.7444075879181912,
0.09650688754772092
],
[
0.01692066262987865,
0.7936521759507646
],
[
0.12628795349442007,
0.1482481647173118
],
[
0.8294824291682822,
0.07294826705527609
],
[
0.5704586432833825,
0.808479628916399
],
[
0.2683068258032097,
0.7675538685614925
],
[
0.3402880130073677,
0.19016978070642634
],
[
0.40920541233978536,
0.8035918684511083
],
[
0.8156006700342567,
0.12712241592505721
],
[
0.4596193067442102,
0.8085999934823784
],
[
0.8339531354727439,
0.8616149723451719
],
[
0.7316931741967899,
0.6320211502509788
],
[
0.24243399335305577,
0.31155151005137494
],
[
0.22605767875778962,
0.0994948250837327
],
[
0.137162908835557,
0.8455764062622309
],
[
0.2614694731199754,
0.05251128062672365
],
[
0.10150640222322871,
0.10662373535472447
],
[
0.23556366677558566,
0.9270517329447239
],
[
0.028223996656990557,
0.9013884486067709
],
[
0.8628370911644422,
0.6416226773632047
],
[
0.6096955473383648,
0.6708679996397554
],
[
0.7598957388386736,
0.3778100723206877
],
[
0.08442299986392575,
0.8984466266442821
],
[
0.0744936134880889,
0.9140626824383102
],
[
0.47862728714354763,
0.3307451501876275
],
[
0.9557656389667871,
0.8728775840749429
],
[
0.1915203710836011,
0.40230183064172115
],
[
0.7474311503660983,
0.8831565405147649
],
[
0.5595605610143449,
0.8849699002771588
],
[
0.9034931124522793,
0.562193236693332
],
[
0.2196778350713118,
0.5564774273921151
]
],
"half_couplers": [
{
"pose": [
[
0.8365565595565536,
-0.2712319276316466,
0.47603189399043794,
-0.13688255055958862
],
[
-0.3517501296502935,
-0.9320330823240397,
0.08709867820209491,
-1.5837219495590675
],
[
0.42005353105753557,
-0.2403072510074792,
-0.8751042544516194,
0.7134506385006857
],
[
0.0,
0.0,
0.0,
1.0
]
],
"at_element": 1,
"to_element": 2
},
{
"pose": [
[
-0.8485463116335417,
0.271231927631647,
-0.45431530729916375,
-0.12711818429719504
],
[
0.11369929808219821,
0.9320330823240393,
0.34407383374672074,
-1.5501687006331557
],
[
0.5167607053837666,
0.24030725100747918,
-0.8217121141157044,
0.7221017144814331
],
[
0.0,
0.0,
0.0,
1.0
]
],
"at_element": 2,
"to_element": 1
},
{
"pose": [
[
-0.10629058145277348,
-0.8844771980374028,
-0.4543153072991663,
-0.2330678931332709
],
[
-0.9367477408621846,
-0.06416281571459082,
0.34407383374672457,
-1.4699281233999253
],
[
-0.33347560972884444,
0.46215064560322755,
-0.8217121141157011,
0.5304723376171695
],
[
0.0,
0.0,
0.0,
1.0
]
],
"at_element": 2,
"to_element": 10
},
{
"pose": [
[
-0.46420004911783774,
0.8844771980374008,
0.04709989969103717,
-0.20122671767709732
],
[
0.02102138749640392,
0.06416281571458948,
-0.9977180134423262,
-1.4676182623006637
],
[
-0.885480895144962,
-0.46215064560323227,
-0.04837732011792917,
0.513834916294733
],
[
0.0,
0.0,
0.0,
1.0
]
],
"at_element": 10,
"to_element": 2
},
{
"pose": [
[
0.8573893904077359,
-0.19564526347480976,
0.4760318939904377,
0.23245833813018693
],
[
-0.2673397560005491,
-0.9596578948338912,
0.08709867820209256,
-1.5161443279396367
],
[
0.4397873214154973,
-0.20193973299689455,
-0.8751042544516199,
0.034479781472654486
],
[
0.0,
0.0,
0.0,
1.0
]
],
"at_element": 1,
"to_element": 3
},
{
"pose": [
[
-0.9723256376898519,
0.1956452634748107,
0.12769410781588467,
0.23950156858988778
],
[
0.21663526751705342,
0.9596578948338917,
0.1792369541997348,
-1.481596638945077
],
[
-0.0874757975604542,
0.20193973299688955,
-0.9754836385497747,
0.041749612866506164
],
[
0.0,
0.0,
0.0,
1.0
]
],
"at_element": 3,
"to_element": 1
},
{
"pose": [
[
0.2514292376938916,
-0.8427199857227465,
0.4760318939904371,
-0.006941350237864394
],
[
-0.9670270170049018,
-0.23931687913318989,
0.08709867820209446,
-1.5599468476491034
],
[
0.04052267038671373,
-0.48223485670926414,
-0.8751042544516201,
0.47457568355412677
],
[
0.0,
0.0,
0.0,
1.0
]
],
"at_element": 1,
"to_element": 4
},
{
"pose": [
[
0.5342802740671795,
0.8427199857227469,
0.0660879293528911,
0.02339656592092031
],
[
-0.2618225450184347,
0.23931687913319033,
-0.9349740029979547,
-1.5513314409451815
],
[
-0.8037372354586847,
0.4822348567092627,
0.34850537917201163,
0.4919361364916965
],
[
0.0,
0.0,
0.0,
1.0
]
],
"at_element": 4,
"to_element": 1
},
{
"pose": [
[
0.8322835918023115,
-0.3176501603498878,
-0.45431530729916403,
0.08725409799422261
],
[
-0.16496530500314155,
-0.9243374086750222,
0.3440738337467192,
-1.712522668971872
],
[
-0.5292357423321518,
-0.21142074295970825,
-0.8217121141157047,
1.1098330949992687
],
[
0.0,
0.0,
0.0,
1.0
]
],
"at_element": 2,
"to_element": 3
},
{
"pose": [
[
-0.9395704286847244,
0.3176501603498871,
0.12769410781588406,
0.09868950322765543
],
[
0.3368597173500389,
0.9243374086750227,
0.17923695419973007,
-1.6792465238284942
],
[
-0.06109779347943361,
0.21142074295970875,
-0.9754836385497758,
1.1174442413869634
],
[
0.0,
0.0,
0.0,
1.0
]
],
"at_element": 3,
"to_element": 2
},
{
"pose": [
[
-0.21231116975500708,
0.8651714100401874,
-0.4543153072991648,
-0.11322028072516588
],
[
0.8540017858376029,
0.3902488266696261,
0.34407383374671974,
-1.5606942208748094
],
[
0.47497885951213226,
-0.3149353656419902,
-0.8217121141157042,
0.7472386084897793
],
[
0.0,
0.0,
0.0,
1.0
]
],
"at_element": 2,
"to_element": 16
},
{
"pose": [
[
0.4904673470398003,
-0.8651714100401866,
0.10449982170709782,
-0.1443664460153799
],
[
-0.5276271356524718,
-0.3902488266696271,
-0.7545299589851601,
-1.5747431761670325
],
[
0.6935786813411353,
0.31493536564199076,
-0.6478922196299608,
0.7585762796612803
],
[
0.0,
0.0,
0.0,
1.0
]
],
"at_element": 16,
"to_element": 2
},
{
"pose": [
[
0.3345063343746866,
-0.9400733470623759,
0.06608792935289032,
-0.010978157237881751
],
[
0.3498177997976933,
0.05874623956205194,
-0.9349740029979547,
-1.0650176340453488
],
[
0.87506172308467,
0.33587346051788664,
0.3485053791720125,
0.3106658796430882
],
[
0.0,
0.0,
0.0,
1.0
]
],
"at_element": 4,
"to_element": 6
},
{
"pose": [
[
-0.20586861637659615,
0.9400733470623754,
-0.2718091516747159,
0.022864477324500778
],
[
0.6874486630445775,
-0.05874623956205394,
-0.7238530341274676,
-1.067132498298894
],
[
-0.6964427101129058,
-0.335873460517887,
-0.6341581585459029,
0.29857443718380594
],
[
0.0,
0.0,
0.0,
1.0
]
],
"at_element": 6,
"to_element": 4
},
{
"pose": [
[
-0.6682241673318474,
-0.6324256998454517,
0.39180887734793624,
0.10850276938563805
],
[
-0.1578458956209141,
-0.3941408810835576,
-0.9053936376484587,
-0.7241477623078734
],
[
0.7270221010597209,
-0.6668513327824034,
0.16354866106771204,
0.2880710593393075
],
[
0.0,
0.0,
0.0,
1.0
]
],
"at_element": 5,
"to_element": 51
},
{
"pose": [
[
-0.7118325529820209,
0.6324256998454526,
0.3055031107699041,
0.13127013234072663
],
[
0.6352266697351775,
0.39414088108355716,
0.6641837425862163,
-0.7099586670556396
],
[
0.29963560297844216,
0.6668513327824028,
-0.6822959807840576,
0.3120777471356
],
[
0.0,
0.0,
0.0,
1.0
]
],
"at_element": 51,
"to_element": 5
},
{
"pose": [
[
0.2722121288946584,
0.9230494796859532,
-0.2718091516747165,
0.09541525999233175
],
[
0.574225562825214,
-0.38249416725294405,
-0.7238530341274692,
-0.8739230208443609
],
[
-0.7721175816420087,
0.04096181232523827,
-0.6341581585459011,
0.4678427287561061
],
[
0.0,
0.0,
0.0,
1.0
]
],
"at_element": 6,
"to_element": 51
},
{
"pose": [
[
-0.2337680631767376,
-0.9230494796859536,
0.3055031107699033,
0.06218547536357547
],
[
-0.6423069111426765,
0.3824941672529434,
0.664183742586215,
-0.8601532294309091
],
[
-0.7299276159571928,
-0.04096181232523932,
-0.6822959807840592,
0.4663681033632893
],
[
0.0,
0.0,
0.0,
1.0
]
],
"at_element": 51,
"to_element": 6
},
{
"pose": [
[
0.7287409583700527,
0.5616248028935744,
0.3918088773479372,
-0.056805077785647695
],
[
0.19688635530387014,
0.3761623638814109,
-0.9053936376484579,
-0.34215367862268964
],
[
-0.6558752767783333,
0.7369392490388218,
0.1635486610677136,
0.2190683423721742
],
[
0.0,
0.0,
0.0,
1.0
]
],
"at_element": 5,
"to_element": 8
},
{
"pose": [
[
0.24386298468266987,
-0.5616248028935741,
0.790637986360644,
-0.0770235798078622
],
[
-0.9263685976304524,
-0.37616236388141067,
0.018522886474243883,
-0.3556955298294614
],
[
0.28700534145874135,
-0.736939249038822,
-0.6120036578324088,
0.1925385174424798
],
[
0.0,
0.0,
0.0,
1.0
]
],
"at_element": 8,
"to_element": 5
},
{
"pose": [
[
-0.2625074598079702,
-0.8818024932923014,
0.391808877347933,
0.043350062457307464
],
[
0.06036177877160043,
-0.4202604151823204,
-0.9053936376484605,
-0.5735926071317914
],
[
0.9630401285557603,
-0.21402230317017013,
0.1635486610677095,
0.2608750497562906
],
[
0.0,
0.0,
0.0,
1.0
]
],
"at_element": 5,
"to_element": 81
},
{
"pose": [
[
-0.4496747477670251,
0.8818024932923026,
-0.14218644114029005,
0.0750949515862709
],
[
0.6123987560786982,
0.42026041518231805,
0.6695886401247029,
-0.5584632324852713
],
[
0.6502002651290799,
0.21402230317017043,
-0.7289952461928748,
0.2685798525176165
],
[
0.0,
0.0,
0.0,
1.0
]
],
"at_element": 81,
"to_element": 5
},
{
"pose": [
[
-0.3747382894226654,
-0.8402719905315919,
0.3918088773479371,
-0.1274604828368206
],
[
0.005304547618163513,
-0.4245400130497232,
-0.9053936376484581,
-0.17888286497545644
],
[
0.9271154600237994,
-0.33720729417943646,
0.16354866106771337,
0.1895753993548199
],
[
0.0,
0.0,
0.0,
1.0
]
],
"at_element": 5,
"to_element": 86
},
{
"pose": [
[
-0.2567224484792352,
0.840271990531592,
0.47753174384003344,
-0.09721072289279904
],
[
0.8593760221732795,
0.42454001304972355,
-0.2850239109853275,
-0.16359944052944894
],
[
-0.4422289417942454,
0.33720729417943657,
-0.8310985523941945,
0.20171484921777175
],
[
0.0,
0.0,
0.0,
1.0
]
],
"at_element": 86,
"to_element": 5
},
{
"pose": [
[
0.5244343148339956,
-0.5986699659407266,
-0.6054443998462012,
-0.22521768701050776
],
[
-0.32407064071354436,
-0.7979009644436632,
0.5082639774441873,
-0.12878428841483783
],
[
-0.7873670486197085,
-0.07034431619115805,
-0.6124580050317638,
0.38445696718457123
],
[
0.0,
0.0,
0.0,
1.0
]
],
"at_element": 7,
"to_element": 86
},
{
"pose": [
[
-0.6430845243866665,
0.5986699659407272,
0.47753174384003344,
-0.20366556100990188
],
[
0.5311453860352188,
0.7979009644436624,
-0.2850239109853272,
-0.10005984406314415
],
[
-0.5516582940443053,
0.07034431619115906,
-0.8310985523941941,
0.38698936341660206
],
[
0.0,
0.0,
0.0,
1.0
]
],
"at_element": 86,
"to_element": 7
},
{
"pose": [
[
-0.4432512056154405,
0.42239784947848036,
0.7906379863606436,
0.052007294666773646
],
[
0.7068721078184652,
0.707098809124257,
0.018522886474242328,
-0.3526726239220844
],
[
-0.5512351511911577,
0.5670902317012809,
-0.6120036578324095,
0.09266048411488415
],
[
0.0,
0.0,
0.0,
1.0
]
],
"at_element": 8,
"to_element": 81
},
{
"pose": [
[
0.8951888475130888,
-0.42239784947848164,
-0.14218644114029255,
0.03680098804228367
],
[
-0.2272934824208787,
-0.7070988091242587,
0.6695886401247003,
-0.37812815433880104
],
[
-0.3833726648278116,
-0.5670902317012784,
-0.7289952461928768,
0.07224525719635311
],
[
0.0,
0.0,
0.0,
1.0
]
],
"at_element": 81,
"to_element": 8
},
{
"pose": [
[
0.5618209778883926,
-0.814947976720225,
-0.14218644114029244,
0.012695399408399755
],
[
-0.5517591394154768,
-0.49720509358558207,
0.6695886401246999,
-0.2646093955645951
],
[
-0.616375730278231,
-0.2977362761777007,
-0.728995246192877,
-0.05134500485573387
],
[
0.0,
0.0,
0.0,
1.0
]
],
"at_element": 81,
"to_element": 86
},
{
"pose": [
[
-0.32836447564362015,
0.8149479767202247,
0.47753174384003283,
0.042033519031827976
],
[
0.819480606896332,
0.49720509358558174,
-0.2850239109853285,
-0.24671001679480228
],
[
-0.4697108749604484,
0.29773627617770254,
-0.8310985523941943,
-0.04062650166748161
],
[
0.0,
0.0,
0.0,
1.0
]
],
"at_element": 86,
"to_element": 81
},
{
"pose": [
[
-0.5649021253442195,
0.7791054959679435,
-0.27180915167471714,
0.24030380160173273
],
[
0.6535013518605226,
0.22129791707317892,
-0.7238530341274687,
-0.48807136791775224
],
[
-0.5038070780547393,
-0.5865337654829579,
-0.6341581585459017,
0.8058823060672389
],
[
0.0,
0.0,
0.0,
1.0
]
],
"at_element": 6,
"to_element": 7
},
{
"pose": [
[
-0.16257830374135995,
-0.7791054959679434,
-0.6054443998462017,
0.21225547624658325
],
[
-0.832282981402172,
-0.22129791707317925,
0.5082639774441865,
-0.4960382427641091
],
[
-0.5299748428188779,
0.586533765482958,
-0.6124580050317645,
0.8269979187425265
],
[
0.0,
0.0,
0.0,
1.0
]
],
"at_element": 7,
"to_element": 6
},
{
"pose": [
[
0.4922873077160137,
0.826905672811349,
-0.2718091516747162,
0.13556740795454353
],
[
0.4616373792660754,
-0.5127647755538651,
-0.7238530341274694,
-0.7669941188919932
],
[
-0.7379323388536839,
0.23086639691302852,
-0.6341581585459002,
0.5615217386661587
],
[
0.0,
0.0,
0.0,
1.0
]
],
"at_element": 6,
"to_element": 14
},
{
"pose": [
[
-0.44135309302447223,
-0.8269056728113494,
0.34847446900761847,
0.10579879091232346
],
[
-0.8461906328016288,
0.5127647755538647,
0.1450299896916987,
-0.748534579021736
],
[
-0.2986115540907808,
-0.23086639691302965,
-0.9260301542281897,
0.5532105447977511
],
[
0.0,
0.0,
0.0,
1.0
]
],
"at_element": 14,
"to_element": 6
},
{
"pose": [
[
0.10515276070886947,
0.9565890873207646,
-0.2718091516747177,
0.1535912762783005
],
[
0.6326827161971335,
-0.27522602640352867,
-0.7238530341274682,
-0.7189948823229511
],
[
-0.7672388660259077,
-0.09585380748280425,
-0.6341581585459015,
0.6035732408898444
],
[
0.0,
0.0,
0.0,
1.0
]
],
"at_element": 6,
"to_element": 21
},
{
"pose": [
[
0.24421910920662038,
-0.9565890873207645,
-0.15904195898300394,
0.11915403910996653
],
[
0.5775175691582832,
0.2752260264035289,
-0.7685857738103352,
-0.7090867367338113
],
[
0.7789932502992774,
0.0958538074828052,
0.6196624593915763,
0.6070239809678214
],
[
0.0,
0.0,
0.0,
1.0
]
],
"at_element": 21,
"to_element": 6
},
{
"pose": [
[
-0.5783430069875246,
0.546769096569567,
-0.6054443998462021,
0.08447366892976933
],
[
0.24769969869551525,
0.8248106379641134,
0.5082639774441853,
-0.38876680768543204
],
[
0.7772800174549576,
0.14398252163971811,
-0.6124580050317645,
0.6977358580008803
],
[
0.0,
0.0,
0.0,
1.0
]
],
"at_element": 7,
"to_element": 65
},
{
"pose": [
[
0.8034807278566779,
-0.5467690965695662,
0.23550429932254616,
0.064789979185969
],
[
-0.5652473600691359,
-0.8248106379641136,
0.013521591478241946,
-0.41845999407239526
],
[
0.18685326301077979,
-0.1439825216397193,
-0.9717792401386707,
0.692552486624796
],
[
0.0,
0.0,
0.0,
1.0
]
],
"at_element": 65,
"to_element": 7
},
{
"pose": [
[
0.14747848629170135,
-0.9256433657359485,
0.348474469007607,
0.07585032294698159
],
[
-0.9841350210963459,
-0.1021986415845364,
0.14502998969168507,
-0.7609986944350254
],
[
-0.09863243043139126,
-0.36433473225497,
-0.9260301542281959,
0.6327950965378593
],
[
0.0,
0.0,
0.0,
1.0
]
],
"at_element": 14,
"to_element": 21
},
{
"pose": [
[
0.34335115370691205,
0.9256433657359523,
-0.159041958983001,
0.10917331439298462
],
[
-0.6315309540748152,
0.10219864158453751,
-0.7685857738103334,
-0.7573195620765203
],
[
-0.6951824503635619,
0.36433473225495994,
0.6196624593915792,
0.6459110800967767
],
[
0.0,
0.0,
0.0,
1.0
]
],
"at_element": 21,
"to_element": 14
},
{
"pose": [
[
0.1738660932695777,
0.9718416727502597,
-0.15904195898300466,
0.1801634285082353
],
[
-0.6396461687129427,
-0.011344035755425974,
-0.7685857738103363,
-0.4142529138847376
],
[
-0.7487478617412061,
0.23536158556305842,
0.6196624593915746,
0.3693179785879729
],
[
0.0,
0.0,
0.0,
1.0
]
],
"at_element": 21,
"to_element": 65
},
{
"pose": [
[
-0.007841435236859207,
-0.9718416727502596,
0.23550429932254713,
0.14517711430247884
],
[
-0.9998442275758136,
0.01134403575542664,
0.013521591478243958,
-0.4138445284342789
],
[
-0.01581241527253395,
-0.23536158556305942,
-0.9717792401386705,
0.36084495812037837
],
[
0.0,
0.0,
0.0,
1.0
]
],
"at_element": 65,
"to_element": 21
},
{
"pose": [
[
0.561929312457143,
-0.24316048676754282,
0.7906379863606442,
-0.1568435233152371
],
[
-0.41890646600079146,
-0.9078404460142706,
0.018522886474243938,
-0.35756553326652524
],
[
0.7132691080820551,
-0.341611917613513,
-0.6120036578324086,
0.25432418703742254
],
[
0.0,
0.0,
0.0,
1.0
]
],
"at_element": 8,
"to_element": 9
},
{
"pose": [
[
-0.969551397888534,
0.24316048676754293,
-0.02903557348083128,
-0.14808974687403112
],
[
0.21693732798546883,
0.9078404460142697,
0.35883689931100576,
-0.32488328125125077
],
[
0.11361462308573794,
0.34161191761351556,
-0.9329485597638822,
0.26662221455082824
],
[
0.0,
0.0,
0.0,
1.0
]
],
"at_element": 9,
"to_element": 8
},
{
"pose": [
[
-0.5904232985080793,
0.8065713012818393,
-0.029035573480831384,
-0.14125209603219807
],
[
0.7469676346886552,
0.5597101324976148,
0.35883689931100793,
-0.409386569201617
],
[
0.3056790495053203,
0.19017703207281145,
-0.932948559763882,
0.48632431581181773
],
[
0.0,
0.0,
0.0,
1.0
]
],
"at_element": 9,
"to_element": 29
},
{
"pose": [
[
-0.018759489475976387,
-0.8065713012818397,
0.5908390791942595,
-0.17028865901106266
],
[
-0.2973165926851583,
-0.5597101324976148,
-0.7735162644014606,
-0.4295361312878791
],
[
0.9545946392415414,
-0.1901770320728094,
-0.22930715471456464,
0.4794779435690417
],
[
0.0,
0.0,
0.0,
1.0
]
],
"at_element": 29,
"to_element": 9
},
{
"pose": [
[
-0.7282409568416142,
0.6472694089345741,
0.2251830833697255,
-0.03440388856922549
],
[
0.5050644327446858,
0.2848016583802355,
0.8147379542896944,
-0.5666750689110819
],
[
0.4632224385267819,
0.7070575136729365,
-0.5343169890654298,
0.46123805068714807
],
[
0.0,
0.0,
0.0,
1.0
]
],
"at_element": 11,
"to_element": 29
},
{
"pose": [
[
-0.4816134287521143,
-0.6472694089345739,
0.5908390791942588,
-0.05770559044486766
],
[
-0.5661807168124651,
-0.2848016583802351,
-0.7735162644014614,
-0.5769279300005444
],
[
0.6689453648507893,
-0.707057513672937,
-0.22930715471456442,
0.4357839767495909
],
[
0.0,
0.0,
0.0,
1.0
]
],
"at_element": 29,
"to_element": 11
},
{
"pose": [
[
-0.172741982203511,
-0.984539051057418,
-0.029035573480831606,
-0.1316387399173614
],
[
-0.9211006417782969,
0.15102876351367667,
0.3588368993110095,
-0.5281934838471272
],
[
-0.348903733571327,
0.08873088264234036,
-0.9329485597638811,
0.7952132291909626
],
[
0.0,
0.0,
0.0,
1.0
]
],
"at_element": 9,
"to_element": 12
},
{
"pose": [
[
0.037793642429097996,
0.9845390510574176,
0.17103946192297648,
-0.0961952868222691
],
[
-0.31147051675611237,
-0.15102876351367844,
0.938177184642224,
-0.5336305265828699
],
[
0.9495039535376468,
-0.08873088264234291,
0.3009469599146817,
0.7920189131568325
],
[
0.0,
0.0,
0.0,
1.0
]
],
"at_element": 12,
"to_element": 9
},
{
"pose": [
[
-0.9952679846834889,
0.09272849689661711,
-0.029035573480830804,
-0.11942079669876449
],
[
0.07620543160131427,
0.9302842640221949,
0.35883689931101087,
-0.6791892567879902
],
[
0.060285743410229825,
0.35492620919844337,
-0.9329485597638805,
1.1877907182008571
],
[
0.0,
0.0,
0.0,
1.0
]
],
"at_element": 9,
"to_element": 13
},
{
"pose": [
[
0.7230747720266869,
-0.09272849689661622,
-0.6845175672850544,
-0.12275902074671949
],
[
0.18214418357168005,
-0.9302842640221951,
0.3184253201359609,
-0.712679471830032
],
[
-0.6663230226020717,
-0.35492620919844353,
-0.6557751257667999,
1.1750133817137067
],
[
0.0,
0.0,
0.0,
1.0
]
],
"at_element": 13,
"to_element": 9
},
{
"pose": [
[
-0.46736449073674513,
0.5594695102295872,
-0.6845175672850542,
-0.3616273939622442
],
[
0.498678981047946,
0.8061790057780553,
0.31842532013596,
-0.6015621801099869
],
[
0.7299929497326431,
-0.19253383538010166,
-0.6557751257668003,
0.9461749340630415
],
[
0.0,
0.0,
0.0,
1.0
]
],
"at_element": 13,
"to_element": 25
},
{
"pose": [
[
0.1813211844987983,
-0.5594695102295878,
0.8087746875214494,
-0.3817686740590609
],
[
0.10762065806821453,
-0.8061790057780553,
-0.5818016883781543,
-0.6305851686136601
],
[
0.9775174791321726,
0.19253383538010058,
-0.08596685538573068,
0.9531062821268773
],
[
0.0,
0.0,
0.0,
1.0
]
],
"at_element": 25,
"to_element": 13
},
{
"pose": [
[
-0.644825143680458,
0.7628775350779249,
0.047099899691043,
-0.20908820750455723
],
[
0.006618760871597573,
0.0671934346288735,
-0.9977180134423251,
-1.3010881833662657
],
[
-0.7643014628286415,
-0.6430419183973972,
-0.04837732011794138,
0.5219096216015733
],
[
0.0,
0.0,
0.0,
1.0
]
],
"at_element": 10,
"to_element": 12
},
{
"pose": [
[
-0.6235089164867911,
-0.7628775350779234,
0.1710394619229716,
-0.2365518049232596
],
[
0.3395712186855241,
-0.06719343462887606,
0.9381771846422206,
-1.3035071475551105
],
[
-0.7042215691825237,
0.6430419183973987,
0.30094695991469556,
0.5450591358527853
],
[
0.0,
0.0,
0.0,
1.0
]
],
"at_element": 12,
"to_element": 10
},
{
"pose": [
[
0.03450571724656837,
0.9737052605595817,
0.22518308336972542,
-0.12665295732964424
],
[
0.5413891101337116,
-0.2076051474999412,
0.814737954289694,
-0.9004426701104605
],
[
0.8400637993068905,
0.09379855164193351,
-0.5343169890654305,
