{
"line_pt_pairs": [
[
[
0.5868018570439907,
0.05335414818878935,
0.17883647059677452
],
[
0.6222752641484588,
-0.3936316525342631,
-0.7150009482554307
]
],
[
[
0.07362367890614685,
-0.2952733486756295,
0.48231503654491514
],
[
0.4207579008601475,
0.06996692195318957,
-0.3814542478472641
]
],
[
[
0.3936936830009965,
-0.3816889484997332,
0.6114773613199371
],
[
0.24061056359513053,
0.08496099117639433,
-0.2596158554790666
]
],
[
[
0.5729823333220155,
-1.0250447293812515,
0.3811632053868908
],
[
0.11638252315990877,
-0.17120596475944905,
0.631115155547401
]
],
[
[
-0.6520734122280045,
0.8221089973829718,
-0.5077490981695049
],
[
-0.9931674203893883,
0.05286344550024691,
0.032543561881549055
]
],
[
[
-0.2987836986972827,
0.3921463883028966,
0.08675530572414518
],
[
0.22152510456350694,
-0.41595542780910577,
0.36288970062236947
]
],
[
[
0.073394945278099,
0.3606452767771688,
-0.42233351339511127
],
[
-0.14359350571979124,
-0.12864802628878277,
0.42236055886321056
]
],
[
[
-0.10686566182624507,
0.6837001419482871,
-0.5500687634060303
],
[
-1.0688783399357917,
0.549660243405897,
-0.31223497111560794
]
],
[
[
-0.3655628094774192,
0.4233464155492608,
0.7627173173072658
],
[
-0.15148931107777075,
0.09982134729329906,
-0.15896813201528437
]
],
[
[
-1.010924518405685,
0.5350146173302245,
0.45451345139476623
],
[
-0.02534084510844481,
0.41228260794374755,
0.33805883876874254
]
],
[
[
-0.739327480197817,
0.4788997032068573,
0.6104690109493917
],
[
-0.8883290989196868,
0.42239929739445664,
-0.37675245445809047
]
],
[
[
0.18993975065861163,
-0.9901861945082949,
-0.24758494149122004
],
[
0.6146455524447321,
-0.7863873385763105,
0.6345097293066616
]
],
[
[
-0.8589033192177202,
0.40111528559764875,
0.7022212618906702
],
[
-0.8688629240019734,
0.21685891783940278,
-0.2806064937273117
]
],
[
[
0.16310237950631662,
-0.11072063007504357,
0.18127131900579896
],
[
0.1852943666903639,
-1.0353010106114757,
-0.19906883878973178
]
],
[
[
-0.02283730654421834,
0.1613748924768876,
0.2200528412592893
],
[
-1.0052007141349248,
0.2630363128108866,
0.06312263052072761
]
],
[
[
0.6738386375711931,
-0.09909508980316967,
-0.6388221897870597
],
[
0.576567291767126,
-0.9917653007757086,
-0.19873335815450366
]
],
[
[
0.5422760344546907,
-0.7675906325829768,
0.7559838663895772
],
[
0.8348279736692594,
-0.7431552125999705,
-0.7150077287978494
]
],
[
[
0.1973241810864766,
-0.938454659556466,
0.062381896473516135
],
[
0.8708841246259648,
-0.6805120302656464,
-0.6302815156204244
]
],
[
[
0.6636126640277525,
0.07535499810057159,
-0.07920271169069869
],
[
0.4310553100910697,
-0.707203429363615,
0.4983086602620518
]
],
[
[
0.22749296510732742,
-0.3332585753130737,
0.6216038137952988
],
[
0.5828530054546021,
-0.14515166777947125,
-0.29400256072517617
]
],
[
[
-0.4169740041411878,
0.1567651717548502,
0.6402122321782937
],
[
-0.08927991044666062,
0.7797653945216558,
-0.07006046431949009
]
],
[
[
-1.064265976144464,
0.35076773998681676,
0.6477892308232166
],
[
0.17264417809387922,
0.6867085128505537,
-0.13143927704196268
]
],
[
[
0.9064233033736433,
0.04977887170244457,
0.056661813446750954
],
[
-0.004321406845321896,
0.2074860229327229,
-0.3250088918202414
]
],
[
[
0.16174523600591645,
0.8197671787956093,
0.22907621662590288
],
[
0.010231744907676477,
0.009714825496641821,
-0.3373678202656758
]
],
[
[
0.1707914001109999,
0.5981253938083718,
0.18764838100876782
],
[
-0.49608702352738715,
0.6043192855917972,
-0.5574924135999796
]
],
[
[
0.46134823770082617,
-0.22726564221451578,
-0.30788941091565447
],
[
-0.04338149345820147,
0.5971228680396334,
-0.05170298925150704
]
]
],
"contact_id_pairs": [
[
1,
2
],
[
1,
5
],
[
1,
13
],
[
1,
25
],
[
22,
25
],
[
2,
19
],
[
3,
19
],
[
3,
11
],
[
3,
18
],
[
11,
16
],
[
4,
7
],
[
4,
10
],
[
4,
12
],
[
12,
14
],
[
5,
6
],
[
5,
8
],
[
5,
14
],
[
8,
14
],
[
6,
23
],
[
23,
25
],
[
7,
24
],
[
8,
20
],
[
9,
20
],
[
9,
10
],
[
9,
21
],
[
10,
21
],
[
12,
21
],
[
11,
13
],
[
11,
17
],
[
0,
15
],
[
15,
17
],
[
16,
17
],
[
0,
18
],
[
0,
19
],
[
18,
22
],
[
20,
21
],
[
21,
24
],
[
23,
24
]
],
"contact_t_pairs": [
[
0.5892014249803982,
0.7142773252749689
],
[
0.18321299364368504,
0.7938161382158403
],
[
0.35842100142328026,
0.05362428168394978
],
[
0.8167870063563151,
0.2641535594727304
],
[
0.7237026095602164,
0.45314152313712286
],
[
0.28572267472503105,
0.29664666592332073
],
[
0.8020897197882718,
0.027909065919199772
],
[
0.19791028021172816,
0.7498869395185755
],
[
0.36777942250200024,
0.9944698872552322
],
[
0.9407818138772026,
0.11937159328503892
],
[
0.2715551982084594,
0.6680114981615158
],
[
0.5295227092714354,
0.8390218368103501
],
[
0.7284448017915406,
0.8284701346325107
],
[
0.6350147303974472,
0.8622859511614842
],
[
0.4550544044422481,
0.7300623871216869
],
[
0.2061838617841597,
0.67180892528823
],
[
0.279200865000466,
0.13771404883851573
],
[
0.6370643673079072,
0.21537171289651794
],
[
0.26993761287831336,
0.74099391364255
],
[
0.5650119055739234,
0.7358464405272694
],
[
0.33198850183848433,
0.8892718964327527
],
[
0.32819107471177006,
0.26763880096222814
],
[
0.7482087272995028,
0.41923926837137776
],
[
0.2517912727004974,
0.18497769667424813
],
[
0.36715598671101907,
0.3307786511965622
],
[
0.16097816318964983,
0.2511810120581056
],
[
0.1715298653674897,
0.1542884423352362
],
[
0.05921818612279671,
0.9463757183160506
],
[
0.25232939835482815,
0.1276602556002699
],
[
0.8025970460932315,
0.23398142799686703
],
[
0.766018572003133,
0.5630882663225752
],
[
0.880628406714962,
0.8723397443997314
],
[
0.19740295390676854,
0.149622352466193
],
[
0.4903843596859134,
0.9720909340808005
],
[
0.005530112744767812,
0.27629739043978346
],
[
0.7323611990377725,
0.7097032433887789
],
[
0.8457115576647639,
0.2744397312100558
],
[
0.25900608635745026,
0.11072810356724731
]
],
"half_couplers": [
{
"pose": [
[
0.9218961783527858,
-0.17206181530751988,
0.3471342219540008,
0.27815565714090584
],
[
-0.30188423251306107,
-0.8806051640042696,
0.3652402706288192,
-0.08007326076090301
],
[
0.24284428446749298,
-0.44150795784684777,
-0.8637692843921789,
-0.026619056673255675
],
[
0.0,
0.0,
0.0,
1.0
]
],
"at_element": 1,
"to_element": 2
},
{
"pose": [
[
-0.9731188469380556,
0.17206181530751985,
-0.1530831194058659,
0.28434988192702587
],
[
0.08229446475479453,
0.8806051640042702,
0.46664993967612844,
-0.04837147774814325
],
[
0.21509842120450706,
0.44150795784684715,
-0.8710932167990033,
-0.010724771640423875
],
[
0.0,
0.0,
0.0,
1.0
]
],
"at_element": 2,
"to_element": 1
},
{
"pose": [
[
-0.6871119382112656,
0.6382593644561348,
0.347134221954001,
0.13722317890651073
],
[
0.7258982859451505,
0.5828131974937418,
0.3652402706288197,
-0.22835658529449385
],
[
0.03080361714882343,
0.502945086973888,
-0.8637692843921796,
0.3240612801339604
],
[
0.0,
0.0,
0.0,
1.0
]
],
"at_element": 1,
"to_element": 5
},
{
"pose": [
[
-0.5673656078168425,
-0.6382593644561348,
0.5203088032607903,
0.11424582618690274
],
[
-0.08544139291705788,
-0.5828131974937405,
-0.8081018161120016,
-0.24933787464834023
],
[
0.8190213888800573,
-0.5029450869738893,
0.2761343948982251,
0.3059552447108214
],
[
0.0,
0.0,
0.0,
1.0
]
],
"at_element": 5,
"to_element": 1
},
{
"pose": [
[
-0.022700300816348662,
0.9375406808726958,
0.3471342219540004,
0.198043874367191
],
[
0.9240465701445391,
-0.11286044885211233,
0.3652402706288194,
-0.16436356511673827
],
[
0.38160533610912833,
0.32905925118990603,
-0.8637692843921791,
0.1727219846344001
],
[
0.0,
0.0,
0.0,
1.0
]
],
"at_element": 1,
"to_element": 13
},
{
"pose": [
[
-0.34716708860948353,
-0.937540680872696,
0.02219198718404708,
0.16429240887820057
],
[
-0.3638868491880493,
0.112860448852112,
-0.9245803805364323,
-0.16030058884038267
],
[
0.8643271218551511,
-0.3290592511899059,
-0.3803401577955312,
0.16087585124845352
],
[
0.0,
0.0,
0.0,
1.0
]
],
"at_element": 13,
"to_element": 1
},
{
"pose": [
[
-0.4737755035489637,
0.8093420810666628,
0.34713422195399984,
0.3571584008597837
],
[
0.8631671000802771,
0.3486288887197857,
0.3652402706288176,
0.0030501585720539848
],
[
0.17458330268364802,
0.4726767328361853,
-0.86376928439218,
-0.2232004914363095
],
[
0.0,
0.0,
0.0,
1.0
]
],
"at_element": 1,
"to_element": 25
},
{
"pose": [
[
0.3003552801247502,
-0.809342081066664,
-0.5047297311590279,
0.3280220826434547
],
[
0.44591645194021684,
-0.3486288887197859,
0.8243885102541494,
-0.009500482842460772
],
[
-0.8431756777743481,
-0.4726767328361837,
0.2561864216641464,
-0.2402168557444881
],
[
0.0,
0.0,
0.0,
1.0
]
],
"at_element": 25,
"to_element": 1
},
{
"pose": [
[
-0.0651500575290076,
0.407798409526252,
-0.9107447102189646,
0.24731497994501514
],
[
0.8577673750974769,
0.48924797870733616,
0.1577071512302789,
0.16391194859410468
],
[
0.5098927340356508,
-0.7709324694930453,
-0.38167070526699276,
-0.21955427194765964
],
[
0.0,
0.0,
0.0,
1.0
]
],
"at_element": 22,
"to_element": 25
},
{
"pose": [
[
-0.7608865590033735,
-0.4077984095262529,
-0.504729731159028,
0.23263423855083384
],
[
-0.284640122772129,
-0.4892479787073347,
0.8243885102541489,
0.146299022978793
],
[
-0.5831223240764096,
0.7709324694930461,
0.25618642166414785,
-0.1918007055957135
],
[
0.0,
0.0,
0.0,
1.0
]
],
"at_element": 25,
"to_element": 22
},
{
"pose": [
[
-0.8674035158459803,
0.4734730185036969,
-0.15308311940586622,
0.34995436466910124
],
[
0.358885377414823,
0.8083558125467319,
0.4666499396761269,
-0.24835647957519572
],
[
0.34469178489754115,
0.34983450526057425,
-0.8710932167990042,
0.36258627748129446
],
[
0.0,
0.0,
0.0,
1.0
]
],
"at_element": 2,
"to_element": 19
},
{
"pose": [
[
0.8059420217815804,
-0.4734730185036967,
0.35536004034727464,
0.3329093362787232
],
[
-0.5578321178097018,
-0.808355812546732,
0.18810690753360232,
-0.2774572883560842
],
[
0.1981938088502303,
-0.3498345052605735,
-0.9156063745204748,
0.34999223549566066
],
[
0.0,
0.0,
0.0,
1.0
]
],
"at_element": 19,
"to_element": 2
},
{
"pose": [
[
0.257034347293127,
-0.851733501555225,
-0.4565998101621067,
0.2067483195337132
],
[
0.39557038722280624,
-0.33835400512113534,
0.8538387646218026,
-0.3401894339213858
],
[
-0.8817354552608143,
-0.40008325326981936,
0.24995195016051053,
0.5816470950516666
],
[
0.0,
0.0,
0.0,
1.0
]
],
"at_element": 3,
"to_element": 19
},
{
"pose": [
[
-0.3850575074620135,
0.8517335015552248,
0.35536004034727464,
0.23741073189842898
],
[
0.9220262244408404,
0.33835400512113567,
0.18810690753360254,
-0.3280086872308616
],
[
0.039979462108811564,
0.4000832532698189,
-0.9156063745204743,
0.5960500951327674
],
[
0.0,
0.0,
0.0,
1.0
]
],
"at_element": 19,
"to_element": 3
},
{
"pose": [
[
-0.5269960778950857,
-0.716792680796285,
-0.4565998101621061,
0.4826165369482111
],
[
-0.03321767559587513,
-0.5194766116555396,
0.8538387646218029,
-0.8560612602193147
],
[
-0.849218299326624,
0.46513686448157854,
0.24995195016050964,
0.4306312658826253
],
[
0.0,
0.0,
0.0,
1.0
]
],
"at_element": 3,
"to_element": 11
},
{
"pose": [
[
0.553021911578629,
0.7167926807962862,
0.4247058017861216,
0.5084210845557883
],
[
-0.8298253287672607,
0.51947661165554,
0.20379885593198724,
-0.837360094156072
],
[
-0.0745432025755986,
-0.46513686448157665,
0.8820946707978803,
0.41388633155904886
],
[
0.0,
0.0,
0.0,
1.0
]
],
"at_element": 11,
"to_element": 3
},
{
"pose": [
[
0.4658241659937802,
-0.7579739175830051,
-0.4565998101621056,
0.40505431882607296
],
[
0.4688018942531669,
-0.22623913890783287,
0.8538387646218019,
-0.7110204016188237
],
[
-0.7504882612811754,
-0.6117935863427418,
0.2499519501605144,
0.473090389270172
],
[
0.0,
0.0,
0.0,
1.0
]
],
"at_element": 3,
"to_element": 18
},
{
"pose": [
[
0.60941990236112,
0.7579739175830073,
-0.23255735393668306,
0.4323413784779644
],
[
-0.5800156546430645,
0.22623913890783043,
-0.7825584274641869,
-0.70287579303037
],
[
-0.5405453015013084,
0.6117935863427405,
0.5775113719527499,
0.4951149572637676
],
[
0.0,
0.0,
0.0,
1.0
]
],
"at_element": 18,
"to_element": 3
},
{
"pose": [
[
-0.838420668115585,
0.3415783441698609,
0.4247058017861209,
0.5894952452271297
],
[
-0.27907312856037236,
-0.9383944880679667,
0.2037988559319815,
-0.7984559371585039
],
[
0.46815485919954053,
0.052345196129489666,
0.8820946707978818,
0.582273682913425
],
[
0.0,
0.0,
0.0,
1.0
]
],
"at_element": 11,
"to_element": 16
},
{
"pose": [
[
-0.9193942187111137,
-0.3415783441698602,
0.19503462614304565,
0.5771984255573617
],
[
-0.345181708005434,
0.9383944880679671,
0.01629027998867168,
-0.7646737375670163
],
[
-0.18858382501962453,
-0.05234519612948768,
-0.9806610634582844,
0.580389255963153
],
[
0.0,
0.0,
0.0,
1.0
]
],
"at_element": 16,
"to_element": 11
},
{
"pose": [
[
0.9305176911191027,
0.13338554685863108,
-0.3410940081613838,
-0.744699263221987
],
[
-0.357855956555722,
0.5293395840726731,
-0.7692455518827254,
0.6132163690704827
],
[
0.0779483218033811,
0.8378591174075708,
0.5402926600510534,
-0.36102981777876514
],
[
0.0,
0.0,
0.0,
1.0
]
],
"at_element": 4,
"to_element": 7
},
{
"pose": [
[
-0.23820139177956534,
-0.1333855468586304,
-0.9620126781095466,
-0.7495011921805754
],
[
0.8377546838618788,
-0.529339584072672,
-0.13403989854238962,
0.5941599485095675
],
[
-0.4913524057351928,
-0.8378591174075716,
0.23783379229042245,
-0.3911930555046705
],
[
0.0,
0.0,
0.0,
1.0
]
],
"at_element": 7,
"to_element": 4
},
{
"pose": [
[
-0.3325516889506692,
0.8792407245871062,
-0.3410940081613838,
-0.8326904355458735
],
[
-0.43884861464900216,
-0.46440626000226737,
-0.7692455518827253,
0.4147760086550308
],
[
-0.8347582090621866,
-0.10612527454969117,
0.5402926600510537,
-0.22165186501980016
],
[
0.0,
0.0,
0.0,
1.0
]
],
"at_element": 4,
"to_element": 10
},
{
"pose": [
[
-0.45247570746483623,
-0.8792407245871059,
-0.1490016187218688,
-0.8643430920255557
],
[
-0.8838181542680261,
0.46440626000226704,
-0.05650040581240243,
0.43149462894160673
],
[
0.1188747422308691,
0.10612527454969312,
-0.9872214654074825,
-0.21783135629539957
],
[
0.0,
0.0,
0.0,
1.0
]
],
"at_element": 10,
"to_element": 4
},
{
"pose": [
[
0.15346673860727056,
-0.9274172942843204,
-0.3410940081613836,
-0.9005415693954059
],
[
0.5214811697741912,
0.36921358382321556,
-0.7692455518827253,
0.261756073812736
],
[
0.8393481695412155,
-0.059820496343373886,
0.5402926600510537,
-0.11417571850919067
],
[
0.0,
0.0,
0.0,
1.0
]
],
"at_element": 4,
"to_element": 12
},
{
"pose": [
[
0.3738956653063683,
0.9274172942843204,
-0.009959604784255088,
-0.8671545543342171
],
[
0.9108956693611825,
-0.36921358382321556,
-0.18425636775824317,
0.2484643877940773
],
[
-0.17455976341686422,
0.05982049634337634,
-0.9828277556179825,
-0.11202218112672764
],
[
0.0,
0.0,
0.0,
1.0
]
],
"at_element": 12,
"to_element": 4
},
{
"pose": [
[
-0.9914360613959181,
0.13021268154942317,
-0.009959604784253135,
-0.8652278149646578
],
[
0.12980891853239396,
0.9742685644163978,
-0.1842563677582454,
0.28410977790163333
],
[
-0.014289185883048817,
-0.1839712530634065,
-0.9828277556179823,
0.07811115962978932
],
[
0.0,
0.0,
0.0,
1.0
]
],
"at_element": 12,
"to_element": 14
},
{
"pose": [
[
0.1341893922427697,
-0.13021268154942311,
-0.9823634075907066,
-0.8699154718448076
],
[
-0.20116093061448387,
-0.9742685644163984,
0.10166142033399903,
0.24903610700601736
],
[
-0.9703233930004116,
0.18397125306340598,
-0.15693021073856195,
0.08473412522661647
],
[
0.0,
0.0,
0.0,
1.0
]
],
"at_element": 14,
"to_element": 12
},
{
"pose": [
[
0.5664910380864958,
0.6390357212370915,
0.5203088032607892,
-0.062014886103385236
],
[
0.08464320350590193,
0.5829296551872629,
-0.8081018161120028,
0.02441609764335026
],
[
-0.8197093581678465,
0.5018230406091861,
0.27613439489822367,
0.2124114783405772
],
[
0.0,
0.0,
0.0,
1.0
]
],
"at_element": 5,
"to_element": 6
},
{
"pose": [
[
-0.7379358773745361,
-0.6390357212370916,
-0.2169884509978901,
-0.08502016123525794
],
[
0.6486794899471315,
-0.582929655187262,
-0.48929330306595126,
0.0034306399381851815
],
[
0.18618689590141085,
-0.501823040609187,
0.844694072258322,
0.19434585738533788
],
[
0.0,
0.0,
0.0,
1.0
]
],
"at_element": 6,
"to_element": 5
},
{
"pose": [
[
0.15359123330809643,
0.8400526663848066,
0.5203088032607892,
-0.19150442032067852
],
[
-0.2295255177313381,
0.5424845541641201,
-0.8081018161120027,
0.22552883514213107
],
[
-0.9611075744998887,
0.004693207126549415,
0.2761343948982238,
0.14368976163569325
],
[
0.0,
0.0,
0.0,
1.0
]
],
"at_element": 5,
"to_element": 8
},
{
"pose": [
[
0.49848174989934346,
-0.8400526663848071,
0.21407349839964884,
-0.22174632258485977
],
[
-0.7752690105397819,
-0.5424845541641197,
-0.32352506825596106,
0.20599938714042187
],
[
0.3879096625684336,
-0.004693207126549304,
-0.9216854493225506,
0.14352080614408402
],
[
0.0,
0.0,
0.0,
1.0
]
],
"at_element": 8,
"to_element": 5
},
{
"pose": [
[
-0.8443245535528565,
0.12804217085435204,
0.5203088032607897,
-0.15351303075951295
],
[
-0.5352735849763954,
-0.24587322754419882,
-0.8081018161120025,
0.16652366223597803
],
[
0.024458893971064655,
-0.9608077635301996,
0.2761343948982242,
0.16385226763610966
],
[
0.0,
0.0,
0.0,
1.0
]
],
"at_element": 5,
"to_element": 14
},
{
"pose": [
[
-0.13626201932189463,
-0.128042170854352,
-0.9823634075907066,
-0.15812254883433563
],
[
-0.963956073476729,
0.2458732275441986,
0.10166142033399889,
0.1753750982817568
],
[
0.22851991269394212,
0.9608077635301995,
-0.15693021073856173,
0.19844134655340043
],
[
0.0,
0.0,
0.0,
1.0
]
],
"at_element": 14,
"to_element": 5
},
{
"pose": [
[
-0.965968976839447,
0.14517738483210033,
0.2140734983996486,
-0.22918421166205688
],
[
0.07012009133494593,
0.9436178797591508,
-0.3235250682559602,
0.21724012263252904
],
[
-0.24897210400952743,
-0.2975043259049474,
-0.9216854493225508,
0.17554435967769125
],
[
0.0,
0.0,
0.0,
1.0
]
],
"at_element": 8,
"to_element": 14
},
{
"pose": [
[
0.11783744040027266,
-0.14517738483209996,
-0.9823634075907066,
-0.234410596323889
],
[
-0.31504008096513353,
-0.9436178797591515,
0.10166142033399912,
0.18326988670971386
],
[
-0.9417346149661243,
0.29750432590494597,
-0.15693021073856195,
0.18625451296731377
],
[
0.0,
0.0,
0.0,
1.0
]
],
"at_element": 14,
"to_element": 8
},
{
"pose": [
[
0.1623954535303367,
-0.962571414912272,
-0.216988450997889,
0.014821600793565641
],
[
0.8351593121898798,
0.2511990980026334,
-0.489293303065953,
0.22856661055020072
],
[
0.5254870502069517,
-0.10176091762779238,
0.8446940722583214,
-0.19431881191723835
],
[
0.0,
0.0,
0.0,
1.0
]
],
"at_element": 6,
"to_element": 23
},
{
"pose": [
[
0.22472190193439,
0.962571414912272,
-0.1515134910982412,
0.04947466126738596
],
[
0.5298246861721997,
-0.2511990980026322,
-0.8100523532989667,
0.21952331526924984
],
[
-0.8177932921671102,
0.10176091762779221,
-0.5664440368915795,
-0.19065536712987297
],
[
0.0,
0.0,
0.0,
1.0
]
],
"at_element": 23,
"to_element": 6
},
{
"pose": [
[
0.9110235655150634,
-0.38350974575810276,
-0.1515134910982398,
0.07613830968034219
],
[
-0.3367815176869901,
-0.4799931189707338,
-0.8100523532989671,
0.36207795504351864
],
[
0.23793753890605107,
0.7890037266384123,
-0.5664440368915795,
-0.09097140805919376
],
[
0.0,
0.0,
0.0,
1.0
]
],
"at_element": 23,
"to_element": 25
},
{
"pose": [
[
0.7734133263609381,
0.38350974575810304,
-0.5047297311590276,
0.08994466159917006
],
[
0.2999836493905813,
0.47999311897073427,
0.8243885102541492,
0.3793577086675783
],
[
0.5584278258697518,
-0.7890037266384119,
0.2561864216641473,
-0.11937554442267344
],
[
0.0,
0.0,
0.0,
1.0
]
],
"at_element": 25,
"to_element": 23
},
{
"pose": [
[
0.24939619380546574,
-0.11105469675725022,
-0.9620126781095465,
-0.42624280958146155
],
[
-0.07710287393269527,
0.9879718884816836,
-0.13403989854239162,
0.6392004368446167
],
[
0.9653272426212086,
0.10760298275647817,
0.2378337922904219,
-0.4711106790169677
],
[
0.0,
0.0,
0.0,
1.0
]
],
"at_element": 7,
"to_element": 24
},
{
"pose": [
[
0.7368446392651133,
0.11105469675725098,
-0.6668784236383869,
-0.4222448403679932
],
[
0.15450949250616192,
-0.987971888481683,
0.006193891783424235,
0.6036334477009176
],
[
-0.6581692748159498,
-0.10760298275648081,
-0.7451407946087472,
-0.47498438652236125
],
[
0.0,
0.0,
0.0,
1.0
]
],
"at_element": 24,
"to_element": 7
},
{
"pose": [
[
0.253092978512818,
0.9434598462629163,
0.21407349839964868,
-0.2953057979703302
],
[
0.9297081265729777,
-0.17599525446482622,
-0.32352506825596195,
0.31716837570213796
],
[
-0.2675569913339476,
0.28090779429452484,
-0.9216854493225497,
0.4602283791478974
],
[
0.0,
0.0,
0.0,
1.0
]
],
"at_element": 8,
"to_element": 20
},
{
"pose": [
[
0.0500009944628752,
-0.9434598462629165,
0.3276940936945273,
-0.3292703498223805
],
[
-0.7621655941056193,
0.17599525446482622,
0.6230002227668057,
0.3235042043753591
],
[
-0.6454482997997222,
-0.28090779429452506,
-0.7102726964977839,
0.45011569933141826
],
[
0.0,
0.0,
0.0,
1.0
]
],
"at_element": 20,
"to_element": 8
},
{
"pose": [
[
0.0034078392518155365,
0.16915439563178497,
0.9855836732972394,
-0.2735022125607879
],
[
0.7025731122633303,
0.7009478409957297,
-0.12273200938648016,
0.44318545678825794
],
[
-0.7116034067907853,
0.6928628397034082,
-0.1164546126260253,
0.36738109389369245
],
[
0.0,
0.0,
0.0,
1.0
]
],
"at_element": 9,
"to_element": 20
},
{
"pose": [
[
0.9295178166104009,
-0.16915439563178838,
0.3276940936945272,
-0.27959177205107255
],
[
-0.34719280902106897,
-0.7009478409957264,
0.6230002227668054,
0.41795132934281115
],
[
0.12431324132164165,
-0.6928628397034107,
-0.7102726964977839,
0.3424380265543972
],
[
0.0,
0.0,
0.0,
1.0
]
],
"at_element": 20,
"to_element": 9
},
{
"pose": [
[
-0.12444743210922482,
0.11461962995638955,
0.9855836732972398,
-0.7627631509533416
],
[
-0.059581447685686545,
0.990649738789465,
-0.12273200938647796,
0.504111768485714
],
[
-0.9904357060067543,
-0.07399618547617873,
-0.11645461262602375,
0.42519119626981633
],
[
0.0,
0.0,
0.0,
1.0
]
],
"at_element": 9,
"to_element": 10
},
{
"pose": [
[
0.9821715013412488,
-0.1146196299563907,
-0.14900161872186982,
-0.766889456429723
],
[
-0.12418051046520569,
-0.990649738789465,
-0.05650040581239994,
0.46844838827851915
],
[
-0.1411323590594246,
0.07399618547617841,
-0.9872214654074825,
0.42785505817093966
],
[
0.0,
0.0,
0.0,
1.0
]
],
"at_element": 10,
"to_element": 9
},
{
"pose": [
[
-0.016733607421167696,
0.16835916759295708,
0.98558367329724,
-0.6490615723499662
],
[
0.614224232736066,
0.7795289897058024,
-0.12273200938647602,
0.4899528253229065
],
[
-0.7889541040532492,
0.6033156262651065,
-0.11645461262602308,
0.41175644318900906
],
[
0.0,
0.0,
0.0,
1.0
]
],
"at_element": 9,
"to_element": 21
},
{
"pose": [
[
0.5400730195029158,
-0.1683591675929573,
0.8246067694922288,
-0.655122503674173
],
[
-0.5849583248579039,
-0.7795289897058046,
0.2239605152424934,
0.46188977571661427
],
[
0.6050990760069281,
-0.603315626265104,
-0.5194856719101189,
0.3900370760176628
],
[
0.0,
0.0,
0.0,
1.0
]
],
"at_element": 21,
"to_element": 9
},
{
"pose": [
[
-0.9511363751851709,
-0.2704405912910933,
-0.14900161872186976,
-0.7633134870919481
],
[
-0.26485770442307,
0.9626308225642766,
-0.05650040581240084,
0.46980437165970723
],
[
0.1587135539497346,
-0.014275364490902144,
-0.9872214654074822,
0.4515479127867007
],
[
0.0,
0.0,
0.0,
1.0
]
],
"at_element": 10,
"to_element": 21
},
{
"pose": [
[
0.4968758016745375,
0.2704405912910934,
0.8246067694922287,
-0.7535776317779294
],
[
0.15226157447479063,
-0.9626308225642766,
0.22396051524249116,
0.4351496833063124
],
[
0.8543599069764122,
0.01427536449090222,
-0.5194856719101195,
0.45206182559311336
],
[
0.0,
0.0,
0.0,
1.0
]
],
"at_element": 21,
"to_element": 10
},
{
"pose": [
[
0.9344609477127745,
0.3559263174763631,
-0.009959604784253104,
-0.8606116888854766
],
[
0.3481339479378422,
-0.919158498428726,
-0.18425636775824636,
0.36950981564297414
],
[
-0.07473614582620074,
0.16871310350404176,
-0.9828277556179821,
0.5336369492900858
],
[
0.0,
0.0,
0.0,
1.0
]
],
"at_element": 12,
"to_element": 21
},
{
"pose": [
[
-0.43970459655921856,
-0.35592631747636355,
0.8246067694922289,
-0.8734250351383932
],
[
-0.3240205894361787,
0.9191584984287255,
0.22396051524249036,
0.4025995185488581
],
[
-0.837657761491008,
-0.1687131035040412,
-0.5194856719101197,
0.5275632781214877
],
[
0.0,
0.0,
0.0,
1.0
]
],
"at_element": 21,
"to_element": 12
},
{
"pose": [
[
0.2807060731462777,
0.8607142861763164,
0.4247058017861195,
0.2150900578762137
],
[
-0.9559589957138692,
0.21120706625145225,
0.2037988559319832,
-0.9781175959261016
],
[
0.08571172039182981,
-0.4632089083096834,
0.8820946707978822,
-0.19534889509798398
],
[
0.0,
0.0,
0.0,
1.0
]
],
"at_element": 11,
"to_element": 13
},
{
"pose": [
[
0.50860439761844,
-0.8607142861763171,
0.022191987184047246,
0.18410433731847994
],
[
-0.31708468126442324,
-0.2112070662514527,
-0.9245803805364323,
-0.9857210518461369
],
[
0.8004866467534753,
0.4632089083096825,
-0.3803401577955312,
-0.17867337103238648
],
[
0.0,
0.0,
0.0,
1.0
]
],
"at_element": 13,
"to_element": 11
},
{
"pose": [
[
-0.820242714744353,
0.38317994576702846,
0.4247058017861203,
0.2971055101011083
],
[
-0.32576513600477147,
-0.9232242969531332,
0.20379885593198438,
-0.938761751805575
],
[
0.47019034982930785,
0.028810183570573106,
0.8820946707978815,
-0.02500652391679037
],
[
0.0,
0.0,
0.0,
1.0
]
],
"at_element": 11,
"to_element": 17
},
{
"pose": [
[
-0.6320523171550421,
-0.3831799457670288,
0.6735599435394884,
0.283311015640831
],
[
-0.2848201143001183,
0.923224296953133,
0.2579426292908188,
-0.9055256375709942
],
[
-0.720685348032697,
-0.028810183570572218,
-0.6926634120939408,
-0.026043691759351402
],
[
0.0,
0.0,
0.0,
1.0
]
],
"at_element": 17,
"to_element": 11
},
{
"pose": [
[
-0.09734935514753706,
-0.9946178866483142,
0.03547340710447,
0.6152727088008995
],
[
-0.8916923388596902,
0.07133348982704424,
-0.44698580072305416,
-0.30539533511715033
],
[
0.44204963055215146,
-0.07514514480880163,
-0.8938374188522038,
-0.5385548014616038
],
[
0.0,
0.0,
0.0,
1.0
]
],
"at_element": 0,
"to_element": 15
},
{
"pose": [
[
0.03568676007578031,
0.9946178866483144,
-0.09727134580406777,
0.6510789491767804
],
[
-0.4450296930220921,
-0.0713334898270428,
-0.8926702109725391,
-0.30796334049678886
],
[
-0.8948044632677892,
0.07514514480880313,
0.4400888316325555,
-0.5358495765162015
],
[
0.0,
0.0,
0.0,
1.0
]
],
"at_element": 15,
"to_element": 0
},
{
"pose": [
[
0.7693621077768804,
0.6313637876870841,
-0.09727134580406721,
0.5993269801615386
],
[
-0.3479530443710767,
0.2864761305155141,
-0.8926702109725391,
-0.7828970500820893
],
[
-0.5357337267990652,
0.7206324959660622,
0.44008883163255574,
-0.30170597142536193
],
[
0.0,
0.0,
0.0,
1.0
]
],
"at_element": 15,
"to_element": 17
},
{
"pose": [
[
0.38431337480823824,
-0.6313637876870852,
0.673559943539489,
0.5765978819584586
],
[
-0.922711778747511,
-0.28647613051551457,
0.2579426292908217,
-0.7932101916184117
],
[
0.030103210860422502,
-0.7206324959660609,
-0.692663412093939,
-0.3276487433875404
],
[
0.0,
0.0,
0.0,
1.0
]
],
"at_element": 17,
"to_element": 15
},
{
"pose": [
[
0.8877829880429753,
0.41689670272949975,
0.1950346261430456,
0.7999055825665888
],
[
0.42206858573331596,
-0.9064175283581895,
0.016290279988671517,
-0.746072107615931
],
[
0.18357416778666039,
0.06785575538082178,
-0.9806610634582842,
-0.5394131183714266
],
[
0.0,
0.0,
0.0,
1.0
]
],
"at_element": 16,
"to_element": 17
},
{
"pose": [
[
-0.6103393660188974,
-0.41689670272950147,
0.6735599435394894,
0.7848972900716112
],
[
-0.33447401136646243,
0.906417528358189,
0.25794262929081563,
-0.7134410522511179
],
[
-0.7180619708688645,
-0.06785575538081708,
-0.692663412093941,
-0.5418559273875578
],
[
0.0,
0.0,
0.0,
1.0
]
],
"at_element": 17,
"to_element": 16
},
{
"pose": [
[
-0.22989532579734973,
-0.972568648767238,
0.03547340710446786,
0.59380441239155
],
[
-0.8740633847628045,
0.19030736551421568,
-0.44698580072305216,
-0.0348821692283234
],
[
0.42797352557549617,
-0.13376595256681534,
-0.8938374188522054,
0.0023903238029476803
],
[
0.0,
0.0,
0.0,
1.0
]
],
"at_element": 0,
"to_element": 18
},
{
"pose": [
[
-0.005224994261892935,
0.9725686487672384,
-0.2325573539366833,
0.628816885648433
],
[
-0.5927777106435582,
-0.1903073655142158,
-0.7825584274641868,
-0.041733234758864673
],
[
-0.8053491697389062,
0.13376595256681462,
0.5775113719527498,
0.0072058983568504265
],
[
0.0,
0.0,
0.0,
1.0
]
],
"at_element": 18,
"to_element": 0
},
{
"pose": [
[
0.49460294441484076,
0.8683948207840548,
0.03547340710446792,
0.6041974610727929
],
[
0.7850341210773761,
-0.42886492360211004,
-0.4469858007230521,
-0.16584069748747998
],
[
-0.37294685428414787,
0.2489283281171228,
-0.8938374188522054,
-0.2594874197103737
],
[
0.0,
0.0,
0.0,
1.0
]
],
"at_element": 0,
"to_element": 19
},
{
"pose": [
[
-0.3458463198587074,
-0.8683948207840553,
0.35536004034727575,
0.5729352386635006
],
[
-0.8835670142337262,
0.42886492360211004,
0.18810690753360082,
-0.15040155586168333
],
[
-0.3157525208106613,
-0.2489283281171209,
-0.915606374520475,
-0.2684488420626449
],
[
0.0,
0.0,
0.0,
1.0
]
],
"at_element": 19,
"to_element": 0
},
{
"pose": [
[
-0.9497651503810802,
0.20943551812329397,
-0.23255735393668286,
0.6623265956408578
],
[
0.054863263349719305,
-0.6201550853934834,
-0.7825584274641866,
0.07102736176732644
],
[
-0.3081171554071982,
-0.7560055778954469,
0.5775113719527503,
-0.07600900869241445
],
[
0.0,
0.0,
0.0,
1.0
]
],
"at_element": 18,
"to_element": 22
},
{
"pose": [
[
-0.3559225148211338,
-0.2094355181232942,
-0.9107447102189651,
0.6547869165833065
],
[
-0.7684634828743855,
0.6201550853934836,
0.15770715123027873,
0.09335294604106276
],
[
0.5317734846078436,
0.7560055778954466,
-0.38167070526699187,
-0.04879280642583075
],
[
0.0,
0.0,
0.0,
1.0
]
],
"at_element": 22,
"to_element": 18
},
{
"pose": [
[
-0.907639047310357,
0.26231267745816195,
0.32769409369452707,
-0.1769835647654677
],
[
0.4163167287049872,
0.6622319109140619,
0.6230002227668046,
0.6130263619011473
],
[
-0.05358862937158643,
0.7018838617690539,
-0.7102726964977848,
0.12003606852738488
],
[
0.0,
0.0,
0.0,
1.0
]
],
"at_element": 20,
"to_element": 21
},
{
"pose": [
[
0.5012142605237009,
-0.2623126774581624,
0.8246067694922288,
-0.18642682790099707
],
[
-0.7150458613120045,
-0.6622319109140629,
0.22396051524249158,
0.589185996074744
],
[
0.48733323431534337,
-0.7018838617690527,
-0.5194856719101191,
0.09476823145030026
],
[
0.0,
0.0,
0.0,
1.0
]
],
"at_element": 21,
"to_element": 20
},
{
"pose": [
[
-0.5408519698940855,
-0.16583974906299462,
0.8246067694922289,
-0.018196762912191355
],
[
0.04291188929417605,
0.9736530477380139,
0.22396051524248928,
0.6348767342885123
],
[
-0.8400224499493399,
0.1565149202510734,
-0.5194856719101197,
-0.011213324340233907
],
[
0.0,
0.0,
0.0,
1.0
]
],
"at_element": 21,
"to_element": 24
},
{
"pose": [
[
0.7264780421432592,
0.16583974906299392,
-0.6668784236383872,
-0.012226535222104776
],
[
0.22795038568743636,
-0.9736530477380145,
0.006193891783426192,
0.5998252438045593
],
[
-0.6482810161871516,
-0.1565149202510706,
-0.7451407946087472,
-0.016847858377304237
],
[
0.0,
0.0,
0.0,
1.0
]
],
"at_element": 24,
"to_element": 21
},
{
"pose": [
[
-0.6879067234131186,
0.709808426195583,
-0.1515134910982406,
0.12250231964620693
],
[
0.49792677314861705,
0.30965160018415694,
-0.8100523532989684,
0.6099586890230011
],
[
-0.5280655910631109,
-0.632683083862008,
-0.5664440368915773,
0.08236376349009991
],
[
0.0,
0.0,
0.0,
1.0
]
],
"at_element": 23,
"to_element": 24
},
{
"pose": [
[
0.22681526885844716,
-0.7098084261955828,
-0.6668784236383871,
0.09694921695160598
],
[
-0.9508299123439308,
-0.30965160018415583,
0.0061938917834249985,
0.5988112316992513
],
[
-0.2108964475867326,
0.6326830838620087,
-0.7451407946087469,
0.10514035393114948
],
[
0.0,
0.0,
0.0,
1.0
]
],
"at_element": 24,
"to_element": 23
}
],
"nstatus": 0,
"opt_line_pos": [
[
0.5945035759312098,
-0.04369204118933474,
-0.015226775445642993
],
[
0.20267127883732405,
-0.15949480152590922,
0.1612076780781031
],
[
0.3668160500575116,
-0.2997566894734405,
0.4585348041552315
],
[
0.43265864622867484,
-0.7626403197245395,
0.4579792234010931
],
[
-0.7626500010670725,
0.5727333206734215,
-0.33259586212976533
],
[
-0.15928994980316702,
0.17549590860477338,
0.1607863843865889
],
[
0.024058520273626982,
0.24939519760987508,
-0.23027635295158166
],
[
-0.4543863743269867,
0.6352791157966191,
-0.4641528801393555
],
[
-0.2948265420111658,
0.3164440855958901,
0.4581649605212803
],
[
-0.7623973193477411,
0.5040662124875083,
0.42514797033266777
],
[
-0.7623973193477411,
0.47015177627036825,
0.4576180512909236
],
[
0.2922033042451915,
-0.9411141188812714,
-0.035188182943986845
],
[
-0.8613820356485572,
0.355258115946619,
0.4576180512909236
],
[
0.1642730681890271,
-0.15949480152590922,
0.1612073240774126
],
[
-0.15928994980316702,
0.17549590860477338,
0.19825485703369775
],
[
0.6351088854617899,
-0.45452243277480875,
-0.4635955470964319
],
[
0.6015434269309325,
-0.7626403197245395,
0.4579792234010931
],
[
0.2922033042451915,
-0.9021202980388239,
-0.035188182943986845
],
[
0.6378502718544788,
-0.011335776306509615,
-0.015226775445642993
],
[
0.29078239980073844,
-0.2997568348582574,
0.4585348041552315
],
[
-0.3329839267044867,
0.3164440855958901,
0.45816482904250844
],
[
-0.7623973193477411,
0.432754284862483,
0.4576180512909236
],
[
0.6364944771126488,
0.09652051702511615,
-0.05645871784478489
],
[
0.12752078293138594,
0.636789421815422,
0.10112564787177385
],
[
-0.011154382781455752,
0.599815285773294,
-0.015649882114692204
],
[
0.3075989222805124,
0.023857208822789744,
-0.2298506418096749
]
],
"opt_line_orient": [
[
0.035473407104468106,
-0.4469858007230524,
-0.8938374188522051
],
[
0.3471342219540007,
0.3652402706288191,
-0.8637692843921794
],
[
-0.15308311940586594,
0.46664993967612756,
-0.8710932167990036
],
[
-0.4565998101621068,
0.8538387646218025,
0.24995195016051025
],
[
-0.34109400816138374,
-0.769245551882725,
0.5402926600510539
],
[
0.5203088032607897,
-0.8081018161120024,
0.27613439489822433
],
[
-0.21698845099789024,
-0.4892933030659516,
0.8446940722583218
],
[
-0.9620126781095465,
-0.13403989854238998,
0.23783379229042226
],
[
0.21407349839964845,
-0.3235250682559617,
-0.9216854493225501
],
[
0.98558367329724,
-0.12273200938647695,
-0.11645461262602366
],
[
-0.14900161872186976,
-0.056500405812400685,
-0.9872214654074822
],
[
0.4247058017861204,
0.20379885593198435,
0.8820946707978816
],
[
-0.00995960478425316,
-0.18425636775824594,
-0.982827755617982
],
[
0.02219198718404727,
-0.9245803805364322,
-0.3803401577955307
],
[
-0.9823634075907065,
0.101661420333999,
-0.1569302107385617
],
[
-0.0972713458040672,
-0.892670210972539,
0.44008883163255613
],
[
0.1950346261430458,
0.01629027998867081,
-0.9806610634582844
],
[
0.6735599435394882,
0.2579426292908196,
-0.6926634120939407
],
[
-0.23255735393668278,
-0.7825584274641866,
0.5775113719527504
],
[
0.35536004034727464,
0.1881069075336024,
-0.915606374520475
],
[
0.3276940936945273,
0.6230002227668058,
-0.7102726964977839
],
[
0.8246067694922287,
0.22396051524249125,
-0.5194856719101195
],
[
-0.9107447102189651,
0.15770715123027831,
-0.3816707052669923
],
[
-0.15151349109824,
-0.8100523532989675,
-0.5664440368915787
],
[
-0.666878423638387,
0.006193891783425291,
-0.7451407946087474
],
[
-0.5047297311590276,
0.8243885102541492,
0.25618642166414746
]
],
"opt_edge_ids": [
[
14,
12
],
[
0,
1
],
[
2,
0
],
[
3,
2
],
[
4,
5
],
[
6,
0
],
[
7,
6
],
[
8,
4
],
[
9,
6
],
[
10,
9
],
[
10,
4
],
[
11,
3
],
[
10,
5
],
[
0,
11
],
[
6,
5
],
[
12,
13
],
[
3,
13
],
[
11,
13
],
[
14,
3
],
[
2,
14
],
[
9,
15
],
[
10,
15
],
[
14,
1
],
[
15,
7
],
[
15,
8
],
[
1,
7
]
]
}