{
"line_pt_pairs": [
[
[
2.137238505609128,
2.865702823431403,
-4.628439673655876
],
[
2.740554237075201,
2.071623757246045,
-4.702254067995652
]
],
[
[
0.7254476725747854,
1.3939625459360032,
-1.1982334205736584
],
[
-0.14829522625250713,
1.2080138635097235,
-1.647673554799353
]
],
[
[
1.2585371390676146,
0.535391462859817,
-1.1515926186441379
],
[
1.337032717013346,
-0.34096984217119897,
-1.626807630283396
]
],
[
[
1.2470811232608958,
0.1861237613884364,
-1.1505842646466633
],
[
1.8325894646862801,
1.9376615552295304,
-1.9182400070648187
]
],
[
[
2.044499119530613,
1.9546554628181756,
-1.7678617089290871
],
[
0.28194860966952917,
1.113276514889252,
-1.3371678894117298
]
],
[
[
-3.0168841284485093,
-0.11296384775493667,
2.965454826950312
],
[
-1.968592652843667,
-0.9206979132490577,
1.4659046738662072
]
],
[
[
-2.754093976642644,
-0.2212777065721382,
2.728222123814189
],
[
-3.0271490286258853,
0.33881258124884345,
0.8277643347341364
]
],
[
[
-1.5944679302827878,
0.0945545804238091,
2.4156514842327437
],
[
-2.3524824703248424,
0.4903318824973565,
0.6076762951750461
]
],
[
[
-0.9617569702644705,
-0.6969617992738156,
1.2339532467740784
],
[
-2.4400327055994504,
0.47411541222334574,
0.568161225920826
]
],
[
[
-1.908000484044518,
-0.8542679389526286,
1.81831108057404
],
[
-3.2049353298371814,
0.38971347733507233,
0.9405467376552781
]
],
[
[
-1.7533357400232366,
0.2869054177293035,
2.4653841428922636
],
[
-0.907533790389157,
-0.6656399071183603,
0.923542235916698
]
],
[
[
0.299246099998198,
-1.6131869750550158,
2.4559222058760226
],
[
-0.6349848494147523,
-0.8515255201784386,
0.8599634465986181
]
],
[
[
0.009188563822686666,
-1.509688834272492,
2.32061758269605
],
[
0.21653543009766407,
-2.226127519804903,
0.4648905319370924
]
],
[
[
-0.6454781624514239,
-0.8004194651157432,
1.3750405827235124
],
[
0.37412709299055585,
-2.3093984180228744,
0.5483679493562323
]
],
[
[
-0.05669694543614126,
-3.115083800591086,
2.939299800090858
],
[
-0.759838049591538,
-1.9980333524740006,
1.4367050829403727
]
],
[
[
-0.9718400196606819,
-1.9400860872647387,
1.7857055701757765
],
[
0.19983026792386105,
-3.323287459305142,
0.9407542688707237
]
],
[
[
-0.1297711354207182,
-2.740952833476265,
2.7798446629445737
],
[
0.05180722559174375,
-3.1139311927921414,
0.8233384804104971
]
],
[
[
-0.18208113669339387,
0.9156518499874491,
0.4650847501421631
],
[
0.20157357487314012,
0.9377201095729274,
-1.4976485619029725
]
],
[
[
0.8921968428566862,
0.0678600077762121,
0.49278343546631254
],
[
0.7918354031745644,
0.318793355511954,
-1.4888724469762133
]
],
[
[
-0.23396026279513998,
1.1501439142117067,
0.07278643118286962
],
[
1.1468712370567555,
-0.28307784164846905,
0.2707252286578461
]
],
[
[
0.7801514871668294,
1.7982127681818507,
-2.9815734660512376
],
[
2.123688427319757,
1.7256684037517773,
-1.5018282833816181
]
],
[
[
2.0179486705017506,
2.2233721499109658,
-1.6029663798803213
],
[
1.647692141188571,
0.6515683928499021,
-2.7829422490359934
]
],
[
[
2.7379854275343876,
3.05242213669061,
-3.152996247771751
],
[
2.2087405878935154,
1.2199297289900075,
-3.7545537890204317
]
],
[
[
1.2338679710487275,
2.2347600201001288,
-3.670814032870718
],
[
3.0825641025951054,
2.831544733445552,
-3.1952400437557973
]
],
[
[
2.0140722356112133,
2.051937172284157,
-1.7337858166342182
],
[
1.59059199227175,
2.294920437160038,
-3.673276372551263
]
],
[
[
1.8737369777257584,
2.1367800344516197,
-1.4733754216700168
],
[
2.4154181991269597,
1.521530113735337,
-4.359211347262446
]
],
[
[
0.6031879371701434,
1.460239068294556,
-1.201205744123005
],
[
-0.015485017628021902,
0.67461814344821,
-1.1946074530655275
]
],
[
[
1.6154617603488637,
0.5296924548894015,
-1.2281353213617356
],
[
0.6385310157439033,
0.31751383664677585,
-1.252354202554881
]
],
[
[
1.1840746558712847,
1.4939631026555342,
-0.04694683100971797
],
[
1.512052336861524,
0.2561325860340331,
-1.5832431087155556
]
],
[
[
1.4493813456325988,
1.2683495457196488,
-0.04712917735052358
],
[
0.12966227235400418,
1.149640406999851,
-1.5452111871247187
]
],
[
[
1.4441333560569958,
2.789697084896197,
-3.566541672678063
],
[
2.4877949287355148,
1.0864073218044543,
-3.6643910705355647
]
],
[
[
0.8041860414277161,
2.2097135641577403,
-2.6779160589691404
],
[
2.117486655279638,
0.7054633991688002,
-2.566233747088918
]
],
[
[
0.22807174546928263,
1.5676923970680723,
-1.232354119312495
],
[
1.6974649845176688,
0.24057182749130468,
-1.5145499783273446
]
],
[
[
2.0573689045247603,
2.898220446795707,
-5.012884471135603
],
[
2.661624258622817,
2.7653974253646227,
-3.1109818679453793
]
],
[
[
2.649033845469314,
2.9091025170910685,
-3.0204009821220574
],
[
2.5309052578832794,
2.1911137573476305,
-4.88333892464108
]
],
[
[
0.9736481489538015,
0.38108918639910955,
0.48258380339633966
],
[
0.6651774536447772,
-1.1306931438953023,
-0.7899569684240233
]
],
[
[
0.2859607316153137,
1.0207310856446532,
0.3850738677029983
],
[
-1.4704183155045563,
0.7411140299622091,
-0.5297741770616934
]
],
[
[
-0.06722721265347334,
0.017936909952667224,
0.32705960611944396
],
[
0.9550034652660226,
-1.4595306393119702,
-0.5516519973035415
]
],
[
[
-0.08010867873232114,
-0.03339267171949073,
0.3539231822995582
],
[
-1.3950284563784707,
1.1267956316534258,
-0.6078195478895889
]
],
[
[
0.23142677333345898,
-1.1016808200250034,
1.467510462705274
],
[
0.7477077895311086,
-0.9723504549680444,
-0.4603711646225441
]
],
[
[
0.6404706351162855,
0.12836338975306677,
0.6719330278133786
],
[
1.4650737753169274,
-0.33605632772529603,
-2.1748799248037334
]
],
[
[
0.7917968876456752,
0.3522217668036678,
-1.2024976188159366
],
[
1.379657410665439,
-0.2585495253981972,
-1.7329487797129548
]
],
[
[
0.4628338922824096,
0.9772684769732017,
-1.088418480809331
],
[
-0.21116597992515623,
1.3569211405054542,
-1.7221282151018154
]
],
[
[
-0.04455975615896152,
1.3887826982792946,
-1.0987095900994013
],
[
1.2981124386803402,
-0.0698409244791729,
-1.3626196208605994
]
],
[
[
0.02016696250786694,
0.8978244385205711,
0.35119694307236826
],
[
0.05350644442341234,
1.192360167596283,
-1.6267153864416173
]
],
[
[
-1.2100897590626698,
0.216027842514265,
1.4867501906519602
],
[
-1.1347416701503767,
0.7770508611502793,
-0.43147186063871334
]
],
[
[
1.317273170083686,
0.2666403521786216,
-1.0062415860378562
],
[
1.8515474733114325,
1.1739358768795638,
-2.7066432444021817
]
],
[
[
0.859779383082439,
-0.0779550721793126,
0.48501103835239
],
[
1.4696550666232437,
0.39891741718831397,
-1.3590725496419176
]
],
[
[
0.5128380303972401,
1.1428803205443248,
-0.8816628971845335
],
[
0.8944600028924307,
1.9848597499371756,
-2.6552004103452136
]
],
[
[
0.05002632533146005,
0.7885175576754935,
0.3515252004491064
],
[
0.4590494815621091,
1.3411976905363514,
-1.5265708376724862
]
],
[
[
-0.14879396085411203,
0.7785856828287459,
0.3079658477412549
],
[
1.5406065740615291,
1.4640971497060522,
-0.5142262596195919
]
],
[
[
0.6965988973007251,
-0.27950288680004376,
0.15774661989150698
],
[
1.1706697536018953,
1.5987286243444105,
-0.33975032859149296
]
],
[
[
2.758721453231098,
2.7552464464094415,
-3.235555314265459
],
[
3.241788557959689,
3.436818871859116,
-5.05272487190057
]
],
[
[
1.9515172160583074,
1.9322066031265752,
-1.6478446285462487
],
[
2.5774953314488345,
2.533331428179978,
-3.4497326227780327
]
],
[
[
1.2306796027089475,
1.265814212259087,
-0.18594212998199872
],
[
1.9843805775335486,
1.8402317929308012,
-1.9471858052193864
]
],
[
[
0.852906786439064,
0.1916223630766053,
-1.147458504877231
],
[
1.795694430317727,
0.8598029908862124,
-2.7798451340707198
]
],
[
[
0.13016668153236163,
-0.310530073354751,
0.24707475919857413
],
[
1.0671395477775025,
0.18193525039564845,
-1.4498518016236024
]
],
[
[
0.3580485565734067,
1.101371306108387,
-1.0990023733561283
],
[
1.0493269306939321,
1.791191330456285,
-2.8443626638067703
]
],
[
[
-0.49698206322859007,
0.22537690378496916,
0.2463623836664508
],
[
0.4774913372809702,
1.118310599808773,
-1.254660936007365
]
],
[
[
1.3084767175183463,
-0.2984897321637202,
-1.4272627894260068
],
[
1.9025386859775528,
1.1586814752228674,
-2.6616624208233466
]
],
[
[
0.7102581079304596,
-1.3039734007552697,
-0.3186819954132723
],
[
1.341801280942623,
-0.12941847644986204,
-1.809176527577563
]
],
[
[
0.11629649708256731,
-2.2396884416830045,
0.7387759387336652
],
[
0.7597601732951663,
-0.8502550280736916,
-0.5478589304273329
]
],
[
[
2.2579159916589377,
1.5370836333570577,
-3.255754226636857
],
[
2.873173771947804,
2.24059914493371,
-5.0239521196242505
]
],
[
[
1.8382327711882998,
0.8156208697894965,
-2.4156175238591024
],
[
2.3566585194302934,
1.7160901545062015,
-4.124532328886408
]
],
[
[
1.460579208274183,
2.2114390736807663,
-3.395433502944539
],
[
2.2015164887048133,
2.9463959295274513,
-5.101554942500357
]
],
[
[
0.7141209196511902,
1.7745369483969586,
-2.302766464304533
],
[
1.7881719653994887,
2.5169798407880686,
-3.8177558710876003
]
],
[
[
-0.09265171073827197,
1.2185677060461135,
-1.4062490064445854
],
[
1.264454520374666,
1.880852931125803,
-2.717599820725639
]
],
[
[
-1.2852403496373552,
0.8487880289497611,
-0.3217986755352341
],
[
-0.03812311271792068,
1.3309175426813546,
-1.8091620236675496
]
],
[
[
-2.3370579419719912,
0.25557286943603474,
0.8304202381053455
],
[
-1.0194879085020232,
0.900781644473923,
-0.5288865129689132
]
],
[
[
-2.8769542292421106,
-0.22135260670278703,
2.8707709538167125
],
[
-3.5473877444341695,
-0.32740628735152133,
2.1364198671231094
]
],
[
[
-3.169519000732635,
0.0018572881906804423,
2.70160939585343
],
[
-1.3234054958493182,
-0.7609808783448861,
2.601895511343343
]
],
[
[
-3.166390924594338,
-0.31116639724390416,
2.799917803037559
],
[
-1.3583997571979836,
0.05713997121346226,
2.0282194438514605
]
],
[
[
-1.5787773051099925,
0.1731990041011146,
2.216983964606661
],
[
-1.8873268167440838,
-0.49826088522505274,
2.8907337815984393
]
],
[
[
-1.6200953748571367,
0.09293581963177854,
2.147225239868524
],
[
-1.1396542737368827,
0.3509446464532954,
1.309008207330684
]
],
[
[
-2.020617897128966,
-0.3302662230645629,
3.2953808203014634
],
[
-1.2672260162517959,
-0.9123856817876215,
1.5365352871166031
]
],
[
[
-0.8047962630416059,
0.3050101761561119,
1.4865625031091423
],
[
-2.5765445765350856,
0.34769483226008846,
0.5596936160672402
]
],
[
[
-1.235485823964751,
0.32815486869752,
1.557659474123962
],
[
-0.8618405959149178,
-0.165620754989509,
0.7724366541498646
]
],
[
[
-1.3076345953912125,
0.178733178002111,
1.4315296237802835
],
[
-0.0031126602507149936,
0.7809044807420878,
0.0402668006969773
]
],
[
[
-2.547857228271184,
0.5131524465820791,
0.6959891436531443
],
[
-0.6624303078590477,
-0.14616643589258715,
0.7982825403000724
]
],
[
[
-2.058061141837269,
0.41999017065780964,
0.7161096967452256
],
[
-2.9509745871730093,
0.12246454766737394,
1.054021050213574
]
],
[
[
-0.8149700784739548,
0.04011215712149978,
0.5881435355763429
],
[
-1.1659860098630923,
-0.5279886116559441,
1.3324884371008268
]
],
[
[
-0.9485333743259239,
-0.0872309691461677,
0.7344900810010607
],
[
-0.29512465425924883,
0.22510659747465983,
0.04492334092566419
]
],
[
[
-0.8125642720830686,
-0.39585909146335657,
0.8022304253678807
],
[
-1.6918813632162348,
-0.9532233146947948,
2.509903279254925
]
],
[
[
-0.7447544615713648,
-0.34828914031463515,
1.00228924221095
],
[
-2.4891614235998425,
-0.9559818666278621,
1.7689403370465175
]
],
[
[
-1.1845623464496189,
-0.48080443861415756,
1.1451332803174392
],
[
-0.3223952853709511,
-0.9873854035893304,
1.1385238389041736
]
],
[
[
-2.1543278500464567,
-0.7234041483861843,
1.5203948601354955
],
[
-1.446843186647599,
-0.7815274306479569,
2.224729393659533
]
],
[
[
-1.6457700741169328,
-0.823728279146587,
1.7124994885343725
],
[
-3.62307927440826,
-0.5233217159650275,
1.7104444360492224
]
],
[
[
-2.471465553234485,
-0.358867387756245,
1.625412304941754
],
[
-0.3269728688486526,
-2.4533464069037096,
1.7450315549256956
]
],
[
[
-1.628118817149489,
-0.7429952621389193,
2.153635516558746
],
[
-0.9473371418948178,
-1.4338086215677297,
1.910092475040158
]
],
[
[
-3.584911140104303,
-0.14036876558355016,
2.3769982993871057
],
[
-3.2515314079598303,
-0.6884497410438167,
1.6098834458392144
]
],
[
[
-3.592960176496933,
-0.2244423035378222,
2.5173225518499756
],
[
-2.9650867260342864,
0.4155038542424185,
0.7295183552595212
]
],
[
[
-2.6822164731667506,
0.5073470491281893,
0.8155027115095917
],
[
-3.479057015100772,
-0.9948589469327576,
1.868319075425367
]
],
[
[
-0.2984802350180687,
0.1027810015537527,
0.13109279456567988
],
[
0.027661125591424363,
1.0454278251215026,
0.20214755455697275
]
],
[
[
-0.33028190209455777,
0.24399608710354972,
0.18866745936648693
],
[
0.33105224801420685,
-0.4859662292648964,
0.016063407902070725
]
],
[
[
-0.00090201909346177,
-0.31408173740582734,
0.21934103710149502
],
[
0.8432134703989691,
0.219616026691765,
0.16800160784693166
]
],
[
[
0.1451649430743277,
-0.22771512832470941,
-0.017092516804714797
],
[
-0.20397896060967963,
-0.8807335598135462,
0.6549680925573814
]
],
[
[
0.9265278322088311,
0.14732396151680993,
0.03927758146239102
],
[
0.2716611592397816,
-1.1505149953267888,
1.4128727484361137
]
],
[
[
1.808657787899523,
2.7470462823572195,
-4.633642829597367
],
[
3.544883547638002,
3.621670871054018,
-5.103272407102339
]
],
[
[
2.570902404251728,
1.8719614672114293,
-4.595312773733593
],
[
3.290587199580739,
3.6932009091088958,
-5.001687835282949
]
],
[
[
-0.31989237545475296,
-3.004240436573025,
2.81505755430428
],
[
0.1577220467470945,
-1.2571032410138692,
1.9668853526857153
]
],
[
[
-0.030650743405061964,
-3.3123156191585,
2.7128328853951715
],
[
-0.48895984933366976,
-1.3704843495815835,
2.851555932925936
]
],
[
[
-0.24285462208297884,
-2.7339480051335068,
2.7775279136714417
],
[
-0.13395308877338916,
-3.5978582068831417,
2.285796666590553
]
],
[
[
0.07875538389560993,
-1.5000424277141184,
2.033587114014691
],
[
-0.39797644277718963,
-1.723529061210199,
2.8837520921723447
]
],
[
[
-0.014550393981294037,
-1.585420276872288,
2.189158018588769
],
[
0.14543080771873035,
-1.1386092977288744,
1.3089501090472109
]
],
[
[
-0.12995438143177457,
-1.9850959380118822,
3.109781755488584
],
[
-1.1967867924807858,
-1.1888533106663128,
1.6171778947361144
]
],
[
[
-0.6247407931741243,
-2.740578522052314,
1.3871334790880105
],
[
-1.0161135409160367,
-0.9980924270162126,
2.287449857330006
]
],
[
[
-0.8978521629305098,
-2.5130439439633374,
1.7185399925000138
],
[
-0.3395576698085034,
-0.6786890121143536,
1.149814010193111
]
],
[
[
-0.750994556760874,
-1.652190638920216,
1.698339934071708
],
[
-0.5603531587921929,
-3.6298375270359813,
1.4690614062794694
]
],
[
[
-1.0219690127018148,
-1.5759900698517773,
2.451117968497146
],
[
-0.14369688256091617,
-0.7964171686040894,
0.8321972919172116
]
],
[
[
-0.5677885233698269,
-1.2252036725460096,
1.3527622441532348
],
[
-0.06293253216693045,
-0.8458580214412417,
0.5773802059717714
]
],
[
[
0.27937790993943334,
-1.0752929832879172,
1.5115198687618414
],
[
-0.17783947317082055,
-0.9342508585500766,
0.6334199976587607
]
],
[
[
0.20688923668824644,
-0.7822978703988839,
1.566008317057381
],
[
0.06069052982565552,
-2.5066438806782423,
0.5633833747457683
]
],
[
[
-0.21097062252743304,
-0.5263022824780081,
0.6222533631649714
],
[
0.23356414044229967,
-2.475933392346394,
0.5858201373290769
]
],
[
[
0.2962508885921427,
-1.622379595937053,
0.5064629466539003
],
[
0.02963879156744134,
-3.417367203586684,
1.3472586876661543
]
],
[
[
-0.3150471596854654,
-3.4762536261017,
2.4591252849645002
],
[
0.07525404691258125,
-3.0312666623685547,
0.5487191579235335
]
],
[
[
0.021893022353416308,
-3.7283988378081405,
2.753831172141708
],
[
-0.773377169280847,
-2.9332791413379935,
1.099947865924723
]
],
[
[
-0.6099688189367168,
-3.1577390278189,
1.6753125551336652
],
[
0.15227607403536958,
-2.978689552535016,
1.053280394760475
]
]
],
"contact_id_pairs": [
[
1,
32
],
[
1,
48
],
[
1,
49
],
[
4,
29
],
[
26,
29
],
[
26,
49
],
[
29,
48
],
[
1,
42
],
[
1,
66
],
[
42,
44
],
[
42,
66
],
[
42,
67
],
[
2,
3
],
[
2,
27
],
[
3,
27
],
[
27,
28
],
[
28,
46
],
[
32,
46
],
[
2,
40
],
[
2,
59
],
[
40,
41
],
[
40,
60
],
[
41,
60
],
[
3,
20
],
[
4,
53
],
[
20,
54
],
[
21,
24
],
[
21,
53
],
[
21,
54
],
[
24,
25
],
[
5,
69
],
[
5,
71
],
[
6,
70
],
[
6,
71
],
[
69,
71
],
[
5,
83
],
[
5,
86
],
[
9,
86
],
[
9,
87
],
[
85,
86
],
[
85,
87
],
[
6,
90
],
[
9,
90
],
[
9,
91
],
[
79,
91
],
[
7,
10
],
[
7,
72
],
[
10,
71
],
[
10,
72
],
[
10,
73
],
[
7,
78
],
[
8,
68
],
[
68,
75
],
[
75,
79
],
[
78,
79
],
[
8,
84
],
[
10,
80
],
[
10,
82
],
[
10,
84
],
[
83,
84
],
[
11,
99
],
[
12,
99
],
[
12,
102
],
[
12,
103
],
[
99,
102
],
[
102,
103
],
[
11,
106
],
[
11,
108
],
[
13,
106
],
[
13,
109
],
[
84,
108
],
[
106,
109
],
[
12,
61
],
[
12,
112
],
[
12,
113
],
[
13,
113
],
[
61,
111
],
[
61,
112
],
[
14,
100
],
[
14,
101
],
[
16,
100
],
[
99,
101
],
[
14,
87
],
[
14,
107
],
[
15,
105
],
[
15,
106
],
[
15,
107
],
[
87,
105
],
[
105,
107
],
[
15,
16
],
[
16,
114
],
[
16,
116
],
[
113,
116
],
[
17,
36
],
[
19,
44
],
[
19,
49
],
[
36,
92
],
[
44,
92
],
[
49,
50
],
[
77,
92
],
[
17,
26
],
[
26,
42
],
[
26,
43
],
[
26,
57
],
[
42,
58
],
[
18,
35
],
[
18,
96
],
[
19,
40
],
[
19,
47
],
[
19,
94
],
[
19,
96
],
[
35,
96
],
[
40,
51
],
[
18,
41
],
[
27,
41
],
[
27,
43
],
[
41,
55
],
[
41,
56
],
[
43,
55
],
[
20,
57
],
[
20,
66
],
[
31,
65
],
[
31,
66
],
[
48,
65
],
[
21,
46
],
[
21,
55
],
[
31,
46
],
[
31,
59
],
[
31,
63
],
[
22,
23
],
[
22,
33
],
[
22,
34
],
[
22,
53
],
[
23,
52
],
[
33,
34
],
[
22,
30
],
[
22,
62
],
[
25,
63
],
[
30,
63
],
[
23,
30
],
[
23,
64
],
[
23,
65
],
[
24,
64
],
[
30,
65
],
[
28,
29
],
[
28,
54
],
[
29,
54
],
[
50,
51
],
[
50,
54
],
[
0,
33
],
[
33,
64
],
[
33,
97
],
[
0,
34
],
[
0,
62
],
[
0,
98
],
[
35,
61
],
[
37,
60
],
[
37,
61
],
[
39,
61
],
[
36,
38
],
[
36,
45
],
[
36,
68
],
[
38,
67
],
[
38,
68
],
[
37,
56
],
[
37,
93
],
[
37,
94
],
[
93,
95
],
[
38,
58
],
[
38,
81
],
[
38,
93
],
[
92,
93
],
[
39,
96
],
[
39,
110
],
[
103,
111
],
[
110,
111
],
[
45,
75
],
[
45,
76
],
[
45,
77
],
[
73,
75
],
[
73,
76
],
[
46,
47
],
[
52,
97
],
[
52,
98
],
[
69,
89
],
[
89,
90
],
[
70,
74
],
[
72,
74
],
[
74,
82
],
[
82,
88
],
[
85,
88
],
[
76,
80
],
[
78,
80
],
[
80,
81
],
[
86,
89
],
[
89,
91
],
[
88,
104
],
[
104,
105
],
[
104,
108
],
[
95,
112
],
[
109,
110
],
[
109,
112
],
[
100,
102
],
[
100,
104
],
[
101,
115
],
[
114,
115
],
[
107,
115
],
[
115,
116
]
],
"contact_t_pairs": [
[
0.2535367018578359,
0.18024671641025838
],
[
0.15949963906553144,
0.2257434345060373
],
[
0.3573823618111418,
0.9146723704818855
],
[
0.9756537671170832,
0.8620803504421638
],
[
0.3383890214300311,
0.7818398196249637
],
[
0.30264758845263956,
0.8254840641218687
],
[
0.6717643245288888,
0.09057960212917186
],
[
0.8405003609344698,
0.7258118788235006
],
[
0.7688911681993724,
0.10009508803967103
],
[
0.5909454753325446,
0.9197739949991078
],
[
0.6796358612415633,
0.07281891158069924
],
[
0.9029704352450473,
0.9099060018143122
],
[
0.19102402287818424,
0.10112112038668045
],
[
0.11277174448229355,
0.35924704410776587
],
[
0.1521460878069258,
0.2901596353976602
],
[
0.17205683850784048,
0.7865516159323401
],
[
0.844066701059992,
0.2040298704438781
],
[
0.8197532835897418,
0.25821040644692056
],
[
0.8872282555177079,
0.7922976682395413
],
[
0.8140238385050661,
0.08027689033203474
],
[
0.8403225532064883,
0.9681494894242682
],
[
0.8159336853331148,
0.9009374141682515
],
[
0.9079399224117023,
0.9294244143052942
],
[
0.8988788796133196,
0.7563760954904025
],
[
0.024346232882917325,
0.057471757225977194
],
[
0.8349543321308802,
0.881173746054271
],
[
0.10731078274772866,
0.0019297684699069702
],
[
0.15032965909865345,
0.0696232926397079
],
[
0.24741206614638617,
0.9652204222994699
],
[
0.08726095110100891,
0.1483400260228162
],
[
0.10155084487269754,
0.061943119886900745
],
[
0.19028358610564933,
0.18494861987994896
],
[
0.02994887660190122,
0.2280666249046581
],
[
0.04703750104664115,
0.22233227932771712
],
[
0.19227251455570074,
0.09252251742058915
],
[
0.8984491551273027,
0.7726879642096328
],
[
0.8264692297048848,
0.2527406743190299
],
[
0.08969648828968886,
0.19320540075116002
],
[
0.20312109573366774,
0.12817059209443724
],
[
0.2687317663124331,
0.1637736088608941
],
[
0.15282840195747513,
0.18826707580903604
],
[
0.9700511233980968,
0.907238556470294
],
[
0.910303511710311,
0.8291251557878493
],
[
0.7704136720139833,
0.28220347264498874
],
[
0.9060702548424869,
0.22530413263276397
],
[
0.08735842605380131,
0.13721324901613335
],
[
0.05704345294120774,
0.12019656850888624
],
[
0.25195641325530344,
0.9074774825794106
],
[
0.1524359349815464,
0.04423328960519229
],
[
0.20130169519454855,
0.011835073842834488
],
[
0.9429565470587922,
0.12033435283131398
],
[
0.8470274717223341,
0.10143552037633372
],
[
0.07774210427308056,
0.8098591470234565
],
[
0.7859961582892712,
0.1628015717928241
],
[
0.21262403186891676,
0.09392974515751319
],
[
0.15297252827766597,
0.015965870048517784
],
[
0.7820431601788707,
0.8799864140962845
],
[
0.8464196423509088,
0.2195226306286054
],
[
0.8627867509838665,
0.16627525482108416
],
[
0.2273120357903667,
0.03995691164307183
],
[
0.23348617316310757,
0.8883154288500638
],
[
0.10635878727939575,
0.8081346915604563
],
[
0.06854684765852202,
0.1753987879196246
],
[
0.08603613312721858,
0.03777000361475855
],
[
0.8551217266990045,
0.045380000166323535
],
[
0.1387206024856844,
0.061769916878477646
],
[
0.7665138268368926,
0.8166259263554995
],
[
0.7400596684332152,
0.7169814855536633
],
[
0.1660268348001661,
0.7977052761775592
],
[
0.218501870933469,
0.23209944785162998
],
[
0.9840341299514825,
0.7980767127972643
],
[
0.7159440959400306,
0.07691602375122779
],
[
0.8966874951986417,
0.06952926427974422
],
[
0.9314531523414783,
0.8507771123480469
],
[
0.8536746067206911,
0.27956092520022574
],
[
0.8339731651998342,
0.23962317712010495
],
[
0.0033649966207382597,
0.8379140573446231
],
[
0.09729614596558187,
0.812633775132585
],
[
0.1279118901646827,
0.17958970709388328
],
[
0.18370538283233975,
0.21437823358283686
],
[
0.012994772176145431,
0.2875485041924884
],
[
0.11168457114993625,
0.09048069795221815
],
[
0.8099783703744965,
0.8718294079055628
],
[
0.8720881098353175,
0.24947732154228455
],
[
0.19271445618313449,
0.29751935705701227
],
[
0.1696891844742522,
0.1833740736445005
],
[
0.22050008381805927,
0.30059169188988855
],
[
0.7969062181317063,
0.3989939937864433
],
[
0.2496166313866155,
0.3293833956267088
],
[
0.8303108155257474,
0.8677679009239122
],
[
0.9870052278238547,
0.845523642691719
],
[
0.8171951149696813,
0.806665614401371
],
[
0.760376822879895,
0.8961447852761792
],
[
0.15071714759222082,
0.2365953664778606
],
[
0.16854035819175162,
0.12178597374595981
],
[
0.22368280559084816,
0.11830082755628163
],
[
0.17175077341299355,
0.9191414092766387
],
[
0.08022600500089244,
0.8808802092837417
],
[
0.08532762951811446,
0.13248254743369323
],
[
0.916250681192102,
0.654217119097288
],
[
0.8492828524077792,
0.6973524115473606
],
[
0.4918153916866391,
0.21656988368830785
],
[
0.5327656615610444,
0.23989035322973865
],
[
0.3795758126306599,
0.05574567791906512
],
[
0.0970295647549528,
0.9179255955217899
],
[
0.12575580708682416,
0.18974758502758235
],
[
0.2009875867709706,
0.0373035071848212
],
[
0.7471488759222465,
0.15967744679351178
],
[
0.8314596418082484,
0.1268027995847829
],
[
0.6967286391951456,
0.8643307694578167
],
[
0.7951540063869825,
0.12017971867635253
],
[
0.24278622823376853,
0.09392495372577629
],
[
0.20640479557672695,
0.1691557361624348
],
[
0.8742441929131759,
0.06684978022404908
],
[
0.8279431614921596,
0.03185051057573205
],
[
0.7458710303762193,
0.6933398643028811
],
[
0.18834908131304237,
0.0825386395655193
],
[
0.338148673868519,
0.9487638976608269
],
[
0.7601096467702615,
0.10576171070113918
],
[
0.16504566786912006,
0.9442543220809345
],
[
0.26304984307502205,
0.8976818544917765
],
[
0.15239646826615894,
0.25178865217661256
],
[
0.2620383089154171,
0.9271810884193007
],
[
0.9094203978708265,
0.13666302435485153
],
[
0.7401483385025435,
0.8618707867797666
],
[
0.8926892172522713,
0.9174613604344806
],
[
0.7489893235322617,
0.9231028651721698
],
[
0.7874242528650912,
0.9197231096679652
],
[
0.847603531733841,
0.10868044551642442
],
[
0.2045295699478538,
0.7581458916328
],
[
0.15521195357650178,
0.9346684557127336
],
[
0.12850673540151877,
0.11368290943749478
],
[
0.3086812469733584,
0.9425282427740227
],
[
0.8358857347957244,
0.015923264513758535
],
[
0.8978368955880194,
0.15749107073065943
],
[
0.8714932645984812,
0.7881174816625877
],
[
0.7467228365780658,
0.19204706815591868
],
[
0.8516599739771841,
0.8913195544835759
],
[
0.7652242773834629,
0.7271088882052332
],
[
0.24365387689437606,
0.23676821070974496
],
[
0.1641142652042759,
0.12065357617116942
],
[
0.2092915035013019,
0.8325024951965454
],
[
0.9980702315300924,
0.15639886624761995
],
[
0.2118825183374121,
0.8633369756451474
],
[
0.17738058657111486,
0.17015081565579596
],
[
0.1559332989400081,
0.050179447906341317
],
[
0.13791964955783678,
0.034779577700530105
],
[
0.7253509179923444,
0.8308442638375649
],
[
0.8675174525663069,
0.12824359138369315
],
[
0.019488452818685487,
0.1975453690849341
],
[
0.06533154428726683,
0.8793464238288303
],
[
0.14962794534313534,
0.18702303590974156
],
[
0.7196518035366349,
0.8863170905625055
],
[
0.9805115471813145,
0.8079529318440813
],
[
0.8924550745754399,
0.15869941179450875
],
[
0.8102524149724181,
0.9966350033792621
],
[
0.8326978302060902,
0.0705755856947057
],
[
0.7349021754238043,
0.8385202531879368
],
[
0.9851020303008962,
0.9163640026787616
],
[
0.7576509301814915,
0.7205734529292394
],
[
0.8160191357217745,
0.9683641005654225
],
[
0.8282492265870068,
0.8797290718286754
],
[
0.8223868326196127,
0.09009399818568779
],
[
0.785730731973128,
0.9222578957269193
],
[
0.21138955701372347,
0.051236102339172675
],
[
0.3257190340811151,
0.9359805922985456
],
[
0.16730216979390947,
0.13566923054218313
],
[
0.7056736506082324,
0.0878271109073291
],
[
0.2625412759210905,
0.08207440447821025
],
[
0.21506476807035774,
0.8824599137074816
],
[
0.1776131673803874,
0.06401940770145455
],
[
0.08085859072336116,
0.09486089814728306
],
[
0.05936239484850086,
0.9626964928151789
],
[
0.014897969699103444,
0.07882236424665355
],
[
0.9622299963852415,
0.21944328409442673
],
[
0.14073707036207891,
0.16208594265537665
],
[
0.1146057284838292,
0.2263282318115167
],
[
0.03163589943457755,
0.16031219284311646
],
[
0.08442089886605314,
0.08374931880789789
],
[
0.9881649261571657,
0.19014085297654368
],
[
0.7896539433772339,
0.0703911370252524
],
[
0.07689713482782666,
0.8731972004152138
],
[
0.9840767354862414,
0.8129769640902584
],
[
0.9340534001938822,
0.8413005882054913
],
[
0.9380568801130986,
0.27492235268358833
],
[
0.04985017973091367,
0.09276144352970414
],
[
0.771933375095342,
0.38431368908153574
],
[
0.9557667103948069,
0.23883384596788285
],
[
0.761166154032117,
0.6849282841920246
],
[
0.7804773693713948,
0.15323857860135592
],
[
0.847171598042525,
0.0791836974785825
],
[
0.929608862974748,
0.30113539803826594
],
[
0.879665647168686,
0.23410125601411758
],
[
0.12001358590371546,
0.11754008629251882
],
[
0.8362263911391056,
0.8431534973319658
],
[
0.9501498202690861,
0.7746958673672361
],
[
0.920816302521417,
0.7934775831745683
],
[
0.7108953389458205,
0.7503833686133856
],
[
0.6711436094772795,
0.20192328720273575
],
[
0.9121728890926708,
0.14922288765195346
],
[
0.8253148281564174,
0.9211776357533461
],
[
0.9230839762487721,
0.18197745436826118
],
[
0.8204102929061167,
0.9546199998336766
],
[
0.7638368883030631,
0.2065224168254318
],
[
0.9095193020477815,
0.24955330690184804
],
[
0.15447635730828158,
0.36266071186662724
],
[
0.7505226784577154,
0.7504466930981518
],
[
0.699665007709867,
0.10385521472382045
]
],
"half_couplers": [
{
"pose": [
[
-0.3785025829089701,
0.3054654505506613,
-0.8737428988272926,
0.5039217797344089
],
[
0.8402647972657895,
0.5092918200597891,
-0.18594868242627965,
1.3468177302788342
],
[
0.38818921315142285,
-0.8045574563324045,
-0.44944013422569506,
-1.3121829898877841
],
[
0.0,
0.0,
0.0,
1.0
]
],
"at_element": 1,
"to_element": 32
},
{
"pose": [
[
0.6057323961780522,
-0.3054654505506612,
0.734696619524193,
0.49292505192318814
],
[
0.54800510077165,
-0.5092918200597891,
-0.6635602847883837,
1.3284832721213482
],
[
0.5768697199096594,
0.8045574563324043,
-0.14109792950742484,
-1.2832189962844938
],
[
0.0,
0.0,
0.0,
1.0
]
],
"at_element": 32,
"to_element": 1
},
{
"pose": [
[
-0.32887178780765436,
-0.35835275069835393,
-0.8737428988272926,
0.586085995575761
],
[
-0.45493657477192995,
0.8708936791817443,
-0.18594868242627896,
1.3643037982043005
],
[
0.8275723896548153,
0.3363443259937774,
-0.4494401342256944,
-1.2699189597642206
],
[
0.0,
0.0,
0.0,
1.0
]
],
"at_element": 1,
"to_element": 48
},
{
"pose": [
[
0.913878806841555,
0.35835275069835293,
0.1908109862475951,
0.5989866851512728
],
[
0.2535978305922678,
-0.8708936791817454,
0.42098971469642643,
1.3329516487189004
],
[
0.31703890411864477,
-0.33634432599377573,
-0.8867687565803397,
-1.2820273466307217
],
[
0.0,
0.0,
0.0,
1.0
]
],
"at_element": 48,
"to_element": 1
},
{
"pose": [
[
-0.37929890471564076,
-0.30447608712408775,
-0.8737428988272926,
0.41318737177617404
],
[
-0.31795032229950143,
0.929693863620479,
-0.1859486824262793,
1.3275077666348294
],
[
0.8689303386527361,
0.20727670471143408,
-0.44944013422569484,
-1.3588553972359536
],
[
0.0,
0.0,
0.0,
1.0
]
],
"at_element": 1,
"to_element": 49
},
{
"pose": [
[
0.9303060393152272,
0.304476087124087,
0.2045115781153244,
0.4241485052229304
],
[
0.2435271804781771,
-0.9296938636204799,
0.27634006643043,
1.294038804917578
],
[
0.27427210135550506,
-0.20727670471143267,
-0.9390480190607964,
-1.3663173547322085
],
[
0.0,
0.0,
0.0,
1.0
]
],
"at_element": 49,
"to_element": 1
},
{
"pose": [
[
-0.29876944932279303,
0.36618402641084685,
-0.881275254930544,
0.3248600748505109
],
[
0.14286809691142616,
-0.8958845201142922,
-0.4206894739644569,
1.1337609226983132
],
[
-0.943570624297017,
-0.25159528099931505,
0.21534690975868076,
-1.3476536614429322
],
[
0.0,
0.0,
0.0,
1.0
]
],
"at_element": 4,
"to_element": 29
},
{
"pose": [
[
-0.6561209116525086,
-0.36618402641084064,
-0.6598595366392961,
0.3116774644553803
],
[
-0.44030439665722193,
0.8958845201142946,
-0.059354569359905365,
1.166012729811398
],
[
0.6128926395190282,
0.25159528099931605,
-0.7490410048870986,
-1.3385962413277628
],
[
0.0,
0.0,
0.0,
1.0
]
],
"at_element": 29,
"to_element": 4
},
{
"pose": [
[
0.42718336636567233,
-0.659361923757962,
-0.6186729547981643,
0.39383580141076635
],
[
-0.3293327256766596,
0.5237744917824393,
-0.785620924846347,
1.194393572320845
],
[
0.8420536368301451,
0.5393534418692876,
0.006598291057476224,
-1.1989729548689545
],
[
0.0,
0.0,
0.0,
1.0
]
],
"at_element": 26,
"to_element": 29
},
{
"pose": [
[
0.3603154803840176,
0.6593619237579647,
-0.6598595366392994,
0.41757242342483814
],
[
0.8497866301926322,
-0.5237744917824392,
-0.05935456935989464,
1.1755380141151273
],
[
-0.38475373648801026,
-0.5393534418692849,
-0.7490410048870964,
-1.2183893456557835
],
[
0.0,
0.0,
0.0,
1.0
]
],
"at_element": 29,
"to_element": 26
},
{
"pose": [
[
-0.01271632104642717,
0.7855457148889229,
-0.6186729547981678,
0.41594805935960977
],
[
0.001615912895111704,
-0.6187060297662299,
-0.7856209248463444,
1.222472789951877
],
[
-0.9999178386270344,
-0.01098992950665223,
0.006598291057478445,
-1.199208787246551
],
[
0.0,
0.0,
0.0,
1.0
]
],
"at_element": 26,
"to_element": 49
},
{
"pose": [
[
-0.584031629482884,
-0.7855457148889212,
0.2045115781153262,
0.38766842265669027
],
[
-0.7354175796213572,
0.6187060297662312,
0.27634006643042575,
1.2447461999088887
],
[
-0.3436103015735007,
0.010989929506652618,
-0.939048019060797,
-1.198813149910686
],
[
0.0,
0.0,
0.0,
1.0
]
],
"at_element": 49,
"to_element": 26
},
{
"pose": [
[
0.6170381016420073,
0.42877660037389886,
-0.6598595366392984,
0.5628411538037126
],
[
0.526057783072938,
-0.8483750609043665,
-0.05935456935989433,
1.1886049813321375
],
[
-0.5852582250514841,
-0.31050021418239737,
-0.749041004887097,
-1.053487226735366
],
[
0.0,
0.0,
0.0,
1.0
]
],
"at_element": 29,
"to_element": 48
},
{
"pose": [
[
-0.8830298944537631,
-0.428776600373897,
0.19081098624759524,
0.5474051968296042
],
[
-0.3209788406660723,
0.8483750609043657,
0.4209897146964258,
1.2191464822596765
],
[
-0.3423898207389359,
0.31050021418240165,
-0.8867687565803402,
-1.0423092194877888
],
[
0.0,
0.0,
0.0,
1.0
]
],
"at_element": 48,
"to_element": 29
},
{
"pose": [
[
0.046527216867293,
0.48415758265203557,
-0.8737428988272933,
-0.008933549253483886
],
[
0.8878451968961557,
-0.4208966545986772,
-0.18594868242627832,
1.237672611241426
],
[
-0.4577839276765958,
-0.767096761372501,
-0.4494401342256942,
-1.5759880156087913
],
[
0.0,
0.0,
0.0,
1.0
]
],
"at_element": 1,
"to_element": 42
},
{
"pose": [
[
-0.5579566357923569,
-0.48415758265203346,
-0.6739998722075655,
-0.026363221291363093
],
[
-0.8238384921940167,
0.4208966545986753,
0.3796526635322509,
1.2528248899918921
],
[
0.09987257558891854,
0.7670967613725029,
-0.6337097342924858,
-1.5483725336849004
],
[
0.0,
0.0,
0.0,
1.0
]
],
"at_element": 42,
"to_element": 1
},
{
"pose": [
[
0.3903439115855497,
0.29018093913448445,
-0.8737428988272931,
0.053634474389562384
],
[
0.28320714256410023,
-0.940859607967421,
-0.18594868242627785,
1.250988246280127
],
[
-0.8760281645522421,
-0.17486629366009884,
-0.4494401342256946,
-1.5438039704141355
],
[
0.0,
0.0,
0.0,
1.0
]
],
"at_element": 1,
"to_element": 66
},
{
"pose": [
[
-0.6748041878438804,
-0.29018093913448295,
0.6785531155564687,
0.04318795694416369
],
[
-0.07160843704254918,
0.940859607967421,
0.3311426125398454,
1.2848592039578384
],
[
-0.7345144925817898,
0.17486629366010015,
-0.6556754071405266,
-1.5375087816509416
],
[
0.0,
0.0,
0.0,
1.0
]
],
"at_element": 66,
"to_element": 1
},
{
"pose": [
[
-0.6330850477394079,
0.38069343912520737,
-0.6739998722075647,
0.0645367174266353
],
[
0.14522287761173094,
0.91365976757819,
0.3796526635322556,
1.2016225006855352
],
[
0.7603378447420329,
0.14247222366478993,
-0.6337097342924838,
-1.4629063809636638
],
[
0.0,
0.0,
0.0,
1.0
]
],
"at_element": 42,
"to_element": 44
},
{
"pose": [
[
0.9245510397719651,
-0.38069343912520875,
0.01666974095777269,
0.05083175098052864
],
[
-0.3788640985675861,
-0.913659767578189,
0.14726786453785584,
1.1687307427225135
],
[
-0.04083343817447449,
-0.14247222366479323,
-0.9889561647569931,
-1.468035382002702
],
[
0.0,
0.0,
0.0,
1.0
]
],
"at_element": 44,
"to_element": 42
},
{
"pose": [
[
0.7376896739190495,
-0.03921883804234108,
-0.6739998722075659,
0.004759408657917019
],
[
0.3003550066335563,
-0.8750146999125352,
0.3796526635322515,
1.2352940419255976
],
[
-0.6046493322442049,
-0.4825050856515248,
-0.6337097342924853,
-1.5191103418523657
],
[
0.0,
0.0,
0.0,
1.0
]
],
"at_element": 42,
"to_element": 66
},
{
"pose": [
[
-0.733503614245504,
0.039218838042340165,
0.6785531155564689,
0.006171287910757037
],
[
0.3531201567416728,
0.8750146999125349,
0.3311426125398435,
1.2667945952923951
],
[
-0.5807569222932417,
0.48250508565152467,
-0.6556754071405269,
-1.5017401454409953
],
[
0.0,
0.0,
0.0,
1.0
]
],
"at_element": 66,
"to_element": 42
},
{
"pose": [
[
-0.7270393492315395,
0.1309120198192818,
-0.6739998722075664,
-0.14576806567996234
],
[
-0.1888845380298938,
0.9056414778299977,
0.37965266353224936,
1.3200836078048612
],
[
0.660103337336067,
0.40333057992264076,
-0.633709734292486,
-1.6606396354024389
],
[
0.0,
0.0,
0.0,
1.0
]
],
"at_element": 42,
"to_element": 67
},
{
"pose": [
[
0.7707377585219539,
-0.13091201981927864,
0.6235586184597172,
-0.15048089079828014
],
[
-0.34885712925370266,
-0.9056414778299977,
0.24106475686579198,
1.287480567145954
],
[
0.5331622745069456,
-0.4033305799226421,
-0.7436816740661596,
-1.6751595128794583
],
[
0.0,
0.0,
0.0,
1.0
]
],
"at_element": 67,
"to_element": 42
},
{
"pose": [
[
-0.40731755905908296,
-0.909907055871706,
0.07849557794573253,
1.273531680144956
],
[
-0.4632755636664512,
0.1317824538922584,
-0.8763613050310168,
0.3679854008780168
],
[
0.7870629950592789,
-0.3933224307371994,
-0.4752150116392564,
-1.242370101899572
],
[
0.0,
0.0,
0.0,
1.0
]
],
"at_element": 2,
"to_element": 3
},
{
"pose": [
[
-0.2938777725606534,
0.9099070558717048,
0.29275417071269083,
1.3062883827415777
],
[
0.46439447028652725,
-0.1317824538922583,
0.8757688969205464,
0.36324122550126237
],
[
0.8354481616246965,
0.3933224307372021,
-0.3838278712090799,
-1.2282104733912562
],
[
0.0,
0.0,
0.0,
1.0
]
],
"at_element": 3,
"to_element": 2
},
{
"pose": [
[
0.9936838211800955,
0.08019294088565229,
0.07849557794573145,
1.2673892223267005
],
[
0.10712493973538839,
-0.4695903643932915,
-0.876361305031016,
0.43656266969468993
],
[
-0.03341722327802732,
0.8792348843745261,
-0.4752150116392584,
-1.2051834445108704
],
[
0.0,
0.0,
0.0,
1.0
]
],
"at_element": 2,
"to_element": 27
},
{
"pose": [
[
-0.19792779612198785,
-0.08019294088565365,
-0.9769307446049608,
1.264502278051533
],
[
0.8570094069668227,
0.4695903643932927,
-0.21217861824262446,
0.4534679134628682
],
[
0.4757724917359848,
-0.8792348843745252,
-0.02421888119314608,
-1.2368358828419703
],
[
0.0,
0.0,
0.0,
1.0
]
],
"at_element": 27,
"to_element": 2
},
{
"pose": [
[
0.9491523998727687,
0.11577874306662614,
0.29275417071269194,
1.3361639267870897
],
[
-0.2175548677723407,
-0.43092774184905847,
0.8757688969205465,
0.45261338436733256
],
[
0.22755131580442056,
-0.894928245145265,
-0.38382787120907924,
-1.2673800826381068
],
[
0.0,
0.0,
0.0,
1.0
]
],
"at_element": 3,
"to_element": 27
},
{
"pose": [
[
0.17944805069854608,
-0.11577874306662844,
-0.9769307446049609,
1.3319958916855237
],
[
-0.8770869485207975,
0.43092774184905625,
-0.2121786182426229,
0.46812678438094196
],
[
0.4455523334412778,
0.8949282451452656,
-0.024218881193143194,
-1.235162663098478
],
[
0.0,
0.0,
0.0,
1.0
]
],
"at_element": 27,
"to_element": 3
},
{
"pose": [
[
0.15395269634233322,
0.14800299839706832,
-0.9769307446049607,
1.4473741449910236
],
[
-0.6211295960468771,
-0.7544390358904383,
-0.21217861824262504,
0.49318567263561336
],
[
-0.7684377607871498,
0.6394660691468967,
-0.024218881193145858,
-1.2323023454920252
],
[
0.0,
0.0,
0.0,
1.0
]
],
"at_element": 27,
"to_element": 28
},
{
"pose": [
[
-0.9752962486642425,
-0.14800299839706776,
0.16398884049511964,
1.442046030843899
],
[
-0.2185535269787307,
0.7544390358904385,
-0.6189152583107504,
0.5203455095565291
],
[
-0.032118268736242184,
-0.6394660691468963,
-0.768148138852919,
-1.2553231507900837
],
[
0.0,
0.0,
0.0,
1.0
]
],
"at_element": 28,
"to_element": 27
},
{
"pose": [
[
0.21873541009989828,
0.9619056505507676,
0.16398884049512039,
1.4609096950860223
],
[
0.7821196560090481,
-0.07233772677119776,
-0.6189152583107513,
0.44915158201943817
],
[
-0.5834755042439381,
0.2636375783610529,
-0.7681481388529181,
-1.34368336198363
],
[
0.0,
0.0,
0.0,
1.0
]
],
"at_element": 28,
"to_element": 46
},
{
"pose": [
[
0.05809700221296532,
-0.9619056505507668,
0.26713715161387175,
1.4262810869527363
],
[
-0.8882403734350206,
0.07233772677119732,
0.45364776235047255,
0.4517557405376652
],
[
-0.45569044024851113,
-0.2636375783610554,
-0.8502008291821626,
-1.353174316096485
],
[
0.0,
0.0,
0.0,
1.0
]
],
"at_element": 46,
"to_element": 28
},
{
"pose": [
[
-0.2559966330765415,
-0.6282408782570523,
0.7346966195241968,
1.4326116780637637
],
[
-0.4637899404024946,
-0.5870150250487753,
-0.6635602847883804,
0.47978095243802865
],
[
0.8481536506051985,
-0.5106141001321778,
-0.1410979295074215,
-1.4636851013553458
],
[
0.0,
0.0,
0.0,
1.0
]
],
"at_element": 32,
"to_element": 46
},
{
"pose": [
[
-0.7307196049884226,
0.6282408782570499,
0.2671371516138743,
1.4552283550742675
],
[
0.6705349119034627,
0.5870150250487833,
0.45364776235047355,
0.5009134983791239
],
[
0.12818654689232797,
0.510614100132171,
-0.850200829182161,
-1.4453029893671263
],
[
0.0,
0.0,
0.0,
1.0
]
],
"at_element": 46,
"to_element": 32
},
{
"pose": [
[
0.2861302319354342,
0.9549701223679943,
0.07849557794572148,
1.3281806337542603
],
[
0.47643475516157197,
-0.07071624366776108,
-0.87636130503101,
-0.24214104900607317
],
[
-0.8313479502871873,
0.28815148492759857,
-0.47521501163927105,
-1.5732168044166641
],
