{
"line_pt_pairs": [
[
[
0.78507608402918,
1.2690163303544144,
-1.9785202907215225
],
[
1.307071662401144,
0.4162073641529104,
-1.9631097966852744
]
],
[
[
1.4449732930620651,
1.6206148580747737,
-2.0061269584716612
],
[
1.1392670370436984,
0.6830463488637211,
-2.171985258134348
]
],
[
[
1.548729340951276,
1.4163452398284724,
-2.0146442306592474
],
[
0.5828067886984472,
1.1575173834096908,
-2.0133161527097636
]
],
[
[
1.3486120848904386,
1.1373876203758468,
-1.3683130438360356
],
[
1.0185177870548408,
0.19811555248461554,
-1.4621519324470698
]
],
[
[
1.4786152872692004,
0.9778813909560554,
-1.4314188372476988
],
[
0.5133109800016658,
0.7179527029207463,
-1.4064254079714238
]
],
[
[
0.47633533108235465,
0.8735940222179231,
-1.3364551591484586
],
[
1.2313694821108285,
0.24359607808901074,
-1.518185787205635
]
],
[
[
0.8850654918481042,
1.1429293031529446,
-0.6016471939181787
],
[
0.36907077497986673,
-0.2543285469001685,
-0.7789039360438874
]
],
[
[
0.8284529375726819,
0.6601402964145684,
-0.6263486057449382
],
[
-0.12375628343130363,
0.3573520218377437,
-0.6665588061146526
]
],
[
[
-0.038663414813471075,
0.45570577747293145,
-0.6860428367651404
],
[
0.6749747273083498,
-0.22992983028762742,
-0.8296548678757858
]
],
[
[
0.5272616648083492,
0.6861669172972653,
-0.09031861220069555
],
[
0.15701023598258365,
-0.24251428767997196,
-0.11188476564783455
]
],
[
[
0.7265348492158441,
0.6647969204140289,
-0.03783914069145691
],
[
-0.20899815236487695,
0.31912764352549394,
-0.11057670986120594
]
],
[
[
-0.05412135854306538,
0.4786902031381154,
-0.12708002644658498
],
[
0.5783729515261842,
-0.29544966197270556,
-0.15273966354893148
]
],
[
[
0.31408148118108814,
-0.043760291239714644,
0.4979569414725092
],
[
-0.024216464479149824,
-0.9845710256688489,
0.4772286529523273
]
],
[
[
-0.03224280477912235,
-0.36860806981411887,
0.8158742541431451
],
[
-0.3149875160393304,
-1.3215903535354552,
0.7068779460971907
]
],
[
[
0.11636921442874892,
-0.5979855947930514,
1.0754552425473152
],
[
-0.7801379722222055,
-1.0159321895540279,
0.9285011401517189
]
],
[
[
-0.7083121723882588,
-0.8721348566598461,
0.921971309827428
],
[
-0.16246550964432677,
-1.7050489623217526,
0.8308367205611192
]
],
[
[
-0.23953180758274373,
-1.1134387869426061,
1.2792031026943034
],
[
-0.4516316576417676,
-2.5972486347706063,
1.2215664035037006
]
],
[
[
0.06127080412545011,
-1.1761154149231603,
1.2404587471122186
],
[
-0.8479233108595039,
-1.5922034822503883,
1.2250710408303
]
],
[
[
-0.8146351423266852,
-1.395753907900099,
1.2195205970246092
],
[
-0.29768377702064575,
-2.2343240177389694,
1.0475861420917871
]
],
[
[
-0.4941204566220726,
0.24304332826128772,
1.074894873782077
],
[
-0.8808687227399918,
-1.19208404891954,
0.8728176857551706
]
],
[
[
-0.6682598293590172,
-1.1482496747482385,
0.931243501352703
],
[
-1.613541196471532,
0.014645851778305019,
0.9954083778385842
]
],
[
[
-1.461315565335269,
-0.11295507599337545,
1.3627074975382576
],
[
-1.5366765249547836,
-1.1042245301617692,
1.4708998955980137
]
],
[
[
-1.1172227336483505,
-1.0537440485133351,
1.4431540954107485
],
[
-2.4657963081914724,
-0.40759249754989557,
1.325521246123105
]
],
[
[
1.2740965757511935,
1.0258757294109835,
-2.295734241514229
],
[
0.6170662662015122,
0.3860801886226466,
-1.1087326246996558
]
],
[
[
0.783903181578327,
0.6061439772391679,
-1.4565594380115774
],
[
0.3289993186634313,
0.11423195726391755,
-0.7142084158468774
]
],
[
[
0.6223639533392482,
0.23038501602631034,
-0.7874496466352583
],
[
0.10374130557652356,
-0.1925278099115973,
-0.04436466435880693
]
],
[
[
0.5272431693009652,
-0.12210692424086175,
-0.2550552985055907
],
[
0.3079914827225445,
-0.9210678063593007,
0.3049359574770756
]
],
[
[
0.09034095040674756,
-0.31075140854400723,
0.23267301496930035
],
[
-0.47054952859454363,
-1.51975881139272,
0.9209338451948139
]
],
[
[
-0.16193904416514593,
-1.5653706595064607,
0.7253280121965217
],
[
-0.3873853935656414,
-2.3923587180111134,
1.240366549233018
]
],
[
[
0.7668669044855864,
1.3159589223251482,
-2.204667551988426
],
[
0.15656806799358713,
0.9058347381068776,
-1.526926094133139
]
],
[
[
0.5269939018163579,
1.0329294186291222,
-1.6250077241555645
],
[
-0.03869893181757317,
0.545111373325932,
-0.9601579872587314
]
],
[
[
0.2286521488788664,
0.5295045027166114,
-0.7954224214021208
],
[
-0.22677595564076103,
0.20985206400073275,
0.035485250987929096
]
],
[
[
0.03740055028322309,
0.3192516052648074,
-0.24411556905041223
],
[
-1.0010901714111622,
0.0871979057694072,
0.8130921217583398
]
],
[
[
-0.8003333140698432,
0.18811786998184338,
0.39475477718270074
],
[
-1.4956787999334444,
-0.22465701630606233,
0.9830672354386168
]
],
[
[
-0.9836699628586163,
-0.1588936284259286,
0.7096539901096818
],
[
-2.119627465570568,
-0.7840565231312525,
1.4638236706962768
]
],
[
[
-0.41010238582431713,
0.06265918497990461,
1.04463149267743
],
[
-1.3174121781415988,
-0.2779776654916701,
0.7981452316688764
]
],
[
[
-1.399397418035268,
-0.11815225629492504,
1.3320138195379265
],
[
-2.3033902647701003,
-0.5449854584078918,
1.3073085442663226
]
],
[
[
0.16029110204499794,
0.2507231883200479,
0.35416014537737844
],
[
-0.7623231547940351,
-0.1259263265643651,
0.270985173091868
]
],
[
[
-0.17790048124163543,
0.35452136867468653,
0.3877993212173657
],
[
0.4047358129635793,
-0.4553496389435233,
0.3196531570239188
]
],
[
[
-0.802085717285417,
-1.5687181580507326,
1.2817216602511463
],
[
-0.7597873860063395,
-0.9074686420753266,
0.5327490781139248
]
],
[
[
-0.7538260211149481,
-1.102050769787507,
1.1191655566394803
],
[
-0.5889249014325325,
-0.11115002229515292,
0.005198174106858744
]
],
[
[
0.06055981147432157,
-0.35835061841199467,
0.24798591714081172
],
[
-1.1625374470282994,
-0.667169273212577,
1.0595671728943759
]
],
[
[
-1.6670922864012274,
-1.1649993243852392,
1.5910360622525057
],
[
-0.5349946857465124,
-0.46680800725683147,
0.8975781274948615
]
],
[
[
1.000625008578683,
0.9080250158839341,
-1.2844848327812242
],
[
1.2878398192468496,
0.3686676051103944,
-2.0760663105688946
]
],
[
[
0.7713651304244388,
1.0091188914948244,
-0.4127816227095947
],
[
1.1334358388941805,
0.30690210929688994,
-1.6878488338274238
]
],
[
[
0.6141649145107236,
0.2950997571728786,
-0.0075388309248701196
],
[
0.6033539533265888,
-0.23788551745802616,
-0.8535942783660496
]
],
[
[
0.41257759821443707,
-0.3813861743153366,
0.6406436216196153
],
[
0.40473265031826894,
-0.44313528205457026,
-0.3574172505149029
]
],
[
[
0.05195742045275546,
-0.6708382840677823,
1.1632729024166804
],
[
0.19644859886807975,
-0.5725998414182172,
0.17865546008390354
]
],
[
[
-0.2938122932336602,
-1.5446514517255743,
1.4916907405392283
],
[
-0.1706771303427353,
-1.570123656208597,
0.49962778968449517
]
],
[
[
1.1955589273436031,
0.9692261954043744,
-1.3141227396099906
],
[
0.815890591455982,
0.9665595599732382,
-2.2392415664532246
]
],
[
[
0.8759496152484796,
0.5793143224589345,
-0.5633821701772614
],
[
0.2911674946040037,
1.0392239576953204,
-1.865884760881512
]
],
[
[
0.32467023003939277,
0.29424258649735735,
-0.2593302177599051
],
[
0.041640625524747066,
0.6222552355603805,
-1.1606081687955119
]
],
[
[
-0.21636088167183284,
0.28828838007525526,
0.7488771618890253
],
[
-0.12680151605432222,
0.3218832025288902,
-0.24653757978124835
]
],
[
[
-0.7941040813834312,
0.08226697667321352,
1.0670596714446496
],
[
-0.8753525745726136,
0.2649550766910665,
0.08725165940027235
]
],
[
[
-1.551906438196744,
-0.25078595285261823,
1.6210862957141043
],
[
-1.369631610437462,
-0.09582170921014073,
0.65012699154238
]
],
[
[
0.15289621400799663,
-0.9647538941956486,
1.04233430533
],
[
-0.6894110840295262,
-0.1526653204048265,
0.10370202163679754
]
],
[
[
-1.1877646123215786,
0.14773229540657606,
1.2485349164024666
],
[
-0.32505814503571495,
-0.5298397030058424,
0.22548372595765487
]
],
[
[
-0.7609925664801211,
-0.8969041837340301,
0.5781968808809634
],
[
-0.26074132112254395,
-1.5923892676995248,
1.0939964441802184
]
],
[
[
-0.825233732316764,
-0.7605905928650534,
0.7914826241245827
],
[
-1.5390895103267959,
-0.2485092674695723,
1.269167294574556
]
],
[
[
1.6145910795646017,
1.4538593095411387,
-2.1025103101070832
],
[
1.0338288119786219,
0.8716675533129299,
-1.533504205106175
]
],
[
[
0.819041701255259,
0.5837673616546906,
-0.6883532621411897
],
[
1.3604833992552439,
0.9849621741395265,
-1.4271926290553727
]
],
[
[
0.7974676292388271,
0.7098818976457355,
-0.9714924511484492
],
[
0.25293197162324543,
0.24075764437199837,
-0.2762203083327567
]
],
[
[
0.7428643177964573,
0.2856535737803515,
-0.11196088960674468
],
[
-0.04706002408094534,
-0.056525099094532405,
0.39689399141449044
]
],
[
[
-1.0840747741333068,
0.055826985990729355,
1.0691648373463152
],
[
-0.20755098449349385,
0.3291441835302671,
0.672927842954582
]
],
[
[
-0.7165643144408184,
-0.05674736439981301,
0.7144363360278336
],
[
-1.5018576227395972,
-0.4494897823513204,
1.1930466295681654
]
],
[
[
0.5618944825515754,
0.7020310273070953,
-0.1601607749109026
],
[
0.17196788353345543,
-0.5608220446378785,
0.5491764975183033
]
],
[
[
0.20150944489590064,
0.05141564192652304,
0.15322790997935742
],
[
-0.31597095859913943,
-0.877263363265128,
1.2114194509183578
]
],
[
[
0.18564155159432508,
-0.591505854694006,
0.5215850691330252
],
[
-0.019816224974462004,
-1.199654125888847,
1.2883593398869002
]
],
[
[
0.09836910505262453,
-0.56168387602609,
0.3365776644816963
],
[
-1.0749950725295174,
0.3608402981325395,
0.18769631957938035
]
],
[
[
-0.22880129668043897,
-0.2421234394351997,
0.30391697960762726
],
[
0.49563870872993776,
-0.9288512993750435,
0.24398764669414152
]
]
],
"contact_id_pairs": [
[
1,
2
],
[
2,
59
],
[
0,
23
],
[
0,
43
],
[
1,
23
],
[
0,
2
],
[
0,
49
],
[
2,
29
],
[
3,
4
],
[
3,
60
],
[
4,
43
],
[
4,
60
],
[
3,
5
],
[
3,
44
],
[
5,
23
],
[
5,
24
],
[
5,
44
],
[
23,
24
],
[
4,
5
],
[
6,
7
],
[
6,
44
],
[
6,
8
],
[
6,
25
],
[
8,
24
],
[
8,
45
],
[
7,
8
],
[
9,
10
],
[
9,
65
],
[
10,
65
],
[
45,
62
],
[
62,
65
],
[
9,
11
],
[
9,
25
],
[
11,
26
],
[
26,
46
],
[
10,
11
],
[
12,
65
],
[
38,
46
],
[
38,
65
],
[
38,
66
],
[
12,
47
],
[
26,
69
],
[
27,
69
],
[
47,
69
],
[
13,
55
],
[
13,
66
],
[
14,
47
],
[
14,
66
],
[
47,
67
],
[
55,
67
],
[
13,
27
],
[
15,
27
],
[
15,
28
],
[
15,
48
],
[
28,
48
],
[
14,
15
],
[
14,
40
],
[
15,
40
],
[
15,
57
],
[
39,
57
],
[
16,
17
],
[
16,
48
],
[
17,
67
],
[
48,
57
],
[
16,
28
],
[
18,
28
],
[
17,
18
],
[
17,
39
],
[
18,
39
],
[
19,
35
],
[
35,
56
],
[
35,
64
],
[
53,
63
],
[
56,
63
],
[
56,
64
],
[
19,
20
],
[
19,
42
],
[
20,
41
],
[
20,
58
],
[
41,
58
],
[
20,
33
],
[
20,
34
],
[
20,
54
],
[
33,
54
],
[
34,
35
],
[
21,
36
],
[
21,
54
],
[
36,
54
],
[
21,
22
],
[
21,
42
],
[
22,
42
],
[
22,
34
],
[
22,
36
],
[
29,
50
],
[
30,
50
],
[
30,
51
],
[
31,
51
],
[
31,
32
],
[
31,
52
],
[
32,
52
],
[
32,
53
],
[
33,
53
],
[
37,
68
],
[
53,
68
],
[
37,
38
],
[
38,
52
],
[
38,
62
],
[
52,
63
],
[
40,
55
],
[
41,
55
],
[
41,
68
],
[
41,
69
],
[
55,
56
],
[
68,
69
],
[
49,
59
],
[
50,
60
],
[
50,
61
],
[
51,
61
],
[
58,
64
]
],
"contact_t_pairs": [
[
0.26261692515514923,
0.18857982548590735
],
[
0.010119824338770005,
0.11729624002337391
],
[
0.5223143216031066,
0.2923018558978833
],
[
0.9428966673345672,
0.8563380862160744
],
[
0.7373830748448507,
0.13166239925170248
],
[
0.05710333266543273,
0.7596244151769918
],
[
0.3331219085971367,
0.6996831579938098
],
[
0.9898801756612295,
0.29995016303525673
],
[
0.23444463743156796,
0.21700175346495962
],
[
0.1824540261104791,
0.9225082208857726
],
[
0.46070426330675607,
0.14366191378392532
],
[
0.12140726905489323,
0.985886487344127
],
[
0.817545973889521,
0.7921560278020218
],
[
0.7605748065543584,
0.8173574776395963
],
[
0.45863249161438335,
0.7194031032756735
],
[
0.4179793304110021,
0.027093503055756474
],
[
0.7663257922086749,
0.8409679028570776
],
[
0.8683376007482558,
0.24554996948668906
],
[
0.8785927309451074,
0.20784397219797798
],
[
0.3732697334207643,
0.14289830850508153
],
[
0.16641316401686237,
0.15903209714292238
],
[
0.8335868359831372,
0.6887526818523515
],
[
0.6762759091075983,
0.10742009515338614
],
[
0.5030957852577007,
0.9729064969442438
],
[
0.9294759558068663,
0.9409346824807872
],
[
0.8571016914949184,
0.07052404419313396
],
[
0.1217384184766711,
0.2642959831895003
],
[
0.08924955514876051,
0.08856465404855215
],
[
0.23093196660181697,
0.1078781799245241
],
[
0.05906531751921267,
0.1374139317758342
],
[
0.46723682918671156,
0.44618461988058417
],
[
0.6655227538264782,
0.5291407661880133
],
[
0.9107504448512395,
0.8925799048466135
],
[
0.9004390912106536,
0.13823773194651148
],
[
0.38872334406886067,
0.6796390011517541
],
[
0.7690680333981829,
0.09956090878934638
],
[
0.4178676320320211,
0.9114353459514478
],
[
0.959139396095221,
0.3203609988482458
],
[
0.7415875966981961,
0.7422844484272489
],
[
0.5446283220052062,
0.16409342520158382
],
[
0.5821323679679791,
0.6841823450070116
],
[
0.8617622680534884,
0.8058125857473799
],
[
0.12037296288229826,
0.3286621447622985
],
[
0.8989516868068237,
0.5327994018666065
],
[
0.35661155828322455,
0.3102488592165813
],
[
0.15845845811977055,
0.6032811608857706
],
[
0.07267162757649534,
0.10104831319317632
],
[
0.37003825365814125,
0.8359065747984162
],
[
0.6255650455479032,
0.039508854204820795
],
[
0.0905076926801764,
0.538839011566235
],
[
0.841541541880229,
0.7022315066027671
],
[
0.5924798578381852,
0.8796270371177016
],
[
0.9750237628746101,
0.1570140310669904
],
[
0.8505739979905526,
0.6491444800573535
],
[
0.006922407646000286,
0.7734627122602208
],
[
0.8640209117035754,
0.09735468347678042
],
[
0.9273283724235047,
0.14325930746661425
],
[
0.024976237125389926,
0.19518536295810696
],
[
0.49327326228246793,
0.5836944882789421
],
[
0.9551415630550012,
0.02151877302271024
],
[
0.14548792572185798,
0.3648212966239619
],
[
0.2909788192909064,
0.22653728773977944
],
[
0.06586936511504804,
0.9604911457951789
],
[
0.4091305003980117,
0.9784812269772897
],
[
0.8545120742781415,
0.993077592353999
],
[
0.9091351008613789,
0.7054174593890177
],
[
0.8688792903006975,
0.1621045842393826
],
[
0.9341306348849518,
0.0448584369449987
],
[
0.09086489913862081,
0.12373156293788293
],
[
0.16385631165676803,
0.1530865933872751
],
[
0.522348251148159,
0.3469145574980859
],
[
0.6512208769461502,
0.3447708578993905
],
[
0.1304579909990078,
0.31009864659375147
],
[
0.15548901939623183,
0.01497310596605915
],
[
0.4172656625850493,
0.1693874900576923
],
[
0.8361436883432318,
0.16085907007229344
],
[
0.5525328672606452,
0.8670213165567541
],
[
0.4267965944995867,
0.9121219519357096
],
[
0.4897209017427879,
0.3932905246140266
],
[
0.8628661937158267,
0.26547416167641785
],
[
0.821874751883525,
0.9521346801872335
],
[
0.6922479209589468,
0.3115123508972087
],
[
0.8391409299277064,
0.6461557400470987
],
[
0.862513134958378,
0.7385447762747184
],
[
0.15927892073824002,
0.8469134066127245
],
[
0.030285884006029003,
0.0677933955541792
],
[
0.10018925762851646,
0.2614552237252816
],
[
0.12458626055056259,
0.3032488607932174
],
[
0.7519186397711755,
0.2962782101160815
],
[
0.9697141159939707,
0.1329786834432457
],
[
0.16435440886980193,
0.28416182743757673
],
[
0.6036054952062866,
0.84072107926176
],
[
0.8356455911301981,
0.9322066044458207
],
[
0.7000498369647433,
0.906746963353508
],
[
0.166247630800911,
0.741861200840113
],
[
0.8337523691990888,
0.9163747765765251
],
[
0.10759985304359407,
0.5095214144438512
],
[
0.8924001469564029,
0.19641588781104724
],
[
0.7463045779963848,
0.9294559568902062
],
[
0.16656408665628664,
0.8201310621681649
],
[
0.8334359133437131,
0.43210198610265477
],
[
0.0478653198127665,
0.6500770834198336
],
[
0.7829933155550942,
0.5597601053076818
],
[
0.8695420090009922,
0.8394623314957197
],
[
0.21700668444490526,
0.23417176682501506
],
[
0.04086060390477898,
0.3688839203365032
],
[
0.4384352495761349,
0.8625860682241657
],
[
0.07054404310979345,
0.9850268940339408
],
[
0.8567406925333856,
0.9094923073198232
],
[
0.32417014036195985,
0.5873575331486571
],
[
0.11275919566615897,
0.16053766850428014
],
[
0.08787804806429045,
0.22929035268471556
],
[
0.6985467603465031,
0.8445109806037685
],
[
0.17653321063385888,
0.19418741425262392
],
[
0.30031684200619,
0.8827037599766261
],
[
0.09325303664649184,
0.01411351265587309
],
[
0.24594142184542722,
0.10479412066373148
],
[
0.08362522342347448,
0.8952058793362687
],
[
0.7345258383235825,
0.8306125099423076
]
],
"half_couplers": [
{
"pose": [
[
-0.9506832119701962,
-0.052393849918320176,
-0.30570625601836676,
1.3646896561058288
],
[
0.290990277543375,
0.19049920973850398,
-0.9375685092110524,
1.3743934990634699
],
[
0.1073596239433627,
-0.9802881900644025,
-0.16585829966268695,
-2.0496841551405374
],
[
0.0,
0.0,
0.0,
1.0
]
],
"at_element": 1,
"to_element": 2
},
{
"pose": [
[
0.25347289310716736,
0.052393849918319135,
-0.965922552252829,
1.3665758346145354
],
[
-0.9469520536070788,
-0.19049920973850565,
-0.25882785641878076,
1.367535527834127
],
[
-0.19756847073665007,
0.9802881900644023,
0.0013280779494853068,
-2.014393781951302
],
[
0.0,
0.0,
0.0,
1.0
]
],
"at_element": 2,
"to_element": 1
},
{
"pose": [
[
0.1530083369120261,
-0.20876319571417995,
-0.9659225522528289,
1.5389543743976208
],
[
-0.5668599682679651,
0.7820984062871503,
-0.2588278564187811,
1.4137259473875339
],
[
0.8094802191595897,
0.5871456471764929,
0.0013280779494839745,
-2.0146307907436904
],
[
0.0,
0.0,
0.0,
1.0
]
],
"at_element": 2,
"to_element": 59
},
{
"pose": [
[
-0.7868501233802996,
0.20876319571418003,
-0.5807622675859802,
1.5464698492293176
],
[
0.22220450459659022,
-0.7820984062871492,
-0.5821917562282073,
1.385570405562965
],
[
-0.5757534554593576,
-0.5871456471764935,
0.5690061050009093,
-2.0357680334401316
],
[
0.0,
0.0,
0.0,
1.0
]
],
"at_element": 59,
"to_element": 2
},
{
"pose": [
[
-0.5205883003165557,
-0.6756540814156607,
0.5219955783719625,
1.0577218504263537
],
[
-0.30423087140666205,
-0.4244531117207928,
-0.8528089662015048,
0.8235819937158292
],
[
0.7977665062263914,
-0.6027695398880868,
0.01541049403624628,
-1.970471168983411
],
[
0.0,
0.0,
0.0,
1.0
]
],
"at_element": 0,
"to_element": 23
},
{
"pose": [
[
0.5929838624119942,
0.6756540814156617,
-0.43802020636645456,
1.082045396888661
],
[
-0.7986935629516958,
0.4244531117207909,
-0.42653036052555887,
0.8388623054433626
],
[
-0.10226793934796283,
0.602769539888087,
0.7913344112097144,
-1.948771465965541
],
[
0.0,
0.0,
0.0,
1.0
]
],
"at_element": 23,
"to_element": 0
},
{
"pose": [
[
-0.030907605464987054,
0.8523880196744564,
0.5219955783719619,
1.2772639752394848
],
[
-0.036967512822914494,
0.5209129199415271,
-0.852808966201505,
0.4649055982499787
],
[
-0.9988383867874264,
-0.04565516130132985,
0.015410494036246947,
-1.963989787252765
],
[
0.0,
0.0,
0.0,
1.0
]
],
"at_element": 0,
"to_element": 43
},
{
"pose": [
[
0.43696946855393415,
-0.852388019674457,
0.28721481066816457,
1.246577989879173
],
[
-0.6616217297532271,
-0.5209129199415266,
-0.5393574107735428,
0.446152722955664
],
[
0.6093557009416093,
0.04565516130132427,
-0.7915814777876689,
-1.9623462005540098
],
[
0.0,
0.0,
0.0,
1.0
]
],
"at_element": 43,
"to_element": 0
},
{
"pose": [
[
0.3440656240287122,
0.8877851831343921,
-0.3057062560183657,
1.2195506739999347
],
[
0.05364359197554275,
-0.3436388446839578,
-0.9375685092110528,
0.9292677078750251
],
[
-0.9374119752817831,
0.30618591252915034,
-0.1658582996626854,
-2.128428061465472
],
[
0.0,
0.0,
0.0,
1.0
]
],
"at_element": 1,
"to_element": 23
},
{
"pose": [
[
0.14133565516785707,
-0.8877851831343909,
-0.4380202063664512,
1.1875903888147936
],
[
0.8366505817688829,
0.34363884468395667,
-0.42653036052556126,
0.9416387134802505
],
[
0.5291880918955588,
-0.30618591252915506,
0.7913344112097149,
-2.139450760728772
],
[
0.0,
0.0,
0.0,
1.0
]
],
"at_element": 23,
"to_element": 1
},
{
"pose": [
[
0.8529429912774347,
-0.0029782194043069254,
0.5219955783719645,
0.8148837711908392
],
[
0.5219702780926085,
0.016244874707056822,
-0.8528089662015034,
1.220318096257346
],
[
-0.005939900556982014,
0.9998636078260533,
0.015410494036251055,
-1.977640300154032
],
[
0.0,
0.0,
0.0,
1.0
]
],
"at_element": 0,
"to_element": 2
},
{
"pose": [
[
-0.2588141287846586,
0.0029782194043067034,
-0.9659225522528285,
0.8149909870899537
],
[
0.9657868526685431,
-0.016244874707061596,
-0.25882785641878275,
1.2197332807648409
],
[
-0.01646213698243376,
-0.9998636078260534,
0.0013280779494821982,
-2.0136353902235613
],
[
0.0,
0.0,
0.0,
1.0
]
],
"at_element": 2,
"to_element": 0
},
{
"pose": [
[
-0.2761290167319157,
0.8070151065988691,
0.5219955783719638,
0.958964247375715
],
[
-0.18605491656120537,
0.4879553618823399,
-0.8528089662015038,
0.9849269798646184
],
[
-0.9429402601130509,
-0.3326051450766968,
0.015410494036248279,
-1.973386717535743
],
[
0.0,
0.0,
0.0,
1.0
]
],
"at_element": 0,
"to_element": 49
},
{
"pose": [
[
0.4523036286008967,
-0.80701510659887,
-0.3796683358876226,
0.9299113870994978
],
[
-0.8728645106004436,
-0.48795536188234023,
-0.002666635431138764,
0.9673603955046988
],
[
-0.18310918515659003,
0.33260514507669425,
-0.9251188268432335,
-1.961412801895193
],
[
0.0,
0.0,
0.0,
1.0
]
],
"at_element": 49,
"to_element": 0
},
{
"pose": [
[
-0.08713173456266277,
0.24372460663930598,
-0.965922552252828,
0.5925817552521027
],
[
0.32032774369507794,
-0.9112619147977585,
-0.25882785641878436,
1.1601366758506295
],
[
-0.9432911520052131,
-0.331963911830244,
0.0013280779494828643,
-2.0133295926253205
],
[
0.0,
0.0,
0.0,
1.0
]
],
"at_element": 2,
"to_element": 29
},
{
"pose": [
[
0.7537464071523177,
-0.24372460663930756,
-0.6102988364919988,
0.5838076689795837
],
[
-0.03741491892839982,
0.9112619147977583,
-0.41012418421827346,
1.1929421064041763
],
[
0.6560994418124084,
0.33196391183024376,
0.6777414578552858,
-2.00137889120898
],
[
0.0,
0.0,
0.0,
1.0
]
],
"at_element": 29,
"to_element": 2
},
{
"pose": [
[
0.9421768844239217,
0.057796825117438166,
-0.33009429783559785,
1.271223246916144
],
[
-0.32175606548826896,
-0.11933573145055631,
-0.9392720678912313,
0.917180320969488
],
[
-0.09367898792547283,
0.9911702730638693,
-0.0938388886110344,
-1.3903130680534308
],
[
0.0,
0.0,
0.0,
1.0
]
],
"at_element": 3,
"to_element": 4
},
{
"pose": [
[
-0.25465097953295057,
-0.05779682511743578,
-0.9653043072675341,
1.2691425599648671
],
[
0.9582254746850566,
0.11933573145055965,
-0.25992868803531144,
0.9214764098765469
],
[
0.1302183485055285,
-0.9911702730638691,
0.02499342927627768,
-1.4259952192696446
],
[
0.0,
0.0,
0.0,
1.0
]
],
"at_element": 4,
"to_element": 3
},
{
"pose": [
[
-0.4359428218739039,
-0.837252417490115,
-0.3300942978355969,
1.288385051254222
],
[
0.06351753066450272,
0.33724398553215684,
-0.9392720678912316,
0.9660136499759764
],
[
0.8977301261263886,
-0.43043569046879065,
-0.09383888861103307,
-1.3854343268688516
],
[
0.0,
0.0,
0.0,
1.0
]
],
"at_element": 3,
"to_element": 60
},
{
"pose": [
[
0.07648056664178693,
0.8372524174901157,
0.5414416979999858,
1.3185261187905968
],
[
0.8516508772129843,
-0.33724398553215496,
0.4011948124848345,
0.9538728743486777
],
[
0.5184992828042342,
0.4304356904687901,
-0.7388393669141826,
-1.3699386520335632
],
[
0.0,
0.0,
0.0,
1.0
]
],
"at_element": 60,
"to_element": 3
},
{
"pose": [
[
-0.13751882271536542,
-0.2219823591408222,
-0.9653043072675345,
1.0338954775226723
],
[
0.5873940468329588,
0.7664237149784985,
-0.2599286880353089,
0.8581311362224567
],
[
0.7975316966391865,
-0.6027590906397283,
0.024993429276274903,
-1.419904257825463
],
[
0.0,
0.0,
0.0,
1.0
]
],
"at_element": 4,
"to_element": 43
},
{
"pose": [
[
0.9317893993618537,
0.22198235914082243,
0.28721481066816684,
1.0418868379463595
],
[
0.3488384619880909,
-0.7664237149784996,
-0.5393574107735414,
0.8305398980386647
],
[
0.10040041172554649,
0.6027590906397268,
-0.7915814777876693,
-1.3982049427961085
],
[
0.0,
0.0,
0.0,
1.0
]
],
"at_element": 43,
"to_element": 4
},
{
"pose": [
[
-0.10678885335244814,
0.2382933804586547,
-0.9653043072675354,
1.3614203275169237
],
[
0.30560768076927936,
-0.9159918245219587,
-0.2599286880353064,
0.9463241587926673
],
[
-0.9461501393830114,
-0.32276189712932385,
0.02499342927627568,
-1.42838445325495
],
[
0.0,
0.0,
0.0,
1.0
]
],
"at_element": 4,
"to_element": 60
},
{
"pose": [
[
-0.8062612185244198,
-0.23829338045865128,
0.5414416979999843,
1.3528417549981038
],
[
-0.001303780726515949,
0.9159918245219616,
0.401194812484839,
0.9792999060760512
],
[
-0.5915582369127614,
0.322761897129318,
-0.7388393669141817,
-1.4167650102997722
],
[
0.0,
0.0,
0.0,
1.0
]
],
"at_element": 60,
"to_element": 4
},
{
"pose": [
[
0.9363439788341794,
0.11957302303363171,
-0.33009429783559774,
1.078744820691057
],
[
-0.3132205208473201,
-0.1402172878052632,
-0.9392720678912313,
0.3694895228844859
],
[
-0.15859652777129532,
0.9828740531538794,
-0.09383888861103462,
-1.445030649414254
],
[
0.0,
0.0,
0.0,
1.0
]
],
"at_element": 3,
"to_element": 5
},
{
"pose": [
[
-0.6446904086019201,
-0.11957302303363243,
0.7550341510284735,
1.0744401850159422
],
[
-0.7638335568655508,
0.14021728780526477,
-0.629997944128913,
0.3745373532733238
],
[
-0.030538082173095726,
-0.9828740531538789,
-0.1817306280571751,
-1.4804141716001982
],
[
0.0,
0.0,
0.0,
1.0
]
],
"at_element": 5,
"to_element": 3
},
{
"pose": [
[
0.4304197187260198,
0.8401051245339697,
-0.3300942978355989,
1.097550678169432
],
[
-0.061295263553019674,
-0.33765496167729747,
-0.9392720678912307,
0.4230009490375614
],
[
-0.9005452550526152,
0.42451443625213253,
-0.09383888861103529,
-1.439684538388649
],
[
0.0,
0.0,
0.0,
1.0
]
],
"at_element": 3,
"to_element": 44
},
{
"pose": [
[
-0.4857559544850083,
-0.8401051245339687,
0.241380472313159,
1.0673063314264486
],
[
-0.8165964939165128,
0.33765496167729725,
-0.4681445214652862,
0.4351567536413269
],
[
0.31178729737694183,
-0.42451443625213503,
-0.8500448074118885,
-1.4549673422098182
],
[
0.0,
0.0,
0.0,
1.0
]
],
"at_element": 44,
"to_element": 3
},
{
"pose": [
[
0.28880474154524005,
0.5886554612349222,
0.7550341510284738,
0.8226185250224942
],
[
0.5683627592255733,
0.5292129668846343,
-0.6299979441289123,
0.584656495390141
],
[
-0.7704255935432572,
0.6110796868162647,
-0.18173062805717644,
-1.4198027298969682
],
[
0.0,
0.0,
0.0,
1.0
]
],
"at_element": 5,
"to_element": 23
},
{
"pose": [
[
-0.6794284706817857,
-0.5886554612349224,
-0.43802020636645445,
0.8014269321149764
],
[
0.7334885733473286,
-0.5292129668846355,
-0.4265303605255587,
0.5656048319059161
],
[
0.01927345313925899,
-0.6110796868162639,
0.7913344112097146,
-1.4418015947845833
],
[
0.0,
0.0,
0.0,
1.0
]
],
"at_element": 23,
"to_element": 5
},
{
"pose": [
[
0.33245347810931547,
0.5651531789468502,
0.7550341510284739,
0.7919239999666756
],
[
0.6067214696380634,
0.48475937192959206,
-0.6299979441289123,
0.6102679033706124
],
[
-0.7220552216923908,
0.6675404374662983,
-0.1817306280571762,
-1.412414805378968
],
[
0.0,
0.0,
0.0,
1.0
]
],
"at_element": 5,
"to_element": 24
},
{
"pose": [
[
-0.6882327802650603,
-0.5651531789468508,
-0.454903862914896,
0.7715782423783668
],
[
0.7232087637261418,
-0.48475937192959306,
-0.49191201997525147,
0.5928163574228051
],
[
0.05748673097620943,
-0.6675404374662973,
0.742351022164699,
-1.4364465483241142
],
[
0.0,
0.0,
0.0,
1.0
]
],
"at_element": 24,
"to_element": 5
},
{
"pose": [
[
0.30383168959704043,
-0.5810419392585342,
0.7550341510284747,
1.0549374750138543
],
[
0.09055215226873695,
-0.7712994866540788,
-0.6299979441289107,
0.39081034859349784
],
[
0.9484126802801126,
0.2597833072193758,
-0.18173062805717755,
-1.4757200266629544
],
[
0.0,
0.0,
0.0,
1.0
]
],
"at_element": 5,
"to_element": 44
},
{
"pose": [
[
-0.7772552556326384,
0.5810419392585331,
0.2413804723131616,
1.0758549748122137
],
[
0.431205065959561,
0.7712994866540797,
-0.4681445214652883,
0.41857711681878224
],
[
-0.4581882349889099,
-0.25978330721937504,
-0.8500448074118865,
-1.4850722212451781
],
[
0.0,
0.0,
0.0,
1.0
]
],
"at_element": 44,
"to_element": 5
},
{
"pose": [
[
-0.22085150851559776,
0.8714143159261675,
-0.4380202063664579,
0.7035724531379394
],
[
-0.802237299620728,
-0.417716610451605,
-0.42653036052556015,
0.4703172045534062
],
[
-0.5546529782518319,
0.25719627398496947,
0.7913344112097118,
-1.265016105485162
],
[
0.0,
0.0,
0.0,
1.0
]
],
"at_element": 23,
"to_element": 24
},
{
"pose": [
[
0.18357441407787034,
-0.8714143159261675,
-0.45490386291489815,
0.6722015519201974
],
[
0.7638948867198244,
0.4177166104516058,
-0.49191201997524736,
0.4853549957441096
],
[
0.6186800760807426,
-0.2571962739849688,
0.7423510221647003,
-1.2742751671706227
],
[
0.0,
0.0,
0.0,
1.0
]
],
"at_element": 24,
"to_element": 23
},
{
"pose": [
[
-0.24963050199490278,
-0.07663032588029206,
-0.9653043072675338,
0.6305059397539421
],
[
0.9466548118173688,
0.1904776742803833,
-0.25992868803531183,
0.7495099350841343
],
[
0.20378733949093925,
-0.978696096219974,
0.0249934292762779,
-1.409459791964173
],
[
0.0,
0.0,
0.0,
1.0
]
],
"at_element": 4,
"to_element": 5
},
{
"pose": [
[
0.6511921559234191,
0.07663032588029572,
0.7550341510284744,
0.6332646281772407
],
[
0.7528750533747823,
-0.19047767428038131,
-0.629997944128912,
0.7426527470336102
],
[
0.09554020132765112,
0.9786960962199741,
-0.1817306280571751,
-1.3742267747538954
],
[
0.0,
0.0,
0.0,
1.0
]
],
"at_element": 5,
"to_element": 4
},
{
"pose": [
[
-0.9389685381915576,
0.002123080412874845,
-0.34399647791215826,
0.6924602814361744
],
[
0.3415450688155188,
0.12507983920060028,
-0.9315052333687421,
0.6213752379435489
],
[
0.04104936362737002,
-0.9921444080148376,
-0.11817116141713901,
-0.6678117707984752
],
[
0.0,
0.0,
0.0,
1.0
]
],
"at_element": 6,
"to_element": 7
},
{
"pose": [
[
0.3054391788303257,
-0.0021230804128745118,
-0.9522092210039856,
0.6923838505482709
],
[
-0.9448144233680715,
-0.12507983920059984,
-0.30278827457682483,
0.616872364142368
],
[
-0.11845933239350487,
0.9921444080148376,
-0.04021020036971468,
-0.6320945753624208
],
[
0.0,
0.0,
0.0,
1.0
]
],
"at_element": 7,
"to_element": 6
},
{
"pose": [
[
-0.4458655723293168,
-0.8263596762884071,
-0.3439964779121581,
0.7991971783980757
],
[
0.05128792082568456,
0.3600938063672071,
-0.9315052333687421,
0.9104072033782074
],
[
0.8936293642158528,
-0.43296897812718105,
-0.11817116141713879,
-0.631145049218639
],
[
0.0,
0.0,
0.0,
1.0
]
],
"at_element": 6,
"to_element": 44
},
{
"pose": [
[
0.5087879253582902,
0.8263596762884075,
0.2413804723131621,
0.8289459945064054
],
[
0.8069530083208126,
-0.3600938063672072,
-0.468144521465291,
0.8974438839729321
],
[
-0.2999361421562885,
0.43296897812717977,
-0.8500448074118845,
-0.6155582352918404
],
[
0.0,
0.0,
0.0,
1.0
]
],
"at_element": 44,
"to_element": 6
},
{
"pose": [
[
0.9371876563424101,
0.057842198985256665,
-0.34399647791215904,
0.4549390884298954
],
[
-0.33286057938806546,
-0.14663503979638115,
-0.9315052333687422,
-0.0218064471254307
],
[
-0.10432224829278716,
0.9874980734768365,
-0.11817116141713413,
-0.7494060807434271
],
[
0.0,
0.0,
0.0,
1.0
]
],
"at_element": 6,
"to_element": 8
},
{
"pose": [
[
-0.6981223976678192,
-0.05784219898525672,
0.7136381421218213,
0.45285676944506265
],
[
-0.713023126185067,
0.14663503979637416,
-0.6856356077605579,
-0.016527586145620415
],
[
-0.06498568611478006,
-0.9874980734768375,
-0.14361203111064724,
-0.7849560083388607
],
[
0.0,
0.0,
0.0,
1.0
]
],
"at_element": 8,
"to_element": 6
},
{
"pose": [
[
-0.40232645899417974,
-0.8484101859226083,
-0.34399647791215804,
0.5361106956033191
],
[
0.032508517690748695,
0.36227226844487515,
-0.931505233368742,
0.19799748035054734
],
[
0.9149189126205419,
-0.3859520176635557,
-0.11817116141713901,
-0.7215216583446935
],
[
0.0,
0.0,
0.0,
1.0
]
],
"at_element": 6,
"to_element": 25
},
{
"pose": [
[
-0.10597502371007961,
0.8484101859226066,
-0.5186226477627216,
0.5666534591678752
],
[
-0.8306043252795031,
-0.3622722684448758,
-0.4229128259379053,
0.18495568002247287
],
[
-0.5466861523549222,
0.3859520176635584,
0.7430849822764547,
-0.7076273871320696
],
[
0.0,
0.0,
0.0,
1.0
]
],
"at_element": 25,
"to_element": 6
},
{
"pose": [
[
-0.3895637858865162,
-0.582203279649542,
0.7136381421218196,
0.320364926687153
],
[
-0.558817559191382,
-0.46650482195813825,
-0.6856356077605599,
0.11076539298599221
],
[
0.7320949339157807,
-0.6658923278241937,
-0.14361203111064746,
-0.758293444329204
],
[
0.0,
0.0,
0.0,
1.0
]
],
"at_element": 8,
"to_element": 24
},
{
"pose": [
[
0.6738707714914048,
0.5822032796495433,
-0.45490386291489604,
0.3413242578633913
],
[
-0.7351161919680964,
0.4665048219581365,
-0.49191201997525164,
0.1275595770802802
],
[
-0.0741779457514411,
0.6658923278241935,
0.7423510221646988,
-0.7343213055343405
],
[
0.0,
0.0,
0.0,
1.0
]
],
"at_element": 24,
"to_element": 8
},
{
"pose": [
[
-0.4019652162161742,
0.5737112227080812,
0.71363814212182,
0.6246460794354447
],
[
-0.23289836609401485,
0.6896826548794353,
-0.6856356077605598,
-0.18157603438553566
],
[
-0.8855406913423135,
-0.4418068226015216,
-0.1436120311106457,
-0.819526766647073
],
[
0.0,
0.0,
0.0,
1.0
]
],
"at_element": 8,
"to_element": 45
},
{
"pose": [
[
0.8189862978445195,
-0.5737112227080826,
-0.01081096118413613,
0.6039925061816176
],
[
-0.4901678616403432,
-0.6896826548794373,
-0.5329852746309083,
-0.20640457297888692
],
[
0.29832350118262807,
0.44180682260151677,
-0.8460554474411772,
-0.8036217447240767
],
[
0.0,
0.0,
0.0,
1.0
]
],
"at_element": 45,
"to_element": 8
},
{
"pose": [
[
0.3049164024785218,
0.017988522300052823,
-0.9522092210039854,
0.012312803593107283
],
[
-0.9345310152039303,
-0.18700546088470427,
-0.3027882745768251,
0.4006199541099441
],
[
-0.1835150378619353,
0.9821941613880425,
-0.04021020036971512,
-0.66081283649717
],
[
0.0,
0.0,
0.0,
1.0
]
],
"at_element": 7,
"to_element": 8
},
{
"pose": [
[
-0.7002835248485972,
-0.017988522300052157,
0.713638142121821,
0.01166523305943424
],
[
-0.7035145847600521,
0.1870054608847045,
-0.6856356077605585,
0.4073519815708395
],
[
-0.1211206582524848,
-0.9821941613880423,
-0.14361203111064547,
-0.6961709379938533
],
[
0.0,
0.0,
0.0,
1.0
]
],
"at_element": 8,
"to_element": 7
},
{
"pose": [
[
-0.9254064657777206,
0.0808501858332289,
-0.37025142882576545,
0.48218784142437277
],
[
0.3707676095086822,
-0.009088413571341158,
-0.9286812049772374,
0.5731107361343272
],
[
-0.07844904611278505,
-0.9966848289150833,
-0.02156615344713808,
-0.09294404161397546
],
[
0.0,
0.0,
0.0,
1.0
]
],
"at_element": 9,
"to_element": 10
},
{
"pose": [
[
0.34386225498606116,
-0.08085018583322878,
-0.9355330015807208,
0.4792772347568431
],
[
-0.9383123956093266,
0.009088413571341825,
-0.3456692768885348,
0.57343791902037
],
[
0.036449936101280056,
0.9966848289150831,
-0.0727375691697485,
-0.05706338804999002
],
[
0.0,
0.0,
0.0,
1.0
]
],
"at_element": 10,
"to_element": 9
},
{
"pose": [
[
0.12359508492718829,
-0.9206726532456155,
-0.37025142882576373,
0.4942168894924567
],
[
-0.07225864399258214,
0.36377177995328125,
-0.9286812049772379,
0.6032825328780319
],
[
0.9896984102999229,
0.141534298582711,
-0.021566153447140746,
-0.0922433818021226
],
[
0.0,
0.0,
0.0,
1.0
]
],
"at_element": 9,
"to_element": 65
},
{
"pose": [
[
-0.29118260395302076,
0.9206726532456162,
-0.2599510660120787,
0.527360768205207
],
[
-0.3985862939750882,
-0.36377177995328025,
-0.8419020479633169,
0.5901868818761374
],
[
-0.8696790542552713,
-0.1415342985827116,
0.4728915149528028,
-0.0973385647744664
],
[
0.0,
0.0,
0.0,
1.0
]
],
"at_element": 65,
"to_element": 9
},
{
"pose": [
[
0.23973579855549676,
-0.2594315899121099,
-0.935533001580721,
0.5104903733399074
],
[
-0.7725511390216787,
0.5326138269061966,
-0.3456692768885353,
0.5849708345083315
],
[
0.5879553422559108,
0.8056163860945301,
-0.07273756916974938,
-0.05463657058566274
],
[
0.0,
0.0,
0.0,
1.0
]
],
"at_element": 10,
"to_element": 65
},
{
"pose": [
[
-0.9301186448162722,
0.25943158991211024,
-0.2599510660120798,
0.5198299107453408
],
[
0.08673784078192005,
-0.5326138269061971,
-0.8419020479633165,
0.5657967363935775
],
[
-0.356869518930424,
-0.8056163860945299,
0.4728915149528031,
-0.08363876100861357
],
[
0.0,
0.0,
0.0,
1.0
]
],
"at_element": 65,
"to_element": 10
},
{
"pose": [
[
-0.8162925948226638,
-0.5775374643743536,
-0.010810961184134854,
0.6135263616556949
],
[
-0.4839817383335366,
0.6940377323937563,
-0.5329852746309047,
0.2636188126937395
],
[
0.31532217904443494,
-0.4298396250437773,
-0.8460554474411794,
-0.057511364566842936
],
[
0.0,
0.0,
0.0,
1.0
]
],
"at_element": 45,
"to_element": 62
},
{
"pose": [
[
-0.20608253529495468,
0.5775374643743528,
-0.7899243418774022,
0.6343177081736453
],
[
-0.6334235406450529,
-0.6940377323937565,
-0.342178672874885,
0.23863345697077673
],
[
-0.7458583020943648,
0.42983962504377815,
0.5088548810212352,
-0.04203713970229245
],
[
0.0,
0.0,
0.0,
1.0
]
],
"at_element": 62,
"to_element": 45
},
{
"pose": [
[
-0.47106836884576797,
-0.3925737204431032,
-0.7899243418774027,
0.37378257300025985
],
[
0.8698766228174091,
-0.3552863871658496,
-0.34217867287488407,
0.12577509565097375
],
[
-0.14631901089320715,
-0.8483262680785608,
0.508854881021235,
0.1257948515177986
],
[
0.0,
0.0,
0.0,
1.0
]
],
"at_element": 62,
"to_element": 65
},
{
"pose": [
[
0.8822195403053843,
0.3925737204431031,
-0.25995106601208,
0.3879152311873466
],
[
-0.40616809910406904,
0.35528638716584937,
-0.8419020479633158,
0.1385654094362992
],
[
-0.23815154413428363,
0.8483262680785609,
0.4728915149528038,
0.15633460635505303
],
[
0.0,
0.0,
0.0,
1.0
]
],
"at_element": 65,
"to_element": 62
},
{
"pose": [
[
0.9288957416794469,
0.008159690084144605,
-0.37025142882576556,
0.28085091428803743
],
[
-0.36993342582923594,
-0.02646658225520837,
-0.9286812049772375,
0.0681084443339223
],
[
-0.01737704071570978,
0.9996163961647784,
-0.021566153447139413,
-0.10467137803227988
],
[
0.0,
0.0,
0.0,
1.0
]
],
"at_element": 9,
"to_element": 11
},
{
"pose": [
[
-0.7745220249855747,
-0.00815969008414491,
0.6324943100692493,
0.2805571652965362
],
[
-0.6324610575125775,
0.026466582255209814,
-0.7741398651108212,
0.06906124177669032
],
[
-0.010423221302313934,
-0.9996163961647783,
-0.025659637102345645,
-0.14065758648302698
],
[
0.0,
0.0,
0.0,
1.0
]
],
"at_element": 11,
"to_element": 9
},
{
"pose": [
[
0.37451504658092083,
0.8500896184150057,
-0.37025142882576556,
0.1900550112984762
],
[
-0.12798747250848952,
-0.34809542715025055,
-0.9286812049772377,
-0.15962990326073861
],
[
-0.9183450804383827,
0.39519262930894256,
-0.02156615344713897,
-0.1099599960464075
],
[
0.0,
0.0,
0.0,
1.0
]
],
"at_element": 9,
"to_element": 25
},
{
"pose": [
[
0.09153245266358034,
-0.8500896184150059,
-0.5186226477627247,
0.15945179974789667
],
[
0.8366446768218264,
0.34809542715024977,
-0.42291282593790763,
-0.1470984739077597
],
[
0.5400439749271269,
-0.3951926293089421,
0.7430849822764513,
-0.12418692386199583
],
[
0.0,
0.0,
0.0,
1.0
]
],
"at_element": 25,
"to_element": 9
},
{
"pose": [
[
0.5803561205761971,
0.5129695127780699,
0.6324943100692497,
0.515401243211599
],
[
0.49558657743965656,
0.39382916792417444,
-0.7741398651108208,
-0.21837559347221014
],
[
-0.6462048572793258,
0.7627324992763728,
-0.02565963710234609,
-0.15018496675981702
],
[
0.0,
0.0,
0.0,
1.0
]
],
"at_element": 11,
"to_element": 26
},
{
"pose": [
[
-0.8299343208307195,
-0.5129695127780701,
-0.2192516865784209,
0.4969343134229169
],
[
0.45448882861592615,
-0.39382916792417566,
-0.7989608821184395,
-0.23255346449889885
],
[
0.3234948651378814,
-0.7627324992763722,
0.5599912559826654,
-0.17764337736866861
],
[
0.0,
0.0,
0.0,
1.0
]
],
"at_element": 26,
"to_element": 11
},
{
"pose": [
[
-0.13836276509903667,
0.965807663650826,
-0.2192516865784202,
0.44201492050146374
],
[
-0.5426943793181535,
-0.25912220958653953,
-0.7989608821184389,
-0.4326816701181482
],
[
-0.828455524388988,
0.00844022110626147,
0.5599912559826665,
-0.03737362483068732
],
[
0.0,
0.0,
0.0,
1.0
]
],
"at_element": 26,
"to_element": 46
},
{
"pose": [
[
-0.2591409146117982,
-0.9658076636508262,
-0.007844947896169532,
0.4072458656621978
],
[
-0.9638686260027343,
0.2591222095865391,
-0.061749107739231826,
-0.4233532762212414
],
[
0.06167056171109736,
-0.008440221106263034,
-0.9980608721345183,
-0.037677472606537254
],
[
0.0,
0.0,
0.0,
1.0
]
],
"at_element": 46,
"to_element": 26
},
{
"pose": [
[
0.34966658489804603,
-0.050112696585827066,
-0.9355330015807217,
0.007046323511059882
],
[
-0.9354373942521136,
