{
"line_pt_pairs": [
[
[
217.70008542555246,
-285.2045755806665,
0.05682994958851317
],
[
218.45577124627917,
-285.8543190562795,
-0.025464377378343617
]
],
[
[
217.2810411488612,
-286.58303203651593,
2.1522338117502153
],
[
216.99959112640227,
-287.30976133848304,
2.778852042031051
]
],
[
[
216.94619216758946,
-287.41999429164986,
3.4234421060478244
],
[
217.1484846646094,
-287.1927920960874,
2.470836779597758
]
],
[
[
217.2563107329364,
-287.2880231418609,
3.036599992275742
],
[
216.84213679585386,
-287.0836559203821,
2.149642277034154
]
],
[
[
216.22671637190845,
-286.3400296673691,
2.931238243040588
],
[
216.61629958482487,
-286.74392257583406,
2.1035333205558846
]
],
[
[
216.47058634193579,
-286.7678071003887,
2.5719046755299937
],
[
217.12521284340028,
-286.113840386166,
2.192705941000109
]
],
[
[
216.82620509619233,
-287.1273727593374,
2.5189391775952994
],
[
217.57894066517846,
-286.63765987885625,
2.0789727494737815
]
],
[
[
216.79882226987317,
-286.9570039909059,
2.588891733601452
],
[
217.35505587340074,
-287.32642958534433,
1.844493380244502
]
],
[
[
216.57125169585194,
-286.77791559110455,
2.5936025881822786
],
[
216.45061607557844,
-286.21844555457585,
1.7735779999242407
]
],
[
[
215.77171265991572,
-286.4990811865942,
2.333365461245883
],
[
216.70336890011097,
-286.84847625469246,
2.4330636883805195
]
],
[
[
217.000982751667,
-287.3673766594895,
2.24250152266516
],
[
216.9549084181443,
-288.2262442985227,
2.752622620456593
]
],
[
[
216.97305027652297,
-286.8280698469025,
2.5019342656916814
],
[
217.14610654968305,
-287.8081782955699,
2.404779980296463
]
],
[
[
217.05826394104457,
-287.0470466436585,
2.9401511291817246
],
[
217.00982972324894,
-287.85972561668694,
2.359455844764867
]
],
[
[
216.41123470916384,
-287.1488751846338,
2.8538046522257017
],
[
217.10394316917925,
-286.84629898112433,
2.1991271510903063
]
],
[
[
216.52578142514758,
-287.44944465274585,
3.2884179317853865
],
[
216.77376063034623,
-287.0476072547583,
2.4069231675538276
]
],
[
[
216.8895404662086,
-287.63184564934494,
3.547312100767324
],
[
216.3391355419145,
-287.25059034133756,
2.8045477980245384
]
],
[
[
217.1473456139739,
-287.1939870286277,
2.9088876265957873
],
[
216.56413938823127,
-287.64294527718914,
3.585871370347203
]
],
[
[
218.09019737073484,
-285.8360322506981,
-0.06752650558287066
],
[
218.55492918507875,
-284.96250257596364,
0.07728457166925784
]
],
[
[
217.70455863491438,
-285.45495082580754,
0.0006568620087628041
],
[
218.6002865884052,
-285.0103500183182,
-0.0005902606612009365
]
],
[
[
215.71929837425074,
-286.38653225006055,
2.3780585027084253
],
[
215.43781851101605,
-287.08197774107623,
3.0392125359104694
]
],
[
[
216.20887051424614,
-286.7364534059417,
2.722351621741691
],
[
216.96886077375646,
-287.38626548372395,
2.734963878389516
]
],
[
[
216.60256473760307,
-286.8451335548654,
2.387752892643067
],
[
216.30993557235294,
-287.0790723462401,
3.3149210616044282
]
],
[
[
216.71104373289504,
-286.43995961927584,
2.195753810396324
],
[
216.34322775569171,
-287.18017710056097,
2.7585943626967806
]
],
[
[
216.23736238768947,
-286.5189307872284,
2.260691331763376
],
[
215.30290266533274,
-286.56124353317136,
2.614237168712074
]
],
[
[
216.31354837196912,
-286.59846523364916,
2.8230587958795006
],
[
216.88630342125535,
-286.3043606037451,
2.0579090587782094
]
],
[
[
216.614355228375,
-286.45655320765917,
2.8226218135971766
],
[
215.81734053022504,
-286.65865825105436,
2.253481125922167
]
],
[
[
216.04261688397537,
-286.6719357069992,
3.6127346662391386
],
[
216.5542456215618,
-287.1051181869694,
2.870717837641144
]
],
[
[
216.10872270307974,
-286.5533603660926,
3.3590909187433633
],
[
216.47919604482104,
-286.412238055113,
2.4410310098034214
]
],
[
[
216.30948554620176,
-286.307223587358,
2.933459586062508
],
[
216.0658734424911,
-286.99531914095974,
3.6169635377988616
]
],
[
[
215.96477235146378,
-286.6152611931186,
2.6114041852672356
],
[
216.46351462122595,
-286.1726654947155,
1.866175900707697
]
],
[
[
216.91526568833325,
-286.12457365074346,
1.6179909614978525
],
[
217.41157992172577,
-285.73864678802016,
0.8403453877558311
]
],
[
[
217.3936461921555,
-285.79515489296,
1.1159977451400551
],
[
217.8683877781852,
-285.57844965348545,
0.2629682815936494
]
],
[
[
217.42304946038183,
-285.62809149207243,
0.6101753846488294
],
[
218.0398494879311,
-285.382286358086,
-0.13757963012615804
]
],
[
[
217.61562391001473,
-286.1659937026397,
1.1658387513944914
],
[
217.99764058915048,
-285.8419811898611,
0.3003451648064601
]
],
[
[
217.87532269806388,
-286.03527899641153,
0.5709479914934545
],
[
218.35500791476107,
-285.61810687736977,
-0.20097785726170292
]
],
[
[
216.93969457619758,
-287.67885314210724,
2.5443659965903294
],
[
217.29230617902454,
-287.109709569969,
1.8015735276963887
]
],
[
[
217.45458205874692,
-286.78279682552795,
1.4837199270762398
],
[
217.7075879582702,
-286.037853454247,
0.8664295672041711
]
],
[
[
217.50530428411622,
-285.99239233894144,
2.0261984714938786
],
[
217.81720642368182,
-285.6532052616073,
1.1386911859441065
]
],
[
[
217.78838758377526,
-285.7003822849108,
1.3190121416160556
],
[
218.12271796420086,
-285.41614642794417,
0.4204392873972478
]
],
[
[
218.09244200047192,
-285.478353048566,
0.7768541772505679
],
[
218.46172347055182,
-285.1036422089793,
-0.07357100026467478
]
],
[
[
217.25920962204805,
-286.7596817976606,
2.298659962596185
],
[
217.4143034273018,
-285.88626389442203,
1.837046403572792
]
],
[
[
216.77721320430305,
-286.3032629540256,
2.2726510360931647
],
[
217.62732213849495,
-286.0937817226486,
1.7895025975073966
]
],
[
[
216.92699569558917,
-286.22028824985676,
2.268694842659692
],
[
216.9218058383616,
-285.9454035647482,
1.3072316476934458
]
],
[
[
217.40559672016545,
-286.66500721183525,
2.316622118194628
],
[
217.59430833931438,
-286.78294504147954,
1.3416972015282316
]
],
[
[
217.1957537815285,
-286.20549640670004,
2.2855203073816766
],
[
216.31938441218657,
-286.25672042876727,
1.806612353759598
]
],
[
[
217.3499659179547,
-286.5037210117683,
2.3177678579743692
],
[
217.14500838262205,
-287.37898332006586,
1.8796944618591416
]
],
[
[
218.2169408935922,
-285.35257642505997,
0.7944493272866011
],
[
218.1961701209344,
-285.5912411141845,
-0.17643055259983065
]
],
[
[
217.9023896105508,
-285.2825029028359,
-0.11549103740748601
],
[
218.13853471318603,
-285.43692721635205,
0.843877829033608
]
],
[
[
217.82979876078096,
-285.75605796085193,
1.3924989552512135
],
[
217.90003148018403,
-285.8903603156346,
0.4040505536514718
]
],
[
[
217.80517522221416,
-285.62681444179174,
1.36368766390321
],
[
217.51774231563587,
-285.5399129761813,
0.40983732999819167
]
],
[
[
217.4365941927328,
-285.6323386131112,
0.35526708083849434
],
[
218.38703558806952,
-285.4134097636945,
0.5760187805454229
]
],
[
[
218.30969551341215,
-285.2535648003779,
0.7138128791212854
],
[
217.9498875055406,
-286.1092541948079,
0.3418802807494561
]
],
[
[
217.207528570585,
-285.57249301904653,
1.0005913625463765
],
[
217.802329726123,
-286.3713406152613,
0.9108467059223859
]
],
[
[
217.5106173229378,
-285.3520487747249,
0.33286923538627633
],
[
218.16288294074278,
-286.09288694362226,
0.4932075381533425
]
],
[
[
216.48595694570355,
-288.18120907604924,
3.161729762396515
],
[
217.11170873330377,
-287.988650960865,
2.4058487713722636
]
],
[
[
217.5836784532955,
-286.6207611922413,
1.4438245708591437
],
[
217.09527350121175,
-287.25141666613195,
2.046928439220037
]
],
[
[
216.37017006733464,
-286.2426705848568,
2.0610600619234187
],
[
216.96255286535768,
-286.0832884383008,
1.2713259598576532
]
],
[
[
216.89947414760954,
-286.07425208813726,
1.5274049820089752
],
[
217.61767671304756,
-286.7695118842999,
1.5556696390588747
]
],
[
[
217.88910366274024,
-285.7303735240135,
1.3408375001481683
],
[
217.46117121845526,
-286.63417955697327,
1.3379258144179693
]
],
[
[
218.1005317499393,
-285.6239203216797,
1.218369284604817
],
[
216.72942814171202,
-286.21426606240436,
1.3652256835608707
]
],
[
[
216.79077680582967,
-286.01140780708016,
1.3108822548950225
],
[
217.592618708578,
-286.0189562956452,
1.9083708182310495
]
],
[
[
217.4929741523545,
-285.91850348896185,
1.9820330061366338
],
[
217.54547282032377,
-286.67157080134433,
1.32618735898905
]
],
[
[
216.55829163096584,
-287.2334818857073,
3.022720095329932
],
[
216.63637474854212,
-288.22543457856716,
2.923056250944786
]
],
[
[
216.40078190951593,
-286.97817416543967,
3.1837666637682362
],
[
215.45734376781064,
-286.86573297885514,
2.8718669165173907
]
],
[
[
216.273998681452,
-286.6434793629717,
2.6175084438763934
],
[
216.92508289688263,
-287.3954772642156,
2.5146080019830435
]
],
[
[
216.0608357018462,
-286.78565408777007,
3.113064496659967
],
[
216.68782047243343,
-287.5443301178733,
2.9361442355296314
]
],
[
[
216.8555292714276,
-287.5149912820908,
3.3623037162336775
],
[
216.1538220003012,
-286.80343148182595,
3.3263933236523773
]
],
[
[
216.60591589086505,
-287.3329422963345,
3.4236414354681894
],
[
216.9707465172836,
-288.2512293068468,
3.2698637376331803
]
],
[
[
216.95298042809887,
-287.32907721976574,
3.0284246806286546
],
[
216.80230673788148,
-288.28663287548886,
3.274157473045289
]
],
[
[
216.86996345376832,
-288.17631782617497,
3.3845860819583753
],
[
217.0588052958729,
-287.88907869425367,
2.445526744235971
]
],
[
[
216.93867094853184,
-288.2596485470545,
3.556184295501161
],
[
216.69852590821674,
-288.00139883319946,
2.620429282206638
]
],
[
[
216.35886290886546,
-286.8347932054088,
3.284132397340276
],
[
215.36634696069743,
-286.75271070749136,
3.193719145171542
]
],
[
[
216.2934929080987,
-286.5295916936593,
2.9841104035782116
],
[
215.35128566752905,
-286.63913571684026,
3.300726295162149
]
],
[
[
215.35481752270863,
-286.6187779979466,
3.553031053987468
],
[
215.6264581365068,
-286.8924167774376,
2.6303538648828364
]
],
[
[
215.36099100226053,
-286.68520970247016,
3.418389978626221
],
[
215.58605620842073,
-286.57838084799164,
2.449920439184288
]
],
[
[
216.99195973473957,
-287.0763798591311,
2.614133282450053
],
[
216.83832853621925,
-286.6655010311117,
1.715480933915517
]
],
[
[
216.4417171410173,
-286.6655614976732,
2.5960409059905336
],
[
216.87525368483205,
-286.83110721188757,
1.7102414469240863
]
],
[
[
216.76420422542887,
-286.7086089814925,
1.9801890813333427
],
[
217.5867408254125,
-286.7377095904424,
1.4122219200941315
]
],
[
[
216.78888173312967,
-286.72976454173175,
2.0328066703977417
],
[
216.84851829862282,
-285.9769790739105,
1.3772477336931361
]
],
[
[
216.61948664672732,
-286.96485318002266,
1.8563185039229346
],
[
217.5705955863106,
-285.80494510332323,
1.8585631981680626
]
],
[
[
217.78635297758146,
-285.4755293394458,
1.3980401083759153
],
[
217.58833103462393,
-286.32234197149074,
0.9043846857211386
]
],
[
[
217.22365202467893,
-285.82365686973077,
0.8017039925135911
],
[
218.07186389989002,
-285.7207062940561,
1.3212593733144957
]
],
[
[
216.37929274431644,
-287.3653939164985,
3.1716866552698235
],
[
217.27370414287677,
-287.14940436203057,
2.780053201021957
]
],
[
[
216.29751687547878,
-287.12921283109847,
3.169057892854398
],
[
216.44043739764197,
-286.31968823368715,
2.599633929071169
]
],
[
[
216.67594586291068,
-287.3659133696847,
3.4321207143021795
],
[
216.72674502213187,
-288.1997749063174,
2.882489580588919
]
],
[
[
215.43288680088418,
-286.91793962025054,
2.9044098553793942
],
[
216.3077304839028,
-286.9424857193252,
3.3881928845388396
]
],
[
[
215.97049176679235,
-286.4964693794424,
2.3756807286048223
],
[
216.36078073965734,
-287.06095979399373,
3.103021838084852
]
],
[
[
216.62080057389412,
-287.3002247783662,
3.136308515794573
],
[
217.12011534555924,
-287.65490211517096,
2.3458094673738135
]
],
[
[
216.9552015052939,
-287.3293493239105,
3.2363135610644633
],
[
217.01821552206067,
-287.9308107810293,
2.4399007602561253
]
],
[
[
216.28863849828724,
-286.56153006471527,
3.125680294674434
],
[
215.5156007087636,
-286.68257473811315,
2.50297590010957
]
],
[
[
216.88062670090835,
-286.02391604635204,
2.27372028671813
],
[
216.80676201319608,
-286.96117035567516,
1.9329881814442136
]
],
[
[
216.6848909196159,
-286.60258010028974,
1.8102088759430708
],
[
217.5536592895132,
-286.64572402834057,
2.3035445840955533
]
]
],
"contact_id_pairs": [
[
1,
40
],
[
1,
91
],
[
6,
43
],
[
40,
45
],
[
43,
91
],
[
1,
3
],
[
1,
12
],
[
2,
3
],
[
2,
12
],
[
12,
82
],
[
2,
16
],
[
2,
88
],
[
16,
88
],
[
68,
88
],
[
3,
11
],
[
6,
7
],
[
6,
75
],
[
11,
75
],
[
13,
75
],
[
4,
25
],
[
4,
27
],
[
24,
25
],
[
24,
83
],
[
25,
83
],
[
27,
83
],
[
4,
8
],
[
5,
8
],
[
8,
76
],
[
9,
22
],
[
22,
76
],
[
5,
44
],
[
24,
90
],
[
41,
44
],
[
41,
90
],
[
42,
44
],
[
7,
35
],
[
35,
45
],
[
45,
55
],
[
8,
44
],
[
29,
56
],
[
44,
56
],
[
9,
23
],
[
9,
25
],
[
23,
86
],
[
29,
86
],
[
10,
12
],
[
10,
35
],
[
11,
87
],
[
12,
87
],
[
10,
54
],
[
10,
88
],
[
69,
88
],
[
13,
20
],
[
14,
20
],
[
14,
64
],
[
14,
15
],
[
14,
62
],
[
14,
82
],
[
15,
65
],
[
62,
65
],
[
82,
87
],
[
15,
16
],
[
15,
84
],
[
16,
66
],
[
16,
67
],
[
67,
84
],
[
0,
17
],
[
0,
34
],
[
17,
46
],
[
17,
39
],
[
18,
39
],
[
0,
18
],
[
0,
32
],
[
18,
47
],
[
19,
23
],
[
19,
89
],
[
23,
74
],
[
19,
63
],
[
19,
73
],
[
19,
85
],
[
20,
21
],
[
21,
64
],
[
22,
64
],
[
21,
26
],
[
21,
86
],
[
26,
63
],
[
63,
65
],
[
83,
86
],
[
26,
28
],
[
26,
66
],
[
26,
71
],
[
66,
85
],
[
27,
28
],
[
27,
72
],
[
72,
89
],
[
30,
57
],
[
30,
60
],
[
42,
60
],
[
56,
59
],
[
56,
78
],
[
60,
78
],
[
30,
52
],
[
30,
81
],
[
31,
81
],
[
31,
53
],
[
32,
49
],
[
32,
50
],
[
32,
53
],
[
50,
53
],
[
33,
36
],
[
33,
80
],
[
36,
52
],
[
36,
80
],
[
33,
48
],
[
33,
53
],
[
34,
51
],
[
51,
53
],
[
36,
58
],
[
36,
61
],
[
36,
77
],
[
43,
57
],
[
43,
77
],
[
55,
57
],
[
37,
61
],
[
40,
41
],
[
40,
79
],
[
41,
61
],
[
60,
61
],
[
37,
38
],
[
37,
80
],
[
48,
58
],
[
48,
59
],
[
48,
81
],
[
49,
80
],
[
59,
80
],
[
59,
81
],
[
38,
50
],
[
39,
46
],
[
39,
47
],
[
46,
50
],
[
46,
51
],
[
54,
62
],
[
54,
70
],
[
54,
84
],
[
67,
69
],
[
68,
70
],
[
69,
70
],
[
71,
73
],
[
72,
74
],
[
73,
74
],
[
75,
77
],
[
75,
79
],
[
76,
79
],
[
77,
78
],
[
78,
90
],
[
78,
91
]
],
"coupler_pt_pairs": [
[
[
217.24436707794007,
-286.6777277900567,
2.2338846896468274
],
[
217.274591710127,
-286.6730568606081,
2.2528774736585113
]
],
[
[
217.27152721337177,
-286.60759787465935,
2.1734155667463604
],
[
217.28351608908187,
-286.6323084400127,
2.1501420297379217
]
],
[
[
217.46204562559382,
-286.7137091701446,
2.147296733552869
],
[
217.43984333186776,
-286.68641008609944,
2.1396967374970033
]
],
[
[
217.27831353023785,
-286.65209725933875,
2.2418000316896745
],
[
217.3135176395228,
-286.6593718116377,
2.239863812683675
]
],
[
[
217.42154090621713,
-286.67497174240765,
2.2342510149850967
],
[
217.42533924468185,
-286.6393515233398,
2.2306772210785084
]
],
[
[
217.05152623422467,
-287.1756602134392,
2.6632241054304515
],
[
217.07450977695962,
-287.19831649229025,
2.6472713887480896
]
],
[
[
217.0091050618917,
-287.2851955003396,
2.7576702870349066
],
[
217.04364236244908,
-287.2923824830269,
2.7648477563274163
]
],
[
[
217.10094237293316,
-287.2461886046581,
2.6947157714022483
],
[
217.10052501284298,
-287.21115327654337,
2.70298328202437
]
],
[
[
217.08033771505274,
-287.2693304590432,
2.791744119639178
],
[
217.04539228091656,
-287.26302055652604,
2.7858281592002814
]
],
[
[
217.05033379112726,
-287.180106830941,
2.845073705176743
],
[
217.0663074858321,
-287.19948815079414,
2.8708654036935752
]
],
[
[
217.0198188461627,
-287.33730144208675,
3.0767304523240737
],
[
217.0001773385229,
-287.30727870535173,
3.079720045178761
]
],
[
[
216.9937344592657,
-287.3665977830791,
3.1995631142433347
],
[
216.9586105733693,
-287.3618884819782,
3.193227505082061
]
],
[
[
216.93120649778234,
-287.3603731794741,
3.1597811554914426
],
[
216.96012283818928,
-287.3763228737031,
3.174114502568754
]
],
[
[
216.93336721951502,
-287.45372233052956,
3.0604117415853875
],
[
216.96865626851695,
-287.45777347314834,
3.0662633688611383
]
],
[
[
216.9979225159473,
-287.16052578569963,
2.4832589872855255
],
[
217.0304983060313,
-287.15342817140726,
2.469682778055162
]
],
[
[
216.94310013577694,
-287.051323468049,
2.4506151935162124
],
[
216.92009735676447,
-287.03754950412423,
2.426591264135776
]
],
[
[
216.9742401069728,
-287.03106450112796,
2.4324141911146784
],
[
216.96359270226395,
-287.0005136732898,
2.448202790462181
]
],
[
[
217.00546013478927,
-287.0116238743115,
2.483739278811827
],
[
216.97018840285918,
-287.01815353912855,
2.486783768071108
]
],
[
[
216.94413712353207,
-286.91610252674394,
2.350159553131851
],
[
216.9442691971306,
-286.94883394144574,
2.3351716259770585
]
],
[
[
216.36831372861593,
-286.48682800553,
2.6304017971366997
],
[
216.36599141032983,
-286.5195326989287,
2.645267550841513
]
],
[
[
216.33905301029102,
-286.4564925181779,
2.6925688510291397
],
[
216.3720954033418,
-286.4530352956429,
2.7064341956350932
]
],
[
[
216.42468533975614,
-286.54139738794373,
2.6745897046153653
],
[
216.41305464310133,
-286.5075985191404,
2.6788749620046453
]
],
[
[
216.37396110694164,
-286.5674438308999,
2.7423527622279495
],
[
216.3987999903338,
-286.5555291393753,
2.7655256929145837
]
],
[
[
216.43227983040066,
-286.5027234430315,
2.692603487144286
],
[
216.41152793718524,
-286.4834360215022,
2.7148150053430493
]
],
[
[
216.38553561888287,
-286.44791559048866,
2.673128363162034
],
[
216.41849920007027,
-286.44394967835825,
2.6870400988111802
]
],
[
[
216.50396294644233,
-286.62745972502523,
2.342202712567333
],
[
216.53524835104903,
-286.6109434100326,
2.348868670198716
]
],
[
[
216.54428248841546,
-286.6941852310382,
2.5292154696663323
],
[
216.55883864096955,
-286.72034774959366,
2.509224440203557
]
],
[
[
216.54916050253465,
-286.6754635897457,
2.443436976540612
],
[
216.52122616103526,
-286.6959219775293,
2.4335885177717755
]
],
[
[
216.5434647355324,
-286.788508077524,
2.4159520531741823
],
[
216.54788924765793,
-286.7683026212325,
2.4454165936157275
]
],
[
[
216.5775017385151,
-286.7087084634052,
2.400102872238593
],
[
216.54558043795276,
-286.7052216460901,
2.383827994403569
]
],
[
[
217.05151669692057,
-286.18746225551644,
2.2353951468637705
],
[
217.06474837500363,
-286.21315370745646,
2.213930024394769
]
],
[
[
216.82589068628283,
-286.3353820064944,
2.1386150924297604
],
[
216.85536493713977,
-286.34445753493793,
2.1571897195635468
]
],
[
[
216.978737165971,
-286.25360403862754,
2.1581174939771084
],
[
216.9734493688085,
-286.2184901585827,
2.1640380247947846
]
],
[
[
216.88050094173443,
-286.27781110714693,
2.213948783878324
],
[
216.86154452710406,
-286.26604594878916,
2.1856956912732133
]
],
[
[
216.92636591295485,
-286.18693133972766,
2.152022495583505
],
[
216.93366197036994,
-286.2208157425738,
2.1422954785206416
]
],
[
[
217.23378078650944,
-287.24588407212605,
2.006793849710178
],
[
217.20395028521003,
-287.25232311025496,
1.9876992591857543
]
],
[
[
217.21485547147103,
-287.23472125990844,
1.9647269855520526
],
[
217.18145666105397,
-287.22333252019644,
1.9575985071498359
]
],
[
[
217.19134401744148,
-287.18110899149985,
1.9787316056926638
],
[
217.15993392603357,
-287.1679235510765,
1.9670829090436717
]
],
[
[
216.46302913046082,
-286.27601339608674,
1.857956147902963
],
[
216.45038981871141,
-286.24906312801085,
1.8782026367465054
]
],
[
[
216.39375104010253,
-286.23457534832613,
1.9704177046160014
],
[
216.4216141056955,
-286.2288294313175,
1.992477531206574
]
],
[
[
216.49167499829275,
-286.2466499983147,
1.9007636727204797
],
[
216.487423183786,
-286.211123326137,
1.9047442726328705
]
],
[
[
215.93161682449428,
-286.55904936376265,
2.3504770964522197
],
[
215.93913160016535,
-286.532434808047,
2.373524716505907
]
],
[
[
216.01092772317688,
-286.58879299199225,
2.35896429983257
],
[
215.99941592819937,
-286.612488015682,
2.383499452375058
]
],
[
[
215.96793501632996,
-286.5311305767342,
2.362627159734587
],
[
215.9740331103216,
-286.5015913649861,
2.3822803635181597
]
],
[
[
216.0345359325872,
-286.5533513395079,
2.507162381358931
],
[
216.0301033586562,
-286.5826879880704,
2.4867726742619713
]
],
[
[
216.98181719410655,
-287.7246401490329,
2.4546967844307783
],
[
217.01775987316626,
-287.7266654294045,
2.4545332687698487
]
],
[
[
216.9903781303662,
-287.5650564817054,
2.3599126851505985
],
[
217.01714528375106,
-287.5538414521679,
2.3812125387346654
]
],
[
[
217.11369669141672,
-287.6246242681609,
2.4229749671763177
],
[
217.08269517409298,
-287.628321514092,
2.4050518764000413
]
],
[
[
217.02596603548525,
-287.5889740230101,
2.5529199048851856
],
[
217.0032187944776,
-287.5718672045853,
2.530876318261418
]
],
[
[
216.96551303944514,
-288.02856447630677,
2.6352114579711543
],
[
216.94116710269762,
-288.0411305152198,
2.611855656702677
]
],
[
[
216.97468471974733,
-287.85759598246545,
2.533665385209284
],
[
217.0105622001687,
-287.8577607141849,
2.536628501736847
]
],
[
[
217.0500946596761,
-287.9023280650063,
2.488842378985977
],
[
217.01480645398524,
-287.8982716229616,
2.482986816238528
]
],
[
[
216.57104075481104,
-287.07907163901416,
2.702772250184157
],
[
216.58706931656408,
-287.0598235366422,
2.7286279394958255
]
],
[
[
216.68743658706444,
-287.187490874872,
2.7137803176089195
],
[
216.7079462721674,
-287.16317657925515,
2.7306339272934306
]
],
[
[
216.72908021937042,
-287.1200095357203,
2.565749180030725
],
[
216.70369612897503,
-287.1397770323806,
2.5495970183147714
]
],
[
[
216.5704618361234,
-287.37704237178383,
3.129591919308489
],
[
216.56863502625092,
-287.40956038816347,
3.1142543739270145
]
],
[
[
216.6003270337314,
-287.32864737314844,
3.023429730010772
],
[
216.56591341714056,
-287.33030757037636,
3.012991788689096
]
],
[
[
216.58826044807532,
-287.348200647298,
3.06632297208505
],
[
216.58668940136113,
-287.3153101277349,
3.0808744525982052
]
],
[
[
216.48010065681063,
-287.3482342684281,
2.9947783912758394
],
[
216.5063811418857,
-287.3247814502468,
2.9873421198255365
]
],
[
[
216.57130583633966,
-287.3988118119029,
3.006109004745503
],
[
216.56503657872963,
-287.3957568168846,
2.97079094395977
]
],
[
[
216.64302575541456,
-287.3017055783833,
3.0562066085018595
],
[
216.65822074536038,
-287.32680537944515,
3.077066106768345
]
],
[
[
216.74857535131244,
-287.53420172225447,
3.3570815075160234
],
[
216.74567546898768,
-287.5031969047102,
3.375144923763151
]
],
[
[
216.71544681485454,
-287.5112541979617,
3.3123749774743594
],
[
216.68554775370274,
-287.5235271478098,
3.3282312365483993
]
],
[
[
216.78193110518527,
-287.47528693700195,
3.33305950827591
],
[
216.79872848504067,
-287.4573929674097,
3.3593968936567817
]
],
[
[
216.71130766368228,
-287.5296536004651,
3.4150389517642292
],
[
216.686328374152,
-287.53534235142394,
3.3897472235747093
]
],
[
[
216.6529207488216,
-287.4512545962535,
3.403828683138225
],
[
216.68029139017312,
-287.4372446298097,
3.3851034582598203
]
],
[
[
218.19969143742387,
-285.63414000769035,
0.0024227616171739186
],
[
218.20051246724546,
-285.6286793056253,
-0.03315216866464521
]
],
[
[
218.2668830524803,
-285.6919117857248,
-0.00489441780742661
],
[
218.24735531833755,
-285.71173007067887,
-0.027739618991412307
]
],
[
[
218.2307359717023,
-285.5718699217987,
-0.023734482800149337
],
[
218.19936031888147,
-285.55458443251825,
-0.02731241189902267
]
],
[
[
218.44461408856813,
-285.1698555210364,
0.042910234751032394
],
[
218.4136476028103,
-285.152424913298,
0.03714381125683053
]
],
[
[
218.41733246306683,
-285.10116057250707,
-0.00033553350170612006
],
[
218.43301399092235,
-285.1327737904088,
-0.007455404740837501
]
],
[
[
217.88897361935133,
-285.3669828512213,
0.036259990017596166
],
[
217.88751276025275,
-285.36414027161874,
0.0004021348492679877
]
],
[
[
217.93929952081115,
-285.4102533814218,
0.030779489952566852
],
[
217.9197060719099,
-285.43016552013796,
0.008071857891740475
]
],
[
[
217.94857810656225,
-285.33383006172403,
0.0003171135239479206
],
[
217.93307338018113,
-285.30256819323733,
0.00916559514539994
]
],
[
[
215.66391303872066,
-286.5233714591611,
2.508150359174257
],
[
215.6546881338756,
-286.54531453291514,
2.4811417715250137
]
],
[
[
215.6171517322455,
-286.63890348823224,
2.617985663265192
],
[
215.63573544718017,
-286.6637636652621,
2.5997479215627584
]
],
[
[
215.57233003669222,
-286.54904374366555,
2.512301340740862
],
[
215.57246919355475,
-286.5848300244711,
2.5083862067463127
]
],
[
[
215.51255786953524,
-286.8973210154182,
2.8636609786656537
],
[
215.50742472479845,
-286.87170174562436,
2.888423632995212
]
],
[
[
215.53803356946332,
-286.83437881968933,
2.803822375781136
],
[
215.5721418090284,
-286.8377009035857,
2.8148492378667447
]
],
[
[
215.49320384654612,
-286.94513853197566,
2.909120679444638
],
[
215.48162839324837,
-286.91930719708563,
2.9313636479913914
]
],
[
[
216.46978501583524,
-286.9595423104105,
2.7266815728377765
],
[
216.49140552583538,
-286.9339984211848,
2.7399504692235093
]
],
[
[
216.53764111663796,
-286.89703594609585,
2.5934573196817277
],
[
216.5115157122791,
-286.9178099402742,
2.5799701241781663
]
],
[
[
216.47676975007164,
-286.91142825643163,
2.5542453008545114
],
[
216.49538544935962,
-286.89917959480664,
2.5825194275446655
]
],
[
[
216.39571659790604,
-287.0104957591333,
3.043131896892509
],
[
216.42632261983223,
-286.99680917486063,
3.056244984720265
]
],
[
[
216.3748591933181,
-287.02716995500964,
3.109216634565768
],
[
216.3572393961281,
-287.05583780845,
3.0964222031715147
]
],
[
[
216.35894827146046,
-286.93976510135576,
3.153958222142218
],
[
216.35070095252811,
-286.97220539867044,
3.1672099472904147
]
],
[
[
216.17182935519364,
-286.9508870591191,
3.1080751683019985
],
[
216.18361959554997,
-286.9342273887588,
3.078417788229829
]
],
[
[
216.31945507305048,
-287.00495138642736,
3.081651723114388
],
[
216.33607992650997,
-287.02523402866916,
3.0569894925952967
]
],
[
[
216.17053988570493,
-286.78024471910794,
3.4272075191600173
],
[
216.13973389277052,
-286.78669630715893,
3.409732826048337
]
],
[
[
216.23610570322555,
-286.8357575575166,
3.3321171999363743
],
[
216.21062278668813,
-286.8610297965071,
3.329300146229273
]
],
[
[
216.26394472971714,
-286.859328122752,
3.291742168920721
],
[
216.26804184864994,
-286.8272821729667,
3.2758590517737343
]
],
[
[
216.27523138550484,
-286.926545551525,
3.3326065394264113
],
[
216.2589888915386,
-286.9411181424901,
3.3612390919268424
]
],
[
[
216.20238312901793,
-286.51768283071686,
3.126993565384751
],
[
216.23562509592233,
-286.51584642115876,
3.140690297813032
]
],
[
[
216.25315705128685,
-286.4983418081904,
3.001172089983467
],
[
216.25582016563254,
-286.5339716470245,
2.9967698148316453
]
],
[
[
216.163931218944,
-286.5446549494581,
3.0276478420105932
],
[
216.16850375987065,
-286.5803411375664,
3.028908273221246
]
],
[
[
216.9577678813804,
-286.09152455217253,
1.5513967756500815
],
[
216.93865473966835,
-286.11218106773055,
1.5289469230306962
]
],
[
[
217.01547870667443,
-286.04664943827817,
1.46097307867058
],
[
217.0073695158593,
-286.0134467970473,
1.4722752510718364
]
],
[
[
216.9224356209959,
-285.9787604748773,
1.4239039947696326
],
[
216.92937703405045,
-286.0127125807946,
1.4141595355582703
]
],
[
[
216.91110882699684,
-286.0971295918401,
1.3399084905744978
],
[
216.92563127124185,
-286.1297883605445,
1.3442107253230244
]
],
[
[
216.81440342406648,
-286.12314843430823,
1.4688311311423805
],
[
216.8382544295008,
-286.10653870657507,
1.4900740018134015
]
],
[
[
216.86453608576673,
-286.01210217224025,
1.365843620784295
],
[
216.84744431301442,
-285.9905358700133,
1.3890535923582739
]
],
[
[
217.33861460486128,
-285.79538357679337,
0.9546704501432128
],
[
217.3622642279556,
-285.7803107187741,
0.9772445712550082
]
],
[
[
217.36907772867863,
-285.7716958865911,
0.9069395736036023
],
[
217.37919451826966,
-285.80477810874544,
0.8969784656140061
]
],
[
[
217.47702465084552,
-285.7570951371072,
0.9661809100856502
],
[
217.48424061561383,
-285.79202827994675,
0.9613223715440189
]
],
[
[
217.78500931949517,
-285.61650940933816,
0.4127851166480543
],
[
217.76350890468777,
-285.6392810482635,
0.39503441149708096
]
],
[
[
217.543192876403,
-285.5802123300205,
0.46452389663093085
],
[
217.535844897984,
-285.5453860479883,
0.46991101614240693
]
],
[
[
217.5974605382473,
-285.55858575853057,
0.3987344762811622
],
[
217.6063773966702,
-285.59323000350025,
0.394701317430846
]
],
[
[
217.64016986823637,
-285.54156537572976,
0.3469573779501025
],
[
217.65878772322512,
-285.52033955234253,
0.36929211259132444
]
],
[
[
217.696726305881,
-285.57241863855273,
0.41568596243136935
],
[
217.7049465514077,
-285.5727663870794,
0.3806387602858907
]
],
[
[
217.729066170775,
-286.0697761446855,
0.9088249755609479
],
[
217.6963249556049,
-286.0710159188063,
0.8939093334136285
]
],
[
[
217.67119161993978,
-286.1188632125184,
1.0399450425901793
],
[
217.63895271120657,
-286.1058655823328,
1.030581130295278
]
],
[
[
217.6694788280483,
-286.1500608928782,
0.9594092121587323
],
[
217.64759406875243,
-286.16352291553375,
0.9341934972137544
]
],
[
[
217.65658299916967,
-286.18803100447803,
0.9908727901399035
],
[
217.6219842562705,
-286.1784287628144,
0.9882799101973798
]
],
[
[
217.92490265892746,
-285.90367483004246,
0.4651395718259035
],
[
217.89603886237305,
-285.8827254414859,
0.46024226496509146
]
],
[
[
217.94207287922544,
-285.88911167998236,
0.4262388736107725
],
[
217.9634664606474,
-285.8663912708027,
0.44418747778303524
]
],
[
[
217.9829752944874,
-285.9416558031025,
0.3977097532231637
],
[
218.0132432977987,
-285.9585825078944,
0.407370997801199
]
],
[
[
218.0305101061949,
-285.9175188725749,
0.42521965256120575
],
[
218.01471254045546,
-285.9245961660046,
0.4567846609482944
]
],
[
[
217.51639763373905,
-286.6007888054815,
1.3329006829223022
],
[
217.48419283107404,
-286.5855572273248,
1.3380824552659432
]
],
[
[
217.50793488617396,
-286.6257062786049,
1.353548314063753
],
[
217.54261404065426,
-286.6305630271344,
1.3619009927806256
]
],
[
[
217.46584506141224,
-286.74963436096857,
1.456240160866782
],
[
217.4846680737829,
-286.7340983478185,
1.4827038548604388
]
],
[
[
217.55351921499482,
-286.75745333716884,
1.552422613177317
],
[
217.57849612098875,
-286.7315829047066,
1.5541276980371537
]
],
[
[
217.5783641532627,
-286.77298051090713,
1.4240683047377631
],
[
217.57638338563336,
-286.73734315349026,
1.4193738032677001
]
],
[
[
217.51901802847368,
-286.7042543072967,
1.5236701010355094
],
[
217.5335519616424,
-286.6880744732841,
1.552358933469255
]
],
[
[
217.52997324298158,
-285.9655653602292,
1.9560037599396853
],
[
217.495832932024,
-285.95951126317186,
1.9463193723450583
]
],
[
[
217.36790245522667,
-286.1475731044952,
1.975151970243909
],
[
217.35401255827657,
-286.16112982958936,
1.9448345692370657
]
],
[
[
217.39892133922285,
-285.97288883147456,
1.882828892510466
],
[
217.41925271021478,
-285.9895126297428,
1.8582060167045362
]
],
[
[
217.52403440106357,
-286.1192335695273,
1.8482048497222372
],
[
217.50560346805074,
-286.09966474878973,
1.8242598273831905
]
],
[
[
217.5188594286409,
-286.0182619304851,
1.8534094523417768
],
[
217.50141808860639,
-286.0396275598213,
1.8765461614259624
]
],
[
[
217.79253746481646,
-285.6800322403195,
1.2088858974982997
],
[
217.82386943087673,
-285.6702168742628,
1.2236483144271726
]
],
[
[
217.76839441788005,
-285.70628730076794,
1.2775841439459432
],
[
217.73517842716095,
-285.6943700148178,
1.2704653864047133
]
],
[
[
217.83379137859197,
-285.76369283500065,
1.3363072439375938
],
[
217.86608205012146,
-285.778995853662,
1.3406808593001946
]
],
[
[
217.83968833765698,
-285.77496928129545,
1.253314020669845
],
[
217.82512498600477,
-285.7425001351088,
1.2478675992156734
]
],
[
[
217.8444636739541,
-285.7841009070538,
1.1861064061833881
],
[
217.84316092616507,
-285.7484648099312,
1.1811718974413448
]
],
[
[
217.78707263986604,
-285.6213413699848,
1.3036139777589948
],
[
217.75269975593486,
-285.61944254812215,
1.314144883899674
]
],
[
[
217.73011276985656,
-285.78340882850244,
1.2580441838564211
],
[
217.71883486482048,
-285.7642609311265,
1.229721981636688
]
],
[
[
217.9043286204095,
-285.70839802353953,
1.2393842428426634
],
[
217.9163214062993,
-285.73958505504146,
1.2259849002140806
]
],
[
[
218.08723611709942,
-285.4463118385922,
0.5158031145861308
],
[
218.09673490532606,
-285.48027889920326,
0.508592877742656
]
],
[
[
218.18243406005067,
-285.3870378786129,
0.569609786608219
],
[
218.21222107506753,
-285.40680907395915,
0.5738327465838122
]
],
[
[
218.12115148010136,
-285.4492214671365,
0.7107385817267311
],
[
218.10785094355572,
-285.4168619259507,
0.719221196480722
]
],
[
[
218.21124550880543,
-285.41801873007057,
0.5282322448131216
],
[
218.2172523841321,
-285.45251837330545,
0.5365845439530712
]
],
[
[
218.21375069564513,
-285.38923310672624,
0.6453311865857931
],
[
218.24633972115402,
-285.40423648729137,
0.6483221620695425
]
],
[
[
216.65649857630967,
-288.1287295216945,
2.9557228770661013
],
[
216.6287529623674,
-288.1286088938981,
2.932784557585623
]
],
[
[
216.75559013716287,
-288.09823678549037,
2.836024573834572
],
[
216.75627032969788,
-288.0634966400276,
2.8454376014284963
]
],
[
[
216.6947375621179,
-288.116962512507,
2.9095318424398497
],
[
216.72239949486942,
-288.1284436461923,
2.929506836631278
]
],
[
[
216.92374165932708,
-288.1329170069278,
3.2896764899631448
],
[
216.89106610050885,
-288.1442195058904,
3.279648334838862
]
],
[
[
216.82191994646533,
-288.16198776472504,
3.242170412088556
],
[
216.8553170591919,
-288.1700105597677,
3.2313855000519167
]
],
[
[
216.87867408996513,
-288.1630684554223,
3.34127044720837
],
[
216.8809265270507,
-288.19755074022635,
3.3311759762793027
]
],
[
[
215.45716802091295,
-286.76022173993346,
3.2019924907380837
],
[
215.46086664851043,
-286.72560721227035,
3.192815738856075
]
],
[
[
215.3889584099952,
-286.6347557634751,
3.2880668839087153
],
[
215.3920271283272,
-286.67047817709704,
3.2848396034676486
]
],
[
[
215.40913385018706,
-286.6734938717985,
3.36853568100356
],
[
215.3745780171265,
-286.6787605259907,
3.3599242110641967
]
],
[
[
216.86793744719355,
-286.744688557846,
1.8886756862891982
],
[
216.87800291449992,
-286.71263507729145,
1.9016103063758452
]
],
[
[
216.8600998680996,
-286.72372735111435,
1.8428304482944622
],
[
216.83443849536476,
-286.7027124567473,
1.8568258077212014
]
],
[
[
216.7957446648141,
-286.80074673203154,
1.8726938351428442
],
[
216.77082952282313,
-286.7802856536031,
1.856675685386461
]
],
[
[
216.774561665208,
-286.70897541844465,
1.973037198159774
],
[
216.79210080531692,
-286.68913056587485,
1.9974208039782708
]
],
[
[
216.78995571873807,
-286.716207745629,
2.0210008117326037
],
[
216.82584418700037,
-286.71904045323805,
2.0210127768891306
]
],
[
[
216.80024568966968,
-286.5863186328412,
1.9078876177238264
],
[
216.81321096444725,
-286.60895260529054,
1.8830762389601154
]
]
],
"half_couplers": [
{
"pose": [
[
-0.46469551950923105,
-0.8395498549852664,
-0.2814500224591638,
217.24436707794007
],
[
0.6745597827804725,
-0.12974444542162633,
-0.7267293019669676,
-286.6777277900567
],
[
0.573608903002043,
-0.5275627165337335,
0.6266182302808785,
2.2338846896468327
],
[
0.0,
0.0,
0.0,
1.0
]
],
"at_element": 1,
"to_element": 40
},
{
"pose": [
[
-0.5206745169164493,
0.8395498549852185,
0.15509380525385502,
217.274591710127
],
[
0.4693693057544206,
0.12974444542174668,
0.8734179032386596,
-286.67305686060814
],
[
0.7131553142545006,
0.5275627165337803,
-0.4616135590231971,
2.2528774736585175
],
[
0.0,
0.0,
0.0,
1.0
]
],
"at_element": 40,
"to_element": 1
},
{
"pose": [
[
0.8999338393315321,
-0.3330239776410767,
-0.281450022458915,
217.2715272133718
],
[
0.026725265624069378,
0.6864038766205304,
-0.726729301967129,
-286.60759787465935
],
[
0.435206669300151,
0.6464864642638881,
0.6266182302808031,
2.173415566746347
],
[
0.0,
0.0,
0.0,
1.0
]
],
"at_element": 1,
"to_element": 91
},
{
"pose": [
[
-0.36651950805120714,
0.33302397764106395,
0.8687683698973079,
217.2835160890819
],
[
-0.7259396115605672,
-0.6864038766204925,
-0.043143928050800695,
-286.6323084400127
],
[
0.5819580144522405,
-0.6464864642639349,
0.49333570815249317,
2.150142029737919
],
[
0.0,
0.0,
0.0,
1.0
]
],
"at_element": 91,
"to_element": 1
},
{
"pose": [
[
0.23025140931841337,
0.6167442352304628,
0.7527355689861319,
217.46204562559382
],
[
0.43026108781016115,
-0.7583249244270527,
0.4897128804811258,
-286.7137091701446
],
[
0.8728457394198021,
0.21111574385321483,
-0.439966428121513,
2.1472967335528708
],
[
0.0,
0.0,
0.0,
1.0
]
],
"at_element": 6,
"to_element": 43
},
{
"pose": [
[
-0.7642083963868778,
-0.6167442352304507,
0.18871161914890822,
217.43984333186773
],
[
-0.641119315986917,
0.7583249244270418,
-0.11793782964421959,
-286.68641008609944
],
[
-0.07036724778093711,
-0.21111574385328954,
-0.9749249166664107,
2.139696737497005
],
[
0.0,
0.0,
0.0,
1.0
]
],
"at_element": 43,
"to_element": 6
},
{
"pose": [
[
-0.14025459591636968,
-0.9778929184200831,
0.15509380525407457,
217.27831353023785
],
[
-0.44306707823147273,
0.2020711025607299,
0.8734179032383738,
-286.6520972593387
],
[
-0.8854491586261529,
0.05378391593909693,
-0.46161355902366474,
2.241800031689673
],
[
0.0,
0.0,
0.0,
1.0
]
],
"at_element": 40,
"to_element": 45
},
{
"pose": [
[
0.041446939742119215,
0.977892918420124,
-0.20495753533301925,
217.31351763952276
],
[
0.4394122906608865,
-0.20207110256073246,
-0.8752623082973713,
-286.6593718116377
],
[
-0.8973288081869242,
-0.0537839159383422,
-0.43807339611550433,
2.2398638126836734
],
[
0.0,
0.0,
0.0,
1.0
]
],
"at_element": 45,
"to_element": 40
},
{
"pose": [
[
0.976348137522006,
-0.10550942685608185,
0.18871161914893084,
217.4215409062171
],
[
-0.08412997488561012,
-0.9894507646490214,
-0.11793782964432616,
-286.67497174240765
],
[
0.19916440867548754,
0.09927207653700311,
-0.974924916666394,
2.234251014985101
],
[
0.0,
0.0,
0.0,
1.0
]
],
"at_element": 43,
"to_element": 91
},
{
"pose": [
[
0.48384840633253323,
0.105509426855926,
0.8687683698972943,
217.42533924468185
],
[
-0.13829600792436947,
0.9894507646490069,
-0.0431439280510961,
-286.63935152333977
],
[
-0.8641556190187336,
-0.09927207653730943,
0.4933357081524913,
2.230677221078512
],
[
0.0,
0.0,
0.0,
1.0
]
],
"at_element": 91,
"to_element": 43
},
{
"pose": [
[
0.7163820062053629,
-0.6384220438261043,
-0.28145002245883566,
217.05152623422467
],
[
0.2753295507247735,
0.6293315184859907,
-0.7267293019672536,
-287.1756602134392
],
[
0.6410853762821874,
0.4431242870764554,
0.6266182302806944,
2.6632241054304377
],
[
0.0,
0.0,
0.0,
1.0
]
],
"at_element": 1,
"to_element": 3
},
{
"pose": [
[
0.6487505250853235,
0.6384220438260892,
-0.4141739370825209,
217.07450977695964
],
[
0.7497838879473238,
-0.6293315184858257,
0.20436722147868974,
-287.19831649229025
],
[
-0.13018017351391156,
-0.4431242870767113,
-0.8869577152416253,
2.6472713887480768
],
[
0.0,
0.0,
0.0,
1.0
]
],
"at_element": 3,
"to_element": 1
},
{
"pose": [
[
-0.019794015250650165,
-0.9593717120168301,
-0.28145002245896733,
217.0091050618917
],
[
0.6572737942458018,
0.19963887662523327,
-0.7267293019670682,
-287.2851955003396
],
[
0.753391900910797,
-0.1993746150384022,
0.6266182302808503,
2.75767028703489
],
[
0.0,
0.0,
0.0,
1.0
]
],
"at_element": 1,
"to_element": 12
},
{
"pose": [
[
0.27795691164001446,
0.9593717120168069,
-0.04843421779574897,
217.0436423624491
],
[
0.5474460756434848,
-0.1996388766251569,
-0.8126789730283376,
-287.2923824830269
],
[
-0.7893305705052182,
0.19937461503859077,
-0.5806952844169828,
2.764847756327399
],
[
0.0,
0.0,
0.0,
1.0
]
],
"at_element": 12,
"to_element": 1
},
{
"pose": [
[
0.9792565242201987,
0.011593335223671303,
0.20229249701995117,
217.10094237293316
],
[
-0.03541321820373804,
-0.9732035071391887,
0.22720219556253854,
-287.2461886046581
],
[
0.19950579878447094,
-0.22965306065971589,
-0.9526053264500445,
2.6947157714022514
],
[
0.0,
0.0,
0.0,
1.0
]
],
"at_element": 2,
"to_element": 3
},
{
"pose": [
[
-0.910123917068401,
-0.01159333522368683,
-0.4141739370825523,
217.10052501284298
],
[
-0.10539911041852955,
0.973203507139185,
0.20436722147881975,
-287.21115327654337
],
[
0.4007062304270466,
0.2296530606597299,
-0.8869577152415808,
2.7029832820243747
],
[
0.0,
0.0,
0.0,
1.0
]
],
"at_element": 3,
"to_element": 2
},
{
"pose": [
[
0.12963147954615895,
