{
"line_pt_pairs": [
[
[
0.56344800798513,
-0.08237810064041279,
0.14243419624537001
],
[
0.4026681156912536,
-0.8569496441783488,
-0.4692754981156308
]
],
[
[
0.045943917218013386,
-0.622472480960423,
0.44137024745471126
],
[
0.30568010578440524,
-0.08436693131394363,
-0.3604897963114464
]
],
[
[
0.4395007665946868,
-0.5274284512830031,
0.4370947749870229
],
[
0.16373491261936718,
-0.13237342432870697,
-0.439195541893977
]
],
[
[
0.4210932611974902,
-1.2113461007363018,
0.5411723395897835
],
[
0.2157302880771008,
-0.24988774180432227,
0.3583503679589659
]
],
[
[
-0.7211663219980796,
0.8360018117199002,
-0.6281857445623285
],
[
-1.0882435785408353,
0.03240854446675123,
-0.15968585282866626
]
],
[
[
-0.3975476087589832,
0.2527381094634828,
0.1746635118079819
],
[
0.17165438830111263,
-0.5592052843538187,
0.30411238889558423
]
],
[
[
0.09254709646562898,
0.12867009415216749,
-0.48975847403642564
],
[
-0.2207219348160342,
-0.21345865254255975,
0.39613679896425136
]
],
[
[
-0.19922079272836424,
0.6834597369179032,
-0.7184843373731498
],
[
-1.1682080064672236,
0.6466136729395794,
-0.47413592387327275
]
],
[
[
-0.524544216798479,
0.35084345763489344,
0.864427145343431
],
[
-0.32179752121091815,
0.08989808217892975,
-0.07939555434993367
]
],
[
[
-1.0444575006707812,
0.530830717206995,
0.385541184888293
],
[
-0.046186936791925426,
0.48451784758479716,
0.34933345918854125
]
],
[
[
-0.7147871892928692,
0.4774010298524026,
0.49754232530168574
],
[
-0.9260298763230501,
0.5038078582274065,
-0.47953454301085513
]
],
[
[
0.19490183602860162,
-1.174918008606546,
-0.45685654435849904
],
[
0.5118625361148093,
-0.854618025361688,
0.9738579049059954
]
],
[
[
-0.8883515320180986,
0.37246877342041634,
0.6378793325911741
],
[
-1.061385828868532,
0.19415634783702773,
-0.33076085395698085
]
],
[
[
0.1401441367732299,
-0.2732358373006523,
0.04440086265609532
],
[
0.20496799448818542,
-1.2116388333057335,
-0.2950069813305147
]
],
[
[
-0.16849158247084445,
0.09718055193327033,
0.2590112017592401
],
[
-1.1366323214600405,
0.26159506991392856,
0.07014252837309767
]
],
[
[
0.5389177101237401,
-0.43841925742916443,
-0.5284784285216858
],
[
0.3134317524216657,
-1.367308595258494,
-0.23467461481912708
]
],
[
[
0.4906528887890411,
-0.9230818509941775,
0.8455123681465635
],
[
0.592905318299377,
-0.9296638238634471,
-0.650983912601365
]
],
[
[
0.17249152422234865,
-1.079729941232356,
0.0868061812158783
],
[
0.6951371561244146,
-0.9381042191668373,
-0.7538981058572345
]
],
[
[
0.6680253959441634,
0.020970247595883826,
-0.03395279254713072
],
[
0.31236906061375663,
-0.7422914903239597,
0.5054358341098703
]
],
[
[
0.14617943525647673,
-0.5534767546186357,
0.5800836401909228
],
[
0.5609318872614044,
-0.31635207661216136,
-0.2984106913993419
]
],
[
[
-0.5899050904271443,
0.17970059941283956,
0.7430060732059331
],
[
-0.160103197614813,
0.7063186170709843,
0.009559554083548027
]
],
[
[
-1.0459387626120917,
0.35574535154365217,
0.6362434550809593
],
[
0.1909713916262512,
0.6916861244073891,
-0.14298505278422002
]
],
[
[
0.8606507793502941,
0.005482216506979322,
0.14459648555757668
],
[
-0.020893606937176346,
-0.02456473155717144,
-0.3265475220633177
]
],
[
[
0.17154840991835954,
0.7448329287096247,
0.1434300953021548
],
[
0.041639180565889014,
-0.08891216254074236,
-0.3932194318055885
]
],
[
[
0.17713602954381116,
0.6187590045811096,
0.03328322621952154
],
[
-0.5692837010813274,
0.6336782309683908,
-0.6320249748553646
]
],
[
[
0.41481455418319674,
-0.42865111043320525,
-0.1722314804013082
],
[
-0.0711314116586731,
0.445330483270466,
-0.17579408467394256
]
]
],
"contact_id_pairs": [
[
1,
2
],
[
1,
5
],
[
1,
13
],
[
1,
25
],
[
22,
25
],
[
2,
19
],
[
3,
19
],
[
3,
11
],
[
3,
18
],
[
11,
16
],
[
4,
7
],
[
4,
10
],
[
4,
12
],
[
12,
14
],
[
5,
6
],
[
5,
8
],
[
5,
14
],
[
8,
14
],
[
6,
23
],
[
23,
25
],
[
7,
24
],
[
8,
20
],
[
9,
20
],
[
9,
10
],
[
9,
21
],
[
10,
21
],
[
12,
21
],
[
11,
13
],
[
11,
17
],
[
0,
15
],
[
15,
17
],
[
16,
17
],
[
0,
18
],
[
0,
19
],
[
18,
22
],
[
20,
21
],
[
21,
24
],
[
23,
24
]
],
"contact_t_pairs": [
[
0.7405702157969863,
0.6919930782254441
],
[
0.21014182155996977,
0.9150244475823442
],
[
0.5143360080211362,
0.07580510487395622
],
[
0.7898581784400305,
0.2816969741448049
],
[
0.7415210738410108,
0.4610704094840076
],
[
0.3080069217745559,
0.48418112264381424
],
[
0.7483920469892048,
0.21928368008423832
],
[
0.25160795301079497,
0.6592064061359828
],
[
0.5260872866867725,
0.9390987865341744
],
[
0.8750989883554188,
0.03257119296940483
],
[
0.19949956870284638,
0.6219081060633194
],
[
0.4379073840265837,
0.9349470848397838
],
[
0.8005004312971538,
0.9170552679196146
],
[
0.5651779653982045,
0.8521378120891736
],
[
0.46485132056953454,
0.7992423093024611
],
[
0.08497555241765564,
0.7197913323764706
],
[
0.16276576223952413,
0.1478621879108264
],
[
0.6957914187250334,
0.22967485423012723
],
[
0.20075769069753877,
0.8337787167595984
],
[
0.6394911183501991,
0.7183030258551951
],
[
0.37809189393668075,
0.9938324276267242
],
[
0.2802086676235295,
0.20904767298020788
],
[
0.6948462284879453,
0.5513609706603767
],
[
0.30515377151205453,
0.12655750629097398
],
[
0.45226792976339397,
0.36452264518727917
],
[
0.06505291516021666,
0.2629610401672969
],
[
0.08294473208038557,
0.10628868976068193
],
[
0.12490101164458163,
0.9241948951260438
],
[
0.27611438247553516,
0.18144452138666176
],
[
0.9128738595179806,
0.3866982383990523
],
[
0.613301761600948,
0.4951628691827662
],
[
0.9674288070305957,
0.8185554786133389
],
[
0.08712614048201932,
0.23896050783221512
],
[
0.3883623061828015,
0.7807163199157614
],
[
0.06090121346582584,
0.25847892615898915
],
[
0.7909523270197925,
0.6374253331511563
],
[
0.893711310239318,
0.15052957848876816
],
[
0.16622128324040172,
0.0061675723732757615
]
],
"half_couplers": [
{
"pose": [
[
-0.9216652787291955,
-0.28821905963006306,
0.25973618856639197,
0.23829680243491294
],
[
-0.10969467292559047,
0.8357089781565163,
0.5381055496464786,
-0.2239675379371738
],
[
-0.37215614023791405,
0.46746152514891887,
-0.8018600437661578,
-0.15246341819617304
],
[
0.0,
0.0,
0.0,
1.0
]
],
"at_element": 1,
"to_element": 2
},
{
"pose": [
[
0.916996710706873,
0.2882190596300634,
-0.27576585397531983,
0.24867270443283707
],
[
0.3814734977776683,
-0.8357089781565175,
0.3950550269542976,
-0.2540531071124639
],
[
-0.1165976116652769,
-0.4674615251489169,
-0.8762903168809992,
-0.16929205881061005
],
[
0.0,
0.0,
0.0,
1.0
]
],
"at_element": 2,
"to_element": 1
},
{
"pose": [
[
0.7299349886251144,
-0.6322436434871115,
0.2597361885663921,
0.10052535300839877
],
[
-0.653047074395354,
-0.5328901726090747,
0.5381055496464798,
-0.5093940005661831
],
[
-0.20180295093115733,
-0.5624020263181965,
-0.8018600437661576,
0.2728659172215338
],
[
0.0,
0.0,
0.0,
1.0
]
],
"at_element": 1,
"to_element": 5
},
{
"pose": [
[
0.5256206443937875,
0.6322436434871115,
0.5692019970600963,
0.12328613416369812
],
[
0.23827712683578156,
0.5328901726090733,
-0.8119433938173012,
-0.49020994593232725
],
[
-0.8166682000751251,
0.5624020263181974,
0.12944887708760267,
0.29311239905522
],
[
0.0,
0.0,
0.0,
1.0
]
],
"at_element": 5,
"to_element": 1
},
{
"pose": [
[
-0.12384032719204141,
0.9577059495011881,
0.25973618856639114,
0.17953559158387647
],
[
0.842062720631241,
-0.03705120730521472,
0.5381055496464785,
-0.3457054206612335
],
[
0.5249704257232792,
0.2853533289226774,
-0.8018600437661585,
0.028944753552372166
],
[
0.0,
0.0,
0.0,
1.0
]
],
"at_element": 1,
"to_element": 13
},
{
"pose": [
[
-0.2803518891696273,
-0.9577059495011884,
0.06482385771495486,
0.1450581161056465
],
[
-0.3435506150859207,
0.03705120730521316,
-0.9384029960050808,
-0.3443715748268522
],
[
0.8963123301132854,
-0.28535332892267745,
-0.33940784398661106,
0.018672015447646982
],
[
0.0,
0.0,
0.0,
1.0
]
],
"at_element": 13,
"to_element": 1
},
{
"pose": [
[
0.6142055255439809,
-0.745176948610359,
0.2597361885663928,
0.2510986699940199
],
[
-0.7328098200533997,
-0.4164519000712601,
0.538105549646481,
-0.19744541170818342
],
[
-0.2928162222701234,
-0.5208446315234438,
-0.8018600437661565,
-0.19198546607826916
],
[
0.0,
0.0,
0.0,
1.0
]
],
"at_element": 1,
"to_element": 25
},
{
"pose": [
[
-0.4566922744494022,
0.7451769486103583,
-0.48594596584186944,
0.27792504600766726
],
[
-0.2504475769382255,
0.41645190007125943,
0.8739815937036715,
-0.1824531400286268
],
[
0.8536440579445297,
0.520844631523445,
-0.0035626042726337737,
-0.17323505524498467
],
[
0.0,
0.0,
0.0,
1.0
]
],
"at_element": 25,
"to_element": 1
},
{
"pose": [
[
-0.14207568813005955,
0.4502154971204542,
-0.8815443862874703,
0.20696703939189415
],
[
0.968593339727708,
0.24682812470858229,
-0.030046948064149925,
-0.01679822868719483
],
[
0.20406234605506074,
-0.8581269620548158,
-0.47114400762089526,
-0.20476672490722633
],
[
0.0,
0.0,
0.0,
1.0
]
],
"at_element": 22,
"to_element": 25
},
{
"pose": [
[
-0.7491078189650637,
-0.45021549712045467,
-0.48594596584186944,
0.1907592487253842
],
[
-0.4186072750443241,
-0.24682812470858417,
0.8739815937036715,
-0.025684059142767945
],
[
-0.513425189141876,
0.8581269620548149,
-0.003562604272635106,
-0.17387409181212118
],
[
0.0,
0.0,
0.0,
1.0
]
],
"at_element": 25,
"to_element": 22
},
{
"pose": [
[
-0.9379534828508336,
0.2102295359583276,
-0.27576585397531966,
0.3545629747812169
],
[
0.08879122302842585,
0.914356409936113,
0.39505502695429556,
-0.4057487684992461
],
[
0.3352005112184458,
0.34605765100556457,
-0.8762903168810001,
0.16719129190365595
],
[
0.0,
0.0,
0.0,
1.0
]
],
"at_element": 2,
"to_element": 19
},
{
"pose": [
[
0.885315732248471,
-0.2102295359583275,
0.4147524520049277,
0.3469947430874973
],
[
-0.3282137149618659,
-0.9143564099361132,
0.2371246780064738,
-0.438665461814908
],
[
0.32938095200585693,
-0.34605765100556457,
-0.8784943315902649,
0.1547332684853213
],
[
0.0,
0.0,
0.0,
1.0
]
],
"at_element": 19,
"to_element": 2
},
{
"pose": [
[
-0.5006661853821321,
0.8409277139481488,
-0.20536297312038776,
0.2674012453681329
],
[
0.057301168837278704,
0.26891336911672015,
0.9614583589319802,
-0.49179831140031605
],
[
0.8637418288266386,
0.4696021505745426,
-0.18282197163081526,
0.40434983000639363
],
[
0.0,
0.0,
0.0,
1.0
]
],
"at_element": 3,
"to_element": 19
},
{
"pose": [
[
0.34759312920401453,
-0.8409277139481492,
0.41475245200492905,
0.2371278792560787
],
[
-0.9335188733981872,
-0.2689133691167189,
0.2371246780064763,
-0.5014791825865859
],
[
-0.08787223417861148,
-0.46960215057454247,
-0.878494331590264,
0.3874441702266664
],
[
0.0,
0.0,
0.0,
1.0
]
],
"at_element": 19,
"to_element": 3
},
{
"pose": [
[
-0.208762768693588,
-0.956161155704697,
-0.20536297312038976,
0.3694223039064581
],
[
-0.22553891488032923,
-0.15725781988323728,
0.9614583589319796,
-0.9694355311403082
],
[
-0.9516040690759952,
0.2470340511084042,
-0.18282197163081682,
0.49517287754235584
],
[
0.0,
0.0,
0.0,
1.0
]
],
"at_element": 3,
"to_element": 11
},
{
"pose": [
[
0.2027440250651431,
0.9561611557046978,
0.21130713339080925,
0.4038443600187756
],
[
-0.9641957780510653,
0.15725781988323917,
0.2135333221632438,
-0.9637742077662876
],
[
0.17094256897825527,
-0.24703405110839957,
0.953809632842994,
0.4862795859479702
],
[
0.0,
0.0,
0.0,
1.0
]
],
"at_element": 11,
"to_element": 3
},
{
"pose": [
[
0.7863665820805756,
-0.582626508029001,
-0.20536297312038956,
0.3130544118826559
],
[
0.050896026926589455,
-0.27019884989191545,
0.961458358931979,
-0.7055350814234597
],
[
-0.6156599654273464,
-0.7665108829357994,
-0.18282197163081926,
0.4449920245878006
],
[
0.0,
0.0,
0.0,
1.0
]
],
"at_element": 3,
"to_element": 18
},
{
"pose": [
[
0.7307906152115533,
0.5826265080289992,
-0.35565633533040586,
0.334028963012187
],
[
-0.5868765636355486,
0.2701988498919139,
-0.7632617379198414,
-0.6958079242926063
],
[
-0.3485985883133339,
0.7665108829358012,
0.5393886266570043,
0.47258641221679376
],
[
0.0,
0.0,
0.0,
1.0
]
],
"at_element": 18,
"to_element": 3
},
{
"pose": [
[
0.7692132909428012,
-0.6030424598774975,
0.21130713339081186,
0.4722738240224672
],
[
0.5657406658720254,
0.7964552839328872,
0.21353332216321938,
-0.8946238172987131
],
[
-0.2970663427849455,
-0.04470763111909257,
0.9538096328429989,
0.7951602228183402
],
[
0.0,
0.0,
0.0,
1.0
]
],
"at_element": 11,
"to_element": 16
},
{
"pose": [
[
0.7947910897351189,
0.603042459877495,
0.068168286340218,
0.49398337240221274
],
[
0.6046815081595547,
-0.7964552839328893,
-0.004387981912828808,
-0.9232962337026219
],
[
0.05164685244570658,
0.044707631119090596,
-0.997664187165286,
0.7967696990083261
],
[
0.0,
0.0,
0.0,
1.0
]
],
"at_element": 16,
"to_element": 11
},
{
"pose": [
[
0.906918110868409,
0.2067699879284226,
-0.3670772565427557,
-0.7943980763589835
],
[
-0.4211422732190193,
0.4205675291000539,
-0.8035932672531497,
0.6756853014903857
],
[
-0.011778195396282026,
0.8833850381112164,
0.4684998917336607,
-0.5347202182241326
],
[
0.0,
0.0,
0.0,
1.0
]
],
"at_element": 4,
"to_element": 7
},
{
"pose": [
[
-0.13531427013690078,
-0.20676998792842166,
-0.9689872137388595,
-0.801841795624271
],
[
0.9065127252476834,
-0.42056752910005235,
-0.03684606397832313,
0.660544871053256
],
[
-0.39990589800768855,
-0.8833850381112175,
0.24434841349987746,
-0.5665220783138645
],
[
0.0,
0.0,
0.0,
1.0
]
],
"at_element": 7,
"to_element": 4
},
{
"pose": [
[
-0.3915351559505935,
0.843773968183297,
-0.367077256542756,
-0.8819121631463729
],
[
-0.323387769945199,
-0.49965809417568763,
-0.8035932672531484,
0.48410238623569835
],
[
-0.8614642023349635,
-0.19592671982384513,
0.46849989173366247,
-0.42302618255650276
],
[
0.0,
0.0,
0.0,
1.0
]
],
"at_element": 4,
"to_element": 10
},
{
"pose": [
[
-0.4933781691486592,
-0.8437739681832965,
-0.21124268703017918,
-0.9122879237254596
],
[
-0.8658201131527798,
0.4996580941756881,
0.026406828375000815,
0.502090017061477
],
[
0.08326772404494097,
0.1959267198238478,
-0.9770768683125413,
-0.41597284439150967
],
[
0.0,
0.0,
0.0,
1.0
]
],
"at_element": 10,
"to_element": 4
},
{
"pose": [
[
-0.2721344222814428,
0.8894926328748256,
-0.3670772565427558,
-1.0150118241799315
],
[
-0.38884842772287825,
-0.4505937872217667,
-0.803593267253149,
0.1927250546962655
],
[
-0.8801930222780632,
-0.07594797547371462,
0.46849989173366213,
-0.25315137916686203
],
[
0.0,
0.0,
0.0,
1.0
]
],
"at_element": 4,
"to_element": 12
},
{
"pose": [
[
-0.42292078238706576,
-0.8894926328748252,
-0.17303429685043226,
-1.047033545475555
],
[
-0.8747399143743886,
0.45059378722176713,
-0.17831242558339058,
0.20894642420364556
],
[
0.23657576804355818,
0.07594797547371665,
-0.9686401865481549,
-0.2504172532014496
],
[
0.0,
0.0,
0.0,
1.0
]
],
"at_element": 12,
"to_element": 4
},
{
"pose": [
[
-0.963615094152046,
0.2037279618408315,
-0.17303429685043373,
-0.9861467038561356
],
[
0.23407916355909622,
0.9557257054563519,
-0.1783124255833906,
0.27169051952397805
],
[
0.12904609839052547,
-0.21232826824080453,
-0.9686401865481546,
0.09042524275495059
],
[
0.0,
0.0,
0.0,
1.0
]
],
"at_element": 12,
"to_element": 14
},
{
"pose": [
[
0.1455967962340965,
-0.20372796184083286,
-0.9681407389891965,
-0.9934809135874936
],
[
-0.24404147640748985,
-0.9557257054563522,
0.16441451798065648,
0.2372843795610045
],
[
-0.9587728253967256,
0.21232826824080486,
-0.18886867338614266,
0.09806906364778795
],
[
0.0,
0.0,
0.0,
1.0
]
],
"at_element": 14,
"to_element": 12
},
{
"pose": [
[
0.4455015694332336,
0.6910408368362347,
0.5692019970600964,
-0.1329533087547813
],
[
0.17224392209856942,
0.5577454226943914,
-0.8119433938173009,
-0.12469484938019942
],
[
-0.8785558507759353,
0.4597636406765229,
0.129448877087603,
0.2348379932683972
],
[
0.0,
0.0,
0.0,
1.0
]
],
"at_element": 5,
"to_element": 6
},
{
"pose": [
[
-0.6514023916631901,
-0.6910408368362347,
-0.3132690312816635,
-0.15783076752887243
],
[
0.7562195211369166,
-0.5577454226943928,
-0.34212874669472815,
-0.14477367543488306
],
[
0.06170056715240274,
-0.4597636406765211,
0.8858952730006762,
0.21828650975676966
],
[
0.0,
0.0,
0.0,
1.0
]
],
"at_element": 6,
"to_element": 5
},
{
"pose": [
[
0.08787147368364523,
0.8174886486401283,
0.5692019970600958,
-0.34917935462156874
],
[
-0.09646663940232625,
0.5757100943346956,
-0.8119433938173015,
0.1837427710419915
],
[
-0.9914498432069502,
0.01643765876494646,
0.12944887708760233,
0.1856635016483461
],
[
0.0,
0.0,
0.0,
1.0
]
],
"at_element": 5,
"to_element": 8
},
{
"pose": [
[
0.5390789244376579,
-0.8174886486401283,
0.20274669558756048,
-0.37860890264658187
],
[
-0.7748970243259949,
-0.5757100943346956,
-0.2609453754559643,
0.16301723815796695
],
[
0.3300432015931494,
-0.016437658764946877,
-0.9438226996933645,
0.18507174680398653
],
[
0.0,
0.0,
0.0,
1.0
]
],
"at_element": 8,
"to_element": 5
},
{
"pose": [
[
-0.800584949590395,
0.18727740128521547,
0.5692019970600957,
-0.30490101183923735
],
[
-0.583188951662394,
-0.02526998012187076,
-0.8119433938173019,
0.12058152407346362
],
[
-0.13767492563376482,
-0.9819819769590971,
0.12944887708760056,
0.19573335695819596
],
[
0.0,
0.0,
0.0,
1.0
]
],
"at_element": 5,
"to_element": 14
},
{
"pose": [
[
-0.1662248010295373,
-0.18727740128521664,
-0.9681407389891961,
-0.31164299034339127
],
[
-0.9860675911831945,
0.025269980121871205,
0.16441451798065987,
0.12149124228619435
],
[
-0.0063262264315488426,
0.9819819769590968,
-0.18886867338614044,
0.23108466648454978
],
[
0.0,
0.0,
0.0,
1.0
]
],
"at_element": 14,
"to_element": 5
},
{
"pose": [
[
-0.9575662121041844,
0.20484317627094406,
0.20274669558756084,
-0.38347480583379756
],
[
0.14879105947723326,
0.9538179761609596,
-0.2609453754559631,
0.16927990463665196
],
[
-0.24683632240026296,
-0.21970557909948948,
-0.9438226996933647,
0.20772341009889367
],
[
0.0,
0.0,
0.0,
1.0
]
],
"at_element": 8,
"to_element": 14
},
{
"pose": [
[
0.14402354892407165,
-0.204843176270944,
-0.968140738989196,
-0.3908491655724357
],
[
-0.25139438066392533,
-0.9538179761609595,
0.16441451798065831,
0.13494243238379464
],
[
-0.9571092323898652,
0.2197055790994889,
-0.18886867338614222,
0.2156328167306403
],
[
0.0,
0.0,
0.0,
1.0
]
],
"at_element": 14,
"to_element": 8
},
{
"pose": [
[
0.1787416854868269,
-0.9326917625395741,
-0.31326903128166206,
0.029655929178467245
],
[
0.894936837609527,
0.2864192335974549,
-0.3421287466947284,
0.059985117044490846
],
[
0.40882693961967254,
-0.21920332733849918,
0.8858952730006766,
-0.311908184828944
],
[
0.0,
0.0,
0.0,
1.0
]
],
"at_element": 6,
"to_element": 23
},
{
"pose": [
[
0.3364664444188583,
0.9326917625395743,
-0.1299092293524734,
0.06323285937362833
],
[
0.4720520579781102,
-0.28641923359745247,
-0.8337450912503648,
0.04967401642227942
],
[
-0.814835680575392,
0.2192033273385015,
-0.5366495271077463,
-0.30401685875938467
],
[
0.0,
0.0,
0.0,
1.0
]
],
"at_element": 23,
"to_element": 6
},
{
"pose": [
[
-0.7648619683214468,
0.630959397698845,
-0.12990922935247132,
0.08847261155573566
],
[
0.4286817749506524,
0.34799577388392733,
-0.8337450912503682,
0.21166034788693863
],
[
-0.48085143780652306,
-0.6933896305933896,
-0.5366495271077412,
-0.19975251095008142
],
[
0.0,
0.0,
0.0,
1.0
]
],
"at_element": 23,
"to_element": 25
},
{
"pose": [
[
-0.6047700031727139,
-0.6309593976988443,
-0.4859459658418694,
0.06575809651685635
],
[
-0.3391977523895434,
-0.3479957738839261,
0.8739815937036713,
0.19913251286588757
],
[
-0.7205540424120578,
0.6933896305933908,
-0.003562604272635106,
-0.17479050983026612
],
[
0.0,
0.0,
0.0,
1.0
]
],
"at_element": 25,
"to_element": 23
},
{
"pose": [
[
0.24582342913362232,
-0.025191691082351725,
-0.9689872137388597,
-0.5655870035713169
],
[
-0.0429251816986979,
0.9983986159572933,
-0.03684606397832549,
0.6695285388042266
],
[
0.968363707738534,
0.05065157801068437,
0.2443484134998769,
-0.626098182932558
],
[
0.0,
0.0,
0.0,
1.0
]
],
"at_element": 7,
"to_element": 24
},
{
"pose": [
[
0.664998469497417,
0.025191691082352363,
-0.7464197306251384,
-0.5646801033718558
],
[
0.0545675758905097,
-0.9983986159572933,
0.014919226387279768,
0.633586215559894
],
[
-0.7448485854370178,
-0.050651578010687565,
-0.6653082010748861,
-0.6279216383747013
],
[
0.0,
0.0,
0.0,
1.0
]
],
"at_element": 24,
"to_element": 7
},
{
"pose": [
[
0.390807944757226,
0.8978657626521672,
0.2027466955875608,
-0.46773283536281524
],
[
0.9053162304230441,
-0.33512689232700477,
-0.26094537545596364,
0.2777243016558562
],
[
-0.16634804852249646,
0.28552940005590677,
-0.9438226996933643,
0.5999598441895106
],
[
0.0,
0.0,
0.0,
1.0
]
],
"at_element": 8,
"to_element": 20
},
{
"pose": [
[
-0.09543272600098329,
-0.8978657626521673,
0.42980189281233167,
-0.5000560048922378
],
[
-0.7812575948539959,
0.33512689232700477,
0.5266180176581443,
0.2897888705537247
],
[
-0.6168704607054635,
-0.28552940005590655,
-0.7334465191223853,
0.589680785127965
],
[
0.0,
0.0,
0.0,
1.0
]
],
"at_element": 20,
"to_element": 8
},
{
"pose": [
[
-0.000751621889904408,
0.05878193904190021,
0.9982705638788559,
-0.35081296434902376
],
[
0.6058109587994557,
0.7942595295656462,
-0.046312869622197106,
0.4986503944195569
],
[
-0.7956082687246399,
0.6047284376781306,
-0.0362077256997515,
0.3603823832436944
],
[
0.0,
0.0,
0.0,
1.0
]
],
"at_element": 9,
"to_element": 20
},
{
"pose": [
[
0.9010077783112705,
-0.058781939041899614,
0.42980189281233133,
-0.35292910161447016
],
[
-0.303026835729049,
-0.7942595295656478,
0.5266180176581463,
0.47005722079607765
],
[
0.3104186209792001,
-0.6047284376781286,
-0.733446519122384,
0.33861228849514036
],
[
0.0,
0.0,
0.0,
1.0
]
],
"at_element": 20,
"to_element": 9
},
{
"pose": [
[
-0.03538261405528198,
0.046946266258414165,
0.9982705638788562,
-0.7398314731136831
],
[
0.018513690147042964,
0.9987554061853667,
-0.04631286962219538,
0.5166981703722353
],
[
-0.9992023388181969,
0.016843001510932286,
-0.03620772569975195,
0.3744922608331398
],
[
0.0,
0.0,
0.0,
1.0
]
],
"at_element": 9,
"to_element": 10
},
{
"pose": [
[
0.976305574736037,
-0.04694626625841157,
-0.2112426870301809,
-0.7415215369856135
],
[
-0.042312149917913225,
-0.9987554061853667,
0.026406828375003646,
0.48074301220059684
],
[
-0.21221947768444976,
-0.016843001510929982,
-0.9770768683125408,
0.3738859133934562
],
[
0.0,
0.0,
0.0,
1.0
]
],
"at_element": 10,
"to_element": 9
},
{
"pose": [
[
-0.010034792830047934,
0.05792395209107462,
0.998270563878856,
-0.5929717394015551
],
[
0.4726314698022098,
0.8800423920811771,
-0.046312869622197106,
0.5098848915415616
],
[
-0.8812030394213703,
0.47134934381432064,
-0.036207725699751725,
0.3691655917446254
],
[
0.0,
0.0,
0.0,
1.0
]
],
"at_element": 9,
"to_element": 21
},
{
"pose": [
[
0.5627330552595444,
-0.057923952091073205,
0.8246067694922288,
-0.5950570013301255
],
[
-0.41876852287672967,
-0.8800423920811773,
0.22396051524249028,
0.4782033706942005
],
[
0.7127162357950747,
-0.4713493438143208,
-0.51948567191012,
0.35219701818860755
],
[
0.0,
0.0,
0.0,
1.0
]
],
"at_element": 21,
"to_element": 9
},
{
"pose": [
[
-0.9528030379533245,
-0.21804333982762436,
-0.2112426870301808,
-0.7285291418904598
],
[
-0.2285591809944178,
0.9731718143258846,
0.02640682837500278,
0.47911887101833217
],
[
0.19981759594709558,
0.07344196183709295,
-0.977076868312541,
0.43398062668233983
],
[
0.0,
0.0,
0.0,
1.0
]
],
"at_element": 10,
"to_element": 21
},
{
"pose": [
[
0.5219969134625271,
0.2180433398276252,
0.8246067694922289,
-0.7206795818600855
],
[
0.0527096520002235,
-0.9731718143258843,
0.22396051524249005,
0.44408468661050604
],
[
0.8513171647051471,
-0.07344196183709313,
-0.5194856719101195,
0.4313367161247211
],
[
0.0,
0.0,
0.0,
1.0
]
],
"at_element": 21,
"to_element": 10
},
{
"pose": [
[
0.9291126487853577,
0.32681618378001503,
-0.1730342968504333,
-0.9027038154110757
],
[
0.2967863345190596,
-0.9381484693401725,
-0.17831242558338936,
0.35767869705379846
],
[
-0.22060724718330832,
0.11431811533680189,
-0.9686401865481546,
0.5575357318356428
],
[
0.0,
0.0,
0.0,
1.0
]
],
"at_element": 12,
"to_element": 21
},
{
"pose": [
[
-0.461751943934249,
-0.32681618378001526,
0.8246067694922287,
-0.9144692029664153
],
[
-0.2640438166043831,
0.9381484693401726,
0.22396051524249114,
0.3914520561285296
],
[
-0.8467974995156359,
-0.1143181153368025,
-0.5194856719101197,
0.5534202779557981
],
[
0.0,
0.0,
0.0,
1.0
]
],
"at_element": 21,
"to_element": 12
},
{
"pose": [
[
0.20080459879432166,
0.9565703364004193,
0.21130713339080598,
0.23449054812094378
],
[
-0.9645127002662058,
0.15530219364555709,
0.21353332216323978,
-1.1349122166695207
],
[
0.1714431804658429,
-0.2466868868984856,
0.9538096328429957,
-0.2781588622708432
],
[
0.0,
0.0,
0.0,
1.0
]
],
"at_element": 11,
"to_element": 13
},
{
"pose": [
[
0.28420249645233575,
-0.9565703364004193,
0.0648238577149553,
0.20005401515576882
],
[
-0.3086762798427599,
-0.15530219364555697,
-0.938402996005081,
-1.1405030957795337
],
[
0.9077157568714418,
0.2466868868984866,
-0.33940784398661017,
-0.26927813412206636
],
[
0.0,
0.0,
0.0,
1.0
]
],
"at_element": 13,
"to_element": 11
},
{
"pose": [
[
-0.8828908860076499,
0.4193482786214674,
0.21130713339080487,
0.2824192440019181
],
[
-0.37697354142926875,
-0.9012738037845136,
0.21353332216323945,
-1.0864785765259677
],
[
0.27999041495540994,
0.1088694255932608,
0.953809632842996,
-0.06181570770100775
],
[
0.0,
0.0,
0.0,
1.0
]
],
"at_element": 11,
"to_element": 17
},
{
"pose": [
[
-0.7422860396578279,
-0.4193482786214674,
0.5226456319020661,
0.26732271075764835
],
[
-0.4094480253478029,
0.9012738037845134,
0.14162572206551868,
-1.0540327298761376
],
[
-0.5304373194524333,
-0.10886942559326154,
-0.8407042870731127,
-0.06573500577981733
],
[
0.0,
0.0,
0.0,
1.0
]
],
"at_element": 17,
"to_element": 11
},
{
"pose": [
[
-0.16254910084571206,
-0.973513028186177,
-0.16077989229387563,
0.4166762471739338
],
[
-0.5905295090324754,
0.22652554580691786,
-0.7745715435379366,
-0.789464215062688
],
[
0.7904762417531055,
-0.03096063708417035,
-0.6117096943610001,
-0.4159795933505211
],
[
0.0,
0.0,
0.0,
1.0
]
],
"at_element": 0,
"to_element": 15
},
{
"pose": [
[
-0.03779506357923612,
0.973513028186177,
-0.22548595770207397,
0.4517226874966248
],
[
-0.29300302927421695,
-0.2265255458069182,
-0.9288893378293297,
-0.7976191280354283
],
[
-0.9553642017603412,
0.030960637084171683,
0.29380381370255937,
-0.41486501132798304
],
[
0.0,
0.0,
0.0,
1.0
]
],
"at_element": 15,
"to_element": 0
},
{
"pose": [
[
-0.4731223974606267,
-0.8516520885316304,
-0.22548595770207241,
0.400626775048781
],
[
0.3680267498767601,
0.041483845556309906,
-0.9288893378293289,
-1.0081087246522304
],
[
0.8004445692215405,
-0.5224632146453684,
0.2938038137025629,
-0.3482880320128298
],
[
0.0,
0.0,
0.0,
1.0
]
],
"at_element": 15,
"to_element": 17
},
{
"pose": [
[
-0.03911858322335715,
0.851652088531631,
0.5226456319020645,
0.4312862348808155
],
[
0.9890506788872249,
-0.04148384555630669,
0.14162572206552043,
-1.0096021423443127
],
[
0.14229719266140434,
0.5224632146453676,
-0.8407042870731132,
-0.3294793657054962
],
[
0.0,
0.0,
0.0,
1.0
]
],
"at_element": 17,
"to_element": 15
},
{
"pose": [
[
-0.9521013976986032,
-0.2980872577582005,
0.06816828634022426,
0.5895748346862054
],
[
-0.2990655075067365,
0.9542224938841416,
-0.004387981912848785,
-0.9294494411550027
],
[
-0.06373971069988338,
-0.024564586862503214,
-0.9976641871652858,
-0.6022412434631285
],
[
0.0,
0.0,
0.0,
1.0
]
],
"at_element": 16,
"to_element": 17
},
{
"pose": [
[
0.7987399640783515,
0.29808725775820055,
0.522645631902066,
0.6003059695891152
],
[
0.2634418095423543,
-0.9542224938841417,
0.1416257220655181,
-0.9638014305230556
],
[
0.5409370414097778,
0.02456458686250497,
-0.8407042870731127,
-0.6013569188615394
],
[
0.0,
0.0,
0.0,
1.0
]
],
"at_element": 17,
"to_element": 16
},
{
"pose": [
[
-0.3211774337043145,
-0.9332710658287228,
-0.16077989229387618,
0.5494398765024497
],
[
-0.5449808052286734,
0.3209904139901465,
-0.7745715435379363,
-0.14986352975607356
],
[
0.7744940141869512,
-0.16115294540700803,
-0.6117096943610005,
0.08913829148026037
],
[
0.0,
0.0,
0.0,
1.0
]
],
"at_element": 0,
"to_element": 18
},
{
"pose": [
[
-0.05013670138995252,
0.9332710658287227,
-0.35565633533040664,
0.5830375774398648
],
[
-0.5607108644872278,
-0.3209904139901465,
-0.7632617379198434,
-0.16141916490634106
],
[
-0.8264923699706611,
0.16115294540700836,
0.5393886266570009,
0.09493978759774732
],
[
0.0,
0.0,
0.0,
1.0
]
],
"at_element": 18,
"to_element": 0
},
{
"pose": [
[
0.48114688171370745,
0.8617699834939397,
-0.1607798922938764,
0.5010071582260578
],
[
0.47963173530756753,
-0.4123012520319467,
-0.7745715435379359,
-0.3831924915923779
],
[
-0.7337922571838893,
0.2955675440939753,
-0.6117096943610008,
-0.09513079137104488
],
[
0.0,
0.0,
0.0,
1.0
]
],
"at_element": 0,
"to_element": 19
},
{
"pose": [
[
-0.29211795409518526,
-0.8617699834939392,
0.4147524520049267,
0.4699834432618023
],
[
-0.8796474092801128,
0.4123012520319469,
0.2371246780064758,
-0.36834964864421116
],
[
-0.3753498850965975,
-0.29556754409397684,
-0.8784943315902647,
-0.10577122143508527
],
[
0.0,
0.0,
0.0,
1.0
]
],
"at_element": 19,
"to_element": 0
},
{
"pose": [
[
-0.8551661525903884,
0.3770933871113332,
-0.35565633533040686,
0.646365493545733
],
[
0.032904720603378707,
-0.645250957992,
-0.7632617379198434,
-0.025513318435469782
],
[
-0.5173085450925455,
-0.6644183761812346,
0.5393886266570008,
-0.0011033706540540637
],
[
0.0,
0.0,
0.0,
1.0
]
],
"at_element": 18,
"to_element": 22
},
{
"pose": [
[
-0.2840423778275871,
-0.3770933871113329,
-0.8815443862874704,
0.6327901330212237
],
[
-0.7633795793197751,
0.6452509579919998,
-0.030046948064151202,
-0.002284286362997285
],
[
0.580147865182329,
0.6644183761812349,
-0.4711440076208946,
0.02281568840148529
],
[
0.0,
0.0,
0.0,
1.0
]
],
"at_element": 22,
"to_element": 18
},
{
"pose": [
[
-0.8782388203318392,
0.20968287339951447,
0.42980189281233133,
-0.24995228314971946
],
[
0.43246145695255583,
0.7318815148152598,
0.5266180176581441,
0.5962303459300993
],
[
-0.204141281255439,
0.6483691393601672,
-0.7334465191223856,
0.16288484216151594
],
[
0.0,
0.0,
0.0,
1.0
]
],
"at_element": 20,
"to_element": 21
},
{
"pose": [
[
0.525411047000835,
-0.20968287339951444,
0.8246067694922288,
-0.25750089546866783
],
[
-0.6435768298222351,
-0.7318815148152602,
0.22396051524249122,
0.5698825106053766
],
[
0.556553767218809,
-0.6483691393601669,
-0.5194856719101195,
0.1395434638541189
],
[
0.0,
0.0,
0.0,
1.0
]
],
"at_element": 21,
"to_element": 20
},
{
"pose": [
[
-0.5463931716245307,
-0.14655435070197187,
0.8246067694922286,
0.059501831980574724
],
[
0.07741506682822942,
0.9715187054505428,
0.22396051524249136,
0.6559794198225116
],
[
-0.8339432890970864,
0.1862074844092602,
-0.5194856719101193,
-0.06016187565905887
],
[
0.0,
0.0,
0.0,
1.0
]
],
"at_element": 21,
"to_element": 24
},
{
"pose": [
[
0.6491374338488105,
0.14655435070197237,
-0.7464197306251387,
0.06477778211710919
],
[
0.23649275177837126,
-0.971518705450543,
0.014919226387282145,
0.6210047894405655
],
[
-0.7229742528835138,
-0.18620748440925944,
-0.6653082010748859,
-0.06686533685340168
],
[
0.0,
0.0,
0.0,
1.0
]
],
"at_element": 24,
"to_element": 21
},
{
"pose": [
[
0.7679825740541338,
-0.627157363090185,
-0.12990922935247004,
0.14995473111062022
],
[
-0.42695018841150967,
-0.35011806498850473,
-0.8337450912503661,
0.6062467497466028
],
[
0.4774058049129306,
0.6957664712318861,
-0.5366495271077445,
0.054227522255950955
],
[
0.0,
0.0,
0.0,
1.0
]
],
"at_element": 23,
"to_element": 24
},
{
"pose": [
[
-0.22255612248433398,
0.6271573630901851,
-0.7464197306251383,
0.1725324318343396
],
[
0.9365867590633074,
0.3501180649885055,
0.01491922638728177,
0.6188510199896063
],
[
0.27069173443610817,
-0.6957664712318858,
-0.6653082010748861,
0.029179889738858274
],
[
0.0,
0.0,
0.0,
1.0
]
],
"at_element": 24,
"to_element": 23
}
],
"nstatus": 0,
"opt_line_pos": [
[
0.5347124854646428,
-0.220814056253443,
0.03310586266133058
],
[
0.1720942506069929,
-0.36112193577441054,
0.051917732536690804
],
[
0.3919519192628806,
-0.4593112029234815,
0.286000671438424
],
[
0.36527937287628376,
-0.9500393585541979,
0.491484681916054
],
[
-0.8071107832791249,
0.6478550681879903,
-0.5184950184614927
],
[
-0.27611030619142096,
0.0795127587233397,
0.20228098773939301
],
[
0.0744111917837469,
0.1088634304880259,
-0.43847184617047286
],
[
-0.6261063597083751,
0.6672272699778312,
-0.6108370851095382
],
[
-0.4154631199470815,
0.21045050232409612,
0.3566348234146298
],
[
-0.6918932159238219,
0.51447416584332,
0.3727535185225278
],
[
-0.7454150106323275,
0.4812297239150558,
0.3558771335816127
],
[
0.29788268575932614,
-1.0708522224244703,
0.007984016844231653
],
[
-0.9227483811506066,
0.3370227045607559,
0.44532692554333453
],
[
0.13668544923793632,
-0.22316719190104176,
0.06251002370817695
],
[
-0.24973239852275414,
0.11097727494430262,
0.24316242633372517
],
[
0.4947609010301261,
-0.6203232197761993,
-0.4709429658043981
],
[
0.5144338050304658,
-0.9246126248472487,
0.4974712225376694
],
[
0.3454564821297468,
-1.0328601588015378,
-0.19141748076512854
],
[
0.6203693099843067,
-0.08130282722052831,
0.038322458036708425
],
[
0.27535575282606334,
-0.47962332093384485,
0.3064730510020795
],
[
-0.41611723443264986,
0.39263548347776617,
0.44644130656224557
],
[
-0.7623973193477411,
0.432754284862483,
0.4576180512909236
],
[
0.5384381979608562,
-0.005500219373982961,
-0.027610982680090487
],
[
0.13124347552402366,
0.4861596891565601,
-0.023067882483113557
],
[
-0.051392571060392224,
0.6233267695911894,
-0.17041175386200189
],
[
0.16271039268074955,
0.024762257177577292,
-0.1740797257331972
]
],
"opt_line_orient": [
[
-0.1607798922938763,
-0.774571543537936,
-0.6117096943610008
],
[
0.2597361885663918,
0.5381055496464793,
-0.8018600437661575
],
[
-0.2757658539753196,
0.3950550269542961,
-0.8762903168809999
],
[
-0.20536297312038937,
0.9614583589319793,
-0.18282197163081754
],
[
-0.3670772565427558,
-0.803593267253149,
0.46849989173366224
],
[
0.5692019970600958,
-0.8119433938173014,
0.1294488770876023
],
[
-0.31326903128166306,
-0.34212874669472715,
0.8858952730006767
],
[
-0.9689872137388598,
-0.03684606397832384,
0.24434841349987713
],
[
0.2027466955875608,
-0.26094537545596364,
-0.9438226996933646
],
[
0.9982705638788559,
-0.04631286962219783,
-0.0362077256997517
],
[
-0.21124268703018098,
0.026406828375003816,
-0.9770768683125407
],
[
0.21130713339080504,
0.2135333221632387,
0.953809632842996
],
[
-0.1730342968504334,
-0.17831242558338864,
-0.9686401865481551
],
[
0.0648238577149555,
-0.938402996005081,
-0.3394078439866099
],
[
-0.9681407389891962,
0.16441451798065826,
-0.18886867338614244
],
[
-0.2254859577020744,
-0.9288893378293297,
0.29380381370255876
],
[
0.06816828634022393,
-0.0043879819128464165,
-0.9976641871652856
],
[
0.5226456319020659,
0.14162572206551866,
-0.8407042870731128
],
[
-0.35565633533040675,
-0.7632617379198435,
0.5393886266570009
],
[
0.4147524520049276,
0.23712467800647427,
-0.8784943315902647
],
[
0.42980189281233133,
0.5266180176581448,
-0.7334465191223852
],
[
0.8246067694922287,
0.22396051524249125,
-0.5194856719101195
],
[
-0.8815443862874704,
-0.030046948064150765,
-0.47114400762089437
],
[
-0.1299092293524705,
-0.833745091250367,
-0.5366495271077433
],
[
-0.7464197306251386,
0.014919226387281288,
-0.6653082010748861
],
[
-0.48594596584186983,
0.8739815937036712,
-0.0035626042726343726
]
],
"opt_edge_ids": [
[
14,
12
],
[
0,
1
],
[
2,
0
],
[
3,
2
],
[
4,
5
],
[
6,
0
],
[
7,
6
],
[
8,
4
],
[
9,
6
],
[
10,
9
],
[
10,
4
],
[
11,
3
],
[
10,
5
],
[
0,
11
],
[
6,
5
],
[
12,
13
],
[
3,
13
],
[
11,
13
],
[
14,
3
],
[
2,
14
],
[
9,
15
],
[
10,
15
],
[
14,
1
],
[
15,
7
],
[
15,
8
],
[
1,
7
]
]
}