{
"line_pt_pairs": [
[
[
0.04368477002872306,
0.7322496002594361,
-0.6900641642599394
],
[
0.7163393589193493,
0.006441360321054523,
-0.8340718129524016
]
],
[
[
0.28643471073332527,
0.09879335406232168,
-0.6914269106667976
],
[
0.5598635247500162,
1.0550648571345342,
-0.7952608939162009
]
],
[
[
-0.10438150333191981,
0.2905357915334725,
-0.7031624518291878
],
[
0.7913464501588976,
0.7351365990228406,
-0.7044095744991521
]
],
[
[
-0.9344303091123669,
-0.18728824737607908,
0.9078270352899964
],
[
-0.41333523998690846,
0.061610379423372594,
0.091426764276763
]
],
[
[
-0.42537539523492435,
-0.20180015614952235,
0.49671156296624297
],
[
-0.14727811161122817,
0.060224613140505034,
-0.4274123037960159
]
],
[
[
-0.3012359851281897,
0.21081578416677352,
0.07887654029811714
],
[
0.10279513082161168,
0.6313065535307134,
-0.733494292649546
]
],
[
[
-0.21707305941858102,
-0.565205419900854,
0.4463150517001767
],
[
0.12300566732722477,
-0.1505531406503884,
-0.39772875458439383
]
],
[
[
0.19234939486401936,
-0.18974291765513643,
-0.0810687894963168
],
[
0.6571554086670578,
0.10235851526994483,
-0.9169109530748503
]
],
[
[
-0.334937645636708,
-1.1253719307376713,
0.8758764588852526
],
[
0.039394308606688466,
-0.5729392251827561,
0.13109884518731352
]
],
[
[
-0.2385089729927868,
-0.13961155486475757,
0.8126538252145656
],
[
0.22825928134565607,
0.5114826628035919,
-0.45549589641166377
]
],
[
[
-0.00188956076249161,
0.12392131024079689,
0.21530123670100304
],
[
0.5263284218806914,
0.893325346020015,
-0.959008429672828
]
],
[
[
0.3460653323997399,
0.4028091986247244,
0.4359609227479647
],
[
0.5194326679165245,
0.15610393673557676,
-1.0334199947584584
]
],
[
[
0.010194342872497932,
0.5287385285196519,
-0.6499521115063902
],
[
0.42022189112460673,
0.38330741537807766,
0.2504517984166885
]
],
[
[
0.007923362923002455,
-0.006979625683899569,
0.97322245907296
],
[
0.4172318050133814,
-0.10736716148938001,
-0.46635697322261505
]
],
[
[
0.032069999867554114,
-0.05666074062274853,
0.9258677837242849
],
[
-0.3053161420256848,
0.19287757931995117,
0.018177738533433185
]
],
[
[
-0.5595797942185673,
0.07931073908406781,
0.32081269111759764
],
[
-0.01114201984463159,
-0.7528626126789326,
0.23893766284097537
]
],
[
[
-0.21456427281666157,
0.5310503380523357,
-0.20906370574633013
],
[
0.30034157756217666,
-0.32552820866667465,
-0.17522351445854545
]
],
[
[
-1.3540710467432429,
-0.2714863849398105,
0.7880004700815783
],
[
-0.13981979626786567,
-1.1482835184460276,
0.7054130170740882
]
],
[
[
0.08461311238636043,
0.36764939527723495,
0.6707536838690114
],
[
-0.6193839564432203,
-0.9565513643698155,
0.7004264867284177
]
],
[
[
0.0697519359134823,
0.282392264106749,
0.633388918673932
],
[
-1.2613645389173906,
-0.3997751461198066,
0.7464223423088205
]
],
[
[
0.4332632496229797,
0.48699106090566274,
0.12845995478371008
],
[
-0.025147158116734236,
-0.3008448586242318,
-0.28284827753652314
]
],
[
[
-0.46749860560632706,
-0.004615999295208964,
-0.31119734148466305
],
[
0.475471612182943,
0.16578818698710593,
-0.025243531123760793
]
]
],
"contact_id_pairs": [
[
0,
1
],
[
0,
7
],
[
0,
11
],
[
1,
2
],
[
1,
10
],
[
0,
2
],
[
0,
5
],
[
5,
12
],
[
3,
19
],
[
17,
19
],
[
3,
15
],
[
4,
15
],
[
4,
21
],
[
5,
14
],
[
5,
16
],
[
16,
21
],
[
6,
15
],
[
8,
15
],
[
6,
20
],
[
7,
13
],
[
7,
16
],
[
16,
20
],
[
8,
17
],
[
17,
18
],
[
9,
14
],
[
9,
18
],
[
13,
14
],
[
14,
18
],
[
18,
19
],
[
9,
10
],
[
9,
12
],
[
10,
12
],
[
11,
12
],
[
11,
20
],
[
12,
20
],
[
20,
21
]
],
"contact_t_pairs": [
[
0.47195367440983277,
0.3055313415674001
],
[
0.8812876507836618,
0.9040142253744595
],
[
0.7037267393289859,
0.8345991445753439
],
[
0.4632839827756613,
0.5752974234825947
],
[
0.6944686584326002,
0.8416385579284568
],
[
0.3418051169787426,
0.4247025765174053
],
[
0.11871234921633834,
0.9932020617041901
],
[
0.8093659907938755,
0.06734865893754877
],
[
0.24777187894256306,
0.6450253617364919
],
[
0.11789960290760394,
0.9641973176094537
],
[
0.7522281210574371,
0.07766493302811599
],
[
0.20187915129101663,
0.2951794101714905
],
[
0.7981208487089833,
0.2711691131338504
],
[
0.006797938295809917,
0.9528032932924714
],
[
0.3726026806862308,
0.17248931112199004
],
[
0.5131153669752945,
0.5382019349838825
],
[
0.19439965020765568,
0.6965293251906529
],
[
0.8163948976497541,
0.922335066971884
],
[
0.8056003497923445,
0.8872552079761503
],
[
0.36755703972581916,
0.9391052323849591
],
[
0.0959857746255405,
0.8275106888780097
],
[
0.6750058843964317,
0.6878864758846369
],
[
0.18360510235024602,
0.882100397092396
],
[
0.6553655746229397,
0.9163273634349648
],
[
0.2596048385277295,
0.47347699492308754
],
[
0.10626347142523342,
0.34349668227709296
],
[
0.06089476761504112,
0.047196706707528575
],
[
0.28926201240608773,
0.25411681492176924
],
[
0.08367263656503554,
0.03580268239054652
],
[
0.6194543799474445,
0.15836144207152733
],
[
0.8937365285747663,
0.3780724140338746
],
[
0.4025242755919261,
0.44952524522990583
],
[
0.16540085542465624,
0.9326513410624512
],
[
0.2491348748963384,
0.15900858556566974
],
[
0.8303984686572272,
0.11274479202384959
],
[
0.48244167228197277,
0.7288308868661495
]
],
"half_couplers": [
{
"pose": [
[
-0.6981299277862774,
-0.24525580110062628,
0.6726545888906261,
0.3611465748642896
],
[
-0.6870025217888583,
-0.03507041336080707,
-0.7258082399383817,
0.3897017345035834
],
[
0.20159895581296144,
-0.9688238529955754,
-0.14400764869246174,
-0.7580291032034674
],
[
0.0,
0.0,
0.0,
1.0
]
],
"at_element": 0,
"to_element": 1
},
{
"pose": [
[
-0.9301001428297471,
0.24525580110062647,
0.27342881401669084,
0.3699757831030279
],
[
0.29037024385896193,
0.03507041336080963,
0.9562715030722128,
0.3909642692986489
],
[
0.2249418720233544,
0.9688238529955752,
-0.1038339832494013,
-0.7231514468692747
],
[
0.0,
0.0,
0.0,
1.0
]
],
"at_element": 1,
"to_element": 0
},
{
"pose": [
[
0.3241573753110182,
0.6651750146208556,
0.6726545888906253,
0.636486952460993
],
[
0.46398761918141374,
0.5078561686973109,
-0.725808239938382,
0.09260376156471548
],
[
-0.8244012889836084,
0.5473794952683494,
-0.14400764869246307,
-0.8169763266709983
],
[
0.0,
0.0,
0.0,
1.0
]
],
"at_element": 0,
"to_element": 7
},
{
"pose": [
[
0.5843779337523566,
-0.6651750146208559,
0.4648060138030384,
0.6125406433815636
],
[
-0.81040660461228,
-0.5078561686973091,
0.29210143292508106,
0.07432093296140055
],
[
0.04175602644076587,
-0.5473794952683504,
-0.8358421635785334,
-0.836681995539077
],
[
0.0,
0.0,
0.0,
1.0
]
],
"at_element": 7,
"to_element": 0
},
{
"pose": [
[
-0.11891049727346736,
0.730339713888378,
0.6726545888906275,
0.517049790563403
],
[
0.08605872075030996,
0.6824927072287077,
-0.7258082399383805,
0.2214789341894886
],
[
-0.9891684336962019,
-0.028418425309499784,
-0.14400764869246196,
-0.7914061973127199
],
[
0.0,
0.0,
0.0,
1.0
]
],
"at_element": 0,
"to_element": 11
},
{
"pose": [
[
0.6732351569317476,
-0.7303397138883769,
0.11557822367785797,
0.490757562319355
],
[
-0.7121469414727937,
-0.6824927072287086,
-0.16447017459276167,
0.19690919808980561
],
[
0.19900039502983546,
0.028418425309504863,
-0.9795872783376158,
-0.79038313405823
],
[
0.0,
0.0,
0.0,
1.0
]
],
"at_element": 11,
"to_element": 0
},
{
"pose": [
[
0.9599817335457177,
0.06059500741797558,
0.2734288140166911,
0.41310990069660336
],
[
-0.2644909165513093,
-0.1248573885433284,
0.9562715030722126,
0.5418186246204844
],
[
0.09208488649288282,
-0.9903226128904439,
-0.10383398324940174,
-0.7395315319740425
],
[
0.0,
0.0,
0.0,
1.0
]
],
"at_element": 1,
"to_element": 2
},
{
"pose": [
[
-0.44045394584583764,
-0.060595007417975466,
0.8957279534908172,
0.4109284804526849
],
[
0.8869840779325986,
0.12485738854332751,
0.44460080748936853,
0.546313490560387
],
[
-0.13877884234597893,
0.9903226128904439,
-0.0012471226699637405,
-0.703879918287985
],
[
0.0,
0.0,
0.0,
1.0
]
],
"at_element": 2,
"to_element": 1
},
{
"pose": [
[
-0.22775875647990018,
0.9345387271334222,
0.27342881401668856,
0.47632245238031357
],
[
0.16924259548862902,
-0.23854089017248814,
0.9562715030722129,
0.7628939418982073
],
[
0.9588967059694189,
0.264075010562454,
-0.10383398324940574,
-0.7635363577137239
],
[
0.0,
0.0,
0.0,
1.0
]
],
"at_element": 1,
"to_element": 10
},
{
"pose": [
[
-0.051293662853182376,
-0.934538727133422,
0.352145321762121,
0.44267906042119554
],
[
-0.8246180201461673,
0.23854089017248525,
0.5129360238528131,
0.7714814133783529
],
[
-0.5633596373554991,
-0.2640750105624572,
-0.7828731109158873,
-0.7730430574673153
],
[
0.0,
0.0,
0.0,
1.0
]
],
"at_element": 10,
"to_element": 1
},
{
"pose": [
[
-0.7368589420804477,
-0.06763655461706114,
0.6726545888906263,
0.27360155047077156
],
[
-0.6748200879135164,
0.13349250086032116,
-0.7258082399383816,
0.4841646299031623
],
[
-0.04070317462407563,
-0.9887391206448699,
-0.1440076486924622,
-0.7392867154671001
],
[
0.0,
0.0,
0.0,
1.0
]
],
"at_element": 0,
"to_element": 2
},
{
"pose": [
[
-0.4394277299109435,
0.06763655461706147,
0.8957279534908176,
0.2760364663742929
],
[
0.8857256201521211,
-0.13349250086032116,
0.44460080748936787,
0.47935889999592596
],
[
0.14964423140053085,
0.9887391206448699,
-0.0012471226699641846,
-0.7036921080403549
],
[
0.0,
0.0,
0.0,
1.0
]
],
"at_element": 2,
"to_element": 0
},
{
"pose": [
[
0.3490413532886485,
0.6524614454041037,
0.6726545888906257,
0.1235371764870796
],
[
0.48283197735430916,
0.48997518353655045,
-0.7258082399383817,
0.646087199015775
],
[
-0.8031459489647923,
0.5781162355266555,
-0.14400764869246263,
-0.7071596505413428
],
[
0.0,
0.0,
0.0,
1.0
]
],
"at_element": 0,
"to_element": 5
},
{
"pose": [
[
0.6411340886316587,
-0.652461445404103,
0.40403111594980046,
0.10004855222579773
],
[
-0.7636175956577017,
-0.48997518353654845,
0.42049076936393764,
0.6284480832266197
],
[
-0.07638879496629808,
-0.5781162355266579,
-0.8123708329476647,
-0.7279718458538521
],
[
0.0,
0.0,
0.0,
1.0
]
],
"at_element": 5,
"to_element": 0
},
{
"pose": [
[
-0.8514565645030965,
-0.33433602275098,
0.4040311159498009,
0.025773059344076477
],
[
-0.1517160205497592,
0.8945220858023936,
0.42049076936394264,
0.5511467123326976
],
[
-0.5019999680011248,
0.29673163279770415,
-0.8123708329476624,
-0.5786287838026142
],
[
0.0,
0.0,
0.0,
1.0
]
],
"at_element": 5,
"to_element": 12
},
{
"pose": [
[
-0.8485851952311094,
0.33433602275098095,
0.41002754825210896,
0.03780914837472853
],
[
-0.42270560599800244,
-0.894522085802393,
-0.14543111314157614,
0.518943938081772
],
[
0.31815583774691536,
-0.2967316327977048,
0.9004039099230781,
-0.5893111156709455
],
[
0.0,
0.0,
0.0,
1.0
]
],
"at_element": 12,
"to_element": 5
},
{
"pose": [
[
-0.7205991702232235,
-0.45738032839939213,
0.5210950691254578,
-0.8053176047274474
],
[
-0.38429543028696833,
0.8890255878420487,
0.24889862679945343,
-0.12561816694775516
],
[
-0.5771081858145449,
-0.02089830986859939,
-0.816400271013233,
0.7055460061718299
],
[
0.0,
0.0,
0.0,
1.0
]
],
"at_element": 3,
"to_element": 19
},
{
"pose": [
[
-0.05748897331442082,
0.45738032839939136,
-0.8874109832205811,
-0.7888519497777055
],
[
-0.05301156598963039,
-0.889025587842049,
-0.4547782734843719,
-0.15762301643948093
],
[
-0.9969377070903581,
0.020898309868599196,
0.07535561575659211,
0.7062983436423401
],
[
0.0,
0.0,
0.0,
1.0
]
],
"at_element": 19,
"to_element": 3
},
{
"pose": [
[
0.5819601745632217,
0.07765793933586063,
0.8095008336502517,
-1.2109113064821342
],
[
0.8112562895201826,
0.013647307942268982,
-0.5845314223374778,
-0.37486041881071885
],
[
-0.056441012892136766,
0.9968866512518046,
-0.05505830200499284,
0.7782634421668447
],
[
0.0,
0.0,
0.0,
1.0
]
],
"at_element": 17,
"to_element": 19
},
{
"pose": [
[
-0.45439079140931815,
-0.07765793933585785,
-0.8874109832205828,
-1.2137069985441973
],
[
0.8905001251838801,
-0.013647307942265652,
-0.4547782734843679,
-0.3753517229942837
],
[
0.023206372614155146,
-0.9968866512518044,
0.07535561575659666,
0.7423754425429046
],
[
0.0,
0.0,
0.0,
1.0
]
],
"at_element": 19,
"to_element": 17
},
{
"pose": [
[
0.4777001078155805,
-0.7072923977578981,
0.5210950691254582,
-0.542447944371828
],
[
-0.877730278332148,
-0.4094374580767097,
0.24889862679945118,
-5.970100495129166e-05
],
[
0.03731173397140297,
-0.5762798209182461,
-0.8164002710132336,
0.2937077933949294
],
[
0.0,
0.0,
0.0,
1.0
]
],
"at_element": 3,
"to_element": 15
},
{
"pose": [
[
0.4460420066693791,
0.7072923977578984,
0.548437774373936,
-0.5169854112017266
],
[
0.3739632074672809,
0.4094374580767096,
-0.8321733517630003,
0.014680051451611581
],
[
-0.8131408535715919,
0.5762798209182458,
-0.08187502827662207,
0.31445387252981866
],
[
0.0,
0.0,
0.0,
1.0
]
],
"at_element": 15,
"to_element": 3
},
{
"pose": [
[
-0.5456481846464691,
0.7905251162569943,
0.2780972836236961,
-0.3692333516406354
],
[
0.8348709575043688,
0.48408006010808413,
0.2620247692900272,
-0.1489028181080272
],
[
0.07251581143275715,
0.37514868515379246,
-0.9241238667622591,
0.3101502210565056
],
[
0.0,
0.0,
0.0,
1.0
]
],
"at_element": 4,
"to_element": 15
},
{
"pose": [
[
-0.2725546701244157,
-0.7905251162569946,
0.548437774373936,
-0.39769225546310394
],
[
-0.2704699761919758,
-0.4840800601080839,
-0.8321733517630003,
-0.16632970004976697
],
[
0.9233417264328972,
-0.3751486851537926,
-0.0818750282766223,
0.29664486856313016
],
[
0.0,
0.0,
0.0,
1.0
]
],
"at_element": 15,
"to_element": 4
},
{
"pose": [
[
0.9319619523116758,
0.2326130269020442,
0.2780972836236962,
-0.20342015520551712
],
[
0.15937874452720605,
-0.9518095587203561,
0.26202476929002727,
0.007327275099009836
],
[
0.32564602751506305,
-0.19987431962117921,
-0.9241238667622589,
-0.24085096188627844
],
[
0.0,
0.0,
0.0,
1.0
]
],
"at_element": 4,
"to_element": 21
},
{
"pose": [
[
0.23811414926023633,
-0.23261302690204375,
0.9429702177892699,
-0.21179420793677695
],
[
0.25499211208588857,
0.9518095587203563,
0.17040418628231563,
0.0415923527732618
],
[
-0.9371663004483525,
0.19987431962117985,
0.2859538103609024,
-0.23365550033185195
],
[
0.0,
0.0,
0.0,
1.0
]
],
"at_element": 21,
"to_element": 4
},
{
"pose": [
[
-0.8791517617785543,
-0.2526876275285789,
0.40403111594980196,
-0.2984894065323757
],
[
-0.06682423984309219,
0.904832599904047,
0.42049076936393703,
0.21367425447086721
],
[
-0.47183333999523286,
0.3426761285016232,
-0.8123708329476644,
0.07335409350242322
],
[
0.0,
0.0,
0.0,
1.0
]
],
"at_element": 5,
"to_element": 14
},
{
"pose": [
[
0.9068183688878242,
0.252687627528578,
-0.33738614189323873,
-0.289392627239565
],
[
0.34497622096465785,
-0.9048325999040481,
0.24953831994269862,
0.18110019242132613
],
[
-0.24222273389706744,
-0.3426761285016213,
-0.9076900451908521,
0.061017719377649215
],
[
0.0,
0.0,
0.0,
1.0
]
],
"at_element": 14,
"to_element": 5
},
{
"pose": [
[
0.5971990195035768,
-0.6929012833357469,
0.4040311159498012,
-0.15069290824464437
],
[
-0.7939584234659567,
-0.43910993462591463,
0.4204907693639395,
0.36749177203559313
],
[
-0.11394451681155665,
-0.5719005830251446,
-0.8123708329476638,
-0.22381500976948834
],
[
0.0,
0.0,
0.0,
1.0
]
],
"at_element": 5,
"to_element": 16
},
{
"pose": [
[
0.5047373344595397,
0.6929012833357469,
0.5149058503788376,
-0.12574851739213327
],
[
0.27102704406308203,
0.43910993462591563,
-0.8565785467190108,
0.3832996946068982
],
[
-0.8196246485978244,
0.5719005830251438,
0.03384019128778393,
-0.20322663446286376
],
[
0.0,
0.0,
0.0,
1.0
]
],
"at_element": 16,
"to_element": 5
},
{
"pose": [
[
-0.8144232807801113,
0.2675568817448077,
0.514905850378838,
0.04964183155820208
],
[
-0.5011233668405775,
0.12307950482152663,
-0.8565785467190101,
0.09152672270944626
],
[
-0.29255784202397184,
-0.9556488636125104,
0.03384019128778526,
-0.19169978357518433
],
[
0.0,
0.0,
0.0,
1.0
]
],
"at_element": 16,
"to_element": 21
},
{
"pose": [
[
-0.19804162035655803,
-0.26755688174480846,
0.9429702177892703,
0.04000979024003115
],
[
0.9776573268739666,
-0.12307950482152696,
0.17040418628231563,
0.08709586349128688
],
[
0.07046749474899294,
0.9556488636125104,
0.2859538103609013,
-0.15729644743241128
],
[
0.0,
0.0,
0.0,
1.0
]
],
"at_element": 21,
"to_element": 16
},
{
"pose": [
[
-0.5811854279079225,
0.7393036980851896,
0.34007872674580525,
-0.15096187389613144
],
[
0.7982846826636426,
0.43681237704190834,
0.41465227925046455,
-0.48459716185675633
],
[
0.15800336645810031,
0.5124695008101073,
-0.8440438062845714,
0.2822332309985179
],
[
0.0,
0.0,
0.0,
1.0
]
],
"at_element": 6,
"to_element": 15
},
{
"pose": [
[
-0.39069943644357297,
-0.7393036980851901,
0.548437774373936,
-0.17757680132482628
],
[
-0.341588143644553,
-0.4368123770419081,
-0.8321733517630001,
-0.5003224040610588
],
[
0.8547932442901865,
-0.5124695008101066,
-0.08187502827662207,
0.2637843329221163
],
[
0.0,
0.0,
0.0,
1.0
]
],
"at_element": 15,
"to_element": 6
},
{
"pose": [
[
-0.6328025027003243,
0.6778175127632258,
0.3743319542433969,
-0.029334948165137896
],
[
0.7392727297413346,
0.3850895180267455,
0.5524327055549161,
-0.6743686886277895
],
[
0.2302972506066932,
0.6263142042915866,
-0.744777613697938,
0.2678438151784955
],
[
0.0,
0.0,
0.0,
1.0
]
],
"at_element": 8,
"to_element": 15
},
{
"pose": [
[
-0.4896727754646357,
-0.6778175127632252,
0.5484377743739353,
-0.05373640286147227
],
[
-0.39899069628433936,
-0.38508951802674596,
-0.8321733517630007,
-0.6882319250464763
],
[
0.7752593096811535,
-0.6263142042915869,
-0.08187502827662296,
0.24529648142875432
],
[
0.0,
0.0,
0.0,
1.0
]
],
"at_element": 15,
"to_element": 8
},
{
"pose": [
[
0.41619322980521856,
0.8432850378604212,
0.34007872674580564,
0.05689448180477527
],
[
0.7384891514797595,
-0.5316928252845794,
0.41465227925046566,
-0.23116139869448601
],
[
0.5304874820492989,
0.0785689790034804,
-0.8440438062845701,
-0.23364693388273516
],
[
0.0,
0.0,
0.0,
1.0
]
],
"at_element": 6,
"to_element": 20
},
{
"pose": [
[
-0.28058909992488323,
-0.8432850378604213,
-0.45841040773971437,
0.026536227965447946
],
[
-0.3108332405637923,
0.5316928252845792,
-0.787835919529894,
-0.21202046172791547
],
[
0.9081037680595512,
-0.07856897900348103,
-0.4113082323202333,
-0.23647541642588119
],
[
0.0,
0.0,
0.0,
1.0
]
],
"at_element": 20,
"to_element": 6
},
{
"pose": [
[
-0.36039119334689595,
-0.8087481420631071,
0.46480601380304115,
0.3631921173442224
],
[
-0.7998609713581666,
0.5243082865844169,
0.2921014329250768,
-0.08237897966952362
],
[
-0.4799381358633325,
-0.26650940570341125,
-0.8358421635785338,
-0.38828846081926643
],
[
0.0,
0.0,
0.0,
1.0
]
],
"at_element": 7,
"to_element": 13
},
{
"pose": [
[
0.5210250987044076,
0.8087481420631063,
0.2728722947269216,
0.3923070625494134
],
[
0.8488944939148023,
-0.524308286584418,
-0.06692502387032452,
-0.1012540858250587
],
[
0.08894371659197653,
0.2665094057034116,
-0.9597196215303825,
-0.37869411822958354
],
[
0.0,
0.0,
0.0,
1.0
]
],
"at_element": 13,
"to_element": 7
},
{
"pose": [
[
-0.5335176368248804,
0.7066217522333462,
0.46480601380303843,
0.23696416014951371
],
[
0.8457882141245008,
0.44645162081820444,
0.29210143292508123,
-0.16170533534659215
],
[
-0.0011081718650230443,
0.5489687145361506,
-0.8358421635785334,
-0.16129774703209007
],
[
0.0,
0.0,
0.0,
1.0
]
],
"at_element": 7,
"to_element": 16
},
{
"pose": [
[
-0.4853428319408075,
-0.7066217522333458,
0.5149058503788371,
0.21152582213764826
],
[
-0.25875498752592796,
-0.446451620818207,
-0.8565785467190111,
-0.177777565221237
],
[
0.8351575850784894,
-0.5489687145361494,
0.03384019128778326,
-0.18106058574201178
],
[
0.0,
0.0,
0.0,
1.0
]
],
"at_element": 16,
"to_element": 7
},
{
"pose": [
[
-0.748068913177276,
0.4186464694505546,
0.5149058503788388,
0.13300020609920288
],
[
-0.46825617480770765,
0.21681639249651408,
-0.8565785467190099,
-0.0471452214307401
],
[
-0.47024361334549014,
-0.8818876263795652,
0.03384019128778348,
-0.18622137749797463
],
[
0.0,
0.0,
0.0,
1.0
]
],
"at_element": 16,
"to_element": 20
},
{
"pose": [
[
0.783961116186572,
-0.4186464694505544,
-0.45841040773971337,
0.11792892973406838
],
[
-0.5764592057060789,
-0.21681639249651474,
-0.7878359195298943,
-0.05495061335508883
],
[
0.23043383532854028,
0.8818876263795652,
-0.4113082323202344,
-0.15447341564939465
],
[
0.0,
0.0,
0.0,
1.0
]
],
"at_element": 20,
"to_element": 16
},
{
"pose": [
[
-0.8017759447195618,
0.46586577734512147,
0.3743319542433962,
-0.2662083888648816
],
[
0.5963283919381782,
0.582417852406418,
0.5524327055549143,
-1.0239424672926378
],
[
0.03934187892667235,
0.6661520267153149,
-0.7447776136979398,
0.7391314888940704
],
[
0.0,
0.0,
0.0,
1.0
]
],
"at_element": 8,
"to_element": 17
},
{
"pose": [
[
-0.3573198536580031,
-0.4658657773451203,
0.80950083365025,
-0.2829795365289743
],
[
-0.5649003996267088,
-0.582417852406421,
-0.5845314223374795,
-1.0449094845751192
],
[
0.7437809225056851,
-0.6661520267153128,
-0.05505830200499462,
0.7151500449888216
],
[
0.0,
0.0,
0.0,
1.0
]
],
"at_element": 17,
"to_element": 8
},
{
"pose": [
[
0.5839699665422697,
0.06072461194745199,
0.8095008336502512,
-0.5582925782388243
],
[
0.8113104525452044,
-0.009917958006588012,
-0.5845314223374783,
-0.8461090421678589
],
[
-0.0274668485180945,
0.9981052828298281,
-0.055058302004994175,
0.7338754964846794
],
[
0.0,
0.0,
0.0,
1.0
]
],
"at_element": 17,
"to_element": 18
},
{
"pose": [
[
-0.8809316534121965,
-0.06072461194745163,
-0.46933137921972096,
-0.5604786655601928
],
[
0.4696433752897001,
0.009917958006590455,
-0.8828005064313668,
-0.8457519954687243
],
[
0.058262527090334915,
-0.9981052828298281,
0.019781868572939842,
0.6979436850788966
],
[
0.0,
0.0,
0.0,
1.0
]
],
"at_element": 18,
"to_element": 17
},
{
"pose": [
[
0.9059011948064996,
0.2872468574822362,
0.3111788362256285,
-0.11733367569538519
],
[
0.13340477616856716,
-0.8909504145158753,
0.43406281177890027,
0.029415654379372644
],
[
0.4019280917571837,
-0.3517052768164993,
-0.8454331477508195,
0.4834360215028033
],
[
0.0,
0.0,
0.0,
1.0
]
],
"at_element": 9,
"to_element": 14
},
{
"pose": [
[
-0.8964707659064937,
-0.287246857482236,
-0.3373861418932388,
-0.12767457672475108
],
[
-0.3793915994775938,
0.8909504145158744,
0.24953831994269862,
0.061489913221876885
],
[
0.22891522474675574,
0.351705276816501,
-0.9076900451908518,
0.49609742880571894
],
[
0.0,
0.0,
0.0,
1.0
]
],
"at_element": 14,
"to_element": 9
},
{
"pose": [
[
-0.3574075873634459,
-0.8805836407635028,
0.3111788362256269,
-0.18890855793568762
],
[
-0.7708414694758854,
0.46625411994624943,
0.434062811778902,
-0.07042402307042221
],
[
-0.5273170255465863,
-0.0847322090638673,
-0.8454331477508195,
0.6778958335076192
],
[
0.0,
0.0,
0.0,
1.0
]
],
"at_element": 9,
"to_element": 18
},
{
"pose": [
[
0.06557825935025963,
0.880583640763503,
-0.46933137921971974,
-0.1572075450893988
],
[
-0.05718707439334003,
-0.46625411994625,
-0.8828005064313675,
-0.08720917233033307
],
[
-0.9962073732024477,
0.08473220906386392,
0.019781868572938177,
0.6809461932050797
],
[
0.0,
0.0,
0.0,
1.0
]
],
"at_element": 18,
"to_element": 9
},
{
"pose": [
[
-0.8427965368789794,
0.4639339480952695,
0.27287229472691965,
0.0328481053869706
],
[
0.4644370263790218,
0.8830737736498401,
-0.0669250238703194,
-0.013092701348220919
],
[
-0.2720151575795198,
0.07032781879574235,
-0.9597196215303834,
0.8855596040799282
],
[
0.0,
0.0,
0.0,
1.0
]
],
"at_element": 13,
"to_element": 14
},
{
"pose": [
[
0.8191067592586033,
-0.4639339480952691,
-0.3373861418932386,
0.016146485081434295
],
[
-0.3973805948609027,
-0.8830737736498404,
0.24953831994270081,
-0.0448833537241235
],
[
-0.41370615147090034,
-0.07032781879574211,
-0.9076900451908514,
0.8830278028800689
],
[
0.0,
0.0,
0.0,
1.0
]
],
"at_element": 14,
"to_element": 13
},
{
"pose": [
[
0.49788124298226055,
0.7989273178110976,
-0.337386141893239,
-0.06552299449441004
],
[
0.8656294696508982,
-0.434069404763892,
0.24953831994269995,
0.01552121597631096
],
[
0.05291397885572449,
-0.4162918359793837,
-0.9076900451908514,
0.6633075346114065
],
[
0.0,
0.0,
0.0,
1.0
]
],
"at_element": 14,
"to_element": 18
},
{
"pose": [
[
0.3760893475424163,
-0.7989273178110976,
-0.4693313792197207,
-0.09428438045887416
],
[
-0.17957454633784525,
0.43406940476389166,
-0.8828005064313669,
0.031147715918739244
],
[
0.909015833180411,
0.4162918359793841,
0.019781868572937622,
0.6782940420214453
],
[
0.0,
0.0,
0.0,
1.0
]
],
"at_element": 18,
"to_element": 14
},
{
"pose": [
[
0.8772988660578852,
0.10037308450607596,
-0.4693313792197203,
0.025707821503332617
],
[
-0.46871890258571847,
-0.031078227159244465,
-0.8828005064313669,
0.2568500263761433
],
[
-0.10319539705039432,
0.9944643722644739,
0.019781868572937067,
0.6732364855185324
],
[
0.0,
0.0,
0.0,
1.0
]
],
"at_element": 18,
"to_element": 19
},
{
"pose": [
[
-0.4499188713159472,
-0.10037308450607574,
-0.8874109832205819,
0.022094395540288643
],
[
0.8900622819573996,
0.031078227159245353,
-0.45477827348437033,
0.25796884098122597
],
[
0.07322665819611224,
-0.9944643722644739,
0.07535561575659266,
0.637435818439848
],
[
0.0,
0.0,
0.0,
1.0
]
],
"at_element": 19,
"to_element": 18
},
{
"pose": [
[
-0.3944130550194913,
-0.8646421652426053,
0.31117883622568365,
0.050632666577584376
],
[
-0.7503847783844833,
0.49850993951930067,
0.43406281177881745,
0.26371161002835625
],
[
-0.530434752254282,
-0.06230382239511731,
-0.8454331477508414,
0.02709292572406541
],
[
0.0,
0.0,
0.0,
1.0
]
],
"at_element": 9,
"to_element": 10
},
{
"pose": [
[
0.35831215224379864,
0.864642165242609,
0.35214532176218116,
0.08175980069699584
],
[
0.6988451013168949,
-0.4985099395192958,
0.5129360238527296,
0.2457652428824469
],
[
0.6190540573486262,
0.06230382239511392,
-0.7828731109159153,
0.029335864495509012
],
[
0.0,
0.0,
0.0,
1.0
]
],
"at_element": 10,
"to_element": 9
},
{
"pose": [
[
0.8738983539540734,
0.37345601995633215,
0.31117883622562875,
0.1786588662885567
],
[
0.2188891681887436,
-0.8738861524708101,
0.4340628117788988,
0.4422951310092563
],
[
0.4340382460175612,
-0.3112131001068873,
-0.8454331477508199,
-0.3207379047047168
],
[
0.0,
0.0,
0.0,
1.0
]
],
"at_element": 9,
"to_element": 12
},
{
"pose": [
[
0.8321105760851382,
-0.37345601995633204,
0.41002754825210863,
0.16521444786056372
],
[
0.4638672049737572,
0.8738861524708106,
-0.1454311131415742,
0.4737550364985834
],
[
-0.30400527185740356,
0.31121310010688624,
0.9004039099230785,
-0.3095342316762325
],
[
0.0,
0.0,
0.0,
1.0
]
],
"at_element": 12,
"to_element": 9
},
{
"pose": [
[
0.8203784716420383,
0.45052506659155556,
0.35214532176212127,
0.2107310000555842
],
[
0.23347271440833853,
-0.8260672654577639,
0.5129360238528142,
0.4336251123803311
],
[
0.5219862592952768,
-0.3385853471605157,
-0.7828731109158862,
-0.25738691107671974
],
[
0.0,
0.0,
0.0,
1.0
]
],
"at_element": 10,
"to_element": 12
},
{
"pose": [
[
0.7930350396086157,
-0.450525066591556,
0.41002754825210885,
0.1945120770515442
],
[
0.5444838512477084,
0.8260672654577628,
-0.14543111314157475,
0.46336357172062753
],
[
-0.27318997361437836,
0.33858534716051764,
0.9004039099230784,
-0.24519782309225213
],
[
0.0,
0.0,
0.0,
1.0
]
],
"at_element": 12,
"to_element": 10
},
{
"pose": [
[
0.8604255120572828,
-0.4962958919963311,
0.11557822367785694,
0.3747404379969095
],
[
-0.47617000072029,
-0.8638354542871376,
-0.1644701745927632,
0.3620039372704955
],
[
0.18146643936276965,
0.08647945134019398,
-0.9795872783376158,
0.19292406204773613
],
[
0.0,
0.0,
0.0,
1.0
]
],
"at_element": 11,
"to_element": 12
},
{
"pose": [
[
0.7652240176980407,
0.49629589199633073,
0.41002754825210846,
0.3926070856223761
],
[
-0.48232571903946486,
0.8638354542871377,
-0.14543111314157497,
0.39310200581595767
],
[
-0.4263731974352187,
-0.08647945134019278,
0.9004039099230785,
0.18981080258124366
],
[
0.0,
0.0,
0.0,
1.0
]
],
"at_element": 12,
"to_element": 11
},
{
"pose": [
[
0.5855362583545275,
0.8023646081200562,
0.1155782236778565,
0.38925718184482555
],
[
0.8079090334223051,
-0.5658909394786791,
-0.16447017459276525,
0.34134631406770316
],
[
-0.0665603776042222,
0.18967994161820767,
-0.9795872783376154,
0.06988689168993506
],
[
0.0,
0.0,
0.0,
1.0
]
],
"at_element": 11,
"to_element": 20
},
{
"pose": [
[
-0.38219227322416893,
-0.8023646081200564,
-0.4584104077397141,
0.3603720590797058
],
[
-0.24306790926492927,
0.5658909394786789,
-0.7878359195298945,
0.3617183856833854
],
[
0.8915419551391391,
-0.18967994161820773,
-0.4113082323202333,
0.0630584145309539
],
[
0.0,
0.0,
0.0,
1.0
]
],
"at_element": 20,
"to_element": 11
},
{
"pose": [
[
0.30850415848431556,
-0.8583138085061013,
0.41002754825210946,
0.3506805910483264
],
[
0.951132268052512,
0.272391629826775,
-0.14543111314157536,
0.40797275487177265
],
[
0.013137460453558625,
0.43485653511021866,
0.900403909923078,
0.09774191646671432
],
[
0.0,
0.0,
0.0,
1.0
]
],
"at_element": 12,
"to_element": 20
},
{
"pose": [
[
-0.23055867843926525,
0.8583138085061011,
-0.4584104077397143,
0.38157986354079754
],
[
0.5523742969208467,
-0.2723916298267741,
-0.787835919529894,
0.3981666640093465
],
[
-0.8010776066633866,
-0.43485653511021927,
-0.4113082323202333,
0.08208709367306818
],
[
0.0,
0.0,
0.0,
1.0
]
],
"at_element": 20,
"to_element": 12
},
{
"pose": [
[
0.8628919868479404,
-0.21278467310763882,
-0.45841040773971214,
0.2121069659215711
],
[
-0.5053496389570833,
-0.35204588664609116,
-0.7878359195298936,
0.10690618240385469
],
[
0.006257910159101321,
0.9114748359587568,
-0.4113082323202366,
-0.06997227664020539
],
[
0.0,
0.0,
0.0,
1.0
]
],
"at_element": 20,
"to_element": 21
},
{
"pose": [
[
0.2559879904466882,
0.21278467310763582,
0.9429702177892698,
0.2197672145133928
],
[
-0.9203402126349965,
0.3520458866460918,
0.17040418628231097,
0.11957983491863514
],
[
-0.29570938732822766,
-0.9114748359587574,
0.2859538103609054,
-0.10278537227657193
],
[
0.0,
0.0,
0.0,
1.0
]
],
"at_element": 21,
"to_element": 20
}
],
"nstatus": 0,
"opt_line_pos": [
[
0.2762466865579082,
0.4813104732535088,
-0.7398530088287619
],
[
0.30322685410936734,
0.1575210643943851,
-0.6978036897209726
],
[
0.13712356648807145,
0.4104085147596379,
-0.7034986995105402
],
[
-0.7782303635371786,
-0.11268007266227605,
0.6631083928475477
],
[
-0.347396914535281,
-0.12832840860610295,
0.23758722284535894
],
[
-0.19370901502336896,
0.3227232502055205,
-0.13732407104104688
],
[
-0.08135287608089677,
-0.399724080036493,
0.10947016513482918
],
[
0.2567565471350376,
-0.14926706125418954,
-0.1968896091618562
],
[
-0.2461271341116374,
-0.9943068944581075,
0.6991774619251173
],
[
-0.15107666789973065,
-0.017652386145824865,
0.5751114209607746
],
[
0.17917030309267248,
0.3876536982801174,
-0.18722263659370142
],
[
0.3909300277614719,
0.33896582013707766,
0.055708627598135024
],
[
-0.008241177011018183,
0.5352773530192069,
-0.6904357674347384
],
[
0.11400433521790664,
-0.032997186792945624,
0.600124887242422
],
[
-0.026461192106153646,
-0.013369764806722112,
0.7683978295952831
],
[
-0.4390566527014468,
-0.1035653342422103,
0.30282006537082784
],
[
-0.10389487375054891,
0.34694477205697793,
-0.20179038843726085
],
[
-1.0936223841801969,
-0.45955342680730205,
0.7702860212211236
],
[
-0.02576041606949051,
0.16003956748469358,
0.6754058224868787
],
[
-0.18728535577569763,
0.1506664032082622,
0.6552155624206101
],
[
0.3222124052923493,
0.29613622301230014,
0.028819707293439443
],
[
-0.13095778118226795,
0.056200306728972395,
-0.20914201749821112
]
],
"opt_line_orient": [
[
0.6726545888906262,
-0.7258082399383815,
-0.14400764869246221
],
[
0.2734288140166909,
0.9562715030722124,
-0.10383398324940327
],
[
0.8957279534908175,
0.4446008074893681,
-0.0012471226699642694
],
[
0.5210950691254586,
0.24889862679945168,
-0.8164002710132334
],
[
0.27809728362369623,
0.26202476929002744,
-0.9241238667622591
],
[
0.4040311159498014,
0.42049076936393986,
-0.8123708329476632
],
[
0.3400787267458058,
0.4146522792504656,
-0.8440438062845705
],
[
0.46480601380303843,
0.2921014329250813,
-0.8358421635785336
],
[
0.3743319542433964,
0.552432705554915,
-0.7447776136979389
],
[
0.31117883622562853,
0.43406281177889955,
-0.8454331477508195
],
[
0.352145321762122,
0.512936023852812,
-0.7828731109158873
],
[
0.1155782236778564,
-0.16447017459276508,
-0.9795872783376154
],
[
0.41002754825210874,
-0.14543111314157417,
0.9004039099230786
],
[
0.2728722947269193,
-0.0669250238703203,
-0.9597196215303834
],
[
-0.3373861418932389,
0.2495383199426997,
-0.9076900451908517
],
[
0.5484377743739357,
-0.8321733517630004,
-0.08187502827662226
],
[
0.5149058503788382,
-0.8565785467190102,
0.03384019128778467
],
[
0.8095008336502514,
-0.5845314223374781,
-0.055058302004993336
],
[
-0.4693313792197205,
-0.882800506431367,
0.019781868572937514
],
[
-0.887410983220582,
-0.45477827348437044,
0.07535561575659237
],
[
-0.45841040773971387,
-0.7878359195298945,
-0.4113082323202332
],
[
0.94297021778927,
0.17040418628231488,
0.2859538103609023
]
],
"opt_edge_ids": [
[
2,
0
],
[
0,
1
],
[
2,
1
],
[
3,
4
],
[
4,
5
],
[
5,
2
],
[
6,
7
],
[
7,
0
],
[
8,
6
],
[
9,
10
],
[
10,
1
],
[
10,
0
],
[
2,
10
],
[
9,
7
],
[
9,
5
],
[
4,
6
],
[
5,
7
],
[
3,
8
],
[
9,
8
],
[
9,
3
],
[
10,
7
],
[
5,
10
]
]
}