{
"line_pt_pairs": [
[
[
-0.10000000028005139,
0.0,
0.0
],
[
0.8999999997199486,
0.0,
0.0
]
],
[
[
0.007384324800600414,
-0.10826010883679826,
0.05987142403633902
],
[
0.2698976086141689,
0.8421018962271758,
-0.1071580199314835
]
],
[
[
0.06000789480714292,
-0.10035542594277796,
-0.009550223048265381
],
[
-0.6996938252242131,
0.5263051956441783,
-0.18318709106208547
]
],
[
[
0.12126115899208394,
0.03560149310897226,
-0.03579895183700944
],
[
-0.6047488878027819,
-0.6371488699331445,
-0.17833442454333936
]
],
[
[
-0.04328048909929857,
0.0923157366474269,
0.05007039641648459
],
[
0.17587958047061605,
-0.8728384125215086,
-0.09292027547542028
]
]
],
"contact_id_pairs": [
[
0,
2
],
[
0,
4
],
[
1,
4
],
[
2,
3
]
],
"coupler_pt_pairs": [
[
[
-0.049999367408780325,
0.0,
0.0
],
[
-0.049999367408780325,
-0.00961294438506288,
-0.03469340222806186
]
],
[
[
-0.021120076256228026,
0.0,
0.0
],
[
-0.02112007625622803,
-0.005276011907676639,
0.03561186695876423
]
],
[
[
0.015259724898735522,
-0.07974924295139788,
0.05486053970962499
],
[
-0.004223105106616617,
-0.07968820681817675,
0.02458746245678308
]
],
[
[
0.010447805476931452,
-0.059474438620156736,
-0.02087764072138567
],
[
0.017959251719553298,
-0.060122245050500185,
-0.05607991936570804
]
]
],
"half_couplers": [
{
"pose": [
[
1.1102230246251565e-16,
1.6653345369377348e-16,
1.0,
-0.04999936740878033
],
[
0.9636904268347204,
0.2670220238615435,
-1.6653345369377348e-16,
0.0
],
[
-0.26702202386154344,
0.9636904268347204,
-2.220446049250313e-16,
0.0
],
[
0.0,
0.0,
0.0,
1.0
]
],
"at_element": 0,
"to_element": 2
},
{
"pose": [
[
0.6502717098116748,
-2.220446049250313e-16,
-0.759701720031356,
-0.049999367408780346
],
[
0.7321172748440887,
-0.2670220238615433,
0.6266606215869561,
-0.009612944385062855
],
[
-0.20285709081386855,
-0.9636904268347202,
-0.17363686801381917,
-0.034693402228061866
],
[
0.0,
0.0,
0.0,
1.0
]
],
"at_element": 2,
"to_element": 0
},
{
"pose": [
[
0.0,
0.0,
1.0,
-0.021120076256228013
],
[
-0.9892027384648834,
0.1465535472568834,
0.0,
0.0
],
[
-0.14655354725688347,
-0.9892027384648834,
0.0,
0.0
],
[
0.0,
0.0,
0.0,
1.0
]
],
"at_element": 0,
"to_element": 4
},
{
"pose": [
[
0.9756889175890593,
-2.7755575615628914e-17,
0.21916006956991457,
-0.021120076256228013
],
[
0.21679374098071386,
-0.14655354725688308,
-0.9651541491689354,
-0.005276011907676667
],
[
0.03211868561253628,
0.9892027384648833,
-0.14299067189190517,
0.03561186695876421
],
[
0.0,
0.0,
0.0,
1.0
]
],
"at_element": 4,
"to_element": 0
},
{
"pose": [
[
-0.798880662200188,
0.541180619926477,
0.26251328381356853,
0.015259724898735533
],
[
0.31114174403809197,
-0.001695419628743089,
0.9503620050639741,
-0.07974924295139782
],
[
0.5147625692292745,
0.8409046688943262,
-0.16702944396782238,
0.054860539709624984
],
[
0.0,
0.0,
0.0,
1.0
]
],
"at_element": 1,
"to_element": 4
},
{
"pose": [
[
-0.8118450594307416,
-0.5411806199264769,
0.21916006956991457,
-0.00422310510661663
],
[
-0.2616765061947113,
0.0016954196287428669,
-0.9651541491689355,
-0.07968820681817666
],
[
0.5219511524880704,
-0.8409046688943262,
-0.14299067189190517,
0.02458746245678309
],
[
0.0,
0.0,
0.0,
1.0
]
],
"at_element": 4,
"to_element": 1
},
{
"pose": [
[
-0.615889069151218,
-0.20864791175912878,
-0.7597017200313559,
0.010447805476931457
],
[
-0.7790845072014292,
0.017994332189764317,
0.6266606215869563,
-0.05947443862015675
],
[
-0.11708110496041657,
0.9778252670736214,
-0.1736368680138196,
-0.02087764072138567
],
[
0.0,
0.0,
0.0,
1.0
]
],
"at_element": 2,
"to_element": 3
},
{
"pose": [
[
-0.655267472770831,
0.20864791175912872,
-0.7260100467948658,
0.017959251719553274
],
[
0.7396506966370981,
-0.017994332189763984,
-0.6727503630421168,
-0.06012224505050018
],
[
-0.15343202433906628,
-0.9778252670736216,
-0.14253547270632994,
-0.05607991936570803
],
[
0.0,
0.0,
0.0,
1.0
]
],
"at_element": 3,
"to_element": 2
}
],
"nstatus": true,
"opt_line_pos": [
[
3.700743415417188e-17,
0.0,
0.0
],
[
0.024858989738033375,
-0.04499756697033025,
0.04875281119655494
],
[
-0.012818742364424759,
-0.040282393968941295,
-0.026195425833811188
],
[
0.04892756058608486,
-0.031425753693754374,
-0.05
],
[
-0.01252559617770516,
-0.0431250513062057,
0.03000441080399454
]
],
"opt_line_orient": [
[
1.0,
0.0,
0.0
],
[
0.26251328381356853,
0.9503620050639742,
-0.16702944396782252
],
[
-0.759701720031356,
0.6266606215869562,
-0.17363686801382008
],
[
-0.7260100467948658,
-0.6727503630421168,
-0.14253547270632994
],
[
0.21916006956991463,
-0.9651541491689355,
-0.14299067189190487
]
],
"opt_edge_ids": [
[
0,
1
],
[
0,
2
],
[
0,
3
],
[
0,
4
],
[
0,
5
]
],
"opt_parameters": {
"layers": [],
"orient_devi": 0.18726646259971647,
"clamp_t_bnd": 0.05,
"bar_collision_distance": 0.02,
"pos_devi": 0.05,
"debug_mode": false,
"adjustopt_trust_region_start": 0.010000000000000004,
"bar_available_lengths": [
1.0
],
"clamp_collision_dist": 0.024,
"time_out": 200,
"contactopt_trust_region_start": 0.010000000000000004,
"clamp_gap": 0.016,
"opt_tol": 0.001,
"trust_region_lobnd": 1e-06,
"trust_region_upbnd": 1.0,
"contact_ignore_para_tol": 1e-06,
"line_para_tol": 0.0001,
"bigM": 1,
"pos_tol": 1e-06,
"duplicate_vertices_tol": 0.001,
"bar_contact_distance_tol": 1e-05,
"bar_contact_distance": 0.018000000000000002,
"fixed_contact_pairs": [
[
0,
2
],
[
0,
4
],
[
1,
4
],
[
2,
3
]
],
"clamp_extension_length": 0.03,
"radius": 0.018000286151119194
}
}