{
"line_pt_pairs": [
[
[
-0.10000000028043554,
0.0,
0.0
],
[
0.8999999997195645,
0.0,
0.0
]
],
[
[
0.007144747930431611,
-0.11193220148272764,
0.057770051805636546
],
[
0.2757566251369794,
0.8438236873958873,
-0.062139665471249925
]
],
[
[
0.06184580219207288,
-0.09270034346231551,
-0.014932546913683478
],
[
-0.7239287837457096,
0.5140804865511553,
-0.13482968792409195
]
],
[
[
0.12837430960087073,
0.024598364732735092,
-0.03913396436617628
],
[
-0.5923407886413534,
-0.661393869723454,
-0.13905594108554473
]
],
[
[
-0.04269384785102632,
0.09126745277790316,
0.04215773740972744
],
[
0.2059272904871755,
-0.8721639702665558,
-0.0577793561138758
]
]
],
"contact_id_pairs": [
[
0,
2
],
[
0,
4
],
[
1,
4
],
[
2,
3
]
],
"coupler_pt_pairs": [
[
[
-0.05001177278302778,
0.0,
0.0
],
[
-0.05001177278302778,
-0.0063231133999782675,
-0.03200029596014334
]
],
[
[
-0.018275796909962904,
0.0,
0.0
],
[
-0.018275796909962904,
-0.0033549020361889476,
0.03234252597246968
]
],
[
[
0.015203121786381809,
-0.083259462407651,
0.05417275245749407
],
[
0.002390706378220544,
-0.08343963982386154,
0.024035306861005686
]
],
[
[
0.0277773824376383,
-0.06639246282352891,
-0.02013086485422152
],
[
0.03250341925300174,
-0.06665362436731216,
-0.05242577536995421
]
]
],
"half_couplers": [
{
"pose": [
[
0.0,
0.0,
1.0,
-0.05001177278302774
],
[
0.9810316915852433,
0.19384741449242004,
0.0,
0.0
],
[
-0.19384741449242004,
0.9810316915852433,
0.0,
0.0
],
[
0.0,
0.0,
0.0,
1.0
]
],
"at_element": 0,
"to_element": 2
},
{
"pose": [
[
0.6185129748795142,
-1.6653345369377348e-16,
-0.7857745859377823,
-0.05001177278302774
],
[
0.7708697712472368,
-0.19384741449241982,
0.6067808300134708,
-0.006323113399978292
],
[
-0.152320371857891,
-0.9810316915852432,
-0.1198971410104086,
-0.03200029596014334
],
[
0.0,
0.0,
0.0,
1.0
]
],
"at_element": 2,
"to_element": 0
},
{
"pose": [
[
1.1102230246251565e-16,
-1.6653345369377348e-16,
1.0,
-0.01827579690996292
],
[
-0.9946630364878344,
0.10317676019725253,
1.6653345369377348e-16,
0.0
],
[
-0.10317676019725258,
-0.9946630364878344,
-2.220446049250313e-16,
0.0
],
[
0.0,
0.0,
0.0,
1.0
]
],
"at_element": 0,
"to_element": 4
},
{
"pose": [
[
0.968600810226492,
3.191891195797325e-16,
0.24862113833820182,
-0.01827579690996291
],
[
0.24729425639453773,
-0.10317676019725264,
-0.963431423044459,
-0.0033549020361889476
],
[
0.025651923570288296,
0.9946630364878342,
-0.09993709352360347,
0.03234252597246968
],
[
0.0,
0.0,
0.0,
1.0
]
],
"at_element": 4,
"to_element": 0
},
{
"pose": [
[
-0.8802160697643848,
0.3912382010388476,
0.26861187720654794,
0.0152031217863818
],
[
0.29410952086318115,
0.005501873451678518,
0.9557558888786152,
-0.08325946240765104
],
[
0.37245034604114585,
0.9202730026662783,
-0.11990971727688571,
0.05417275245749408
],
[
0.0,
0.0,
0.0,
1.0
]
],
"at_element": 1,
"to_element": 4
},
{
"pose": [
[
-0.8860700873064746,
-0.3912382010388473,
0.24862113833820187,
0.0023907063782205445
],
[
-0.2678985301920309,
-0.005501873451678518,
-0.9634314230444591,
-0.08343963982386157
],
[
0.37829905881675985,
-0.9202730026662785,
-0.09993709352360369,
0.02403530686100569
],
[
0.0,
0.0,
0.0,
1.0
]
],
"at_element": 4,
"to_element": 1
},
{
"pose": [
[
-0.6013262456762598,
-0.14479311570375397,
-0.7857745859377825,
0.027777382437638318
],
[
-0.7948289147218917,
0.008001290532365757,
0.6067808300134708,
-0.06639246282352892
],
[
-0.08157047617192276,
0.9894295998172967,
-0.1198971410104086,
-0.020130864854221518
],
[
0.0,
0.0,
0.0,
1.0
]
],
"at_element": 2,
"to_element": 3
},
{
"pose": [
[
-0.6779415172494605,
0.14479311570375403,
-0.7207150982422241,
0.032503419253001764
],
[
0.7275648655725628,
-0.008001290532365646,
-0.6859922344561892,
-0.06665362436731218
],
[
-0.10509360386759026,
-0.9894295998172967,
-0.09992197671936864,
-0.052425775369954214
],
[
0.0,
0.0,
0.0,
1.0
]
],
"at_element": 3,
"to_element": 2
}
],
"nstatus": true,
"opt_line_pos": [
[
3.700743415417188e-17,
0.0,
0.0
],
[
0.024550578324349755,
-0.05,
0.05
],
[
-0.01152312015643326,
-0.036044329897446326,
-0.026127518329184408
],
[
0.05000000000000005,
-0.05,
-0.05
],
[
-0.008819238038873195,
-0.04,
0.02854131657157806
]
],
"opt_line_orient": [
[
1.0,
0.0,
0.0
],
[
0.2686118772065478,
0.955755888878615,
-0.11990971727688647
],
[
-0.7857745859377825,
0.6067808300134708,
-0.11989714101040848
],
[
-0.7207150982422242,
-0.6859922344561891,
-0.09992197671936845
],
[
0.24862113833820182,
-0.963431423044459,
-0.09993709352360323
]
],
"opt_edge_ids": [
[
0,
1
],
[
0,
2
],
[
0,
3
],
[
0,
4
],
[
0,
5
]
],
"opt_parameters": {
"layers": [],
"orient_devi": 0.18726646259971647,
"clamp_t_bnd": 0.05,
"bar_collision_distance": 0.02,
"pos_devi": 0.05,
"debug_mode": false,
"adjustopt_trust_region_start": 0.010000000000000004,
"bar_available_lengths": [
1.0
],
"clamp_collision_dist": 0.024,
"time_out": 200,
"contactopt_trust_region_start": 0.010000000000000004,
"clamp_gap": 0.016,
"opt_tol": 0.001,
"trust_region_lobnd": 1e-06,
"trust_region_upbnd": 1.0,
"contact_ignore_para_tol": 1e-06,
"line_para_tol": 0.0001,
"bigM": 1,
"pos_tol": 1e-06,
"duplicate_vertices_tol": 0.001,
"bar_contact_distance_tol": 1e-05,
"bar_contact_distance": 0.018000000000000002,
"fixed_contact_pairs": [
[
0,
2
],
[
0,
4
],
[
1,
4
],
[
2,
3
]
],
"clamp_extension_length": 0.03,
"radius": 0.016310413616277837
}
}