{
"line_pt_pairs": [
[
[
-0.8999999992846744,
0.0,
0.0
],
[
0.10000000071532544,
0.0,
0.0
]
],
[
[
-0.023964384833839076,
-0.902123745122382,
-0.048335450224855886
],
[
-0.04708189437337738,
0.09726702108364904,
-0.07448267139291813
]
],
[
[
0.010028243178522429,
0.9016038942685807,
-0.04150678708610989
],
[
0.0005109959841132893,
-0.09778686705933748,
-0.07508547345476692
]
],
[
[
0.8998671627949208,
0.010100032307870295,
-0.03683135960160644
],
[
-0.10002652739117668,
-0.0044425096973084496,
-0.035771737944581265
]
]
],
"contact_id_pairs": [
[
0,
3
],
[
1,
3
],
[
2,
3
]
],
"coupler_pt_pairs": [
[
[
0.025547280463611988,
0.0,
0.0
],
[
0.025547280461890032,
-0.0026161531622316183,
-0.03590481281810253
]
],
[
[
-0.04472601018603942,
-0.004579974980070456,
-0.07181803207321498
],
[
-0.044701575045191566,
-0.0036378587115858986,
-0.03583036769517883
]
],
[
[
0.0014254954356038053,
-0.0017567562100615497,
-0.07185894275333174
],
[
0.0014812141401461254,
-0.002966172153068776,
-0.03587930918174177
]
]
],
"half_couplers": [
{
"pose": [
[
1.4096057654455763e-11,
1.5160650512768825e-11,
1.0000000000000002,
0.02554728046296241
],
[
0.9973559728428067,
0.07267092564966204,
-1.5160650512768825e-11,
0.0
],
[
-0.0726709256496621,
0.9973559728428067,
-1.4096279699060688e-11,
0.0
],
[
0.0,
0.0,
0.0,
1.0
]
],
"at_element": 0,
"to_element": 3
},
{
"pose": [
[
-0.014581094801944694,
-1.5378531781351512e-11,
-0.9998936901863,
0.02554728046187084
],
[
0.9972499441173608,
-0.07267092561941935,
-0.01454254199022137,
-0.002616153162231898
],
[
-0.07266319998663179,
-0.9973559728450101,
0.0010596216711380446,
-0.03590481281810251
],
[
0.0,
0.0,
0.0,
1.0
]
],
"at_element": 3,
"to_element": 0
},
{
"pose": [
[
0.9997325242512995,
-0.0006787538685723397,
-0.023117509539538332,
-0.04472601018603942
],
[
0.02309183916122549,
-0.026169894655389436,
0.9993907662060313,
-0.0045799749800704975
],
[
-0.0012833231381224972,
-0.9996572792246912,
-0.02614722116806001,
-0.071818032073215
],
[
0.0,
0.0,
0.0,
1.0
]
],
"at_element": 1,
"to_element": 3
},
{
"pose": [
[
0.01456528816104563,
0.0006787538685710248,
-0.9998936901860975,
-0.044701575045191524
],
[
-0.9995517250676693,
0.02616989465538566,
-0.014542542005177572,
-0.003637858711585899
],
[
0.026157241732110093,
0.999657279224691,
0.0010596216570264438,
-0.03583036769517883
],
[
0.0,
0.0,
0.0,
1.0
]
],
"at_element": 3,
"to_element": 1
},
{
"pose": [
[
-0.9999535121698693,
-0.0015477418982679748,
-0.009517247194409136,
0.0014254954356038045
],
[
0.009459892471048302,
0.033594889594107835,
-0.9993907613279182,
-0.0017567562100615913
],
[
0.0018665298227851564,
-0.9994343339550508,
-0.033578686368656685,
-0.07185894275333175
],
[
0.0,
0.0,
0.0,
1.0
]
],
"at_element": 2,
"to_element": 3
},
{
"pose": [
[
0.014498717910379821,
0.0015477418982681734,
-0.9998936901860973,
0.0014812141401461115
],
[
-0.9993297242978352,
-0.03359488959410717,
-0.014542542005178571,
-0.002966172153068775
],
[
-0.03361382622921533,
0.9994343339550507,
0.0010596216570253336,
-0.03587930918174177
],
[
0.0,
0.0,
0.0,
1.0
]
],
"at_element": 3,
"to_element": 2
}
],
"nstatus": 0,
"opt_line_pos": [
[
-0.8,
0.0,
0.0
],
[
-0.025424206150491648,
-0.8390143543085458,
-0.04998659135522217
],
[
0.008813331829803648,
0.774028015136719,
-0.045793228985855326
],
[
0.775726982713543,
0.008294526581528638,
-0.036699803992632896
]
],
"opt_line_orient": [
[
1.0,
0.0,
0.0
],
[
-0.0231175095395383,
0.9993907662060311,
-0.02614722116806224
],
[
-0.00951724719440914,
-0.9993907613279182,
-0.033578686368657025
],
[
-0.9998936901860975,
-0.014542542005178745,
0.001059621657025172
]
],
"opt_edge_ids": [
[
3,
1
],
[
0,
1
],
[
2,
1
],
[
4,
1
]
],
"opt_parameters": {
"layers": [],
"orient_devi": 0.03490658503988659,
"clamp_t_bnd": 0.05,
"bar_collision_distance": 0.02,
"pos_devi": 0.05,
"debug_mode": true,
"adjustopt_trust_region_start": 0.05,
"bar_available_lengths": [
1.0
],
"clamp_collision_dist": 0.024,
"time_out": 200,
"contactopt_trust_region_start": 0.05,
"clamp_gap": 0.016,
"opt_tol": 0.001,
"trust_region_lobnd": 1e-06,
"trust_region_upbnd": 1.0,
"contact_ignore_para_tol": 0.001,
"line_para_tol": 0.0001,
"bigM": 1,
"pos_tol": 1e-06,
"duplicate_vertices_tol": 0.001,
"bar_contact_distance_tol": 1e-05,
"bar_contact_distance": 0.018000000000000002,
"fixed_contact_pairs": [
[
0,
3
],
[
1,
3
],
[
2,
3
]
],
"clamp_extension_length": 0.03,
"number_clamp_on_joint": [
3,
3.1
]
}
}