{"line_pt_pairs": [[[-0.07444699145568678, -0.046094169496492574, 1.6065937182621237], [0.8350614952718486, -0.08138752351470811, 1.1924093490100556]], [[-0.03048796268011737, 0.02952260587691057, 1.624099885815928], [0.3598311930308692, 0.8913031889538678, 1.3000857143409719]], [[0.02628573899687864, 0.01605049483049617, 1.5945989338707687], [-0.6758885712916743, 0.6569045001390383, 1.2843451960193226]], [[0.08851614894343153, 0.021510351752818898, 1.5492218975365253], [-0.765846812621455, -0.45970135171017906, 1.3530097002695962]], [[-0.10376641860248267, 0.31282843663239734, 1.649509687509672], [0.09671195109868973, -1.126939517570888, 1.2795412275955247]], [[1.580069187729794, -0.04417450792955342, 0.42332890676920576], [0.6651602433921638, 0.05261620566412416, 1.6080538458723845]], [[1.4891681298885873, 0.02379090065541366, 0.6928691155756962], [0.9347749565844702, 0.8558976392873247, 0.6771660930272746]], [[1.5647481080583416, 0.29379785870165553, 0.6843675467370856], [0.7957822250942196, -0.9641601477000143, 0.9604710146022037]], [[1.4352004611151998, 0.1323052841072745, 1.00902596792597], [1.341515209938283, -0.6231810943566422, -0.2834381150053096]], [[1.4691066460100397, -0.08270806467422329, 0.740458507392332], [1.3294702496762723, 0.508608379984903, -0.05379997641165568]], [[0.20930382426939864, 1.5813680233320595, 0.7655808012422352], [1.2464951644190367, 0.49917656588864867, 0.7099411269521754]], [[0.4404849327847458, 1.401343603876009, 0.6377760095043067], [0.35693366644289765, 0.7038943786400886, 1.3495229899056909]], [[0.5049373279218325, 1.3231307893458006, 0.6516290533918457], [-0.4599761682422995, 1.2594845882621848, 0.9063663808645503]], [[0.1649901815129681, 1.4220031046181338, 0.8936159969563634], [1.199106492064031, 1.1767163056545158, -0.16489136839658491]], [[0.4837207186122291, 1.366904850116078, 0.7834820121593833], [-0.15090130501601037, 1.6282974142639282, 0.05620708853406642]], [[-1.2155613754373185, 0.7617260232769096, 0.7547928911848863], [-0.312394922455497, 1.1692212358426208, 0.8898410675674681]], [[-1.1435141141097918, 0.8121309047178211, 0.5879180395236059], [-0.71565464392998, 0.37585907094913623, 1.3795007331428888]], [[-1.1701192680856216, 0.8328340867282008, 0.7057962347349016], [-1.2877858120613057, -0.12124438263322057, 0.9812755601475103]], [[-1.1263705412356577, 0.670271597360045, 1.0037016876287095], [-0.9406941842592156, 1.278333445533133, -0.35489504402358063]], [[-0.9645440580135096, 0.9450864420640946, 0.9570387037368896], [-1.688918902599443, 0.41604609405466275, -0.2452081073252833]], [[-1.0358104600982756, -1.1424622212938211, 0.7238278814088634], [-1.5098190679631818, 0.277596617913087, 0.8173625426863909]], [[-1.2673861114303784, -0.9733768639080154, 0.43303666818765363], [-0.6541829518125195, -0.2548298005685642, 1.5982284990897266]], [[-1.1879752609046907, -0.7628540321729391, 0.6511655589237301], [-0.31355181534067783, -1.2441009458613446, 0.7126882857272816]], [[-1.168071957608755, -0.9152545260152903, 0.7004179799446819], [-1.5586760464136444, -0.3903477257796685, -0.05582357992577602]], [[-1.1895174186175164, -0.8139222513420002, 0.7605786481470056], [-0.7955484821370442, -1.29472133724282, -0.022760815996977102]], [[0.7566078768699699, -1.411163003212192, 0.7029662686925757], [-0.7101668845338082, -1.1223263886223442, 0.8260321428460791]], [[0.42415919072118535, -1.3989525705350623, 0.7252931114152819], [0.21701093562702403, -0.7357583004778143, 1.444503067252017]], [[0.22288282086640762, -1.578191838113706, 0.6214078252610413], [1.208222463627984, -0.49702324516773133, 0.9533419482880536]], [[0.17375028247614485, -1.4034073611978268, 0.9057133413384473], [1.1629000452550788, -1.156015547215977, -0.194459389267592]], [[0.6408411178968705, -1.3600262548696302, 0.9736057473570756], [-0.07239210515524222, -1.564509938484281, -0.33003714571988907]], [[0.74082473031206, -0.16953107505045265, 1.526469543878258], [1.1597805545581363, 0.9117520717113341, 0.5749955432564762]], [[0.8273151619441762, 0.0027174679392556605, 1.312403936691099], [0.20271230627682155, 0.782067790937687, 1.262560715141658]], [[0.9747091418212293, 0.21637536594173362, 1.2429628498923277], [0.028014931392258604, -0.9385450947428092, 1.3841322567497327]], [[0.7083123852868749, 0.1905560510397017, 1.4900397398802518], [1.1004430573342057, -1.0417746446016676, 0.7300432973755732]], [[1.2601101990895542, 0.80535992611601, 0.611704808386763], [0.042629774351947, 0.8818724820737017, 1.4845663347250226]], [[0.9618758181256133, 0.7874288182886253, 1.075700190748027], [1.6007169659849272, 0.3391564528218742, -0.2052892214489036]], [[1.0379356063611782, 0.6176840410884469, 1.044836332619289], [0.8385885358464333, 1.4263283068874764, -0.20270332481350706]], [[0.39243453596164707, 0.621960813455004, 1.5023841142125305], [-0.6145466750912095, 1.3952510911328646, 0.7036282146816293]], [[0.5120453331259643, 0.8509168799667318, 1.2966414584651365], [-0.9206538403053564, 0.40695697648068413, 1.3131545607136692]], [[-0.4192017619295591, 1.2885718379107995, 0.7693702933422446], [-0.6967054039518186, 0.5153861963418676, 1.3396120774444102]], [[-0.3948175642085943, 1.1925524685079698, 0.8241626367800771], [-0.08044327000323884, 1.5260047097876703, -0.06464465725414092]], [[-0.2435507680785637, 1.2110246661576929, 1.033203458092229], [-1.0180276419343997, 1.3717977292844596, -0.24129157682761293]], [[-0.4300664801135603, 0.5758453099794018, 1.444594184860653], [-1.5827090143997387, -0.13449033938305116, 0.7989639087744403]], [[-0.5878767117080728, 0.7460133953095631, 1.2637672634088208], [-0.6869799354886229, -0.7494955732836588, 1.3240289916742722]], [[-1.5003739606056796, 0.20440886515312418, 0.7413933020800529], [-0.5361755033850739, -0.7577477406628973, 1.3695461504999238]], [[-1.2982544626443164, -0.1307649652604023, 1.0575213451596914], [-1.6171888136138768, 0.6669768416565323, -0.17206756552083768]], [[-1.1912046026149292, 0.06405817617379794, 1.0643423669547813], [-1.493206708475553, -0.543167407349464, -0.27359328873669586]], [[-0.7794158010970181, -0.2562140591599431, 1.4316126983715027], [-0.39604922144171983, -1.4906942167068857, 0.6706338509478219]], [[-0.6908600772120781, -0.4344116567341957, 1.2720104391006681], [0.26586690073979286, -0.6951941813111975, 1.4011071645987438]], [[-0.42384226345829784, -1.2796705320764912, 0.882165410219051], [0.17080300208998325, -0.6886917932707757, 1.4272719488338617]], [[-0.360703046502782, -1.2750834517815295, 0.9055747833927679], [-0.8876538642857212, -1.1655648053101582, 0.06276489871356539]], [[-0.5365271205874147, -1.1316109551469167, 1.0237253980375227], [0.12114161309026009, -1.6177596364329119, -0.23370503599319992]], [[0.05471571608320768, -0.7354304719970195, 1.509462681679171], [1.2654566348133967, -0.7336203234502092, 0.623966690115903]], [[1.0727615140166114, -0.6394465498636104, 1.0526756904917773], [0.9177790953323663, -1.3214176247038847, -0.27431183883168364]], [[0.9940664856427895, -0.8629661607183873, 1.065722393877445], [1.4998759698070703, -0.49694753069424835, -0.29816437862411316]], [[0.8580826132860312, -1.2480641273403714, -0.006444085032780933], [1.4559777561251634, -0.45896389140866256, -0.14730648534562196]], [[1.1320973354106347, -1.0849491668273146, -0.08293703388174567], [-0.22874870790675608, -1.7061534836552434, 0.027531256327476217]], [[1.4510488659141223, -0.7464292936559626, -0.075471934119264], [1.4309924334605666, 0.7455550243852074, 0.07808761210454229]], [[0.7333906044325789, 1.4595708209735643, -0.06282885170887709], [1.5338229968047863, 0.20093006550103976, 0.09570011695255476]], [[1.1583025186310005, 1.1348096810757913, -0.008925268196364078], [-0.255425951723052, 1.6244392010074726, 0.09893920844846416]], [[0.2425494957552909, 1.6581652961321973, 0.10105025037631271], [-1.145865150683523, 1.1579424189692968, -0.16743036850902493]], [[-0.7311264554835054, 1.4666649803585314, -0.03532277723517252], [-1.7524932562106172, 0.3702882343761734, -0.10437268122932142]], [[-1.5532282813916893, 0.7463202637794789, -0.03639095022988992], [-1.3772767616927954, -0.7424357489355555, -0.08783604057369543]], [[-1.617873147035613, -0.2492829891153428, -0.05576431330571119], [-0.7354081367294251, -1.445876019532879, 0.14278196629045137]], [[-0.9412655895576607, -1.2562423661861661, 0.0054593044054200845], [-0.03405299152474909, -1.6737930984590135, 0.056612876605061424]]], "half_couplers": [{"pose": [[0.4024282729361117, -0.17487080366641655, 0.8985942839606313, 0.0], [-0.10414315969974444, -0.9839586277822896, -0.1448434365117972, 0.0], [0.9095084867275354, -0.03529335401821554, -0.41418436925206814, 0.0], [-0.03999176210047965, -0.04743120001919558, 1.5909030263706505, 1.0]], "at_element": 0, "to_element": 4}, {"pose": [[-0.4024282729361117, 0.17487080366641655, -0.8985942839606313, 0.0], [0.9056426238621185, 0.2193563236235354, -0.36289701174094, 0.0], [0.13365224646744825, -0.9598453028021904, -0.24664563994276487, 0.0], [-0.05447918248622219, -0.04113584997476612, 1.5585536264316713, 1.0]], "at_element": 4, "to_element": 0}, {"pose": [[-0.06453204128594288, 0.3766717449424324, 0.9240963219326719, 0.0], [0.9184152504899578, -0.3397832002815361, 0.20263465763266042, 0.0], [0.3903191557109866, 0.8617805830769573, -0.32401417147495604, 0.0], [-0.014534564633749737, 0.0647459057567594, 1.610856551548133, 1.0]], "at_element": 1, "to_element": 2}, {"pose": [[0.06453204128594288, -0.3766717449424324, -0.9240963219326719, 0.0], [-0.709074646012861, -0.6688980045134102, 0.22313360558130554, 0.0], [-0.702174310288553, 0.6408540053085422, -0.31025373785144605, 0.0], [-0.012211410655558972, 0.05118572006764366, 1.5775890769146135, 1.0]], "at_element": 2, "to_element": 1}, {"pose": [[0.5885055645246446, 0.27711452994769276, -0.7595187540906404, 0.0], [-0.40076481693672245, -0.715900608444963, -0.571728852108941, 0.0], [-0.702174310288553, 0.6408540053085422, -0.31025373785144605, 0.0], [-0.04949700696386385, 0.08521519591770041, 1.5611145413852263, 1.0]], "at_element": 2, "to_element": 4}, {"pose": [[-0.5885055645246446, -0.27711452994769276, 0.7595187540906404, 0.0], [-0.7973695990804602, 0.043640943853687594, -0.6019112812382117, 0.0], [0.13365224646744825, -0.9598453028021904, -0.24664563994276487, 0.0], [-0.07068361086878987, 0.07523888280153843, 1.5884577373909923, 1.0]], "at_element": 4, "to_element": 2}, {"pose": [[0.07584829191352506, 0.258055725728454, -0.9631481085651166, 0.0], [0.5141118229722761, -0.8377604304746078, -0.18397416832567184, 0.0], [-0.8543629615648863, -0.48121170346299785, -0.196212197266929, 0.0], [-0.048437227692657764, -0.05562731763461612, 1.5177693133752541, 1.0]], "at_element": 3, "to_element": 4}, {"pose": [[-0.07584829191352506, -0.258055725728454, 0.9631481085651166, 0.0], [-0.9881215075222304, -0.11001925789302452, -0.10729235417616195, 0.0], [0.13365224646744825, -0.9598453028021904, -0.24664563994276487, 0.0], [-0.051167766180799656, -0.06491732369026051, 1.552442645020171, 1.0]], "at_element": 4, "to_element": 3}, {"pose": [[-0.3975891547039909, 0.21692879176581756, -0.8915518848417002, 0.0], [0.12131437108746383, 0.975549218883992, 0.18326632233579035, 0.0], [0.9095084867275354, -0.03529335401821554, -0.41418436925206814, 0.0], [0.7137746261746601, -0.07668100293653302, 1.2476426163282373, 1.0]], "at_element": 0, "to_element": 32}, {"pose": [[0.3975891547039909, -0.21692879176581756, 0.8915518848417002, 0.0], [-0.6660318698011165, 0.6001029552127821, 0.4430327206359749, 0.0], [-0.6311294736193136, -0.7699469737896951, 0.09411293790493663, 0.0], [0.7280878814279608, -0.08449046436574609, 1.2797385866240096, 1.0]], "at_element": 32, "to_element": 0}, {"pose": [[0.7816460016238311, 0.21299300753964065, 0.5862282037608701, 0.0], [-0.13039778781069944, 0.9749206258118928, -0.18035018796946997, 0.0], [-0.6099392962250867, 0.06452714239578504, 0.7898166260687857, 0.0], [0.844706859701192, 0.033621479223382475, 1.3755570980928622, 1.0]], "at_element": 5, "to_element": 30}, {"pose": [[-0.7816460016238311, -0.21299300753964065, -0.5862282037608701, 0.0], [-0.557690657247514, 0.6595463790253192, 0.503963991504776, 0.0], [0.2793038828307176, 0.7208554311745246, -0.6343160004145214, 0.0], [0.8165676094398934, 0.02595373253164033, 1.3544528871052937, 1.0]], "at_element": 30, "to_element": 5}, {"pose": [[0.5048706485736331, 0.45166865107094883, 0.7355957163065787, 0.0], [0.8167588195082585, -0.5257022702879828, -0.23778594106787956, 0.0], [0.2793038828307176, 0.7208554311745246, -0.6343160004145214, 0.0], [0.8241714429188023, 0.04557846744569191, 1.3371841216614462, 1.0]], "at_element": 30, "to_element": 31}, {"pose": [[-0.5048706485736331, -0.45166865107094883, -0.7355957163065787, 0.0], [-0.595799379742061, -0.4342908054310968, 0.6755846323126251, 0.0], [-0.6246028556673546, 0.7793503229984313, -0.049843221549440875, 0.0], [0.8059961014478548, 0.029318397686973436, 1.31070267861022, 1.0]], "at_element": 31, "to_element": 30}, {"pose": [[-0.6873685250233302, 0.6113686864859457, 0.39211329994237737, 0.0], [0.6704579418896726, 0.3264900864201559, 0.66625098245813, 0.0], [0.2793038828307176, 0.7208554311745246, -0.6343160004145214, 0.0], [0.8530822791535423, 0.12019444882193638, 1.2715258650586394, 1.0]], "at_element": 30, "to_element": 32}, {"pose": [[0.6873685250233302, -0.6113686864859457, -0.39211329994237737, 0.0], [0.35944415190159895, -0.1827839892784361, 0.9150901130092055, 0.0], [-0.6311294736193136, -0.7699469737896951, 0.09411293790493663, 0.0], [0.8778278308749651, 0.09818492277943568, 1.257409623783186, 1.0]], "at_element": 32, "to_element": 30}, {"pose": [[0.9042254953356227, 0.024799958429690395, 0.4263346287213052, 0.0], [0.3230566430530949, -0.6926416168611846, -0.6448891346357054, 0.0], [0.2793038828307176, 0.7208554311745246, -0.6343160004145214, 0.0], [0.8039155838688126, -0.00669988207564488, 1.383186401928123, 1.0]], "at_element": 30, "to_element": 33}, {"pose": [[-0.9042254953356227, -0.024799958429690395, -0.4263346287213052, 0.0], [0.3376915796048682, 0.5695913627697593, -0.7493531053662601, 0.0], [0.26142044803155384, -0.8215537970942463, -0.5066642950031192, 0.0], [0.7713637983498192, -0.007592671464848724, 1.3678385119769505, 1.0]], "at_element": 33, "to_element": 30}, {"pose": [[0.5838665139791671, 0.040416715349084816, 0.8108430076002419, 0.0], [0.711864348411183, -0.5056685829196141, -0.487389406644411, 0.0], [0.3903191557109866, 0.8617805830769573, -0.32401417147495604, 0.0], [0.34812161835953953, 0.8654497714615591, 1.3098061394852203, 1.0]], "at_element": 1, "to_element": 34}, {"pose": [[-0.5838665139791671, -0.040416715349084816, -0.8108430076002419, 0.0], [-0.017840983428490262, -0.9978800705722108, 0.06258645272823744, 0.0], [-0.8116536164917383, 0.05100837063846113, 0.5819076842255065, 0.0], [0.32710264358121993, 0.8639947849189069, 1.2806160963540014, 1.0]], "at_element": 34, "to_element": 1}, {"pose": [[0.3121703403130298, -0.4549592054469281, -0.8340034772157409, 0.0], [-0.8661412328909818, 0.22437991891129355, -0.4466016308472813, 0.0], [0.3903191557109866, 0.8617805830769573, -0.32401417147495604, 0.0], [0.2751304797787531, 0.7042935867208403, 1.3703979985990453, 1.0]], "at_element": 1, "to_element": 37}, {"pose": [[-0.3121703403130298, 0.4549592054469281, 0.8340034772157409, 0.0], [0.6722187532513912, 0.7261158216617347, -0.144491388358092, 0.0], [-0.6713208073685712, 0.5155268517852405, -0.5325039330206008, 0.0], [0.26389235404564293, 0.72067210861732, 1.4004221063647067, 1.0]], "at_element": 37, "to_element": 1}, {"pose": [[-0.11143854403133113, 0.39356350130436984, 0.9125180663116881, 0.0], [0.9139105030522623, -0.320065613699113, 0.24965094700034912, 0.0], [0.3903191557109866, 0.8617805830769573, -0.32401417147495604, 0.0], [0.3218216860526761, 0.8073824932696696, 1.331638403291831, 1.0]], "at_element": 1, "to_element": 38}, {"pose": [[0.11143854403133113, -0.39356350130436984, -0.9125180663116881, 0.0], [0.2744135913248943, -0.8703491221825903, 0.40888823217618836, 0.0], [-0.955132782287547, -0.2959732689906984, 0.011008734832355167, 0.0], [0.32583347865639595, 0.7932141894987315, 1.2987877118097102, 1.0]], "at_element": 38, "to_element": 1}, {"pose": [[-0.4941238379823561, -0.5912561539906156, -0.6373835525849499, 0.0], [0.8653674471750481, -0.4049453525922232, -0.2952260875730669, 0.0], [-0.08355126634184816, -0.6974492252359202, 0.7117469804013841, 0.0], [0.37308301108366126, 0.8387020051539072, 1.2119517981478505, 1.0]], "at_element": 11, "to_element": 34}, {"pose": [[0.4941238379823561, 0.5912561539906156, 0.6373835525849499, 0.0], [-0.3115446028636464, 0.8048691238288588, -0.5050996475285822, 0.0], [-0.8116536164917383, 0.05100837063846113, 0.5819076842255065, 0.0], [0.3908714743661113, 0.8599872328181517, 1.234897612638994, 1.0]], "at_element": 34, "to_element": 11}, {"pose": [[0.21236984485966323, -0.7102984764370908, -0.6710999354533048, 0.0], [0.9736109258255865, 0.09508234635811952, 0.20746352094784903, 0.0], [-0.08355126634184816, -0.6974492252359202, 0.7117469804013841, 0.0], [0.36576919228255167, 0.7776494624494186, 1.2742559220086918, 1.0]], "at_element": 11, "to_element": 38}, {"pose": [[-0.21236984485966323, 0.7102984764370908, 0.6710999354533048, 0.0], [-0.20644712929448314, 0.6386516252340598, -0.7412851572721262, 0.0], [-0.955132782287547, -0.2959732689906984, 0.011008734832355167, 0.0], [0.358123872395162, 0.8032202259044448, 1.298415536978216, 1.0]], "at_element": 38, "to_element": 11}, {"pose": [[0.006631036279170337, -0.058529407509548194, -0.9982636614714799, 0.0], [-0.7809144012310505, -0.6238488458744008, 0.0313897348049964, 0.0], [-0.6246028556673546, 0.7793503229984313, -0.049843221549440875, 0.0], [0.2214503919468422, 0.758687281247734, 1.2640560117881414, 1.0]], "at_element": 31, "to_element": 38}, {"pose": [[-0.006631036279170337, 0.058529407509548194, 0.9982636614714799, 0.0], [-0.2961036939275053, 0.9534013491177475, -0.057865965324578376, 0.0], [-0.955132782287547, -0.2959732689906984, 0.011008734832355167, 0.0], [0.22121167420658636, 0.7607943437506316, 1.2999935689682425, 1.0]], "at_element": 38, "to_element": 31}, {"pose": [[-0.096486315737516, 0.3460816681805542, 0.9332298054738527, 0.0], [0.705437189866111, 0.6852252351084022, -0.18117601476034076, 0.0], [-0.702174310288553, 0.6408540053085422, -0.31025373785144605, 0.0], [-0.5445519826682139, 0.5370374277758855, 1.3423758971430102, 1.0]], "at_element": 2, "to_element": 38}, {"pose": [[0.096486315737516, -0.3460816681805542, -0.9332298054738527, 0.0], [0.28002099756098864, -0.890296188351002, 0.35911131690970965, 0.0], [-0.955132782287547, -0.2959732689906984, 0.011008734832355167, 0.0], [-0.5410784753877174, 0.5245784880300481, 1.3087796249782786, 1.0]], "at_element": 38, "to_element": 2}, {"pose": [[0.14290728323342733, 0.553729800746236, 0.8203418898022792, 0.0], [0.6975161262434255, 0.5316854818833575, -0.48039754577311033, 0.0], [-0.702174310288553, 0.6408540053085422, -0.31025373785144605, 0.0], [-0.6548233419830177, 0.6376788799797821, 1.293652808154866, 1.0]], "at_element": 2, "to_element": 39}, {"pose": [[-0.14290728323342733, -0.553729800746236, -0.8203418898022792, 0.0], [0.9500364398607156, -0.3091395662757786, 0.04316817693162994, 0.0], [-0.27750364202225947, -0.773185641568932, 0.5702417841021656, 0.0], [-0.6599680100690308, 0.6177445843321604, 1.2641204663133951, 1.0]], "at_element": 39, "to_element": 2}, {"pose": [[0.45498143493767823, 0.0686866591632794, -0.887847980633531, 0.0], [-0.5476706417481636, -0.7645837342848634, -0.33980668244483964, 0.0], [-0.702174310288553, 0.6408540053085422, -0.31025373785144605, 0.0], [-0.5188039949681825, 0.5135379906640103, 1.3537525728616147, 1.0]], "at_element": 2, "to_element": 42}, {"pose": [[-0.45498143493767823, -0.0686866591632794, 0.887847980633531, 0.0], [-0.4500108390516595, 0.878080757274142, -0.16267891209646862, 0.0], [-0.7684283561907854, -0.4735570995749685, -0.430420184057475, 0.0], [-0.5351832985646348, 0.5110652751704309, 1.385715045405765, 1.0]], "at_element": 42, "to_element": 2}, {"pose": [[0.2383935143737731, -0.7903114817646577, -0.5644256320326644, 0.0], [0.8718398970464543, 0.4302030321267598, -0.23413787619044113, 0.0], [0.42785947017981185, -0.436271833768685, 0.7915826936192831, 0.0], [-0.7634243935440045, 0.42456804601055753, 1.29112193190449, 1.0]], "at_element": 16, "to_element": 38}, {"pose": [[-0.2383935143737731, 0.7903114817646577, 0.5644256320326644, 0.0], [-0.17575522895256157, 0.5364770133322718, -0.8254105122070583, 0.0], [-0.955132782287547, -0.2959732689906984, 0.011008734832355167, 0.0], [-0.772006567299524, 0.4530192833493891, 1.3114412717946617, 1.0]], "at_element": 38, "to_element": 16}, {"pose": [[-0.0009799899528974872, 0.04032727272483123, 0.999186044085019, 0.0], [-0.2961763120496669, 0.9543445578602819, -0.03880795102967387, 0.0], [-0.955132782287547, -0.2959732689906984, 0.011008734832355167, 0.0], [-0.6039736028872958, 0.5050887617481659, 1.3095045459460541, 1.0]], "at_element": 38, "to_element": 43}, {"pose": [[0.0009799899528974872, -0.04032727272483123, -0.999186044085019, 0.0], [0.9978145875819727, -0.06597566815807726, 0.0036414309979984445, 0.0], [-0.0660688158537001, -0.997005979062148, 0.040174485510300936, 0.0], [-0.6039383232531139, 0.5036369800997108, 1.273533852562124, 1.0]], "at_element": 43, "to_element": 38}, {"pose": [[0.08601923049366735, -0.5033082099628697, 0.859814827604903, 0.0], [-0.5125081676337988, 0.7177159202875543, 0.4714013532802329, 0.0], [-0.8543629615648863, -0.48121170346299785, -0.196212197266929, 0.0], [-0.725764199532931, -0.43712520621781387, 1.3622150356365395, 1.0]], "at_element": 3, "to_element": 47}, {"pose": [[-0.08601923049366735, 0.5033082099628697, -0.859814827604903, 0.0], [0.9629541635728791, 0.26338872298209637, 0.05784167583600458, 0.0], [0.2555777197701989, -0.8229867716979617, -0.5073192316157872, 0.0], [-0.7288608914564055, -0.4190061128492075, 1.3312617055840956, 1.0]], "at_element": 47, "to_element": 3}, {"pose": [[-0.5431081643789404, -0.5563404801562393, 0.6289028477630411, 0.0], [0.733426451376092, -0.6789802731810185, 0.032732690890029975, 0.0], [0.40880210641190595, 0.4790313755596342, 0.7767945539347154, 0.0], [-0.7652134635624604, -0.3849345577076418, 1.3872513649331921, 1.0]], "at_element": 21, "to_element": 47}, {"pose": [[0.5431081643789404, 0.5563404801562393, -0.6289028477630411, 0.0], [0.7998209493017814, -0.11479566084872209, 0.5891590662192193, 0.0], [0.2555777197701989, -0.8229867716979617, -0.5073192316157872, 0.0], [-0.7456615427230697, -0.3649062728443454, 1.3646108312391507, 1.0]], "at_element": 47, "to_element": 21}, {"pose": [[-0.49625361588696704, 0.06776195676646847, 0.8655291248330641, 0.0], [-0.8656600142612574, 0.037247750663724516, -0.49924477441400694, 0.0], [-0.0660688158537001, -0.997005979062148, 0.040174485510300936, 0.0], [-0.6790956314329336, -0.6305181376705773, 1.319234780442373, 1.0]], "at_element": 43, "to_element": 44}, {"pose": [[0.49625361588696704, -0.06776195676646847, -0.8655291248330641, 0.0], [0.5835596207611025, 0.7641766461344, 0.274758480342169, 0.0], [0.6427989714804037, -0.6414377372106809, 0.41876856561324716, 0.0], [-0.6612305007205349, -0.6329575681879694, 1.2880757310057382, 1.0]], "at_element": 44, "to_element": 43}, {"pose": [[-0.12072147367678002, 0.04795360597881566, 0.991527497080608, 0.0], [-0.9904853544424552, 0.06065912452348887, -0.12352826901987866, 0.0], [-0.0660688158537001, -0.997005979062148, 0.040174485510300936, 0.0], [-0.6665042407838762, -0.4405088027126783, 1.3115783295941357, 1.0]], "at_element": 43, "to_element": 48}, {"pose": [[0.12072147367678002, -0.04795360597881566, -0.991527497080608, 0.0], [0.26476369738388683, 0.9642058527870873, -0.014396457853920318, 0.0], [0.9567269779518711, -0.26078252457700185, 0.12909672549807574, 0.0], [-0.6621582678735219, -0.44223513247150575, 1.2758833408656103, 1.0]], "at_element": 48, "to_element": 43}, {"pose": [[-0.7636682955584189, -0.4936452657010773, 0.41608302778389333, 0.0], [-0.06016823599405899, -0.5872580190452512, -0.8071603325513528, 0.0], [0.6427989714804037, -0.6414377372106809, 0.41876856561324716, 0.0], [-0.7107862694541675, -0.5835067420781673, 1.2557913013299236, 1.0]], "at_element": 44, "to_element": 47}, {"pose": [[0.7636682955584189, 0.4936452657010773, -0.41608302778389333, 0.0], [0.5928665646804214, -0.28108206143594716, 0.7546536365929433, 0.0], [0.2555777197701989, -0.8229867716979617, -0.5073192316157872, 0.0], [-0.6832942209431607, -0.5657355190605101, 1.2408123178485198, 1.0]], "at_element": 47, "to_element": 44}, {"pose": [[-0.36140896246346693, 0.184532118079847, -0.9139646925609576, 0.0], [0.9227787594354809, 0.21129337918055516, -0.3222335628844039, 0.0], [0.13365224646744825, -0.9598453028021904, -0.24664563994276487, 0.0], [0.06163333167508032, -0.8750167181233106, 1.3442763051174134, 1.0]], "at_element": 4, "to_element": 32}, {"pose": [[0.36140896246346693, -0.184532118079847, 0.9139646925609576, 0.0], [-0.6863374894176233, 0.6108433145652468, 0.3947293954988107, 0.0], [-0.6311294736193136, -0.7699469737896951, 0.09411293790493663, 0.0], [0.07464404250938969, -0.8816598683418728, 1.3771790041723133, 1.0]], "at_element": 32, "to_element": 4}, {"pose": [[-0.20065219666524936, -0.26993284862266625, 0.9417403852484307, 0.0], [-0.9705028454299424, -0.07637572862515099, -0.22867220007985792, 0.0], [0.13365224646744825, -0.9598453028021904, -0.24664563994276487, 0.0], [0.029240396655919192, -0.6423815971738767, 1.4040551445952167, 1.0]], "at_element": 4, "to_element": 48}, {"pose": [[0.20065219666524936, 0.26993284862266625, -0.9417403852484307, 0.0], [0.2107419882996501, 0.9268919743474416, 0.3105786249209882, 0.0], [0.9567269779518711, -0.26078252457700185, 0.12909672549807574, 0.0], [0.0364638774157123, -0.6326640123636045, 1.3701524828420981, 1.0]], "at_element": 48, "to_element": 4}, {"pose": [[-0.4821607165341509, -0.2804159686917934, 0.8299927276391748, 0.0], [-0.8658279970325973, 0.00799244588420707, -0.5002779231220469, 0.0], [0.13365224646744825, -0.9598453028021904, -0.24664563994276487, 0.0], [0.05123834518757547, -0.8003634353208113, 1.3634595075114821, 1.0]], "at_element": 4, "to_element": 49}, {"pose": [[0.4821607165341509, 0.2804159686917934, -0.8299927276391748, 0.0], [-0.643364633464018, 0.7563802051761073, -0.11819870399230262, 0.0], [0.5946452655482812, 0.5909787388057156, 0.5451065386148107, 0.0], [0.06859614549324447, -0.7902684520088971, 1.333579744338163, 1.0]], "at_element": 49, "to_element": 4}, {"pose": [[0.48639660779865673, -0.5680389487198108, 0.6638901209230725, 0.0], [0.8488273913661157, 0.48734496293747587, -0.2049071662145211, 0.0], [-0.20714825509416132, 0.663194270057248, 0.7192099558367351, 0.0], [0.22322538327984887, -0.7556541285795317, 1.422926768576915, 1.0]], "at_element": 26, "to_element": 52}, {"pose": [[-0.48639660779865673, 0.5680389487198108, -0.6638901209230725, 0.0], [0.3345296482703831, 0.8230007876386525, 0.4590856325068898, 0.0], [0.8071606124867928, 0.001206765697873517, -0.5903306610421788, 0.0], [0.2057150969764191, -0.7352047165891823, 1.399026712727443, 1.0]], "at_element": 52, "to_element": 26}, {"pose": [[-0.5511556276658396, 0.35976061262349923, -0.7528610600217273, 0.0], [0.5458049666513536, -0.5270236798824628, -0.651416133682504, 0.0], [-0.6311294736193136, -0.7699469737896951, 0.09411293790493663, 0.0], [0.20533425616139309, -0.7222242236583167, 1.3576907050572684, 1.0]], "at_element": 32, "to_element": 52}, {"pose": [[0.5511556276658396, -0.35976061262349923, 0.7528610600217273, 0.0], [-0.21146919336447062, -0.9330438603416855, -0.2910497121394645, 0.0], [0.8071606124867928, 0.001206765697873517, -0.5903306610421788, 0.0], [0.2251758825667593, -0.7351756212540771, 1.3847937357409283, 1.0]], "at_element": 52, "to_element": 32}, {"pose": [[-0.35402840429761606, 0.801204686049801, -0.48242609796975483, 0.0], [-0.7218454800797014, 0.09388919709664775, 0.6856558331678163, 0.0], [0.5946452655482812, 0.5909787388057156, 0.5451065386148107, 0.0], [0.15296364412353472, -0.7064211554349471, 1.4109187526754172, 1.0]], "at_element": 49, "to_element": 52}, {"pose": [[0.35402840429761606, -0.801204686049801, 0.48242609796975483, 0.0], [-0.47239351667908147, -0.5983891666536002, -0.6471280944536252, 0.0], [0.8071606124867928, 0.001206765697873517, -0.5903306610421788, 0.0], [0.1657086689181371, -0.7352645292018499, 1.4282860952545708, 1.0]], "at_element": 52, "to_element": 49}, {"pose": [[-0.7370587435668464, 0.3198835669768156, -0.5953309265524939, 0.0], [-0.29106436307474437, -0.9452569764209218, -0.14754926321561299, 0.0], [-0.6099392962250867, 0.06452714239578504, 0.7898166260687857, 0.0], [1.3400972334815886, -0.018787220114842053, 0.7340710419758981, 1.0]], "at_element": 5, "to_element": 7}, {"pose": [[0.7370587435668464, -0.3198835669768156, 0.5953309265524939, 0.0], [-0.4403868955732477, 0.4408624311409337, 0.7821123314562065, 0.0], [-0.5126439219760814, -0.8386386709344467, 0.18406897857674548, 0.0], [1.366631372932445, -0.030303039238193136, 0.7555029752680901, 1.0]], "at_element": 7, "to_element": 5}, {"pose": [[-0.6000672699045257, -0.6885854207622769, -0.40714787228102683, 0.0], [0.517584125055798, -0.7222785932089308, 0.4587159331027777, 0.0], [-0.6099392962250867, 0.06452714239578504, 0.7898166260687857, 0.0], [1.4287711064574746, -0.028168271087805112, 0.6192463379312175, 1.0]], "at_element": 5, "to_element": 9}, {"pose": [[0.6000672699045257, 0.6885854207622769, 0.40714787228102683, 0.0], [0.7876680445519217, -0.4197558583144833, -0.4509812313194679, 0.0], [-0.13963639633376745, 0.5913164446591264, -0.7942584838039877, 0.0], [1.4503735325395883, -0.0033791909308337528, 0.6339036642953769, 1.0]], "at_element": 9, "to_element": 5}, {"pose": [[-0.15398950590307875, -0.12110162377207821, -0.9806230819185787, 0.0], [-0.817884736051185, -0.5412326415166876, 0.19527361903583396, 0.0], [-0.554393173304117, 0.8321067386319108, -0.015703022548421593, 0.0], [1.4410068756174388, 0.09607769304346472, 0.6915049623028975, 1.0]], "at_element": 6, "to_element": 7}, {"pose": [[0.15398950590307875, 0.12110162377207821, 0.9806230819185787, 0.0], [-0.8446794902995497, 0.5310551537581298, 0.06705954320022006, 0.0], [-0.5126439219760814, -0.8386386709344467, 0.18406897857674548, 0.0], [1.446550493196101, 0.10043734785507236, 0.7268073637430799, 1.0]], "at_element": 7, "to_element": 6}, {"pose": [[-0.8535101462574536, 0.47444415901278203, -0.21546036808247176, 0.0], [0.093362944986545, -0.2675591889507066, -0.9590075291213722, 0.0], [-0.5126439219760814, -0.8386386709344467, 0.18406897857674548, 0.0], [1.3861514855233334, 0.0016300834966105765, 0.7484941197403432, 1.0]], "at_element": 7, "to_element": 8}, {"pose": [[0.8535101462574536, -0.47444415901278203, 0.21546036808247176, 0.0], [-0.5173196053771244, -0.7219638331684699, 0.45950913972318996, 0.0], [-0.06245683411794456, -0.5036575856426111, -0.8616427219541865, 0.0], [1.4168778512844238, -0.015449906503464172, 0.7562506931164776, 1.0]], "at_element": 8, "to_element": 7}, {"pose": [[-0.80932255328969, -0.5434199028402454, -0.222916607577262, 0.0], [-0.19402374630556643, -0.11087463515369271, 0.9747110346913535, 0.0], [-0.554393173304117, 0.8321067386319108, -0.015703022548421593, 0.0], [0.9514067517835938, 0.8309344371283673, 0.6776371837037273, 1.0]], "at_element": 6, "to_element": 36}, {"pose": [[0.80932255328969, 0.5434199028402454, 0.222916607577262, 0.0], [0.5721320772668056, -0.6434828054626958, -0.5085221383934316, 0.0], [-0.1328980470098299, 0.5390961771993529, -0.8316931049551973, 0.0], [0.9805423900898388, 0.8504975713487243, 0.6856621888446646, 1.0]], "at_element": 36, "to_element": 6}, {"pose": [[-0.7198332097008384, -0.6837457596722719, -0.11971585668563958, 0.0], [0.06100805737356272, 0.10947969010924231, -0.9921150207456231, 0.0], [0.691460893433092, -0.7214609716289404, -0.03709311619337318, 0.0], [1.112638865330543, 0.6388404232610588, 0.7171217893764124, 1.0]], "at_element": 10, "to_element": 35}, {"pose": [[0.7198332097008384, 0.6837457596722719, 0.11971585668563958, 0.0], [0.5481371790095847, -0.6657187569843479, 0.5063241744047277, 0.0], [0.42589409857287586, -0.29884824364450074, -0.8539929414646203, 0.0], [1.1385528301947037, 0.6634552414625279, 0.7214315551138446, 1.0]], "at_element": 35, "to_element": 10}, {"pose": [[-0.6942936707361468, -0.6494825909946618, -0.3100462268284968, 0.0], [0.1995949188442361, 0.240138356809331, -0.9499975989235323, 0.0], [0.691460893433092, -0.7214609716289404, -0.03709311619337318, 0.0], [0.9636356436282555, 0.7943083754274338, 0.7251150018173191, 1.0]], "at_element": 10, "to_element": 36}, {"pose": [[0.6942936707361468, 0.6494825909946618, 0.3100462268284968, 0.0], [0.7073149283570228, -0.5362347207370134, -0.46060603165763764, 0.0], [-0.1328980470098299, 0.5390961771993529, -0.8316931049551973, 0.0], [0.9886301850966568, 0.8176897200051666, 0.7362766522834246, 1.0]], "at_element": 36, "to_element": 10}, {"pose": [[-0.5449344993843764, -0.4249173787926915, -0.7228358130174843, 0.0], [-0.790592013883509, 0.5475515213622691, 0.2741379197365488, 0.0], [0.2793038828307176, 0.7208554311745246, -0.6343160004145214, 0.0], [1.1156700930220498, 0.7979073752193242, 0.6751730676590542, 1.0]], "at_element": 30, "to_element": 34}, {"pose": [[0.5449344993843764, 0.4249173787926915, 0.7228358130174843, 0.0], [-0.21039201081927822, 0.9037938743567353, -0.37268194812556044, 0.0], [-0.8116536164917383, 0.05100837063846113, 0.5819076842255065, 0.0], [1.1352877265486998, 0.8132043942659747, 0.7011951457174904, 1.0]], "at_element": 34, "to_element": 30}, {"pose": [[-0.8992121597764036, -0.035321982815561606, -0.4360846812721502, 0.0], [-0.3367593098133185, 0.6921848054357794, 0.6383364022033287, 0.0], [0.2793038828307176, 0.7208554311745246, -0.6343160004145214, 0.0], [1.07229527744655, 0.6859613074922857, 0.7736798956190648, 1.0]], "at_element": 30, "to_element": 35}, {"pose": [[0.8992121597764036, 0.035321982815561606, 0.4360846812721502, 0.0], [-0.10015841707542977, -0.9536467295600474, 0.2837713986439966, 0.0], [0.42589409857287586, -0.29884824364450074, -0.8539929414646203, 0.0], [1.1046668588308461, 0.6872328966594662, 0.789378916808632, 1.0]], "at_element": 35, "to_element": 30}, {"pose": [[0.3799623781710712, 0.8027363842945473, 0.45961167141871073, 0.0], [-0.44367442794290807, 0.5941485028631532, -0.6709251512165922, 0.0], [-0.8116536164917383, 0.05100837063846113, 0.5819076842255065, 0.0], [1.0085754887450538, 0.8211676247118074, 0.7920403330796315, 1.0]], "at_element": 34, "to_element": 36}, {"pose": [[-0.3799623781710712, -0.8027363842945473, -0.45961167141871073, 0.0], [-0.9154052109724726, 0.2549305965527888, 0.31151836328807697, 0.0], [-0.1328980470098299, 0.5390961771993529, -0.8316931049551973, 0.0], [0.9948968643358649, 0.7922691596763777, 0.7754943385586015, 1.0]], "at_element": 36, "to_element": 34}, {"pose": [[0.8146018677681227, 0.5374194942120325, 0.21818360220137786, 0.0], [0.39374866835264993, -0.7885873537608116, 0.47232612849495775, 0.0], [0.42589409857287586, -0.29884824364450074, -0.8539929414646203, 0.0], [1.0444727292228955, 0.7294708848619896, 0.910078785567204, 1.0]], "at_element": 35, "to_element": 36}, {"pose": [[-0.8146018677681227, -0.5374194942120325, -0.21818360220137786, 0.0], [-0.5645900336790042, 0.6485025820842403, 0.5105707540590374, 0.0], [-0.1328980470098299, 0.5390961771993529, -0.8316931049551973, 0.0], [1.0151473108492652, 0.7101239472554106, 0.9022242425444247, 1.0]], "at_element": 36, "to_element": 35}, {"pose": [[0.5807777705061086, -0.18080641333265993, 0.7937293129170254, 0.0], [-0.6323712442441781, 0.5138036789583033, 0.5797520064147972, 0.0], [-0.5126439219760814, -0.8386386709344467, 0.18406897857674548, 0.0], [0.9324045177066183, -0.7406585455454004, 0.9114156668765541, 1.0]], "at_element": 7, "to_element": 52}, {"pose": [[-0.5807777705061086, 0.18080641333265993, -0.7937293129170254, 0.0], [0.10577772419510956, 0.9835179635443013, 0.14664067801866426, 0.0], [0.8071606124867928, 0.001206765697873517, -0.5903306610421788, 0.0], [0.9114965362741719, -0.7341495203643364, 0.882841436629422, 1.0]], "at_element": 52, "to_element": 7}, {"pose": [[-0.21667364245769258, 0.461572989706353, -0.8602342168489084, 0.0], [-0.7221800289237673, 0.5171343336192834, 0.4593779346200755, 0.0], [0.6568930951743841, 0.7207790619639829, 0.2212894153513415, 0.0], [0.997991094432928, -0.7277006113890792, 0.8825207185941477, 1.0]], "at_element": 27, "to_element": 33}, {"pose": [[0.21667364245769258, -0.461572989706353, 0.8602342168489084, 0.0], [-0.9405912406646673, -0.33466361268229916, 0.05734443592305982, 0.0], [0.26142044803155384, -0.8215537970942463, -0.5066642950031192, 0.0], [1.005791439911666, -0.7443174400098773, 0.9134895249886006, 1.0]], "at_element": 33, "to_element": 27}, {"pose": [[0.46464827348787385, -0.6181270798705087, 0.6340511770160953, 0.0], [0.5937957927241972, -0.31368209538492225, -0.7409521574150161, 0.0], [0.6568930951743841, 0.7207790619639829, 0.2212894153513415, 0.0], [0.9718930852354317, -0.7563367756701258, 0.8737290091979409, 1.0]], "at_element": 27, "to_element": 52}, {"pose": [[-0.46464827348787385, 0.6181270798705087, -0.6340511770160953, 0.0], [0.3641342164569097, 0.786077258828487, 0.4994885539809739, 0.0], [0.8071606124867928, 0.001206765697873517, -0.5903306610421788, 0.0], [0.9551657705323355, -0.7340842315814847, 0.850903198405181, 1.0]], "at_element": 52, "to_element": 27}, {"pose": [[-0.6659452678243125, 0.6922681546814693, -0.2779958673727326, 0.0], [-0.3535652157305964, 0.03524692679132724, 0.934745576281131, 0.0], [0.6568930951743841, 0.7207790619639829, 0.2212894153513415, 0.0], [1.0313978978933591, -0.6910448379636749, 0.8937745619680889, 1.0]], "at_element": 27, "to_element": 53}, {"pose": [[0.6659452678243125, -0.6922681546814693, 0.2779958673727326, 0.0], [-0.738810899122274, -0.5604110624701227, 0.3742965353823692, 0.0], [-0.10332161245616332, -0.45464738322684944, -0.8846583528823072, 0.0], [1.0553718674535026, -0.7159664290758272, 0.9037823881127411, 1.0]], "at_element": 53, "to_element": 27}, {"pose": [[-0.928821288655836, -0.07131565675186236, -0.3636001799253717, 0.0], [0.26258401149097343, 0.565653105341142, -0.7817200274569094, 0.0], [0.26142044803155384, -0.8215537970942463, -0.5066642950031192, 0.0], [1.028690737380126, -0.8162819895608486, 0.8691079301467023, 1.0]], "at_element": 33, "to_element": 54}, {"pose": [[0.928821288655836, 0.07131565675186236, 0.3636001799253717, 0.0], [0.15356728043262763, -0.9671463260437586, -0.20259584003771197, 0.0], [0.3372063227761871, 0.24401242001609258, -0.909257848334372, 0.0], [1.0621283037206464, -0.8137146259217043, 0.8821975366040159, 1.0]], "at_element": 54, "to_element": 33}, {"pose": [[-0.2997892093114299, 0.8622924721390411, -0.4081398320095318, 0.0], [0.5085451559403298, 0.506409158891199, 0.6963702952888888, 0.0], [0.8071606124867928, 0.001206765697873517, -0.5903306610421788, 0.0], [1.0334340567815656, -0.7339672146190416, 0.7936603542359204, 1.0]], "at_element": 52, "to_element": 53}, {"pose": [[0.2997892093114299, -0.8622924721390411, 0.4081398320095318, 0.0], [-0.9483939447191164, -0.22304136257052634, 0.22539182816330489, 0.0], [-0.10332161245616332, -0.45464738322684944, -0.8846583528823072, 0.0], [1.044226457960827, -0.7650097138289246, 0.808353374089438, 1.0]], "at_element": 53, "to_element": 52}, {"pose": [[0.2433277022873181, 0.9104168138214739, 0.33456367766201095, 0.0], [0.5378506994971018, -0.41369042631864966, 0.7345589535379525, 0.0], [0.8071606124867928, 0.001206765697873517, -0.5903306610421788, 0.0], [1.1360123208976967, -0.733813852415079, 0.7186379937200006, 1.0]], "at_element": 52, "to_element": 54}, {"pose": [[-0.2433277022873181, -0.9104168138214739, -0.33456367766201095, 0.0], [-0.9094413258585391, 0.3340646105007978, -0.247623324490268, 0.0], [0.3372063227761871, 0.24401242001609258, -0.90925784833437