{
"line_pt_pairs": [
[
[
0.023273933874600538,
1.546403884028444,
0.0
],
[
-0.9277825811233807,
1.2373868856612107,
0.0
]
],
[
[
-0.9248205146794445,
-1.2383493392057725,
0.0
],
[
0.026236006303183092,
-1.547366319154158,
0.0
]
],
[
[
-0.08045972984802377,
0.01181674680039761,
1.5859072525917437
],
[
0.8643619890026841,
-0.004713892347134452,
1.2587396234513166
]
],
[
[
0.062256185661663056,
-0.1298462374557607,
1.5469283957742892
],
[
0.37301671388002416,
0.7224287232186327,
1.1261490171102357
]
],
[
[
0.020127661021270053,
-0.09155573026215194,
1.5992594121304093
],
[
-0.6423484244712567,
0.5474119602011625,
1.2083045212613013
]
],
[
[
0.14540602044432366,
-0.06373140171985278,
1.5083121361846743
],
[
-0.6912048000960143,
-0.46654501116923036,
1.137066219039197
]
],
[
[
-0.14752801419610992,
0.048355295892786324,
1.5546861234188794
],
[
0.1567928330363689,
-0.8145895814707503,
1.1513066983464832
]
],
[
[
1.416830367384071,
-0.07176862289604458,
0.6368797313392169
],
[
0.8105140567265209,
-0.08524751235883116,
1.4319890640535724
]
],
[
[
1.327588057259415,
-0.11012119608163674,
0.7070288434197304
],
[
1.0351152288287921,
0.8459807002014714,
0.7251619224091405
]
],
[
[
1.3371287913826564,
0.11504378215871625,
0.769765473592886
],
[
0.7965025592295868,
-0.7216805736500065,
0.8570330477797112
]
],
[
[
1.3715021805432825,
0.051733373914447184,
0.8145167197806995
],
[
1.3872734351470282,
-0.4628774966623079,
-0.04276206766971813
]
],
[
[
1.3369619944730216,
0.02005362478050471,
0.8153744664097774
],
[
1.305460903532245,
0.5049422391389423,
-0.05863395056061749
]
],
[
[
0.3655220404774019,
1.3448375739161653,
0.6080375535863414
],
[
1.1248188043888674,
0.7400807105763337,
0.8483239671784231
]
],
[
[
0.3641630853287237,
1.3017544423176186,
0.5522147598833339
],
[
0.17760220038586622,
0.6645781322409947,
1.3000124504965611
]
],
[
[
0.4568749563988625,
1.3498135624490488,
0.6371728396426612
],
[
-0.5207629099670984,
1.2190955258439031,
0.8019059484991004
]
],
[
[
0.31880700598563827,
1.2524588419258595,
0.726395618336066
],
[
0.9092566596925105,
1.1360295968002938,
-0.0722366107386978
]
],
[
[
0.4128768642261165,
1.2463992573058496,
0.777258625140784
],
[
-0.09106611466773282,
1.5677355121143375,
-0.024479789411772868
]
],
[
[
-1.2152767937494275,
0.8319618174359439,
0.6398353869649502
],
[
-0.3413746235488297,
1.2676588518207872,
0.8553883761507611
]
],
[
[
-1.124585599571664,
0.8068370023744567,
0.5648636672441483
],
[
-0.47443763325113514,
0.4818395395143975,
1.2516564096517868
]
],
[
[
-1.0454857551216645,
0.9274893945420436,
0.6387690786369842
],
[
-1.222661861771278,
-0.03579343471421992,
0.8404986453656449
]
],
[
[
-1.0612796033747114,
0.7769573342527032,
0.7892106012166347
],
[
-0.8151045240080895,
1.3237341778967875,
-0.011059924014333755
]
],
[
[
-1.0755825165398822,
0.8294364900997249,
0.7838378491477975
],
[
-1.3589902504765605,
0.3113641516116042,
-0.023182044311048533
]
],
[
[
-1.204786253049596,
-0.8226315461497113,
0.6754248431306588
],
[
-1.4072970537770964,
0.15331686741058415,
0.7561346297605898
]
],
[
[
-1.1538147734522832,
-0.8412819549440443,
0.5425530716459426
],
[
-0.5736684264955133,
-0.36256105766749663,
1.201534496743382
]
],
[
[
-1.2263231431278334,
-0.77420575714097,
0.6379639560756659
],
[
-0.3661093656155488,
-1.2465933852557178,
0.8300113090440631
]
],
[
[
-1.1291604455181734,
-0.877900548119129,
0.6749950320518263
],
[
-1.4372503222265254,
-0.359209444380734,
-0.12252623209884062
]
],
[
[
-1.0808101000315615,
-0.7558401820153925,
0.7653736823926823
],
[
-0.8807513575778974,
-1.3191837792888208,
-0.03626245138553719
]
],
[
[
-1.0510195029127132,
-0.7188687332579166,
0.8049691820326246
],
[
-0.9546859021143596,
-1.179095847456641,
-0.07759007417261066
]
],
[
[
0.5575569119508476,
-1.2884999904584102,
0.7213639322943619
],
[
-0.43795160525171634,
-1.217792708157761,
0.6584094057946035
]
],
[
[
0.5623721783430703,
-1.3167036413409223,
0.6367694886670395
],
[
0.20521389312943264,
-0.6663933433367213,
1.307242810741036
]
],
[
[
0.33560786225566275,
-1.439651504533845,
0.6224392007388013
],
[
1.0944148129698321,
-0.7909355531172199,
0.6805737509261638
]
],
[
[
0.39855110259557797,
-1.3992660265589807,
0.7682575904551465
],
[
0.8354486063704736,
-1.2497721996633708,
-0.11874419472646802
]
],
[
[
0.43047339158392095,
-1.345007576630502,
0.7986716012013262
],
[
-0.04682700295253759,
-1.5867667537042645,
-0.04615786897354757
]
],
[
[
0.7978633854571575,
-0.11995431564505353,
1.404657975147929
],
[
0.920037936814663,
0.6847125424046162,
0.8236376428384088
]
],
[
[
0.7962952698374142,
-0.04552460878716677,
1.2100545772193239
],
[
0.23773753651445004,
0.7819759230059202,
1.267117073022352
]
],
[
[
0.7195639098772278,
0.11901886516677865,
1.2549167045318619
],
[
0.24482878690234308,
-0.760882069957052,
1.274939376237445
]
],
[
[
0.7497064199012645,
0.0458647828072056,
1.2804283869748603
],
[
0.8487330897374517,
-0.8332318282557952,
0.8141850309056269
]
],
[
[
1.103786295563237,
0.7014487413929766,
0.8073103997362314
],
[
0.23786985790492485,
0.5587079453076902,
1.2866993734580694
]
],
[
[
0.962095234314794,
0.7193872991101488,
0.8804274649350936
],
[
1.419617579823253,
0.47111001871295133,
0.026593935844668404
]
],
[
[
1.0423306431036292,
0.7547543181602978,
0.8458816345293374
],
[
0.7951753251344134,
1.1500021590809208,
-0.03881797157836364
]
],
[
[
0.9468422510040306,
0.634376917350812,
0.9167254119908671
],
[
1.0042147075256138,
0.8309316943848524,
-0.06208745105179725
]
],
[
[
0.25342665944792964,
0.7066850614929392,
1.3014157496279757
],
[
-0.28817497392549934,
1.2747006776098584,
0.6817174919456177
]
],
[
[
0.3212979353866487,
0.718706749245957,
1.2308099227624723
],
[
-0.6453808665776908,
0.505460558426948,
1.0891831035015285
]
],
[
[
-0.47488674465157027,
1.1943722639588599,
0.7424979682756039
],
[
-0.7043609674087794,
0.36123438020434717,
1.2457104956862666
]
],
[
[
-0.5507607850257153,
1.1190825275105467,
0.8234790963105182
],
[
-0.166674938719769,
1.4547978234530752,
-0.03662165519343519
]
],
[
[
-0.323589560898776,
1.153567406738768,
0.7781722684775549
],
[
-0.8760787649231072,
1.2307411828989707,
-0.051767420722651614
]
],
[
[
-0.6228816075804914,
0.47222096212856,
1.3169409742341687
],
[
-1.3430620410167526,
-0.018867084845383353,
0.8268668232989485
]
],
[
[
-0.5527636180767398,
0.5364964451185605,
1.2229793168786174
],
[
-0.5675193456143414,
-0.4606772772899262,
1.1493122561062539
]
],
[
[
-1.3926318449453985,
0.1474023156049848,
0.7140101595057593
],
[
-0.771849679710962,
-0.38157262332454683,
1.2926421818751952
]
],
[
[
-1.3186977030093918,
-0.10647580974625193,
0.7750406508970643
],
[
-1.3824661227897612,
0.4228387158001618,
-0.07098518894725714
]
],
[
[
-1.2245467380537531,
0.12193312262733896,
0.8439928787712
],
[
-1.4749142032209115,
-0.30792754277796897,
-0.02349548131338497
]
],
[
[
-0.7043690461152781,
-0.37822306582243587,
1.2301177232390281
],
[
-0.40711595007383566,
-1.2174906466264435,
0.7748479958189354
]
],
[
[
-0.8321016727476565,
-0.3850159623924794,
1.2565229425674924
],
[
0.1311502028841782,
-0.6458168384610352,
1.1922677705295408
]
],
[
[
-0.4271820765101743,
-1.259712101154613,
0.8406452375545019
],
[
0.23843513825597537,
-0.6940246413871549,
1.3274217995095676
]
],
[
[
-0.288485964112875,
-1.2643107215975125,
0.7304405603892079
],
[
-0.8910723468269834,
-1.2237892803770696,
-0.06658369530753327
]
],
[
[
-0.41070558910424354,
-1.1112942295036317,
0.8547134262049961
],
[
-0.16856125506111144,
-1.4598563942320195,
-0.05075360180357147
]
],
[
[
0.09106776276201252,
-0.7600841598708425,
1.2389321605083206
],
[
1.0038566698381672,
-0.7401443782299957,
0.8309875365373276
]
],
[
[
0.9697900379825528,
-0.6950032075985307,
0.8509253675693871
],
[
0.9052323885906829,
-1.2171892903390333,
0.0005407458263047005
]
],
[
[
0.9469388601400955,
-0.8723553833142588,
0.7706242034652854
],
[
1.2521578310441372,
-0.5860311240645033,
-0.13759372102495304
]
],
[
[
0.9005696896831707,
-1.2687011572707807,
0.08297560942137588
],
[
1.373024641725406,
-0.39339841869282977,
-0.0201332366041157
]
],
[
[
0.9189150925599976,
-1.1596526223524313,
0.008140148383888324
],
[
0.02159442256009,
-1.5917836422231115,
0.09802005078950471
]
],
[
[
1.426596753430838,
-0.4895413976223997,
0.05938527648162728
],
[
1.368058965105382,
0.5086087692350664,
0.04296663645338583
]
],
[
[
1.4533697539838029,
0.30176131237462284,
0.08490675837277062
],
[
0.8514049036697776,
1.0996349448726257,
0.052720028951231734
]
],
[
[
0.6769823881238339,
1.5675448606605273,
0.05312900372235785
],
[
1.1108797513907869,
0.6676116653559033,
0.010078775630099401
]
],
[
[
0.8252185203130411,
1.3149143894975428,
0.004309840387860864
],
[
-0.15687988036284842,
1.500443222400362,
0.03689486074350534
]
],
[
[
-0.8583208401634163,
1.3096635205441673,
0.07189583926153259
],
[
-1.3314073479568216,
0.4365470311268699,
0.189610545443278
]
],
[
[
-1.4009948325742294,
0.48901143051661217,
0.0990357096814441
],
[
-1.4411667984999053,
-0.5010959066790484,
-0.03540265532269049
]
],
[
[
-1.428612223295796,
-0.3045156712398057,
-0.10466565115297521
],
[
-0.9117407434255171,
-1.1540914311921693,
0.0005241838980977187
]
],
[
[
-0.6517352231134032,
-1.54525444105919,
-0.08101281309282582
],
[
-1.1529857558513588,
-0.6813988457014769,
-0.030998677100217198
]
]
],
"contact_id_pairs": [
[
2,
3
],
[
2,
4
],
[
3,
5
],
[
4,
6
],
[
5,
6
],
[
2,
33
],
[
2,
36
],
[
7,
33
],
[
34,
35
],
[
34,
36
],
[
3,
37
],
[
13,
41
],
[
13,
42
],
[
34,
37
],
[
34,
41
],
[
34,
42
],
[
4,
47
],
[
18,
42
],
[
18,
43
],
[
18,
47
],
[
43,
46
],
[
5,
23
],
[
5,
47
],
[
5,
51
],
[
23,
47
],
[
48,
52
],
[
51,
52
],
[
6,
52
],
[
6,
56
],
[
29,
35
],
[
29,
53
],
[
29,
56
],
[
53,
56
],
[
7,
8
],
[
7,
10
],
[
9,
11
],
[
10,
11
],
[
8,
38
],
[
8,
39
],
[
12,
39
],
[
33,
40
],
[
37,
38
],
[
37,
40
],
[
9,
36
],
[
30,
58
],
[
36,
56
],
[
56,
57
],
[
57,
58
],
[
10,
59
],
[
10,
61
],
[
58,
59
],
[
11,
62
],
[
38,
61
],
[
61,
62
],
[
12,
14
],
[
13,
15
],
[
14,
16
],
[
15,
16
],
[
14,
17
],
[
14,
41
],
[
17,
44
],
[
43,
44
],
[
44,
45
],
[
15,
39
],
[
15,
63
],
[
63,
64
],
[
0,
16
],
[
0,
44
],
[
0,
64
],
[
17,
19
],
[
18,
19
],
[
19,
20
],
[
19,
21
],
[
20,
21
],
[
19,
48
],
[
19,
50
],
[
22,
48
],
[
22,
49
],
[
46,
48
],
[
49,
50
],
[
0,
20
],
[
0,
45
],
[
20,
65
],
[
21,
49
],
[
21,
65
],
[
49,
66
],
[
22,
24
],
[
23,
25
],
[
23,
27
],
[
24,
25
],
[
24,
26
],
[
26,
27
],
[
24,
51
],
[
24,
53
],
[
28,
54
],
[
28,
55
],
[
51,
55
],
[
25,
66
],
[
25,
67
],
[
50,
66
],
[
1,
26
],
[
1,
54
],
[
54,
68
],
[
27,
67
],
[
67,
68
],
[
28,
29
],
[
29,
30
],
[
30,
31
],
[
30,
32
],
[
31,
32
],
[
31,
60
],
[
57,
59
],
[
57,
60
],
[
1,
32
],
[
1,
55
],
[
32,
60
],
[
40,
63
],
[
62,
63
]
],
"coupler_pt_pairs": [
[
[
0.11968030554529005,
0.008315088616581097,
1.5166038701976965
],
[
0.10835953730115196,
-0.003405687136276661,
1.4845030299518858
]
],
[
[
-0.05211502608970142,
0.011320826712804282,
1.576092205644497
],
[
-0.06112581342041557,
-0.013185588240309125,
1.5513083329462183
]
],
[
[
0.08627388451943868,
-0.06397659993501104,
1.5144076877543378
],
[
0.10582896988821196,
-0.08278706558942998,
1.4907498263616588
]
],
[
[
-0.10952060428105458,
0.03349188197159704,
1.5227485394776163
],
[
-0.136184236010195,
0.01618840570269231,
1.5396498655864095
]
],
[
[
-0.06117038302676262,
-0.16319435948498853,
1.4166438903476126
],
[
-0.06702921112636419,
-0.17991046497987007,
1.4479843933317382
]
],
[
[
0.8081471914706366,
-0.003730355967504838,
1.2782053720303619
],
[
0.8184191952423201,
0.015430498055572964,
1.3069015823512158
]
],
[
[
0.7639289984696188,
-0.0029567126677457096,
1.2935170028707432
],
[
0.7534916891643153,
0.012261538483089689,
1.2626063532969627
]
],
[
[
0.8287035461704217,
-0.08484314567218706,
1.4081357839093023
],
[
0.8015286220004738,
-0.09581430988649743,
1.3872273651663205
]
],
[
[
0.7026115190959387,
0.09326740667333193,
1.219625349074355
],
[
0.7053218559472483,
0.0926218366668755,
1.2555173846931824
]
],
[
[
0.779538537693126,
-0.020699592619151108,
1.2117664521081872
],
[
0.7589638155455355,
-0.03631656441582447,
1.2368421569139523
]
],
[
[
0.3154071177257812,
0.5644317711014557,
1.2041541943244929
],
[
0.3309810384596296,
0.5740567289302317,
1.2351511277533702
]
],
[
[
0.19839195853196537,
0.7355830558452877,
1.2166802282313083
],
[
0.19995332770839283,
0.7627662946396551,
1.2402317936176108
]
],
[
[
0.19389445471381836,
0.7202223713787652,
1.2347077100893873
],
[
0.2030895396573088,
0.6926303626934798,
1.2134913686956346
]
],
[
[
0.3697602355264279,
0.5863849444490062,
1.25362957789189
],
[
0.3539113008383345,
0.5778366362792967,
1.2224564675403977
]
],
[
[
0.2568835994085295,
0.7536111250962405,
1.2651611030870002
],
[
0.2278363105386185,
0.7335234550772272,
1.2721353825548403
]
],
[
[
0.28825251766089993,
0.7071382271539228,
1.2619564410452226
],
[
0.292297507747677,
0.7123093494958369,
1.2265611088696171
]
],
[
[
-0.5731966026323385,
0.48071403576379407,
1.2491139082753766
],
[
-0.5535604420870559,
0.48264806912716307,
1.2190012220918132
]
],
[
[
-0.6002522271322195,
0.5447320284866114,
1.1187504337160057
],
[
-0.5910661645370205,
0.5174422045457068,
1.0971406779031754
]
],
[
[
-0.6279335277533215,
0.5585694207981478,
1.0895089112444825
],
[
-0.6445719131394864,
0.5783068058000785,
1.1145994682739337
]
],
[
[
-0.5267519896332669,
0.507990560475936,
1.1963934200737167
],
[
-0.5532062899541162,
0.5065812299829959,
1.2207693047995916
]
],
[
[
-0.697476740024452,
0.3862285192642789,
1.2306141183253883
],
[
-0.7224525849135947,
0.40432392615871493,
1.2491841178843228
]
],
[
[
-0.6005258442388679,
-0.42288466562609417,
1.1773049911258857
],
[
-0.6087244649101171,
-0.3914883417102776,
1.161714754235467
]
],
[
[
-0.5804452053744157,
-0.4132161860625437,
1.1862157713944055
],
[
-0.566783701827423,
-0.41096338473540955,
1.1529849123964726
]
],
[
[
-0.6661064467315096,
-0.45446058904394354,
1.1482036093106123
],
[
-0.6708833736348877,
-0.4727668727952468,
1.1788314181150592
]
],
[
[
-0.5927671886014202,
-0.37832083376566855,
1.1798404370700473
],
[
-0.566279863727633,
-0.3769146323320693,
1.155500293073033
]
],
[
[
-0.7938994107319199,
-0.3627838182115342,
1.2720895932734577
],
[
-0.8032041164386324,
-0.3928399886853848,
1.254595287403681
]
],
[
[
-0.6954514443674176,
-0.4034011182806582,
1.2164596178364073
],
[
-0.6982118492156492,
-0.4212666919858242,
1.2475916195534187
]
],
[
[
0.10009685867574654,
-0.6538201136982779,
1.2264576114353791
],
[
0.10223164293747641,
-0.6379871254238364,
1.1941968267727443
]
],
[
[
0.133709315404022,
-0.7491329968380603,
1.1819040634493456
],
[
0.14803072477382034,
-0.7588398097091281,
1.213474210769847
]
],
[
[
0.23571666015273005,
-0.7219324819598335,
1.2499816680341653
],
[
0.25928240738451996,
-0.7340929120399007,
1.2743297729368543
]
],
[
[
0.2159286646569389,
-0.6859026941023955,
1.2871285679564572
],
[
0.21846661298104905,
-0.7109952726861726,
1.3128184961919747
]
],
[
[
0.266101573264897,
-0.7772570333390229,
1.1929417658992942
],
[
0.2537158212691029,
-0.7565311294321537,
1.1662413110107912
]
],
[
[
0.12799200955096476,
-0.7878868365646904,
1.2466529652758052
],
[
0.1184514325037875,
-0.7594859663663607,
1.2266938206587081
]
],
[
[
1.3466380153180333,
-0.07332905420557848,
0.7289283753091471
],
[
1.3188131273487218,
-0.08143570357833826,
0.7075728819823925
]
],
[
[
1.3953041583616306,
-0.07224716748880285,
0.6651087091695188
],
[
1.374534384657231,
-0.0472064528812587,
0.649695065992245
]
],
[
[
1.307054120648254,
0.06849737356846979,
0.7746201095749515
],
[
1.3350703034412343,
0.04917196372699156,
0.7628888592542058
]
],
[
[
1.3719753181849244,
0.03629504768197753,
0.7887983559653329
],
[
1.3360169596225604,
0.034600315878347505,
0.7891541550184594
]
],
[
[
1.0863173558410324,
0.6785995079286175,
0.7219874319153714
],
[
1.054625693073998,
0.6691750835098171,
0.7077460452703872
]
],
[
[
1.0438904027024816,
0.8172944101762813,
0.7246178687209697
],
[
1.009801212067709,
0.8067749968532208,
0.7294415956871595
]
],
[
[
1.0555161900167753,
0.7952781428332729,
0.8263925202771603
],
[
1.0349159618469628,
0.7666117881184279,
0.8193405686073647
]
],
[
[
0.9151886606830402,
0.6527742070860766,
0.8466991396734695
],
[
0.950877981463101,
0.6482031006562741,
0.8478731242450027
]
],
[
[
0.9894143953128839,
0.6825952638730541,
0.8706290128253946
],
[
0.9758209046848796,
0.7119389806956108,
0.8548124590533637
]
],
[
[
0.9466072100371177,
0.6755387726936543,
0.8943279423349968
],
[
0.9485634250336052,
0.6402735618058486,
0.887361020402565
]
],
[
[
0.8127213512378033,
-0.696578835169754,
0.8544150197399676
],
[
0.8346263177099562,
-0.7080007616863139,
0.8806033881449771
]
],
[
[
1.0027330114037178,
-0.8693157617784284,
0.6735497242097549
],
[
0.9793117677170462,
-0.8419865345029399,
0.6742944935453341
]
],
[
[
0.8370048624909442,
-0.7291159891264274,
0.8694045797524168
],
[
0.8507339561014086,
-0.7434893284725934,
0.8994213084560176
]
],
[
[
0.9764712080373741,
-0.7407426108818261,
0.8432266772959307
],
[
0.967853308048275,
-0.7106687937410487,
0.8254138229562591
]
],
[
[
0.9542434748804817,
-0.820754361223572,
0.6461385095053649
],
[
0.9866369427862416,
-0.8351148275466198,
0.6524975020995961
]
],
[
[
1.3866054634974376,
-0.44108180058403,
-0.006453103024873896
],
[
1.3556706101921916,
-0.4255496984301471,
-0.01634588257693259
]
],
[
[
1.385410340212644,
-0.40208531936001196,
0.058510266483996376
],
[
1.4213447648896538,
-0.39998773683886274,
0.05791220222042137
]
],
[
[
1.2044657777695613,
-0.6307707802709845,
0.004320058159274054
],
[
1.2360455416571237,
-0.647175378590146,
0.009761162590134487
]
],
[
[
1.3100264884244528,
0.434665303769294,
0.06803974565150339
],
[
1.3372681361037257,
0.45564807095952686,
0.0786988687291153
]
],
[
[
1.40174610842268,
0.4808080812438634,
0.05994588388784394
],
[
1.3698150992453144,
0.4786642558712866,
0.04345919579171531
]
],
[
[
1.3739507892968266,
0.4081450266165576,
0.04461917139323002
],
[
1.3727155468654852,
0.40866434031083565,
0.0805942222838747
]
],
[
[
0.39067637413265976,
1.3248029094163558,
0.6159978728022221
],
[
0.3938179337778319,
1.3413823319548508,
0.647798020733698
]
],
[
[
0.3427624873346318,
1.228663268530116,
0.6379954301595587
],
[
0.3704797620233453,
1.2422696243672455,
0.6565039212578294
]
],
[
[
0.3274862577813583,
1.3325132539973672,
0.6589749846980488
],
[
0.32945611687984266,
1.2995920026128998,
0.6445419875065111
]
],
[
[
0.34690297583155927,
1.246918670059055,
0.6883934840555289
],
[
0.3601338991038305,
1.2800304965327385,
0.6933482166085332
]
],
[
[
-0.4914337660936216,
1.2230170679960108,
0.7969639539051971
],
[
-0.48397873299188415,
1.1965614341760085,
0.8202142535672515
]
],
[
[
-0.24440378096034013,
1.2560469615283192,
0.7553391162922356
],
[
-0.24488727708184166,
1.229301834109733,
0.7312470883502892
]
],
[
[
-0.5560920683977831,
1.1606082492002374,
0.8024270852354319
],
[
-0.5392382096339347,
1.1291539863910973,
0.7976760737595721
]
],
[
[
-0.48866441538249245,
1.1443505260141504,
0.7727109326209487
],
[
-0.5215706732053171,
1.1445965294521194,
0.7581123629234975
]
],
[
[
-0.4534922935012002,
1.204101334457223,
0.6056613780516399
],
[
-0.44449816911660966,
1.1704563772353458,
0.5965454565959618
]
],
[
[
0.8307008717417144,
1.1515198101215058,
0.034016621258309176
],
[
0.8131230560136731,
1.1213003616130819,
0.025426449985673893
]
],
[
[
0.8448718861723401,
1.1487254643166385,
0.014849146483906561
],
[
0.8728454996737135,
1.1613111963389862,
0.03369594802551079
]
],
[
[
0.7967104719728868,
1.3192205190357842,
0.04124987802327029
],
[
0.7957552621264332,
1.3204803123227036,
0.0052874011568159185
]
],
[
[
-0.054751089836354884,
1.5210520166636083,
0.0
],
[
-0.06439332546927426,
1.5507277661087435,
0.017954772868677527
]
],
[
[
-0.19021121296264992,
1.477038353977083,
0.0
],
[
-0.17937734005393066,
1.4436951221583183,
-0.008176595219226646
]
],
[
[
-0.12817049747564016,
1.4971966046951195,
0.0
],
[
-0.1274169283425717,
1.4948773574132774,
0.035917310132836056
]
],
[
[
-1.0633572263832085,
0.9077035963484468,
0.6773072207447964
],
[
-1.050801038333764,
0.8985909095957904,
0.6448209656532028
]
],
[
[
-1.0499748796132717,
0.7695404238342336,
0.6436797270147171
],
[
-1.0727594512216345,
0.7792059513607845,
0.669822424380814
]
],
[
[
-1.055775647549833,
0.8715446236675427,
0.6504849673110933
],
[
-1.0208844607991918,
0.8666785546655197,
0.6578933206500384
]
],
[
[
-1.0770129394814194,
0.7560803037631835,
0.6746653705317234
],
[
-1.111437439587587,
0.7638933111200489,
0.6817388846064876
]
],
[
[
-1.0518617042449079,
0.7978753295802612,
0.758594719614925
],
[
-1.084084751472051,
0.8138943146181328,
0.7596272440460533
]
],
[
[
-1.2155173363323624,
0.0030503959164086547,
0.8323640156544019
],
[
-1.2344618835060113,
0.012624046546160755,
0.8614406267312558
]
],
[
[
-1.1974331738743365,
0.10137157198642854,
0.811773709623336
],
[
-1.2320577615800419,
0.10903730340126769,
0.8179682294541385
]
],
[
[
-1.401221729753096,
0.1240384149932926,
0.7537133361608248
],
[
-1.3740083799811642,
0.13153306743096263,
0.7313691201835546
]
],
[
[
-1.3567375303509304,
-0.09034167574301333,
0.7359843546484598
],
[
-1.3215040495807215,
-0.08318152067592036,
0.7378084014061601
]
],
[
[
-1.2715331201663995,
0.02990818925495453,
0.8755413963997352
],
[
-1.2493587211302717,
0.025317796808074916,
0.8475552611969872
]
],
[
[
-1.3319754076728663,
0.003736768337043672,
0.5988832162638976
],
[
-1.2972370141222798,
-0.0028701956410727217,
0.5921312068136194
]
],
[
[
-0.8141509611634167,
1.2743080376284088,
0.0
],
[
-0.8238785132198198,
1.3042463640217996,
0.017462723253244605
]
],
[
[
-0.8590525612325894,
1.2597186231651776,
0.0
],
[
-0.848380087575845,
1.2268721271600331,
-0.010158948554512826
]
],
[
[
-0.8410418528647079,
1.2661250533612385,
0.07325762689528409
],
[
-0.87251343553593,
1.283470025605646,
0.07542728048149955
]
],
[
[
-1.3397323171251159,
0.3465678576899304,
0.03165603334350431
],
[
-1.3741804709466106,
0.35406304456187015,
0.0389418812765705
]
],
[
[
-1.2855390372245294,
0.44563374717165893,
0.1859745283402866
],
[
-1.3171856800238273,
0.46279418164746144,
0.18607187030761368
]
],
[
[
-1.3715003201221732,
0.3318162527028909,
0.07449987157903837
],
[
-1.4073321130265972,
0.33281823137457733,
0.07782754615354293
]
],
[
[
-1.2108630344055789,
-0.7933460704979493,
0.6778467175436589
],
[
-1.2005167087084783,
-0.7883773975682054,
0.6437253813740638
]
],
[
[
-1.136410383040919,
-0.8269203280235519,
0.5623225144018886
],
[
-1.1656799861763225,
-0.8164173177891494,
0.5804605717084258
]
],
[
[
-1.0442529383529018,
-0.7508745253684352,
0.6670030739752014
],
[
-1.0378078267441542,
-0.7819866022713616,
0.6839305517321244
]
],
[
[
-1.1271711224004213,
-0.8286552313515103,
0.6601001780474132
],
[
-1.140500981304338,
-0.8588079538191907,
0.6456389281351447
]
],
[
[
-1.0722251774143012,
-0.8588288757467211,
0.6723671558229242
],
[
-1.0539436308562664,
-0.8314932287436647,
0.6577196393160918
]
],
[
[
-1.0678596018855315,
-0.792307372214577,
0.7134809875923537
],
[
-1.0401415186502407,
-0.7708375506168379,
0.7053106452382221
]
],
[
[
-0.43320258740092893,
-1.2097490464060998,
0.8150323863822253
],
[
-0.4167904516930062,
-1.1901755549502453,
0.7896653611340168
]
],
[
[
-0.3939207365272131,
-1.2313207310818046,
0.8238022708890899
],
[
-0.40721276060224715,
-1.2427407979210903,
0.8552491190747096
]
],
[
[
-0.3354031310851279,
-1.225076346406054,
0.6648944237757372
],
[
-0.3379603188380805,
-1.2609837759272717,
0.6650022068483817
]
],
[
[
-0.3594537186921289,
-1.2233681222592596,
0.6633734992143939
],
[
-0.3562892039160189,
-1.1896255813102066,
0.6512304796968423
]
],
[
[
-0.4378079712717881,
-1.130834464659546,
0.8218555739092757
],
[
-0.4034412590225938,
-1.1217510945323643,
0.8275494151390466
]
],
[
[
-1.4040345615768313,
-0.4151305273353989,
-0.03654393464040562
],
[
-1.437693803653461,
-0.41549796293217905,
-0.02378002899447962
]
],
[
[
-1.4280076259142247,
-0.3747701775114898,
-0.09860059414571587
],
[
-1.3972706837293607,
-0.3560314025815971,
-0.09828725438388386
]
],
[
[
-1.4674031796946228,
-0.29503172355189766,
0.0025291680036765296
],
[
-1.4328081699481525,
-0.29508309980533814,
-0.007429905414120697
]
],
[
[
-0.8847974606425659,
-1.2513536170945452,
0.0
],
[
-0.8943734448162776,
-1.2808254674593893,
0.01832130343484495
]
],
[
[
-0.8566289612288434,
-1.2605061168949911,
0.0
],
[
-0.8456905091293934,
-1.2268410212087424,
-0.0065584002616065895
]
],
[
[
-0.8729947550929883,
-1.2250049236306675,
-0.042672967302561204
],
[
-0.8469589373035518,
-1.208805725626424,
-0.06153364099667835
]
],
[
[
-0.9633996120926188,
-1.1374667007827484,
0.0022404868514518395
],
[
-0.9327486881664295,
-1.119560911878592,
-0.0037511965941926517
]
],
[
[
-1.0894597328176456,
-0.861976754041329,
-0.03564386155934007
],
[
-1.0587165634960276,
-0.8438624521562916,
-0.04040473634292674
]
],
[
[
0.5276916065495829,
-1.2863787684462307,
0.7194752933447017
],
[
0.5310997323691293,
-1.2597630788436276,
0.6954755067256322
]
],
[
[
0.5477773474632646,
-1.29012951661331,
0.6641675503954361
],
[
0.5332154863188183,
-1.2707136505373067,
0.6375785327226385
]
],
[
[
0.44046153981358205,
-1.3500104527057104,
0.6304723656624797
],
[
0.46316374772711655,
-1.3771574278530965,
0.6370791536781084
]
],
[
[
0.35837210517534007,
-1.4201899965837415,
0.6241832398797789
],
[
0.33501191787377355,
-1.3933601185319755,
0.6297032383425853
]
],
[
[
0.41165812482513525,
-1.3947811785216893,
0.7416473397313921
],
[
0.39744919880809876,
-1.3617347818882346,
0.7402182422577488
]
],
[
[
0.7633493294553734,
-1.2744425095857594,
0.027633815633938408
],
[
0.747572845977311,
-1.2421674938339025,
0.025302602025809362
]
],
[
[
0.9102436732110939,
-1.1766546192337424,
0.06655181370932739
],
[
0.9415941564491176,
-1.1926963912000392,
0.07402240571642293
]
],
[
[
0.9072450447177834,
-1.2009095616188201,
0.02705242702080002
],
[
0.8919954615586424,
-1.1726165581984196,
0.010836546547988712
]
],
[
[
-0.0022962492929015405,
-1.5380956278115365,
0.0
],
[
-0.012453372307367015,
-1.569356039711697,
0.014684016971568736
]
],
[
[
-0.1902113018965156,
-1.4770383291533933,
0.0
],
[
-0.1795084010526373,
-1.4440981857259958,
-0.009818182912633588
]
],
[
[
0.03286109793607036,
-1.5464036408430006,
0.09489136715446089
],
[
0.04851505910451089,
-1.5788192221284427,
0.09532355190543257
]
],
[
[
0.9998168229856579,
0.8158647917702276,
0.012943429947100182
],
[
1.03202708649954,
0.831157555885331,
0.017902342898845514
]
],
[
[
0.953870227067056,
0.9638223974432857,
0.05819879342985235
],
[
0.9647572354406402,
0.9706798879762407,
0.024576691896989078
]
]
],
"half_couplers": [
{
"pose": [
[
-0.09177807214959,
0.314465745448528,
0.944821718850708,
0.11968030554529008
],
[
0.9453709925353067,
0.325577063753243,
-0.016530639147531556,
0.008315088616581097
],
[
-0.3128106007559748,
0.8916898959264472,
-0.32716762914042685,
1.5166038701976965
],
[
0.0,
0.0,
0.0,
1.0
]
],
"at_element": 2,
"to_element": 3
},
{
"pose": [
[
0.8969610855778232,
-0.3144657454485277,
0.3107605282183612,
0.10835953730115194
],
[
-0.4094227240460381,
-0.32557706375324313,
0.8522749606743935,
-0.003405687136276675
],
[
-0.16683478052784684,
-0.8916898959264475,
-0.42077937866405346,
1.4845030299518858
],
[
0.0,
0.0,
0.0,
1.0
]
],
"at_element": 3,
"to_element": 2
},
{
"pose": [
[
-0.21133375928084508,
0.25029974385967635,
0.944821718850708,
-0.05211502608970127
],
[
0.732344144981193,
0.6807340091997309,
-0.0165306391475315,
0.01132082671280428
],
[
-0.6473098913966873,
0.68844117173702,
-0.32716762914042663,
1.576092205644497
],
[
0.0,
0.0,
0.0,
1.0
]
],
"at_element": 2,
"to_element": 4
},
{
"pose": [
[
0.7060279558022329,
-0.2502997438596752,
-0.6624760854925265,
-0.061125813420415474
],
[
0.3582199034990036,
-0.6807340091997323,
0.6389676904633153,
-0.013185588240309201
],
[
-0.6109034509338482,
-0.6884411717370189,
-0.39095489086910695,
1.5513083329462183
],
[
0.0,
0.0,
0.0,
1.0
]
],
"at_element": 4,
"to_element": 2
},
{
"pose": [
[
-0.7799673301298355,
-0.5432116144115311,
0.31076052821836064,
0.08627388451943867
],
[
-0.02434641793960307,
0.5225271699547982,
0.8522749606743939,
-0.06397659993501109
],
[
-0.6253464766540598,
0.6571807199145815,
-0.42077937866405235,
1.514407687754338
],
[
0.0,
0.0,
0.0,
1.0
]
],
"at_element": 3,
"to_element": 5
},
{
"pose": [
[
-0.07073525940603309,
0.5432116144115319,
-0.8366108205403384,
0.10582896988821192
],
[
0.7514695953273128,
-0.5225271699547975,
-0.40281360944937666,
-0.08278706558943
],
[
-0.6559649155064362,
-0.6571807199145814,
-0.37124591714547717,
1.4907498263616588
],
[
0.0,
0.0,
0.0,
1.0
]
],
"at_element": 5,
"to_element": 3
},
{
"pose": [
[
0.11206945173783633,
0.7406523301372094,
-0.6624760854925277,
-0.10952060428105448
],
[
0.6005800474762049,
0.4806494534663055,
0.6389676904633139,
0.03349188197159694
],
[
0.7916716772505256,
-0.46947867762536766,
-0.3909548908691076,
1.5227485394776163
],
[
0.0,
0.0,
0.0,
1.0
]
],
"at_element": 4,
"to_element": 6
},
{
"pose": [
[
0.5990183200888178,
-0.740652330137209,
0.30432084723247865,
-0.13618423601019494
],
[
-0.15589176217674222,
-0.4806494534663077,
-0.8629448773635371,
0.016188405702692133
],
[
0.7854137830999662,
0.4694786776253667,
-0.4033794250723959,
1.5396498655864097
],
[
0.0,
0.0,
0.0,
1.0
]
],
"at_element": 6,
"to_element": 4
},
{
"pose": [
[
-0.5230639941824844,
0.16274640685645958,
-0.8366108205403382,
-0.06117038302676256
],
[
0.7887521148477098,
0.464339635790044,
-0.40281360944937616,
-0.1631943594849885
],
[
0.32291509613694336,
-0.8705758494753235,
-0.3712459171454787,
1.4166438903476126
],
[
0.0,
0.0,
0.0,
1.0
]
],
"at_element": 5,
"to_element": 6
},
{
"pose": [
[
0.9385640249844533,
-0.162746406856461,
0.30432084723247876,
-0.0670292111263642
],
[
0.19928582806210746,
-0.4643396357900449,
-0.8629448773635364,
-0.17991046497987007
],
[
0.2817494094733519,
0.8705758494753228,
-0.4033794250723972,
1.447984393331738
],
[
0.0,
0.0,
0.0,
1.0
]
],
"at_element": 6,
"to_element": 5
},
{
"pose": [
[
0.16094903738068844,
-0.2853196925454394,
0.9448217188507078,
0.8081471914706366
],
[
-0.8464444961579605,
-0.532220304848726,
-0.01653063914753289,
-0.0037303559675048404
],
[
0.5075698201135745,
-0.7970785533136024,
-0.32716762914042774,
1.2782053720303617
],
[
0.0,
0.0,
0.0,
1.0
]
],
"at_element": 2,
"to_element": 33
},
{
"pose": [
[
-0.950613513498713,
0.28531969254544,
0.12217455135750532,
0.8184191952423201
],
[
0.26315925722498057,
0.5322203048487254,
0.8046668580496691,
0.015430498055573047
],
[
0.16456352357198906,
0.7970785533136026,
-0.5810203323095209,
1.3069015823512156
],
[
0.0,
0.0,
0.0,
1.0
]
],
"at_element": 33,
"to_element": 2
},
{
"pose": [
[
0.15249694835594751,
0.2899251633268785,
0.944821718850708,
0.7639289984696188
],
[
0.9061053359794218,
-0.42272905989415177,
-0.016530639147532555,
-0.0029567126677457105
],
[
0.3946109487225902,
0.8586288730242475,
-0.32716762914042663,
1.2935170028707432
],
[
0.0,
0.0,
0.0,
1.0
]
],
"at_element": 2,
"to_element": 36
},
{
"pose": [
[
-0.9519123480295009,
-0.28992516332687807,
0.09902666983618705,
0.7534916891643154
],
[
-0.22020283907923396,
0.42272905989415077,
-0.8790966110630005,
0.01226153848308962
],
[
0.21301077749824562,
-0.8586288730242482,
-0.4662433560692336,
1.262606353296963
],
[
0.0,
0.0,
0.0,
1.0
]
],
"at_element": 36,
"to_element": 2
},
{
"pose": [
[
0.2501411172789946,
0.754857571252376,
-0.6063163106575482,
0.828703546170422
],
[
-0.9523357231126952,
0.30475398278327714,
-0.013478889462783528,
-0.08484314567218706
],
[
0.17460266873629454,
0.5807883066149785,
0.7951093327143566,
1.4081357839093018
],
[
0.0,
0.0,
0.0,
1.0
]
],
"at_element": 7,
"to_element": 33
},
{
"pose": [
[
0.6444093622252509,
-0.7548575712523773,
0.12217455135750505,
0.8015286220004738
],
[
-0.5095451476897839,
-0.30475398278327726,
0.8046668580496693,
-0.09581430988649736
],
[
-0.5701756890136949,
-0.5807883066149769,
-0.5810203323095209,
1.3872273651663205
],
[
0.0,
0.0,
0.0,
1.0
]
],
"at_element": 33,
"to_element": 7
},
{
"pose": [
[
0.826041832992305,
-0.07528710840393141,
-0.5585577333229641,
0.7026115190959388
],
[
0.5611784881342242,
0.017932493901977153,
0.8275005317930869,
0.09326740667333194
],
[
-0.05228378909470083,
-0.9970006404063289,
0.057062495803028246,
1.219625349074355
],
[
0.0,
0.0,
0.0,
1.0
]
],
"at_element": 34,
"to_element": 35
},
{
"pose": [
[
0.8769027393743253,
0.07528710840393138,
-0.47473512297488474,
0.7053218559472483
],
[
-0.47481867068457195,
-0.01793249390197671,
-0.8799009351238306,
0.09262183666687553
],
[
-0.0747583817851897,
0.9970006404063291,
0.02002267170558325,
1.2555173846931826
],
[
0.0,
0.0,
0.0,
1.0
]
],
"at_element": 35,
"to_element": 34
},
{
"pose": [
[
0.6011472969759573,
0.571520066037591,
-0.5585577333229645,
0.7795385376931261
],
[
0.35644955513579685,
0.43380477697421815,
0.8275005317930866,
-0.020699592619151243
],
[
0.7152381715079199,
-0.696547363494211,
0.05706249580302869,
1.211766452108187
],
[
0.0,
0.0,
0.0,
1.0
]
],
"at_element": 34,
"to_element": 36
},
{
"pose": [
[
0.8145910217879537,
-0.571520066037591,
0.09902666983618699,
0.7589638155455356
],
[
-0.19749066786026834,
-0.4338047769742188,
-0.8790966110630011,
-0.0363165644158247
],
[
0.5453795956309355,
0.6965473634942104,
-0.46624335606923273,
1.2368421569139523
],
[
0.0,
0.0,
0.0,
1.0
]
],
"at_element": 36,
"to_element": 34
},
{
"pose": [
[
0.8463314655015515,
-0.4326094596786382,
0.31076052821835826,
0.3154071177257812
],
[
-0.4496063524539272,
-0.26736027984825905,
0.8522749606743915,
0.5644317711014557
],
[
-0.285617188444728,
-0.8610270240567467,
-0.4207793786640588,
1.2041541943244927
],
[
0.0,
0.0,
0.0,
1.0
]
],
"at_element": 3,
"to_element": 37
},
{
"pose": [
[
0.2510732530352451,
0.4326094596786344,
-0.8659164376583111,
0.33098103845962984
],
[
-0.9529656582964562,
0.26736027984826305,
-0.14274079608528273,
0.5740567289302317
],
[
0.16976064242898475,
0.8610270240567472,
0.4793889737218411,
1.23515112775337
],
[
0.0,
0.0,
0.0,
1.0
]
],
"at_element": 37,
"to_element": 3
},
{
"pose": [
[
-0.9814856201779656,
-0.043370653594476734,
-0.18656088494285747,
0.19839195853196534
],
[
0.15448049425809085,
-0.7550775634137941,
-0.6371763100766251,
0.7355830558452876
],
[
-0.11323318540803382,
-0.6541994035734636,
0.7477976906132262,
1.2166802282313083
],
[
0.0,
0.0,
0.0,
1.0
]
],
"at_element": 13,
"to_element": 41
},
{
"pose": [
[
-0.8395157277466709,
0.04337065359447548,
-0.5416016333734287,
0.19995332770839305
],
[
-0.32743874706026854,
0.7550775634137956,
0.5680156161169224,
0.7627662946396548
],
[
0.4335864501914,
0.6541994035734621,
-0.6196982576823558,
1.240231793617611
],
[
0.0,
0.0,
0.0,
1.0
]
],
"at_element": 41,
"to_element": 13
},
{
"pose": [
[
0.9486602349912747,
-0.25541886139366726,
-0.18656088494285716,
0.19389445471381833
],
[
0.08105338825599158,
0.766444191138115,
-0.6371763100766255,
0.7202223713787651
],
[
0.30573535418482906,
0.5893424362075101,
0.747797690613226,
1.234707710089387
],
[
0.0,
0.0,
0.0,
1.0
]
],
"at_element": 13,
"to_element": 42
},
{
"pose": [
[
-0.01712597667732907,
0.2554188613936666,
-0.9666788019643393,
0.20308953965730875
],
[
0.6058790010982602,
-0.7664441911381132,
-0.21324619081900956,
0.6926303626934798
],
[
-0.7953724517174465,
-0.5893424362075125,
-0.14162681926094378,
1.2134913686956343
],
[
0.0,
0.0,
0.0,
1.0
]
],
"at_element": 42,
"to_element": 13
},
{
"pose": [
[
-0.7029925667927657,
0.4402439205477239,
-0.5585577333229645,
0.369760235526428
],
[
-0.5087828937295605,
0.23745070421107028,
0.8275005317930868,
0.5863849444490061
],
[
0.4969320054919921,
0.865911342742683,
0.05706249580302769,
1.25362957789189
],
[
0.0,
0.0,
0.0,
1.0
]
],
"at_element": 34,
"to_element": 37
},
{
"pose": [
[
-0.23743212380364387,
-0.4402439205477234,
-0.8659164376583119,
0.3539113008383348
],
[
0.9608549464943212,
-0.23745070421107162,
-0.1427407960852869,
0.5778366362792967
],
[
-0.1427717002192188,
-0.865911342742683,
0.4793889737218383,
1.2224564675403975
],
[
0.0,
0.0,
0.0,
1.0
]
],
"at_element": 37,
"to_element": 34
},
{
"pose": [
[
0.19215942528432783,
0.8069002502289297,
-0.5585577333229639,
0.2568835994085295
],
[
0.06216981211044853,
0.5580123514263008,
0.8275005317930871,
0.7536111250962405
],
[
0.9793925003473063,
-0.19373745594536185,
0.05706249580302791,
1.2651611030870002
],
[
0.0,
0.0,
0.0,
1.0
]
],
"at_element": 34,
"to_element": 41
},
{
"pose": [
[
0.2357533815403834,
-0.8069002502289296,
-0.5416016333734284,
0.2278363105386185
],
[
-0.6049632017759478,
-0.5580123514263007,
0.5680156161169206,
0.7335234550772272
],
[
-0.7605523437537147,
0.19373745594536382,
-0.619698257682358,
1.2721353825548403
],
[
0.0,
0.0,
0.0,
1.0
]
],
"at_element": 41,
"to_element": 34
},
{
"pose": [
[
-0.8218197117324653,
-0.11236378399235436,
-0.5585577333229639,
0.2882525176609001
],
[
-0.5427786661111976,
-0.14364605632145566,
0.8275005317930872,
0.7071382271539226
],
[
-0.17321570662765184,
0.9832294699357891,
0.05706249580302725,
1.2619564410452226
],
[
0.0,
0.0,
0.0,
1.0
]
],
"at_element": 34,
"to_element": 42
},
{
"pose": [
[
-0.23001407322098566,
0.11236378399235353,
-0.9666788019643395,
0.2922975077476772
],
[
0.9663808113805226,
0.14364605632145322,
-0.21324619081900814,
0.712309349495837
],
[
0.11489844870934535,
-0.9832294699357895,
-0.1416268192609451,
1.2265611088696171
],
[
0.0,
0.0,
0.0,
1.0
]
],
"at_element": 42,
"to_element": 34
},
{
"pose": [
[
-0.5134513733050479,
-0.5454293019279935,
-0.662476085492527,
-0.5731966026323385
],
[
-0.7673554073882639,
-0.05372121830309573,
0.6389676904633148,
0.4807140357637941
],
[
-0.3841007237732724,
0.8364334446340442,
-0.3909548908691072,
1.2491139082753768
],
[
0.0,
0.0,
0.0,
1.0
]
],
"at_element": 4,
"to_element": 47
},
{
"pose": [
[
-0.8380269357861823,
0.5454293019279934,
-0.014755727537601848,
-0.5535604420870559
],
[
0.05252235754451434,
0.053721218303097396,
-0.9971737224084866,
0.48264806912716307
],
[
-0.5430950716539309,
-0.8364334446340443,
-0.07366706077236218,
1.2190012220918132
],
[
0.0,
0.0,
0.0,
1.0
]
],
"at_element": 47,
"to_element": 4
},
{
"pose": [
[
0.7156826946817112,
-0.255158582889945,
0.650147966320529,
-0.6002522271322193
],
[
0.5654910064213678,
0.7580214843862096,
-0.3249974628600599,
0.5447320284866113
],
[
-0.4099002344347624,
0.6002478877818085,
0.6867927424076381,
1.118750433716006
],
[
0.0,
0.0,
0.0,
1.0
]
],
"at_element": 18,
"to_element": 42
},
{
"pose": [
[
-0.020644403851549864,
0.2551585828899432,
-0.9666788019643393,
-0.5910661645370204
],
[
0.6163842075443782,
-0.758021484386209,
-0.21324619081901033,
0.5174422045457069
],
[
-0.7871748962457474,
-0.6002478877818104,
-0.14162681926094445,
1.0971406779031754
],
[
0.0,
0.0,
0.0,
1.0
]
],
"at_element": 42,
"to_element": 18
},
{
"pose": [
[
-0.6030664947596398,
0.46218873286526735,
0.6501479663205291,
-0.6279335277533216
],
[
-0.7705660788712367,
-0.5482741715852852,
-0.32499746286006026,
0.5585694207981479
],
[
0.20624917209852797,
-0.6969770498265118,
0.6867927424076379,
1.0895089112444825
],
[
0.0,
0.0,
0.0,
1.0
]
],
"at_element": 18,
"to_element": 43
},
{
"pose": [
[
0.8565764159153425,
-0.46218873286526685,
-0.22947422275720894,
-0.6445719131394864
],
[
0.07264089361731094,
0.5482741715852848,
-0.8331378837545128,
0.5783068058000784
],
[
0.5108817321769341,
0.6969770498265123,
0.5032125274106622,
1.1145994682739335
],
[
0.0,
0.0,
0.0,
1.0
]
],
"at_element": 43,
"to_element": 18
},
{
"pose": [
[
-0.19317174461760134,
0.7348416829295079,
0.6501479663205298,
-0.5267519896332669
],
[
-0.9449042691077192,
0.0391480696399209,
-0.32499746286005804,
0.507990560475936
],
[
-0.26427372041767433,
-0.6771079158249418,
0.6867927424076381,
1.1963934200737167
],
[
0.0,
0.0,
0.0,
1.0
]
],
"at_element": 18,
"to_element": 47
},
{
"pose": [
[
0.6780781441206947,
-0.7348416829295072,
-0.014755727537601127,
-0.5532062899541164
],
[
-0.06412484683390057,
-0.03914806963991935,
-0.997173722408486,
0.5065812299829959
],
[
0.7321871580985037,
0.6771079158249422,
-0.0736670607723644,
1.2207693047995916
],
[
0.0,
0.0,
0.0,
1.0
]
],
"at_element": 47,
"to_element": 18
