{"line_pt_pairs": [[[-0.05298008668177404, 0.08482768839115597, 1.6478456063309768], [0.8674597069665263, -0.11926196239211748, 1.3144719410365564]], [[-0.21403307734770335, -0.2247923608636539, 1.7255371053815112], [0.5048877954001503, 0.9955296760815658, 1.2316070446711564]], [[0.13521016618538853, -0.2803517559964997, 1.7316212031209086], [-0.7979712472496739, 0.7730109043780707, 1.2123914318751279]], [[0.30465346632478263, 0.046594439559102405, 1.7358616506027427], [-0.9850399747092412, -0.5153209130730936, 1.2153407916258394]], [[0.03595501707821491, 0.3009756026375729, 1.7395857761262308], [0.17337096754188397, -1.0923831646033262, 1.2013774500004737]], [[1.6656558883772232, -0.0693270390961781, 0.49813176320403535], [0.624854443525454, 0.23789496800766213, 1.533673645865262]], [[1.468615883161901, -0.06240503704483216, 0.7789885067406666], [1.109998428675459, 0.8678726449142289, 0.7016777326755933]], [[1.6298552903058192, 0.2211998746828185, 0.5534563998696631], [0.8551164126898676, -0.9949329148394446, 0.966736824955553]], [[1.4915744906972506, 0.10758154100973398, 0.7272676767077064], [1.34532208153764, -0.4063859250834176, -0.11798239079468353]], [[1.4956940581024956, -0.07716663855241482, 1.0345955321378797], [1.3178264275960103, 0.6063133330770445, -0.2887404926114665]], [[0.2657356480776143, 1.5981588655482024, 0.5602021179781715], [1.226033528677771, 0.5385530404579905, 1.013041466919646]], [[0.5101494495785387, 1.395028671801559, 0.6684305063225413], [0.10504844407665057, 0.8081307285485674, 1.3694611615343997]], [[0.5144664570801798, 1.359775042460494, 0.7738993975324608], [-0.480925146693872, 1.3040583148336842, 0.6958532483726133]], [[0.1755228210543453, 1.4969904365090327, 0.881153617863603], [1.1238371668574556, 1.083552304135186, -0.20501801325334212]], [[0.5351364849369942, 1.3817553948340489, 1.0373011680922313], [-0.2221138397497527, 1.4109102603117285, -0.25719562200838353]], [[-1.4400489685539657, 0.7318678255508572, 0.5855606120725126], [-0.13697292777942607, 1.3200180955531957, 1.039512252509605]], [[-1.1618625307788604, 0.9309733283338798, 0.681225760343753], [-0.7199400746166145, 0.3566895974241683, 1.3703576339005856]], [[-1.1331214314029987, 0.9089579873453593, 0.7796099949203121], [-1.395285890469537, -0.05312796737981473, 0.7043742844970053]], [[-1.2582877871638873, 0.7583021198314681, 0.741881660699848], [-0.8086587886415422, 1.1181356675251475, -0.07564728780410179]], [[-1.1507848403130967, 0.9280768113775638, 1.043176541440058], [-1.4154977468726506, 0.20293480595590496, -0.24294015197226515]], [[-1.1517388840657237, -0.9090403414128564, 0.6200602371846721], [-1.2861914748517238, 0.031321306260721715, 0.9325381922720123]], [[-1.2152767449796094, -0.8213112330634736, 0.6537679154022875], [-0.5552511172289093, -0.5903324506355411, 1.368621028132731]], [[-1.1885663002797353, -0.7807614041837274, 0.7771913349537608], [-0.36503534549449007, -1.344128332255217, 0.7107498504294395]], [[-1.081931007576557, -0.9521114020346635, 0.7278791788651993], [-1.369113802914952, -0.3807271589587631, -0.04091604017964234]], [[-1.2067580980865114, -0.796901149120588, 1.0492097696343023], [-0.6456531054960782, -1.2503036146071111, -0.26592801462285776]], [[0.4983944808757284, -1.4160332964302265, 0.6179273817357878], [-0.43419638437283226, -1.212938641912665, 0.9163010390202972]], [[0.3978002640249366, -1.4396011992065993, 0.6568581590279721], [0.3763339275667703, -0.7106636548927454, 1.3411017215762455]], [[0.38020932104926614, -1.3995959695028233, 0.7663932815580143], [1.145071558692837, -0.7605956487017949, 0.6847578269867787]], [[0.4806845591478561, -1.352207303583646, 0.8136251872467186], [0.8428880931518703, -1.2197257243696287, -0.10901083585446247]], [[0.70860157550307, -1.356695643649382, 0.9197068100877306], [-0.21096366517304152, -1.4294309051148022, -0.2631327182845008]], [[0.6653360914579203, -0.12684491653714242, 1.5382881938960367], [1.2590558353696204, 0.8940169814310771, 0.6134434226148507]], [[0.8793509141370838, -0.2734156041392354, 1.3992794009215446], [0.23336739155407069, 1.0720234908402968, 1.24928296679093]], [[1.0722147084825115, 0.13134345197764857, 1.2634791575779858], [-0.01564682273282506, -0.8930536853720812, 1.3945050858956414]], [[0.8466768208717967, 0.27545754710209874, 1.4048494247239263], [0.9852434205333201, -1.0611540168052167, 0.7383144858891462]], [[1.3284366370881686, 0.6708754347408645, 0.7427531973194991], [0.0008938899097454504, 0.9393327068090744, 1.3873933663189653]], [[0.9703600989075694, 0.9437800584942484, 1.0205796367109925], [1.4754783073899103, 0.3956216723628692, -0.28110311233864915]], [[1.0442324006063202, 0.7475652728292437, 1.1056699558423442], [0.8933383108150964, 1.235343623525764, -0.3047566655236381]], [[0.33431716576509446, 0.6017559986562019, 1.5383073882031488], [-0.4539150393069984, 1.4621705265881624, 0.5957699454398344]], [[0.5302472852292589, 0.7595455785913798, 1.399442830602104], [-0.9447561346562163, 0.5480006144593571, 1.2273566909030151]], [[-0.3013376775274878, 1.479947592975495, 0.6839590689901743], [-0.9675782578491277, 0.3083095613266815, 1.3422810357562684]], [[-0.4907826999835641, 1.2453598796999137, 0.788069918666854], [0.05372156754360582, 1.470376794588748, -0.019941523491368796]], [[-0.2549740323598945, 1.305328710692363, 1.044935677617782], [-0.9248308329743005, 1.0233067162690914, -0.2672211199228752]], [[-0.45825469229069654, 0.4983559512010339, 1.529554933511997], [-1.5398816213069528, 0.021840846853638574, 0.6059659871967794]], [[-0.5401167550896153, 0.7359782028408173, 1.3991810219951248], [-0.8021882431017084, -0.732204532075484, 1.238688056215262]], [[-1.4821735541338565, 0.21006997549304363, 0.7181789406081618], [-0.5630135928229199, -0.7868464591070222, 1.3595077080489886]], [[-1.3336148008121367, -0.2133259910088055, 1.0068160454094532], [-1.4137824549991782, 0.5523390771771519, -0.28055730781094823]], [[-1.3154216448663016, 0.04897806814733377, 1.0998091594743922], [-1.292532490413897, -0.5913429478483966, -0.2564596498265703]], [[-0.6163407011149127, -0.2853035492419139, 1.53359792571642], [-0.4929201694838767, -1.4552138745512868, 0.6029652360335196]], [[-0.8753659636085414, -0.3011614232677028, 1.3932390681388123], [0.44228648041780033, -0.996983354014685, 1.2211231843774595]], [[-0.6649901288746661, -1.334658627206322, 0.7233441282121835], [0.5678133377692676, -0.7615821771622403, 1.357204519020422]], [[-0.19663778167789103, -1.3453321818131136, 0.9968186713049231], [-0.9578632510862217, -1.1374433546390965, -0.2788450854351825]], [[-0.4758288904436943, -1.238719936928538, 1.0975878985255911], [0.2663506228510031, -1.4118324404402165, -0.1943879647062131]], [[0.07420650615687255, -0.6600464285360578, 1.5215813321690628], [1.2227362547833098, -0.9008428603297793, 0.5872920327786094]], [[1.19500692940496, -0.5583588417879117, 0.9685406464183394], [0.7821398612094117, -1.3758404963893378, -0.21942590546337404]], [[0.9461012607657774, -0.9176780229768909, 1.026497682067784], [1.4090937761880704, -0.2035446035766605, -0.20867493338265242]], [[0.7720617617658896, -1.4988351264765576, -0.055179320636292384], [1.3879430293002568, -0.1315253532314642, -0.0891535504099501]], [[1.1532961884393924, -1.0988234183036978, 0.03760603766609116], [-0.27209328503894353, -1.4963866494423153, -0.2077678120892842]], [[1.4079643290832704, -0.4559010957668898, -0.023009955433818452], [1.3043646840449852, 0.535694772147289, -0.10050026633439424]], [[0.8481873491380304, 1.1806532716782046, -0.06083095647923675], [1.4917478045513841, 0.42923981716208714, -0.20645980183726131]], [[1.1770758241633206, 1.1648780749362404, 0.040768836600959424], [-0.2923403445602775, 1.393666640907779, -0.1553737522836306]], [[0.05112221607664701, 1.5155333644498155, 0.033838906576708294], [-0.8181395464775945, 1.0234199510454147, -0.01315446006756249]], [[-0.8880620390655727, 1.1176404065683432, 0.04966838970598819], [-1.3659119570689204, 0.24936478014102126, -0.08358660050614442]], [[-1.4406444834469192, 0.43486553145753676, -0.028430486405598088], [-1.254354306485739, -0.5439229460778638, -0.11368942266277082]], [[-1.5949443265442746, -0.21794002898623385, 0.06090419429137606], [-0.5689019664011112, -1.2944538723004086, -0.1349401835824653]], [[-1.1770379748177897, -1.158360335744408, -0.05293116198119663], [0.30695117659913845, -1.3755631088048357, -0.07740878138599228]]], "half_couplers": [{"pose": [[0.3666662106597876, 0.1552705806422209, 0.9173041680639089, 0.0], [-0.13544916474111424, -0.9665601177527393, 0.21775000009355977, 0.0], [0.9204397936483001, -0.2040896507832734, -0.3333736652944203, 0.0], [-0.025366892872325023, 0.07870499886765776, 1.6378443963721443, 1.0]], "at_element": 0, "to_element": 1}, {"pose": [[-0.3666662106597876, -0.1552705806422209, -0.9173041680639089, 0.0], [-0.7973995321288223, 0.5603843845142491, 0.22388239714931032, 0.0], [0.47928058183190236, 0.8135480246301463, -0.32928670714023645, 0.0], [-0.03851585071942935, 0.0731368656162022, 1.6049490995376159, 1.0]], "at_element": 1, "to_element": 0}, {"pose": [[-0.25719563598516815, 0.32602293655988607, -0.9097029458383948, 0.0], [0.2943484178636926, 0.9230690436148479, 0.2475935169205995, 0.0], [0.9204397936483001, -0.2040896507832734, -0.3333736652944203, 0.0], [0.051486178132898214, 0.061664322735100925, 1.6100090179509312, 1.0]], "at_element": 0, "to_element": 4}, {"pose": [[0.25719563598516815, -0.32602293655988607, 0.9097029458383948, 0.0], [-0.9620072227555335, -0.1756216851149397, 0.20904336173046642, 0.0], [0.09161063364244602, -0.9289058448272659, -0.3588055507505047, 0.0], [0.06070943111199728, 0.04997286456022738, 1.6426317347912085, 1.0]], "at_element": 4, "to_element": 0}, {"pose": [[-0.054633150908207716, 0.40211382955406133, 0.9139582522758949, 0.0], [0.8759596695628823, -0.4200524725576002, 0.23717204219201798, 0.0], [0.47928058183190236, 0.8135480246301463, -0.32928670714023645, 0.0], [-0.08988491139255408, -0.014058817709821148, 1.6402418893545692, 1.0]], "at_element": 1, "to_element": 2}, {"pose": [[0.054633150908207716, -0.40211382955406133, -0.9139582522758949, 0.0], [-0.7810126452151666, -0.5875040080853093, 0.21179775375981977, 0.0], [-0.6221209422900417, 0.7022417735830471, -0.34615318083052055, 0.0], [-0.08792572023734807, -0.028478960885747306, 1.607466570810431, 1.0]], "at_element": 2, "to_element": 1}, {"pose": [[-0.40583221145385945, 0.08884518049910814, 0.909619013680206, 0.0], [0.6695265112828779, 0.7063731487939059, 0.22971988453845446, 0.0], [-0.6221209422900417, 0.7022417735830471, -0.34615318083052055, 0.0], [-0.032670957778175226, -0.09084979547846765, 1.6382107725903485, 1.0]], "at_element": 2, "to_element": 3}, {"pose": [[0.40583221145385945, -0.08884518049910814, -0.909619013680206, 0.0], [0.309922079442473, -0.9229158713931059, 0.2284175978438554, 0.0], [-0.8597956273560159, -0.3746102350881307, -0.34701390598460224, 0.0], [-0.018117504701613673, -0.09403585151093569, 1.6055911399946048, 1.0]], "at_element": 3, "to_element": 2}, {"pose": [[-0.2044440236121881, -0.3701899709440142, 0.9061799085290564, 0.0], [-0.46792533633981936, 0.8500744421400308, 0.2417008945609888, 0.0], [-0.8597956273560159, -0.3746102350881307, -0.34701390598460224, 0.0], [0.06279436876226127, -0.058782804187431884, 1.6382472088996924, 1.0]], "at_element": 3, "to_element": 4}, {"pose": [[0.2044440236121881, 0.3701899709440142, -0.9061799085290564, 0.0], [0.974582029904558, 0.009660065124580286, 0.22382258627962492, 0.0], [0.09161063364244602, -0.9289058448272659, -0.3588055507505047, 0.0], [0.07012590227018972, -0.045507482520786215, 1.6057508402301206, 1.0]], "at_element": 4, "to_element": 3}, {"pose": [[-0.3813149336649279, -0.28125629435386645, -0.88062126833869, 0.0], [0.0859622453916917, 0.937679215579344, -0.3367019171874806, 0.0], [0.9204397936483001, -0.2040896507832734, -0.3333736652944203, 0.0], [0.7772128666513587, -0.0992514780005071, 1.347158402600607, 1.0]], "at_element": 0, "to_element": 31}, {"pose": [[0.3813149336649279, 0.28125629435386645, 0.88062126833869, 0.0], [0.8180064823488035, 0.3411139657683045, -0.4631486340184509, 0.0], [-0.4306556817220087, 0.8969593966530214, -0.09999762275374306, 0.0], [0.7908871502856873, -0.08916538379493746, 1.3787382436573095, 1.0]], "at_element": 31, "to_element": 0}, {"pose": [[0.29566637800148093, -0.19435231317895998, 0.9353120181423271, 0.0], [-0.2556794461589852, -0.959465785114378, -0.11854715520283418, 0.0], [0.9204397936483001, -0.2040896507832734, -0.3333736652944203, 0.0], [0.8323540215537552, -0.11147795834770136, 1.327186853081309, 1.0]], "at_element": 0, "to_element": 32}, {"pose": [[-0.29566637800148093, 0.19435231317895998, -0.9353120181423271, 0.0], [0.6217771744392275, -0.7041532839135874, -0.3428721308302574, 0.0], [-0.7252410208102241, -0.6829314248998197, 0.08735061887843702, 0.0], [0.8217512077732375, -0.10450834144916095, 1.2936458761799936, 1.0]], "at_element": 32, "to_element": 0}, {"pose": [[0.7200581494601508, 0.18669215358109398, 0.6683279892292978, 0.0], [0.007998348038169123, 0.9608314056948362, -0.277018115398877, 0.0], [-0.6938676299011796, 0.20481467140256016, 0.6903612551074844, 0.0], [0.8591673053958563, 0.16873089442749709, 1.3005448552460548, 1.0]], "at_element": 5, "to_element": 30}, {"pose": [[-0.7200581494601508, -0.18669215358109398, -0.6683279892292978, 0.0], [-0.5699545610857358, 0.7084943581072449, 0.4161580743272551, 0.0], [0.39581316260780014, 0.6805745986454799, -0.616563180854124, 0.0], [0.8333453703479257, 0.16203594532186782, 1.2765780104272975, 1.0]], "at_element": 30, "to_element": 5}, {"pose": [[-0.6292831486458912, 0.29360086160631016, -0.7195840832691797, 0.0], [-0.3500720368804606, -0.9337288066897658, -0.07483371267063804, 0.0], [-0.6938676299011796, 0.20481467140256016, 0.6903612551074844, 0.0], [0.8355431618339298, 0.1757042290986821, 1.3240496171018195, 1.0]], "at_element": 5, "to_element": 33}, {"pose": [[0.6292831486458912, -0.29360086160631016, 0.7195840832691797, 0.0], [-0.771666426155887, -0.3460996830544077, 0.5336159069344162, 0.0], [0.09237773310768226, -0.8910743759382102, -0.4443566258898533, 0.0], [0.8581097711774022, 0.16517546162567162, 1.3498544919532418, 1.0]], "at_element": 33, "to_element": 5}, {"pose": [[0.5606179687232664, 0.3526942708432461, 0.7492090792688979, 0.0], [0.7273509699251175, -0.6422032131598954, -0.24194131428116397, 0.0], [0.39581316260780014, 0.6805745986454799, -0.616563180854124, 0.0], [0.7583595285413012, 0.03310274144505676, 1.393384406755072, 1.0]], "at_element": 30, "to_element": 31}, {"pose": [[-0.5606179687232664, -0.3526942708432461, -0.7492090792688979, 0.0], [-0.7072787123511857, -0.26659068263950675, 0.6547413466283084, 0.0], [-0.4306556817220087, 0.8969593966530214, -0.09999762275374306, 0.0], [0.7382553553334688, 0.02045486516204937, 1.3665172174410998, 1.0]], "at_element": 31, "to_element": 30}, {"pose": [[0.4410947090772996, -0.36346710163586976, 0.8205651245650357, 0.0], [-0.5286406334724529, 0.6336373844027214, 0.5648386900072633, 0.0], [-0.7252410208102241, -0.6829314248998197, 0.08735061887843702, 0.0], [0.8935276844415294, -0.03691920890036647, 1.2850008609671413, 1.0]], "at_element": 32, "to_element": 33}, {"pose": [[-0.4410947090772996, 0.36346710163586976, -0.8205651245650357, 0.0], [0.8926935711933284, 0.2718053026979962, -0.35947192571235986, 0.0], [0.09237773310768226, -0.8910743759382102, -0.4443566258898533, 0.0], [0.8777096794838349, -0.023884991310992733, 1.2555747469345508, 1.0]], "at_element": 33, "to_element": 32}, {"pose": [[0.2575195977578606, 0.2283171388951461, 0.9389115724376627, 0.0], [0.8390314539095076, -0.5347998650963934, -0.10007658888759645, 0.0], [0.47928058183190236, 0.8135480246301463, -0.32928670714023645, 0.0], [0.3827780831426908, 0.7882562772396868, 1.315501753915194, 1.0]], "at_element": 1, "to_element": 31}, {"pose": [[-0.2575195977578606, -0.2283171388951461, -0.9389115724376627, 0.0], [-0.8649967286476763, -0.3785962557165386, 0.32931069613092706, 0.0], [-0.4306556817220087, 0.8969593966530214, -0.09999762275374306, 0.0], [0.37354321188209944, 0.7800686309298872, 1.2818315883354308, 1.0]], "at_element": 31, "to_element": 1}, {"pose": [[0.1671296961662461, -0.45292140133604386, -0.8757453219236585, 0.0], [-0.8616018735693713, 0.3646941401122063, -0.3530444669295457, 0.0], [0.47928058183190236, 0.8135480246301463, -0.32928670714023645, 0.0], [0.3396881474867027, 0.7151138772276114, 1.3451064229982022, 1.0]], "at_element": 1, "to_element": 38}, {"pose": [[-0.1671296961662461, 0.45292140133604386, 0.8757453219236585, 0.0], [-0.07154534478140365, 0.8803253660189556, -0.4689440409939139, 0.0], [-0.9833356132569834, -0.14102997608801512, -0.11472409313272593, 0.0], [0.33369473745973494, 0.7313560157012884, 1.3765113792321104, 1.0]], "at_element": 38, "to_element": 1}, {"pose": [[-0.45394952092688323, -0.5364559046210805, -0.7114386093314247, 0.0], [0.7936138908761681, -0.6064370260815073, -0.04910321380324395, 0.0], [-0.4051010055018881, -0.5868979432529916, 0.7010306552118584, 0.0], [0.158113559953548, 0.8850098449754645, 1.2776315376953118, 1.0]], "at_element": 11, "to_element": 34}, {"pose": [[0.45394952092688323, 0.5364559046210805, 0.7114386093314247, 0.0], [-0.10322010447371982, 0.8247328411787795, -0.5560227969369714, 0.0], [-0.8850284981189488, 0.17897151471213993, 0.4297601126663108, 0.0], [0.1743925660089711, 0.9042475983317472, 1.3031443158687983, 1.0]], "at_element": 34, "to_element": 11}, {"pose": [[0.040378217434334354, 0.7545309167822735, 0.6550211410149503, 0.0], [-0.9133798634183835, 0.2936560910744287, -0.2819633403063275, 0.0], [-0.4051010055018881, -0.5868979432529916, 0.7010306552118584, 0.0], [0.13359888191544397, 0.849493729427325, 1.3200543916846974, 1.0]], "at_element": 11, "to_element": 37}, {"pose": [[-0.040378217434334354, -0.7545309167822735, -0.6550211410149503, 0.0], [-0.8498422310811038, -0.31883385103143597, 0.41965838214857065, 0.0], [-0.5254881367147285, 0.5736096852879736, -0.6283582951755429, 0.0], [0.13215088658213586, 0.8224356442576612, 1.2965648070602582, 1.0]], "at_element": 37, "to_element": 11}, {"pose": [[0.4653729649885448, 0.3156287132516305, 0.8269259451903119, 0.0], [0.7732811178726176, 0.3095841664668348, -0.5533479525711742, 0.0], [-0.4306556817220087, 0.8969593966530214, -0.09999762275374306, 0.0], [0.3211118836337799, 0.8892713526106535, 1.2696571101962162, 1.0]], "at_element": 31, "to_element": 34}, {"pose": [[-0.4653729649885448, -0.3156287132516305, -0.8269259451903119, 0.0], [-0.01235155759773468, -0.9318517651927061, 0.3626289105023864, 0.0], [-0.8850284981189488, 0.17897151471213993, 0.4297601126663108, 0.0], [0.304423222153866, 0.8779526445096641, 1.2400028582166698, 1.0]], "at_element": 34, "to_element": 31}, {"pose": [[-0.179270663016538, 0.6473174933828436, 0.7408387760789544, 0.0], [0.831699613775126, 0.5019481962358108, -0.23732627486631633, 0.0], [-0.5254881367147285, 0.5736096852879736, -0.6283582951755429, 0.0], [0.2097622928978205, 0.7377169774770547, 1.3893695110134028, 1.0]], "at_element": 37, "to_element": 38}, {"pose": [[0.179270663016538, -0.6473174933828436, -0.7408387760789544, 0.0], [0.030217562478193294, -0.7490598164400265, 0.6618128816460968, 0.0], [-0.9833356132569834, -0.14102997608801512, -0.11472409313272593, 0.0], [0.21619108514941618, 0.7145036439859075, 1.3628024280161215, 1.0]], "at_element": 38, "to_element": 37}, {"pose": [[-0.1552161764574734, 0.32272713217704985, 0.933678283308924, 0.0], [0.7673809169702311, 0.6345893866050021, -0.09177602452827376, 0.0], [-0.6221209422900417, 0.7022417735830471, -0.34615318083052055, 0.0], [-0.6473771100717617, 0.6030222626298204, 1.2961832415619634, 1.0]], "at_element": 2, "to_element": 38}, {"pose": [[0.1552161764574734, -0.32272713217704985, -0.933678283308924, 0.0], [0.09465204840061917, -0.9359261423859211, 0.33923921608825747, 0.0], [-0.9833356132569834, -0.14102997608801512, -0.11472409313272593, 0.0], [-0.6418109339302032, 0.5914490097359787, 1.2627007920965925, 1.0]], "at_element": 38, "to_element": 2}, {"pose": [[0.49242743087897645, 0.007239965919276591, -0.8703233928899181, 0.0], [-0.608671305781769, -0.711901730808701, -0.35030724684124387, 0.0], [-0.6221209422900417, 0.7022417735830471, -0.34615318083052055, 0.0], [-0.5631981024164292, 0.5080021280933724, 1.343021129950336, 1.0]], "at_element": 2, "to_element": 43}, {"pose": [[-0.49242743087897645, -0.007239965919276591, 0.8703233928899181, 0.0], [-0.8526371618915232, 0.20474539029301322, -0.4807173757160547, 0.0], [-0.17471432534139547, -0.9787884899442011, -0.10699531051990858, 0.0], [-0.5808569638310878, 0.5077424968324024, 1.3742316580753537, 1.0]], "at_element": 43, "to_element": 2}, {"pose": [[0.3440177822877106, -0.6009840615762977, -0.7214360146271478, 0.0], [0.8284662384245803, 0.5558923943927275, -0.06802453709468853, 0.0], [0.4419224561622458, -0.5742837309097114, 0.6891318735568325, 0.0], [-0.8323842427766794, 0.5028121931636644, 1.1950127081242043, 1.0]], "at_element": 16, "to_element": 39}, {"pose": [[-0.3440177822877106, 0.6009840615762977, 0.7214360146271478, 0.0], [-0.8272685877002, 0.16945032400797755, -0.5356428581602748, 0.0], [-0.4441603868810932, -0.781092021099209, 0.4388813111773961, 0.0], [-0.8447210090607606, 0.524363985803046, 1.220884008852289, 1.0]], "at_element": 39, "to_element": 16}, {"pose": [[-0.6913479052341569, 0.27147982632261086, 0.6695795530242752, 0.0], [-0.571614045198222, -0.7723321178821124, -0.27705682272749715, 0.0], [0.4419224561622458, -0.5742837309097114, 0.6891318735568325, 0.0], [-0.7469721716270685, 0.39181814386711566, 1.3282039044414402, 1.0]], "at_element": 16, "to_element": 42}, {"pose": [[0.6913479052341569, -0.27147982632261086, -0.6695795530242752, 0.0], [0.04555266922607093, -0.9085043726681146, 0.4153850733587997, 0.0], [-0.7210846193441708, -0.3176767362315968, -0.6157259642101449, 0.0], [-0.7221798639551357, 0.38208265276349623, 1.3041922278836142, 1.0]], "at_element": 42, "to_element": 16}, {"pose": [[-0.1745456916287094, 0.555903281934946, 0.8127147978644238, 0.0], [-0.05084164861970299, 0.8191960003433666, -0.5712556693697328, 0.0], [-0.9833356132569834, -0.14102997608801512, -0.11472409313272593, 0.0], [-0.8403617306439002, 0.5629728580180087, 1.2395362084217347, 1.0]], "at_element": 38, "to_element": 39}, {"pose": [[0.1745456916287094, -0.555903281934946, -0.8127147978644238, 0.0], [0.8787806053045847, -0.2843708770410785, 0.38324646382112293, 0.0], [-0.4441603868810932, -0.781092021099209, 0.4388813111773961, 0.0], [-0.8341023782967838, 0.5430377082008998, 1.2103915860017782, 1.0]], "at_element": 39, "to_element": 38}, {"pose": [[-0.6578834800097316, 0.035195992130455885, 0.7522968621948639, 0.0], [-0.2173161256684781, 0.9475456365765151, -0.2343735653380067, 0.0], [-0.7210846193441708, -0.3176767362315968, -0.6157259642101449, 0.0], [-0.6189901122430985, 0.42754331390787514, 1.3923047845309688, 1.0]], "at_element": 42, "to_element": 43}, {"pose": [[0.6578834800097316, -0.035195992130455885, -0.7522968621948639, 0.0], [0.7325737036304173, -0.2018274859643837, 0.6500780219777549, 0.0], [-0.17471432534139547, -0.9787884899442011, -0.10699531051990858, 0.0], [-0.5953978613879328, 0.42628115624520535, 1.3653267909656148, 1.0]], "at_element": 43, "to_element": 42}, {"pose": [[-0.3598420100795494, -0.03767623311959019, 0.9322522347733084, 0.0], [-0.3623054056474797, 0.9264165765060196, -0.10240663949901593, 0.0], [-0.8597956273560159, -0.3746102350881307, -0.34701390598460224, 0.0], [-0.7585205508725944, -0.4166271166456577, 1.3067641340411273, 1.0]], "at_element": 3, "to_element": 43}, {"pose": [[0.3598420100795494, 0.03767623311959019, -0.9322522347733084, 0.0], [0.9165089373827244, -0.20137922785299628, 0.34562664001335386, 0.0], [-0.17471432534139547, -0.9787884899442011, -0.10699531051990858, 0.0], [-0.7456163151064042, -0.4152760153808286, 1.2733327883558, 1.0]], "at_element": 43, "to_element": 3}, {"pose": [[0.1403656170978313, 0.4800064619578008, -0.8659626377711105, 0.0], [0.49096738457479927, -0.7932597104643397, -0.3601250602746398, 0.0], [-0.8597956273560159, -0.3746102350881307, -0.34701390598460224, 0.0], [-0.6821189006211623, -0.3833391593088393, 1.3375998748077418, 1.0]], "at_element": 3, "to_element": 48}, {"pose": [[-0.1403656170978313, -0.4800064619578008, 0.8659626377711105, 0.0], [-0.45678168731978036, -0.7445857559054002, -0.48676744163109187, 0.0], [0.8784349626842276, -0.46388128716465465, -0.11474392250756849, 0.0], [-0.6871525325809108, -0.40055260457950387, 1.3686540410598282, 1.0]], "at_element": 48, "to_element": 3}, {"pose": [[0.6907262127697643, 0.18758719991242515, -0.6983611826424448, 0.0], [-0.2954039094274681, 0.9547040612132777, -0.03573074023642278, 0.0], [0.6600256277507002, 0.2309787824279326, 0.7148531127304435, 0.0], [-0.6746897666234685, -0.6321305152137431, 1.2392607628488044, 1.0]], "at_element": 21, "to_element": 44}, {"pose": [[-0.6907262127697643, -0.18758719991242515, 0.6983611826424448, 0.0], [-0.38393511503698663, -0.7232588188622618, -0.5740126378221143, 0.0], [0.6127733075406244, -0.6646109564000439, 0.42755251162721786, 0.0], [-0.6994598088337629, -0.6388575552102554, 1.264304601713293, 1.0]], "at_element": 44, "to_element": 21}, {"pose": [[-0.503882557980683, -0.5696588348639069, 0.6493005310519464, 0.0], [0.5571970373890502, -0.7887570056294934, -0.2596032503557323, 0.0], [0.6600256277507002, 0.2309787824279326, 0.7148531127304435, 0.0], [-0.6026368089853541, -0.6069152754929769, 1.317299067550051, 1.0]], "at_element": 21, "to_element": 47}, {"pose": [[0.503882557980683, 0.5696588348639069, -0.6493005310519464, 0.0], [0.8598443527983707, -0.2591950423247452, 0.43987000238141316, 0.0], [0.08228035442069065, -0.7799402168729153, -0.6204217931219336, 0.0], [-0.5845671543927958, -0.5864868279935407, 1.2940146014834104, 1.0]], "at_element": 47, "to_element": 21}, {"pose": [[-0.5644739505221975, 0.01053292163159336, 0.8253836785058004, 0.0], [-0.806749071088628, 0.20460241815446223, -0.554340857941197, 0.0], [-0.17471432534139547, -0.9787884899442011, -0.10699531051990858, 0.0], [-0.7747927688286097, -0.5787289951229432, 1.2554650850648583, 1.0]], "at_element": 43, "to_element": 44}, {"pose": [[0.5644739505221975, -0.01053292163159336, -0.8253836785058004, 0.0], [0.5530624130670867, 0.7471153419619501, 0.368701278893211, 0.0], [0.6127733075406244, -0.6646109564000439, 0.42755251162721786, 0.0], [-0.7545502643498506, -0.5791067144368366, 1.2258661411394711, 1.0]], "at_element": 44, "to_element": 43}, {"pose": [[-0.22979974440923817, -0.6206049031939366, 0.7496943587896959, 0.0], [-0.9697535876426828, 0.08088765193693298, -0.23029365388189724, 0.0], [0.08228035442069065, -0.7799402168729153, -0.6204217931219336, 0.0], [-0.59631492393511, -0.47512904412014656, 1.3825967702883735, 1.0]], "at_element": 47, "to_element": 48}, {"pose": [[0.22979974440923817, 0.6206049031939366, -0.7496943587896959, 0.0], [0.41897982505534664, 0.6321896120232499, 0.6517608462054804, 0.0], [0.8784349626842276, -0.46388128716465465, -0.11474392250756849, 0.0], [-0.5880741143114503, -0.4528736370400446, 1.355712108155263, 1.0]], "at_element": 48, "to_element": 47}, {"pose": [[-0.3865432874449227, 0.29889401218662437, -0.872494502223512, 0.0], [0.917710073353726, 0.2186236513388326, -0.331680449137985, 0.0], [0.09161063364244602, -0.9289058448272659, -0.3588055507505047, 0.0], [0.13717583704522712, -0.7253748061211059, 1.343140618925026, 1.0]], "at_element": 4, "to_element": 32}, {"pose": [[0.3865432874449227, -0.29889401218662437, 0.872494502223512, 0.0], [-0.5697453366772013, 0.6665335988255078, 0.4807527565925127, 0.0], [-0.7252410208102241, -0.6829314248998197, 0.08735061887843702, 0.0], [0.15103760971661326, -0.7360934008667458, 1.3744290175072411, 1.0]], "at_element": 32, "to_element": 4}, {"pose": [[-0.07181545433336307, -0.36554552847556787, 0.9280188614087596, 0.0], [-0.9932019091416017, -0.05924861228131771, -0.10019765276799614, 0.0], [0.09161063364244602, -0.9289058448272659, -0.3588055507505047, 0.0], [0.15017626257257385, -0.857195434114216, 1.2922226778971702, 1.0]], "at_element": 4, "to_element": 48}, {"pose": [[0.07181545433336307, 0.36554552847556787, -0.9280188614087596, 0.0], [0.47243471173576135, 0.8069638269649898, 0.35442181806029666, 0.0], [0.8784349626842276, -0.46388128716465465, -0.11474392250756849, 0.0], [0.1527516258065502, -0.8440866607572941, 1.2589431327311043, 1.0]], "at_element": 48, "to_element": 4}, {"pose": [[0.05581360563285803, 0.6842076876973082, -0.7271483215425604, 0.0], [-0.9982104176100973, 0.022580889831667655, -0.05537206506069181, 0.0], [-0.021466336458166313, 0.7289375443138539, 0.6842435625482735, 0.0], [0.37971324261447614, -0.8254158678349975, 1.2333854108903777, 1.0]], "at_element": 26, "to_element": 49}, {"pose": [[-0.05581360563285803, -0.6842076876973082, 0.7271483215425604, 0.0], [0.5669358207219598, -0.621206003627231, -0.5410054308782886, 0.0], [0.8218689777626225, 0.3820509666960543, 0.422573593872159, 0.0], [0.37771172149469145, -0.8499521098805929, 1.2594615388574018, 1.0]], "at_element": 49, "to_element": 26}, {"pose": [[0.4153117766708409, -0.616054003509953, 0.6693232350052315, 0.0], [0.9094258213606948, 0.29854232739939973, -0.2895119240953215, 0.0], [-0.021466336458166313, 0.7289375443138539, 0.6842435625482735, 0.0], [0.37727311713924844, -0.7425559408420283, 1.3111648750988336, 1.0]], "at_element": 26, "to_element": 52}, {"pose": [[-0.4153117766708409, 0.616054003509953, -0.6693232350052315, 0.0], [0.4911622066879255, 0.7711726638031978, 0.40503383725823144, 0.0], [0.7656864990842915, -0.16053095452914773, -0.6228595329269689, 0.0], [0.36237969448805324, -0.7204637364653956, 1.2871623921711732, 1.0]], "at_element": 52, "to_element": 26}, {"pose": [[-0.507395141438106, 0.444399594352458, -0.7382812275714282, 0.0], [0.46537687112612997, -0.5797531107494587, -0.6688129023853975, 0.0], [-0.7252410208102241, -0.6829314248998197, 0.08735061887843702, 0.0], [0.213627258926506, -0.6771551484894344, 1.3668904966059268, 1.0]], "at_element": 32, "to_element": 52}, {"pose": [[0.507395141438106, -0.444399594352458, 0.7382812275714282, 0.0], [-0.3953155139442988, -0.881327869284372, -0.2588181432157018, 0.0], [0.7656864990842915, -0.16053095452914773, -0.6228595329269689, 0.0], [0.23182286435428098, -0.6930916819930508, 1.39336586622328, 1.0]], "at_element": 52, "to_element": 32}, {"pose": [[-0.17529251187715977, -0.5361864479271196, 0.8256976615802506, 0.0], [-0.44454983029324985, -0.7052079441397116, -0.5523198384165502, 0.0], [0.8784349626842276, -0.46388128716465465, -0.11474392250756849, 0.0], [0.28039916839005813, -0.9114943902676327, 1.2422694114464603, 1.0]], "at_element": 48, "to_element": 49}, {"pose": [[0.17529251187715977, 0.5361864479271196, -0.8256976615802506, 0.0], [-0.5420368240915164, 0.7526892797867578, 0.3737043342307849, 0.0], [0.8218689777626225, 0.3820509666960543, 0.422573593872159, 0.0], [0.28668529795767106, -0.8922663157311117, 1.2126592334144073, 1.0]], "at_element": 49, "to_element": 48}, {"pose": [[-0.7133457837382808, -0.32652442456243785, -0.620096438456944, 0.0], [0.09841496328371685, -0.922731136649474, 0.37266841086874297, 0.0], [-0.6938676299011796, 0.20481467140256016, 0.6903612551074844, 0.0], [1.4123675719868418, 0.005438176999854523, 0.7501401182158248, 1.0]], "at_element": 5, "to_element": 6}, {"pose": [[0.7133457837382808, 0.32652442456243785, 0.620096438456944, 0.0], [0.60210573337287, 0.16722809157867505, -0.7807070200955493, 0.0], [-0.358617454486442, 0.930277681959061, -0.07731077406507325, 0.0], [1.4379487311513084, 0.01714760805872255, 0.7723772801239771, 1.0]], "at_element": 6, "to_element": 5}, {"pose": [[0.6668646478998269, -0.17900666859552772, 0.7233589385497152, 0.0], [0.27173379170938267, 0.9622928675702591, -0.012376730854702298, 0.0], [-0.6938676299011796, 0.20481467140256016, 0.6903612551074844, 0.0], [1.5033071829614515, -0.021405223292351123, 0.6596600593891012, 1.0]], "at_element": 5, "to_element": 7}, {"pose": [[-0.6668646478998269, 0.17900666859552772, -0.7233589385497152, 0.0], [0.5371470477826399, -0.5573442648828435, -0.6331195933317788, 0.0], [-0.5164925850773011, -0.8107551930148422, 0.2755202833905933, 0.0], [1.479392858024365, -0.014985894194339225, 0.6337198018614261, 1.0]], "at_element": 7, "to_element": 5}, {"pose": [[-0.9294635828300283, -0.3635248148725796, -0.0628264049952219, 0.0], [-0.08655038723443778, 0.04932690361996506, 0.9950255710527419, 0.0], [-0.358617454486442, 0.930277681959061, -0.07731077406507325, 0.0], [1.427107024040756, 0.04527172202224173, 0.77004002420289, 1.0]], "at_element": 6, "to_element": 9}, {"pose": [[0.9294635828300283, 0.3635248148725796, 0.0628264049952219, 0.0], [0.3493373819432911, -0.8125452393745556, -0.46661936044998514, 0.0], [-0.11857842033765682, 0.4556533144196395, -0.8822240164995642, 0.0], [1.4604383684417315, 0.05830802707673962, 0.7722930318312199, 1.0]], "at_element": 9, "to_element": 6}, {"pose": [[0.856196996350893, -0.49375643046622547, 0.152089745916549, 0.0], [0.012732360341832241, 0.3144528651049611, 0.9491876962052378, 0.0], [-0.5164925850773011, -0.8107551930148422, 0.2755202833905933, 0.0], [1.5029719495380245, 0.022026971902103773, 0.6211416581210586, 1.0]], "at_element": 7, "to_element": 8}, {"pose": [[-0.856196996350893, 0.49375643046622547, -0.152089745916549, 0.0], [0.4955168375087962, 0.7014570772121677, -0.5122704681847711, 0.0], [-0.1462524091596105, -0.5139674660931517, -0.8452500675023901, 0.0], [1.472267946558104, 0.03973352655833716, 0.6156875815104893, 1.0]], "at_element": 8, "to_element": 7}, {"pose": [[0.9880536305832014, -0.03393245931666566, -0.15032834495223307, 0.0], [0.048582465009142706, -0.8571382805606736, 0.5127901247987598, 0.0], [-0.1462524091596105, -0.5139674660931517, -0.8452500675023901, 0.0], [1.4869554874410764, 0.09134921079997277, 0.7005726442189475, 1.0]], "at_element": 8, "to_element": 9}, {"pose": [[-0.9880536305832014, 0.03393245931666566, 0.15032834495223307, 0.0], [0.0984336391767607, 0.8895103401664988, 0.44618625417565183, 0.0], [-0.11857842033765682, 0.4556533144196395, -0.8822240164995642, 0.0], [1.4515231192512659, 0.09256605506315735, 0.7059635350601343, 1.0]], "at_element": 9, "to_element": 8}, {"pose": [[-0.6184189231046203, -0.29880037332560766, -0.7268262326351459, 0.0], [-0.6992507110355963, -0.21284212775987932, 0.682456351547013, 0.0], [-0.358617454486442, 0.930277681959061, -0.07731077406507325, 0.0], [1.1569981484713125, 0.7459522257114735, 0.7118099353132548, 1.0]], "at_element": 6, "to_element": 30}, {"pose": [[0.6184189231046203, 0.29880037332560766, 0.7268262326351459, 0.0], [0.678888780178707, -0.6689817281353965, -0.30261108963229677, 0.0], [0.39581316260780014, 0.6805745986454799, -0.616563180854124, 0.0], [1.1791751750213635, 0.7566674602633859, 0.7378745398332821, 1.0]], "at_element": 30, "to_element": 6}, {"pose": [[0.9089155330628296, 0.3668552443797254, 0.1982165064473807, 0.0], [0.21275825505672077, 0.0008149355584990553, -0.9771045290987321, 0.0], [-0.358617454486442, 0.930277681959061, -0.07731077406507325, 0.0], [1.12796019870186, 0.82127861114649, 0.7055499322212302, 1.0]], "at_element": 6, "to_element": 35}, {"pose": [[-0.9089155330628296, -0.3668552443797254, -0.1982165064473807, 0.0], [-0.2459167351524551, 0.8554949575729824, -0.45568995703126736, 0.0], [0.33674547232156055, -0.3654389240875861, -0.8677884993664277, 0.0], [1.0953657670429677, 0.8081228912179864, 0.698441731141981, 1.0]], "at_element": 35, "to_element": 6}, {"pose": [[0.43280735807443527, 0.6563442919932639, 0.617972459875429, 0.0], [-0.6346838267313429, -0.26496362749342195, 0.725927486868479, 0.0], [0.640198587066771, -0.7064038833934746, 0.30189289929431623, 0.0], [1.0266242213914172, 0.7585839994410214, 0.9190077481031595, 1.0]], "at_element": 10, "to_element": 34}, {"pose": [[-0.43280735807443527, -0.6563442919932639, -0.617972459875429, 0.0], [0.17147112968062245, -0.7329265770113009, 0.6583435914448843, 0.0], [-0.8850284981189488, 0.17897151471213993, 0.4297601126663108, 0.0], [1.0111033860418868, 0.7350469419058776, 0.8968467366939652, 1.0]], "at_element": 34, "to_element": 10}, {"pose": [[-0.6936440260767784, -0.7004452735997376, -0.16803090126457784, 0.0], [0.33015713562742866, -0.10183306053736209, -0.9384169081894708, 0.0], [0.640198587066771, -0.7064038833934746, 0.30189289929431623, 0.0], [0.9986195901513009, 0.789484692851888, 0.905801846856981, 1.0]], "at_element": 10, "to_element": 36}, {"pose": [[0.6936440260767784, 0.7004452735997376, 0.16803090126457784, 0.0], [0.7132589977199566, -0.6353194201513671, -0.2960250606790815, 0.0], [-0.10059605986081585, 0.3251855671310136, -0.9402844142439885, 0.0], [1.023494228404428, 0.8146032293661455, 0.9118275714753324, 1.0]], "at_element": 36, "to_element": 10}, {"pose": [[-0.4631525070045133, -0.43181073772012296, -0.7739697940133305, 0.0], [-0.7929827839000321, 0.5919102148705886, 0.14429345782123526, 0.0], [0.39581316260780014, 0.6805745986454799, -0.616563180854124, 0.0], [1.1404314972427867, 0.6900502644620126, 0.798226057836781, 1.0]], "at_element": 30, "to_element": 34}, {"pose": [[0.4631525070045133, 0.43181073772012296, 0.7739697940133305, 0.0], [-0.047056484917114144, 0.8840297979769941, -0.46505591439739846, 0.0], [-0.8850284981189488, 0.17897151471213993, 0.4297601126663108, 0.0], [1.1570405333643285, 0.7055353585336145, 0.8259812617303971, 1.0]], "at_element": 34, "to_element": 30}, {"pose": [[0.8362051730905894, 0.5397344015583846, 0.09719919892133834, 0.0], [0.4328549357087983, -0.7583806224687699, 0.4873350347516717, 0.0], [0.33674547232156055, -0.3654389240875861, -0.8677884993664277, 0.0], [1.0443454531621879, 0.8634905506037645, 0.8299203856716779, 1.0]], "at_element": 35, "to_element": 36}, {"pose": [[-0.8362051730905894, -0.5397344015583846, -0.09719919892133834, 0.0], [-0.5391116222425709, 0.7764928349341634, 0.3262170076174596, 0.0], [-0.10059605986081585, 0.3251855671310136, -0.9402844142439885, 0.0], [1.0143585016162373, 0.8441352657190816, 0.8264347486986529, 1.0]], "at_element": 36, "to_element": 35}, {"pose": [[0.7266569261060296, -0.24477457449873521, 0.6419151964403861, 0.0], [-0.4529957188564821, 0.5317531614183693, 0.7155651291247143, 0.0], [-0.5164925850773011, -0.8107551930148422, 0.2755202833905933, 0.0], [0.982755543823515, -0.7945736233638099, 0.8986483942641262, 1.0]], "at_element": 7, "to_element": 33}, {"pose": [[-0.7266569261060296, 0.24477457449873521, -0.6419151964403861, 0.0], [0.6807613871012531, 0.3821934905585032, -0.6248936466365177, 0.0], [0.09237773310768226, -0.8910743759382102, -0.4443566258898533, 0.0], [0.9566970181878952, -0.7857958022279077, 0.8756287779893961, 1.0]], "at_element": 33, "to_element": 7}, {"pose": [[-0.8444324123923173, 0.5356182930685095, -0.006851644449891705, 0.0], [-0.14201869757698057, -0.2361970811204887, -0.961270840298768, 0.0], [-0.5164925850773011, -0.8107551930148422, 0.2755202833905933, 0.0], [0.9588750827714017, -0.8320595590170621, 0.9113873020174517, 1.0]], "at_element": 7, "to_element": 54}, {"pose": [[0.8444324123923173, -0.5356182930685095, 0.006851644449891705, 0.0], [-0.43779203976867564, -0.6974613676562498, -0.5673497779520635, 0.0], [0.3086616769481954, 0.47608894626682036, -0.823448410300291, 0.0], [0.9891571735197756, -0.8512673032002096, 0.9116330080277402, 1.0]], "at_element": 54, "to_element": 7}, {"pose": [[-0.48621315789876596, 0.48950349701155227, -0.7238667636378748, 0.0], [-0.42259025368905667, 0.5933505847554565, 0.6850931039336015, 0.0], [0.764862237643571, 0.6390003208010284, -0.08163545457123567, 0.0], [1.039755557540559, -0.8485813737247994, 0.695998438961791, 1.0]], "at_element": 27, "to_element": 52}, {"pose": [[0.48621315789876596, -0.48950349701155227, 0.7238667636378748, 0.0], [-0.4210949420334464, -0.8570975084851327, -0.29675395657417325, 0.0], [0.7656864990842915, -0.16053095452914773, -0.6228595329269689, 0.0], 