{
"contact_id_pairs": [
[
0,
6
],
[
0,
12
],
[
6,
12
],
[
0,
1
],
[
0,
17
],
[
1,
2
],
[
1,
16
],
[
2,
7
],
[
2,
16
],
[
2,
6
],
[
2,
9
],
[
2,
13
],
[
5,
9
],
[
6,
13
],
[
3,
4
],
[
4,
11
],
[
4,
5
],
[
4,
10
],
[
7,
15
],
[
8,
15
],
[
8,
14
],
[
9,
14
],
[
10,
22
],
[
22,
23
],
[
11,
21
],
[
11,
23
],
[
12,
18
],
[
12,
21
],
[
12,
24
],
[
21,
24
],
[
13,
19
],
[
13,
22
],
[
13,
24
],
[
19,
27
],
[
22,
24
],
[
14,
25
],
[
14,
27
],
[
15,
25
],
[
15,
26
],
[
16,
26
],
[
19,
20
],
[
19,
26
],
[
17,
18
],
[
18,
20
]
],
"contact_t_bound_pairs": [
[
[
0.6,
0.9
],
[
0.1,
0.4
]
],
[
[
0.6,
0.9
],
[
0.1,
0.4
]
],
[
[
0.1,
0.4
],
[
0.1,
0.4
]
],
[
[
0.1,
0.4
],
[
0.6,
0.9
]
],
[
[
0.1,
0.4
],
[
0.1,
0.4
]
],
[
[
0.1,
0.4
],
[
0.6,
0.9
]
],
[
[
0.1,
0.4
],
[
0.1,
0.4
]
],
[
[
0.6,
0.9
],
[
0.6,
0.9
]
],
[
[
0.6,
0.9
],
[
0.1,
0.4
]
],
[
[
0.1,
0.4
],
[
0.6,
0.9
]
],
[
[
0.1,
0.4
],
[
0.1,
0.4
]
],
[
[
0.1,
0.4
],
[
0.1,
0.4
]
],
[
[
0.1,
0.4
],
[
0.1,
0.4
]
],
[
[
0.6,
0.9
],
[
0.1,
0.4
]
],
[
[
0.1,
0.4
],
[
0.6,
0.9
]
],
[
[
0.6,
0.9
],
[
0.1,
0.4
]
],
[
[
0.1,
0.4
],
[
0.6,
0.9
]
],
[
[
0.1,
0.4
],
[
0.1,
0.4
]
],
[
[
0.1,
0.4
],
[
0.1,
0.4
]
],
[
[
0.6,
0.9
],
[
0.1,
0.4
]
],
[
[
0.1,
0.4
],
[
0.1,
0.4
]
],
[
[
0.6,
0.9
],
[
0.1,
0.4
]
],
[
[
0.6,
0.9
],
[
0.1,
0.4
]
],
[
[
0.1,
0.4
],
[
0.6,
0.9
]
],
[
[
0.6,
0.9
],
[
0.6,
0.9
]
],
[
[
0.6,
0.9
],
[
0.1,
0.4
]
],
[
[
0.6,
0.9
],
[
0.1,
0.4
]
],
[
[
0.6,
0.9
],
[
0.1,
0.4
]
],
[
[
0.6,
0.9
],
[
0.1,
0.4
]
],
[
[
0.1,
0.4
],
[
0.1,
0.4
]
],
[
[
0.6,
0.9
],
[
0.6,
0.9
]
],
[
[
0.6,
0.9
],
[
0.6,
0.9
]
],
[
[
0.6,
0.9
],
[
0.6,
0.9
]
],
[
[
0.6,
0.9
],
[
0.1,
0.4
]
],
[
[
0.6,
0.9
],
[
0.6,
0.9
]
],
[
[
0.6,
0.9
],
[
0.6,
0.9
]
],
[
[
0.6,
0.9
],
[
0.6,
0.9
]
],
[
[
0.6,
0.9
],
[
0.1,
0.4
]
],
[
[
0.6,
0.9
],
[
0.6,
0.9
]
],
[
[
0.6,
0.9
],
[
0.1,
0.4
]
],
[
[
0.1,
0.4
],
[
0.6,
0.9
]
],
[
[
0.1,
0.4
],
[
0.1,
0.4
]
],
[
[
0.6,
0.9
],
[
0.6,
0.9
]
],
[
[
0.6,
0.9
],
[
0.1,
0.4
]
]
],
"line_pt_pairs": [
[
[
19.245730242396974,
14.27992516303447,
0.1860372354116086
],
[
20.45677226131327,
14.27992516303447,
0.07207447082321722
]
],
[
[
19.245730242396974,
12.895441782080983,
0.1860372354116086
],
[
19.384036765647625,
14.432716550648983,
0.2131853005591676
]
],
[
[
20.45677226131327,
12.895441782080983,
0.07207447082321722
],
[
19.13146042276905,
13.06510643975982,
0.24139563188274651
]
],
[
[
21.667814280229564,
14.27992516303447,
0.1860372354116086
],
[
20.486080372678245,
14.260955096102085,
0.08987174473763733
]
],
[
[
21.667814280229564,
12.895441782080983,
0.1860372354116086
],
[
21.533283857008175,
14.430608765434801,
0.21520825805337773
]
],
[
[
20.172634359480597,
12.765583101502248,
0.07953952260875749
],
[
21.81529256654771,
13.079363428377913,
0.24092490438668637
]
],
[
[
20.350134115406313,
14.447581487971608,
0.12640744208005117
],
[
20.239162726969766,
12.753728038364665,
0.055043411279379846
]
],
[
[
19.245730242396974,
11.510958401127496,
0.1860372354116086
],
[
19.438861862755044,
13.19544178208072,
0.24692562182148012
]
],
[
[
20.45677226131327,
11.510958401127496,
0.07207447082321722
],
[
19.167881165175196,
11.651363826575045,
0.23254855647963507
]
],
[
[
20.323350061711526,
13.083312454970338,
0.11476924201682542
],
[
20.38066607471976,
11.396771058383033,
0.21347903897581993
]
],
[
[
21.615228377540422,
13.086106388323437,
0.07212728161808334
],
[
21.62230768289258,
12.975609699489656,
1.245159258864776
]
],
[
[
21.503742015747854,
14.25030160509427,
0.09798600814697622
],
[
21.600921360490972,
14.20471067485999,
1.2642254908701738
]
],
[
[
20.277786106436608,
14.245816981298494,
-0.0359884495666066
],
[
20.457426481317057,
14.226940633323531,
1.1906551571535067
]
],
[
[
20.26888502778424,
12.959683809019822,
-0.07051375988403534
],
[
20.459740313555812,
12.904765108625933,
1.216818933708932
]
],
[
[
20.324213825369977,
11.557223541950016,
-0.03226411202360557
],
[
20.398266117016775,
11.592797326896026,
1.1585836220299983
]
],
[
[
19.299879531414255,
11.685464775607613,
0.07245666479795351
],
[
19.309146681992907,
11.584107254131817,
1.26289485245848
]
],
[
[
19.304790079143196,
13.112187089939464,
0.07398898686768567
],
[
19.248203983376065,
12.864427747528714,
1.2394521962221274
]
],
[
[
19.408031066489514,
14.243579840577784,
0.0531406043827397
],
[
19.326564215741538,
14.247034628885087,
1.2381089155772662
]
],
[
[
20.568727230468586,
14.272972120372485,
0.9839724335667553
],
[
19.157377996720243,
14.201687224174067,
1.1396009250227062
]
],
[
[
19.149102915306752,
12.918115619560288,
1.1692818075717903
],
[
20.58270894962132,
12.869437883090574,
1.0775749530090915
]
],
[
[
19.300366368717135,
14.371871289775422,
1.1554779628265688
],
[
19.320772213360172,
12.751375421298176,
1.1988254409327108
]
],
[
[
20.290552403257767,
14.186939732895935,
1.0105269676661064
],
[
21.73019464975556,
14.25333098876065,
1.1219370990193138
]
],
[
[
21.770802746618347,
12.951053933767016,
1.1368133485346446
],
[
20.282135604199848,
12.948712432248854,
1.0134601842410322
]
],
[
[
21.63158911169503,
14.365323570616095,
1.1428909961546216
],
[
21.586296862448307,
12.79412522646343,
1.1597015786809266
]
],
[
[
20.47664799742417,
14.393104244124418,
1.071827457333302
],
[
20.460991453388008,
12.74982531454504,
0.9812879763239434
]
],
[
[
19.172250250823154,
11.561963642422382,
1.1238397117614238
],
[
20.523963656235683,
11.551282881120004,
0.9976416475217385
]
],
[
[
19.29238862372645,
13.077484330748215,
1.121691316625289
],
[
19.269984380347598,
11.429987729927158,
1.1466713391982872
]
],
[
[
20.403121332161675,
13.036505674727337,
1.0547706018659617
],
[
20.429414407637736,
11.42911588770007,
1.0352994326669196
]
]
],
"contact_t_pairs": [
[
0.8999999999991026,
0.10000000000078894
],
[
0.8670808300979167,
0.10000000000133648
],
[
0.12180450606929936,
0.12957533040120495
],
[
0.10000000000065172,
0.8999999999995335
],
[
0.12728228701412916,
0.10000000000136233
],
[
0.10000000000010105,
0.8999999999992524
],
[
0.12698591710419385,
0.10000000000123363
],
[
0.7858943092005085,
0.8999999999998954
],
[
0.8789733831106554,
0.13262228856092234
],
[
0.1525507133911675,
0.899999999999186
],
[
0.10000000000019822,
0.10000000000070326
],
[
0.12684920577724396,
0.12809109653551023
],
[
0.10000000000044591,
0.16862426361844046
],
[
0.8804109534978748,
0.10000000000098926
],
[
0.10000000000075351,
0.8999999999992238
],
[
0.8816548236064523,
0.10000000000189686
],
[
0.1000000000004229,
0.8999999999993398
],
[
0.11904643394942992,
0.10000000000149026
],
[
0.10000000000050491,
0.10000000000148968
],
[
0.8999999999983729,
0.12352116071114161
],
[
0.1000000000012068,
0.10000000000167727
],
[
0.8999999999989863,
0.1999733817646862
],
[
0.8999999999968858,
0.1000000000013614
],
[
0.11890055778601184,
0.8999999999986401
],
[
0.8671098391517104,
0.8999999999977875
],
[
0.8999999999976169,
0.10000000000159312
],
[
0.8435356582825753,
0.1000000000013038
],
[
0.8628925000992499,
0.10000000000092227
],
[
0.8999999999985376,
0.10000000000112737
],
[
0.12980937618990684,
0.12140104332872
],
[
0.8999999999988585,
0.8999999999987744
],
[
0.8503997201998114,
0.8999999999991496
],
[
0.8281753611565925,
0.8999999999991012
],
[
0.8781578067311722,
0.10000000000099421
],
[
0.8805599142323286,
0.8776151957474212
],
[
0.8745360553337912,
0.8999999999978086
],
[
0.8999999999979279,
0.8999999999984635
],
[
0.875150494709267,
0.10000000000233777
],
[
0.8999999999976277,
0.8999999999985435
],
[
0.8999999999973411,
0.11456453475690384
],
[
0.11669726816484971,
0.899999999999044
],
[
0.10000000000152315,
0.10000000000075984
],
[
0.8999999999967417,
0.8730475065977911
],
[
0.8999999999983035,
0.10000000000137453
]
],
"half_couplers": [
{
"pose": [
[
-0.004499733861109023,
-0.09358103172148752,
0.9956014980388092,
20.335668059420552
],
[
-0.9988459736770561,
0.04802833402413054,
5.5344617777564054e-14,
14.27992516303447
],
[
-0.04781708130273776,
-0.9944525477029098,
-0.09368915146845369,
0.08347074728215863
],
[
0.0,
0.0,
0.0,
1.0
]
],
"at_element": 0,
"to_element": 6
},
{
"pose": [
[
0.9934668433894531,
0.0935810317215472,
-0.0653163194594328,
20.33903697656257
],
[
-0.061023208005122995,
-0.04802833402412432,
-0.9969801639027883,
14.278196143009577
],
[
-0.0964354663521642,
0.9944525477029046,
-0.04200394263212304,
0.11927103899992775
],
[
0.0,
0.0,
0.0,
1.0
]
],
"at_element": 6,
"to_element": 0
},
{
"pose": [
[
-0.09367826409441804,
0.0014282643749515102,
0.9956014980388145,
20.29580156144237
],
[
0.015244714602041926,
0.9998837925862697,
4.939148048888065e-13,
14.27992516303447
],
[
-0.9954858017636207,
0.0151776606950134,
-0.09368915146839729,
0.08722230689205274
],
[
0.0,
0.0,
0.0,
1.0
]
],
"at_element": 0,
"to_element": 12
},
{
"pose": [
[
-0.9894472836464778,
-0.0014282643744041726,
0.14488627590452963,
20.29575014392489
],
[
-0.0007860082562106843,
-0.9998837925862791,
-0.015224438061890432,
14.243929346500973
],
[
0.1448911835676272,
-0.015177660694454113,
0.9893311799090415,
0.0866759111070441
],
[
0.0,
0.0,
0.0,
1.0
]
],
"at_element": 12,
"to_element": 0
},
{
"pose": [
[
-0.14263693012095757,
0.9876175801280689,
-0.06531631945881511,
20.336617300249973
],
[
0.05098975068704842,
-0.05857130790081966,
-0.9969801639028029,
14.241262505188454
],
[
-0.9884607991673424,
-0.14553665281558575,
-0.04200394263273388,
0.11771498155726112
],
[
0.0,
0.0,
0.0,
1.0
]
],
"at_element": 6,
"to_element": 12
},
{
"pose": [
[
0.06016213491000211,
-0.9876175801279347,
0.14488627590394226,
20.301063067365135
],
[
0.9981671294811308,
0.058571307900030734,
-0.015224438061194737,
14.24337107227287
],
[
0.006549744000346164,
0.14553665281681577,
0.9893311799091382,
0.12295430105867779
],
[
0.0,
0.0,
0.0,
1.0
]
],
"at_element": 12,
"to_element": 6
},
{
"pose": [
[
-0.0024361501909690997,
-0.09365747314078654,
0.9956014980388139,
19.366834444289392
],
[
-0.9996618783805372,
0.02600247897213781,
5.9396931817445875e-15,
14.279925163034472
],
[
-0.025888107017383977,
-0.9952648636479571,
-0.09368915146840728,
0.1746409589526952
],
[
0.0,
0.0,
0.0,
1.0
]
],
"at_element": 0,
"to_element": 1
},
{
"pose": [
[
-0.9915651249278006,
0.09365747314079242,
0.08959286105375079,
19.370206113322496
],
[
0.08752155662697131,
-0.02600247897209118,
0.9958232012826864,
14.278989073791465
],
[
0.09559592121271078,
0.9952648636479575,
0.017586103471363246,
0.21047049404439902
],
[
0.0,
0.0,
0.0,
1.0
]
],
"at_element": 1,
"to_element": 0
},
{
"pose": [
[
-0.09368874450768083,
-0.0002761438820311063,
0.9956014980388144,
19.399874440234846
],
[
-0.0029474477841902567,
0.9999956562663457,
1.3348892304032578e-13,
14.27992516303447
],
[
-0.9955971734110811,
-0.0029344834293184964,
-0.09368915146840151,
0.17153179410034533
],
[
0.0,
0.0,
0.0,
1.0
]
],
"at_element": 0,
"to_element": 17
},
{
"pose": [
[
-0.9976450291709955,
0.0002761438821859623,
-0.06858804206973862,
19.399884381414605
],
[
-0.0004767628839796653,
-0.9999956562663461,
0.0029086329422001738,
14.243925319408518
],
[
-0.0685869409403595,
0.002934483429212698,
0.997640827321861,
0.17163743550380667
],
[
0.0,
0.0,
0.0,
1.0
]
],
"at_element": 17,
"to_element": 0
},
{
"pose": [
[
0.9883448700937584,
-0.12307533062135481,
0.08959286105374747,
19.259560894722053
],
[
-0.08671039324164512,
0.02859124850333572,
0.9958232012826875,
13.049169258937939
],
[
-0.12512284149279526,
-0.9919853847217028,
0.01758610347132461,
0.18875204192636727
],
[
0.0,
0.0,
0.0,
1.0
]
],
"at_element": 1,
"to_element": 2
},
{
"pose": [
[
-0.12855969639017584,
0.123075330621357,
-0.9840349930040646,
19.26399160662446
],
[
-0.9916213378324013,
-0.02859124850335104,
0.12597485012691445,
13.048139973991809
],
[
-0.012630392691626635,
0.9919853847217022,
0.12571980623192192,
0.224463515776667
],
[
0.0,
0.0,
0.0,
1.0
]
],
"at_element": 2,
"to_element": 1
},
{
"pose": [
[
0.030646988394387398,
-0.9955068464609049,
0.08959286105387199,
19.26329322309345
],
[
0.014892342543969372,
0.0900797975168649,
0.9958232012826742,
13.090654028408728
],
[
-0.9994193215242074,
-0.02918473451626319,
0.017586103471430747,
0.18948465736197578
],
[
0.0,
0.0,
0.0,
1.0
]
],
"at_element": 1,
"to_element": 16
},
{
"pose": [
[
-0.08194986598190357,
0.9955068464608966,
-0.04743772881398217,
19.29913146956641
],
[
-0.9740353228476574,
-0.09007979751699424,
-0.20770368298216832,
13.087411155698083
],
[
-0.2110436194501218,
0.02918473451615028,
0.9770408599237874,
0.19053530780456757
],
[
0.0,
0.0,
0.0,
1.0
]
],
"at_element": 16,
"to_element": 1
},
{
"pose": [
[
0.1311432656150071,
-0.12031864538516257,
-0.9840349930040655,
19.415217229485304
],
[
0.9907909945101299,
0.049634084388719746,
0.12597485012700488,
13.028780271023233
],
[
0.033684552564337,
-0.9914937625822833,
0.12571980623182433,
0.20514300772712404
],
[
0.0,
0.0,
0.0,
1.0
]
],
"at_element": 2,
"to_element": 7
},
{
"pose": [
[
-0.9861872585169591,
0.12031864538507148,
0.1138337151792278,
19.419548700719215
],
[
0.10854739583596207,
-0.04963408438866357,
0.9928514090860374,
13.026993443985223
],
[
0.12510856883537236,
0.991493762582297,
0.03588822598519548,
0.2408367831804866
],
[
0.0,
0.0,
0.0,
1.0
]
],
"at_element": 7,
"to_element": 2
},
{
"pose": [
[
-0.09459903720707641,
-0.1507519641761405,
-0.9840349930040753,
19.291858430911454
],
[
0.2281179015911451,
-0.9654494083633667,
0.1259748501268349,
13.044572500235262
],
[
-0.969026957898049,
-0.21255889816204238,
0.12571980623192025,
0.22090326459193585
],
[
0.0,
0.0,
0.0,
1.0
]
],
"at_element": 2,
"to_element": 16
},
{
"pose": [
[
0.9874327861591525,
0.15075196417607034,
-0.04743772881399595,
19.297285501621833
],
[
-0.15737414008180484,
0.965449408363357,
-0.2077036829821664,
13.079328678936601
],
[
0.014486989041408344,
0.2125588981621344,
0.9770408599237872,
0.2285553849258291
],
[
0.0,
0.0,
0.0,
1.0
]
],
"at_element": 16,
"to_element": 2
},
{
"pose": [
[
-0.1311458245023962,
0.1203158562246801,
-0.9840349930040644,
20.25459499487759
],
[
-0.9907899386765219,
-0.04965515635746609,
0.1259748501268797,
12.921324246647158
],
[
-0.033705639483043504,
0.9914930459605039,
0.1257198062319591,
0.09790453473506919
],
[
0.0,
0.0,
0.0,
1.0
]
],
"at_element": 2,
"to_element": 6
},
{
"pose": [
[
-0.9905846118092025,
-0.12031585622471137,
-0.06531631945943629,
20.25025986581351
],
[
0.059706936209169406,
0.049655156357452435,
-0.9969801639027889,
12.923113383326738
],
[
0.12319581411446871,
-0.9914930459605009,
-0.04200394263211216,
0.06217981435950507
],
[
0.0,
0.0,
0.0,
1.0
]
],
"at_element": 6,
"to_element": 2
},
{
"pose": [
[
0.11673381684063044,
-0.13434414222179175,
-0.9840349930040644,
20.324241077458584
],
[
0.9900659691289089,
-0.06244768937549283,
0.12597485012690673,
12.9124082478489
],
[
-0.07837469475955111,
-0.9889650840865682,
0.1257198062319309,
0.08900658692920371
],
[
0.0,
0.0,
0.0,
1.0
]
],
"at_element": 2,
"to_element": 9
},
{
"pose": [
[
0.9903544726121675,
0.13434414222179614,
0.03390678439140906,
20.32908166301239
],
[
0.025687685893599724,
0.06244768937545764,
-0.9977176097900138,
12.914658315310422
],
[
-0.13615491680621544,
0.9889650840865698,
0.058394358350241204,
0.12464022171279429
],
[
0.0,
0.0,
0.0,
1.0
]
],
"at_element": 9,
"to_element": 2
},
{
"pose": [
[
-0.1217196463526593,
-0.12984398420896628,
-0.9840349930040727,
20.288657507186755
],
[
0.03899423577004201,
-0.9912667586034694,
0.12597485012684634,
12.916963609156012
],
[
-0.991798254318132,
-0.023038078316403435,
0.12571980623192736,
0.09355272562489933
],
[
0.0,
0.0,
0.0,
1.0
]
],
"at_element": 2,
"to_element": 13
},
{
"pose": [
[
0.9806485330346519,
0.12984398420890525,
0.14652301669615841,
20.29333189061832
],
[
-0.12495028314346823,
0.9912667586034767,
-0.042162068617701234,
12.952649212466063
],
[
-0.15071788679301562,
0.023038078316434937,
0.9883083352618927,
0.09438209644429985
],
[
0.0,
0.0,
0.0,
1.0
]
],
"at_element": 13,
"to_element": 2
},
{
"pose": [
[
0.18016207528157302,
0.10792355526228858,
0.9776983854184196,
20.33690018018804
],
[
-0.9808965449672267,
-0.05443110330067169,
0.18675980045188867,
12.796961134189953
],
[
0.07337298345845306,
-0.9926680015055485,
0.09605542194684369,
0.09567806078662233
],
[
0.0,
0.0,
0.0,
1.0
]
],
"at_element": 5,
"to_element": 9
},
{
"pose": [
[
0.9935808151286916,
-0.1079235552622283,
0.03390678439141081,
20.333014932198584
],
[
0.039960306659700684,
0.0544311033008551,
-0.9977176097900218,
12.798920653908787
],
[
0.10583164791246305,
0.9926680015055447,
0.05839435835010143,
0.13141410884096164
],
[
0.0,
0.0,
0.0,
1.0
]
],
"at_element": 9,
"to_element": 5
},
{
"pose": [
[
0.14593798000195624,
-0.9871351905413974,
-0.06531631945959054,
20.25243368950191
],
[
-0.0511852839243116,
0.05840050936386021,
-0.9969801639027875,
12.956294357317494
],
[
0.9879687103863848,
0.14884050557842227,
-0.04200394263189389,
0.06357776767738042
],
[
0.0,
0.0,
0.0,
1.0
]
],
"at_element": 6,
"to_element": 13
},
{
"pose": [
[
-0.06399313379738358,
0.9871351905413652,
0.14652301669585202,
20.287970556361586
],
[
-0.9974024967263078,
-0.058400509364066044,
-0.04216206861795932,
12.954191938980378
],
[
-0.03306264283021008,
-0.1488405055785568,
0.9883083352619271,
0.058219509476534884
],
[
0.0,
0.0,
0.0,
1.0
]
],
"at_element": 13,
"to_element": 6
},
{
"pose": [
[
-0.018048993613994924,
0.0806663928632878,
-0.9965777274713437,
21.549640889473544
],
[
0.9995338620517566,
0.026002478971333787,
-0.015997802950579343,
14.278028156341218
],
[
0.024623006344112353,
-0.9964019290174879,
-0.0810981097733281,
0.17642068634413902
],
[
0.0,
0.0,
0.0,
1.0
]
],
"at_element": 3,
"to_element": 4
},
{
"pose": [
[
-0.9929122535735395,
-0.08066639286364985,
-0.08728224198474356,
21.54673689933042
],
[
-0.08544150844682177,
-0.02600247897190089,
0.9960038251541246,
14.277092067098227
],
[
-0.08261359051540924,
0.996401929017444,
0.018925921707254045,
0.21229115578917818
],
[
0.0,
0.0,
0.0,
1.0
]
],
"at_element": 4,
"to_element": 3
},
{
"pose": [
[
0.08063482009777156,
0.9929148181098393,
-0.08728224198371998,
21.549204883674612
],
[
-0.011872411542863504,
0.08851794237497723,
0.9960038251542296,
14.248929157996242
],
[
0.9966730013559897,
-0.07927633856078908,
0.018925921706438698,
0.21175600823325738
],
[
0.0,
0.0,
0.0,
1.0
]
],
"at_element": 4,
"to_element": 11
},
{
"pose": [
[
-0.08505931683363044,
-0.9929148181099324,
0.08297636167919165,
21.513459950222348
],
[
0.995313622502389,
-0.08851794237381294,
-0.03892771171130689,
14.245742512070755
],
[
0.04599679859477551,
0.07927633856092436,
0.9957909201551325,
0.21460995642150815
],
[
0.0,
0.0,
0.0,
1.0
]
],
"at_element": 11,
"to_element": 4
},
{
"pose": [
[
0.9918681668592859,
0.09262477965054979,
-0.08728224198476403,
21.654361237907366
],
[
0.08512198470533107,
0.027030131301765015,
0.9960038251541179,
13.048958480417014
],
[
0.0946138852971655,
-0.9953341259077257,
0.01892592170749874,
0.18895433767579783
],
[
0.0,
0.0,
0.0,
1.0
]
],
"at_element": 4,
"to_element": 5
},
{
"pose": [
[
-0.18848479340491453,
-0.09262477965057325,
0.9776983854184221,
21.651026745839918
],
[
0.9820336801439111,
-0.027030131301811755,
0.18675980045184615,
13.04798539569014
],
[
0.00912873036699191,
0.9953341259077223,
0.09605542194690098,
0.22478636620878695
],
[
0.0,
0.0,
0.0,
1.0
]
],
"at_element": 5,
"to_element": 4
},
{
"pose": [
[
-0.0005470640308320451,
0.9961834725365981,
-0.08728224198467299,
21.651798913087347
],
[
-0.01904634725704718,
0.0872560423954093,
0.9960038251541278,
13.07819793696616
],
[
0.9998184522087548,
0.0022072857575266003,
0.01892592170739582,
0.1895099416317693
],
[
0.0,
0.0,
0.0,
1.0
]
],
"at_element": 4,
"to_element": 10
},
{
"pose": [
[
-0.08707691351593039,
-0.9961834725366061,
0.006008342321146179,
21.61593630807565
],
[
0.9917618518476679,
-0.08725604239531837,
-0.09378066050732989,
13.075056719439894
],
[
0.09394700821326796,
-0.002207285757508934,
0.9955747523603443,
0.18943047934450072
],
[
0.0,
0.0,
0.0,
1.0
]
],
"at_element": 10,
"to_element": 4
},
{
"pose": [
[
-0.01318823365386379,
-0.993412278855863,
0.11383371517916907,
19.265043404432877
],
[
0.03762995128496943,
0.11326988232600077,
0.9928514090860447,
11.67940673922367
],
[
-0.9992047123884984,
0.0173775135233738,
0.035888225985175715,
0.19212607405262652
],
[
0.0,
0.0,
0.0,
1.0
]
],
"at_element": 7,
"to_element": 15
},
{
"pose": [
[
-0.11433233636552265,
0.9934122788558679,
0.007756357366197245,
19.300806246472135
],
[
-0.9899359599568449,
-0.11326988232593371,
-0.08483353665967852,
11.675329023459884
],
[
-0.08339611529034702,
-0.017377513523526067,
0.9963649481882725,
0.19150048356577953
],
[
0.0,
0.0,
0.0,
1.0
]
],
"at_element": 15,
"to_element": 7
},
{
"pose": [
[
-0.11258948340602526,
-0.11816516164002945,
-0.9865903926153702,
19.2967702747911
],
[
0.09672596371937821,
-0.9894914688214851,
0.10747428097948653,
11.63732328403006
],
[
-0.9889224924982353,
-0.08332843274708701,
0.12283597244696798,
0.21650114791373218
],
[
0.0,
0.0,
0.0,
1.0
]
],
"at_element": 8,
"to_element": 15
},
{
"pose": [
[
0.992963661719241,
0.11816516164048746,
0.007756357366331949,
19.301024220610216
],
[
-0.1170893000524223,
0.9894914688216251,
-0.08483353666125638,
11.67294497690812
],
[
-0.01769921801522881,
0.08332843274477435,
0.996364948188137,
0.21950097149264958
],
[
0.0,
0.0,
0.0,
1.0
]
],
"at_element": 15,
"to_element": 8
},
{
"pose": [
[
-0.12597670506525116,
-0.1037750788000974,
-0.9865903926153631,
20.327883151697907
],
[
-0.022912942354507387,
-0.9939437992163229,
0.10747428097959551,
11.52499894367242
],
[
-0.991768555084079,
0.03614494459057306,
0.12283597244692879,
0.08812187938905267
],
[
0.0,
0.0,
0.0,
1.0
]
],
"at_element": 8,
"to_element": 14
},
{
"pose": [
[
0.9926641604320015,
0.10377507880066661,
0.062037066450189075,
20.33161905453478
],
[
-0.10577133528414848,
0.9939437992162584,
0.029801822624773516,
11.560780920444676
],
[
-0.05856867102844305,
-0.03614494459071217,
0.9976288156195652,
0.08682066138375219
],
[
0.0,
0.0,
0.0,
1.0
]
],
"at_element": 14,
"to_element": 8
},
{
"pose": [
[
-0.06102727812387565,
0.9975600239068546,
0.033906784391133926,
20.37493447341888
],
[
-0.060385817226815575,
0.03021794487883822,
-0.9977176097900393,
11.565425198043474
],
[
-0.9963077960161913,
-0.06293547894673718,
0.058394358349964426,
0.20360805927982042
],
[
0.0,
0.0,
0.0,
1.0
]
],
"at_element": 9,
"to_element": 14
},
{
"pose": [
[
-0.03202188454017696,
-0.9975600239067945,
0.062037066448789466,
20.339022312558008
],
[
0.9990989576490932,
-0.03021794487861973,
0.029801822625616006,
11.564337352027838
],
[
-0.027854474236494762,
0.06293547894779737,
0.997628815619627,
0.20587373652190727
],
[
0.0,
0.0,
0.0,
1.0
]
],
"at_element": 14,
"to_element": 9
},
{
"pose": [
[
0.9999383198262155,
-0.009341111586857584,
0.006008342321064736,
21.62159975235734
],
[
0.009863562487932095,
0.9955440210507966,
-0.09378066050661792,
12.98665936837338
],
[
-0.005105553659680938,
0.09383413975911294,
0.9955747523604118,
1.1278560611364536
],
[
0.0,
0.0,
0.0,
1.0
]
],
"at_element": 10,
"to_element": 22
},
{
"pose": [
[
0.08206331818833013,
0.009341111587365641,
-0.9965833409415559,
21.62193603237447
],
[
0.0942849142788519,
-0.9955440210509039,
-0.0015675105189601399,
12.950819783615195
],
[
-0.9921572288439724,
-0.09383413975792546,
-0.08257837167527393,
1.1244780321051153
],
[
0.0,
0.0,
0.0,
1.0
]
],
"at_element": 22,
"to_element": 10
},
{
"pose": [
[
-0.0004849860871520839,
0.08259182372389934,
-0.9965833409416676,
21.59379939302708
],
[
0.9999137132606446,
-0.013042581956239196,
-0.0015675105181289228,
12.95077552793045
],
[
-0.013127483452852806,
-0.9964981092354743,
-0.08257837167394344,
1.1221465884954647
],
[
0.0,
0.0,
0.0,
1.0
]
],
"at_element": 22,
"to_element": 23
},
{
"pose": [
[
0.9961668558881968,
-0.0825918237225019,
-0.02881294646536242,
21.590826087373042
],
[
-0.027828796762501877,
0.013042581954100796,
-0.9995276129886166,
12.951245060880833
],
[
0.08292860363334253,
0.996498109235618,
0.010694156781262842,
1.1580205204282732
],
[
0.0,
0.0,
0.0,
1.0
]
],
"at_element": 23,
"to_element": 22
},
{
"pose": [
[
-0.995328624849436,
0.04935435095286124,
0.08297636167820788,
21.58800718173693
],
[
-0.05272461855765739,
-0.9978500628145035,
-0.038927711710826554,
14.210769260912047
],
[
0.08087671576715075,
-0.043120762784458005,
0.9957909201552332,
1.109243738423462
],
[
0.0,
0.0,
0.0,
1.0
]
],
"at_element": 11,
"to_element": 21
},
{
"pose": [
[
0.07492898632465583,
-0.049354350953055404,
0.9959667640289821,
21.586230425102595
],
[
0.04675084557805803,
0.997850062814485,
0.04593049726341963,
14.246691863174032
],
[
-0.9960923679288464,
0.0431207627846617,
0.07707525135069504,
1.1107960858837467
],
[
0.0,
0.0,
0.0,
1.0
]
],
"at_element": 21,
"to_element": 11
},
{
"pose": [
[
0.032763214319834866,
-0.9960127987079724,
0.08297636167815836,
21.591203426016428
],
[
0.9988031654109292,
0.02961199125529912,
-0.03892771171035306,
14.209269767883526
],
[
0.036315403791515696,
0.08415244966017373,
0.9957909201552558,
1.1476015425950747
],
[
0.0,
0.0,
0.0,
1.0
]
],
"at_element": 11,
"to_element": 23
},
{
"pose": [
[
-0.08442937241169135,
0.9960127987080434,
-0.028812946464021105,
21.627059886770283
],
[
-0.00822683699646548,
-0.02961199125669478,
-0.9995276129886793,
14.208203736198325
],
[
-0.9963955039175968,
-0.08415244965884272,
0.010694156779027741,
1.1445720544072788
],
[
0.0,
0.0,
0.0,
1.0
]
],
"at_element": 23,
"to_element": 11
},
{
"pose": [
[
-0.9882848793697985,
0.04796836732202515,
0.14488627590452288,
20.42931916831552
],
[
-0.05070088690758282,
-0.9985978352432447,
-0.01522443806153706,
14.229894108683464
],
[
0.14395283003750484,
-0.022391944622215186,
0.9893311799090478,
0.9987291727061566
],
[
0.0,
0.0,
0.0,
1.0
]
],
"at_element": 12,
"to_element": 18
},
{
"pose": [
[
0.11043634712934491,
-0.047968367322949824,
-0.9927249613911688,
20.42759230709191
],
[
-0.01697808496260198,
0.9985978352431844,
-0.05014088230804088,
14.26584363075255
],
[
0.9937381736975439,
0.022391944622937466,
0.10946708615960232,
0.9995352827125533
],
[
0.0,
0.0,
0.0,
1.0
]
],
"at_element": 18,
"to_element": 12
},
{
"pose": [
[
0.988293857406033,
-0.04778303535797804,
0.14488627590452413,
20.432796438635968
],
[
0.05051362092715517,
0.9986073255221677,
-0.01522443806158867,
14.229528722201636
],
[
-0.14395702662368148,
0.022364949037315042,
0.989331179909047,
1.022473118966873
],
[
0.0,
0.0,
0.0,
1.0
]
],
"at_element": 12,
"to_element": 21
},
{
"pose": [
[
-0.07594067738471133,
0.04778303535792572,
0.9959667640289682,
20.434516627908874
],
[
-0.02595763538071823,
-0.9986073255221739,
0.045930497263724,
14.193578858482468
],
[
0.9967744051107015,
-0.02236494903715397,
0.07707525135069371,
1.0216679808015299
],
[
0.0,
0.0,
0.0,
1.0
]
],
"at_element": 21,
"to_element": 12
},
{
"pose": [
[
0.0036331480640319214,
-0.9894416442063938,
0.14488627590387176,
20.439462443828752
],
[
0.9998830615250156,
0.0014421376785409556,
-0.015224438061158446,
14.228828268121056
],
[
0.014854747069766541,
0.14492464576138928,
0.9893311799091491,
1.0679907964797015
],
[
0.0,
0.0,
0.0,
1.0
]
],
"at_element": 12,
"to_element": 24
},
{
"pose": [
[
-0.14461929334492885,
0.9894416442064786,
-0.009512765233811005,
20.475082343020535
],
[
0.0558087252080916,
-0.00144213767868262,
-0.9984404370965568,
14.228776351164626
],
[
-0.9879122664402247,
-0.14492464576080877,
-0.055010915898964674,
1.062773509232264
],
[
0.0,
0.0,
0.0,
1.0
]
],
"at_element": 24,
"to_element": 12
},
{
"pose": [
[
0.049908847008707236,
0.07456079358406614,
0.9959667640289889,
20.477431465212284
],
[
-0.9974757881160536,
0.05415202252288687,
0.04593049726421766,
14.195557940404198
],
[
-0.05050900031201383,
-0.9957450710482052,
0.0770752513501316,
1.0249890473183019
],
[
0.0,
0.0,
0.0,
1.0
]
],
"at_element": 21,
"to_element": 24
},
{
"pose": [
[
0.9971710963309153,
-0.07456079358353157,
-0.009512765233853679,
20.474747276643257
],
[
-0.013573946638890562,
-0.05415202252147511,
-0.9984404370965142,
14.193608467593378
],
[
0.07392937585861908,
0.9957450710483219,
-0.05501091589973206,
1.060835869876325
],
[
0.0,
0.0,
0.0,
1.0
]
],
"at_element": 24,
"to_element": 21
},
{
"pose": [
[
0.9885413718793564,
0.03628996639757189,
0.14652301669615958,
20.440654784978438
],
[
-0.030411658644314728,
0.9986478313141104,
-0.042162068617724986,
12.910256978665384
],
[
-0.14785495291461032,
0.03722294118533858,
0.9883083352618914,
1.0880856643481656
],
[
0.0,
0.0,
0.0,
1.0
]
],
"at_element": 13,
"to_element": 19
},
{
"pose": [
[
0.062455387620255154,
-0.03628996639751281,
0.9973877695741366,
20.43934834618811
],
[
-0.03944108790906811,
-0.9986478313141076,
-0.03386605374380611,
12.874305656737604
],
[
0.9972681310168056,
-0.0372229411854651,
-0.06380225315575094,
1.0867456384654737
],
[
0.0,
0.0,
0.0,
1.0
]
],
"at_element": 19,
"to_element": 13
},
{
"pose": [
[
-0.9891937695560675,
0.005166415557637191,
0.14652301669616077,
20.43118830940304
],
[
-0.011463067785879941,
-0.9990450230329029,
-0.04216206861768754,
12.912980961571122
],
[
0.14616526382281778,
-0.043386058860791624,
0.9883083352618929,
1.0242336025514933
],
[
0.0,
0.0,
0.0,
1.0
]
],
"at_element": 13,
"to_element": 22
},
{
"pose": [
[
-0.08243150312870506,
-0.005166415557679837,
-0.996583340941553,
20.431002318442964
],
[
-0.0436644576739877,
0.9990450230329001,
-0.0015675105194688094,
12.948946582400671
],
[
0.9956397252158931,
0.043386058860853824,
-0.08257837167529836,
1.0257955006704984
],
[
0.0,
0.0,
0.0,
1.0
]
],
"at_element": 22,
"to_element": 13
},
{
"pose": [
[
0.007511189773528271,
-0.9891787440126103,
0.14652301669642506,
20.426946673006757
],
[
0.9991098842822916,
0.0013413050668766857,
-0.042162068617934166,
12.914201494486862
],
[
0.041509290015752646,
0.14670928155489135,
0.9883083352618431,
0.9956234585610094
],
[
0.0,
0.0,
0.0,
1.0
]
],
"at_element": 13,
"to_element": 24
},
{
"pose": [
[
-0.14640669278170826,
0.9891787440125901,
-0.009512765234017562,
20.462557107791636
],
[
0.05581123964876583,
-0.0013413050667103743,
-0.9984404370965682,
12.914153207504455
],
[
-0.9876488170587715,
-0.14670928155502982,
-0.055010915898723534,
0.9903419244249606
],
[
0.0,
0.0,
0.0,
1.0
]
],
"at_element": 24,
"to_element": 13
},
{
"pose": [
[
0.03450075201421099,
0.06346128910157628,
0.997387769574111,
20.408035246117006
],
[
0.9993652892210352,
-0.011050298821439153,
-0.03386605374285084,
12.875368885265408
],
[
0.008872249467338,
0.9979231211278368,
-0.06380225315665777,
1.088748717306796
],
[
0.0,
0.0,
0.0,
1.0
]
],
"at_element": 19,
"to_element": 27
},
{
"pose": [
[
-0.9978502912664764,
-0.0634612891025156,
0.016354235073979175,
20.405750639709307
],
[
-0.017088850528416463,
0.011050298823659377,
-0.9997929095985454,
12.875766696023012
],
[
0.0632674276940787,
-0.9979231211277524,
-0.012111024383583358,
1.0528234849460383
],
[
0.0,
0.0,
0.0,
1.0
]
],
"at_element": 27,
"to_element": 19
},
{
"pose": [
[
0.006022748619517682,
-0.08237336375813109,
-0.9965833409415574,
20.459942135369825
],
[
-0.9985373258559754,
-0.054043980082600473,
-0.001567510519570603,
12.948992101391008
],
[
-0.053730209114273675,
0.9951351049782144,
-0.08257837167524129,
1.028193496763975
],
[
0.0,
0.0,
0.0,
1.0
]
],
"at_element": 22,
"to_element": 24
},
{
"pose": [
[
-0.996556138027749,
0.0823733637580914,
-0.00951276523390785,
20.462907576465145
],
[
0.013997920815641794,
0.05404398008302469,
-0.9984404370965875,
12.950937684673999
],
[
-0.08173078962090918,
-0.9951351049781948,
-0.05501091589839158,
0.9923686329844038
],
[
0.0,
0.0,
0.0,
1.0
]
],
"at_element": 24,
"to_element": 22
},
{
"pose": [
[
0.998060913914974,
0.005080797325710305,
0.06203706645016294,
20.388975224395196
],
[
-0.006940694392202808,
0.9995317294261584,
0.029801822623909586,
11.588334099509993
],
[
-0.06185659929676802,
-0.03017461464357051,
0.9976288156195926,
1.0091751678188168
],
[
0.0,
0.0,
0.0,
1.0
]
],
"at_element": 14,
"to_element": 25
},
{
"pose": [
[
0.09314829234642252,
-0.005080797326943458,
0.9956392826377773,
20.388792315691468
],
[
0.029570749055230258,
-0.9995317294261228,
-0.00786718950683706,
11.552350957250265
],
[
0.9952130256549387,
0.03017461464453875,
-0.09295443075935417,
1.0102614539459835
],
[
0.0,
0.0,
0.0,
1.0
]
],
"at_element": 25,
"to_element": 14
},
{
"pose": [
[
-0.01890507045259615,
-0.997894784382361,
0.06203706644953047,
20.390860887851943
],
[
0.9994098703262994,
-0.017081055664190492,
0.029801822624904734,
11.58923994840135
],
[
-0.028679424777213167,
0.06256386209208886,
0.9976288156196023,
1.0394988486221703
],
[
0.0,
0.0,
0.0,
1.0
]
],
"at_element": 14,
"to_element": 27
},
{
"pose": [
[
-0.06275777479746214,
0.9978947843824161,
0.016354235073591794,
20.42678510009009
],
[
0.011062343959141407,
0.017081055664554534,
-0.99979290959854,
11.589854866405267
],
[
-0.9979674775505466,
-0.06256386209111187,
-0.01211102438457079,
1.0372465495868537
],
[
0.0,
0.0,
0.0,
1.0
]
],
"at_element": 27,
"to_element": 14
},
{
"pose": [
[
0.9998453982859485,
0.015780318337001685,
0.007756357366439725,
19.307989682827706
],
[
-0.015065964947777287,
0.996281229251087,
-0.0848335366593632,
11.596761690545566
],
[
-0.009066213465685747,
0.0847035642409814,
0.9963649481882974,
1.1142692336498663
],
[
0.0,
0.0,
0.0,
1.0
]
],
"at_element": 15,
"to_element": 25
},
{
"pose": [
[
0.09194237554941198,
-0.015780318338099522,
0.9956392826377831,
19.307421591367568
],
[
-0.08580104644477672,
-0.9962812292511802,
-0.007867189506973453,
11.560895566292121
],
[
0.9920608751519799,
-0.08470356423968006,
-0.09295443075928245,
1.11121990533716
],
[
0.0,
0.0,
0.0,
1.0
]
],
"at_element": 25,
"to_element": 15
},
{
"pose": [
[
-0.014442465172938013,
0.9998656180308089,
0.007756357366515636,
19.30821996693502
],
[
-0.9963004963489074,
-0.013732881444955547,
-0.08483353665938839,
11.594243006279639
],
[
-0.08471561942551958,
-0.008952868092819408,
0.9963649481882947,
1.1438510336896033
],
[
0.0,
0.0,
0.0,
1.0
]
],
"at_element": 15,
"to_element": 26
},
{
"pose": [
[
0.009159192143130657,
-0.9998656180308089,
-0.013596142068755201,
19.272224804685518
],
[
0.015035506671896015,
0.013732881444810219,
-0.9997926492560056,
11.594737390011662
],
[
0.9998450093581528,
0.008952868093038635,
0.01515926827073355,
1.144173336940951
],
[
0.0,
0.0,
0.0,
1.0
]
],
"at_element": 26,
"to_element": 15
},
{
"pose": [
[
0.0030898778587261644,
-0.9988694181622262,
-0.04743772881445989,
19.253862592952927
],
[
0.9781068618860904,
0.012889794690831624,
-0.20770368298172487,
12.889203681770447
],
[
0.20808031955512468,
-0.0457573890544936,
0.9770408599238585,
1.1229058752835845
],
[
0.0,
0.0,
0.0,
1.0
]
],
"at_element": 16,
"to_element": 26
},
{
"pose": [
[
0.04555250137012812,
0.9988694181622344,
-0.013596142069123629,
19.28982189200717
],
[
-0.015764253438964093,
-0.012889794690342349,
-0.999792649256011,
12.88873964916157
],
[
-0.9988375533250823,
0.04575738905444843,
0.015159268270047432,
1.1245531412895815
],
[
0.0,
0.0,
0.0,
1.0
]
],
"at_element": 26,
"to_element": 16
},
{
"pose": [
[
-0.03202769582310472,
-0.06474460444128127,
0.9973877695741034,
19.316400823135908
],
[
-0.9990480071953031,
-0.027498540379277125,
-0.033866053742690805,
12.912435060693824
],
[
0.029619352108988473,
-0.9975229152619759,
-0.06380225315686339,
1.158579868172332
],
[
0.0,
0.0,
0.0,
1.0
]
],
"at_element": 19,
"to_element": 20
},
{
"pose": [
[
0.9978224829604282,
0.06474460444230928,
0.012586846082119216,
19.31873162889585
],
[
0.010824537075881688,
0.02749854037742483,
-0.9995632344550314,
12.913425008147449
],
[
-0.06506244612507985,
0.9975229152619602,
0.026737831465940554,
1.1944906931220551
],
[
0.0,
0.0,
0.0,
1.0
]
],
"at_element": 20,
"to_element": 19
},
{
"pose": [
[
0.032882999492730436,
0.06431442643970586,
0.9973877695741474,
19.292463518740394
],
[
0.9993247165670512,
0.014254868010308508,
-0.03386605374399765,
12.913247845913244
],
[
-0.016395706832696866,
0.997827867565213,
-0.0638022531554796,
1.1601111221153808
],
[
0.0,
0.0,
0.0,
1.0
]
],
"at_element": 19,
"to_element": 26
},
{
"pose": [
[
-0.9978370605828459,
-0.06431442643945251,
-0.01359614206861541,
19.290148199388547
],
[
0.014541569091495905,
-0.01425486801070397,
-0.9997926492560117,
12.912734670664857
],
[
0.06410727958463822,
-0.9978278675652236,
0.015159268270446669,
1.1241893188826078
],
[
0.0,
0.0,
0.0,
1.0
]
],
"at_element": 26,
"to_element": 19
},
{
"pose": [
[
0.9963329551145236,
-0.05115000525716733,
-0.06858804206968284,
19.334710900816603
],
[
0.051470231850790804,
0.9986702934841145,
0.0029086329397783424,
14.246689150054346
],
[
0.06834806351307014,
-0.00642820927975117,
0.9976408273218719,
1.1196120844539528
],
[
0.0,
0.0,
0.0,
1.0
]
],
"at_element": 17,
"to_element": 18
},
{
"pose": [
[
-0.10899921097682608,
0.05115000525537167,
-0.9927249613910213,
19.33655230100589
],
[
-0.011980685841312608,
-0.9986702934842071,
-0.05014088231113824,
14.210737019488374
],
[
-0.9939696349351931,
0.006428209279659043,
0.10946708615952006,
1.1198434999879487
],
[
0.0,
0.0,
0.0,
1.0
]
],
"at_element": 18,
"to_element": 17
},
{
"pose": [
[
-0.052885956945994295,
-0.10816758566576129,
-0.9927249613911937,
19.29851292009747
],
[
0.9983511490548098,
-0.027944142539297223,
-0.05014088230859548,
14.20881571379403
],
[
-0.022317229640962,
-0.9937398544432964,
0.10946708615912326,
1.1240380758768471
],
[
0.0,
0.0,
0.0,
1.0
]
],
"at_element": 18,
"to_element": 20
},
{
"pose": [
[
0.9940529888879406,
0.10816758566528648,
0.012586846082115237,
19.302406953181467
],
[
0.009615883917985686,
0.027944142539216954,
-0.9995632344550412,
14.20982170292547
],
[
-0.10847207041182433,
0.9937398544433501,
0.02673783146557307,
1.1598127106372427
],
[
0.0,
0.0,
0.0,
1.0
]
],
"at_element": 20,
"to_element": 18
}
],
"contact_residues": [
3.333946139916844e-14,
2.5556116558788182e-14,
2.1391143617888418e-14,
2.712018745716038e-14,
2.7058569170875665e-14,
2.3019029497811423e-14,
2.696523899488855e-14,
2.868734271268626e-14,
1.9956730067040624e-14,
2.2499999724981396e-06,
2.2499999744792933e-06,
2.3595878341686145e-14,
8.33239244015283e-15,
1.496804844270201e-14,
3.044228450239533e-14,
2.231492099901921e-14,
2.248770030119888e-14,
2.7282857969742112e-14,
3.160408481777591e-14,
3.358236957908771e-14,
3.291331240421669e-14,
3.0425770736888724e-14,
2.5104953433825838e-14,
2.8591743060602696e-14,
2.873183511009171e-14,
2.834003032847079e-14,
2.7948920668077632e-14,
2.4400639516929413e-14,
2.5397142686482052e-14,
2.2059705136003437e-14,
3.3824071472420707e-14,
2.5813857079914057e-14,
2.761818270342116e-14,
2.102935370249111e-14,
2.395372454674768e-14,
2.9014170914292504e-14,
2.8666565826427016e-14,
2.958634547478001e-14,
2.8318536947463938e-14,
2.773214425446481e-14,
2.6795378468156265e-14,
2.7971748782551022e-14,
2.91703565407689e-14,
2.8057695541908946e-14
],
"collision_dists": [
0.03,
0.03,
0.03,
0.03,
0.03,
0.03,
0.03,
0.03,
0.03,
0.03,
0.03,
0.03,
0.03,
0.03,
0.03,
0.03,
0.03,
0.03,
0.03,
0.03,
0.03,
0.03,
0.03,
0.03,
0.03,
0.03,
0.03,
0.03,
0.03,
0.03,
0.03,
0.03,
0.03,
0.03,
0.03,
0.03,
0.03,
0.03,
0.03,
0.03,
0.03,
0.03,
0.03,
0.03,
0.03,
0.03,
0.03,
0.03,
0.03,
0.03,
0.03,
0.03,
0.03,
0.03,
0.03,
0.03,
0.03,
0.03,
0.03,
0.03,
0.03,
0.03,
0.03,
0.03,
0.03,
0.03,
0.03,
0.03,
0.03,
0.03,
0.03,
0.03,
0.03,
0.03,
0.025,
0.025,
0.025,
0.025,
0.025,
0.025,
0.025,
0.025,
0.025,
0.025,
0.025,
0.025,
0.025,
0.025,
0.025,
0.025,
0.025,
0.025,
0.025,
0.025,
0.025,
0.025,
0.025,
0.025,
0.025,
0.025,
0.025,
0.025,
0.025,
0.025,
0.025,
0.025,
0.025,
0.025,
0.025,
0.025,
0.025,
0.025,
0.025,
0.025,
0.025,
0.025,
0.025,
0.025,
0.025,
0.025,
0.025,
0.025,
0.025,
0.025,
0.025,
0.025,
0.025,
0.025,
0.025,
0.025,
0.025,
0.025,
0.025,
0.025,
0.025,
0.025,
0.025,
0.025,
0.025,
0.025,
0.025,
0.025,
0.025,
0.025,
0.025,
0.025,
0.025,
0.025
],
"collision_id_pairs": [
[
0,
1
],
[
0,
3
],
[
0,
6
],
[
0,
12
],
[
0,
17
],
[
1,
2
],
[
1,
7
],
[
1,
16
],
[
1,
17
],
[
2,
5
],
[
2,
6
],
[
2,
7
],
[
2,
9
],
[
2,
13
],
[
2,
16
],
[
3,
4
],
[
3,
6
],
[
3,
11
],
[
3,
12
],
[
4,
5
],
[
4,
10
],
[
4,
11
],
[
5,
6
],
[
5,
9
],
[
5,
10
],
[
5,
13
],
[
6,
9
],
[
6,
12
],
[
6,
13
],
[
7,
8
],
[
7,
15
],
[
7,
16
],
[
8,
9
],
[
8,
14
],
[
8,
15
],
[
9,
13
],
[
9,
14
],
[
10,
22
],
[
10,
23
],
[
11,
21
],
