{
"contact_id_pairs": [
[
0,
23
],
[
13,
23
],
[
0,
28
],
[
15,
28
],
[
28,
29
],
[
1,
7
],
[
7,
20
],
[
1,
16
],
[
5,
16
],
[
2,
27
],
[
27,
33
],
[
2,
3
],
[
2,
25
],
[
3,
25
],
[
25,
28
],
[
3,
13
],
[
13,
19
],
[
4,
32
],
[
27,
32
],
[
4,
5
],
[
4,
6
],
[
4,
24
],
[
6,
24
],
[
6,
7
],
[
6,
14
],
[
7,
31
],
[
14,
31
],
[
8,
26
],
[
14,
15
],
[
14,
26
],
[
15,
26
],
[
8,
12
],
[
8,
22
],
[
12,
22
],
[
21,
22
],
[
9,
22
],
[
9,
23
],
[
9,
18
],
[
18,
19
],
[
10,
21
],
[
20,
21
],
[
10,
17
],
[
16,
17
],
[
11,
24
],
[
11,
26
],
[
24,
26
],
[
25,
26
],
[
11,
12
],
[
11,
17
],
[
12,
17
],
[
12,
18
],
[
0,
15
],
[
0,
28
],
[
15,
28
],
[
15,
29
],
[
28,
29
],
[
2,
27
],
[
27,
33
],
[
29,
33
],
[
30,
33
],
[
30,
31
],
[
30,
32
]
],
"contact_t_bound_pairs": [
[
[
0.6,
0.9
],
[
0.6,
0.9
]
],
[
[
0.6,
0.9
],
[
0.6,
0.9
]
],
[
[
0.1,
0.4
],
[
0.6,
0.9
]
],
[
[
0.6,
0.9
],
[
0.6,
0.9
]
],
[
[
0.6,
0.9
],
[
0.6,
0.9
]
],
[
[
0.6,
0.9
],
[
0.6,
0.9
]
],
[
[
0.6,
0.9
],
[
0.1,
0.4
]
],
[
[
0.1,
0.4
],
[
0.1,
0.4
]
],
[
[
0.1,
0.4
],
[
0.1,
0.4
]
],
[
[
0.6,
0.9
],
[
0.6,
0.9
]
],
[
[
0.6,
0.9
],
[
0.1,
0.4
]
],
[
[
0.1,
0.4
],
[
0.6,
0.9
]
],
[
[
0.1,
0.4
],
[
0.6,
0.9
]
],
[
[
0.6,
0.9
],
[
0.6,
0.9
]
],
[
[
0.6,
0.9
],
[
0.1,
0.4
]
],
[
[
0.1,
0.4
],
[
0.1,
0.4
]
],
[
[
0.1,
0.4
],
[
0.6,
0.9
]
],
[
[
0.6,
0.9
],
[
0.1,
0.4
]
],
[
[
0.1,
0.4
],
[
0.1,
0.4
]
],
[
[
0.1,
0.4
],
[
0.6,
0.9
]
],
[
[
0.1,
0.4
],
[
0.6,
0.9
]
],
[
[
0.1,
0.4
],
[
0.6,
0.9
]
],
[
[
0.6,
0.9
],
[
0.6,
0.9
]
],
[
[
0.1,
0.4
],
[
0.1,
0.4
]
],
[
[
0.1,
0.4
],
[
0.1,
0.4
]
],
[
[
0.1,
0.4
],
[
0.1,
0.4
]
],
[
[
0.1,
0.4
],
[
0.1,
0.4
]
],
[
[
0.6,
0.9
],
[
0.6,
0.9
]
],
[
[
0.6,
0.9
],
[
0.1,
0.4
]
],
[
[
0.6,
0.9
],
[
0.6,
0.9
]
],
[
[
0.1,
0.4
],
[
0.6,
0.9
]
],
[
[
0.1,
0.4
],
[
0.6,
0.9
]
],
[
[
0.1,
0.4
],
[
0.1,
0.4
]
],
[
[
0.6,
0.9
],
[
0.1,
0.4
]
],
[
[
0.6,
0.9
],
[
0.1,
0.4
]
],
[
[
0.6,
0.9
],
[
0.6,
0.9
]
],
[
[
0.6,
0.9
],
[
0.1,
0.4
]
],
[
[
0.1,
0.4
],
[
0.6,
0.9
]
],
[
[
0.6,
0.9
],
[
0.1,
0.4
]
],
[
[
0.6,
0.9
],
[
0.1,
0.4
]
],
[
[
0.6,
0.9
],
[
0.1,
0.4
]
],
[
[
0.1,
0.4
],
[
0.1,
0.4
]
],
[
[
0.6,
0.9
],
[
0.1,
0.4
]
],
[
[
0.6,
0.9
],
[
0.1,
0.4
]
],
[
[
0.6,
0.9
],
[
0.1,
0.4
]
],
[
[
0.1,
0.4
],
[
0.1,
0.4
]
],
[
[
0.1,
0.4
],
[
0.1,
0.4
]
],
[
[
0.1,
0.4
],
[
0.1,
0.4
]
],
[
[
0.1,
0.4
],
[
0.6,
0.9
]
],
[
[
0.1,
0.4
],
[
0.6,
0.9
]
],
[
[
0.1,
0.4
],
[
0.1,
0.4
]
],
[
[
0.1,
0.4
],
[
0.6,
0.9
]
],
[
[
0.1,
0.4
],
[
0.6,
0.9
]
],
[
[
0.6,
0.9
],
[
0.6,
0.9
]
],
[
[
0.6,
0.9
],
[
0.6,
0.9
]
],
[
[
0.6,
0.9
],
[
0.6,
0.9
]
],
[
[
0.6,
0.9
],
[
0.6,
0.9
]
],
[
[
0.6,
0.9
],
[
0.1,
0.4
]
],
[
[
0.1,
0.4
],
[
0.6,
0.9
]
],
[
[
0.1,
0.4
],
[
0.6,
0.9
]
],
[
[
0.6,
0.9
],
[
0.6,
0.9
]
],
[
[
0.6,
0.9
],
[
0.6,
0.9
]
]
],
"line_pt_pairs": [
[
[
20.108702725443866,
-19.892017231054727,
0.262704999999988
],
[
20.590738467371654,
-19.56266582410058,
0.8377034918637651
]
],
[
[
19.21076037740884,
-18.497372638295474,
1.2312213248424877
],
[
19.178427251560937,
-18.49640510210903,
0.5411606649626397
]
],
[
[
20.097945375346306,
-19.732715937380657,
0.8872223128564085
],
[
19.85394552496284,
-20.018289696678345,
0.6334700336798521
]
],
[
[
20.74541628961699,
-19.321456565828978,
0.9791986857242753
],
[
19.909258563367324,
-19.93710258857599,
0.813004448536364
]
],
[
[
19.129194071049746,
-18.957567688682087,
0.849310314064315
],
[
19.161667093517604,
-19.662960714044363,
0.9435339186067718
]
],
[
[
19.025347976470638,
-18.318494927987192,
1.158023291777271
],
[
19.195887348509125,
-19.32773030157967,
0.8562155213409806
]
],
[
[
19.067521262298392,
-19.157557819362935,
0.2627049999999953
],
[
19.207564753467565,
-19.058513340547787,
1.074958133549338
]
],
[
[
19.137072089950838,
-19.351385684772758,
0.40373506359808464
],
[
19.151080586564802,
-18.2623909522375,
0.7336801421581882
]
],
[
[
20.080051397863432,
-18.818040576080058,
0.6448474162114978
],
[
19.666719946969263,
-19.31814775880517,
0.3705653578946622
]
],
[
[
20.574020824398207,
-19.05689358464023,
1.1463359935947892
],
[
20.574012943097603,
-19.05690506045442,
0.6470162065218562
]
],
[
[
19.5189928276559,
-18.41618719133426,
1.2458795633270947
],
[
19.631548663723127,
-18.40659818206138,
0.5362732434296321
]
],
[
[
19.9592986306812,
-18.95675315093957,
1.0507963774987856
],
[
19.64318815896885,
-19.320607319466596,
0.8467138622443318
]
],
[
[
19.857627898756327,
-19.017438054820975,
1.1462590423504526
],
[
20.005064245500666,
-18.855439562877745,
0.46018728274299153
]
],
[
[
20.583033156755224,
-19.3417594390882,
1.140685035036658
],
[
20.63701970887297,
-19.457834286927252,
0.5977486632383884
]
],
[
[
19.008373803907627,
-19.153308829987186,
0.4627036082155746
],
[
19.81374579986467,
-19.350260551650972,
0.12283467704527024
]
],
[
[
19.643177252099832,
-19.228588838265782,
0.18749224818716406
],
[
20.195664735554473,
-19.938158209425225,
0.35897098663090743
]
],
[
[
18.976415934963637,
-18.507794559661995,
1.0459961339592083
],
[
19.632837273326338,
-18.371699294258008,
1.2271139177130428
]
],
[
[
19.41418635300145,
-18.318084130933475,
1.167597647667991
],
[
19.993057755132597,
-19.055491778087806,
0.9780216011184899
]
],
[
[
19.812101097096935,
-18.930487328755817,
0.9777079856352422
],
[
20.689958595597723,
-19.034349772240784,
0.9777298960333634
]
],
[
[
20.59221272582148,
-18.878293051083652,
0.9962026501886037
],
[
20.641486174299956,
-19.54523758389647,
1.0777245432916738
]
],
[
[
18.962598983889176,
-18.422689991056313,
0.6700767849871792
],
[
19.673075713492114,
-18.31073489735813,
0.6170061421550577
]
],
[
[
19.434608709489027,
-18.26048132857576,
0.6944840323854886
],
[
20.08195530013869,
-18.979801350768128,
0.43778356013746295
]
],
[
[
19.812161501929353,
-18.78898145232969,
0.49680732346472445
],
[
20.670886362339985,
-19.04856128555627,
0.8110896682555723
]
],
[
[
20.61491456016021,
-18.992430549764286,
0.8148131714934552
],
[
20.565113268855303,
-19.662441644361685,
0.7505705728010305
]
],
[
[
19.778303307604403,
-19.350260513880755,
0.9168058708820482
],
[
19.06390234240398,
-18.9974560516277,
0.8127085912932712
]
],
[
[
19.6983996578512,
-19.173388868601382,
0.8127236157025498
],
[
20.27161292829643,
-20.092016500201172,
0.812707082257403
]
],
[
[
19.7204730224955,
-19.281103850865858,
0.9999730327014309
],
[
19.743950918957044,
-19.297166366021028,
0.06270544013550898
]
],
[
[
18.978272894753825,
-19.556850331705817,
0.9143030832026728
],
[
20.049988503145048,
-19.945179549301645,
0.6601470212601928
]
],
[
[
20.276742144015266,
-20.03456528749228,
0.9679978087493076
],
[
20.100983172509142,
-19.740045577153307,
0.11422551145715748
]
],
[
[
19.855459093262315,
-20.03687524380665,
0.21770499999999537
],
[
20.13778045233136,
-19.747345419051143,
0.3029318527462021
]
],
[
[
19.92894740149076,
-19.897887669076965,
0.41769359406495515
],
[
19.067521262298392,
-19.65704744360429,
0.21770499999999537
]
],
[
[
19.172334586303418,
-19.117527881271453,
0.4578716245791293
],
[
19.159145278364964,
-19.772743155492496,
0.2504572758296685
]
],
[
[
19.18609741590562,
-19.579874520845067,
1.0223572787962782
],
[
19.267460739006857,
-19.68382546981303,
0.1715402003776764
]
],
[
[
19.655642724007162,
-19.83986193244775,
0.8144750273773547
],
[
19.950541785206145,
-19.953915266216885,
0.12291007696329698
]
]
],
"contact_t_pairs": [
[
0.8999976395510766,
0.8999771897138339
],
[
0.6673057884025694,
0.632429646263121
],
[
0.14645051037417325,
0.7129795556888132
],
[
0.8606637544045544,
0.7390643073595283
],
[
0.8038906877812341,
0.899998777987396
],
[
0.8262956977908076,
0.7849115964652582
],
[
0.8696325862551639,
0.25680945473114564
],
[
0.18059256984355404,
0.33680989515187965
],
[
0.18084913061740968,
0.13208328225241367
],
[
0.6778756941164745,
0.8920844054352346
],
[
0.6714361662354666,
0.10184015523765687
],
[
0.23187447893920107,
0.820868449457876
],
[
0.17781519238631707,
0.652151466225488
],
[
0.7877912207633235,
0.68585555809162
],
[
0.899999292852924,
0.18154986769369816
],
[
0.1475137354909723,
0.3576198219739186
],
[
0.16354401449560774,
0.718876170614351
],
[
0.8998881561393799,
0.10000297362062566
],
[
0.19749956055735404,
0.1895727007491922
],
[
0.35604924097381047,
0.8792071358150405
],
[
0.18136927804169595,
0.7355888114937855
],
[
0.10001243288318779,
0.8999922138763369
],
[
0.7066787269987497,
0.8333906267835545
],
[
0.263959721706667,
0.20332541419458292
],
[
0.1977845961856545,
0.10000299888626064
],
[
0.10534335763924903,
0.17465988282741213
],
[
0.1876321311685426,
0.1270925766737894
],
[
0.8999567178523866,
0.6410984852912676
],
[
0.8372618437585533,
0.10000058389103678
],
[
0.8999982118154595,
0.899999582581717
],
[
0.12437497371484724,
0.8437528199049629
],
[
0.18408749568558713,
0.8051438933693702
],
[
0.10004330897505138,
0.2799665581914411
],
[
0.8645895916420704,
0.20932678467623247
],
[
0.7397999561292499,
0.10007646225107236
],
[
0.7347696741651307,
0.8993272475482311
],
[
0.676840542130654,
0.10020700985015457
],
[
0.33767537619728555,
0.8727481148624373
],
[
0.8999491946840054,
0.2117987672822564
],
[
0.8562152331031334,
0.2369673329841661
],
[
0.7666511377776292,
0.11841675419886043
],
[
0.14624115348186892,
0.15996738821007386
],
[
0.7466739064183258,
0.10131787419854925
],
[
0.899994001392246,
0.15861420150333572
],
[
0.8311641107373088,
0.12559855111517024
],
[
0.10000115465628615,
0.10000375852793551
],
[
0.10000636607646601,
0.20025192198001088
],
[
0.14995364689754542,
0.1840905584546206
],
[
0.10000721578257138,
0.8975217792583159
],
[
0.22554418736385534,
0.8724200622977433
],
[
0.25887303430160635,
0.10000563490967848
],
[
0.10269086945610609,
0.8999947437551895
],
[
0.14645051037417325,
0.7129795556888132
],
[
0.8606637544045544,
0.7390643073595283
],
[
0.7954076224004271,
0.8419266389395608
],
[
0.8038906877812341,
0.899998777987396
],
[
0.6778756941164745,
0.8920844054352346
],
[
0.6714361662354666,
0.10184015523765687
],
[
0.25811235174099956,
0.8506115015018381
],
[
0.1000539456429876,
0.6005993752225445
],
[
0.8796679773224161,
0.8832305000185728
],
[
0.7893552353138236,
0.8999970392151778
]
],
"half_couplers": [
{
"pose": [
[
-0.26231207762668785,
-0.7649442662783333,
0.5882623933408229,
20.54253375535813
],
[
0.9156569104223048,
-0.004898459697245672,
0.4019308740175033,
-19.59560174221317
],
[
-0.304573137894743,
0.6440778482299302,
0.7017114286460304,
0.7802022854228163
],
[
0.0,
0.0,
0.0,
1.0
]
],
"at_element": 0,
"to_element": 23
},
{
"pose": [
[
-0.6398559192169639,
0.7649442664501256,
-0.07378801981414818,
20.5700945339675
],
[
0.1203364217247182,
0.004898459774388186,
-0.9927210840403912,
-19.595425251757145
],
[
-0.7590148537739592,
-0.6440778480253128,
-0.0951849643251359,
0.7569962980623332
],
[
0.0,
0.0,
0.0,
1.0
]
],
"at_element": 23,
"to_element": 0
},
{
"pose": [
[
0.1067079887200606,
0.9895690597784313,
0.09678058210483631,
20.619058695479293
],
[
0.974434343644225,
-0.08472510415244039,
-0.2080849986255782,
-19.419216856939148
],
[
-0.19771473154514352,
0.11651065468698421,
-0.9733109227140329,
0.7783804514013831
],
[
0.0,
0.0,
0.0,
1.0
]
],
"at_element": 13,
"to_element": 23
},
{
"pose": [
[
-0.12372713189690132,
-0.9895690604080138,
-0.07378801742673047,
20.583418747116802
],
[
-0.08559500375360551,
0.08472510747582951,
-0.9927210844419643,
-19.416165429312883
],
[
0.9886177684853672,
-0.11651064692297375,
-0.09518496198771698,
0.7741842475273814
],
[
0.0,
0.0,
0.0,
1.0
]
],
"at_element": 23,
"to_element": 13
},
{
"pose": [
[
-0.23611961360905975,
0.7734305953544732,
0.5882623923375804,
20.179297105867786
],
[
-0.7445504098166523,
-0.5330068089551019,
0.40193087571043196,
-19.843783549413843
],
[
0.6244134970602121,
-0.3430872422243716,
0.701711428517387,
0.34691382259781806
],
[
0.0,
0.0,
0.0,
1.0
]
],
"at_element": 0,
"to_element": 28
},
{
"pose": [
[
-0.6044128021215951,
-0.7734305966725743,
-0.191024283174227,
20.151429590602508
],
[
-0.7832240042053726,
0.533006809649338,
0.3200998283409988,
-19.8245787552732
],
[
-0.14575775748832084,
0.3430872381744037,
-0.9279255482708924,
0.3592756155665331
],
[
0.0,
0.0,
0.0,
1.0
]
],
"at_element": 28,
"to_element": 0
},
{
"pose": [
[
-0.15786958693965336,
-0.7815914743112268,
0.6034831901581901,
20.118683203871427
],
[
0.1141155652876289,
-0.6214928398948971,
-0.775064053945518,
-19.839289477258347
],
[
0.9808439382891594,
-0.05349221666166859,
0.18730657083517643,
0.3350777830167128
],
[
0.0,
0.0,
0.0,
1.0
]
],
"at_element": 15,
"to_element": 28
},
{
"pose": [
[
-0.5938219341692443,
0.7815914749872888,
-0.19102428308121486,
20.14684496147687
],
[
0.7150403861435151,
0.6214928387866678,
0.3200998243058278,
-19.816896281766876
],
[
0.36890751779169617,
0.05349221965934192,
-0.9279255496820238,
0.3370051772083314
],
[
0.0,
0.0,
0.0,
1.0
]
],
"at_element": 28,
"to_element": 15
},
{
"pose": [
[
0.6676750635892232,
0.7195274373998204,
-0.19102428193811952,
20.135451143527487
],
[
0.735326375111937,
-0.5973535164085131,
0.3200998258342597,
-19.797803634982753
],
[
0.11621158085950686,
-0.3541878643647067,
-0.9279255493900911,
0.2816582094705568
],
[
0.0,
0.0,
0.0,
1.0
]
],
"at_element": 28,
"to_element": 29
},
{
"pose": [
[
-0.12494669158986271,
-0.7195274489716053,
0.6831314474075699,
20.109547971424195
],
[
0.3903399302641344,
0.5973535118115215,
0.7005737083047243,
-19.776298755335787
],
[
-0.9121529822908755,
0.35418784860982483,
0.20622294924427143,
0.2944090633232932
],
[
0.0,
0.0,
0.0,
1.0
]
],
"at_element": 29,
"to_element": 28
},
{
"pose": [
[
-0.0012636185747940676,
0.9989032891373372,
-0.046804083355053025,
19.18404365462459
],
[
0.9999981339150715,
0.0013306279158480372,
0.0014005697854785233,
-18.496573167307158
],
[
0.0014613125852687842,
-0.04680222622866226,
-0.998903106505115,
0.6610271703690835
],
[
0.0,
0.0,
0.0,
1.0
]
],
"at_element": 1,
"to_element": 7
},
{
"pose": [
[
-0.045173894709513274,
-0.9989032889881007,
0.012310096893563438,
19.148067521392182
],
[
0.2902006511053142,
-0.0013306223764564251,
0.9569648956686672,
-18.496621090716253
],
[
-0.9558990016392033,
0.04680222957131841,
0.2899424942507187,
0.6627127819565506
],
[
0.0,
0.0,
0.0,
1.0
]
],
"at_element": 7,
"to_element": 1
},
{
"pose": [
[
-0.9931066186827577,
0.11656631266413012,
0.012310104808144665,
19.149254335090784
],
[
-0.022101745492978386,
-0.2893608548359907,
0.9569648940973479,
-18.40436037909987
],
[
0.11511193150435299,
0.9500960953716591,
0.28994249910088077,
0.6906660555884707
],
[
0.0,
0.0,
0.0,
1.0
]
],
"at_element": 7,
"to_element": 20
},
{
"pose": [
[
0.1261948078337206,
-0.11656630021854814,
0.985133071279799,
19.145056125417675
],
[
-0.9445488140013998,
0.2893608675780327,
0.1552347457337988,
-18.393938864489307
],
[
-0.30315410016089056,
-0.9500960930178839,
-0.07358672154535228,
0.6564477421392306
],
[
0.0,
0.0,
0.0,
1.0
]
],
"at_element": 20,
"to_element": 7
},
{
"pose": [
[
0.9774501748418268,
0.20591389695470944,
-0.046804088951792985,
19.204921255120894
],
[
0.20620382047061095,
-0.9785080596575686,
0.001400574348058359,
-18.49719790844915
],
[
-0.045509780542275696,
-0.011020173596894646,
-0.9989031062364799,
1.1066014969268474
],
[
0.0,
0.0,
0.0,
1.0
]
],
"at_element": 1,
"to_element": 16
},
{
"pose": [
[
0.2530547095541753,
-0.2059138910410564,
0.9452844986821606,
19.197505137113033
],
[
0.06412368239908726,
0.9785080607128694,
0.19598502104885543,
-18.46195632759061
],
[
-0.9653245398973512,
0.011020190391788282,
0.26082003005079146,
1.106998395715478
],
[
0.0,
0.0,
0.0,
1.0
]
],
"at_element": 16,
"to_element": 1
},
{
"pose": [
[
0.9682216016822187,
-0.19237054494251368,
0.1598139652046698,
19.056189873639838
],
[
0.09434511059282905,
-0.3108544242934488,
-0.9457634625023403,
-18.50101426788973
],
[
0.23161591081604463,
0.93078628069805,
-0.2828267482420028,
1.1034416188802891
],
[
0.0,
0.0,
0.0,
1.0
]
],
"at_element": 5,
"to_element": 16
},
{
"pose": [
[
0.2634972230769198,
0.19237054691411032,
0.9452845000901675,
19.063118219875104
],
[
-0.9300319357448859,
0.3108544230546534,
0.19598501514651345,
-18.489818650308425
],
[
-0.25614412334733044,
-0.9307862807042897,
0.2608200293829116,
1.0699187653116977
],
[
0.0,
0.0,
0.0,
1.0
]
],
"at_element": 16,
"to_element": 5
},
{
"pose": [
[
0.8413010277528918,
-0.04969660514297175,
-0.5382776496745815,
19.9325438074033
],
[
-0.44084582173329384,
-0.6393472818358386,
-0.6299920750846174,
-19.926299447686027
],
[
-0.3128378847937456,
0.7673104330363226,
-0.5597920660311171,
0.7152098104759629
],
[
0.0,
0.0,
0.0,
1.0
]
],
"at_element": 2,
"to_element": 27
},
{
"pose": [
[
-0.39426887656429477,
0.049696607751707256,
0.9176504237184779,
19.934333676061172
],
[
-0.6933077827881758,
0.6393472827316456,
-0.33250469228118396,
-19.90327277089792
],
[
-0.6032216601698523,
-0.7673104321209469,
-0.21761968996461079,
0.6875744237969549
],
[
0.0,
0.0,
0.0,
1.0
]
],
"at_element": 27,
"to_element": 2
},
{
"pose": [
[
-0.20839282934328995,
0.33836390181311005,
0.9176504228888616,
19.697861514146737
],
[
0.06363559296732912,
0.9409522512710662,
-0.33250469490761875,
-19.81758861280558
],
[
-0.9759728172372399,
-0.010896365344472969,
-0.21761968944993204,
0.7436535113465101
],
[
0.0,
0.0,
0.0,
1.0
]
],
"at_element": 27,
"to_element": 33
},
{
"pose": [
[
0.8573866879134224,
-0.3383639024821511,
0.38781172865954017,
19.685675290179105
],
[
-0.3035005151651087,
-0.940952251037096,
-0.14998766136831132,
-19.85147714166417
],
[
0.41566272948553507,
0.010896364773214623,
-0.9094535527179843,
0.7440459454702646
],
[
0.0,
0.0,
0.0,
1.0
]
],
"at_element": 33,
"to_element": 27
},
{
"pose": [
[
-0.685187171688947,
-0.49068901550455946,
-0.5382776512322125,
20.041368037177396
],
[
-0.05959749778958354,
0.7743113896455176,
-0.6299920714758623,
-19.798933204016517
],
[
0.7259247054689086,
-0.3995824845115131,
-0.5597920685946565,
0.8283836353427098
],
[
0.0,
0.0,
0.0,
1.0
]
],
"at_element": 2,
"to_element": 3
},
{
"pose": [
[
0.356312293890905,
0.4906890176696771,
-0.7951514554854116,
20.059040793368204
],
[
-0.24017821060922126,
-0.7743113875377847,
-0.5854539283990352,
-19.826820961936225
],
[
-0.9029706398165744,
0.39958248593710594,
-0.1580438564499378,
0.8427750799350001
],
[
0.0,
0.0,
0.0,
1.0
]
],
"at_element": 3,
"to_element": 2
},
{
"pose": [
[
0.6853781574931095,
-0.4904222192428979,
-0.5382776496420982,
20.054558495008138
],
[
-0.7137604833756628,
-0.3060326102269202,
-0.6299920744335107,
-19.78349529033066
],
[
0.14423159710233624,
0.815984122609361,
-0.5597920667951095,
0.8421013025161627
],
[
0.0,
0.0,
0.0,
1.0
]
],
"at_element": 2,
"to_element": 25
},
{
"pose": [
[
-0.6922722854154295,
0.49042221923107676,
0.5293818373633195,
20.072221532631964
],
[
-0.4319596859457484,
0.3060326121198954,
-0.8483836809113692,
-19.77247322546443
],
[
-0.5780743140491098,
-0.8159841219065107,
-1.5268004020851933e-05,
0.8127128333920556
],
[
0.0,
0.0,
0.0,
1.0
]
],
"at_element": 25,
"to_element": 2
},
{
"pose": [
[
0.591316226647832,
-0.13445925637408346,
-0.7951514500259044,
20.08669857370408
],
[
-0.8063506204888546,
-0.08391881136671775,
-0.5854539349394079,
-19.80645709764693
],
[
0.011991536190537944,
0.9873592767954964,
-0.1580438596898508,
0.8482723247261813
],
[
0.0,
0.0,
0.0,
1.0
]
],
"at_element": 3,
"to_element": 25
},
{
"pose": [
[
-0.8376607780709457,
0.13445925802280861,
0.5293818364975644,
20.09154116535794
],
[
-0.5226880141380472,
0.08391882341262402,
-0.8483836814516564,
-19.80343473555064
],
[
-0.15849814118153835,
-0.987359275547152,
-1.5264356200139773e-05,
0.8127122761473013
],
[
0.0,
0.0,
0.0,
1.0
]
],
"at_element": 25,
"to_element": 3
},
{
"pose": [
[
-0.006751068533480176,
-0.8483568191186615,
0.5293818381173679,
20.21429119590582
],
[
-0.004230587892719573,
-0.5293649335645041,
-0.8483836804408311,
-20.00015308743635
],
[
0.9999682620962219,
-0.007967092764307071,
-1.5269141954599164e-05,
0.8127087356136091
],
[
0.0,
0.0,
0.0,
1.0
]
],
"at_element": 25,
"to_element": 28
},
{
"pose": [
[
-0.4937615120559582,
0.8483568191692824,
-0.19102428270037067,
20.24483312599235
],
[
0.7856900592001862,
0.5293649334691223,
0.320099825190892,
-19.981095273047053
],
[
0.37268042621825703,
0.007967093711575335,
-0.9279255494551109,
0.812995561135373
],
[
0.0,
0.0,
0.0,
1.0
]
],
"at_element": 28,
"to_element": 25
},
{
"pose": [
[
0.25995622183950573,
0.5478657652939787,
-0.795151473585865,
20.622071539958263
],
[
-0.09362517273896065,
-0.8052813534499521,
-0.585453899820825,
-19.41227281038455
],
[
-0.9610708037166301,
0.22663857792674175,
-0.1580438712472414,
0.9546827529796137
],
[
0.0,
0.0,
0.0,
1.0
]
],
"at_element": 3,
"to_element": 13
},
{
"pose": [
[
-0.8309492445802218,
-0.547865741213714,
0.09678058966500667,
20.602339817912558
],
[
-0.555177918658815,
0.8052813831788952,
-0.208085012769184,
-19.38327010550805
],
[
0.03606704264594847,
-0.2266385305058105,
-0.9733109189385178,
0.9465202264109955
],
[
0.0,
0.0,
0.0,
1.0
]
],
"at_element": 13,
"to_element": 3
},
{
"pose": [
[
0.06420634338334519,
-0.9932326328194647,
0.09678058985072457,
20.59186233421734
],
[
-0.9745593369406629,
-0.08327503329141739,
-0.20808500093012183,
-19.360742785685765
],
[
0.2147362201658478,
-0.08095805045100528,
-0.9733109214511346,
1.051891041177089
],
[
0.0,
0.0,
0.0,
1.0
]
],
"at_element": 13,
"to_element": 19
},
{
"pose": [
[
0.09022134575307206,
0.9932326325682985,
0.07313717503398542,
20.62763423377665
],
[
-0.11426402057112922,
0.0832750484050373,
-0.9899540392947841,
-19.357743582844307
],
[
-0.9893451583615421,
0.08095803798626727,
0.12100394089445565,
1.054806796523771
],
[
0.0,
0.0,
0.0,
1.0
]
],
"at_element": 19,
"to_element": 13
},
{
"pose": [
[
-0.09481322802061798,
-0.9944509407511523,
0.04558265274706008,
19.15841615936262
],
[
0.12751413636885556,
-0.05754373701961302,
-0.9901660786736348,
-19.592342517628925
],
[
0.9872945846192086,
-0.08806840959712153,
0.1322624603302779,
0.9341010198208326
],
[
0.0,
0.0,
0.0,
1.0
]
],
"at_element": 4,
"to_element": 32
},
{
"pose": [
[
-0.04623060087005548,
0.9944509407419456,
0.09449898412497915,
19.1942339901594
],
[
0.9910157408917041,
0.057543737029031705,
-0.12073325819177036,
-19.590269924852553
],
[
-0.12550112687964468,
0.0880684096949245,
-0.988176817358992,
0.9372730409472051
],
[
0.0,
0.0,
0.0,
1.0
]
],
"at_element": 32,
"to_element": 4
},
{
"pose": [
[
0.23331422544705638,
-0.32168645126359174,
0.9176504232426839,
19.18993625645355
],
[
0.0074991456745833185,
-0.9430717848240748,
-0.33250469392609305,
-19.633545181532575
],
[
0.9723724775096174,
0.08445966932311685,
-0.21761968945763654,
0.8641073726560453
],
[
0.0,
0.0,
0.0,
1.0
]
],
"at_element": 27,
"to_element": 32
},
{
"pose": [
[
-0.9421187660228507,
0.3216864509025272,
0.09449898419198072,
19.20152168080785
],
[
0.3099017403419913,
0.9430717850074477,
-0.12073325828400122,
-19.599580782986365
],
[
-0.12795757906660032,
-0.08445966865079624,
-0.9881768173413157,
0.8610655873969266
],
[
0.0,
0.0,
0.0,
1.0
]
],
"at_element": 32,
"to_element": 27
},
{
"pose": [
[
-0.2804424801663745,
-0.9587878999545669,
0.04558265260868144,
19.14075606605155
],
[
0.11439172498687084,
-0.08053365656774814,
-0.9901660787031417,
-19.208722339950544
],
[
0.9530301928966682,
-0.2724703526267384,
0.13226246015706855,
0.8828585569434733
],
[
0.0,
0.0,
0.0,
1.0
]
],
"at_element": 4,
"to_element": 5
},
{
"pose": [
[
0.23491543066773257,
0.9587879000057208,
0.15981396446122487,
19.17528740930429
],
[
0.3147154345690638,
0.0805336575343234,
-0.9457634615738493,
-19.20582187016666
],
[
-0.9196569663076548,
0.2724703521610457,
-0.2828267517669374,
0.8926717463652569
],
[
0.0,
0.0,
0.0,
1.0
]
],
"at_element": 5,
"to_element": 4
},
{
"pose": [
[
0.16785890483160681,
-0.9847566246700595,
0.04558265280964913,
19.13508367969057
],
[
0.13810950521779242,
-0.022291280653409906,
-0.9901660786834334,
-19.085504312427688
],
[
0.9760887012137934,
0.17250359119526276,
0.13226246023534993,
0.8663995811946666
],
[
0.0,
0.0,
0.0,
1.0
]
],
"at_element": 4,
"to_element": 6
},
{
"pose": [
[
0.04239110143561786,
0.9847566245150431,
0.16869316818654415,
19.170535687524964
],
[
-0.9926071780808544,
0.022291280605508446,
0.11930670069752772,
-19.084701808906278
],
[
0.11372767711264545,
-0.17250359208638236,
0.9784214460935824,
0.8601893171396593
],
[
0.0,
0.0,
0.0,
1.0
]
],
"at_element": 6,
"to_element": 4
},
{
"pose": [
[
0.9956989188274993,
-0.08065906529856635,
0.04558265274104334,
19.132441777029825
],
[
0.05572421880278193,
0.128319710318622,
-0.990166078687088,
-19.0281157612874
],
[
0.0740167176019622,
0.9884473517233513,
0.13226246023163502,
0.8587338459896295
],
[
0.0,
0.0,
0.0,
1.0
]
],
"at_element": 4,
"to_element": 24
},
{
"pose": [
[
0.45061419007312786,
0.08065906524651173,
-0.8890674703858521,
19.135348001338286
],
[
0.8892456398283866,
-0.12831971014482013,
0.43906291580427625,
-19.03273924483218
],
[
-0.07867047572592017,
-0.988447351750162,
-0.12954840434042048,
0.8231191297664407
],
[
0.0,
0.0,
0.0,
1.0
]
],
"at_element": 24,
"to_element": 4
},
{
"pose": [
[
-0.8734875291682238,
-0.45668605323865363,
0.168693168696579,
19.166487018362282
],
[
0.4780144775344175,
-0.8702115090719138,
0.1193067003410955,
-19.08756519315759
],
[
0.09231303079787131,
0.18485069179227778,
0.978421446049108,
0.8367070104173902
],
[
0.0,
0.0,
0.0,
1.0
]
],
"at_element": 6,
"to_element": 24
},
{
"pose": [
[
-0.031573429081484417,
0.45668605352399017,
-0.8890674704951923,
19.182928239441246
],
[
0.22350768552163955,
0.8702115091384277,
0.43906291562346733,
-19.056236581951648
],
[
0.9741906554103238,
-0.1848506907742117,
-0.1295484042028323,
0.8300521737990945
],
[
0.0,
0.0,
0.0,
1.0
]
],
"at_element": 24,
"to_element": 6
},
{
"pose": [
[
-0.06017849073327186,
-0.9838298449840611,
0.1686931693095594,
19.10448710325424
],
[
0.992042315749433,
-0.04022380898525779,
0.11930670120835485,
-19.13141406629831
],
[
-0.11059201153594994,
0.17453045954605073,
0.97842144583767,
0.47710711108704795
],
[
0.0,
0.0,
0.0,
1.0
]
],
"at_element": 6,
"to_element": 7
},
{
"pose": [
[
0.17868212173668996,
0.9838298434839325,
0.012310095127789134,
19.139920373327115
],
[
-0.2874025838411353,
0.04022379978136592,
0.9569648900208343,
-19.129965379724307
],
[
0.9409954591671066,
-0.17453047012349748,
0.2899425129665484,
0.47082128335778184
],
[
0.0,
0.0,
0.0,
1.0
]
],
"at_element": 7,
"to_element": 6
},
{
"pose": [
[
0.9699779429946416,
0.17517250024344422,
0.16869316898542308,
19.09521970764772
],
[
-0.19650658956734574,
0.9732168675135779,
0.11930670158741984,
-19.137968347116065
],
[
-0.14327578427806525,
-0.14887418831187443,
0.9784214458473331,
0.4233561580195845
],
[
0.0,
0.0,
0.0,
1.0
]
],
"at_element": 6,
"to_element": 14
},
{
"pose": [
[
0.40185578031151137,
-0.17517250029859843,
0.8987917038832546,
19.088913418722345
],
[
0.06736530954019648,
-0.973216867479566,
-0.21979727915471253,
-19.173004592789376
],
[
0.9132216855182426,
0.14887418846932016,
-0.37929227398778065,
0.428715695870276
],
[
0.0,
0.0,
0.0,
1.0
]
],
"at_element": 14,
"to_element": 6
},
{
"pose": [
[
-0.4854969632046928,
-0.8741516803383167,
0.01231009669818628,
19.13854779201963
],
[
0.25921233207402633,
-0.1304881890503513,
0.9569648893345588,
-19.236667323196038
],
[
-0.8349261438113947,
0.4677944765386368,
0.2899425151649493,
0.43849258601015173
],
[
0.0,
0.0,
0.0,
1.0
]
],
"at_element": 7,
"to_element": 31
},
{
"pose": [
[
-0.4852738205814755,
0.8741516780268194,
-0.0191875704859642,
19.17003094332431
],
[
0.2727449454295511,
0.13048818067385337,
-0.9531962177049692,
-19.23196770429363
],
[
-0.8307343220313514,
-0.46779448319462225,
-0.30174294969690196,
0.42164465872982443
],
[
0.0,
0.0,
0.0,
1.0
]
],
"at_element": 31,
"to_element": 7
},
{
"pose": [
[
-0.30978998621905696,
-0.3101671106811273,
0.8987917043954722,
19.15948746789251
],
[
-0.9306363110834763,
0.29258368167268967,
-0.2197972832220485,
-19.190263301260277
],
[
-0.1947978976563548,
-0.9045391935513771,
-0.3792922704170081,
0.39893327634211573
],
[
0.0,
0.0,
0.0,
1.0
]
],
"at_element": 14,
"to_element": 31
},
{
"pose": [
[
0.9504884020167468,
0.31016710695686434,
-0.019187584362299726,
19.170658323172976
],
[
0.07623480780344336,
-0.292583680218488,
-0.9531962254168751,
-19.200800878748232
],
[
-0.30126408964697954,
0.904539195298808,
-0.301742924452856,
0.43151080055744434
],
[
0.0,
0.0,
0.0,
1.0
]
],
"at_element": 31,
"to_element": 14
},
{
"pose": [
[
-0.2731810682415936,
-0.7622704618406135,
-0.5867843274659603,
19.70807098193155
],
[
-0.2791094141084367,
0.6465548918281907,
-0.7099751452051555,
-19.268115394819755
],
[
0.9205813592021224,
-0.030174738745087748,
-0.38938341802295406,
0.39800543524288157
],
[
0.0,
0.0,
0.0,
1.0
]
],
"at_element": 8,
"to_element": 26
},
{
"pose": [
[
0.6467741901836628,
0.762270461834326,
0.02503777001153533,
19.73552466635482
],
[
0.7626751240694357,
-0.6465548918362696,
-0.017129710104387106,
-19.291401505001804
],
[
0.003130820649270342,
0.030174738730815585,
-0.9995397356306497,
0.39909219879482544
],
[
0.0,
0.0,
0.0,
1.0
]
],
"at_element": 26,
"to_element": 8
},
{
"pose": [
[
0.03482897066198132,
-0.43699018150428764,
0.8987917022711527,
19.682681046154126
],
[
-0.8266825979800125,
-0.517962389018894,
-0.21979728332910903,
-19.31820899159883
],
[
0.5615895520748617,
-0.7353601463437418,
-0.37929227538887034,
0.17814432026767674
],
[
0.0,
0.0,
0.0,
1.0
]
],
"at_element": 14,
"to_element": 15
},
{
"pose": [
[
0.6669689741274227,
0.4369901863149999,
0.6034831933167609,
19.698426323037786
],
[
0.3619263539084738,
0.5179623850004433,
-0.7750640503024062,
-19.299546189692922
],
[
-0.65127697786574,
0.7353601463154189,
0.18730657573356624,
0.2046402221564368
],
[
0.0,
0.0,
0.0,
1.0
]
],
"at_element": 15,
"to_element": 14
},
{
"pose": [
[
0.3711885013447198,
-0.23322214663711827,
0.8987917037820472,
19.73320716011521
],
[
-0.07873270870568311,
-0.9723632636112638,
-0.2197972796899844,
-19.330565027298572
],
[
0.9252136277905372,
0.010821917446814933,
-0.3792922739174198,
0.1568221779106692
],
[
0.0,
0.0,
0.0,
1.0
]
],
"at_element": 14,
"to_element": 26
},
{
"pose": [
[
-0.9721010956923459,
0.23322214693816293,
0.025037770094298983,
19.741603119510785
],
[
0.23284384638638186,
0.9723632635263089,
-0.01712970940970869,
-19.29556010780072
],
[
-0.028340835445273087,
-0.010821918592374805,
-0.9995397356404818,
0.1564325906247304
],
[
0.0,
0.0,
0.0,
1.0
]
],
"at_element": 26,
"to_element": 14
},
{
"pose": [
[
-0.12244575228427479,
-0.7879181890319288,
0.603483193751229,
19.711892868332285
],
[
0.14203926973232417,
-0.6157114286554992,
-0.7750640505641531,
-19.3168415101526
],
[
0.9822585624984115,
-0.00918498860366973,
0.18730657325065891,
0.20881991177375983
],
[
0.0,
0.0,
0.0,
1.0
]
],
"at_element": 15,
"to_element": 26
},
{
"pose": [
[
-0.6152707050715638,
0.7879181870849374,
0.0250377702986165,
19.740282563840363
],
[
0.787785507942804,
0.6157114312136303,
-0.01712970951771941,
-19.2946566433228
],
[
-0.028912851053452364,
0.009184984139812554,
-0.9995397356335125,
0.20915085846839848
],
[
0.0,
0.0,
0.0,
1.0
]
],
"at_element": 26,
"to_element": 15
},
{
"pose": [
[
0.2592586207513621,
0.7671174098108966,
-0.5867843276120475,
20.003962246180233
],
[
0.29083372487264336,
-0.6413665394421928,
-0.7099751450301977,
-18.910104054922297
],
[
-0.9209781278851334,
0.013410505171976228,
-0.3893834181218143,
0.5943555189844633
],
[
0.0,
0.0,
0.0,
1.0
]
],
"at_element": 8,
"to_element": 12
},
{
"pose": [
[
-0.6079648753511766,
-0.7671174091473155,
0.2047183209249689,
19.97633537299822
],
[
-0.7335201331685205,
0.6413665401318809,
0.22493815913645387,
-18.887005958297834
],
[
-0.30385345904837835,
-0.013410510145801774,
-0.9526243927393234,
0.5938725546893268
],
[
0.0,
0.0,
0.0,
1.0
]
],
"at_element": 12,
"to_element": 8
},
{
"pose": [
[
0.7122286950011109,
-0.3852459462223463,
-0.5867843274460078,
20.038700351812523
],
[
-0.6813104834331412,
-0.17818899611994143,
-0.7099751452169767,
-18.868072953482066
],
[
0.1689565363669429,
0.9054469849643416,
-0.3893834180314686,
0.6174073315049935
],
[
0.0,
0.0,
0.0,
1.0
]
],
"at_element": 8,
"to_element": 22
},
{
"pose": [
[
-0.18834603348914492,
0.38524594623708924,
0.9033888047661405,
20.052575745531943
],
[
-0.9453440662074324,
0.17818899614727823,
-0.27308108345036136,
-18.861655124814042
],
[
-0.26617732464525196,
-0.9054469849526889,
0.33062877866994733,
0.584795869836154
],
[
0.0,
0.0,
0.0,
1.0
]
],
"at_element": 22,
"to_element": 8
},
{
"pose": [
[
0.9603467203996517,
-0.1892738356371513,
0.20471832297289322,
19.985099829581216
],
[
-0.23435141343924912,
-0.945770714449093,
0.22493814863085962,
-18.877375844825146
],
[
0.1510416884064109,
-0.26399464167602565,
-0.9526243947798565,
0.5530885398742811
],
[
0.0,
0.0,
0.0,
1.0
]
],
"at_element": 12,
"to_element": 22
},
{
"pose": [
[
0.3847909581865565,
0.18927383719957577,
0.9033888050278354,
19.991915615880657
],
[
0.17591042257141162,
0.9457707152500772,
-0.27308108210951726,
-18.843318464185803
],
[
-0.906085780557569,
0.2639946376862719,
0.3306287790623721,
0.5625950361802997
],
[
0.0,
0.0,
0.0,
1.0
]
],
"at_element": 22,
"to_element": 12
},
{
"pose": [
[
-0.6314193687697502,
0.4280706428418632,
0.6465795430411979,
19.91351568885207
],
[
-0.3154441127602465,
0.6199186895572687,
-0.718467695907408,
-18.792634249436567
],
[
-0.7083816714648333,
-0.6576141293148686,
-0.25639630351886145,
0.5045770342780416
],
[
0.0,
0.0,
0.0,
1.0
]
],
"at_element": 21,
"to_element": 22
},
{
"pose": [
[
-0.02538097720935495,
-0.4280706422537712,
0.9033888040242375,
19.898099648006294
],
[
0.7356137188850878,
-0.6199186861346009,
-0.2730810853376733,
-18.814959283710728
],
[
0.6769255960472684,
0.6576141329241597,
0.33062877913825983,
0.5282595886793643
],
[
0.0,
0.0,
0.0,
1.0
]
],
"at_element": 22,
"to_element": 21
},
{
"pose": [
[
0.9572194355648497,
-0.2893630106419508,
-1.5784072741453984e-05,
20.574015033457528
],
[
-0.289363010948818,
-0.957219435326311,
-2.298288459225308e-05,
-19.056902016720482
],
[
-8.458424517873141e-06,
2.6566990630550863e-05,
-0.9999999996113254,
0.7794509563430078
],
[
0.0,
0.0,
0.0,
1.0
]
],
"at_element": 9,
"to_element": 22
},
{
"pose": [
[
0.3164770378875619,
0.2893630106400252,
0.9033888047586462,
20.584436167043688
],
[
-0.09569573911740381,
0.9572194353268931,
-0.2730810834665003,
-19.02242866926438
],
[
-0.9437608860324147,
-2.6566983162584767e-05,
0.33062877867709417,
0.7794499995584818
],
[
0.0,
0.0,
0.0,
1.0
]
],
"at_element": 22,
"to_element": 9
},
{
"pose": [
[
-0.07412323583623359,
-0.9972490890745548,
-1.5784064958607378e-05,
20.574015490014435
],
[
-0.9972490889085107,
0.07412323618765637,
-2.2982904920094822e-05,
-19.056901351936528
],
[
2.4089646970779832e-05,
1.4037077117650036e-05,
-0.9999999996113247,
0.8083761182157825
],
[
0.0,
0.0,
0.0,
1.0
]
],
"at_element": 9,
"to_element": 23
},
{
"pose": [
[
0.007041482710056224,
0.99724908907467,
-0.0737880197659796,
20.609924121671867
],
[
0.09492415485227423,
-0.07412323618610683,
-0.9927210840326097,
-19.059570358120318
],
[
-0.995459603573558,
-1.4037065384664427e-05,
-0.09518496444363134,
0.8083756127734839
],
[
0.0,
0.0,
0.0,
1.0
]
],
"at_element": 23,
"to_element": 9
},
{
"pose": [
[
0.9930735841293072,
-0.11749406902237498,
-1.578407460528607e-05,
20.574018163077064
],
[
-0.11749406936623123,
-0.9930735839481128,
-2.2982900671041357e-05,
-19.056897459740103
],
[
-1.2974393019798113e-05,
2.467824669963415e-05,
-0.9999999996113247,
0.9777279966521881
],
[
0.0,
0.0,
0.0,
1.0
]
],
"at_element": 9,
"to_element": 18
},
{
"pose": [
[
2.1714844210873885e-05,
0.11749406902758419,
0.9930735840167166,
20.57824957403135
],
[
-2.7419531702606303e-05,
0.9930735839474966,
-0.11749406841983082,
-19.021133080512328
],
[
-0.9999999993883173,
-2.4678247228522576e-05,
2.4786070515925296e-05,
0.9777271078938983
],
[
0.0,
0.0,
0.0,
1.0
]
],
"at_element": 18,
"to_element": 9
},
{
"pose": [
[
-0.11660173715837652,
-0.014453046656554946,
0.9930735845515137,
20.60212824592003
],
[
-0.985505535976114,
-0.12236822916508427,
-0.1174940638987082,
-19.023958251128025
],
[
0.1232188031595875,
-0.992379527163547,
2.4790601887092478e-05,
0.9777277038803865
],
[
0.0,
0.0,
0.0,
1.0
]
],
"at_element": 18,
"to_element": 19
},
{
"pose": [
[
0.9972171583418874,
0.014453042521279633,
0.07313719074731494,
20.602648781468968
],
[
0.07083097534083721,
0.12236822252608293,
-0.9899540348157952,
-19.019551080979046
],
[
-0.02325751579160504,
0.9923795280424145,
0.12100396804038338,
1.0134688866543498
],
[
0.0,
0.0,
0.0,
1.0
]
],
"at_element": 19,
"to_element": 18
},
{
"pose": [
[
-0.6312892732575701,
0.7595631893724438,
0.15664486847736359,
19.61536484907132
],
[
0.7703398693054669,
0.6374938382021196,
0.013345111942807714,
-18.407976935524452
],
[
-0.08972368265048943,
0.1290944135301403,
-0.9875648298552071,
0.6383038227246322
],
[
0.0,
0.0,
0.0,
1.0
]
],
"at_element": 10,
"to_element": 21
},
{
"pose": [
[
0.07070091126461864,
-0.7595632001730415,
0.6465795589788164,
19.58800870459167
],
[
-0.2782190064074342,
-0.6374938274838828,
-0.7184676780437722,
-18.430936675796797
],
[
0.9579120865820687,
-0.12909440291057395,
-0.2563963133844749,
0.633654406101098
],
[
0.0,
0.0,
0.0,
1.0
]
],
"at_element": 21,
"to_element": 10
},
{
"pose": [
[
0.13156519343384976,
-0.11046911703339163,
0.9851330742892435,
19.5072867770038
],
[
-0.9571740776655142,
0.24437668249798195,
0.15523473224910816,
-18.3368594910926
],
[
-0.257892196318317,
-0.9633673293366052,
-0.07358670970339087,
0.629390116277343
],
[
0.0,
0.0,
0.0,
1.0
]
],
"at_element": 20,
"to_element": 21
},
{
"pose": [
[
0.7548055821906586,
0.11046911619645489,
0.6465795445732838,
19.511265391595458
],
[
0.6512174820511076,
-0.24437668432196236,
-0.7184676939367695,
-18.34566087083403
],
[
0.07864047408832359,
0.9633673289698889,
-0.25639630517732814,
0.6640863956605627
],
[
0.0,
0.0,
0.0,
1.0
]
],
"at_element": 21,
"to_element": 20
},
{
"pose": [
[
-0.5847611226982532,
0.7959376961129417,
0.15664486358352395,
19.535453122953488
],
[
0.8070659574993891,
0.5903104679019996,
0.013345101382775892,
-18.414784883557445
],
[
-0.08184723346743464,
0.13422643328251196,
-0.9875648307741536,
1.1421059165872656
],
[
0.0,
0.0,
0.0,
1.0
]
],
"at_element": 10,
"to_element": 17
},
{
"pose": [
[
0.013517793541126588,
-0.795937696001698,
0.6052276045764006,
19.506786899309876
],
[
-0.23899836789593504,
-0.5903104680172679,
-0.7709820565307037,
-18.43604530629489
],
[
0.9709258722481643,
-0.13422643343523089,
-0.19820750532308007,
1.137271662634276
],
[
0.0,
0.0,
0.0,
1.0
]
],
"at_element": 17,
"to_element": 10
},
{
"pose": [
[
-0.2756040039756129,
-0.17458421164689542,
0.9452845000507742,
19.46654861993526
],
[
0.9075199685408772,
-0.37147998713833474,
0.19598501436402688,
-18.406175776197763
],
[
0.3169383846935797,
0.9118788144262013,
0.2608200301136586,
1.1812320570765136
],
[
0.0,
0.0,
0.0,
1.0
]
],
"at_element": 16,
"to_element": 17
},
{
"pose": [
[
-0.7766723253043342,
0.17458421024361945,
0.6052276039970174,
19.472836372899714
],
[
-0.5172903292947435,
0.3714799889468594,
-0.7709820575280447,
-18.392796706160905
],
[
-0.3594312372686806,
-0.9118788139581121,
-0.198207503212801,
1.1483902056326305
],
[
0.0,
0.0,
0.0,
1.0
]
],
"at_element": 17,
"to_element": 16
},
{
"pose": [
[
-0.7490682201802878,
0.27231944048881496,
-0.6039361918678113,
19.674801102362814
],
[
0.6621808665794877,
0.27978697225103055,
-0.6951516022384178,
-19.284219719995455
],
[
-0.020329816820956914,
-0.9206309643339504,
-0.3899042524230354,
0.8671233379807356
],
[
0.0,
0.0,
0.0,
1.0
]
],
"at_element": 11,
"to_element": 24
},
{
"pose": [
[
-0.36796895969072674,
-0.2723194406023809,
-0.8890674704284994,
19.664989168955927
],
[
-0.8537815915565959,
-0.2797869724147426,
0.43906291574907347,
-19.294300715813673
],
[
-0.3683148634296617,
0.9206309642506048,
-0.1295484042348316,
0.9002945640014048
],
[
0.0,
0.0,
0.0,
1.0
]
],
"at_element": 24,
"to_element": 11
},
{
"pose": [
[
-0.28024530247296897,
-0.7461391608848296,
-0.6039361911956567,
19.696558951565656
],
[
-0.27275120989291585,
0.6651097849745005,
-0.6951516032011466,
-19.259175677361398
],
[
0.9203637041647095,
-0.030088644456939817,
-0.38990425174773247,
0.8811703151902842
],
[
0.0,
0.0,
