{
"contact_id_pairs": [
[
0,
3
],
[
0,
29
],
[
0,
1
],
[
1,
28
],
[
1,
2
],
[
2,
30
],
[
2,
31
],
[
3,
31
],
[
4,
32
],
[
4,
34
],
[
5,
6
],
[
5,
29
],
[
5,
32
],
[
29,
34
],
[
4,
21
],
[
21,
22
],
[
5,
10
],
[
5,
27
],
[
10,
20
],
[
10,
25
],
[
20,
27
],
[
21,
25
],
[
6,
7
],
[
6,
23
],
[
6,
24
],
[
7,
22
],
[
22,
23
],
[
22,
27
],
[
7,
8
],
[
7,
9
],
[
7,
28
],
[
8,
35
],
[
9,
34
],
[
9,
35
],
[
8,
15
],
[
8,
24
],
[
8,
26
],
[
15,
24
],
[
16,
17
],
[
16,
26
],
[
9,
23
],
[
16,
23
],
[
10,
11
],
[
10,
12
],
[
11,
12
],
[
11,
31
],
[
12,
31
],
[
12,
32
],
[
11,
19
],
[
11,
20
],
[
12,
13
],
[
12,
18
],
[
12,
19
],
[
12,
26
],
[
13,
25
],
[
19,
25
],
[
13,
14
],
[
14,
35
],
[
15,
30
],
[
15,
33
],
[
30,
33
],
[
30,
35
],
[
14,
17
],
[
14,
18
]
],
"contact_t_bound_pairs": [
[
[
0.6,
0.9
],
[
0.1,
0.4
]
],
[
[
0.6,
0.9
],
[
0.6,
0.9
]
],
[
[
0.1,
0.4
],
[
0.1,
0.4
]
],
[
[
0.1,
0.4
],
[
0.6,
0.9
]
],
[
[
0.6,
0.9
],
[
0.6,
0.9
]
],
[
[
0.6,
0.9
],
[
0.6,
0.9
]
],
[
[
0.1,
0.4
],
[
0.6,
0.9
]
],
[
[
0.6,
0.9
],
[
0.6,
0.9
]
],
[
[
0.6,
0.9
],
[
0.6,
0.9
]
],
[
[
0.6,
0.9
],
[
0.6,
0.9
]
],
[
[
0.6,
0.9
],
[
0.6,
0.9
]
],
[
[
0.6,
0.9
],
[
0.1,
0.4
]
],
[
[
0.6,
0.9
],
[
0.6,
0.9
]
],
[
[
0.1,
0.4
],
[
0.6,
0.9
]
],
[
[
0.1,
0.4
],
[
0.6,
0.9
]
],
[
[
0.6,
0.9
],
[
0.1,
0.4
]
],
[
[
0.1,
0.4
],
[
0.1,
0.4
]
],
[
[
0.1,
0.4
],
[
0.6,
0.9
]
],
[
[
0.1,
0.4
],
[
0.6,
0.9
]
],
[
[
0.1,
0.4
],
[
0.6,
0.9
]
],
[
[
0.6,
0.9
],
[
0.6,
0.9
]
],
[
[
0.1,
0.4
],
[
0.6,
0.9
]
],
[
[
0.1,
0.4
],
[
0.1,
0.4
]
],
[
[
0.1,
0.4
],
[
0.1,
0.4
]
],
[
[
0.1,
0.4
],
[
0.6,
0.9
]
],
[
[
0.1,
0.4
],
[
0.6,
0.9
]
],
[
[
0.6,
0.9
],
[
0.1,
0.4
]
],
[
[
0.6,
0.9
],
[
0.1,
0.4
]
],
[
[
0.6,
0.9
],
[
0.6,
0.9
]
],
[
[
0.6,
0.9
],
[
0.6,
0.9
]
],
[
[
0.6,
0.9
],
[
0.1,
0.4
]
],
[
[
0.6,
0.9
],
[
0.1,
0.4
]
],
[
[
0.6,
0.9
],
[
0.1,
0.4
]
],
[
[
0.6,
0.9
],
[
0.1,
0.4
]
],
[
[
0.1,
0.4
],
[
0.1,
0.4
]
],
[
[
0.1,
0.4
],
[
0.1,
0.4
]
],
[
[
0.1,
0.4
],
[
0.1,
0.4
]
],
[
[
0.1,
0.4
],
[
0.1,
0.4
]
],
[
[
0.6,
0.9
],
[
0.6,
0.9
]
],
[
[
0.6,
0.9
],
[
0.1,
0.4
]
],
[
[
0.1,
0.4
],
[
0.6,
0.9
]
],
[
[
0.1,
0.4
],
[
0.6,
0.9
]
],
[
[
0.6,
0.9
],
[
0.6,
0.9
]
],
[
[
0.6,
0.9
],
[
0.6,
0.9
]
],
[
[
0.6,
0.9
],
[
0.6,
0.9
]
],
[
[
0.6,
0.9
],
[
0.1,
0.4
]
],
[
[
0.6,
0.9
],
[
0.1,
0.4
]
],
[
[
0.6,
0.9
],
[
0.1,
0.4
]
],
[
[
0.1,
0.4
],
[
0.6,
0.9
]
],
[
[
0.1,
0.4
],
[
0.1,
0.4
]
],
[
[
0.1,
0.4
],
[
0.1,
0.4
]
],
[
[
0.1,
0.4
],
[
0.6,
0.9
]
],
[
[
0.1,
0.4
],
[
0.1,
0.4
]
],
[
[
0.1,
0.4
],
[
0.6,
0.9
]
],
[
[
0.1,
0.4
],
[
0.1,
0.4
]
],
[
[
0.1,
0.4
],
[
0.1,
0.4
]
],
[
[
0.6,
0.9
],
[
0.6,
0.9
]
],
[
[
0.6,
0.9
],
[
0.6,
0.9
]
],
[
[
0.6,
0.9
],
[
0.1,
0.4
]
],
[
[
0.6,
0.9
],
[
0.1,
0.4
]
],
[
[
0.1,
0.4
],
[
0.1,
0.4
]
],
[
[
0.1,
0.4
],
[
0.6,
0.9
]
],
[
[
0.1,
0.4
],
[
0.1,
0.4
]
],
[
[
0.1,
0.4
],
[
0.1,
0.4
]
]
],
"line_pt_pairs": [
[
[
32.12307302014472,
0.2,
0.1
],
[
32.12307302014472,
-0.2,
0.0
]
],
[
[
32.02466987912672,
0.13806924744174956,
0.1579175971773198
],
[
32.52307302014472,
0.2,
0.0
]
],
[
[
32.52307302014472,
-0.1893496557703608,
0.1
],
[
32.47867958091193,
0.2451098003285519,
0.04399291510968833
]
],
[
[
32.08755944320501,
-0.16358599622849002,
-0.04181166025329671
],
[
32.55396083538324,
-0.04468874391594887,
0.14415307527823848
]
],
[
[
31.226449669886016,
-0.4989943922375418,
1.0255811980313823
],
[
32.19744743184859,
0.07852673095695445,
0.6825928013788259
]
],
[
[
32.358615242390535,
-0.44045695860960693,
1.1756233836269623
],
[
31.888938811512414,
-0.013774904337416037,
0.5223642307722519
]
],
[
[
31.28219393793291,
0.16479333978337746,
1.2007955286336245
],
[
32.13386985423784,
-0.1439333658619929,
0.6779096046421172
]
],
[
[
31.239456205496158,
-0.00675178326382028,
1.0628662328993639
],
[
32.16920093710393,
0.34812366347760004,
0.9333742671656243
]
],
[
[
32.31671727305042,
0.6748759001275172,
1.6829818850838603
],
[
31.96698420280444,
0.2201603138321511,
0.6556224665718215
]
],
[
[
31.16653672765075,
0.5846494864433589,
1.3176115965273936
],
[
32.213127446986014,
0.1834317006544358,
0.8022519676306605
]
],
[
[
32.15547668815036,
-0.43772477746102023,
1.2196423416800937
],
[
32.70969583362789,
-0.18841405786737248,
0.9010420897870927
]
],
[
[
33.0655151968136,
-0.5922857924518166,
1.67305691926297
],
[
32.40198822968388,
-0.19255732495084904,
0.7502272976951632
]
],
[
[
32.947942180264086,
0.25410551429532696,
1.8428780019355173
],
[
32.42805066583408,
-0.34029276007118436,
0.8104354487309265
]
],
[
[
33.04672482517532,
-0.04704494684916143,
1.6496160083343077
],
[
32.35351795486471,
0.34476038648116875,
1.2146334900390119
]
],
[
[
33.050639402856284,
0.7701554161898051,
1.9890903970915357
],
[
32.37738861444846,
0.07094932032818288,
1.055023073137374
]
],
[
[
32.1900054658232,
0.7610772839033335,
1.6103517938672627
],
[
32.49451038834314,
0.09871162088419373,
0.9295687716500084
]
],
[
[
31.190140811049577,
0.7426960726434739,
1.242503829314919
],
[
32.410894594100945,
0.7434962999081233,
1.6278321317251774
]
],
[
[
33.088618721794155,
0.7187278725241375,
1.9042510182725565
],
[
32.137411291321044,
0.7709795673261364,
1.567631375220143
]
],
[
[
32.96733132558786,
0.8024054257097063,
1.82599012916679
],
[
32.90115749437402,
-0.03218624918470102,
1.6613124137874538
]
],
[
[
32.89011416273296,
0.2581018766686256,
1.6745571320656667
],
[
32.97804467090839,
-0.6475592439948977,
1.5919970845674773
]
],
[
[
33.08819718943486,
-0.5981768175292239,
1.6029729870981828
],
[
32.08144521496431,
-0.385666036456431,
1.0447219346382828
]
],
[
[
32.40834423100962,
-0.3950575277606379,
1.0362361167374043
],
[
31.214202157778978,
-0.4521064355916874,
0.9409068481064864
]
],
[
[
31.33346441409684,
-0.6065007312171493,
0.8532226238381775
],
[
31.343526681353435,
0.16371512143111816,
1.136687953303892
]
],
[
[
31.368225799061506,
0.014370660188630235,
1.0558611809012517
],
[
31.39703558526549,
0.8098751667386213,
1.3741241823351324
]
],
[
[
32.46336568712146,
0.7283512166901859,
1.461630623542432
],
[
31.20886049323293,
0.01567397705422394,
1.13051658782204
]
],
[
[
33.08463324532026,
0.06619951713939581,
1.7474919203091919
],
[
32.20020310321981,
-0.4851056320529481,
0.9699895464014224
]
],
[
[
32.09821118266824,
0.8208772710170709,
1.4878969643260749
],
[
33.049699533392875,
0.030309453585472514,
1.8234364450854037
]
],
[
[
31.194094780231357,
0.09423321937966006,
1.1305904786743604
],
[
32.47441909178949,
-0.5071970814490089,
1.0752960956944353
]
],
[
[
32.04747402144928,
0.27760402539597706,
1.0604763892951141
],
[
32.163261423668324,
0.18015011865584638,
0.006620280203012353
]
],
[
[
31.981593454318787,
-0.05267066023831606,
0.8807433570915219
],
[
32.09911904640504,
-0.14481879266778064,
-0.08522666581310831
]
],
[
[
32.392683441999424,
0.1891777075306724,
1.2794162926400792
],
[
32.54526857177617,
0.08452881710352761,
-0.06706164498451343
]
],
[
[
32.48056152682334,
-0.25438328403888916,
1.0901464818480109
],
[
32.46826815811357,
0.007165852212611617,
-0.0368522332294799
]
],
[
[
32.549024721429504,
-0.33845796781162163,
0.9674123870877687
],
[
31.767186088765904,
-0.02316656835703332,
0.678319809696551
]
],
[
[
32.42854917502162,
0.2738955153860696,
1.0568123112349121
],
[
32.55958180083625,
-0.09469544232532126,
0.685953778846941
]
],
[
[
32.0219801909999,
0.3213491485843003,
1.0121252197893529
],
[
32.054436784616456,
-0.1259901557078682,
0.5612361960836719
]
],
[
[
31.98533297320291,
0.31292433576763234,
0.7083058309111143
],
[
32.47611935559178,
0.11187152897427523,
1.2342893506568102
]
]
],
"contact_t_pairs": [
[
0.8999999841912733,
0.10000044979264418
],
[
0.841791423439108,
0.8999998790742609
],
[
0.10000004303584255,
0.2205361483210953
],
[
0.26612211841922745,
0.8999999849399875
],
[
0.8999999620272269,
0.8944213531455232
],
[
0.6450089575436224,
0.8999999311544885
],
[
0.39999979061683644,
0.8988669879071518
],
[
0.8448338890731742,
0.8580515349181792
],
[
0.7368293205705018,
0.7736337510116039
],
[
0.8623676927253355,
0.6745580475674374
],
[
0.694755601280012,
0.8999999478774346
],
[
0.7955871389576633,
0.23240500170526787
],
[
0.6082242377583502,
0.6000002109869668
],
[
0.28877210097738637,
0.8999998126691318
],
[
0.13157290260817178,
0.8799881026270477
],
[
0.8999998736594835,
0.22394720238799282
],
[
0.10000001047638395,
0.2789738431202227
],
[
0.12635294677759223,
0.8514001789869561
],
[
0.18185764656432646,
0.8228682235117671
],
[
0.3453392344506677,
0.8155372023349116
],
[
0.8999999725331251,
0.7824633928696162
],
[
0.10000005185487659,
0.8999999145572913
],
[
0.280648652207016,
0.29115964283025386
],
[
0.12294517145602003,
0.15738889465322592
],
[
0.10000009239194939,
0.8680850447471612
],
[
0.10000004887539393,
0.809003941453445
],
[
0.8999998242671304,
0.10000017279189892
],
[
0.8382444390965234,
0.11206417588616009
],
[
0.8999999602691674,
0.7263290787131085
],
[
0.7770886890638137,
0.750533126188088
],
[
0.8672406955907312,
0.10000003269717916
],
[
0.8809841795614137,
0.10000025910107338
],
[
0.8210601968207232,
0.20460176468320482
],
[
0.8999999790699438,
0.2776629057033365
],
[
0.20873784992791805,
0.23405838522179814
],
[
0.2733324817229599,
0.20547795791822218
],
[
0.10219090559078473,
0.21686563646289891
],
[
0.2581196560371507,
0.1605387654246019
],
[
0.8999994255809332,
0.8503645144285391
],
[
0.8129336042033051,
0.10000004585399577
],
[
0.19906680928863635,
0.6000000863648174
],
[
0.17543842928150793,
0.8999999098162067
],
[
0.7244130859700527,
0.7596975772498537
],
[
0.6894360177703543,
0.8242729092244617
],
[
0.82261977067778,
0.8815358802640191
],
[
0.8999999671020079,
0.21285927792549458
],
[
0.8427370465368074,
0.10000001313484488
],
[
0.8999999694592071,
0.11033126364612983
],
[
0.10000008449096892,
0.8999995030689931
],
[
0.11991963152314862,
0.10000011411981868
],
[
0.310261747193944,
0.3416916188331235
],
[
0.1184641634424827,
0.7404707833785351
],
[
0.15344779936681485,
0.10000007029592146
],
[
0.10000004936097467,
0.8147548601993989
],
[
0.10000006859692781,
0.14526084508146506
],
[
0.31673671056832864,
0.16371877439855292
],
[
0.7417830700505011,
0.7359518108180426
],
[
0.8999999684860017,
0.8809855585057358
],
[
0.8759386996434241,
0.1992061233778001
],
[
0.8999999581332406,
0.22973172268598477
],
[
0.2432556326662176,
0.27425547740968076
],
[
0.10000004006365992,
0.8315524315114102
],
[
0.10000006829750815,
0.10000017031454958
],
[
0.18466995212342607,
0.19084299544008138
]
],
"half_couplers": [
{
"pose": [
[
0.9510370527101318,
-0.30907689071236943,
-1.021405182655144e-12,
32.12307302014472
],
[
-0.07496215687221994,
-0.23066036600550888,
-0.9701425001468958,
-0.1599999936765093
],
[
0.2998486274930913,
0.922641464048619,
-0.24253562503007808,
0.010000001580872676
],
[
0.0,
0.0,
0.0,
1.0
]
],
"at_element": 0,
"to_element": 3
},
{
"pose": [
[
0.29572874957920603,
0.30907689071274785,
0.9038893639708676,
32.13419979220674
],
[
-0.9453574387825907,
0.23066036599827577,
0.2304237585318879,
-0.1516962175181264
],
[
-0.13727279268208825,
-0.9226414640503003,
0.36040103940524204,
-0.023215103054573073
],
[
0.0,
0.0,
0.0,
1.0
]
],
"at_element": 3,
"to_element": 0
},
{
"pose": [
[
0.12742692180664195,
0.9918479619371529,
-2.2120860698748857e-11,
32.12307302014472
],
[
0.24055846541090087,
-0.030905568151223584,
-0.9701425001392332,
-0.1367165693756432
],
[
-0.9622338615523963,
0.12362227250122082,
-0.2425356250607269,
0.015820857656089204
],
[
0.0,
0.0,
0.0,
1.0
]
],
"at_element": 0,
"to_element": 29
},
{
"pose": [
[
-0.042197107077714735,
-0.9918479619395032,
0.12023736753075466,
32.08736647298455
],
[
-0.9950664262678642,
0.03090556817159884,
-0.09427435054399293,
-0.13560396828175317
],
[
0.08978981829123435,
-0.12362227247727066,
-0.9882587324576406,
0.011370453287993632
],
[
0.0,
0.0,
0.0,
1.0
]
],
"at_element": 29,
"to_element": 0
},
{
"pose": [
[
-0.9474854093413279,
-0.3197989979429212,
-5.88862292261183e-13,
32.12307302014472
],
[
-0.0775626498526507,
0.22979896597088378,
-0.9701425001444621,
0.15999998278566302
],
[
0.3102505994081746,
-0.9191958638687492,
-0.24253562503981207,
0.08999999569641576
],
[
0.0,
0.0,
0.0,
1.0
]
],
"at_element": 0,
"to_element": 1
},
{
"pose": [
[
-0.03919858257660369,
0.3197989979320621,
0.9466742164259223,
32.13458578815797
],
[
0.9661030514916418,
-0.22979896596669147,
0.11763217731206688,
0.15172721707357295
],
[
0.25516340847097047,
0.9191958638735752,
-0.2999509940226708,
0.12309105854371143
],
[
0.0,
0.0,
0.0,
1.0
]
],
"at_element": 1,
"to_element": 0
},
{
"pose": [
[
0.28179547975143404,
0.15620254651382784,
0.9466742164304754,
32.15730597884122
],
[
0.1490497705585038,
-0.9818079429099509,
0.11763217729595873,
0.15455039050784816
],
[
0.9478267106850896,
0.1079533589172933,
-0.29995099401461833,
0.11589223168081722
],
[
0.0,
0.0,
0.0,
1.0
]
],
"at_element": 1,
"to_element": 28
},
{
"pose": [
[
-0.9817195204818465,
-0.15620254651128582,
0.1087545289552712,
32.15168268170266
],
[
-0.16635678514230187,
0.9818079429104712,
-0.09153460151782407,
0.18989551079751651
],
[
-0.09247812250479216,
-0.10795335891623943,
-0.9898453763879944,
0.11200590698330876
],
[
0.0,
0.0,
0.0,
1.0
]
],
"at_element": 28,
"to_element": 1
},
{
"pose": [
[
0.15674003209159038,
-0.2814968743793789,
0.9466742164306408,
32.473232687117175
],
[
-0.9815217130032021,
-0.15092315185583782,
0.11763217730349051,
0.19380692239249256
],
[
0.10976196628699403,
-0.9476189698125193,
-0.29995099401114333,
0.01579176571430107
],
[
0.0,
0.0,
0.0,
1.0
]
],
"at_element": 1,
"to_element": 2
},
{
"pose": [
[
-0.9542503144478753,
0.281496874376468,
-0.10082582552307977,
32.48336658015534
],
[
-0.05973733265700368,
0.1509231518597799,
0.986738898250057,
0.19924015884049673
],
[
0.29298086705987814,
0.9476189698127561,
-0.12720259269312573,
0.04990606734667125
],
[
0.0,
0.0,
0.0,
1.0
]
],
"at_element": 2,
"to_element": 1
},
{
"pose": [
[
0.11625819290737205,
-0.9880881466200968,
-0.1008258255149656,
32.4944388541834
],
[
-0.11529304157266962,
-0.11425349553894248,
0.9867388982512322,
0.09088058510296805
],
[
-0.9865047121767005,
-0.10309196508940383,
-0.12720259269044076,
0.0638749285598429
],
[
0.0,
0.0,
0.0,
1.0
]
],
"at_element": 2,
"to_element": 30
},
{
"pose": [
[
-0.10525208793574814,
0.9880881466203277,
0.11226670251491067,
32.53001004829369
],
[
0.9904633321042751,
0.11425349552952824,
-0.0769969253683587,
0.09499371335084848
],
[
-0.08890661247658746,
0.10309196509762508,
-0.9906904970727477,
0.06758624147690814
],
[
0.0,
0.0,
0.0,
1.0
]
],
"at_element": 30,
"to_element": 2
},
{
"pose": [
[
-0.026096952702434173,
0.9945617637763271,
-0.10082582552981367,
32.50531565374685
],
[
0.1251871144527496,
0.10331763189134024,
0.9867388982478393,
-0.01556596429929108
],
[
0.9917898645553106,
0.013128784196831889,
-0.12720259270499157,
0.07759717777081596
],
[
0.0,
0.0,
0.0,
1.0
]
],
"at_element": 2,
"to_element": 31
},
{
"pose": [
[
0.10360504806777748,
-0.9945617637758905,
-0.010625067052180234,
32.469511423519954
],
[
-0.9686199548441082,
-0.1033176318961817,
0.22605497122859924,
-0.019285399746785413
],
[
-0.2259233876619932,
-0.013128784191800622,
-0.9740565989371324,
0.07712454145107635
],
[
0.0,
0.0,
0.0,
1.0
]
],
"at_element": 31,
"to_element": 2
},
{
"pose": [
[
-0.28204803214377394,
0.3216098960940997,
0.9038893639700419,
32.48159114522809
],
[
-0.3124002778588226,
-0.9215806844197401,
0.2304237585366873,
-0.06313756815717142
],
[
0.9071135397278308,
-0.21738472080343071,
0.36040103940424406,
0.11529765049627447
],
[
0.0,
0.0,
0.0,
1.0
]
],
"at_element": 3,
"to_element": 31
},
{
"pose": [
[
-0.9468126439179259,
-0.32160989609666735,
-0.010625067050965893,
32.470013182932604
],
[
-0.31557596881115213,
0.9215806844186671,
0.22605497122453141,
-0.029960646221764933
],
[
-0.06290965924283329,
0.21738472080418128,
-0.9740565989380896,
0.1231235045249542
],
[
0.0,
0.0,
0.0,
1.0
]
],
"at_element": 31,
"to_element": 3
},
{
"pose": [
[
-0.5654327590638819,
-0.06274099238131314,
0.8224046223437793,
31.941909291108374
],
[
0.6464747590920684,
0.5854999861957956,
0.4891422615370453,
-0.07345989541902806
],
[
-0.5122071659341152,
0.8082408886215366,
-0.29050040469164684,
0.7728572907623134
],
[
0.0,
0.0,
0.0,
1.0
]
],
"at_element": 4,
"to_element": 32
},
{
"pose": [
[
0.47586451698472043,
0.06274099236545994,
-0.8772779088475307,
31.94416796735618
],
[
0.7294039374671789,
-0.5854999861441277,
0.3537791150316853,
-0.09453789978987051
],
[
-0.4914497507195162,
-0.8082408886601964,
-0.3243821949730006,
0.7437606120509885
],
[
0.0,
0.0,
0.0,
1.0
]
],
"at_element": 32,
"to_element": 4
},
{
"pose": [
[
-0.13069751556070486,
0.5536865508604416,
0.8224046223256085,
32.063806769511146
],
[
0.6594216280239809,
-0.5708791154463837,
0.48914226155726614,
-0.0009588337281598025
],
[
0.7403251150139794,
0.6062410732896791,
-0.2905004047090398,
0.7297990857785551
],
[
0.0,
0.0,
0.0,
1.0
]
],
"at_element": 4,
"to_element": 34
},
{
"pose": [
[
-0.8311598591883889,
-0.5536865508863758,
0.051034222258076356,
32.04387404742057
],
[
-0.42348652798787406,
0.5708791154174451,
-0.7033890788126945,
0.019592820880799333
],
[
0.36032270132023797,
-0.6062410732932438,
-0.7089706002124081,
0.7079744002888607
],
[
0.0,
0.0,
0.0,
1.0
]
],
"at_element": 34,
"to_element": 4
},
{
"pose": [
[
0.7258969693896657,
-0.45508615088320575,
-0.5157229732183809,
32.03230491124876
],
[
-0.2057703410357709,
-0.8591587098396956,
0.46851347692100875,
-0.14401721143834023
],
[
-0.6563018791538854,
-0.2339720209360474,
-0.7173039361652638,
0.7217679280937167
],
[
0.0,
0.0,
0.0,
1.0
]
],
"at_element": 5,
"to_element": 6
},
{
"pose": [
[
-0.36043581897269394,
0.45508615086593057,
0.8142374442946694,
32.04870221821581
],
[
0.41800661859338156,
0.8591587098338531,
-0.29515551515896865,
-0.11306067920582798
],
[
-0.8338803794391678,
0.2339720209911014,
-0.49990059629863315,
0.7301982242954237
],
[
0.0,
0.0,
0.0,
1.0
]
],
"at_element": 6,
"to_element": 5
},
{
"pose": [
[
0.5402062267284363,
-0.6649865017521673,
-0.51572297320484,
31.98494671451236
],
[
-0.47201229543880335,
-0.7467928192459734,
0.46851347694302575,
-0.10099420380661615
],
[
-0.6966933511656453,
-0.009666313157871254,
-0.7173039361606188,
0.6558988032093764
],
[
0.0,
0.0,
0.0,
1.0
]
],
"at_element": 5,
"to_element": 29
},
{
"pose": [
[
-0.7371132395480042,
0.6649865017658744,
0.12023736753701571,
32.008906989748006
],
[
0.658340969387981,
0.7467928192334762,
-0.0942743505234056,
-0.07408634711272302
],
[
-0.15248357324098893,
0.009666313180386292,
-0.988258732458843,
0.6562470922711336
],
[
0.0,
0.0,
0.0,
1.0
]
],
"at_element": 29,
"to_element": 5
},
{
"pose": [
[
0.8345620011828172,
-0.1937423058600449,
-0.5157229732150432,
32.07294665322662
],
[
0.08538807396213768,
-0.8793201912496909,
0.46851347695199164,
-0.18093859138473659
],
[
-0.5442565047904966,
-0.43504013628703353,
-0.7173039361474269,
0.7782953333232405
],
[
0.0,
0.0,
0.0,
1.0
]
],
"at_element": 5,
"to_element": 32
},
{
"pose": [
[
-0.4391439281933427,
0.1937423057554019,
-0.8772779088131085,
32.07992137687358
],
[
-0.3188045467251209,
0.8793201912122356,
0.35377911514653826,
-0.14928306161649263
],
[
0.839950160020409,
0.4350401364093407,
-0.32438219494083165,
0.793956779658272
],
[
0.0,
0.0,
0.0,
1.0
]
],
"at_element": 32,
"to_element": 5
},
{
"pose": [
[
-0.06609043069037979,
-0.9905427958591425,
0.12023736749743556,
32.01553156646415
],
[
-0.9940324746108843,
0.054879743577799234,
-0.09427435050848611,
-0.07928047004111498
],
[
0.08678418283375171,
-0.12575048038233583,
-0.988258732465082,
0.6017981640961777
],
[
0.0,
0.0,
0.0,
1.0
]
],
"at_element": 29,
"to_element": 34
},
{
"pose": [
[
0.1273596392776657,
0.9905427958644573,
0.05103422228355531,
32.051191119174675
],
[
0.7086832984413418,
-0.05487974358743952,
-0.7033890788561317,
-0.08125614147819107
],
[
-0.6939362397175719,
0.12575048033626512,
-0.7089706001674791,
0.6063251829196723
],
[
0.0,
0.0,
0.0,
1.0
]
],
"at_element": 34,
"to_element": 29
},
{
"pose": [
[
-0.5614387391412028,
-0.09185411980414565,
0.8224046223523683,
31.35420666385347
],
[
0.6153793124785221,
0.61810043664641,
0.4891422615057696,
-0.42300826174131034
],
[
-0.5532583880656464,
0.7807142056428349,
-0.2905004047199924,
0.9804532191228825
],
[
0.0,
0.0,
0.0,
1.0
]
],
"at_element": 4,
"to_element": 21
},
{
"pose": [
[
0.011993816873137941,
0.09185411980539027,
-0.995700240550132,
31.35751341372026
],
[
0.7846585772756839,
-0.6181004366723744,
-0.04756855361601381,
-0.44525988791982846
],
[
-0.6198121211016393,
-0.7807142056221323,
-0.07948750641006286,
0.9523474945100587
],
[
0.0,
0.0,
0.0,
1.0
]
],
"at_element": 21,
"to_element": 4
},
{
"pose": [
[
0.0719304771802376,
-0.058369833145917926,
-0.995700240549906,
31.33361651597057
],
[
-0.9377182180923802,
-0.3441246520610677,
-0.0475685537041019,
-0.44640153760099394
],
[
-0.339868430293657,
0.9371078840893221,
-0.07948750636017543,
0.9504397870135273
],
[
0.0,
0.0,
0.0,
1.0
]
],
"at_element": 21,
"to_element": 22
},
{
"pose": [
[
0.99821975097628,
0.058369833073242595,
0.012259337170304741,
31.335717830698634
],
[
-0.03164688315527441,
0.3441246519950315,
0.9383904830484242,
-0.4340130457816873
],
[
0.05055495571563513,
-0.9371078841180989,
0.3453592477063412,
0.9167038913460149
],
[
0.0,
0.0,
0.0,
1.0
]
],
"at_element": 22,
"to_element": 21
},
{
"pose": [
[
0.8556631738275431,
0.043247518473185975,
-0.5157229732145808,
32.311647594382215
],
[
0.3239237061673168,
-0.8219297746071337,
0.46851347707093366,
-0.39778874871230285
],
[
-0.4036260218794194,
-0.5679446256107878,
-0.717303936070071,
1.1102974614976975
],
[
0.0,
0.0,
0.0,
1.0
]
],
"at_element": 5,
"to_element": 10
},
{
"pose": [
[
-0.5879961788378429,
-0.04324751841866953,
0.8077067201792504,
32.310089333095036
],
[
0.4386519617482109,
0.8219297744980182,
0.3633399265812705,
-0.3681736078849121
],
[
-0.6795917525445266,
0.567944625772851,
-0.4643209578827934,
1.1307612049904323
],
[
0.0,
0.0,
0.0,
1.0
]
],
"at_element": 10,
"to_element": 5
},
{
"pose": [
[
-0.7471515849813428,
0.41927833708304785,
-0.5157229732256854,
32.2992702413171
],
[
0.1637820013219591,
0.8681420264026719,
0.4685134768994764,
-0.38654442371519904
],
[
0.6441583385339669,
0.26558444616794974,
-0.7173039361740756,
1.093082164654336
],
[
0.0,
0.0,
0.0,
1.0
]
],
"at_element": 5,
"to_element": 27
},
{
"pose": [
[
-0.07892402222486727,
-0.41927833705451933,
0.904420629349334,
32.284163128253304
],
[
-0.25657703529170606,
-0.8681420264270485,
-0.4248501464187766,
-0.4178246463940475
],
[
0.9632960207935912,
-0.2655844461333048,
-0.03905993209541547,
1.083512831108279
],
[
0.0,
0.0,
0.0,
1.0
]
],
"at_element": 27,
"to_element": 5
},
{
"pose": [
[
-0.5814793286464743,
-0.0974250715076844,
0.8077067201642981,
32.256265677627795
],
[
0.3607822273310731,
0.8589646570897213,
0.3633399266702842,
-0.39238571673246075
],
[
-0.7291899442524391,
0.5026808861618474,
-0.46432095783914873,
1.1617024496760309
],
[
0.0,
0.0,
0.0,
1.0
]
],
"at_element": 10,
"to_element": 20
},
{
"pose": [
[
0.5008818397514287,
0.09742507167216144,
-0.8600149638331289,
32.25977298068532
],
[
0.47877357580599256,
-0.8589646571242096,
0.18153672058686318,
-0.42330844863075673
],
[
-0.7210362305163087,
-0.5026808860710376,
-0.4768843476794651,
1.1436059352869306
],
[
0.0,
0.0,
0.0,
1.0
]
],
"at_element": 20,
"to_element": 10
},
{
"pose": [
[
-0.3716440024649075,
-0.45770141971380773,
0.8077067201799357,
32.34687030356747
],
[
-0.2976130117559833,
0.8828423375583689,
0.363339926581167,
-0.35162800441620484
],
[
-0.8793788891401686,
-0.10535092503836738,
-0.4643209578816829,
1.1096171745955747
],
[
0.0,
0.0,
0.0,
1.0
]
],
"at_element": 10,
"to_element": 25
},
{
"pose": [
[
0.5725740860033168,
0.4577014198103514,
-0.6801972701658356,
32.363347561571
],
[
0.2020283214997337,
-0.8828423374797987,
-0.42399759959840044,
-0.3834103418657594
],
[
-0.7945712512729532,
0.1053509252773498,
-0.5979612940598578,
1.1134098094836973
],
[
0.0,
0.0,
0.0,
1.0
]
],
"at_element": 25,
"to_element": 10
},
{
"pose": [
[
0.3377615723485444,
-0.3824805644857931,
-0.860014963843809,
32.1821204400637
],
[
-0.4979993254490806,
-0.8479629066256835,
0.18153672036032592,
-0.4069171204007173
],
[
-0.7986950557608954,
0.3669707437624306,
-0.4768843477464415,
1.1005470552176846
],
[
0.0,
0.0,
0.0,
1.0
]
],
"at_element": 20,
"to_element": 27
},
{
"pose": [
[
-0.18902894782678192,
0.38248056437973743,
0.9044206293286645,
32.19590168502659
],
[
-0.3169562462492923,
0.8479629066258847,
-0.4248501464635963,
-0.3763639743813342
],
[
-0.9294120694541566,
-0.36697074387250384,
-0.03905993208651837,
1.0873246481612562
],
[
0.0,
0.0,
0.0,
1.0
]
],
"at_element": 27,
"to_element": 20
},
{
"pose": [
[
-0.09229787503230646,
0.007882463778460247,
-0.9957002405489828,
32.28892996176447
],
[
0.582465654000678,
0.8114622570488672,
-0.0475685536328439,
-0.4007624215020069
],
[
0.8075982071389729,
-0.5843516682186674,
-0.07948750641438718,
1.026703184931025
],
[
0.0,
0.0,
0.0,
1.0
]
],
"at_element": 21,
"to_element": 25
},
{
"pose": [
[
0.7329867260290337,
-0.007882463772343196,
-0.6801972700842867,
32.288646192997966
],
[
-0.40218781772821216,
-0.8114622570494483,
-0.4239975998224906,
-0.42997507002870844
],
[
-0.5486122663013073,
0.5843516682179424,
-0.5979612939937258,
1.0477398502241082
],
[
0.0,
0.0,
0.0,
1.0
]
],
"at_element": 25,
"to_element": 21
},
{
"pose": [
[
0.49265852211736616,
0.30709113490654233,
0.8142374441444857,
31.521215635961063
],
[
0.8068249201035631,
-0.5117780487124932,
-0.29515551351094893,
0.07814960594369211
],
[
0.32606920873491196,
0.8023579398983005,
-0.4999005975162898,
1.0540482988073878
],
[
0.0,
0.0,
0.0,
1.0
]
],
"at_element": 6,
"to_element": 7
},
{
"pose": [
[
0.21769129330971126,
-0.3070911377914094,
0.9264478042000655,
31.51016034947439
],
[
-0.7829675741298747,
0.5117780472233979,
0.3536170361300267,
0.09657362505863844
],
[
-0.5827283060555102,
-0.8023579397439667,
-0.129032778205743,
1.0251633984069408
],
[
0.0,
0.0,
0.0,
1.0
]
],
"at_element": 7,
"to_element": 6
},
{
"pose": [
[
0.4274019061748161,
0.3928676558582497,
0.8142374442253177,
31.386903379487983
],
[
0.887523513902542,
-0.3538152546633435,
-0.29515551466573925,
0.12683688202475518
],
[
0.17213257352464667,
0.8488049072360251,
-0.4999005967028094,
1.1365092290565493
],
[
0.0,
0.0,
0.0,
1.0
]
],
"at_element": 6,
"to_element": 23
},
{
"pose": [
[
0.9189807773376982,
-0.3928676562355703,
0.03360558834137106,
31.372760139467346
],
[
0.11732456037898073,
0.3538152553624322,
0.9279276440567422,
0.13957423516619324
],
[
-0.37644292849737376,
-0.8488049067699756,
0.37124244346186286,
1.1059522429059483
],
[
0.0,
0.0,
0.0,
1.0
]
],
"at_element": 23,
"to_element": 6
},
{
"pose": [
[
-0.5471291944420786,
-0.19407995497652072,
0.8142374442786784,
31.3673616082514
],
[
-0.6780374960446134,
0.6731629644116373,
-0.29515551375857413,
0.13392064069497825
],
[
-0.49083072290425456,
-0.713571716382347,
-0.49990059715151225,
1.148506887924024
],
[
0.0,
0.0,
0.0,
1.0
]
],
"at_element": 6,
"to_element": 24
},
{
"pose": [
[
0.49411150433707973,
0.19407995599430927,
-0.8474590208163431,
31.374348489749188
],
[
-0.5613113145672767,
-0.673162965091288,
-0.4814366319343196,
0.10968676323051854
],
[
-0.6639152275859501,
0.7135717154643623,
-0.22367829011494056,
1.1741954810276822
],
[
0.0,
0.0,
0.0,
1.0
]
],
"at_element": 24,
"to_element": 6
},
{
"pose": [
[
0.27704332431091816,
-0.2548361514852731,
0.9264478033601949,
31.332430724098575
],
[
-0.8726081761227122,
0.3369123944384673,
0.3536170378213305,
0.028735778754999004
],
[
-0.4022461527703517,
-0.9063931676540338,
-0.12903277960091097,
1.049917029997019
],
[
0.0,
0.0,
0.0,
1.0
]
],
"at_element": 7,
"to_element": 22
},
{
"pose": [
[
-0.9669065335530918,
0.2548361513295811,
0.012259337170973064,
31.341604827967384
],
[
-0.07689824206257777,
-0.3369123946927719,
0.9383904830453405,
0.016606929345224883
],
[
0.24326614178719974,
0.9063931676032808,
0.3453592477146964,
1.08254719264134
],
[
0.0,
0.0,
0.0,
1.0
]
],
"at_element": 22,
"to_element": 7
},
{
"pose": [
[
-0.6077099451044576,
-0.7940644377339313,
0.012259337153089356,
31.342520452859503
],
[
0.2812708922016903,
-0.2007734707293487,
0.9383904830353709,
0.08669340081404944
],
[
-0.7426811616172869,
0.5737174236308211,
0.3453592477424201,
1.1083413705431449
],
[
0.0,
0.0,
0.0,
1.0
]
],
"at_element": 22,
"to_element": 23
},
{
"pose": [
[
0.6069038908591339,
0.7940644379732202,
0.033605588914918605,
31.371106782660004
],
[
-0.31407053359578746,
0.2007734716011016,
0.9279276442848866,
0.09392124830036362
],
[
0.730087232587245,
-0.5737174229945573,
0.37124244283969265,
1.0876875360379081
],
[
0.0,
0.0,
0.0,
1.0
]
],
"at_element": 23,
"to_element": 22
},
{
"pose": [
[
0.9926787634777392,
0.1201606474363887,
0.012259337175171789,
31.341899053669383
],
[
-0.05292636666510177,
0.34149978181653395,
0.9383904830777489,
0.03912842416924815
],
[
0.10857104702423137,
-0.9321691465753025,
0.34535924762648906,
1.0908358599394765
],
[
0.0,
0.0,
0.0,
1.0
]
],
"at_element": 22,
"to_element": 27
},
{
"pose": [
[
0.4093711568273407,
-0.1201606475455071,
0.9044206293198366,
31.337573269073133
],
[
0.8383795394828886,
-0.34149978159066796,
-0.4248501464634157,
0.026834428364329928
],
[
0.3599097160876662,
0.9321691466439824,
-0.039059932292887956,
1.1243939592145813
],
[
0.0,
0.0,
0.0,
1.0
]
],
"at_element": 27,
"to_element": 22
},
{
"pose": [
[
0.020842146637573777,
0.3758458098056703,
0.9264478032652773,
32.07622642700362
],
[
0.2940720406054066,
-0.8879620630207401,
0.35361703800880906,
0.312636104703961
],
[
0.9555559846799716,
0.26507225786089217,
-0.12903277976862593,
0.9463234688838219
],
[
0.0,
0.0,
0.0,
1.0
]
],
"at_element": 7,
"to_element": 8
},
{
"pose": [
[
-0.8777233215985261,
-0.37584580985304306,
-0.29722331324773343,
32.06269597434315
],
[
-0.24936878933924955,
0.887962062959358,
-0.38644350382486464,
0.34460274725711293
],
[
0.4091661980485767,
-0.26507225799934514,
-0.8731092259354503,
0.9367808651287763
],
[
0.0,
0.0,
0.0,
1.0
]
],
"at_element": 8,
"to_element": 7
},
{
"pose": [
[
-0.2566652441203723,
0.27534963282227426,
0.9264478032599937,
31.96195032014523
],
[
0.8441730144170385,
-0.4028981411697432,
0.35361703801148453,
0.2690179124254053
],
[
0.4706324194004061,
0.8728434381643733,
-0.12903277979922745,
0.962239491003036
],
[
0.0,
0.0,
0.0,
1.0
]
],
"at_element": 7,
"to_element": 9
},
{
"pose": [
[
-0.4521801596433346,
-0.27534963284862274,
0.848360585432313,
31.95203773207289
],
[
-0.8555126277744616,
0.4028981411195338,
-0.3252248938824635,
0.28352224739293586
],
[
-0.2522523477459896,
-0.8728434381792376,
-0.4177476337264918,
0.9308171231403957
],
[
0.0,
0.0,
0.0,
1.0
]
],
"at_element": 9,
"to_element": 7
},
{
"pose": [
[
-0.07437509031604117,
-0.3690024576509311,
0.926447803272291,
32.0457686732575
],
[
-0.1640682155828328,
0.920889032988897,
0.3536170379891772,
0.3010106460162806
],
[
-0.983641177755357,
-0.1257003387757841,
-0.12903277977206895,
0.9505655304630244
],
[
0.0,
0.0,
0.0,
1.0
]
],
"at_element": 7,
"to_element": 28
},
{
"pose": [
[
0.9230436818873643,
0.36900245766017054,
0.10875452895660119,
32.05905276545711
],
[
0.3789258577237033,
-0.9208890329852899,
-0.09153460152190399,
0.26785863153549616
],
[
0.0663743600810882,
0.12570033877508843,
-0.989845376387471,
0.9550907439277819
],
[
0.0,
0.0,
0.0,
1.0
]
],
"at_element": 28,
"to_element": 7
},
{
"pose": [
[
0.6314946034818428,
-0.716151427990399,
-0.2972233132858566,
32.00860797109427
],
[
-0.7654314113485562,
-0.5145640607500079,
-0.3864435041573599,
0.2742786624013069
],
[
0.12381163230596483,
0.47154104760007315,
-0.8731092257753081,
0.7778944906513408
],
[
0.0,
0.0,
0.0,
1.0
]
],
"at_element": 8,
"to_element": 35
},
{
"pose": [
[
0.23541702848436896,
0.7161514279838217,
0.6570433432402484,
32.03441173860508
],
[
-0.8141107681234725,
0.514564060677865,
-0.2691607041975408,
0.29281900299529856
],
[
-0.5308507134072623,
-0.4715410476887878,
0.7041637312582643,
0.7609043191685785
],
[
0.0,
0.0,
0.0,
1.0
]
],
"at_element": 35,
"to_element": 8
},
{
"pose": [
[
-0.5238066903544325,
-0.07688217107343859,
0.8483605854299048,
32.025850709658904
],
[
-0.6302164653946905,
0.7050219678270241,
-0.32522489392224185,
0.2552255322755309
],
[
-0.573108853434807,
-0.7050057848360857,
-0.4177476337004151,
0.8944703181919871
],
[
0.0,
0.0,
0.0,
1.0
]
],
"at_element": 9,
"to_element": 34
},
{
"pose": [
[
0.9957332172480434,
0.07688217105238428,
0.05103422227420304,
32.02862086732945
],
[
0.09048662087790336,
-0.7050219678420626,
-0.7033890788903422,
0.22982273751396548
],
[
-0.01809783166457846,
0.7050057848233428,
-0.7089706001342109,
0.9198725298628833
],
[
0.0,
0.0,
0.0,
1.0
]
],
"at_element": 34,
"to_element": 9
},
{
"pose": [
[
0.3838422463015243,
-0.3646223348069759,
0.8483605854317546,
32.10846835314729
],
[
-0.16559962650333993,
-0.9310239159641189,
-0.3252248938885085,
0.22355348763083893
],
[
0.9084282545452635,
-0.015653142264313358,
-0.41774763372292,
0.8537879413068399
],
[
0.0,
0.0,
0.0,
1.0
]
],
"at_element": 9,
"to_element": 35
},
{
"pose": [
[
0.6598064853604635,
0.3646223348074099,
0.6570433431942413,
32.121606146216635
],
[
-0.24646903086089686,
0.9310239159640445,
-0.26916070428178385,
0.2570994292335773
],
[
-0.709865070772441,
0.01565314225862252,
0.7041637312689917,
0.8543519433557726
],
[
0.0,
0.0,
0.0,
1.0
]
],
"at_element": 35,
"to_element": 9
},
{
"pose": [
[
0.8207674948373648,
-0.4878514338389663,
-0.29722331321694984,
32.24371474391859
],
[
-0.5706315143506773,
-0.7245971936394091,
-0.38644350402063365,
0.5799595463155098
],
[
-0.026840161106988503,
0.48678525601250233,
-0.8731092258592814,
1.468533088960461
],
[
0.0,
0.0,
0.0,
1.0
]
],
"at_element": 8,
"to_element": 15
},
{
"pose": [
[
-0.8178043864649043,
0.4878514338190373,
0.30528177803378825,
32.261277396280306
],
[
0.18436161487784875,
0.7245971937049219,
-0.6640554960502802,
0.6060450463907079
],
[
-0.545166745536073,
-0.48678525593495686,
-0.6825198415913967,
1.4510088190006767
],
[
0.0,
0.0,
0.0,
1.0
]
],
"at_element": 15,
"to_element": 8
},
{
"pose": [
[
0.8517810487200979,
0.43142478742761814,
-0.2972233130733939,
32.2211238650195
],
[
0.30586610601828856,
-0.8701191545046494,
-0.3864435044781099,
0.5505873604472941
],
[
-0.4253410046427446,
0.23825471612782062,
-0.8731092257056685,
1.402171185600508
],
[
0.0,
0.0,
0.0,
1.0
]
],
"at_element": 8,
"to_element": 24
},
{
"pose": [
[
-0.30933131295713867,
-0.43142478733540107,
-0.8474590206592983,
32.20559252168344
],
[
0.10541075026858499,
0.8701191543764863,
-0.4814366322943885,
0.581911752834993
],
[
0.9450940231278723,
-0.23825471676286317,
-0.22367828993494432,
1.3935939876445445
],
[
0.0,
0.0,
0.0,
1.0
]
],
"at_element": 24,
"to_element": 8
},
{
"pose": [
[
0.6952902421215476,
-0.6543926812592975,
-0.2972233132256404,
32.28097773388694
],
[
-0.7143217321962496,
-0.5834431258521395,
-0.3864435040313574,
0.6284081025777492
],
[
0.07947290181382095,
0.4810034694367096,
-0.8731092258515765,
1.577995095738893
],
[
0.0,
0.0,
0.0,
1.0
]
],
"at_element": 8,
"to_element": 26
},
{
"pose": [
[
-0.14394063246514577,
0.6543926812368261,
0.7423283054479407,
32.30455630943517
],
[
-0.5283692921506296,
0.5834431258322889,
-0.6167819793341003,
0.6494302781226825
],
[
-0.8367239601193311,
-0.4810034694913598,
0.2617798252339132,
1.5606639473793773
],
[
0.0,
0.0,
0.0,
1.0
]
],
"at_element": 26,
"to_element": 8
},
{
"pose": [
[
0.9342550428949832,
0.18431101646050235,
0.30528177809458207,
32.268604171685666
],
[
0.3475858288835481,
-0.6619776350564337,
-0.6640554963588718,
0.5901076867940138
],
[
0.07969696596878738,
0.7265088161174558,
-0.6825198412639608,
1.4346283143366132
],
[
0.0,
0.0,
0.0,
1.0
]
],
"at_element": 15,
"to_element": 24
},
{
"pose": [
[
-0.4978379831546953,
-0.1843110163207067,
-0.8474590207150394,
32.26196897207585
],
[
0.5744600772165075,
0.6619776346987485,
-0.4814366322197081,
0.6139388924928154
],
[
0.6497329930154923,
-0.7265088164788356,
-0.22367828988449445,
1.4084739850331227
],
[
0.0,
0.0,
0.0,
1.0
]
],
"at_element": 24,
"to_element": 15
},
{
"pose": [
[
-0.1645928668000558,
0.2520231992158458,
0.9536212535674471,
32.28881851457156
],
[
-0.8361762347684051,
-0.5484604941446682,
0.000625116884721888,
0.7434162767219925
],
[
0.5231811279156315,
-0.7972925394230128,
0.30100849485243963,
1.5892990801442277
],
[
0.0,
0.0,
0.0,
1.0
]
],
"at_element": 16,
"to_element": 17
},
{
"pose": [
[
-0.22396097738281462,
-0.2520231992151877,
-0.9414487706015002,
32.27974567705907
],
[
-0.8345756884404977,
0.5484604941412343,
0.051715632360267216,
0.7631608596025075
],
[
0.5033139188158853,
0.797292539425583,
-0.3331661833117243,
1.6180016189611828
],
[
0.0,
0.0,
0.0,
1.0
]
],
"at_element": 17,
"to_element": 16
},
{
"pose": [
[
0.012165094427812884,
-0.3007632211995088,
0.9536212535651969,
32.182532583750344
],
[
0.9991008135652166,
0.042393083896149375,
0.0006251168658760187,
0.7433466042779071
],
[
-0.04061495796974751,
0.9527561656643684,
0.30100849485960746,
1.5557501549948314
],
[
0.0,
0.0,
0.0,
1.0
]
],
"at_element": 16,
"to_element": 26
},
{
"pose": [
[
-0.5987404877519897,
0.3007632212269108,
0.7423283054577144,
32.19336006137024
],
[
-0.7859916134621704,
-0.04239308390777441,
-0.6167819793119143,
0.7418204530232176
],
[
-0.1540357487521763,
-0.952756165655201,
0.261779825258471,
1.5214509277878336
],
[
0.0,
0.0,
0.0,
1.0
]
],
"at_element": 26,
"to_element": 16
},
{
"pose": [
[
-0.43936141439961096,
-0.29537410959024696,
0.8483605854355462,
31.374878202779925
],
[
-0.8727393627950322,
0.3640807231917771,
-0.32522489392461057,
0.5047803419965065
],
[
-0.21280872201320877,
-0.8832889461461191,
-0.41774763368711465,
1.2150205995667451
],
[
0.0,
0.0,
0.0,
1.0
]
],
"at_element": 9,
"to_element": 23
},
{
"pose": [
[
-0.9547904481229972,
0.2953741095634711,
0.03360558841432132,
31.38551167327205
],
[
-0.07997196148372193,
-0.36408072319383034,
0.9279276439330296,
0.4916734328222263
],
[
0.28632094849928863,
0.8832889461542265,
0.3712424437644808,
1.246819009248306
],
[
0.0,
0.0,
0.0,
1.0
]
],
"at_element": 23,
"to_element": 9
},
{
"pose": [
[
0.10517461016580376,
0.2820368878990867,
0.9536212535596453,
31.40430793728757
],
[
-0.9376611152293641,
0.34755034486515535,
0.0006251167385723511,
0.7428364632578522
],
[
-0.33125508956587596,
-0.8942393145284486,
0.30100849487746006,
1.3101052214474849
],
[
0.0,
0.0,
0.0,
1.0
]
],
"at_element": 16,
"to_element": 23
},
{
"pose": [
[
-0.9588148195783397,
-0.28203688798293475,
0.03360558843194186,
31.394154604046914
],
[
0.1347555018760242,
-0.34755034500031856,
0.9279276439487618,
0.7303246443420082
],
[
-0.25003019111918545,
0.8942393144494716,
0.37124244372356274,
1.3422978534895795
],
[
0.0,
0.0,
0.0,
1.0
]
],
"at_element": 23,
"to_element": 16
},
{
"pose": [
[
-0.5763310235449495,
-0.12430770482710704,
0.8077067201777187,
32.55696028962942
],
[
0.3205271717636131,
0.8747836474847952,
0.36333992658998643,
-0.2571208297147714
],
[
-0.7517345831214964,
0.468296022419382,
-0.4643209578786376,
0.9888441500154488
],
[
0.0,
0.0,
0.0,
1.0
]
],
"at_element": 10,
"to_element": 11
},
{
"pose": [
[
0.8253864569059539,
0.12430770482833739,
-0.5507129844815235,
32.561435367445206
],
[
0.35310752160608816,
-0.8747836474763966,
0.33176595408977383,
-0.28861304413353467
],
[
-0.4405136489842759,
-0.46829602243474466,
-0.7659285609182855,
0.9719854915435078
],
[
0.0,
0.0,
0.0,
1.0
]
],
"at_element": 11,
"to_element": 10
},
{
"pose": [
[
0.30493890867377504,
0.5046009474423749,
0.807706720175773,
32.53757532878048
],
[
0.4165754551976412,
-0.8333360593853631,
0.3633399265907238,
-0.2658409877569143
],
[
0.8564328065316771,
0.22567431393123172,
-0.4643209578814451,
0.9999878527543512
],
[
0.0,
0.0,
0.0,
1.0
]
],
"at_element": 10,
"to_element": 12
},
{
"pose": [
[
-0.765114721183001,
-0.5046009474513314,
-0.3999716830730367,
32.51940968918375
],
[
-0.31053921327619405,
0.8333360593767345,
-0.4572924766057912,
-0.23584088055475713
],
[
0.5640610431920126,
-0.2256743139430678,
-0.7942960679617295,
0.9918635749984381
],
[
0.0,
0.0,
0.0,
1.0
]
],
"at_element": 12,
"to_element": 10
},
{
"pose": [
[
0.036923933573878465,
0.8338775880465801,
