{
"contact_id_pairs": [
[
0,
19
],
[
0,
36
],
[
19,
20
],
[
20,
36
],
[
0,
3
],
[
1,
2
],
[
1,
3
],
[
2,
3
],
[
1,
23
],
[
1,
37
],
[
23,
24
],
[
24,
37
],
[
2,
10
],
[
2,
22
],
[
9,
22
],
[
10,
22
],
[
3,
22
],
[
3,
41
],
[
3,
42
],
[
22,
41
],
[
4,
34
],
[
4,
39
],
[
33,
34
],
[
33,
39
],
[
4,
5
],
[
4,
7
],
[
5,
6
],
[
6,
7
],
[
5,
29
],
[
5,
30
],
[
5,
38
],
[
29,
30
],
[
6,
13
],
[
6,
32
],
[
13,
32
],
[
14,
32
],
[
7,
32
],
[
7,
45
],
[
7,
46
],
[
32,
46
],
[
8,
19
],
[
9,
19
],
[
9,
21
],
[
19,
21
],
[
8,
15
],
[
8,
16
],
[
8,
18
],
[
15,
16
],
[
10,
23
],
[
10,
25
],
[
11,
23
],
[
11,
25
],
[
11,
12
],
[
11,
26
],
[
11,
28
],
[
12,
26
],
[
12,
29
],
[
12,
31
],
[
13,
29
],
[
13,
31
],
[
14,
15
],
[
14,
33
],
[
14,
35
],
[
15,
33
],
[
16,
36
],
[
16,
39
],
[
17,
36
],
[
17,
39
],
[
17,
40
],
[
17,
47
],
[
18,
40
],
[
18,
47
],
[
20,
40
],
[
21,
40
],
[
21,
41
],
[
40,
41
],
[
24,
25
],
[
24,
42
],
[
25,
42
],
[
25,
43
],
[
26,
37
],
[
26,
38
],
[
27,
37
],
[
27,
38
],
[
27,
28
],
[
27,
43
],
[
27,
44
],
[
28,
43
],
[
30,
31
],
[
30,
45
],
[
31,
44
],
[
44,
45
],
[
34,
35
],
[
34,
46
],
[
35,
47
],
[
46,
47
]
],
"contact_t_bound_pairs": [
[
[
0.6,
0.9
],
[
0.6,
0.9
]
],
[
[
0.6,
0.9
],
[
0.6,
0.9
]
],
[
[
0.6,
0.9
],
[
0.1,
0.4
]
],
[
[
0.1,
0.4
],
[
0.6,
0.9
]
],
[
[
0.1,
0.4
],
[
0.6,
0.9
]
],
[
[
0.1,
0.4
],
[
0.6,
0.9
]
],
[
[
0.1,
0.4
],
[
0.6,
0.9
]
],
[
[
0.6,
0.9
],
[
0.6,
0.9
]
],
[
[
0.6,
0.9
],
[
0.6,
0.9
]
],
[
[
0.6,
0.9
],
[
0.1,
0.4
]
],
[
[
0.6,
0.9
],
[
0.1,
0.4
]
],
[
[
0.1,
0.4
],
[
0.1,
0.4
]
],
[
[
0.1,
0.4
],
[
0.1,
0.4
]
],
[
[
0.1,
0.4
],
[
0.6,
0.9
]
],
[
[
0.6,
0.9
],
[
0.6,
0.9
]
],
[
[
0.1,
0.4
],
[
0.6,
0.9
]
],
[
[
0.1,
0.4
],
[
0.1,
0.4
]
],
[
[
0.1,
0.4
],
[
0.6,
0.9
]
],
[
[
0.1,
0.4
],
[
0.1,
0.4
]
],
[
[
0.1,
0.4
],
[
0.6,
0.9
]
],
[
[
0.6,
0.9
],
[
0.1,
0.4
]
],
[
[
0.6,
0.9
],
[
0.1,
0.4
]
],
[
[
0.6,
0.9
],
[
0.1,
0.4
]
],
[
[
0.6,
0.9
],
[
0.1,
0.4
]
],
[
[
0.1,
0.4
],
[
0.1,
0.4
]
],
[
[
0.1,
0.4
],
[
0.6,
0.9
]
],
[
[
0.1,
0.4
],
[
0.6,
0.9
]
],
[
[
0.6,
0.9
],
[
0.6,
0.9
]
],
[
[
0.6,
0.9
],
[
0.6,
0.9
]
],
[
[
0.6,
0.9
],
[
0.1,
0.4
]
],
[
[
0.6,
0.9
],
[
0.6,
0.9
]
],
[
[
0.6,
0.9
],
[
0.1,
0.4
]
],
[
[
0.1,
0.4
],
[
0.6,
0.9
]
],
[
[
0.1,
0.4
],
[
0.6,
0.9
]
],
[
[
0.6,
0.9
],
[
0.6,
0.9
]
],
[
[
0.1,
0.4
],
[
0.6,
0.9
]
],
[
[
0.1,
0.4
],
[
0.1,
0.4
]
],
[
[
0.1,
0.4
],
[
0.6,
0.9
]
],
[
[
0.1,
0.4
],
[
0.1,
0.4
]
],
[
[
0.1,
0.4
],
[
0.1,
0.4
]
],
[
[
0.6,
0.9
],
[
0.1,
0.4
]
],
[
[
0.1,
0.4
],
[
0.1,
0.4
]
],
[
[
0.1,
0.4
],
[
0.6,
0.9
]
],
[
[
0.1,
0.4
],
[
0.6,
0.9
]
],
[
[
0.1,
0.4
],
[
0.6,
0.9
]
],
[
[
0.1,
0.4
],
[
0.1,
0.4
]
],
[
[
0.1,
0.4
],
[
0.6,
0.9
]
],
[
[
0.6,
0.9
],
[
0.1,
0.4
]
],
[
[
0.6,
0.9
],
[
0.1,
0.4
]
],
[
[
0.6,
0.9
],
[
0.6,
0.9
]
],
[
[
0.1,
0.4
],
[
0.1,
0.4
]
],
[
[
0.1,
0.4
],
[
0.6,
0.9
]
],
[
[
0.6,
0.9
],
[
0.1,
0.4
]
],
[
[
0.6,
0.9
],
[
0.1,
0.4
]
],
[
[
0.6,
0.9
],
[
0.6,
0.9
]
],
[
[
0.1,
0.4
],
[
0.1,
0.4
]
],
[
[
0.6,
0.9
],
[
0.1,
0.4
]
],
[
[
0.6,
0.9
],
[
0.6,
0.9
]
],
[
[
0.1,
0.4
],
[
0.1,
0.4
]
],
[
[
0.1,
0.4
],
[
0.6,
0.9
]
],
[
[
0.6,
0.9
],
[
0.1,
0.4
]
],
[
[
0.6,
0.9
],
[
0.1,
0.4
]
],
[
[
0.6,
0.9
],
[
0.6,
0.9
]
],
[
[
0.1,
0.4
],
[
0.1,
0.4
]
],
[
[
0.6,
0.9
],
[
0.1,
0.4
]
],
[
[
0.6,
0.9
],
[
0.6,
0.9
]
],
[
[
0.1,
0.4
],
[
0.1,
0.4
]
],
[
[
0.1,
0.4
],
[
0.6,
0.9
]
],
[
[
0.6,
0.9
],
[
0.1,
0.4
]
],
[
[
0.6,
0.9
],
[
0.6,
0.9
]
],
[
[
0.1,
0.4
],
[
0.1,
0.4
]
],
[
[
0.1,
0.4
],
[
0.6,
0.9
]
],
[
[
0.6,
0.9
],
[
0.6,
0.9
]
],
[
[
0.1,
0.4
],
[
0.6,
0.9
]
],
[
[
0.1,
0.4
],
[
0.1,
0.4
]
],
[
[
0.6,
0.9
],
[
0.1,
0.4
]
],
[
[
0.6,
0.9
],
[
0.1,
0.4
]
],
[
[
0.6,
0.9
],
[
0.6,
0.9
]
],
[
[
0.1,
0.4
],
[
0.6,
0.9
]
],
[
[
0.1,
0.4
],
[
0.1,
0.4
]
],
[
[
0.6,
0.9
],
[
0.6,
0.9
]
],
[
[
0.6,
0.9
],
[
0.1,
0.4
]
],
[
[
0.1,
0.4
],
[
0.6,
0.9
]
],
[
[
0.1,
0.4
],
[
0.1,
0.4
]
],
[
[
0.6,
0.9
],
[
0.1,
0.4
]
],
[
[
0.6,
0.9
],
[
0.6,
0.9
]
],
[
[
0.6,
0.9
],
[
0.1,
0.4
]
],
[
[
0.1,
0.4
],
[
0.6,
0.9
]
],
[
[
0.6,
0.9
],
[
0.1,
0.4
]
],
[
[
0.6,
0.9
],
[
0.1,
0.4
]
],
[
[
0.1,
0.4
],
[
0.6,
0.9
]
],
[
[
0.6,
0.9
],
[
0.1,
0.4
]
],
[
[
0.6,
0.9
],
[
0.1,
0.4
]
],
[
[
0.6,
0.9
],
[
0.6,
0.9
]
],
[
[
0.1,
0.4
],
[
0.1,
0.4
]
],
[
[
0.6,
0.9
],
[
0.1,
0.4
]
]
],
"line_pt_pairs": [
[
[
6.123233995736766e-17,
21.0,
0.1
],
[
0.7071067540064384,
20.707106808366653,
0.0
]
],
[
[
0.11982984354415471,
20.966223321592537,
0.2043078898192476
],
[
-0.7071067811865475,
20.707106781186546,
0.0
]
],
[
[
-0.10197219882392212,
21.172208535311363,
0.36964937041507984
],
[
0.02344119181077747,
20.86016046550235,
0.17451364169236303
]
],
[
[
0.0018859498121920415,
20.828482652986217,
0.4523936543469721
],
[
0.07356415895911862,
20.947439138867168,
0.03556428159643137
]
],
[
[
-1.8369701987210297e-16,
19.0,
0.1
],
[
0.7071067902465838,
19.29289322787349,
0.0
]
],
[
[
0.19999999707856433,
19.033292651191257,
0.1308514811956567
],
[
-0.7071067449463989,
19.292893182573305,
0.0
]
],
[
[
0.030645670181219463,
18.996958365944405,
0.5060654784169806
],
[
0.10163769841267367,
19.110711561265383,
0.08247658631112563
]
],
[
[
-0.032946236854581055,
19.25973133971395,
0.30467761801363963
],
[
0.09470896730951657,
18.984816066601294,
0.09913488468954701
]
],
[
[
1.1091840835683153,
19.951561524371947,
0.3112508923006029
],
[
0.7015832703044941,
20.77622302075445,
0.33547219129212325
]
],
[
[
0.786624078296832,
20.672014477619673,
0.2384555403623268
],
[
-0.13251573024057306,
21.12809304558553,
0.35609627120408044
]
],
[
[
0.02429763853486839,
21.235732419120882,
0.32315468350691884
],
[
-0.8891057570391587,
20.648528162523217,
0.29283175277988194
]
],
[
[
-0.7125095143405931,
20.805833268730566,
0.3714706457558741
],
[
-1.164090989047838,
19.851895665100816,
0.35171795719479154
]
],
[
[
-1.1081607553618726,
20.151523030509516,
0.3176628703028367
],
[
-0.7486550043339585,
19.057993212816218,
0.33806532665226463
]
],
[
[
-0.9609737962963748,
19.19934500593942,
0.2855194132285053
],
[
0.1999999835408171,
18.936176766117878,
0.4820475268318492
]
],
[
[
-0.023395192210128396,
18.99999959985548,
0.5202094586285269
],
[
0.7951001318559406,
19.285518185029943,
0.260767791029146
]
],
[
[
0.6485281518002474,
19.157020943653734,
0.25332582701271156
],
[
1.0863056200607957,
20.19069100189992,
0.28206569630469536
]
],
[
[
1.0000000084460026,
20.10208249000377,
0.35600876881011795
],
[
1.0,
20.0,
0.0
]
],
[
[
0.9199148302089669,
20.017057083351705,
-0.000424013527304418
],
[
0.9147900173261581,
20.002198676199324,
0.3748001191234046
]
],
[
[
0.8574580572028782,
19.9567432789277,
0.29385056566021955
],
[
1.0226083623427873,
20.193177571165652,
0.27980171142777144
]
],
[
[
0.729843244132874,
20.667284403854758,
0.3836033689416198
],
[
0.5717155495697464,
20.723279415196142,
-0.025167852669278127
]
],
[
[
0.6459867470459618,
20.719577713889663,
-0.017203177328337812
],
[
0.48530214810720085,
20.4837305445948,
0.3827881970194155
]
],
[
[
0.45029288468747586,
20.39946240579784,
0.27122191978501514
],
[
0.7694780651860736,
20.858930085211156,
0.2959099755858533
]
],
[
[
0.10677588797994982,
20.74552112299343,
0.36561599341096424
],
[
-0.08149836399372201,
21.219429658058235,
0.2757499760171147
]
],
[
[
-0.8370927679201373,
20.669371503444562,
0.39091505719295966
],
[
-0.5649326261946566,
20.709592953960552,
-0.010939706045870311
]
],
[
[
-0.6717045846891039,
20.66665141225016,
-0.02379362082554871
],
[
-0.46819188990153804,
20.66480310000703,
0.2821591600279002
]
],
[
[
-0.44414708633300676,
20.597174105124836,
0.14641094959632742
],
[
-0.8661938057916111,
20.752706115353604,
0.39212270160574625
]
],
[
[
-1.0963706544352476,
19.924384202691158,
0.39841095320289477
],
[
-1.0,
20.0,
0.0
]
],
[
[
-0.9803358528483084,
19.92998332238368,
-0.009075218254102776
],
[
-0.7439680856679232,
20.05317779960331,
0.3895763777878631
]
],
[
[
-0.6517743544687346,
20.00245330817375,
0.20050909929886918
],
[
-1.0949348014805176,
20.16380003423036,
0.4330024731789711
]
],
[
[
-0.783242063653293,
19.16375807716038,
0.39717601001862435
],
[
-0.5212123312618027,
19.29420921996411,
-0.0029911876664030293
]
],
[
[
-0.5814975463441063,
19.28505823371001,
-0.04381925856199234
],
[
-0.5967362220920628,
19.378268436158397,
0.5032110627491277
]
],
[
[
-0.5448798339267539,
19.458087301267327,
0.45543266272432026
],
[
-0.8688505053846669,
19.15562635188464,
0.2523001156282553
]
],
[
[
0.019707214182313075,
19.26501922865346,
0.16912501602604502
],
[
0.09354448882224262,
18.959296537789083,
0.520889577991448
]
],
[
[
0.6905232071232503,
19.242967819324445,
0.4031004053694226
],
[
0.6324247877428671,
19.390168200060494,
0.02301755816439541
]
],
[
[
0.6255991953904705,
19.275789212155996,
-0.04373645025272113
],
[
0.5901823059666745,
19.45055838658372,
0.3485219412762677
]
],
[
[
0.6218626337085719,
19.595106910803374,
0.24230380040976102
],
[
0.6485281720669664,
19.125523871433025,
0.3784742759040826
]
],
[
[
1.007852429953977,
19.902991292884387,
0.03900421590169192
],
[
0.601767539028139,
20.831600139316215,
0.04613562347948079
]
],
[
[
-0.5900446471964955,
20.83461029703285,
0.05614247005730724
],
[
-1.0311732233488937,
19.858197108969573,
0.04332803456853818
]
],
[
[
-1.051036826616851,
20.12401630521758,
0.10132068666161284
],
[
-0.5754358067651291,
19.1656628189787,
0.04213681256487089
]
],
[
[
0.5776114779444265,
19.152833073286565,
0.04609050146089158
],
[
1.0106304573933986,
20.1326985708687,
0.06844096149327641
]
],
[
[
0.9999999081609687,
19.969598589570474,
0.3268510624634521
],
[
0.42803207301708124,
20.551163653323723,
0.30900386571325894
]
],
[
[
0.5637701716381305,
20.366125281519075,
0.29361471737247047
],
[
-0.04857227166251714,
20.953327768637322,
0.4162529578950152
]
],
[
[
0.09880897979380529,
20.82287484170114,
0.4274958000948464
],
[
-0.7052616353168834,
20.659694713764793,
0.1791954993998758
]
],
[
[
-0.5718887316075849,
20.733704486721926,
0.28255956352898653
],
[
-0.8258197896791771,
19.91739243873098,
0.21959847014722586
]
],
[
[
-0.7788837861655927,
20.11899656991801,
0.2887172275817419
],
[
-0.542418644956495,
19.304169940271002,
0.41099687870989765
]
],
[
[
-0.7094150973043682,
19.436418738014584,
0.4834581370677337
],
[
0.05139788974245427,
19.231800576472793,
0.22911125029892032
]
],
[
[
-0.07733187639048375,
19.159949491889627,
0.3070276177820723
],
[
0.7111853003974488,
19.479189944877582,
0.20149702874361927
]
],
[
[
0.594613221532869,
19.341041419538875,
0.2456017543889442
],
[
0.9213578474705304,
20.110659597408574,
0.25926361123198416
]
]
],
"contact_t_pairs": [
[
0.8502442891501432,
0.8999997333414309
],
[
0.8999999292831193,
0.899999947416559
],
[
0.799407812585773,
0.15832529050939523
],
[
0.10948030875439892,
0.8647340645368242
],
[
0.11430849348409267,
0.8999998934379304
],
[
0.13942760742108526,
0.8382744034847881
],
[
0.10000005591687677,
0.6618227552693642
],
[
0.8999997306200218,
0.600000104789374
],
[
0.8730424006079024,
0.8999998052078252
],
[
0.8999999797195282,
0.10000002317335169
],
[
0.8109420657281572,
0.2841610564485416
],
[
0.1932629869950372,
0.15963624917952735
],
[
0.10000072799589008,
0.1344766200011482
],
[
0.34470348631693465,
0.7014978756236114
],
[
0.8638234009278439,
0.6551474071499953
],
[
0.10000010358082471,
0.8999997544204038
],
[
0.29108544188621954,
0.2784322924152893
],
[
0.15462621416069688,
0.8589225742052394
],
[
0.1000007587119742,
0.10000004875383363
],
[
0.10000017401898836,
0.7480899649487297
],
[
0.8999999972331436,
0.10000020325223716
],
[
0.8689067623153074,
0.10000000303346229
],
[
0.766434904007669,
0.39999977795423347
],
[
0.8999990916896976,
0.21314233335809504
],
[
0.15585668732460822,
0.10000000269170817
],
[
0.10000000346669621,
0.8999994995622926
],
[
0.125195451878064,
0.8999999815434944
],
[
0.7800489187239773,
0.6677118227125859
],
[
0.8316573914821039,
0.899999823128499
],
[
0.8748045155232583,
0.10000027837697746
],
[
0.8999999837943141,
0.8999999556761914
],
[
0.8438461221003276,
0.17904812042094947
],
[
0.10000001793298376,
0.8550787141054208
],
[
0.2035192342536519,
0.740816177911508
],
[
0.8999999906011661,
0.8999995403959816
],
[
0.1259417752301444,
0.8374474882147896
],
[
0.2834588148566023,
0.23090497627581633
],
[
0.10000064061438482,
0.8999998558319532
],
[
0.18446628078759983,
0.10000000986898303
],
[
0.2817671755513407,
0.14025048745180183
],
[
0.8935777328771277,
0.10000087075204935
],
[
0.10000024789382617,
0.32216600394321654
],
[
0.12323817196335565,
0.7072710679141525
],
[
0.2678492044477048,
0.6560207443968852
],
[
0.16338218328464427,
0.8999999697246154
],
[
0.18946310740666134,
0.10000026743103169
],
[
0.2570673604359017,
0.8735845266500153
],
[
0.878075129428018,
0.22886597508944512
],
[
0.8999999774848035,
0.21259942977151577
],
[
0.8629062441563833,
0.7326201582543781
],
[
0.15320473177093333,
0.10000033196879006
],
[
0.10000025346853726,
0.7794466266113733
],
[
0.8004428386903182,
0.1000000598207079
],
[
0.8999999301825714,
0.10000040188896057
],
[
0.6966026894967172,
0.8148065666366221
],
[
0.1825755133353078,
0.2184606637198347
],
[
0.8999999418133419,
0.10000123993524326
],
[
0.8460602859314593,
0.7510347961837621
],
[
0.18347273604932457,
0.15393568207792543
],
[
0.10000003441840213,
0.8999996318133846
],
[
0.8899237600748472,
0.10000000658933789
],
[
0.8634002261139843,
0.24524474483298647
],
[
0.8042615345938864,
0.7565758736276634
],
[
0.12137286777199928,
0.3585118109114349
],
[
0.8999999495277068,
0.10000008035113434
],
[
0.8023274502584543,
0.8999999969140107
],
[
0.10495561278932279,
0.1366754213478328
],
[
0.1757940379163144,
0.8644686841629587
],
[
0.8637183524437807,
0.10294893683709565
],
[
0.6875622900910796,
0.8833815774745875
],
[
0.38445618488005445,
0.13713119722657885
],
[
0.15800487275475822,
0.8546807794334964
],
[
0.8717041652876864,
0.8999998731615907
],
[
0.16783100027508166,
0.8705842913440167
],
[
0.10000007365621952,
0.12799789816854096
],
[
0.8257127059197379,
0.10000005102878967
],
[
0.7118395461635744,
0.21771883802068817
],
[
0.8412705695831856,
0.7563513585320926
],
[
0.35317218398455497,
0.8608189395045658
],
[
0.3999989430283147,
0.10000002352153588
],
[
0.899999831787028,
0.8776017428153441
],
[
0.7910260035558218,
0.13043631440916403
],
[
0.10000118495718115,
0.8999999822503982
],
[
0.19824740690179993,
0.1918879977946406
],
[
0.7510255835193477,
0.32933191544137175
],
[
0.6292185833690418,
0.8999999659652936
],
[
0.8263843386965011,
0.10000002943655507
],
[
0.2655955946809656,
0.8347723380170899
],
[
0.8400299742517736,
0.22184330848822334
],
[
0.899999824980398,
0.15988137552828316
],
[
0.14822049116935157,
0.865174186944964
],
[
0.8999999721021583,
0.2057063732026352
],
[
0.8484420082149452,
0.3586165558289182
],
[
0.7047572412299966,
0.8420345569834765
],
[
0.258543455502977,
0.1625832119242938
],
[
0.8999999908107267,
0.13388256350855285
]
],
"half_couplers": [
{
"pose": [
[
-0.12753480719379917,
0.3801420385595866,
0.9160932831725171,
0.6012134794134694
],
[
0.030576145744568517,
0.9247034887709347,
-0.37945824166338604,
20.75096923648279
],
[
-0.9913626845234024,
-0.020383531946734895,
-0.1295551595264699,
0.014975571084985685
],
[
0.0,
0.0,
0.0,
1.0
]
],
"at_element": 0,
"to_element": 19
},
{
"pose": [
[
0.8528880401171796,
-0.3801420384402328,
-0.3578743098289969,
0.5875283611921639
],
[
-0.35897565435656537,
-0.9247034888058312,
0.12672780819378038,
20.717679899130456
],
[
-0.37910219018669894,
0.020383532589529157,
-0.9251302832546449,
0.01570937849416071
],
[
0.0,
0.0,
0.0,
1.0
]
],
"at_element": 19,
"to_element": 0
},
{
"pose": [
[
-0.36493842238427043,
-0.16611154200233685,
0.9160932831766018,
0.6363960286014106
],
[
-0.9229167903383582,
-0.06508487505651184,
-0.3794582416425039,
20.73639614824248
],
[
0.12265621052039077,
-0.9839567646256029,
-0.1295551595587512,
0.010000007071688067
],
[
0.0,
0.0,
0.0,
1.0
]
],
"at_element": 0,
"to_element": 36
},
{
"pose": [
[
-0.9010436321068012,
0.16611154202555073,
-0.4006586185840474,
0.6423760494740636
],
[
-0.3953995379371628,
0.06508487501705507,
0.9162003953519626,
20.738739205843586
],
[
0.17826827659138242,
0.9839567646242939,
0.007036114782347891,
0.045422482346707954
],
[
0.0,
0.0,
0.0,
1.0
]
],
"at_element": 36,
"to_element": 0
},
{
"pose": [
[
-0.8037383789185422,
-0.4753215717143785,
-0.3578743099418663,
0.6034347297129329
],
[
-0.5461312528633567,
0.8280584022046786,
0.1267278074620361,
20.712047253386892
],
[
0.2361043686577916,
0.29730234778959874,
-0.92513028331122,
0.05682846082563764
],
[
0.0,
0.0,
0.0,
1.0
]
],
"at_element": 19,
"to_element": 20
},
{
"pose": [
[
-0.8167790925424978,
0.4753215716542812,
-0.32701883356399886,
0.6205463112385967
],
[
-0.2897103279646224,
-0.8280584024752282,
-0.4799866747742112,
20.682237142295232
],
[
-0.4989387135271077,
-0.29730234713213677,
0.8140463589585284,
0.04612557321652249
],
[
0.0,
0.0,
0.0,
1.0
]
],
"at_element": 20,
"to_element": 19
},
{
"pose": [
[
-0.5244038462612461,
-0.7861674685184439,
-0.32701883350919225,
0.6283949475420695
],
[
0.8087818448277051,
-0.3398304289336287,
-0.4799866738232218,
20.693757092976412
],
[
0.2662189578213867,
-0.5161937533660084,
0.8140463595412778,
0.02658800183435058
],
[
0.0,
0.0,
0.0,
1.0
]
],
"at_element": 20,
"to_element": 36
},
{
"pose": [
[
-0.4705458346691531,
0.7861674686779883,
-0.4006586186118485,
0.6566969916766842
],
[
-0.21234904053759768,
0.33983042912836436,
0.9162003953400115,
20.705990995024234
],
[
0.8564429359030711,
0.5161937529948191,
0.007036114755459955,
0.04517098696230199
],
[
0.0,
0.0,
0.0,
1.0
]
],
"at_element": 36,
"to_element": 20
},
{
"pose": [
[
0.007862175619830603,
0.4008881174671649,
0.9160932831694355,
0.08082830778290294
],
[
0.34004549249435345,
0.8604536628216091,
-0.37945824166981723,
20.966519820512644
],
[
-0.9403761211498278,
0.31449675898252016,
-0.12955515952942642,
0.08856915065159074
],
[
0.0,
0.0,
0.0,
1.0
]
],
"at_element": 0,
"to_element": 3
},
{
"pose": [
[
0.9014837853725606,
-0.4008881175365249,
0.16314319455123028,
0.06639633040624765
],
[
-0.431640397386925,
-0.8604536629686939,
0.27075092100935677,
20.935543477602824
],
[
0.03183633229529895,
-0.3144967584916875,
-0.9487245315918655,
0.07724726328968606
],
[
0.0,
0.0,
0.0,
1.0
]
],
"at_element": 3,
"to_element": 0
},
{
"pose": [
[
-0.368646911770548,
0.03815033023525394,
-0.9287863084396641,
0.004532048469085073
],
[
0.7892019453003926,
0.5407970564055928,
-0.291030639825298,
20.9300953223205
],
[
0.4911819866160751,
-0.840287507991156,
-0.22947147957403957,
0.1758217295644992
],
[
0.0,
0.0,
0.0,
1.0
]
],
"at_element": 1,
"to_element": 2
},
{
"pose": [
[
0.9457835480679314,
-0.03815033029129382,
0.32254927143414847,
0.0031586363993853887
],
[
0.2518877180130428,
-0.5407970562815576,
-0.8025528776544159,
20.910626625733634
],
[
0.20505135385609286,
0.8402875080684392,
-0.5018673590361464,
0.20607208382147496
],
[
0.0,
0.0,
0.0,
1.0
]
],
"at_element": 2,
"to_element": 1
},
{
"pose": [
[
-0.15143697685808188,
-0.3382644466649532,
-0.9287863081261147,
0.037136134831371154
],
[
-0.26710031747472335,
0.9186721866887233,
-0.29103064067115253,
20.94031165306295
],
[
0.9516954672819384,
0.2040063173703514,
-0.2294714797703643,
0.18387708941306374
],
[
0.0,
0.0,
0.0,
1.0
]
],
"at_element": 1,
"to_element": 3
},
{
"pose": [
[
0.9268017380308826,
0.3382644476233973,
0.163143194332381,
0.049324219682584734
],
[
0.2876375373111823,
-0.9186721862836089,
0.2707509211036084,
20.90721076222911
],
[
0.24146052578525823,
-0.2040063176054409,
-0.948724531602601,
0.1765264903960084
],
[
0.0,
0.0,
0.0,
1.0
]
],
"at_element": 3,
"to_element": 1
},
{
"pose": [
[
-0.06596189055717305,
-0.9442515537081049,
0.322549271141563,
0.010899818963451074
],
[
-0.5479742820148015,
-0.23586662404094794,
-0.8025528779550224,
20.891365356542753
],
[
0.8338904096129698,
-0.22968661037020888,
-0.5018673587434805,
0.19402726713029306
],
[
0.0,
0.0,
0.0,
1.0
]
],
"at_element": 2,
"to_element": 3
},
{
"pose": [
[
-0.2859603135084332,
0.9442515539099956,
0.16314319488325835,
0.044892882811462656
],
[
0.9333064204132586,
0.23586662407594516,
0.2707509210739756,
20.89985655698016
],
[
0.2171769433285859,
0.22968660950428768,
-0.9487245315163282,
0.20229598701735862
],
[
0.0,
0.0,
0.0,
1.0
]
],
"at_element": 3,
"to_element": 2
},
{
"pose": [
[
-0.24621939362075596,
-0.27700542135128314,
-0.9287863084407658,
-0.6021208924613336
],
[
0.02176502541604583,
0.956466126081259,
-0.2910306398435532,
20.740003595119276
],
[
0.9689697074076496,
-0.09187244527662895,
-0.2294714795464281,
0.025938439228316856
],
[
0.0,
0.0,
0.0,
1.0
]
],
"at_element": 1,
"to_element": 23
},
{
"pose": [
[
0.7816416445131418,
0.2770054213259659,
0.5588419598766857,
-0.5921486933818706
],
[
0.2799135697872404,
-0.9564661260854168,
0.08258900108439797,
20.705570801074128
],
[
0.55739100549951,
0.09187244530967444,
-0.8251513320482888,
0.029245848556175975
],
[
0.0,
0.0,
0.0,
1.0
]
],
"at_element": 23,
"to_element": 1
},
{
"pose": [
[
-0.2531588424764606,
0.2706780259471011,
-0.9287863084398686,
-0.6244131019428123
],
[
0.9503994269123159,
-0.10973648411925829,
-0.29103063992969025,
20.73301844048215
],
[
-0.1806973430925864,
-0.9563949551950408,
-0.22947147944081392,
0.020430793125385167
],
[
0.0,
0.0,
0.0,
1.0
]
],
"at_element": 1,
"to_element": 37
},
{
"pose": [
[
0.8701993672718131,
-0.2706780258565318,
-0.41168734194549494,
-0.634157515034163
],
[
-0.3969727871940638,
0.10973648434997518,
-0.9112466791324313,
20.736968955599757
],
[
0.2918315737323717,
0.9563949551942014,
-0.011959191108472655,
0.05486102621147691
],
[
0.0,
0.0,
0.0,
1.0
]
],
"at_element": 37,
"to_element": 1
},
{
"pose": [
[
-0.8263322292612758,
-0.0697904775884624,
0.5588419598795937,
-0.6163866603804079
],
[
-0.028281410279150706,
0.9961823220356643,
0.08258900106100363,
20.701988769612583
],
[
-0.5624724070714167,
0.05244111461064151,
-0.8251513320486619,
0.06503412536936337
],
[
0.0,
0.0,
0.0,
1.0
]
],
"at_element": 23,
"to_element": 24
},
{
"pose": [
[
-0.8296969833746048,
0.06979047787430005,
0.553834095173959,
-0.6138742023375796
],
[
-0.08715205570496402,
-0.9961823220659327,
-0.0050299492766292045,
20.666126193890506
],
[
0.5513686924059796,
-0.05244111365525575,
0.8326118511245901,
0.06314624460513647
],
[
0.0,
0.0,
0.0,
1.0
]
],
"at_element": 24,
"to_element": 23
},
{
"pose": [
[
-0.2904540951702883,
0.7803231469206524,
0.5538340951753142,
-0.6323731134030496
],
[
-0.9383321120612707,
-0.3456986362350096,
-0.005029948298902687,
20.666294201905153
],
[
0.18753470631710875,
-0.5211412853393065,
0.8326118511295952,
0.03533572748162685
],
[
0.0,
0.0,
0.0,
1.0
]
],
"at_element": 24,
"to_element": 37
},
{
"pose": [
[
0.4707539896787315,
-0.7803231469090917,
-0.4116873420442374,
-0.6604647584993699
],
[
-0.2238793041038709,
0.3456986361567117,
-0.9112466790904403,
20.678739358041003
],
[
0.853386628905986,
0.5211412854085558,
-0.011959190908881867,
0.05409682164052713
],
[
0.0,
0.0,
0.0,
1.0
]
],
"at_element": 37,
"to_element": 24
},
{
"pose": [
[
0.9121531315522483,
0.25286089478978524,
0.32254927140754164,
-0.08943076846001922
],
[
0.4051792355209174,
-0.43787973879531394,
-0.802552877669274,
21.14100350116075
],
[
-0.06169644805101651,
0.8627413878090334,
-0.5018673590294864,
0.35013565548479963
],
[
0.0,
0.0,
0.0,
1.0
]
],
"at_element": 2,
"to_element": 10
},
{
"pose": [
[
-0.4785843779701473,
-0.25286089466536144,
-0.8408438387191527,
-0.09853376279949852
],
[
0.7183723915752926,
0.4378797392694205,
-0.5405575278911015,
21.156767175443342
],
[
0.5048743409852813,
-0.8627413876048706,
-0.027914117007362016,
0.31907695827421795
],
[
0.0,
0.0,
0.0,
1.0
]
],
"at_element": 10,
"to_element": 2
},
{
"pose": [
[
0.18149467553765586,
-0.9289895859580825,
0.32254927055089044,
-0.05874176584131356
],
[
-0.46792981860510985,
-0.37006832082505436,
-0.8025528784958119,
21.064644477749724
],
[
0.8649285332394058,
-0.00527134737567958,
-0.50186735825831,
0.30238540441936373
],
[
0.0,
0.0,
0.0,
1.0
]
],
"at_element": 2,
"to_element": 22
},
{
"pose": [
[
-0.06905175300161592,
0.9289895867066424,
-0.3636072100468102,
-0.025298099814205506
],
[
0.15931405810244142,
0.37006831897775294,
0.9152423013497093,
21.07796695358129
],
[
0.9848100762575165,
0.005271345141566519,
-0.17355496714892027,
0.3025751731184243
],
[
0.0,
0.0,
0.0,
1.0
]
],
"at_element": 22,
"to_element": 2
},
{
"pose": [
[
-0.3773240573239902,
0.2561414621456932,
-0.8899539915829519,
-0.007350397042116555
],
[
-0.8532686595575825,
0.27735375431683207,
0.44159652351797896,
21.06598581729024
],
[
0.3599432599471323,
0.9259948414198779,
0.11390523816930653,
0.3400763565656875
],
[
0.0,
0.0,
0.0,
1.0
]
],
"at_element": 9,
"to_element": 22
},
{
"pose": [
[
0.8956457714416957,
-0.2561414643672406,
-0.36360720885375125,
-0.016571500033706166
],
[
0.2922437756184192,
-0.2773537544713349,
0.9152423015207207,
21.05600107096739
],
[
-0.3352793278907917,
-0.9259948407590943,
-0.17355496874661624,
0.30674050512448736
],
[
0.0,
0.0,
0.0,
1.0
]
],
"at_element": 22,
"to_element": 9
},
{
"pose": [
[
0.5274784801786231,
-0.12144172144703957,
-0.8408438387955457,
-0.06704279563361133
],
[
-0.829887546560004,
0.13814564507344929,
-0.540557527754316,
21.177011932638017
],
[
0.1818051512280861,
0.9829382936070914,
-0.027914117355068546,
0.32012238729334097
],
[
0.0,
0.0,
0.0,
1.0
]
],
"at_element": 10,
"to_element": 22
},
{
"pose": [
[
0.9236025692011727,
0.12144172154264471,
-0.36360720899585,
-0.06267089256004005
],
[
0.37848026359395565,
-0.13814564523421047,
0.9152423016735369,
21.172038688169486
],
[
0.06091784824534477,
-0.9829382935726854,
-0.17355496764303457,
0.28473659982575994
],
[
0.0,
0.0,
0.0,
1.0
]
],
"at_element": 22,
"to_element": 10
},
{
"pose": [
[
0.450227011229304,
-0.8778837826048139,
0.16314319660651513,
0.022750432995338028
],
[
-0.876074265913729,
-0.3989834805941117,
0.2707509239443683,
20.863109154244107
],
[
-0.17259640483871344,
-0.26482493548091746,
-0.948724530400832,
0.33106069218872525
],
[
0.0,
0.0,
0.0,
1.0
]
],
"at_element": 3,
"to_element": 22
},
{
"pose": [
[
-0.31162455270958445,
0.877883782205746,
-0.36360720989645684,
0.054354256400146565
],
[
0.05606883496653681,
0.39898347844004456,
0.9152423010751731,
20.877472562806695
],
[
0.9485496422929307,
0.2648249400491142,
-0.1735549689116862,
0.34059439217776244
],
[
0.0,
0.0,
0.0,
1.0
]
],
"at_element": 22,
"to_element": 3
},
{
"pose": [
[
0.7050194751301815,
-0.6901679779249509,
0.16314319456890672,
0.012969279930399933
],
[
-0.7046762806578478,
-0.6558393693297837,
0.2707509208023744,
20.84687644404785
],
[
-0.07986788569497524,
-0.3058478116385601,
-0.9487245316478952,
0.387940906487578
],
[
0.0,
0.0,
0.0,
1.0
]
],
"at_element": 3,
"to_element": 41
},
{
"pose": [
[
-0.11568172267945487,
0.6901679780866575,
-0.7143429855900378,
0.03781542394321235
],
[
-0.3172202424447149,
0.6558393691470886,
0.6850153572439563,
20.8704867533344
],
[
0.941269917091389,
0.3058478116654163,
0.14306662531228598,
0.3989514706180959
],
[
0.0,
0.0,
0.0,
1.0
]
],
"at_element": 41,
"to_element": 3
},
{
"pose": [
[
-0.9518176276588208,
-0.2596680607769006,
0.16314319443451492,
0.009053825110000269
],
[
-0.20989712022825052,
0.9394876997169395,
0.2707509205902375,
20.840378391828022
],
[
-0.2235763909669834,
0.22346221222599943,
-0.9487245317315458,
0.4107104008184817
],
[
0.0,
0.0,
0.0,
1.0
]
],
"at_element": 3,
"to_element": 42
},
{
"pose": [
[
0.2295940357473455,
0.2596680608643616,
-0.9380080367012795,
0.018401879081211422
],
[
0.284824989791485,
-0.9394876996981139,
-0.19036172752480396,
20.80655682095185
],
[
-0.9306778733479846,
-0.22346221220351653,
-0.2896607252935468,
0.4026657579197578
],
[
0.0,
0.0,
0.0,
1.0
]
],
"at_element": 42,
"to_element": 3
},
{
"pose": [
[
0.7906392337495664,
-0.49262500928178155,
-0.3636072087927069,
0.08794843001928776
],
[
0.20467892782524186,
-0.34704187764706274,
0.9152423021602042,
20.792912058968994
],
[
-0.5770581760621784,
-0.7980492061203531,
-0.17355496550218952,
0.35662937603318584
],
[
0.0,
0.0,
0.0,
1.0
]
],
"at_element": 22,
"to_element": 41
},
{
"pose": [
[
-0.497025852440101,
0.4926250104757889,
-0.7143429855887993,
0.1056829346927295
],
[
-0.6405590503738717,
0.34704187532445063,
0.6850153573135509,
20.80540556952517
],
[
0.5853626269162682,
0.7980492063933258,
0.1430666249852437,
0.3853591544263548
],
[
0.0,
0.0,
0.0,
1.0
]
],
"at_element": 41,
"to_element": 22
},
{
"pose": [
[
-0.04620116237338823,
0.3982945711417019,
0.9160932742872834,
0.6363961092654625
],
[
0.42085098608243326,
-0.8239513772224347,
0.3794582658036275,
19.263603904275744
],
[
0.9059524822576466,
0.40307017077960583,
-0.12955515164943443,
0.01000000027668564
],
[
0.0,
0.0,
0.0,
1.0
]
],
"at_element": 4,
"to_element": 34
},
{
"pose": [
[
0.9135674174426162,
-0.39829457140168684,
-0.0821949401068905,
0.6220574992495289
],
[
0.3957165513068734,
0.8239513772272772,
0.4056014533838208,
19.293266165120993
],
[
-0.09382422293322419,
-0.4030701705128026,
0.9103468859911352,
-0.004510531372426629
],
[
0.0,
0.0,
0.0,
1.0
]
],
"at_element": 34,
"to_element": 4
},
{
"pose": [
[
0.35796318444086217,
-0.18065290269960982,
0.9160932743619301,
0.6144098717243284
],
[
-0.9195528720374351,
0.10214666025012686,
0.3794582655937934,
19.254496906335632
],
[
-0.1621261055865526,
-0.9782282906080515,
-0.12955515173619125,
0.013109323768469261
],
[
0.0,
0.0,
0.0,
1.0
]
],
"at_element": 4,
"to_element": 39
},
{
"pose": [
[
-0.896689677834126,
0.18065290276709764,
0.4041189804841555,
0.6209133772028704
],
[
0.39155242136811275,
-0.10214666010699358,
0.9144685676116782,
19.250819626017165
],
[
0.2064808053706193,
0.9782282906105344,
0.02085877423753657,
0.048325547531929344
],
[
0.0,
0.0,
0.0,
1.0
]
],
"at_element": 39,
"to_element": 4
},
{
"pose": [
[
-0.244888847247118,
0.9592268650947108,
-0.14111439960029448,
0.645994550642449
],
[
0.8909226119365746,
0.28004849984604097,
0.35753284782533434,
19.35578732900377
],
[
0.38247398870261695,
-0.03816620251683053,
-0.9231776583904936,
0.11179164485687605
],
[
0.0,
0.0,
0.0,
1.0
]
],
"at_element": 33,
"to_element": 34
},
{
"pose": [
[
-0.27042154702528776,
-0.959226865089021,
-0.08219494020886461,
0.6114324474851225
],
[
0.8700921208069072,
-0.2800484998442381,
0.40560145345490295,
19.34569684312033
],
[
-0.4120823803733765,
0.03816620267305218,
0.9103468859502576,
0.11316681925955917
],
[
0.0,
0.0,
0.0,
1.0
]
],
"at_element": 34,
"to_element": 33
},
{
"pose": [
[
-0.4539865287381415,
-0.8797630123866684,
-0.14111439955095784,
0.6382346824522984
],
[
-0.8520496530739075,
0.3823370912643884,
0.35753284791767115,
19.37544802828327
],
[
-0.260590906251401,
0.28255157171713186,
-0.9231776583622744,
0.06102618811806401
],
[
0.0,
0.0,
0.0,
1.0
]
],
"at_element": 33,
"to_element": 39
},
{
"pose": [
[
0.25040944802371257,
0.8797630123837459,
0.40411898047720657,
0.6699061536125214
],
[
-0.1325352311361674,
-0.3823370912574231,
0.9144685676153642,
19.361683891818313
],
[
0.9590252972931124,
-0.28255157173565737,
0.020858774210567255,
0.05085433066382093
],
[
0.0,
0.0,
0.0,
1.0
]
],
"at_element": 39,
"to_element": 33
},
{
"pose": [
[
0.40015495400812995,
0.025477939280624806,
0.9160932743955521,
0.110207321912569
],
[
-0.8446731576431781,
-0.3775429531360084,
0.37945826555030404,
19.045649368236173
],
[
0.35553237481255406,
-0.925641503578656,
-0.12955515162582665,
0.08441433126753918
],
[
0.0,
0.0,
0.0,
1.0
]
],
"at_element": 4,
"to_element": 5
},
{
"pose": [
[
-0.30412909905002294,
-0.025477939314163256,
-0.9522900638562417,
0.10928932043440139
],
[
-0.8849790917570863,
0.37754295313271535,
0.2725313297450972,
19.059252705028232
],
[
0.3525868662667737,
0.9256415035790758,
-0.13736924178302812,
0.11776633272387703
],
[
0.0,
0.0,
0.0,
1.0
]
],
"at_element": 5,
"to_element": 4
},
{
"pose": [
[
0.25182727158611495,
-0.31201945148930343,
0.9160932742782295,
0.07071068147598265
],
[
-0.7959273231561724,
0.47171084448299483,
0.3794582657560509,
19.029289323802722
],
[
-0.5505294919792609,
-0.8247016073037897,
-0.12955515185280375,
0.08999999965333039
],
[
0.0,
0.0,
0.0,
1.0
]
],
"at_element": 4,
"to_element": 7
},
{
"pose": [
[
0.8838233526171466,
0.312019451780951,
0.3485687063964604,
0.08194338300962911
],
[
0.46258433302505925,
-0.4717108443616034,
-0.7506694439974391,
19.012307731490527
],
[
-0.0697998295724861,
0.8247016072628803,
-0.5612443699224732,
0.11968926088329049
],
[
0.0,
0.0,
0.0,
1.0
]
],
"at_element": 7,
"to_element": 4
},
{
"pose": [
[
0.2062879866118642,
-0.22491976537364267,
-0.952290063858638,
0.08643435860911063
],
[
0.24307224133301958,
-0.9309363887021678,
0.27253132972836014,
19.065793457025418
],
[
-0.9478191557849871,
-0.287695219519601,
-0.13736924179962173,
0.11446947087845247
],
[
0.0,
0.0,
0.0,
1.0
]
],
"at_element": 5,
"to_element": 6
},
{
"pose": [
[
-0.9611871746298049,
0.22491976538774164,
0.15978208430577082,
0.09453849427926347
],
[
0.26040107825224723,
0.9309363887357021,
0.2560248397573892,
19.099336239633796
],
[
-0.09116190965661167,
0.2876952194000676,
-0.9533734666761537,
0.12483548333968189
],
[
0.0,
0.0,
0.0,
1.0
]
],
"at_element": 6,
"to_element": 5
},
{
"pose": [
[
-0.31062296795821864,
0.9370075011811664,
0.15978208443706624,
0.08602292504118739
],
[
0.9297622329739582,
0.2645627931620138,
0.2560248398292489,
19.085691422955932
],
[
0.19762480085279396,
0.22808654323422908,
-0.9533734666348512,
0.17564542114632092
],
[
0.0,
0.0,
0.0,
1.0
]
],
"at_element": 6,
"to_element": 7
},
{
"pose": [
[
-0.02273322022721347,
-0.9370075012628976,
0.34856870667798323,
0.05229065219657586
],
[
-0.605394016356898,
-0.2645627929961929,
-0.7506694435777421,
19.07616716161237
],
[
0.795601210190988,
-0.22808654309080656,
-0.5612443703089776,
0.16743430490048278
],
[
0.0,
0.0,
0.0,
1.0
]
],
"at_element": 7,
"to_element": 6
},
{
"pose": [
[
0.23553934183750247,
-0.19407434844142873,
-0.9522900638585866,
-0.5544020297897464
],
[
0.3700673174093618,
-0.8881311023164054,
0.27253132972868543,
19.24919135194782
],
[
-0.8986497643866574,
-0.41660327936213093,
-0.1373692417993324,
0.022027879672907275
],
[
0.0,
0.0,
0.0,
1.0
]
],
"at_element": 5,
"to_element": 29
},
{
"pose": [
[
-0.8264480696239649,
0.19407434844547033,
0.5285061357167848,
-0.5474153508465438
],
[
0.37681970077038907,
0.8881311023172364,
0.26311605463765436,
19.281164082610648
],
[
-0.4183186600262255,
0.4166032793584766,
-0.8071252729915144,
0.0370256028802726
],
[
0.0,
0.0,
0.0,
1.0
]
],
"at_element": 29,
"to_element": 5
},
{
"pose": [
[
0.08806533220391688,
-0.29221247668966094,
-0.9522900638622186,
-0.5935410769064648
],
[
-0.1855790758044021,
-0.9440800182967892,
0.27253132971516997,
19.26039236827651
],
[
-0.97867507574649,
0.1527245478619239,
-0.13736924180096954,
0.016382014582789494
],
[
0.0,
0.0,
0.0,
1.0
]
],
"at_element": 5,
"to_element": 30
},
{
"pose": [
[
0.9559593684096823,
0.2922124766797681,
-0.027450945747593138,
-0.5830214181609985
],
[
-0.28375965874786696,
0.9440800183043212,
0.16790882974342555,
19.294379279902426
],
[
0.07498094435958655,
-0.1527245478342907,
0.9854202506909202,
0.010883925849767093
],
[
0.0,
0.0,
0.0,
1.0
]
],
"at_element": 30,
"to_element": 5
},
{
"pose": [
[
0.24399557318937326,
0.18332974264694396,
-0.9522900638592187,
-0.6163960560436157
],
[
0.9502288120205982,
0.1509697954017759,
0.27253132972608624,
19.266933125228096
],
[
0.1937301346458833,
-0.9713898940885433,
-0.1373692418001089,
0.013085150240103672
],
[
0.0,
0.0,
0.0,
1.0
]
],
"at_element": 5,
"to_element": 38
},
{
"pose": [
[
0.8771426225918977,
-0.1833297426433547,
0.4438592401819851,
-0.6229959298307498
],
[
0.42103435970163383,
-0.15096979541184807,
-0.894392636834595,
19.261498210080465
],
[
0.23097811061493043,
0.9713898940876552,
-0.055233921471600445,
0.048055202597799794
],
[
0.0,
0.0,
0.0,
1.0
]
],
"at_element": 38,
"to_element": 5
},
{
"pose": [
[
0.5864588997615795,
0.6137973793347159,
0.5285061362106145,
-0.5621292900997472
],
[
0.5742612347948542,
-0.7752380129102552,
0.2631160533887063,
19.273838768138866
],
[
0.5712179908776744,
0.14919383519701512,
-0.8071252730753009,
0.0594964720603588
],
[
0.0,
0.0,
0.0,
1.0
]
],
"at_element": 29,
"to_element": 30
},
{
"pose": [
[
0.7889861995899726,
-0.6137973789599777,
-0.027450946038951228,
-0.5842260025944822
],
[
0.6089438788926455,
0.775238013122673,
0.1679088305265372,
19.30174734526245
],
[
-0.08178098321584937,
-0.14919383563496103,
0.985420250549367,
0.05412549228203178
],
[
0.0,
0.0,
0.0,
1.0
]
],
"at_element": 30,
"to_element": 29
},
{
"pose": [
[
-0.9730061292604302,
0.16651954228822913,
0.15978208428279503,
0.03774487427746377
],
[
0.2037613160806671,
0.944951113881025,
0.2560248395060225,
19.008333687516437
],
[
-0.10835311943229878,
0.28167114586185216,
-0.953373466747508,
0.4637065816101824
],
[
0.0,
0.0,
0.0,
1.0
]
],
"at_element": 6,
"to_element": 13
},
{
"pose": [
[
-0.21535644573255985,
-0.16651954229997162,
0.9622332582662311,
0.03175017047692116
],
[
-0.24390971214626467,
-0.94495111391753,
-0.21811796034885853,
18.97431544583943
],
[
0.9455842921718643,
-0.2816711457324443,
0.16288557965518835,
0.4535664198940167
],
[
0.0,
0.0,
0.0,
1.0
]
],
"at_element": 13,
"to_element": 6
},
{
"pose": [
[
0.5580860384958553,
-0.8142540507570185,
0.15978208429542246,
0.04509391340499866
],
[
-0.8200547482701322,
-0.5118217378411538,
0.2560248396403593,
19.020109329150035
],
[
-0.12668931871161382,
-0.2739139454263844,
-0.9533734667093161,
0.4198569914572442
],
[
0.0,
0.0,
0.0,
1.0
]
],
"at_element": 6,
"to_element": 32
},
{
"pose": [
[
0.5590209842679623,
0.8142540507558346,
0.15647964716151824,
0.07440706176846801
],
[
-0.564145759804345,
0.5118217378754033,
-0.6479028247607662,
19.038534913306492
],
[
-0.6076471845099398,
0.2739139453659062,
0.745477061814263,
0.4297178943459707
],
[
0.0,
0.0,
0.0,
1.0
]
],
"at_element": 32,
"to_element": 6
},
{
"pose": [
[
-0.26491401493140043,
-0.06267153567331496,
0.9622332582639589,
0.08390259464529817
],
[
-0.6125178767076548,
-0.7597673368075899,
-0.21811796036513995,
18.96249359257351
],
[
0.7447431875529124,
-0.6471675768583056,
0.16288557964680905,
0.4623947136243797
],
[
0.0,
0.0,
0.0,
1.0
]
],
"at_element": 13,
"to_element": 32
},
{
"pose": [
[
0.9856908230399838,
0.06267153569071442,
0.1564796472034843,
0.08616072742234153
],
[
0.05454836182565985,
0.7597673367625101,
-0.647902824666585,
18.9898689473869
],
[
-0.15949318981353497,
0.6471675769095437,
0.7454770618873081,
0.4857129601225015
],
[
0.0,
0.0,
0.0,
1.0
]
],
"at_element": 32,
"to_element": 13
},
{
"pose": [
[
-0.4232323698934022,
-0.05146902665341829,
0.9045580690977026,
0.07968756192032467
],
[
0.5833791782161282,
0.748400391531345,
0.3155401533554876,
19.035958317333552
],
[
-0.6932121576388353,
0.661247149900156,
-0.286721312864306,
0.48753491444239183
],
[
0.0,
0.0,
0.0,
1.0
]
],
"at_element": 14,
"to_element": 32
},
{
"pose": [
[
-0.9863392212174957,
0.05146902660725878,
0.15647964720105112,
0.08154205436614766
],
[
-0.14184069948773628,
-0.7484003914133079,
-0.6479028245819253,
19.00899252909882
],
[
0.08376250149615777,
-0.6612471500373432,
0.7454770619613975,
0.4637093648869475
],
[
0.0,
0.0,
0.0,
1.0
]
],
"at_element": 32,
"to_element": 14
},
{
"pose": [
[
0.11464006172545171,
-0.9302459421831029,
0.34856870671283124,
0.0032387560280516606
],
[
-0.5601578530589053,
-0.35031209830691146,
-0.7506694435210792,
19.181804182211458
],
[
0.8204150388090302,
-0.10919670705511181,
-0.5612443703631222,
0.2464147184232057
],
[
0.0,
0.0,
0.0,
1.0
]
],
"at_element": 7,
"to_element": 32
},
{
"pose": [
[
0.33189848926034593,
0.9302459420849265,
0.15647964743450782,
0.03675660833131694
],
[
-0.67638994953962,
0.3503120983393744,
-0.6479028244411773,
19.194426337972445
],
[
-0.6575256869419556,
0.1091967077873337,
0.7454770620347195,
0.2503492038613393
],
[
0.0,
0.0,
0.0,
1.0
]
],
"at_element": 32,
"to_element": 7
},
{
"pose": [
[
0.9288997973627308,
0.1250800679406462,
0.3485687063742829,
-0.020180634660411208
],
[
0.3565809238941358,
-0.556188305184286,
-0.7506694438240018,
19.232239636288007
],
[
0.0999760530041182,
0.8215896456140346,
-0.5612443701682208,
0.2841232130075987
],
[
0.0,
0.0,
0.0,
1.0
]
],
"at_element": 7,
