{
"contact_id_pairs": [
[
0,
15
],
[
3,
6
],
[
3,
15
],
[
0,
1
],
[
1,
20
],
[
1,
2
],
[
2,
19
],
[
7,
19
],
[
2,
16
],
[
5,
6
],
[
5,
16
],
[
6,
16
],
[
9,
16
],
[
3,
4
],
[
3,
14
],
[
5,
10
],
[
5,
13
],
[
10,
13
],
[
7,
8
],
[
7,
18
],
[
8,
17
],
[
9,
11
],
[
11,
17
],
[
10,
11
],
[
10,
12
],
[
12,
31
],
[
12,
32
],
[
13,
25
],
[
13,
26
],
[
13,
32
],
[
14,
24
],
[
24,
26
],
[
15,
24
],
[
15,
27
],
[
21,
27
],
[
16,
22
],
[
16,
27
],
[
16,
30
],
[
22,
30
],
[
25,
27
],
[
25,
30
],
[
17,
31
],
[
28,
30
],
[
30,
31
],
[
18,
29
],
[
28,
29
],
[
19,
22
],
[
19,
29
],
[
22,
23
],
[
22,
29
],
[
20,
21
],
[
20,
23
]
],
"contact_t_bound_pairs": [
[
[
0.6,
0.9
],
[
0.1,
0.4
]
],
[
[
0.6,
0.9
],
[
0.1,
0.4
]
],
[
[
0.6,
0.9
],
[
0.1,
0.4
]
],
[
[
0.1,
0.4
],
[
0.6,
0.9
]
],
[
[
0.6,
0.9
],
[
0.1,
0.4
]
],
[
[
0.1,
0.4
],
[
0.6,
0.9
]
],
[
[
0.6,
0.9
],
[
0.1,
0.4
]
],
[
[
0.6,
0.9
],
[
0.1,
0.4
]
],
[
[
0.1,
0.4
],
[
0.1,
0.4
]
],
[
[
0.1,
0.4
],
[
0.6,
0.9
]
],
[
[
0.1,
0.4
],
[
0.1,
0.4
]
],
[
[
0.6,
0.9
],
[
0.1,
0.4
]
],
[
[
0.1,
0.4
],
[
0.1,
0.4
]
],
[
[
0.1,
0.4
],
[
0.6,
0.9
]
],
[
[
0.1,
0.4
],
[
0.1,
0.4
]
],
[
[
0.6,
0.9
],
[
0.6,
0.9
]
],
[
[
0.6,
0.9
],
[
0.1,
0.4
]
],
[
[
0.6,
0.9
],
[
0.1,
0.4
]
],
[
[
0.1,
0.4
],
[
0.6,
0.9
]
],
[
[
0.1,
0.4
],
[
0.1,
0.4
]
],
[
[
0.1,
0.4
],
[
0.1,
0.4
]
],
[
[
0.6,
0.9
],
[
0.1,
0.4
]
],
[
[
0.1,
0.4
],
[
0.1,
0.4
]
],
[
[
0.1,
0.4
],
[
0.6,
0.9
]
],
[
[
0.1,
0.4
],
[
0.1,
0.4
]
],
[
[
0.6,
0.9
],
[
0.1,
0.4
]
],
[
[
0.6,
0.9
],
[
0.6,
0.9
]
],
[
[
0.6,
0.9
],
[
0.1,
0.4
]
],
[
[
0.6,
0.9
],
[
0.6,
0.9
]
],
[
[
0.6,
0.9
],
[
0.1,
0.4
]
],
[
[
0.6,
0.9
],
[
0.6,
0.9
]
],
[
[
0.6,
0.9
],
[
0.1,
0.4
]
],
[
[
0.6,
0.9
],
[
0.1,
0.4
]
],
[
[
0.6,
0.9
],
[
0.1,
0.4
]
],
[
[
0.1,
0.4
],
[
0.1,
0.4
]
],
[
[
0.6,
0.9
],
[
0.6,
0.9
]
],
[
[
0.6,
0.9
],
[
0.6,
0.9
]
],
[
[
0.6,
0.9
],
[
0.1,
0.4
]
],
[
[
0.6,
0.9
],
[
0.1,
0.4
]
],
[
[
0.6,
0.9
],
[
0.6,
0.9
]
],
[
[
0.6,
0.9
],
[
0.1,
0.4
]
],
[
[
0.6,
0.9
],
[
0.6,
0.9
]
],
[
[
0.6,
0.9
],
[
0.6,
0.9
]
],
[
[
0.6,
0.9
],
[
0.6,
0.9
]
],
[
[
0.6,
0.9
],
[
0.6,
0.9
]
],
[
[
0.1,
0.4
],
[
0.6,
0.9
]
],
[
[
0.6,
0.9
],
[
0.1,
0.4
]
],
[
[
0.6,
0.9
],
[
0.1,
0.4
]
],
[
[
0.1,
0.4
],
[
0.6,
0.9
]
],
[
[
0.1,
0.4
],
[
0.1,
0.4
]
],
[
[
0.6,
0.9
],
[
0.6,
0.9
]
],
[
[
0.6,
0.9
],
[
0.1,
0.4
]
]
],
"line_pt_pairs": [
[
[
19.245730242396974,
25.90623669978917,
0.1860372354116086
],
[
20.45677226131327,
25.90623669978917,
0.07207447082321722
]
],
[
[
19.245730242396974,
24.52175331883568,
0.1860372354116086
],
[
19.384036817129907,
26.059028129793866,
0.21318531450441133
]
],
[
[
20.45677226131327,
24.52175331883568,
0.07207447082321722
],
[
19.131460382096115,
24.69141800372069,
0.24139565606118185
]
],
[
[
21.667814280229564,
25.90623669978917,
0.1860372354116086
],
[
20.193709701924117,
25.826484575836684,
0.09870853595576716
]
],
[
[
21.667814280229564,
24.52175331883568,
0.1860372354116086
],
[
21.506445647417443,
26.050166799458264,
0.136420898499066
]
],
[
[
20.16850964160219,
24.466048011447825,
0.13113762101359333
],
[
21.77180167622875,
24.481841401875833,
0.23011181412296597
]
],
[
[
20.43060153074143,
26.009121797673405,
0.15350573542130144
],
[
20.349697042258963,
24.297737930250282,
0.10157388691113964
]
],
[
[
19.245730242396974,
23.137269937882195,
0.1860372354116086
],
[
19.262200939324984,
24.796558812895245,
0.24968261139066628
]
],
[
[
20.45677226131327,
23.137269937882195,
0.07207447082321722
],
[
19.117921706687376,
23.32006511632394,
0.2454364860929235
]
],
[
[
20.3610676108878,
24.664901433499477,
0.1641954675108762
],
[
20.440104828947824,
23.07343202957554,
0.15991968990360442
]
],
[
[
21.667814280229564,
23.137269937882195,
0.1860372354116086
],
[
21.563082472894052,
24.62690341163566,
0.26142720190319885
]
],
[
[
20.16367476999706,
23.21602978072971,
0.10080306628330776
],
[
21.81810593269939,
23.31835264201823,
0.24502661159223235
]
],
[
[
21.62394246197127,
23.29198779630813,
0.07382020045829703
],
[
21.598901990542096,
23.20967063786039,
1.2620980168996898
]
],
[
[
21.610865588338985,
24.435406306167,
0.10235264505988734
],
[
21.618824358432686,
24.524957275566877,
1.3076305967983077
]
],
[
[
21.48747858664355,
25.85995122883137,
0.054927563488402935
],
[
21.596863004147203,
25.870634707262834,
1.2659446704367021
]
],
[
[
20.318186666678596,
25.869385163638604,
-0.03566263728444516
],
[
20.49323888009906,
25.87790937970872,
1.1582059379916638
]
],
[
[
20.29884043179316,
24.501533756021463,
-0.03168709840045495
],
[
20.508658907860987,
24.51631561122711,
1.1871861710986742
]
],
[
[
20.309732264480353,
23.195311116416985,
-0.027241095466590835
],
[
20.490596607812428,
23.154267560751745,
1.144155291318632
]
],
[
[
19.284554994498865,
23.341831002389355,
0.07727308366508531
],
[
19.27513180624576,
23.191654898023348,
1.2402011612405235
]
],
[
[
19.2965162514354,
24.651104040012136,
0.09692757161194443
],
[
19.29680445755482,
24.48356878944635,
1.2739112485876871
]
],
[
[
19.337497059856595,
25.890915482832487,
0.09178753458719494
],
[
19.284721371013,
25.826894222297643,
1.2599674867379884
]
],
[
[
20.58495853023845,
25.81850424591806,
1.0432863170232005
],
[
19.14905861836972,
25.876295503772113,
1.12991068224994
]
],
[
[
19.125325575118683,
24.544407684428354,
1.18389053287601
],
[
20.626130997007056,
24.470823411502426,
0.9886507947469799
]
],
[
[
19.33282503578042,
25.993503610626266,
1.14669019637949
],
[
19.26390119884553,
24.375930298228884,
1.1266666103812495
]
],
[
[
20.33370265861057,
25.842015610557702,
1.0255717664313175
],
[
21.75129963855968,
25.83245142195267,
1.1610119266832186
]
],
[
[
21.76360406374939,
24.55348956532537,
1.2060043899146153
],
[
20.307889050719186,
24.53762620253095,
0.9903135480410822
]
],
[
[
21.61683812390422,
25.996647888453907,
1.105574276080725
],
[
21.57797474224892,
24.35021179829781,
1.166405855615267
]
],
[
[
20.424912033722165,
26.044459863809713,
1.0087260354303003
],
[
20.534001030112655,
24.347183828789365,
1.064782917641543
]
],
[
[
19.176165542483044,
23.231562235991852,
1.1765741273464352
],
[
20.58166752402294,
23.2171908461663,
1.0089092566075388
]
],
[
[
19.335871687578763,
24.699947344047565,
1.1200932279373728
],
[
19.309424170104766,
23.04011640823438,
1.1245739603535048
]
],
[
[
20.44853609237482,
24.707674608009754,
1.0457184561139694
],
[
20.44497846015432,
23.026921881676923,
1.0634458705919263
]
],
[
[
21.745306011254595,
23.18041105062339,
1.1551450507669623
],
[
20.304857561771446,
23.19618972586238,
1.0114866112332774
]
],
[
[
21.65566284134676,
24.673368195394993,
1.1380033116081185
],
[
21.635926731375022,
23.057527938024254,
1.1180662762835445
]
]
],
"contact_t_pairs": [
[
0.8999999831310064,
0.10000005377250039
],
[
0.8433787827051913,
0.10000004011646225
],
[
0.8999999799003611,
0.11988990738149528
],
[
0.10000003414077051,
0.899999974646316
],
[
0.8843646756142759,
0.10000007174559834
],
[
0.10000000997695332,
0.8999999657878175
],
[
0.8715459706930386,
0.10000006406531556
],
[
0.8999999829742928,
0.12432725249858209
],
[
0.10000001361243416,
0.10000005030632768
],
[
0.11667882415137983,
0.8999999783359116
],
[
0.10000001866846658,
0.1413950113989728
],
[
0.8807575791291076,
0.11940365335066008
],
[
0.10000003600577571,
0.16537874663704422
],
[
0.1000000178722638,
0.8999999637807256
],
[
0.11622897352781793,
0.100000047069999
],
[
0.8777199990316745,
0.8999999599669776
],
[
0.8999999598249049,
0.10000007092900691
],
[
0.8771887672841995,
0.12394613414090967
],
[
0.10000001463801055,
0.8999999682688811
],
[
0.114452729063739,
0.10000005432256466
],
[
0.10000001453241167,
0.10000005723767062
],
[
0.8999999295091446,
0.16418771327512066
],
[
0.10000001765967496,
0.1202365219948908
],
[
0.11605128479332888,
0.8999999729169245
],
[
0.10000001940694103,
0.10000005751297517
],
[
0.8999999130718191,
0.10000006739737052
],
[
0.8798552227321452,
0.8999999437135274
],
[
0.8999999439425712,
0.10000005220567536
],
[
0.8776365629794523,
0.8999999705268595
],
[
0.8577790526838619,
0.10000003440975318
],
[
0.899999918087436,
0.8831468521072471
],
[
0.8999999344861154,
0.10000004846552131
],
[
0.899999929449736,
0.1000000460576151
],
[
0.8751096415002312,
0.1000000322709637
],
[
0.10000004308319925,
0.13050621554572345
],
[
0.8525403009909943,
0.8999999698088968
],
[
0.8999999473639448,
0.8999999731568376
],
[
0.880596424781886,
0.11482028635198306
],
[
0.878240013760739,
0.13537086888275973
],
[
0.8495907075625873,
0.8858964200592744
],
[
0.8999999644652741,
0.10000002664961409
],
[
0.8999999161439437,
0.8834215986074841
],
[
0.8999999546073286,
0.8857213953945755
],
[
0.89999995961936,
0.8999999630073531
],
[
0.899999876632402,
0.8999999538139325
],
[
0.10000007526917928,
0.8855424752351881
],
[
0.8999999282554435,
0.11583917420878571
],
[
0.8698361431875673,
0.11756938906034649
],
[
0.10000004184712596,
0.899999964737815
],
[
0.14162165345095926,
0.10000002811614091
],
[
0.879506572563272,
0.899999942095886
],
[
0.8999999128949275,
0.10000005150797876
]
],
"half_couplers": [
{
"pose": [
[
-0.09368680742881463,
-0.0006627342240975603,
0.995601498038821,
20.33566803899258
],
[
-0.007073756502287814,
0.9999749806714898,
-2.0385535707406754e-11,
25.90623669978917
],
[
-0.9955765887578627,
-0.007042642572349454,
-0.09368915146832957,
0.0834707492044935
],
[
0.0,
0.0,
0.0,
1.0
]
],
"at_element": 0,
"to_element": 15
},
{
"pose": [
[
-0.9894209946673029,
0.0006627342041615016,
0.14507121042763627,
20.335691897433637
],
[
0.0003659781155270227,
-0.9999749806714091,
0.007064282782689601,
25.870237585703983
],
[
0.14507226258518147,
0.0070426425856693784,
0.9893959974721076,
0.08372428444046418
],
[
0.0,
0.0,
0.0,
1.0
]
],
"at_element": 15,
"to_element": 0
},
{
"pose": [
[
-0.05544604399020092,
0.05762988949767833,
-0.9967971368549982,
20.42458575539817
],
[
0.998164420718225,
0.02755855407893404,
-0.05392879851553101,
25.83897545057197
],
[
0.02436237710255229,
-0.9979575752172853,
-0.05905211806827215,
0.11238606316931354
],
[
0.0,
0.0,
0.0,
1.0
]
],
"at_element": 3,
"to_element": 6
},
{
"pose": [
[
0.9972216232731599,
-0.057629889510992655,
-0.04719989312906009,
20.42251107864758
],
[
-0.04884951392608583,
-0.02755855409239638,
-0.998425886626304,
25.837983342276427
],
[
0.056238412723236264,
0.9979575752161447,
-0.0302971781373067,
0.14831254848696324
],
[
0.0,
0.0,
0.0,
1.0
]
],
"at_element": 6,
"to_element": 3
},
{
"pose": [
[
0.05892264881958609,
0.05407022709584194,
-0.9967971368327098,
20.341120189383634
],
[
0.003988958690341084,
-0.9985368159721728,
-0.05392879895493647,
25.83445978983492
],
[
-0.9982545815896116,
-0.0007985549193921665,
-0.05905211804321864,
0.10744140765662663
],
[
0.0,
0.0,
0.0,
1.0
]
],
"at_element": 3,
"to_element": 15
},
{
"pose": [
[
0.9879426878141843,
-0.054070227487857725,
0.1450712104240414,
20.339173660332502
],
[
0.05361271394470084,
0.9985368159511818,
0.0070642829472866075,
25.870407131113748
],
[
-0.1452409119290046,
0.0007985546236533936,
0.9893959974714595,
0.10747015563108528
],
[
0.0,
0.0,
0.0,
1.0
]
],
"at_element": 15,
"to_element": 3
},
{
"pose": [
[
-0.0024361512628177096,
-0.09365747311288125,
0.995601498038816,
19.36683448563451
],
[
-0.9996618780829625,
0.026002490412350143,
-1.9984014443252818e-14,
25.90623669978917
],
[
-0.025888118407274008,
-0.9952648633516937,
-0.09368915146838175,
0.17464095506199287
],
[
0.0,
0.0,
0.0,
1.0
]
],
"at_element": 0,
"to_element": 1
},
{
"pose": [
[
-0.9915651221639861,
0.0936574731128611,
0.08959289167134328,
19.37020615615003
],
[
0.08752158627770065,
-0.026002490412293522,
0.995823198378002,
25.905300609722467
],
[
0.09559592273394484,
0.9952648633516971,
0.01758611196863491,
0.21047050590682723
],
[
0.0,
0.0,
0.0,
1.0
]
],
"at_element": 1,
"to_element": 0
},
{
"pose": [
[
-0.041431536346602904,
0.9951163457397669,
0.08959289166832818,
19.368043691495984
],
[
-0.013915458295327643,
-0.09023589968518331,
0.9958231983783248,
25.881264858358715
],
[
0.9990444373582144,
0.040011758890833526,
0.01758611196571569,
0.2100460375720658
],
[
0.0,
0.0,
0.0,
1.0
]
],
"at_element": 1,
"to_element": 20
},
{
"pose": [
[
0.08782185255612951,
-0.9951163457400525,
-0.0450641837224848,
19.332219487185814
],
[
0.9944189502517833,
0.0902358996820738,
-0.0546665692055771,
25.884513352185756
],
[
0.05846600374363625,
-0.04001175889074519,
0.9974872357863623,
0.20860561361404392
],
[
0.0,
0.0,
0.0,
1.0
]
],
"at_element": 20,
"to_element": 1
},
{
"pose": [
[
0.9883448658505027,
-0.12307534240829157,
0.08959289167134565,
19.259560901250147
],
[
-0.08671042219523764,
0.028591261863217476,
0.9958231983780016,
24.67548081526882
],
[
-0.12512285494535094,
-0.9919853828742392,
0.017586111968651896,
0.188752043591744
],
[
0.0,
0.0,
0.0,
1.0
]
],
"at_element": 1,
"to_element": 2
},
{
"pose": [
[
-0.12855971395110477,
0.12307534240831769,
-0.984034989235589,
19.263991615359643
],
[
-0.9916213354333823,
-0.028591261863299078,
0.12597486597881374,
24.674451529427586
],
[
-0.012630402294698917,
0.9919853828742335,
0.12571981984450353,
0.2244635317445381
],
[
0.0,
0.0,
0.0,
1.0
]
],
"at_element": 2,
"to_element": 1
},
{
"pose": [
[
0.10561692710721049,
0.14324875103855295,
-0.9840349892327634,
19.30170203306994
],
[
-0.15521777193374603,
0.9798151746181663,
0.12597486600070637,
24.669623891316114
],
[
0.9822181570223357,
0.1394346402938201,
0.1257198198446816,
0.2196456675703349
],
[
0.0,
0.0,
0.0,
1.0
]
],
"at_element": 2,
"to_element": 19
},
{
"pose": [
[
-0.9896866860529898,
-0.14324875105801424,
0.00024242477294175203,
19.296545072065804
],
[
0.14178541444567158,
-0.9798151746174784,
-0.1409223894198157,
24.634350504222354
],
[
0.020424487751731245,
-0.13943464027866279,
0.9900206166491884,
0.21462601471334936
],
[
0.0,
0.0,
0.0,
1.0
]
],
"at_element": 19,
"to_element": 2
},
{
"pose": [
[
-0.0012694333377172295,
-0.9999500039367006,
0.00991857681289704,
19.260553869351757
],
[
0.038341385503563474,
0.009862622166992185,
0.9992160261133016,
24.630629897143372
],
[
-0.9992638924211501,
0.0016487301123596088,
0.03832694864385089,
0.24331807270915298
],
[
0.0,
0.0,
0.0,
1.0
]
],
"at_element": 7,
"to_element": 19
},
{
"pose": [
[
-0.009996542162406419,
0.9999500039377363,
0.00024242466183249656,
19.29655208331038
],
[
-0.9899715191932743,
-0.00986262206083599,
-0.14092238953496922,
24.63027484261263
],
[
-0.14091295302758977,
-0.0016487301193775783,
0.9900206166328244,
0.24325871840601715
],
[
0.0,
0.0,
0.0,
1.0
]
],
"at_element": 19,
"to_element": 7
},
{
"pose": [
[
0.12887663162488472,
0.12274344698591161,
-0.984034989237192,
20.324241055350836
],
[
0.017197617719926374,
0.9918843557037366,
0.1259748659651705,
24.53871978963373
],
[
0.9915115005716189,
-0.033158273962920606,
0.12571981984562686,
0.08900659165188717
],
[
0.0,
0.0,
0.0,
1.0
]
],
"at_element": 2,
"to_element": 16
},
{
"pose": [
[
-0.9778334920744158,
-0.12274344696909839,
0.16963404140589522,
20.31982228995514
],
[
0.1265804189834456,
-0.991884355704401,
0.01195083423198684,
24.50301194228565
],
[
0.1667904652776297,
0.03315827400527954,
0.9854346602172377,
0.09020028986649606
],
[
0.0,
0.0,
0.0,
1.0
]
],
"at_element": 16,
"to_element": 2
},
{
"pose": [
[
-0.011495983050281211,
-0.06132280876202084,
0.9980517799689775,
20.35557987097369
],
[
0.999576819876127,
-0.027377445876873185,
0.009831410050844036,
24.467890765672326
],
[
0.02672121891000867,
0.9977424460164033,
0.06161158882197326,
0.14268581348692652
],
[
0.0,
0.0,
0.0,
1.0
]
],
"at_element": 5,
"to_element": 6
},
{
"pose": [
[
-0.9970013456434119,
0.061322808757099,
-0.04719989312876469,
20.357787492859934
],
[
0.04895124488512281,
0.027377445842967862,
-0.9984258866251978,
24.46887635406817
],
[
-0.05993406718572738,
-0.9977424460176363,
-0.030297178174231165,
0.10676707288721198
],
[
0.0,
0.0,
0.0,
1.0
]
],
"at_element": 6,
"to_element": 5
},
{
"pose": [
[
-0.061709208250550596,
0.009198812299489148,
0.9980517799540106,
20.328838874995846
],
[
0.009955500674327376,
-0.9999021108844719,
0.009831411653503536,
24.467627350785463
],
[
0.9980445188584594,
0.010542793797468733,
0.06161158880868456,
0.141035042172227
],
[
0.0,
0.0,
0.0,
1.0
]
],
"at_element": 5,
"to_element": 16
},
{
"pose": [
[
0.9854641920565073,
-0.009198813652633834,
0.16963404140030203,
20.328507717608485
],
[
0.007276413114540195,
0.9999021108737678,
0.011950836053179524,
24.503623836606764
],
[
-0.1697273695860565,
-0.010542793632028728,
0.985434660196114,
0.14065550143427766
],
[
0.0,
0.0,
0.0,
1.0
]
],
"at_element": 16,
"to_element": 5
},
{
"pose": [
[
-0.167491517771035,
0.984742992641422,
-0.04719989320296819,
20.359344289324934
],
[
0.03781231065162155,
-0.04142436577172859,
-0.9984258866253395,
24.501807485641205
],
[
-0.9851481211665281,
-0.16901260415728347,
-0.030297178053955598,
0.10776636624779179
],
[
0.0,
0.0,
0.0,
1.0
]
],
"at_element": 6,
"to_element": 16
},
{
"pose": [
[
0.03880116430081082,
-0.9847429926681585,
0.169634041512489,
20.32389352437613
],
[
0.9990701674430528,
0.04142436587003595,
0.011950834179083214,
24.503298763536318
],
[
-0.01879548281401751,
0.16901260397740983,
0.9854346601995301,
0.11385082294920475
],
[
0.0,
0.0,
0.0,
1.0
]
],
"at_element": 16,
"to_element": 6
},
{
"pose": [
[
-0.1699431247240515,
0.9842047562526557,
0.04960173513775268,
20.3689713355396
],
[
-0.005792334721709758,
0.0493353975584101,
-0.9987654716730174,
24.505754435804995
],
[
-0.985436848924119,
-0.17002063497529923,
-0.00268336823766524,
0.16376788959619631
],
[
0.0,
0.0,
0.0,
1.0
]
],
"at_element": 9,
"to_element": 16
},
{
"pose": [
[
-0.05064869912891501,
-0.9842047559938354,
0.16963404008530725,
20.33353994838655
],
[
0.9987107669917326,
-0.04933539727286029,
0.011950835565540219,
24.503978360708345
],
[
-0.003393106443096053,
0.17002063655640168,
0.9854346604283928,
0.16988863521870726
],
[
0.0,
0.0,
0.0,
1.0
]
],
"at_element": 16,
"to_element": 9
},
{
"pose": [
[
0.05227617622627134,
-0.06051999138015379,
-0.9967971368550903,
21.520403796053436
],
[
-0.9982061687246275,
0.026002488521933875,
-0.05392879852886695,
25.898261485968572
],
[
0.02918297653188001,
0.997828242351364,
-0.05905211805453647,
0.1773043639052629
],
[
0.0,
0.0,
0.0,
1.0
]
],
"at_element": 3,
"to_element": 4
},
{
"pose": [
[
0.9926352457077855,
0.06051999138012965,
-0.10494093396760548,
21.522582516543313
],
[
0.10666578989717929,
-0.02600248852190945,
0.9939548681184065,
25.897325396037978
],
[
0.05742541461979275,
-0.9978282423513662,
-0.032266399268091384,
0.14138253398738798
],
[
0.0,
0.0,
0.0,
1.0
]
],
"at_element": 4,
"to_element": 3
},
{
"pose": [
[
-0.059179217230803216,
-0.05378929452227153,
-0.9967971368552108,
21.496480618220467
],
[
0.0007615533612205828,
0.9985444931128241,
-0.05392879852667842,
25.89696719228551
],
[
0.9982470837845846,
-0.0039505782930336665,
-0.05905211805450494,
0.17588711031433685
],
[
0.0,
0.0,
0.0,
1.0
]
],
"at_element": 3,
"to_element": 14
},
{
"pose": [
[
-0.9944922614789145,
0.0537892945200756,
0.08995473113509593,
21.498417033542644
],
[
-0.05321376722301136,
-0.9985444931129206,
0.00878579830157534,
25.861019577177387
],
[
0.09029638329684082,
0.003950578298599697,
0.9959071021408656,
0.17602933118580685
],
[
0.0,
0.0,
0.0,
1.0
]
],
"at_element": 14,
"to_element": 3
},
{
"pose": [
[
0.013170181537736525,
0.06098516884267058,
0.9980517799691024,
21.575751124682107
],
[
-0.9984529394233683,
0.054727243060955555,
0.009831410060738288,
24.479910186079003
],
[
-0.05402105214727254,
-0.9966372148621473,
0.06161158881836759,
0.21800924969371263
],
[
0.0,
0.0,
0.0,
1.0
]
],
"at_element": 5,
"to_element": 10
},
{
"pose": [
[
-0.9956779297848386,
-0.060985168835765394,
-0.07004476655290273,
21.573555657820336
],
[
-0.06673429359340242,
-0.054727243056246655,
0.996268770425959,
24.47794000462578
],
[
-0.06459097613418627,
0.9966372148628284,
0.05042090590714632,
0.2538882022359516
],
[
0.0,
0.0,
0.0,
1.0
]
],
"at_element": 10,
"to_element": 5
},
{
"pose": [
[
0.06216964878386144,
-0.0052515970519627225,
0.9980517799686024,
21.611472408353684
],
[
-0.07359143410341601,
0.997240013338074,
0.009831410075902325,
24.48026206219853
],
[
-0.9953488009721487,
-0.0740592771088254,
0.06161158882405415,
0.22021439083573108
],
[
0.0,
0.0,
0.0,
1.0
]
],
"at_element": 5,
"to_element": 13
},
{
"pose": [
[
-0.9999645288101067,
0.0052515970724910915,
0.006584971508650819,
21.611661465912864
],
[
-0.00474936972316849,
-0.9972400133419248,
0.0740931796930779,
24.44436140945875
],
[
0.006955904600710859,
0.07405927705552008,
0.9972295818281763,
0.22288052572289754
],
[
0.0,
0.0,
0.0,
1.0
]
],
"at_element": 13,
"to_element": 5
},
{
"pose": [
[
-0.015362946803095134,
-0.9974255413600412,
-0.07004476645798668,
21.575944715257478
],
[
0.049461692800537804,
-0.07072537025044312,
0.996268770437096,
24.443959688429278
],
[
-0.9986578597351701,
0.011841091400979664,
0.050420905818947204,
0.25216846718396374
],
[
0.0,
0.0,
0.0,
1.0
]
],
"at_element": 10,
"to_element": 13
},
{
"pose": [
[
0.07140677542253293,
0.9974255413671553,
0.006584971692639038,
21.611852047124614
],
[
-0.994740228763112,
0.07072537016713798,
0.07409317981456126,
24.446505802632686
],
[
0.07343670542765074,
-0.011841091299294101,
0.9972295818179353,
0.25174218774313845
],
[
0.0,
0.0,
0.0,
1.0
]
],
"at_element": 13,
"to_element": 10
},
{
"pose": [
[
0.992351970821043,
-0.12304140701230584,
0.009918576915264349,
19.247377312330872
],
[
-0.0051197048819139265,
0.039257124065958604,
0.9992160261084647,
23.30319884967219
],
[
-0.1233343205661507,
-0.9916247729713604,
0.038326948743461764,
0.19240177394115607
],
[
0.0,
0.0,
0.0,
1.0
]
],
"at_element": 7,
"to_element": 8
},
{
"pose": [
[
-0.13804847464004877,
0.12304140701703925,
-0.9827529856524594,
19.251806804633194
],
[
-0.9901795290608256,
-0.03925712406923698,
0.13417666875688256,
23.30178559267947
],
[
-0.02207076977446565,
0.9916247729706431,
0.12725246855162664,
0.22810027906498215
],
[
0.0,
0.0,
0.0,
1.0
]
],
"at_element": 8,
"to_element": 7
},
{
"pose": [
[
0.00717207865969316,
-0.9999250887542617,
0.009918576887877228,
19.247615358609966
],
[
0.038256760183974,
0.010185944517665746,
0.999216026109724,
23.32718007793254
],
[
-0.9992422036663208,
-0.006787003319919105,
0.038326948717714804,
0.1933216223846995
],
[
0.0,
0.0,
0.0,
1.0
]
],
"at_element": 7,
"to_element": 18
},
{
"pose": [
[
-0.009232532830686146,
0.9999250887539259,
-0.008035995145833363,
19.283612675161663
],
[
-0.9917130039602473,
-0.01018594449481669,
-0.1280685922109367,
23.326813383794804
],
[
-0.1281408526336273,
0.006787003403717136,
0.9917327555703326,
0.19356595459586481
],
[
0.0,
0.0,
0.0,
1.0
]
],
"at_element": 18,
"to_element": 7
},
{
"pose": [
[
-0.12422244739702015,
-0.13698668821536783,
-0.9827529856553375,
20.322887186393952
],
[
0.030751887755325093,
-0.9904801577861921,
0.13417666872941578,
23.155549458382822
],
[
-0.9917777497817636,
-0.01355375533293629,
0.12725246855836048,
0.08941067486955602
],
[
0.0,
0.0,
0.0,
1.0
]
],
"at_element": 8,
"to_element": 17
},
{
"pose": [
[
0.9787635412938888,
0.1369866881966025,
0.15250107373645888,
20.327818709165815
],
[
-0.13323440708054643,
0.9904801577882755,
-0.03460707727630394,
23.191206758501224
],
[
-0.155789996481614,
0.013553755370362719,
0.9876972069979844,
0.08989861025993198
],
[
0.0,
0.0,
0.0,
1.0
]
],
"at_element": 17,
"to_element": 8
},
{
"pose": [
[
0.9950236838061415,
-0.08641490903604598,
0.04960173546507934,
20.43220110157042
],
[
0.049183095217192656,
-0.006968197264127118,
-0.9987654716557561,
23.23257908215197
],
[
0.08665386205883943,
0.9962348657436058,
-0.0026833686119347444,
0.1603472679657348
],
[
0.0,
0.0,
0.0,
1.0
]
],
"at_element": 9,
"to_element": 11
},
{
"pose": [
[
0.0618699292025513,
0.08641490903138621,
0.9943362486390449,
20.435312039372253
],
[
-0.9980829151262489,
0.006968197264049403,
0.061497469541261174,
23.23282993734044
],
[
-0.0016144328912431893,
-0.9962348657440105,
0.08668036618781172,
0.12448280038801085
],
[
0.0,
0.0,
0.0,
1.0
]
],
"at_element": 11,
"to_element": 9
},
{
"pose": [
[
0.08363495611762417,
-0.06557910268140808,
0.9943362486637527,
20.32911791548401
],
[
0.0504817756031541,
0.9968298007287323,
0.06149746914360546,
23.22626206866555
],
[
-0.9952169534564591,
0.04505252124595521,
0.08668036618650665,
0.11522542336114115
],
[
0.0,
0.0,
0.0,
1.0
]
],
"at_element": 11,
"to_element": 17
},
{
"pose": [
[
-0.9861251461382858,
0.0655791023248499,
0.15250107374051963,
20.33147876407549
],
[
-0.07164285410471918,
-0.9968298007412981,
-0.03460707745236351,
23.190376182033493
],
[
0.14974811387618364,
-0.045052521486936004,
0.9876972069911886,
0.11360353195784621
],
[
0.0,
0.0,
0.0,
1.0
]
],
"at_element": 17,
"to_element": 11
},
{
"pose": [
[
0.9940633918999692,
0.08325685294873295,
-0.07004476655255115,
21.65566001942955
],
[
0.06549257493346575,
0.056207292249666696,
0.9962687704262061,
23.310143816382435
],
[
0.08688322918096855,
-0.9949417252960262,
0.05042090590274717,
0.19478633788348368
],
[
0.0,
0.0,
0.0,
1.0
]
],
"at_element": 10,
"to_element": 11
},
{
"pose": [
[
-0.06605846712594854,
-0.08325685294970209,
0.9943362486392024,
21.65266277162207
],
[
0.9965233572465405,
-0.05620729224435772,
0.06149746954665136,
23.30812035311816
],
[
0.05076886233759775,
0.9949417252962452,
0.08668036618218111,
0.2306042531553227
],
[
0.0,
0.0,
0.0,
1.0
]
],
"at_element": 11,
"to_element": 10
},
{
"pose": [
[
-0.022217080955007962,
0.9972964113007904,
-0.07004476654542385,
21.65734109746349
],
[
-0.0520905424868926,
0.06881215340192193,
0.9962687704267414,
23.286233314166772
],
[
0.998395200658166,
0.02578285381323625,
0.0504209059020706,
0.19357623352385625
],
[
0.0,
0.0,
0.0,
1.0
]
],
"at_element": 10,
"to_element": 12
},
{
"pose": [
[
-0.07041389475632576,
-0.9972964113014131,
-0.021017883589164392,
21.6214384133882
],
[
0.9952341349156502,
-0.0688121533948145,
-0.06909344573739323,
23.283756075729052
],
[
0.06746035964877925,
-0.02578285380812459,
0.9973887628831429,
0.19264805044382885
],
[
0.0,
0.0,
0.0,
1.0
]
],
"at_element": 12,
"to_element": 10
},
{
"pose": [
[
0.9997709898563589,
0.004026960510745852,
-0.021017883591864628,
21.601406039861736
],
[
-0.005470727294960602,
0.9975951918986219,
-0.06909344573558211,
23.217902360860847
],
[
0.02068910303760054,
0.06919260574509788,
0.9973887628832114,
1.1432701319607217
],
[
0.0,
0.0,
0.0,
1.0
]
],
"at_element": 12,
"to_element": 31
},
{
"pose": [
[
0.09974904637134674,
-0.004026960435871009,
-0.9950044780490461,
21.601261069223842
],
[
0.06844734296622454,
-0.9975951919046007,
0.010899281154605825,
23.18198891921073
],
[
-0.9926555741992642,
-0.06919260566325741,
-0.09923353431505899,
1.1407791971313928
],
[
0.0,
0.0,
0.0,
1.0
]
],
"at_element": 31,
"to_element": 12
},
{
"pose": [
[
0.011031502691484008,
-0.9997182375641905,
-0.02101788357367348,
21.601910472404636
],
[
0.9975323776231658,
0.012459989864232357,
-0.06909344575324634,
23.219560614527417
],
[
0.06933586043196802,
-0.020203814841062567,
0.9973887628823711,
1.119332643311006
],
[
0.0,
0.0,
0.0,
1.0
]
],
"at_element": 12,
"to_element": 32
},
{
"pose": [
[
0.020354484895056424,
0.9997182375646116,
-0.01221230630812653,
21.63790034348307
],
[
0.012086423683654146,
-0.012459989869531451,
-0.9998493221555889,
23.219112054711275
],
[
-0.9997197673884397,
0.02020381481695388,
-0.01233663485907388,
1.1200599809381873
],
[
0.0,
0.0,
0.0,
1.0
]
],
"at_element": 32,
"to_element": 12
},
{
"pose": [
[
-0.999978312650206,
-0.00011126308673137039,
0.0065849715088529565,
21.61802848097717
],
[
0.000598871705672729,
-0.9972511429297266,
0.07409317969984745,
24.516002173606893
],
[
0.0065586265274841515,
0.07409551636826127,
0.9972295818276721,
1.1871027340596827
],
[
0.0,
0.0,
0.0,
1.0
]
],
"at_element": 13,
"to_element": 25
},
{
"pose": [
[
-0.1469554708257368,
0.00011126320446072646,
-0.9891431024957336,
21.618032486449785
],
[
0.07330737582139851,
0.9972511429160723,
-0.010778988949241418,
24.551903228217775
],
[
0.9864228901665686,
-0.07409551655186003,
-0.14655966765228,
1.184435294466976
],
[
0.0,
0.0,
0.0,
1.0
]
],
"at_element": 25,
"to_element": 13
},
{
"pose": [
[
-0.02335213924623214,
0.9997056145392532,
0.006584971626259699,
21.617850495969563
],
[
-0.9969678487627686,
-0.02377623289183428,
0.07409317973208183,
24.513999511162584
],
[
0.07422793359620028,
-0.004834770746096326,
0.9972295818245018,
1.1601486440585087
],
[
0.0,
0.0,
0.0,
1.0
]
],
"at_element": 13,
"to_element": 26
},
{
"pose": [
[
0.0057077582827930184,
-0.9997056145404567,
-0.02358189457344645,
21.581861081559875
],
[
0.03678708841322653,
0.023776232797060093,
-0.9990402398702755,
24.51485545583906
],
[
0.9993068255653328,
0.004834770963338397,
0.03691196781897976,
1.1603226958689152
],
[
0.0,
0.0,
0.0,
1.0
]
],
"at_element": 26,
"to_element": 13
},
{
"pose": [
[
0.011686705101487616,
-0.9999100254904878,
0.006584971335017814,
21.617692454610488
],
[
0.9971773940729245,
0.012142712138027423,
0.07409317979317967,
24.51222125186575
],
[
-0.07416647270702786,
0.005700479413623567,
0.9972295818218855,
1.136214824722815
],
[
0.0,
0.0,
0.0,
1.0
]
],
"at_element": 13,
"to_element": 32
},
{
"pose": [
[
-0.005549820242894521,
0.9999100254889728,
-0.01221230616686142,
21.653689229670473
],
[
0.01240514073731086,
-0.012142712276354661,
-0.9998493221590248,
24.511784114057257
],
[
-0.9999076517251776,
-0.005700479384689594,
-0.012336634720443884,
1.1360096073896326
],
[
0.0,
0.0,
0.0,
1.0
]
],
"at_element": 32,
"to_element": 13
},
{
"pose": [
[
0.9959164349916904,
0.00765511984257355,
0.08995473113537714,
21.58592455343688
],
[
-0.008479499884647156,
0.9999254511352584,
0.008785798407434774,
25.869566358544578
],
[
-0.08988076877257126,
-0.009512692160774008,
0.9959071021399064,
1.144842860544356
],
[
0.0,
0.0,
0.0,
1.0
]
],
"at_element": 14,
"to_element": 24
},
{
"pose": [
[
-0.0950358498131687,
-0.007655120286948041,
0.9954444165214253,
21.585648969009366
],
[
0.010197410111763236,
-0.9999254511355797,
-0.006716025485301354,
25.833569027498207
],
[
0.9954216192535208,
0.009512691769371324,
0.09510682739950704,
1.145185317606685
],
[
0.0,
0.0,
0.0,
1.0
]
],
"at_element": 24,
"to_element": 14
},
{
"pose": [
[
0.010388883272582472,
-0.0947759712844723,
0.9954444165152736,
21.609539847692485
],
[
0.9992170295139837,
0.0389900362237634,
-0.006716025946960413,
25.833407841439758
],
[
-0.038175895976378715,
0.994734784926291,
0.0951068274312954,
1.1474679017848175
],
[
0.0,
0.0,
0.0,
1.0
]
],
"at_element": 24,
"to_element": 26
},
{
"pose": [
[
-0.9952192771013246,
0.09477597131735074,
-0.02358189446947445,
21.612951783855156
],
[
0.019959363131841844,
-0.038990036279337614,
-0.9990402398774071,
25.832004199642913
],
[
-0.09560446804040065,
-0.9947347849209801,
0.03691196769238092,
1.1116574369824135
],
[
0.0,
0.0,
0.0,
1.0
]
],
"at_element": 26,
"to_element": 24
},
{
"pose": [
[
0.9893925320980813,
0.00753401178675513,
0.14507121042765267,
20.475733646407033
],
[
-0.008650121868902204,
0.9999376337051212,
0.007064282826721183,
25.877056957500322
],
[
-0.1450089404836832,
-0.008244232323255014,
0.9893959974717907,
1.03881899623631
],
[
0.0,
0.0,
0.0,
1.0
]
],
"at_element": 15,
"to_element": 24
},
{
"pose": [
[
-0.09504552746079242,
-0.007534011759096808,
0.9954444165178252,
20.475462421896616
],
[
0.00892321103040535,
-0.9999376337050006,
-0.006716026008819707,
25.841059191256694
],
[
0.995432932956614,
0.008244232363178606,
0.09510682740022047,
1.0391157886945583
],
[
0.0,
0.0,
0.0,
1.0
]
],
"at_element": 24,
"to_element": 15
},
{
"pose": [
[
0.05908650874582755,
0.9876553691883273,
0.14507121078180246,
20.4713765464088
],
[
-0.9982516841245485,
0.058682800252085054,
0.007064283196241028,
25.876844787307792
],
[
-0.0015361076564023163,
-0.14523498431177936,
0.9893959974172248,
1.0091032636238224
],
[
0.0,
0.0,
0.0,
1.0
]
],
"at_element": 15,
"to_element": 27
},
{
"pose": [
[
0.14292415819792725,
-0.9876553690231364,
0.06410582690509231,
20.435820936881623
],
[
0.04184541853007562,
-0.05868280081213495,
-0.9973992630019766,
25.874732205534944
],
[
0.9888486466347903,
0.14523498520885064,
0.03294166237347862,
1.0143317254604343
],
[
0.0,
0.0,
0.0,
1.0
]
],
"at_element": 27,
"to_element": 15
},
{
"pose": [
[
-0.03781766055733393,
0.0616569576847486,
-0.9973806916714558,
20.441368477188412
],
[
-0.9985122119612917,
0.03690505286848167,
0.040141993435099,
25.8242833741933
],
[
0.03928342034674731,
0.9974148768901714,
0.06016956243837124,
1.0519487572779291
],
[
0.0,
0.0,
0.0,
1.0
]
],
"at_element": 21,
"to_element": 27
},
{
"pose": [
[
-0.9960365768658312,
-0.061656957755808914,
0.0641058273926457,
20.439148825798767
],
[
-0.06190902332549157,
-0.0369050535210802,
-0.9973992630113028,
25.822954791742756
],
[
0.06386243321610155,
-0.9974148768616321,
0.03294166114230357,
1.016041806982982
],
[
0.0,
0.0,
0.0,
1.0
]
],
"at_element": 27,
"to_element": 21
},
{
"pose": [
[
0.9844163950652978,
0.04635356666122157,
0.16963404134909768,
20.477719138533498
],
[
-0.04908658827041249,
0.9987230269074878,
0.011950831632837005,
24.51413588330769
],
[
-0.16886345957197105,
-0.020091350938379014,
0.985434660258536,
1.00745148564821
],
[
0.0,
0.0,
0.0,
1.0
]
],
"at_element": 16,
"to_element": 22
},
{
"pose": [
[
0.12966191560659468,
-0.0463535650676381,
0.9904741968606493,
20.476050409507245
],
[
0.013927267802452539,
-0.9987230270766272,
-0.04856280879909104,
24.478181841016607
],
[
0.991460447447495,
0.02009134620722429,
-0.12885076233687687,
1.008174774454386
],
[
0.0,
0.0,
0.0,
1.0
]
],
"at_element": 22,
"to_element": 16
},
{
"pose": [
[
-0.058805526124405594,
-0.9837510873095884,
0.1696340423218014,
20.487677049210188
],
[
0.9982674869110385,
-0.057612517363924365,
0.011950833414928377,
24.514837424928487
],
[
-0.0019836011574140833,
0.17004292416973538,
0.9854346600694812,
1.0652987799920808
],
[
0.0,
0.0,
0.0,
1.0
]
],
"at_element": 16,
"to_element": 27
},
{
"pose": [
[
-0.1677028367349036,
0.9837510870936624,
0.06410582807439524,
20.523092127545315
],
[
-0.043307137386163874,
0.05761251664841094,
-0.9973992629718816,
24.516911477851657
],
[
-0.9848859073022024,
-0.17004292566135815,
0.03294166100917795,
1.0591772279156748
],
[
0.0,
0.0,
0.0,
1.0
]
],
"at_element": 27,
"to_element": 16
},
{
"pose": [
[
-0.0017915342411218838,
0.9855054957563276,
0.1696340420998636,
20.48360583167167
],
[
-0.9999210785230146,
-0.0038748249627253983,
0.01195083498672335,
24.5145506048672
],
[
0.012434915779149389,
-0.16959924400062537,
0.9854346600886239,
1.0416483449826865
],
[
0.0,
0.0,
0.0,
1.0
]
],
"at_element": 16,
"to_element": 30
},
{
"pose": [
[
0.16963029874517566,
-0.9855054956161475,
-0.0021165675028492204,
20.448127604024528
],
[
0.0100348592091547,
0.003874824874110061,
-0.9999421419926493,
24.514690098685342
],
[
0.9854566775603457,
0.16959924481720628,
0.010546696599336713,
1.0477539229206088
],
[
0.0,
0.0,
0.0,
1.0
]
],
"at_element": 30,
"to_element": 16
},
{
"pose": [
[
-0.046839223900176474,
-0.1294872652603099,
0.990474197160045,
20.443392949490118
],
[
-0.9987682125388118,
-0.010183869426280356,
-0.04856280907789173,
24.47978303156131
],
[
0.016375125234832366,
-0.9915287877509733,
-0.128850759930351,
1.0124231825749277
],
[
0.0,
0.0,
0.0,
1.0
]
],
"at_element": 22,
"to_element": 30
},
{
"pose": [
[
0.991578826349558,
0.1294872629932512,
-0.00211656744512953,
20.448054492609966
],
[
-0.0034643002644323267,
0.010183872722782539,
-0.9999421420062484,
24.480149651069013
],
[
-0.12945821626652762,
0.9915287880131787,
0.010546695321578037,
1.0481182316148954
],
[
0.0,
0.0,
0.0,
1.0
]
],
"at_element": 30,
"to_element": 22
},
{
"pose": [
[
-0.007255154615094295,
0.14677631197031493,
-0.9891431023749313,
20.52684211581958
],
[
0.999672103924774,
-0.02322709660895561,
-0.010778989643472514,
24.540012199704538
],
[
-0.024557022745579804,
-0.9888969694702836,
-0.146559668416526,
1.0227554549525102
],
[
0.0,
0.0,
0.0,
1.0
]
],
"at_element": 25,
"to_element": 27
},
{
"pose": [
[
0.9870902475732686,
-0.1467763128976501,
0.06410582748794752,
20.521553585092363
],
[
0.06822911396236472,
0.023227098657853995,
-0.9973992630315349,
24.540849100532785
],
[
0.14490559393499627,
0.9888969692845202,
0.03294166034425938,
1.0583866267009248
],
[
0.0,
0.0,
0.0,
1.0
]
],
"at_element": 27,
"to_element": 25
},
{
"pose": [
[
-0.009087281046779694,
0.1466742797968626,
-0.9891431023715671,
20.453460603750642
],
[
0.9998841930229954,
-0.01074308730057183,
-0.010778989656072713,
24.539212539374095
],
[
-0.012207451246278644,
-0.9891265044074614,
-0.1465596684383046,
1.0118826398929506
],
[
0.0,
0.0,
0.0,
1.0
]
],
"at_element": 25,
"to_element": 30
},
{
"pose": [
[
0.9891825795016403,
-0.14667428047375014,
-0.0021165675015691054,
20.44818032905796
],
[
-0.0005466236496998594,
0.01074308627415732,
-0.9999421419761703,
24.539599290585063
],
[
0.1466885326570097,
0.989126504318236,
0.010546698161969958,
1.0474911980341939
],
[
0.0,
0.0,
0.0,
1.0
]
],
"at_element": 30,
"to_element": 25
},
{
"pose": [
[
-0.9882742999808578,
-0.007571691134433368,
0.15250107373625293,
20.472510158312648
],
[
0.002316683644176796,
-0.9993983105796127,
-0.03460707713038747,
23.158371919760018
],
[
0.15267134955268497,
-0.03384798818217306,
0.9876972070031288,
1.0270155544114283
],
[
0.0,
0.0,
0.0,
1.0
]
],
"at_element": 17,
"to_element": 31
},
{
"pose": [
[
-0.09954274527041784,
0.007571691694487929,
-0.9950044780547033,
20.47278273930052
],
[
-0.03292753341181553,
0.9993983105983433,
0.010899280553832883,
23.194350273126926
],
[
0.9944883203977021,
0.033847987503853316,
-0.09923353432432247,
1.0282340824606577
],
[
0.0,
0.0,
0.0,
1.0
]
],
"at_element": 31,
"to_element": 17
},
{
"pose": [
[
-0.00886976828153374,
-0.11854882688285234,
0.9929086075038989,
20.44111726206946
],
[
-0.9998962181741378,
-0.010221444152762826,
-0.01015258393165408,
23.218627985801213
],
[
0.01135253679532583,
-0.9928956127026303,
-0.11844586182800709,
1.0256757512921848
],
[
0.0,
0.0,
0.0,
1.0
]
],
"at_element": 28,
"to_element": 30
},
{
"pose": [
[
0.9929459681996982,
0.11854882698120656,
-0.002116567349279036,
20.445385021400178
],
[
-0.00335182897580287,
0.010221443852040268,
-0.9999421419902736,
23.218995957929003
],
[
-0.11852033360770231,
0.9928956126939827,
0.010546696855386006,
1.0614200064021233
],
[
0.0,
0.0,
0.0,
1.0
]
],
"at_element": 30,
"to_element": 28
},
{
"pose": [
[
0.9950734715184997,
-0.09911763931138516,
-0.00211656737661748,
20.445334223520028
],
[
-0.0010606592807970855,
0.010704562890918146,
-0.9999421419938278,
23.194997222180078
],
[
0.09913456149099398,
0.9950181435082742,
0.010546696512927722,
1.0616731284282863
],
[
0.0,
0.0,
0.0,
1.0
]
],
"at_element": 30,
"to_element": 31
},
{
"pose": [
[
0.011907234075365425,
0.09911763935346313,
-0.9950044780530747,
20.448902460005762
],
[
0.9998833021919984,
-0.01070456299382161,
0.010899281110987202,
23.194611857754786
],
[
-0.009570777100082806,
-0.9950181435029757,
-0.09923353427945836,
1.0258524605009518
],
[
0.0,
0.0,
0.0,
1.0
]
],
"at_element": 31,
"to_element": 30
},
{
"pose": [
[
0.015009278117585456,
-0.9998550616726319,
-0.00803599514724631,
19.276074126233585
],
[
0.991637605739517,
0.015915229929625574,
-0.12806859232257362,
23.206672526986814
],
[
0.12817792498549577,
-0.00604657786725251,
0.9917327555559047,
1.1239082100153361
],
[
0.0,
0.0,
0.0,
1.0
]
],
"at_element": 18,
"to_element": 29
},
{
"pose": [
[
0.006002830581626983,
0.9998550616726201,
-0.015931781841631576,
19.31206892307367
],
[
-0.0027951004621779574,
-0.01591522996719119,
-0.9998694379110193,
23.20609957847676
],
[
-0.999978076478887,
0.006046577770315309,
0.00269915891583139,
1.1241258869049442
],
[
0.0,
0.0,
0.0,
1.0
]
],
"at_element": 29,
"to_element": 18
},
{
"pose": [
[
0.009987169748525981,
0.11845992362189783,
0.9929086075444749,
19.316715846428014
],
[
0.9999481467667092,
0.0007929787014991918,
-0.010152584035731327,
23.230125095927573
],
[
-0.001990029707755414,
0.9929585176029625,
-0.11844586147894365,
1.1598076276525482
],
[
0.0,
0.0,
0.0,
1.0
]
],
"at_element": 28,
"to_element": 29
},
{
"pose": [
[
-0.9928310152675679,
-0.11845992338770756,
-0.015931781876153128,
19.31245128749101
],
[
0.016139340682698046,
-0.0007929787868155014,
