{
"contact_id_pairs": [
[
0,
1
],
[
0,
2
],
[
0,
3
],
[
0,
14
],
[
1,
15
],
[
2,
15
],
[
3,
14
],
[
0,
20
],
[
0,
21
],
[
0,
25
],
[
20,
21
],
[
21,
25
],
[
1,
18
],
[
1,
20
],
[
2,
18
],
[
2,
19
],
[
4,
18
],
[
18,
22
],
[
19,
22
],
[
3,
21
],
[
3,
22
],
[
11,
21
],
[
21,
27
],
[
23,
27
],
[
4,
14
],
[
4,
17
],
[
5,
14
],
[
5,
17
],
[
6,
17
],
[
14,
17
],
[
5,
19
],
[
5,
24
],
[
6,
12
],
[
6,
24
],
[
6,
29
],
[
12,
23
],
[
23,
24
],
[
7,
16
],
[
8,
9
],
[
8,
15
],
[
9,
15
],
[
9,
16
],
[
15,
16
],
[
7,
25
],
[
7,
26
],
[
9,
26
],
[
9,
28
],
[
10,
27
],
[
10,
28
],
[
26,
27
],
[
10,
13
],
[
10,
16
],
[
10,
17
],
[
11,
12
],
[
11,
17
],
[
12,
13
],
[
12,
17
],
[
13,
29
],
[
28,
29
]
],
"contact_t_bound_pairs": [
[
[
0.6,
0.9
],
[
0.6,
0.9
]
],
[
[
0.6,
0.9
],
[
0.6,
0.9
]
],
[
[
0.6,
0.9
],
[
0.6,
0.9
]
],
[
[
0.6,
0.9
],
[
0.6,
0.9
]
],
[
[
0.6,
0.9
],
[
0.6,
0.9
]
],
[
[
0.6,
0.9
],
[
0.6,
0.9
]
],
[
[
0.6,
0.9
],
[
0.6,
0.9
]
],
[
[
0.1,
0.4
],
[
0.1,
0.4
]
],
[
[
0.1,
0.4
],
[
0.6,
0.9
]
],
[
[
0.1,
0.4
],
[
0.6,
0.9
]
],
[
[
0.1,
0.4
],
[
0.6,
0.9
]
],
[
[
0.6,
0.9
],
[
0.6,
0.9
]
],
[
[
0.1,
0.4
],
[
0.6,
0.9
]
],
[
[
0.1,
0.4
],
[
0.6,
0.9
]
],
[
[
0.1,
0.4
],
[
0.1,
0.4
]
],
[
[
0.1,
0.4
],
[
0.6,
0.9
]
],
[
[
0.1,
0.4
],
[
0.1,
0.4
]
],
[
[
0.1,
0.4
],
[
0.6,
0.9
]
],
[
[
0.6,
0.9
],
[
0.6,
0.9
]
],
[
[
0.1,
0.4
],
[
0.1,
0.4
]
],
[
[
0.1,
0.4
],
[
0.1,
0.4
]
],
[
[
0.1,
0.4
],
[
0.1,
0.4
]
],
[
[
0.1,
0.4
],
[
0.6,
0.9
]
],
[
[
0.6,
0.9
],
[
0.6,
0.9
]
],
[
[
0.6,
0.9
],
[
0.1,
0.4
]
],
[
[
0.6,
0.9
],
[
0.6,
0.9
]
],
[
[
0.6,
0.9
],
[
0.1,
0.4
]
],
[
[
0.6,
0.9
],
[
0.6,
0.9
]
],
[
[
0.6,
0.9
],
[
0.6,
0.9
]
],
[
[
0.1,
0.4
],
[
0.6,
0.9
]
],
[
[
0.1,
0.4
],
[
0.1,
0.4
]
],
[
[
0.1,
0.4
],
[
0.6,
0.9
]
],
[
[
0.1,
0.4
],
[
0.1,
0.4
]
],
[
[
0.1,
0.4
],
[
0.1,
0.4
]
],
[
[
0.1,
0.4
],
[
0.6,
0.9
]
],
[
[
0.1,
0.4
],
[
0.1,
0.4
]
],
[
[
0.1,
0.4
],
[
0.1,
0.4
]
],
[
[
0.6,
0.9
],
[
0.6,
0.9
]
],
[
[
0.6,
0.9
],
[
0.6,
0.9
]
],
[
[
0.6,
0.9
],
[
0.1,
0.4
]
],
[
[
0.6,
0.9
],
[
0.1,
0.4
]
],
[
[
0.6,
0.9
],
[
0.6,
0.9
]
],
[
[
0.1,
0.4
],
[
0.6,
0.9
]
],
[
[
0.1,
0.4
],
[
0.1,
0.4
]
],
[
[
0.1,
0.4
],
[
0.6,
0.9
]
],
[
[
0.1,
0.4
],
[
0.1,
0.4
]
],
[
[
0.1,
0.4
],
[
0.6,
0.9
]
],
[
[
0.1,
0.4
],
[
0.1,
0.4
]
],
[
[
0.1,
0.4
],
[
0.6,
0.9
]
],
[
[
0.1,
0.4
],
[
0.1,
0.4
]
],
[
[
0.6,
0.9
],
[
0.6,
0.9
]
],
[
[
0.6,
0.9
],
[
0.1,
0.4
]
],
[
[
0.6,
0.9
],
[
0.1,
0.4
]
],
[
[
0.6,
0.9
],
[
0.6,
0.9
]
],
[
[
0.6,
0.9
],
[
0.1,
0.4
]
],
[
[
0.6,
0.9
],
[
0.6,
0.9
]
],
[
[
0.6,
0.9
],
[
0.1,
0.4
]
],
[
[
0.1,
0.4
],
[
0.1,
0.4
]
],
[
[
0.1,
0.4
],
[
0.1,
0.4
]
]
],
"line_pt_pairs": [
[
[
37.12449166896052,
-31.587767107473557,
0.09891641021026856
],
[
36.48899259612275,
-31.475083454056406,
-0.7172911179969452
]
],
[
[
36.18884078836766,
-31.267576581951733,
0.42086907873079626
],
[
36.858992008450514,
-31.63538347601141,
-0.6883347258072673
]
],
[
[
36.21180654239337,
-32.71299992518859,
0.026594608382540824
],
[
36.61604392620431,
-31.370671758008367,
-0.7320660633113304
]
],
[
[
37.3010446883208,
-32.31653565072784,
-0.1426068649507852
],
[
36.471396990973766,
-31.41596875216909,
-0.6283956680339366
]
],
[
[
36.33836867712586,
-32.316819063533835,
0.0065425050553972845
],
[
36.60358417328076,
-32.88226515968732,
-1.0776722666684917
]
],
[
[
36.423897422553495,
-33.67516529690109,
0.22198218802604386
],
[
36.5697494400576,
-32.800739296948564,
-1.1114064767474634
]
],
[
[
37.255748156851396,
-33.37913689000736,
0.02766128051572533
],
[
36.6279994183513,
-32.83265895414945,
-1.0530191133281606
]
],
[
[
38.099528122095194,
-31.536404532282223,
0.1302039001202006
],
[
37.57507766058964,
-31.5217726797299,
-0.866365905569337
]
],
[
[
37.124690275856594,
-31.360402656737943,
0.16294052764006173
],
[
37.626796631090016,
-31.596473955300077,
-0.8221004914196328
]
],
[
[
38.1155344255216,
-32.45933860550818,
-0.05025988306131605
],
[
37.5242341021964,
-31.439455560795672,
-0.7439541325241696
]
],
[
[
38.008404406815536,
-32.546432036436975,
0.03355844403899973
],
[
37.691437501286,
-32.94137232442012,
-1.0280874020577984
]
],
[
[
37.26076904852694,
-32.18791568794889,
-0.14377440556276416
],
[
37.73538145084873,
-33.013407111659916,
-0.9092645642625682
]
],
[
[
36.91636607448504,
-33.392490180668155,
0.06671774744398526
],
[
37.78045199410282,
-32.7185923827006,
-0.9834881549764973
]
],
[
[
37.96926314983267,
-33.46174631171781,
0.03711940337105686
],
[
37.6620239636684,
-32.74399179427825,
-1.0026199663298596
]
],
[
[
36.575931279230815,
-33.09462644766162,
-0.995762728143608
],
[
36.67946210376794,
-31.342878934182693,
-0.36506399455820016
]
],
[
[
37.842208427371986,
-31.587776707839353,
-0.6068082785790004
],
[
36.41197047188155,
-31.555835428982153,
-0.5817686995371725
]
],
[
[
37.8922382914571,
-33.09596404294698,
-0.6280874020677721
],
[
37.67056838896389,
-31.35669544782172,
-0.5592636099953402
]
],
[
[
37.948520961860055,
-32.84287206406947,
-0.6280874020795064
],
[
36.394935194509536,
-32.859776754748474,
-0.9956168371239061
]
],
[
[
36.34776636598684,
-32.55819282463214,
-0.17921134113494291
],
[
36.21240026410775,
-31.160160303792505,
0.34259623983334336
]
],
[
[
36.429249483980506,
-33.7391502302607,
0.10243621432217483
],
[
36.17906580959832,
-32.297473634137845,
-0.12056823810556355
]
],
[
[
37.111763602601144,
-31.566030456615703,
-0.11098995875265183
],
[
36.078026668180534,
-31.21548040729387,
0.3325806935558775
]
],
[
[
37.32507932817294,
-32.40253651111226,
-0.26375860995776124
],
[
36.91381207782125,
-31.40886278125691,
0.024640464795878926
]
],
[
[
37.32300586067524,
-32.19950228778755,
-0.2536151628623648
],
[
36.0849707022155,
-32.46159609016228,
-0.04192596132373217
]
],
[
[
36.918344293746024,
-33.4640382137708,
-0.031903371675267016
],
[
37.38527562762438,
-32.21980086327751,
-0.2499247819837441
]
],
[
[
37.30423127413444,
-33.266400476506284,
-0.04473676634896118
],
[
36.095909049916074,
-33.56317546082795,
-0.20215240403144003
]
],
[
[
38.18046039323828,
-31.49324554972763,
0.03304761931852619
],
[
36.83124407545797,
-31.550784770381735,
0.021444740574682614
]
],
[
[
38.01244637716808,
-32.68785866143411,
-0.133114326119268
],
[
38.0739122505104,
-31.40616172768641,
0.006511348132464929
]
],
[
[
38.10922599433377,
-32.59580817094889,
-0.06826696754842947
],
[
37.1344728051316,
-32.26964807340353,
-0.22541746210335933
]
],
[
[
37.97302454343834,
-33.569997132106884,
-0.02383917056578236
],
[
37.98520561384411,
-32.04440879274939,
-0.28508117219168616
]
],
[
[
38.20363236551834,
-33.44536972889404,
-0.07710758139487277
],
[
37.06554914144586,
-33.33662244330872,
-0.11857133349939347
]
]
],
"contact_t_pairs": [
[
0.648773055588982,
0.7637985959504561
],
[
0.8999999999758352,
0.8999999998632009
],
[
0.8547808084374591,
0.8999999991543252
],
[
0.6718377033792098,
0.8999999999196414
],
[
0.899999999853394,
0.7339052347579088
],
[
0.8466472383298563,
0.8999999997323601
],
[
0.7428617103094807,
0.8215645544542898
],
[
0.1988495593322948,
0.10000000021600763
],
[
0.17578491158603357,
0.8235465467072995
],
[
0.1000000002318425,
0.8309139817270833
],
[
0.16196710892994248,
0.8945691003985105
],
[
0.8730138779973261,
0.8999999998962319
],
[
0.10000000058362499,
0.8999999997167598
],
[
0.16294105097556721,
0.7783477054008509
],
[
0.22099222834275073,
0.10000000010319
],
[
0.10000000004594228,
0.7992753997659973
],
[
0.10000000006335327,
0.13203488410374908
],
[
0.11601744209461361,
0.7938651205339825
],
[
0.8999999998773422,
0.8999999986801889
],
[
0.10000000018905703,
0.19349731852329116
],
[
0.12097392944725642,
0.10000000014318135
],
[
0.10000000043292713,
0.12155522370991508
],
[
0.10000000021248108,
0.8565084332021744
],
[
0.8999999998270984,
0.7938853881224118
],
[
0.8356074560092327,
0.17081377454933308
],
[
0.8999999999914057,
0.8849676479834058
],
[
0.8675069190631444,
0.10000000010891676
],
[
0.899999999765665,
0.8999999999072125
],
[
0.8999999782077589,
0.812566245253967
],
[
0.12874781325071696,
0.8699352960599196
],
[
0.10000000007027882,
0.10000000001257177
],
[
0.2675784842762288,
0.6882967735066923
],
[
0.21008959484518697,
0.23662686723005963
],
[
0.10000000027472994,
0.10000000013806078
],
[
0.11759492524300436,
0.8999999994522236
],
[
0.10000000014205465,
0.11782092777319181
],
[
0.10000000042029901,
0.2752851481109583
],
[
0.7153726585671375,
0.8999999998556375
],
[
0.859086662262402,
0.8999999993351447
],
[
0.7838712865441154,
0.22693657330332606
],
[
0.8392073274131105,
0.15516345725360647
],
[
0.7267275164880876,
0.7948209520179738
],
[
0.10000000010495454,
0.8682008913848549
],
[
0.10000000095099693,
0.10000000356805067
],
[
0.1213098680804092,
0.8999999998406205
],
[
0.10000000013856084,
0.2570174540761254
],
[
0.26196740040000505,
0.899999999891069
],
[
0.10000000022532614,
0.12308097197486959
],
[
0.1972148190973216,
0.6186142018859409
],
[
0.10000000002220084,
0.10000000093449905
],
[
0.8157719661701438,
0.8265118707207776
],
[
0.6002667425496278,
0.1823878082293378
],
[
0.6703254131269764,
0.10000000003008988
],
[
0.8043830954452259,
0.8071665952005582
],
[
0.7664538071837884,
0.21208175755341993
],
[
0.8999999998050846,
0.8999999996685021
],
[
0.7625745026698229,
0.2430055358888418
],
[
0.1000000058173021,
0.23479707656674598
],
[
0.10000000032776275,
0.2009327971695957
]
],
"half_couplers": [
{
"pose": [
[
-0.7245958771224632,
0.31932345258661954,
-0.6107318130614198,
36.712196993651595
],
[
0.3230486363954401,
0.9401661620564676,
0.10829204147608668,
-31.514660989331183
],
[
0.6087695733035404,
-0.11882811263405926,
-0.7843975307633575,
-0.43061704185945576
],
[
0.0,
0.0,
0.0,
1.0
]
],
"at_element": 0,
"to_element": 1
},
{
"pose": [
[
0.806569620546872,
-0.3193234525860111,
0.4974715869669589,
36.70070134934143
],
[
-0.20381487300427775,
-0.9401661620569315,
-0.27303312118750345,
-31.548506971215414
],
[
0.5548918315790251,
0.11882811263202553,
-0.8233923335173736,
-0.42633922979828087
],
[
0.0,
0.0,
0.0,
1.0
]
],
"at_element": 1,
"to_element": 0
},
{
"pose": [
[
-0.4655941047081107,
-0.640491047693453,
-0.6107318130616708,
36.55254250342189
],
[
-0.8503781822451316,
0.5149075459868828,
0.10829204147688787,
-31.48635181940084
],
[
0.24511033601730978,
0.5697731451291024,
-0.7843975307630513,
-0.6356703651565004
],
[
0.0,
0.0,
0.0,
1.0
]
],
"at_element": 0,
"to_element": 2
},
{
"pose": [
[
0.7248849187583076,
0.6404910476931269,
0.2536002215726998,
36.57562018776792
],
[
0.1603466930581237,
-0.5149075459865093,
0.8421158810469465,
-31.504904574910018
],
[
0.6699483506824132,
-0.5697731451298065,
-0.4759493360713962,
-0.6561999960381592
],
[
0.0,
0.0,
0.0,
1.0
]
],
"at_element": 2,
"to_element": 0
},
{
"pose": [
[
-0.26065121207105024,
0.7477082306369565,
-0.6107318130600732,
36.581279257719
],
[
0.9079037605625988,
0.4049488798708988,
0.1082920414785658,
-31.49144728310796
],
[
0.32828601432620214,
-0.526259257903418,
-0.7843975307640636,
-0.5987621206034338
],
[
0.0,
0.0,
0.0,
1.0
]
],
"at_element": 0,
"to_element": 3
},
{
"pose": [
[
-0.21043668195084253,
-0.7477082306355403,
-0.6298006071205314,
36.55436176141008
],
[
-0.6071715770451274,
-0.4049488798719043,
0.6836366584078295,
-31.50602544278655
],
[
-0.7661978066518157,
0.5262592579046568,
-0.368771086924649,
-0.5798167873148021
],
[
0.0,
0.0,
0.0,
1.0
]
],
"at_element": 3,
"to_element": 0
},
{
"pose": [
[
-0.06639557504172156,
0.7890489719422683,
-0.6107318130666921,
36.69753943136558
],
[
0.9801121446172177,
0.1662919653151167,
0.10829204146877336,
-31.512061980553398
],
[
0.1870075174657899,
-0.591395554724996,
-0.7843975307602626,
-0.44944258102128753
],
[
0.0,
0.0,
0.0,
1.0
]
],
"at_element": 0,
"to_element": 14
},
{
"pose": [
[
-0.6118162315547575,
-0.7890489719382608,
0.05552133544241261,
36.66910902130591
],
[
0.2997151441313698,
-0.16629196531385482,
0.9394241931366085,
-31.518053685671354
],
[
-0.7320189418208025,
0.5913955547306973,
0.3382300499073422,
-0.428133867967423
],
[
0.0,
0.0,
0.0,
1.0
]
],
"at_element": 14,
"to_element": 0
},
{
"pose": [
[
0.8673345339488646,
-0.01590051507978049,
0.49747158696744026,
36.791976886343974
],
[
0.13915128897107137,
-0.9518875109559681,
-0.27303312118448264,
-31.598602786551517
],
[
0.4778783579504257,
0.3060348674681509,
-0.8233923335180839,
-0.577414345190845
],
[
0.0,
0.0,
0.0,
1.0
]
],
"at_element": 1,
"to_element": 15
},
{
"pose": [
[
0.023490135497858722,
0.01590051507818066,
-0.9995976126194686,
36.792549304888105
],
[
0.3056334601122721,
0.9518875109567062,
0.022323855949334476,
-31.56433483608119
],
[
0.9518594442427373,
-0.3060348674659392,
0.017500237170180788,
-0.5884316004440684
],
[
0.0,
0.0,
0.0,
1.0
]
],
"at_element": 15,
"to_element": 1
},
{
"pose": [
[
0.9669556904789138,
-0.026146132952340168,
0.2536002215734158,
36.554053007026596
],
[
-0.23399711363157907,
-0.48588701742066087,
0.842115881048531,
-31.576521489513077
],
[
0.10120298149035387,
-0.8736304630870493,
-0.4759493360682103,
-0.6157233541365491
],
[
0.0,
0.0,
0.0,
1.0
]
],
"at_element": 2,
"to_element": 15
},
{
"pose": [
[
-0.010999662564034063,
0.02614613295659124,
-0.9995976126196449,
36.554994267813385
],
[
-0.8737364887407659,
0.4858870174215183,
0.022323855943329418,
-31.55902955687642
],
[
0.48627518512302753,
0.8736304630864457,
0.017500237167759614,
-0.5842726574480569
],
[
0.0,
0.0,
0.0,
1.0
]
],
"at_element": 15,
"to_element": 2
},
{
"pose": [
[
0.4103501894978212,
0.659517943035338,
-0.6298006071714597,
36.68473118091526
],
[
0.6959286541669008,
0.21982772258728034,
0.6836366583877258,
-31.647538984216382
],
[
0.5893182758820132,
-0.7188267212593913,
-0.3687710868749403,
-0.5034807660583306
],
[
0.0,
0.0,
0.0,
1.0
]
],
"at_element": 3,
"to_element": 14
},
{
"pose": [
[
-0.7496355542355595,
-0.6595179430006123,
0.05552133541430032,
36.66098853496394
],
[
0.2629790063223246,
-0.21982772261675376,
0.93942419311132,
-31.655452782233894
],
[
-0.6073619827250212,
0.7188267212822385,
0.3382300499821952,
-0.4776030040906276
],
[
0.0,
0.0,
0.0,
1.0
]
],
"at_element": 14,
"to_element": 3
},
{
"pose": [
[
0.7387912604622691,
-0.28494582990329204,
-0.6107318130614254,
36.99812295837065
],
[
-0.2785442154182514,
-0.9542986711768926,
0.10829204147603938,
-31.565360012647602
],
[
-0.6136779232802843,
0.09011059988004547,
-0.7843975307633599,
-0.06338609709743749
],
[
0.0,
0.0,
0.0,
1.0
]
],
"at_element": 0,
"to_element": 20
},
{
"pose": [
[
0.3860730398675689,
0.28494582990321676,
-0.8773559607754322,
37.00838990893578
],
[
-0.028214046958202343,
0.9542986711769017,
0.2975197703418044,
-31.5309754516078
],
[
0.9220366453897888,
-0.09011059988018462,
0.3764684639482814,
-0.06663289342598425
],
[
0.0,
0.0,
0.0,
1.0
]
],
"at_element": 20,
"to_element": 0
},
{
"pose": [
[
-0.2987859245170532,
0.733303227751708,
-0.610731813056612,
37.01278052062873
],
[
0.8858603274096084,
0.45113669111779575,
0.10829204148517962,
-31.567959021420428
],
[
0.35493443286363624,
-0.5086669461408055,
-0.7843975307658455,
-0.0445605579714915
],
[
0.0,
0.0,
0.0,
1.0
]
],
"at_element": 0,
"to_element": 21
},
{
"pose": [
[
-0.5708150175764675,
-0.7333032277485165,
-0.36937324196912935,
36.986381604372
],
[
0.002053059767054055,
-0.4511366912143133,
0.8924525033780758,
-31.584199942336124
],
[
-0.8210761235444437,
0.5086669460598053,
0.25902111367882874,
-0.026248547870820545
],
[
0.0,
0.0,
0.0,
1.0
]
],
"at_element": 21,
"to_element": 0
},
{
"pose": [
[
0.7906447123277897,
0.043446419678146705,
-0.6107318130613937,
37.060941761529406
],
[
0.1377504456757906,
-0.9845291506447751,
0.10829204147488812,
-31.576498742105716
],
[
-0.5965783717033561,
-0.16974910941689259,
-0.7843975307635433,
0.01729565720031559
],
[
0.0,
0.0,
0.0,
1.0
]
],
"at_element": 0,
"to_element": 25
},
{
"pose": [
[
-0.0012263236272140876,
-0.043446419676115025,
-0.9990550058668882,
37.059377690420284
],
[
-0.1699619713469861,
0.9845291506455115,
-0.04260610079641064,
-31.541055692666802
],
[
0.9854498589102377,
0.16974910941314098,
-0.0085915904952385,
0.023406625141982586
],
[
0.0,
0.0,
0.0,
1.0
]
],
"at_element": 25,
"to_element": 0
},
{
"pose": [
[
0.3213303977395049,
-0.356361184144847,
-0.8773559607841358,
36.944332219938936
],
[
0.9469670255998037,
0.12138961508145674,
0.2975197703969206,
-31.509252878591795
],
[
0.0004774046838582624,
-0.9264293107330199,
0.37646846388443966,
-0.03914610259207062
],
[
0.0,
0.0,
0.0,
1.0
]
],
"at_element": 20,
"to_element": 21
},
{
"pose": [
[
-0.8582366308423777,
0.35636118412501583,
-0.3693732420321498,
36.95717235400246
],
[
-0.43450326880075674,
-0.121389615111555,
0.892452503354955,
-31.51362669650593
],
[
0.27319735518811655,
0.9264293107367044,
0.25902111366862157,
-0.00576570909963459
],
[
0.0,
0.0,
0.0,
1.0
]
],
"at_element": 21,
"to_element": 20
},
{
"pose": [
[
0.9292742801142397,
-0.0035665645849336236,
-0.3693732420401119,
36.966037311050115
],
[
0.3558016583303478,
0.2773692652149823,
0.8924525032983408,
-31.535045554747175
],
[
0.09926979524274238,
-0.9607567695994454,
0.25902111385232995,
-0.011982215296245095
],
[
0.0,
0.0,
0.0,
1.0
]
],
"at_element": 21,
"to_element": 25
},
{
"pose": [
[
0.04331714293329947,
0.0035665645674087254,
-0.9990550058656844,
36.966165707376
],
[
-0.9598182175883159,
-0.2773692653442521,
-0.04260610083049371,
-31.545030848310354
],
[
-0.2772591104250397,
0.9607567695621908,
-0.00859159046621727,
0.02260502845027098
],
[
0.0,
0.0,
0.0,
1.0
]
],
"at_element": 25,
"to_element": 21
},
{
"pose": [
[
0.24863795616317264,
0.8310843440429737,
0.49747158696920635,
36.25585591076707
],
[
0.954231254251041,
-0.12204764702704884,
-0.2730331211879726,
-31.30435727157236
],
[
-0.16619831577210845,
0.5425893336049109,
-0.8233923335158602,
0.30994869762963084
],
[
0.0,
0.0,
0.0,
1.0
]
],
"at_element": 1,
"to_element": 18
},
{
"pose": [
[
0.54875955962236,
-0.8310843440424733,
-0.0903424529806734,
36.225936874334
],
[
0.3384447837793998,
0.12204764702831672,
0.933037780685952,
-31.299963556272445
],
[
-0.7644070081151721,
-0.5425893336053917,
0.3482509741581036,
0.2904154815887178
],
[
0.0,
0.0,
0.0,
1.0
]
],
"at_element": 18,
"to_element": 1
},
{
"pose": [
[
0.8296575114441024,
-0.25335831122648045,
0.4974715869643662,
36.298035932480516
],
[
-0.12747008694724432,
-0.9535220457125104,
-0.2730331212030721,
-31.327507423825878
],
[
0.5435253357830168,
0.1631112334350254,
-0.8233923335137774,
0.24013424507326653
],
[
0.0,
0.0,
0.0,
1.0
]
],
"at_element": 1,
"to_element": 20
},
{
"pose": [
[
0.40749979660260816,
0.25335831122309954,
-0.8773559607724861,
36.307156831706756
],
[
0.04772519867367535,
0.9535220457125473,
0.2975197703543702,
-31.2931806300979
],
[
0.911957357106346,
-0.16311123344006073,
0.3764684639452165,
0.23426224065485057
],
[
0.0,
0.0,
0.0,
1.0
]
],
"at_element": 20,
"to_element": 1
},
{
"pose": [
[
0.3013719007144515,
-0.9191636987386511,
0.2536002215709617,
36.30113986262119
],
[
-0.5363295710669209,
0.05649277908945938,
0.8421158810460245,
-32.41635583235619
],
[
-0.7883689292830682,
-0.3898033617502954,
-0.4759493360739533,
-0.1410635040110958
],
[
0.0,
0.0,
0.0,
1.0
]
],
"at_element": 2,
"to_element": 18
},
{
"pose": [
[
-0.38337492889941305,
0.9191636987397691,
-0.09034245297974347,
36.33422975578497
],
[
-0.35531544537879006,
-0.05649277908849748,
0.9330377806852896,
-32.41838957240391
],
[
0.8525107613201386,
0.3898033617477988,
0.34825097416011985,
-0.12703058298426895
],
[
0.0,
0.0,
0.0,
1.0
]
],
"at_element": 18,
"to_element": 2
},
{
"pose": [
[
-0.7276031095500475,
0.6374014767719348,
0.2536002215733626,
36.252230280793036
],
[
0.49029037319655716,
0.22462455973763984,
0.8421158810481206,
-32.5787671084089
],
[
0.47980106807288647,
0.7370638809300238,
-0.47594933606896594,
-0.04927145882170089
],
[
0.0,
0.0,
0.0,
1.0
]
],
"at_element": 2,
"to_element": 19
},
{
"pose": [
[
0.7517635496802144,
-0.6374014767709802,
-0.16902935479489162,
36.22928382762376
],
[
0.028550382295478238,
-0.22462455973610673,
0.9740270442005922,
-32.586853592561326
],
[
-0.6588144207916109,
-0.7370638809313165,
-0.15066650053505692,
-0.07580575854160308
],
[
0.0,
0.0,
0.0,
1.0
]
],
"at_element": 19,
"to_element": 2
},
{
"pose": [
[
0.10011324743502004,
0.9721363423374123,
0.21196289674103846,
36.36489022675815
],
[
0.8920384957477439,
0.006669155128692372,
-0.4519102172710547,
-32.373363673185004
],
[
-0.4407319591226813,
0.2343212629632811,
-0.8665153697027979,
-0.10187897218568016
],
[
0.0,
0.0,
0.0,
1.0
]
],
"at_element": 4,
"to_element": 18
},
{
"pose": [
[
0.2163080513940988,
-0.9721363423367688,
-0.09034245297852211,
36.32989331841366
],
[
0.3597165859182807,
-0.0066691551300226415,
0.933037780684763,
-32.373603762769804
],
[
-0.9076424432106422,
-0.23432126296591238,
0.34825097416184736,
-0.11031453765733756
],
[
0.0,
0.0,
0.0,
1.0
]
],
"at_element": 18,
"to_element": 4
},
{
"pose": [
[
0.97008799862312,
-0.225316479905117,
-0.09034245298062513,
36.332061537100515
],
[
0.16155682328084636,
0.3214652277529144,
0.9330377806912045,
-32.395996667599235
],
[
-0.18118683114065112,
-0.9197241930214373,
0.3482509741440436,
-0.11867256032542436
],
[
0.0,
0.0,
0.0,
1.0
]
],
"at_element": 18,
"to_element": 22
},
{
"pose": [
[
0.13483674293785164,
0.22531647991413173,
-0.9649101184219266,
36.34017293037929
],
[
-0.9246257150107456,
-0.3214652277433976,
-0.20427284325811168,
-32.40756941580098
],
[
-0.3562110889553823,
0.9197241930225551,
0.16498808706761392,
-0.08556248936715569
],
[
0.0,
0.0,
0.0,
1.0
]
],
"at_element": 22,
"to_element": 18
},
{
"pose": [
[
0.9769779345289551,
-0.13016601961004637,
-0.1690293547949995,
36.20408417706722
],
[
0.1453911293138045,
-0.17358783564211056,
0.9740270442004905,
-32.44164129392696
],
[
-0.1561266631949629,
-0.976178298599167,
-0.15066650053559338,
-0.09826779283543649
],
[
0.0,
0.0,
0.0,
1.0
]
],
"at_element": 19,
"to_element": 22
},
{
"pose": [
[
0.22804664153064436,
0.13016601960575325,
-0.9649101184185955,
36.20877421969545
],
[
-0.9634001602777162,
0.17358783563751112,
-0.20427284326496964,
-32.43538670957889
],
[
0.14090727611966747,
0.9761782986005574,
0.16498808707860302,
-0.0630948817569852
],
[
0.0,
0.0,
0.0,
1.0
]
],
"at_element": 22,
"to_element": 19
},
{
"pose": [
[
-0.1523233607702945,
-0.7616749888088971,
-0.629800607483519,
37.21807991842925
],
[
-0.5742381352865727,
-0.4504347719424744,
0.6836366580338793,
-32.226478960701705
],
[
-0.8043930368583774,
0.4657893597411795,
-0.3687710869979637,
-0.19118574535094213
],
[
0.0,
0.0,
0.0,
1.0
]
],
"at_element": 3,
"to_element": 21
},
{
"pose": [
[
0.532366997149225,
0.7616749885454658,
-0.3693732423587039,
37.24550021803344
],
[
-0.02523977781546083,
0.4504347715131347,
0.8924525030654216,
-32.21026330889821
],
[
0.8461373020746357,
-0.46578936058713793,
0.2590211142005261,
-0.2079541623283337
],
[
0.0,
0.0,
0.0,
1.0
]
],
"at_element": 21,
"to_element": 3
},
{
"pose": [
[
-0.7756731428489398,
0.04101671283252131,
-0.629800607122018,
37.20067894631586
],
[
-0.5284550789838486,
0.5033648267158013,
0.6836366584096741,
-32.20759053427906
],
[
0.3450600019692551,
0.863099924976121,
-0.36877108691868976,
-0.2013746453412335
],
[
0.0,
0.0,
0.0,
1.0
]
],
"at_element": 3,
"to_element": 22
},
{
"pose": [
[
-0.2593570755564314,
-0.041016712828898294,
-0.9649101184190821,
37.199202344652
],
[
0.8395811198121249,
-0.5033648267018886,
-0.2042728432621327,
-32.22571166806255
],
[
-0.4773232139900948,
-0.863099924984407,
0.1649880870792706,
-0.23244624267819158
],
[
0.0,
0.0,
0.0,
1.0
]
],
"at_element": 22,
"to_element": 3
},
{
"pose": [
[
-0.039158218231994724,
0.9206289826163438,
0.3884699606297649,
37.30823028896459
],
[
0.6672370051334726,
0.3134846637350931,
-0.6756642247325293,
-32.27046483067737
],
[
-0.7438154427849758,
0.2327437259512944,
-0.6265532260749274,
-0.22032342176414604
],
[
0.0,
0.0,
0.0,
1.0
]
],
"at_element": 11,
"to_element": 21
},
{
"pose": [
[
0.12651357411622866,
-0.920628982617228,
-0.369373242032372,
37.27508764555188
],
[
0.32443164904769356,
-0.3134846637319848,
0.892452503330591,
-32.28175027858503
],
[
-0.9374104867455514,
-0.23274372595198384,
0.25902111375225023,
-0.22870219590834998
],
[
0.0,
0.0,
0.0,
1.0
]
],
"at_element": 21,
"to_element": 11
},
{
"pose": [
[
0.8901068456526868,
0.2669704313263866,
-0.36937324228972934,
37.28395260305038
],
[
0.25970418283157765,
0.3688933007951365,
0.8924525029648644,
-32.30316913791559
],
[
0.37451774422850315,
-0.8903058583576051,
0.2590211146453536,
-0.23491870242111787
],
[
0.0,
0.0,
0.0,
1.0
]
],
"at_element": 21,
"to_element": 27
},
{
"pose": [
[
-0.22351083427384877,
-0.2669704318898844,
-0.9374271680822659,
37.2743416674914
],
[
-0.8749448783216147,
-0.36889330070217174,
0.31367051598107154,
-32.316449296827244
],
[
-0.42955135532434624,
0.8903058582271519,
-0.1511327626473875,
-0.20286769141661928
],
[
0.0,
0.0,
0.0,
1.0
]
],
"at_element": 27,
"to_element": 21
},
{
"pose": [
[
0.9337524392424785,
0.08885593749387362,
0.3467145866282617,
37.33858249415581
],
[
-0.32362521841551606,
-0.20417120084291662,
0.9238943872282542,
-32.34422459854197
],
[
0.15288263542414193,
-0.9748942215022339,
-0.16188933463116895,
-0.22812264091520015
],
[
0.0,
0.0,
0.0,
1.0
]
],
"at_element": 23,
"to_element": 27
},
{
"pose": [
[
-0.33665253244010795,
-0.08885593822248794,
-0.9374271676478465,
37.33538368040045
],
[
-0.9273213720769645,
0.20417120129932287,
0.31367051734150514,
-32.336874435319054
],
[
0.16352414283817002,
0.9748942213402401,
-0.15113276251841956,
-0.19302644891179893
],
[
0.0,
0.0,
0.0,
1.0
]
],
"at_element": 27,
"to_element": 23
},
{
"pose": [
[
-0.28959030978073175,
-0.9333858703058405,
0.21196289674022734,
36.55998472316208
],
[
-0.8758845121184008,
0.1691256247811188,
-0.4519102172705406,
-32.789310037451
],
[
0.38595825410555834,
-0.31652383821097063,
-0.8665153697032639,
-0.8994354421124325
],
[
0.0,
0.0,
0.0,
1.0
]
],
"at_element": 4,
"to_element": 14
},
{
"pose": [
[
-0.3545535198314216,
0.9333858703054561,
0.05552133544211468,
36.593615770152205
],
[
-0.2981253233003731,
-0.16912562478037385,
0.9394241931362508,
-32.79540384282687
],
[
0.8862353486417688,
0.3165238382125022,
0.33823004990838434,
-0.8880306968564002
],
[
0.0,
0.0,
0.0,
1.0
]
],
"at_element": 14,
"to_element": 4
},
{
"pose": [
[
-0.9726634214651202,
0.09485567431480585,
0.2119628967391456,
36.57706262366298
],
[
-0.011492097456677154,
0.8919893986050941,
-0.4519102172690597,
-32.82572055006712
],
[
-0.23193490517775123,
-0.4419924363904953,
-0.8665153697043011,
-0.9692507894867847
],
[
0.0,
0.0,
0.0,
1.0
]
],
"at_element": 4,
"to_element": 17
},
{
"pose": [
[
0.21001707281569348,
-0.0948556743148315,
-0.9730854177184068,
36.57364781938737
],
[
-0.451932298438431,
-0.8919893986051979,
-0.010588220062621667,
-32.857832168419556
],
[
-0.8669775237882956,
0.4419924363902806,
-0.23020134539072346,
-0.9533390617754188
],
[
0.0,
0.0,
0.0,
1.0
]
],
"at_element": 17,
"to_element": 4
},
{
"pose": [
[
-0.03497705218227365,
-0.9952282611719395,
0.09108959317790541,
36.55042505689762
],
[
-0.8339529972096004,
0.07929243264994346,
0.5461090628890701,
-32.916594691733565
],
[
-0.5507258885014964,
-0.05686315405543374,
-0.8327470068664944,
-0.9347417044653412
],
[
0.0,
0.0,
0.0,
1.0
]
],
"at_element": 5,
"to_element": 14
},
{
"pose": [
[
-0.08023770607047309,
0.9952282611719221,
0.05552133544198046,
36.5862843616958
],
[
-0.33345898619563713,
-0.07929243265000574,
0.9394241931363182,
-32.91945169612293
],
[
0.9393439279890654,
0.056863154055652454,
0.3382300499082197,
-0.9326928547163735
],
[
0.0,
0.0,
0.0,
1.0
]
],
"at_element": 14,
"to_element": 5
},
{
"pose": [
[
0.9866259786941916,
0.13517345960080646,
0.09108959317769363,
36.55516423827301
],
[
0.06401689854413632,
-0.8352644659812825,
0.5461090628892664,
-32.888181897148726
],
[
0.14990335175211505,
-0.5329741154020073,
-0.8327470068663887,
-0.9780676099576531
],
[
0.0,
0.0,
0.0,
1.0
]
],
"at_element": 5,
"to_element": 17
},
{
"pose": [
[
-0.18663575660444431,
-0.13517345960089228,
-0.9730854177184104,
36.550293771388745
],
[
-0.549746451980367,
0.835264465981228,
-0.0105882200624976,
-32.85808628567901
],
[
0.8142149181215518,
0.5329741154020707,
-0.23020134539071568,
-0.958863893585364
],
[
0.0,
0.0,
0.0,
1.0
]
],
"at_element": 17,
"to_element": 5
},
{
"pose": [
[
0.878381977447968,
0.12901937976807096,
-0.4602163636148324,
36.69077430588136
],
[
0.3351597669851637,
-0.8527365140299894,
0.4006349563311133,
-32.88730675964422
],
[
-0.3407536240292217,
-0.5061565343688103,
-0.7922704906953859,
-0.9449510503933243
],
[
0.0,
0.0,
0.0,
1.0
]
],
"at_element": 6,
"to_element": 17
},
{
"pose": [
[
-0.19094179602159866,
-0.12901937976840677,
-0.9730854177184145,
36.68612960820404
],
[
-0.5222339774808844,
0.8527365140302159,
-0.0105882200624344,
-32.85660824510169
],
[
0.831151552544144,
0.5061565343683424,
-0.2302013453906986,
-0.9267294151338461
],
[
0.0,
0.0,
0.0,
1.0
]
],
"at_element": 17,
"to_element": 6
},
{
"pose": [
[
-0.975068169519318,
-0.2148474949841972,
0.05552133544198255,
36.58926064649401
],
[
0.12390752780946328,
-0.3195764539235264,
0.939424193136312,
-32.86909278593383
],
[
-0.18408962312523997,
0.9228821398188823,
0.3382300499082359,
-0.9145616453744903
],
[
0.0,
0.0,
0.0,
1.0
]
],
"at_element": 14,
"to_element": 17
},
{
"pose": [
[
-0.08333860883661148,
0.2148474949841866,
-0.9730854177184026,
36.5970018673855
],
[
0.9475013349296928,
0.31957645392355993,
-0.010588220062555997,
-32.85757805116011
],
[
0.30870033460239166,
-0.9228821398188735,
-0.2302013453907441,
-0.9478142299655913
],
[
0.0,
0.0,
0.0,
1.0
]
],
"at_element": 17,
"to_element": 14
},
{
"pose": [
[
-0.2967339086112679,
0.9506059506940828,
0.09108959317769885,
36.438482624314155
],
[
0.8131219729445406,
0.20148833352079487,
0.5461090628892645,
-33.58772269684439
],
[
0.5007810345800423,
0.23611602647853422,
-0.8327470068663896,
0.08864332145498416
],
[
0.0,
0.0,
0.0,
1.0
]
],
"at_element": 5,
"to_element": 19
},
{
"pose": [
[
0.26034093746963016,
-0.9506059506940808,
-0.1690293547950678,
36.40423111653914
],
[
-0.10331393236690045,
-0.20148833352071738,
0.9740270442004839,
-33.594982570630286
],
[
-0.9599733473676868,
-0.23611602647860835,
-0.1506665005355583,
0.08013576907659742
],
[
0.0,
0.0,
0.0,
1.0
]
],
"at_element": 19,
"to_element": 5
},
{
"pose": [
[
-0.9592991498420649,
-0.26729726359790695,
0.09108959317815969,
36.46292428432588
],
[
-0.17633389934748833,
0.8189452041339419,
0.5461090628866418,
-33.44118771322207
],
[
-0.22057084361538237,
0.5078197765931209,
-0.8327470068680591,
-0.13480392984515577
],
[
0.0,
0.0,
0.0,
1.0
]
],
"at_element": 5,
"to_element": 24
},
{
"pose": [
[
-0.017377017859176558,
0.2672972635976204,
-0.9634574262122567,
36.47254698584851
],
[
0.5228127060790954,
-0.8189452041355272,
-0.23663395146443633,
-33.470669740672385
],
[
-0.8522704462860221,
-0.5078197765907153,
-0.12551558027105925,
-0.15308544186530984
],
[
0.0,
0.0,
0.0,
1.0
]
],
"at_element": 24,
"to_element": 5
},
{
"pose": [
[
0.883808082171563,
0.08416752669147472,
-0.46021636361483675,
37.123864678715336
],
[
0.2913456312382462,
-0.8686825397825886,
0.40063495633214513,
-33.264327561871134
],
[
-0.36606146621381996,
-0.48816643937033594,
-0.7922704906948619,
-0.19937842558407373
],
[
0.0,
0.0,
0.0,
1.0
]
],
"at_element": 6,
"to_element": 12
},
{
"pose": [
[
-0.8178088501809586,
-0.0841675266911899,
0.5693017758767194,
37.1208320186618
],
[
0.21967626513855779,
0.8686825397826359,
0.44399660315318096,
-33.23302785590185
],
[
-0.5319126085180466,
0.4881664393703003,
-0.6919266611224417,
-0.18178918519229123
],
[
0.0,
0.0,
0.0,
1.0
]
],
"at_element": 12,
"to_element": 6
},
{
"pose": [
[
0.8470366190533667,
0.26595086885320324,
-0.46021636361484153,
37.19297328282893
],
[
0.4654658346708495,
-0.7891978133011126,
0.40063495633171087,
-33.324489096271435
],
[
-0.256652533080839,
-0.553567472704971,
-0.7922704906950786,
-0.0804067591655585
],
[
0.0,
0.0,
0.0,
1.0
]
],
"at_element": 6,
"to_element": 24
},
{
"pose": [
[
0.03193623698308967,
-0.2659508688531111,
-0.9634574262123031,
37.18339905154578
],
[
-0.5667196701148023,
0.7891978133011932,
-0.2366339514642491,
-33.296077974979426
],
[
0.8232914989676073,
0.5535674727049,
-0.12551558027105703,
-0.06047833013894199
],
[
0.0,
0.0,
0.0,
1.0
]
],
"at_element": 24,
"to_element": 6
},
{
"pose": [
[
-0.8849305286810778,
0.0714062887242134,
-0.4602163636148367,
37.181928090876085
],
[
-0.1352311330320397,
0.9062031628856306,
0.40063495633175844,
-33.3148738579932
],
[
0.44565737968432667,
0.4167696840063028,
-0.7922704906950575,
-0.09942124960992693
],
[
0.0,
0.0,
0.0,
1.0
]
],
"at_element": 6,
"to_element": 29
},
{
"pose": [
[
0.0724613677918351,
-0.0714062887242295,
-0.9948117872785627,
37.17935746447652
],
[
0.412019348405366,
-0.9062031628856051,
0.09505726755878646,
-33.34749717192682
],
[
-0.9082892748003544,
-0.4167696840063551,
-0.03624394812777543,
-0.11442495826622853
],
[
0.0,
0.0,
0.0,
1.0
]
],
"at_element": 29,
"to_element": 6
},
{
"pose": [
[
-0.0906688642015736,
0.8171136059620613,
0.5693017758764448,
37.002774666569564
],
[
0.8704021435449573,
-0.21276072217600772,
0.4439966031530954,
-33.32510040077567
],
[
0.4839207224088882,
0.5357781537640564,
-0.6919266611227224,
-0.03830284294724963
],
[
0.0,
0.0,
0.0,
1.0
]
],
"at_element": 12,
"to_element": 23
},
{
"pose": [
[
0.4605587372031489,
-0.8171136059623652,
0.3467145865651194,
36.97335857670995
],
[
-0.31804407937528323,
0.21276072218331543,
0.9238943871841427,
-33.31744101476562
],
[
-0.8286939200695089,
-0.5357781537606912,
-0.16188933501814073,
-0.05759085651223151
],
[
0.0,
0.0,
0.0,
1.0
]
],
"at_element": 23,
"to_element": 12
},
{
"pose": [
[
-0.9200962606933929,
-0.18224123166557452,
0.346714586568045,
36.96503742733011
],
[
0.3014692979477814,
0.23565955046061604,
0.9238943871847973,
-33.33961447819852
],
[
-0.2500782546582324,
0.9545955739252696,
-0.16188933500813896,
-0.053705512797748906
],
[
0.0,
0.0,
0.0,
1.0
]
],
"at_element": 23,
"to_element": 24
},
{
"pose": [
[
-0.19631077748676518,
0.18224123166584272,
-0.9634574262122113,
36.97159811167472
],
[
0.94258630867061,
-0.23565955045578435,
-0.2366339514644748,
-33.3480982220209
],
[
-0.27017240671329773,
-0.9545955739264111,
-0.1255155802713357,
-0.08807095348336332
],
[
0.0,
0.0,
0.0,
1.0
]
],
"at_element": 24,
"to_element": 23
},
{
"pose": [
[
-0.10917603866135606,
0.8782006021132234,
-0.4656654325051268,
37.724350601161206
],
[
0.9914106438963948,
0.1301389591021359,
0.012991785587402771,
-31.525937305022104
],
[
0.07201060860144623,
-0.4602472745946305,
-0.8848654804415557,
-0.5827148912236595
],
[
0.0,
0.0,
0.0,
1.0
]
],
"at_element": 7,
"to_element": 16
},
{
"pose": [
[
-0.46130728044668246,
-0.8782006021131907,
-0.12633010510134035,
37.69273537924522
],
[
-0.023697589558451138,
-0.1301389591020936,
0.991212527953992,
-31.530622307585332
],
[
-0.8869239072524799,
0.4602472745947045,
0.03922281188468535,
-0.5661459892125189
],
[
0.0,
0.0,
0.0,
1.0
]
],
"at_element": 16,
"to_element": 7
},
{
"pose": [
[
0.4762340375821893,
-0.7589162831975439,
0.44412522619841266,
37.55604314867481
],
[
-0.7686963145796578,
-0.6045692969198189,
-0.208810778394046,
-31.563208360675638
],
[
0.4269743755775254,
-0.24195462450530036,
-0.8712926272387946,
-0.6832950736154865
],
[
0.0,
0.0,
0.0,
1.0
]
],
"at_element": 8,
"to_element": 9
},
{
"pose": [
[
-0.4870069448308214,
0.7589162831975982,
-0.4322849879235826,
37.58336413492205
],
[
0.28028545963575424,
0.6045692969196926,
0.7456111763773411,
-31.541443865945
],
[
0.8272026939047787,
0.2419546245054458,
-0.5071426454924743,
-0.6745847071166781
],
[
0.0,
0.0,
0.0,
1.0
]
],
"at_element": 9,
"to_element": 8
},
{
"pose": [
[
-0.8957872799994275,
0.017830660262844272,
0.4441252261984429,
37.51827703051539
],
[
-0.08413289812462293,
0.9743303927722543,
-0.2088107783937803,
-31.545452169257985
],
[
-0.4364479401307548,
-0.22441558162225642,
-0.871292627238843,
-0.6092048432689875
],
[
0.0,
0.0,
0.0,
1.0
]
],
"at_element": 8,
"to_element": 15
},
{
"pose": [
[
-0.02206083407243331,
-0.017830660263147988,
-0.9995976126195024,
37.517635126744636
],
[
-0.22401323884084728,
-0.974330392772218,
0.02232385594759463,
-31.580528063468574
],
[
-0.9743363836088962,
0.22441558162239011,
0.01750023717045801,
-0.6011258823142902
],
[
0.0,
0.0,
0.0,
1.0
]
],
"at_element": 15,
"to_element": 8
},
{
"pose": [
[
0.9013286418767728,
-0.027136111523397316,
-0.43228498792343234,
37.61931086148535
],
[
0.3403531245338728,
-0.5729081290056564,
0.7456111763776535,
-31.603445281281047
],
[
-0.2678925716637219,
-0.8191702553014409,
-0.5071426454921433,
-0.632413180194881
],
[
0.0,
0.0,
0.0,
1.0
]
],
"at_element": 9,
"to_element": 15
},
{
"pose": [
[
-0.008261010641911648,
0.027136111523170914,
-0.9995976126194861,
37.62028776150276
],
[
-0.819315519916076,
0.5729081290052116,
0.02232385594824471,
-31.58282058858277
],
[
0.5732833806485449,
0.8191702553017595,
0.01750023717055771,
-0.6029230509266955
],
[
0.0,
0.0,
0.0,
1.0
]
],
"at_element": 15,
"to_element": 9
},
{
"pose": [
[
-0.3286137910586251,
-0.8397277329840156,
-0.43228498792301845,
37.68582021005288
],
[
-0.6539908751040928,
-0.12790585968630475,
0.7456111763771318,
-31.71816153331595
],
[
-0.6814021658364914,
0.5277285528711073,
-0.5071426454932633,
-0.5543865821755236
],
[
0.0,
0.0,
0.0,
1.0
]
],
"at_element": 9,
"to_element": 16
},
{
"pose": [
[
0.5281079804376386,
0.8397277329844528,
-0.12633010510116005,
37.716050408523714
],
[
0.03373152064404472,
0.12790585968605872,
0.9912125279540258,
-31.71355692235456
],
[
0.8485070097018168,
-0.5277285528704712,
0.039222811884402464,
-0.5733848101312747
],
[
0.0,
0.0,
0.0,
1.0
]
],
"at_element": 16,
"to_element": 9
},
{
"pose": [
[
0.022959887106768884,
-0.016657023427145368,
-0.999597612619494,
37.69918463167283
],
[
0.9990504533025463,
0.03741439845276595,
0.022323855948170213,
-31.58458257995028
],
[
0.03702749437946651,
-0.9991610012200063,
0.01750023717020377,
-0.6043043206721896
],
[
0.0,
0.0,
0.0,
1.0
]
],
"at_element": 15,
"to_element": 16
},
{
"pose": [
[
-0.9918483997646264,
0.016657023426973387,
-0.12633010510129403,
37.6997842845193
],
[
-0.12687744959366162,
-0.03741439845310657,
0.9912125279540207,
-31.585929498301546
],
[
0.011784085410356998,
0.9991610012199965,
0.039222811884105924,
-0.5683345244420008
],
[
0.0,
0.0,
0.0,
1.0
]
],
"at_element": 16,
"to_element": 15
},
{
"pose": [
[
0.8839205215976798,
0.042897744327054406,
-0.46566543250507275,
38.04708307544589
],
[
0.05529717492999547,
-0.9983854145328925,
0.012991785587266163,
-31.534941347013078
],
[
-0.4643562575687413,
-0.03723368877286653,
-0.8848654804415854,
0.030546918603512038
],
[
0.0,
0.0,
0.0,
1.0
]
],
"at_element": 7,
"to_element": 25
},
{
"pose": [
[
-0.006991336341067411,
-0.042897744326571036,
-0.9990550058669734,
38.04553875664618
],
[
-0.03756706300710905,
0.9983854145329407,
-0.04260610079446487,
-31.498999471998346
],
[
0.9992696517923407,
0.037233688772136765,
-0.008591590494994916,
0.03188733140274218
],
[
0.0,
0.0,
0.0,
1.0
]
],
"at_element": 25,
"to_element": 7
},
{
"pose": [
[
0.001278849418254513,
-0.884959925371783,
-0.46566543250506975,
38.035907105795246
],
[
-0.9998813106392657,
-0.00828119203698452,
0.012991785587474852,
-31.534629544179328
],
[
-0.015353474475497925,
0.465593548435129,
-0.8848654804415843,
0.009310148459083775
],
[
0.0,
0.0,
0.0,
1.0
]
],
"at_element": 7,
"to_element": 26
},
{
"pose": [
[
0.4632258833697638,
0.8849599253717864,
0.047620494141328795,
38.06776566316638
],
[
-0.1179019424943279,
0.008281192036985074,
0.9929907118470498,
-31.534331421265456
],
[
0.8783626317941617,
-0.46559354843512274,
0.10817455672765608,
-0.00745121931496183
],
[
0.0,
0.0,
0.0,
1.0
]
],
"at_element": 26,
"to_element": 7
},
{
"pose": [
[
0.44860762470457793,
0.7822281561494833,
-0.43228498792335623,
38.05640439310715
],
[
0.6656931992262118,
0.0302743813333477,
0.745611176377376,
-32.35735030089561
],
[
0.5963252162711953,
-0.6222560353760042,
-0.5071426454926167,
-0.11962930810372027
],
[
0.0,
0.0,
0.0,
1.0
]
],
"at_element": 9,
"to_element": 26
},
{
"pose": [
[
-0.6211693812999228,
-0.7822281561496017,
0.047620494141335123,
38.02824417944709
],
[
0.11424932393839093,
