{
"contact_id_pairs": [
[
0,
2
],
[
0,
6
],
[
2,
6
],
[
2,
14
],
[
1,
2
],
[
1,
11
],
[
2,
11
],
[
2,
19
],
[
1,
3
],
[
1,
10
],
[
3,
10
],
[
3,
18
],
[
0,
3
],
[
0,
4
],
[
3,
4
],
[
3,
12
],
[
4,
5
],
[
4,
9
],
[
5,
6
],
[
5,
8
],
[
7,
8
],
[
7,
11
],
[
7,
9
],
[
7,
10
],
[
12,
13
],
[
12,
17
],
[
13,
14
],
[
13,
16
],
[
15,
16
],
[
15,
19
],
[
15,
17
],
[
15,
18
]
],
"contact_t_bound_pairs": [
[
[
0.1,
0.4
],
[
0.6,
0.9
]
],
[
[
0.1,
0.4
],
[
0.6,
0.9
]
],
[
[
0.6,
0.9
],
[
0.6,
0.9
]
],
[
[
0.6,
0.9
],
[
0.6,
0.9
]
],
[
[
0.1,
0.4
],
[
0.1,
0.4
]
],
[
[
0.1,
0.4
],
[
0.1,
0.4
]
],
[
[
0.1,
0.4
],
[
0.1,
0.4
]
],
[
[
0.1,
0.4
],
[
0.1,
0.4
]
],
[
[
0.6,
0.9
],
[
0.1,
0.4
]
],
[
[
0.6,
0.9
],
[
0.6,
0.9
]
],
[
[
0.1,
0.4
],
[
0.6,
0.9
]
],
[
[
0.1,
0.4
],
[
0.6,
0.9
]
],
[
[
0.6,
0.9
],
[
0.6,
0.9
]
],
[
[
0.6,
0.9
],
[
0.1,
0.4
]
],
[
[
0.6,
0.9
],
[
0.1,
0.4
]
],
[
[
0.6,
0.9
],
[
0.1,
0.4
]
],
[
[
0.6,
0.9
],
[
0.1,
0.4
]
],
[
[
0.6,
0.9
],
[
0.6,
0.9
]
],
[
[
0.6,
0.9
],
[
0.1,
0.4
]
],
[
[
0.6,
0.9
],
[
0.6,
0.9
]
],
[
[
0.1,
0.4
],
[
0.1,
0.4
]
],
[
[
0.1,
0.4
],
[
0.6,
0.9
]
],
[
[
0.6,
0.9
],
[
0.1,
0.4
]
],
[
[
0.6,
0.9
],
[
0.1,
0.4
]
],
[
[
0.6,
0.9
],
[
0.1,
0.4
]
],
[
[
0.6,
0.9
],
[
0.6,
0.9
]
],
[
[
0.6,
0.9
],
[
0.1,
0.4
]
],
[
[
0.6,
0.9
],
[
0.6,
0.9
]
],
[
[
0.1,
0.4
],
[
0.1,
0.4
]
],
[
[
0.1,
0.4
],
[
0.6,
0.9
]
],
[
[
0.6,
0.9
],
[
0.1,
0.4
]
],
[
[
0.6,
0.9
],
[
0.1,
0.4
]
]
],
"line_pt_pairs": [
[
[
-3.827400086571889,
5.003042043390243,
0.0
],
[
-3.827400086571889,
2.234075281483268,
0.0
]
],
[
[
-3.723443652238312,
5.149915481587503,
0.8290336577569776
],
[
-3.7646554329984796,
2.034075533724327,
0.8534922078197544
]
],
[
[
-3.7401151370202053,
4.803042053256426,
0.985130097522686
],
[
-3.928441086472459,
4.80304204481083,
-0.19999998052574555
]
],
[
[
-3.912024358962312,
2.4340752714489375,
0.9886264599073888
],
[
-3.747199807573492,
2.4340752800010885,
-0.19999998791812218
]
],
[
[
-4.027400085600819,
2.434075280507765,
-0.10149627533736438
],
[
-1.4053160487392984,
2.234075281483268,
0.1
]
],
[
[
-1.6053160476849984,
2.0340752833359326,
-0.09999999132740672
],
[
-1.4053160487392984,
5.003042043390243,
0.1
]
],
[
[
-1.2053160507352938,
4.803042044416292,
-0.09999999266682702
],
[
-4.027400085916831,
4.803042044468861,
0.19999999529235946
]
],
[
[
-1.605316035955261,
5.170231037876661,
0.9000006569327524
],
[
-1.6053160418004448,
2.0606595934599627,
0.9000000620050279
]
],
[
[
-1.5790521127910053,
4.803042052131355,
1.0647885314682242
],
[
-1.5122195807206513,
4.803042044531193,
-0.0590301638339196
]
],
[
[
-1.6053160386106222,
2.4102665553953893,
1.0623160808579943
],
[
-1.6053160474227326,
2.340821656110289,
-0.059322439171495434
]
],
[
[
-1.3384389922350168,
2.434075254335692,
0.9510483684314351
],
[
-4.027400085374285,
2.335492490502538,
0.8000000083900165
]
],
[
[
-4.027400084530913,
4.843072232282386,
0.8578462784370913
],
[
-1.337487521068832,
4.8030422091907425,
0.9446979045094588
]
],
[
[
-3.6274000884775455,
2.4340752767258507,
0.1999999937058502
],
[
-6.24948412440448,
2.234075281483268,
0.1
]
],
[
[
-6.049484125451975,
2.0340752833359326,
0.299999986206958
],
[
-6.24948412440448,
5.003042043390243,
0.1
]
],
[
[
-6.449484122953685,
4.803042044554054,
0.2999999930857647
],
[
-3.6274000887069993,
4.803042051135189,
-0.1238744072896015
]
],
[
[
-6.049484132038294,
5.157477040418469,
0.9077344194470393
],
[
-6.049484137367718,
2.03407561116461,
1.0896371530073272
]
],
[
[
-6.078541792779178,
4.803042051037863,
1.094285996032517
],
[
-6.125868777487553,
4.803042044556254,
-0.026513590819771823
]
],
[
[
-6.049484135836138,
2.344665978372407,
1.1914347043483926
],
[
-6.049484125701825,
2.362166565366052,
-0.008436814964003104
]
],
[
[
-6.3142676236555495,
2.4340751803542777,
1.1315504640055476
],
[
-3.6274000882929607,
2.3940449080874604,
0.8405924334267832
]
],
[
[
-3.627400087887732,
5.203041999092257,
0.8000000082565852
],
[
-6.3197418053086345,
4.803042051523744,
0.9000000445703614
]
]
],
"contact_t_pairs": [
[
0.1000000003954022,
0.8221842775551034
],
[
0.10000000039540219,
0.899999999619779
],
[
0.6715217139121079,
0.8999999996334216
],
[
0.8999999938390758,
0.8999999994393281
],
[
0.11149095964086514,
0.12464478207451003
],
[
0.10000064764836664,
0.11103593698415634
],
[
0.1000000098563916,
0.10000000067443249
],
[
0.16460315913363469,
0.10000000041527424
],
[
0.8721339048166648,
0.1315972629985666
],
[
0.8999999280404236,
0.899999995314278
],
[
0.16080299712792387,
0.8999999995942011
],
[
0.1000000094039037,
0.8999999994306388
],
[
0.8999999996045979,
0.8257331558219437
],
[
0.8999999996346022,
0.10000000040806299
],
[
0.8999999951152746,
0.1000000006918298
],
[
0.6617800315069315,
0.1000000004370377
],
[
0.8999999995593977,
0.10000000034441056
],
[
0.8999999995559355,
0.8811639728662454
],
[
0.8999999996396734,
0.10000000040968622
],
[
0.8999999996593817,
0.8813061753133177
],
[
0.11808347000145317,
0.1447304845926858
],
[
0.11679610059815078,
0.8999999939399767
],
[
0.8908025202115295,
0.1447132485177188
],
[
0.8830844064430043,
0.10000000239215401
],
[
0.8999999995581517,
0.10000000034531588
],
[
0.8999999995554837,
0.8999994250610905
],
[
0.8999999996408755,
0.10000000040513307
],
[
0.8999999996590219,
0.8734070452079883
],
[
0.11350558895005111,
0.146667170158721
],
[
0.10000084438902437,
0.899999997420989
],
[
0.8999999061752275,
0.100000574942585
],
[
0.8738830017835012,
0.10000000511272752
]
],
"half_couplers": [
{
"pose": [
[
-0.6871755776761952,
0.7043364169409732,
-0.17804476183291468,
-3.8274000865718887
],
[
-0.17804476183291468,
-0.4008747420452321,
-0.8986654015672515,
4.7261453661046895
],
[
-0.7043364169409732,
-0.5858409792434467,
0.4008747420452321,
0.0
],
[
0.0,
0.0,
0.0,
1.0
]
],
"at_element": 0,
"to_element": 2
},
{
"pose": [
[
-0.7379157164047128,
-0.6563922361199606,
-0.15693829311024543,
-3.8949537717154854
],
[
-0.6646280331644687,
0.7471743956613676,
-7.037995887471116e-09,
4.80304204631259
],
[
0.11726027893046004,
0.10430558388460354,
-0.9876084103305534,
0.010734780493613039
],
[
0.0,
0.0,
0.0,
1.0
]
],
"at_element": 2,
"to_element": 0
},
{
"pose": [
[
-0.9241755832845382,
-0.3803181510766107,
0.03546258905313557,
-3.8274000865718887
],
[
0.03546258905313557,
-0.17787233829558713,
-0.9834143765711931,
4.7261453661046895
],
[
0.3803181510766107,
-0.9075899598557315,
0.17787233829558735,
0.0
],
[
0.0,
0.0,
0.0,
1.0
]
],
"at_element": 0,
"to_element": 6
},
{
"pose": [
[
-0.07474059501991781,
0.24546473996258394,
-0.9665199971501727,
-3.745191681325662
],
[
-0.9465325459892604,
0.2875651971436455,
0.14622720942022027,
4.803042044463604
],
[
0.3138311374595538,
0.925771742292255,
0.2108475713258402,
0.1699999963823745
],
[
0.0,
0.0,
0.0,
1.0
]
],
"at_element": 6,
"to_element": 0
},
{
"pose": [
[
-2.460859316322228e-08,
-0.9876084099082534,
-0.1569382957677659,
-3.8665801013705074
],
[
-0.9999999999999996,
2.560815037799813e-08,
-4.3471319044474654e-09,
4.803042047585025
],
[
8.312163499168967e-09,
0.15693829576776575,
-0.9876084099082538,
0.18928951630281304
],
[
0.0,
0.0,
0.0,
1.0
]
],
"at_element": 2,
"to_element": 6
},
{
"pose": [
[
-0.1984556958223227,
0.7653775771326052,
-0.6122193244404334,
-3.745191681364162
],
[
-0.5647906060551944,
0.42119828821960403,
0.7096503176302266,
4.803042044463604
],
[
0.8010161721884795,
0.486609870865253,
0.3486888662819877,
0.1699999963864673
],
[
0.0,
0.0,
0.0,
1.0
]
],
"at_element": 6,
"to_element": 2
},
{
"pose": [
[
0.8298421739971634,
0.5481946611511218,
-0.10413731195430513,
-3.9096084903669714
],
[
0.5270432055707711,
-0.83133146104114,
-0.1763900828983585,
4.80304204565539
],
[
-0.18326872542075334,
0.09149106715199334,
-0.9787961784324877,
-0.08148696541940584
],
[
0.0,
0.0,
0.0,
1.0
]
],
"at_element": 2,
"to_element": 14
},
{
"pose": [
[
-0.14106514862673603,
-0.28081525864376283,
0.9493384087646265,
-3.909608493713931
],
[
-0.052115198227416185,
0.9597041663083662,
0.27613750068413556,
4.803042050477075
],
[
-0.9886276498038246,
-0.010521581782245298,
-0.15001555372749031,
-0.0814869670144104
],
[
0.0,
0.0,
0.0,
1.0
]
],
"at_element": 14,
"to_element": 2
},
{
"pose": [
[
-0.15701588802365185,
0.9875075244929016,
-0.013224975540444772,
-3.7280383932237724
],
[
-0.005675472797432968,
-0.014293107262416394,
-0.9998817410540662,
4.802527495712895
],
[
-0.9875797688878958,
-0.15692226150131294,
0.007848817021945398,
0.8317605649749007
],
[
0.0,
0.0,
0.0,
1.0
]
],
"at_element": 1,
"to_element": 2
},
{
"pose": [
[
-0.01411599183769896,
-0.9875075244928974,
-0.15693829311021457,
-3.7635889839486567
],
[
-0.99989784832491,
0.014293107262419613,
-7.038028271288965e-09,
4.803042052203727
],
[
0.0022431428071112286,
0.15692226150133884,
-0.9876084103305582,
0.8374098172143922
],
[
0.0,
0.0,
0.0,
1.0
]
],
"at_element": 2,
"to_element": 1
},
{
"pose": [
[
-0.9993956517180029,
0.03214702706462999,
-0.013224975540767516,
-3.7275648570050715
],
[
0.012965371532535826,
-0.008270613517053604,
-0.9998817410539483,
4.838329468832534
],
[
-0.03225260405256081,
-0.999448930962937,
0.00784881703642415,
0.8314795286037953
],
[
0.0,
0.0,
0.0,
1.0
]
],
"at_element": 1,
"to_element": 11
},
{
"pose": [
[
0.015130813759108963,
-0.032147027064818645,
0.999368614238951,
-3.728723122641447
],
[
0.9998551977595836,
0.008270613531596638,
-0.014872137202000146,
4.8386274611609075
],
[
-0.007787296586833414,
0.9994489309628105,
0.03226751321629706,
0.8674899301166341
],
[
0.0,
0.0,
0.0,
1.0
]
],
"at_element": 11,
"to_element": 1
},
{
"pose": [
[
0.9874951498382455,
-0.014956643749005648,
-0.15693829314003116,
-3.7589477338216453
],
[
-0.015144307523113128,
-0.9998853183988881,
-1.1020763540908057e-08,
4.803042052411866
],
[
-0.1569202950404644,
0.002376732656415651,
-0.9876084103258205,
0.8666170780367367
],
[
0.0,
0.0,
0.0,
1.0
]
],
"at_element": 2,
"to_element": 11
},
{
"pose": [
[
0.032228464683150104,
0.014956606159962464,
0.9993686136738249,
-3.7584088263705406
],
[
-0.0028578869600039145,
0.999885318860173,
-0.01487217569873783,
4.839069229946224
],
[
-0.9994764422167692,
-0.002376775139987238,
0.032267512975795776,
0.8665314411029036
],
[
0.0,
0.0,
0.0,
1.0
]
],
"at_element": 11,
"to_element": 2
},
{
"pose": [
[
0.9312758068009963,
0.3287791716560549,
-0.15693829345418445,
-3.7711141832468877
],
[
0.3329043854775073,
-0.9429605877924292,
-5.005445145173093e-09,
4.803042051866255
],
[
-0.1479866270883846,
-0.052245441478804,
-0.9876084102758991,
0.7900539426916231
],
[
0.0,
0.0,
0.0,
1.0
]
],
"at_element": 2,
"to_element": 19
},
{
"pose": [
[
0.02076778104890742,
-0.24153524806292997,
-0.9701697909198594,
-3.8966342607478825
],
[
0.04766610952849863,
0.9695147978159172,
-0.24035182299782598,
5.163042004169296
],
[
0.9986474058809356,
-0.041252645480502004,
0.03164771663387744,
0.8100000119294903
],
[
0.0,
0.0,
0.0,
1.0
]
],
"at_element": 19,
"to_element": 2
},
{
"pose": [
[
0.13723326653097678,
0.9904504685137934,
-0.013224975540439388,
-3.759385843517125
],
[
-0.009590233792605096,
-0.012022118053499842,
-0.9998817410540664,
2.432485821073838
],
[
-0.990492331102589,
0.13734386807686416,
0.007848817021939625,
0.850364788529381
],
[
0.0,
0.0,
0.0,
1.0
]
],
"at_element": 1,
"to_element": 3
},
{
"pose": [
[
-0.011908172062749856,
-0.9904504685137935,
0.13735379448319301,
-3.890333899124576
],
[
-0.9999277317274023,
0.01202211805349973,
7.126792142542193e-09,
2.4340752725743773
],
[
-0.0016512905911077042,
-0.13734386807686394,
-0.99052205181968,
0.832206472645843
],
[
0.0,
0.0,
0.0,
1.0
]
],
"at_element": 3,
"to_element": 1
},
{
"pose": [
[
0.9983208464436888,
-0.05639669828709393,
-0.013224975548982755,
-3.7605342519568805
],
[
-0.012760791921594222,
0.008582895799422952,
-0.9998817410520255,
2.3456597527251675
],
[
0.0565035374599721,
0.9983715472317962,
0.007848817267511299,
0.8510463510534498
],
[
0.0,
0.0,
0.0,
1.0
]
],
"at_element": 1,
"to_element": 10
},
{
"pose": [
[
-0.036039200546573946,
0.05639669525707697,
-0.9977577806201483,
-3.7585039634606336
],
[
0.9992938760184391,
-0.008582899024020207,
-0.03657981952371908,
2.3453507673477847
],
[
-0.010626635215731317,
-0.9983715473752364,
-0.056047551378877625,
0.815104845101929
],
[
0.0,
0.0,
0.0,
1.0
]
],
"at_element": 10,
"to_element": 1
},
{
"pose": [
[
-0.5635954606079578,
-0.8145514664286778,
0.13735379616521232,
-3.8855200770987244
],
[
-0.8223456154462255,
0.5689883028291254,
3.886887679771522e-09,
2.434075272824149
],
[
-0.07815270653325185,
-0.11295228985072467,
-0.9905220515864377,
0.7974917646315288
],
[
0.0,
0.0,
0.0,
1.0
]
],
"at_element": 3,
"to_element": 10
},
{
"pose": [
[
-0.054742640683473454,
0.5030300212430706,
-0.8625335013894798,
-3.75850397496918
],
[
0.34089649673901035,
-0.8025101445525404,
-0.48966013356340343,
2.345350766925858
],
[
-0.9385056322697641,
-0.32083993769238905,
-0.1275496475082305,
0.8151048444554536
],
[
0.0,
0.0,
0.0,
1.0
]
],
"at_element": 10,
"to_element": 3
},
{
"pose": [
[
-0.9904065829774493,
0.015124004249638412,
0.1373537945977087,
-3.8955419022734357
],
[
0.015268723478234882,
0.9998834262469524,
2.22695284732375e-08,
2.4340752723041525
],
[
-0.13733778241357264,
0.002097239164286285,
-0.9905220518038,
0.869763803947109
],
[
0.0,
0.0,
0.0,
1.0
]
],
"at_element": 3,
"to_element": 18
},
{
"pose": [
[
0.10760412353432136,
-0.015123941036869244,
0.9940787790743367,
-3.8960868433590177
],
[
-0.0037129628479524984,
-0.9998834270260366,
-0.014810343195158528,
2.3980479353369337
],
[
0.9941868871119254,
-0.0020973235758834563,
-0.10764773443281483,
0.8696882366503199
],
[
0.0,
0.0,
0.0,
1.0
]
],
"at_element": 18,
"to_element": 3
},
{
"pose": [
[
0.7286955766152299,
-0.6541714235678571,
-0.20263885414352512,
-3.827400086571889
],
[
0.20263885414352512,
0.4886044467370473,
-0.8486478594918997,
2.510971958768821
],
[
0.6541714235678571,
0.5773434361071296,
0.4886044467370473,
0.0
],
[
0.0,
0.0,
0.0,
1.0
]
],
"at_element": 0,
"to_element": 3
},
{
"pose": [
[
0.8206753817103787,
0.5546402915364093,
0.13735379448319304,
-3.775923261987085
],
[
0.5599474435793172,
-0.8285281289304471,
7.126791282119349e-09,
2.434075278510732
],
[
0.11380148629746266,
0.0769109002380007,
-0.9905220518196802,
0.007138192051002662
],
[
0.0,
0.0,
0.0,
1.0
]
],
"at_element": 3,
"to_element": 0
},
{
"pose": [
[
0.9026905258238707,
-0.4235639309455156,
-0.07578529534023346,
-3.827400086571889
],
[
0.07578529534023346,
0.32987453558813373,
-0.9409778848520864,
2.51097195868574
],
[
0.4235639309455156,
0.8436684106759571,
0.32987453558813373,
0.0
],
[
0.0,
0.0,
0.0,
1.0
]
],
"at_element": 0,
"to_element": 4
},
{
"pose": [
[
-0.010825166235994166,
0.22816979990422792,
0.9735611733155896,
-3.7651916808446915
],
[
-0.7865808932611805,
-0.6030827286147868,
0.13259608140132417,
2.414075280523703
],
[
0.6173923502380041,
-0.7643492427275688,
0.18600247581520457,
-0.08134664772140478
],
[
0.0,
0.0,
0.0,
1.0
]
],
"at_element": 4,
"to_element": 0
},
{
"pose": [
[
-0.987659335412449,
0.07525271908293237,
0.1373537966103054,
-3.7636822635174965
],
[
0.07597279401754263,
0.9971098909193329,
6.357761731315414e-08,
2.4340752791458735
],
[
-0.13695682437106926,
0.010435214490429438,
-0.9905220515247155,
-0.0811373373294573
],
[
0.0,
0.0,
0.0,
1.0
]
],
"at_element": 3,
"to_element": 4
},
{
"pose": [
[
-0.07696986453621424,
-0.07525277916735366,
0.9941894483351081,
-3.765191680100631
],
[
-0.004625442850518552,
-0.9971098850686122,
-0.0758319350728677,
2.4140752804669496
],
[
0.9970226904297181,
-0.01043534024594022,
0.07639933535206989,
-0.0813466476642268
],
[
0.0,
0.0,
0.0,
1.0
]
],
"at_element": 4,
"to_element": 3
},
{
"pose": [
[
-0.22073453974441382,
0.9656138962508719,
0.1373537998419867,
-3.8029467621511026
],
[
0.974853508437518,
0.22284666721102664,
1.391313181331455e-08,
2.4340752771085805
],
[
-0.03060882308884376,
0.13389983674429407,
-0.9905220510765864,
0.20201721181545002
],
[
0.0,
0.0,
0.0,
1.0
]
],
"at_element": 3,
"to_element": 12
},
{
"pose": [
[
-0.13059393753120085,
-0.6349630690588176,
-0.761424404922448,
-3.8896084932161887
],
[
-0.5624041613006668,
-0.5850328951464738,
0.5843270239756405,
2.4140752771141845
],
[
-0.8164844045245386,
0.5045378207111361,
-0.2807041229484657,
0.18999999429156142
],
[
0.0,
0.0,
0.0,
1.0
]
],
"at_element": 12,
"to_element": 3
},
{
"pose": [
[
0.15933955076322848,
-0.24675282316553626,
0.9558890897078018,
-1.6675244535807467
],
[
0.9219937131937295,
-0.30892626666200895,
-0.2334355469878407,
2.2540752814738383
],
[
0.3529001280728183,
0.9185192464102814,
0.17828037912254258,
0.07985037237748384
],
[
0.0,
0.0,
0.0,
1.0
]
],
"at_element": 4,
"to_element": 5
},
{
"pose": [
[
0.9196284710718873,
0.39105423401665906,
0.03687900827878923,
-1.5853160477215462
],
[
-0.127270195160459,
0.20783362258838678,
0.9698492061890893,
2.330971960363907
],
[
0.3715989405498913,
-0.8965945412389216,
0.2408992652599138,
-0.07999999212578394
],
[
0.0,
0.0,
0.0,
1.0
]
],
"at_element": 5,
"to_element": 4
},
{
"pose": [
[
0.0005874177062802355,
-0.33606475342449194,
0.9418386998027707,
-1.667524453589825
],
[
0.3129399919551813,
-0.8944712331273605,
-0.3193583794778365,
2.2540752814745306
],
[
0.9497727182729189,
0.2949265919061117,
0.10464267299298335,
0.07985037237678622
],
[
0.0,
0.0,
0.0,
1.0
]
],
"at_element": 4,
"to_element": 9
},
{
"pose": [
[
-0.8370711779970801,
0.5470939982915,
-9.130440577209686e-09,
-1.6053160463755365
],
[
0.5460484110156423,
0.8354713952547105,
-0.06179547344619562,
2.349074212046034
],
[
-0.03380792501577346,
-0.05172721473815684,
-0.9980888334519928,
0.0739686264289934
],
[
0.0,
0.0,
0.0,
1.0
]
],
"at_element": 9,
"to_element": 4
},
{
"pose": [
[
-0.9410374189788788,
0.3206958261995817,
0.10771612293309601,
-1.4253160487059335
],
[
0.011104566003344751,
-0.28894885579036034,
0.9572801300305563,
4.706145366315015
],
[
0.3381201926762842,
0.9020325636004553,
0.2683504975008305,
0.08000000079519401
],
[
0.0,
0.0,
0.0,
1.0
]
],
"at_element": 5,
"to_element": 6
},
{
"pose": [
[
-0.02343284489004538,
-0.2093511820357571,
-0.9775597088467747,
-1.4875244554096163
],
[
0.889501882863572,
0.4419691324009757,
-0.11597278295742186,
4.803042044421548
],
[
0.456330255585272,
-0.8722587738652792,
0.17586167647478024,
-0.0699999937480025
],
[
0.0,
0.0,
0.0,
1.0
]
],
"at_element": 6,
"to_element": 5
},
{
"pose": [
[
-0.5818248452385295,
0.7713352620105813,
0.2579181324417285,
-1.425316048701992
],
[
-0.18982850930263245,
-0.43715070556615054,
0.8791270657185781,
4.706145366373527
],
[
0.7908507991518385,
0.46253775435318206,
0.4007665645719636,
0.08000000079913568
],
[
0.0,
0.0,
0.0,
1.0
]
],
"at_element": 5,
"to_element": 8
},
{
"pose": [
[
-0.7127879462288518,
-0.6988628106839609,
0.05936426158699755,
-1.520152189565577
],
[
-0.7000975121556832,
0.714047248768191,
-1.0344450091653856e-08,
4.803042045433286
],
[
-0.04238888043199934,
-0.04156077922141552,
-0.9982363870578101,
0.07436017536588913
],
[
0.0,
0.0,
0.0,
1.0
]
],
"at_element": 8,
"to_element": 5
},
{
"pose": [
[
-0.05936426004128936,
-0.9982363871497324,
-1.8103467058772083e-09,
-1.6053160366454806
],
[
-1.908030534125693e-07,
1.3160438627757287e-08,
-0.9999999999999818,
4.803042051502507
],
[
0.9982363871497142,
-0.05936426004128764,
-1.9124781047707984e-07,
0.9000005866816223
],
[
0.0,
0.0,
0.0,
1.0
]
],
"at_element": 7,
"to_element": 8
},
{
"pose": [
[
1.3463976489269669e-08,
0.9982363871452786,
0.059364260116178943,
-1.5693794080379067
],
[
1.0,
-1.3086630001879485e-08,
-6.7452419517943785e-09,
4.8030420510313805
],
[
-5.956467850204428e-09,
0.05936426011617903,
-0.9982363871452788,
0.902137707102825
],
[
0.0,
0.0,
0.0,
1.0
]
],
"at_element": 8,
"to_element": 7
},
{
"pose": [
[
-0.9994791527354252,
0.03227108996109436,
-1.878120350212731e-09,
-1.6053160366379555
],
[
8.05453113580934e-09,
1.9126145445191867e-07,
-0.9999999999999818,
4.80704521863743
],
[
-0.0322710899610934,
-0.9994791527354068,
-1.9142176510555942e-07,
0.9000005874475141
],
[
0.0,
0.0,
0.0,
1.0
]
],
"at_element": 7,
"to_element": 11
},
{
"pose": [
[
0.014864382456956093,
-0.032271087578701396,
0.999368614196314,
-1.606478793715973
],
[
0.9998894036872021,
-1.9370586423761438e-07,
-0.014872134816957094,
4.80704521174249
],
[
0.0004801335487215619,
0.9994791528123286,
0.03226751563608721,
0.9360127413758991
],
[
0.0,
0.0,
0.0,
1.0
]
],
"at_element": 11,
"to_element": 7
},
{
"pose": [
[
0.011713286015503366,
-0.9999158622803046,
0.005573803993171644,
-1.6053160411621654
],
[
-0.005573997210825243,
-0.0056393930810143544,
-0.9999685634062562,
2.40021695841246
],
[
0.9999158612032379,
0.011681849421777968,
-0.005639584051522206,
0.900000126969636
],
[
0.0,
0.0,
0.0,
1.0
]
],
"at_element": 7,
"to_element": 9
},
{
"pose": [
[
-0.011566946631587083,
0.9999296223063209,
-0.0026374571011707933,
-1.6053160398858513
],
[
0.9978556081413975,
0.011372937596558441,
-0.06445806071537105,
2.4002169584268565
],
[
-0.06442352867069367,
-0.003377384307905927,
-0.9979169315272955,
0.9000001269619204
],
[
0.0,
0.0,
0.0,
1.0
]
],
"at_element": 9,
"to_element": 7
},
{
"pose": [
[
-0.9984259926122179,
0.05608508960773246,
-1.8788327837970797e-09,
-1.6053160411170517
],
[
1.2607968037647854e-08,
1.9094718928247545e-07,
-0.9999999999999817,
2.4242169845918253
],
[
-0.05608508960773108,
-0.9984259926121996,
-1.9135375595169535e-07,
0.9000001315613559
],
[
0.0,
0.0,
0.0,
1.0
]
],
"at_element": 7,
"to_element": 10
},
{
"pose": [
[
0.036522249972130494,
-0.056085083545641956,
-0.9977577805563089,
-1.6073351079813527
],
[
-0.9993307345546103,
-1.8502437204581668e-07,
-0.03657981649091141,
2.424216977716551
],
[
0.002051397454470194,
0.9984259929527295,
-0.0560475544947292,
0.9359435320659624
],
[
0.0,
0.0,
0.0,
1.0
]
],
"at_element": 10,
"to_element": 7
},
{
"pose": [
[
-0.1200963845720453,
0.26894446706276054,
-0.955638913004829,
-5.987275719653223
],
[
0.768914166999286,
-0.5836971301479372,
-0.260899720285124,
2.254075281095896
],
[
-0.627971227207519,
-0.7661374118873125,
-0.13669529584478357,
0.10999999941476986
],
[
0.0,
0.0,
0.0,
1.0
]
],
"at_element": 12,
"to_element": 13
},
{
"pose": [
[
-0.925976697997767,
-0.3754710355479928,
-0.03985795064563166,
-6.069484125416288
],
[
-0.1232701118646542,
0.2008405568233521,
0.9718372035766902,
2.330971960366595
],
[
-0.35689162820949916,
0.9048118987941105,
-0.23225803218525898,
0.27999998751719907
],
[
0.0,
0.0,
0.0,
1.0
]
],
"at_element": 13,
"to_element": 12
},
{
"pose": [
[
-0.018076096105756667,
0.3038536962672627,
-0.9525472093362604,
-5.987275719646228
],
[
0.24076977834625662,
-0.9233443408052358,
-0.2991072418682619,
2.2540752810964295
],
[
-0.9704139161124339,
-0.23475127170617519,
-0.0564683260568577,
0.10999999941503665
],
[
0.0,
0.0,
0.0,
1.0
]
],
"at_element": 12,
"to_element": 17
},
{
"pose": [
[
-0.8631797768856013,
-0.5048966951523092,
7.944556262417385e-09,
-6.049484126715262
],
[
-0.5048429994028875,
0.8630879779699252,
0.01458383480714813,
2.360416496604919
],
[
-0.007363336853627304,
0.012588467264216974,
-0.9998936502260218,
0.11155102682005928
],
[
0.0,
0.0,
0.0,
1.0
]
],
"at_element": 17,
"to_element": 12
},
{
"pose": [
[
0.8996143664008351,
-0.41989733715970673,
-0.11991754672028443,
-6.229484124437405
],
[
-0.04481084487714221,
-0.3619248075009758,
0.9311296482750286,
4.706145366318583
],
[
-0.434379994873867,
-0.8322840019858422,
-0.34440871082452307,
0.1199999986925207
],
[
0.0,
0.0,
0.0,
1.0
]
],
"at_element": 13,
"to_element": 14
},
{
"pose": [
[
-0.04673802277449779,
0.2315680503144098,
0.9716953202010975,
-6.167275718385696
],
[
0.7334051427397024,
0.6683851594976487,
-0.12400877052152148,
4.803042045212168
],
[
-0.6781832007872851,
0.7068504202707144,
-0.2010721998015319,
0.25761255287650253
],
[
0.0,
0.0,
0.0,
1.0
]
],
"at_element": 14,
"to_element": 13
},
{
"pose": [
[
0.48454912038472653,
-0.8320973609394876,
-0.2698631724632468,
-6.229484124441035
],
[
-0.2133705518255936,
-0.41160576565221385,
0.8860325622094802,
4.706145366372459
],
[
-0.848342594444031,
-0.37174544462494086,
-0.3769882847683408,
0.11999999868889141
],
[
0.0,
0.0,
0.0,
1.0
]
],
"at_element": 13,
"to_element": 16
},
{
"pose": [
[
-0.6614116105492727,
0.7488356378022614,
-0.04218849354857382,
-6.1198775146519235
],
[
0.7495029434430562,
0.6620010103996783,
-2.0315388885028263e-09,
4.80304204537678
],
[
0.02792882383510746,
-0.03162040143776787,
-0.9991096691615502,
0.1153717406095254
],
[
0.0,
0.0,
0.0,
1.0
]
],
"at_element": 16,
"to_element": 13
},
{
"pose": [
[
-0.04225985309595459,
0.9991066533740569,
-1.713830133365235e-09,
-6.049484132643213
],
[
-0.05808821216896476,
-0.0024569959728601987,
-0.9983084306855283,
4.802953521663579
],
[
-0.9974165952215359,
-0.04218836752567029,
0.05814015154948726,
0.928381396351424
],
[
0.0,
0.0,
0.0,
1.0
]
],
"at_element": 15,
"to_element": 16
},
{
"pose": [
[
-0.002454808187518198,
-0.9991066533667865,
-0.04218849505472496,
-6.085483107698501
],
[
-0.9999969815808256,
0.0024569959784187523,
-5.960290625633968e-09,
4.803042050087224
],
[
0.00010366291765102204,
0.042188367697531176,
-0.9991096690979515,
0.9299014923138282
],
[
0.0,
0.0,
0.0,
1.0
]
],
"at_element": 16,
"to_element": 15
},
{
"pose": [
[
0.9995957799203978,
0.028430208675485992,
-1.694611492797371e-09,
-6.049484132571241
],
[
-0.0016529383498692773,
0.05811665071166516,
-0.9983084306490004,
4.845134260127198
],
[
-0.02838211690736287,
0.9979048943384969,
0.058140152176702764,
0.9259248463997398
],
[
0.0,
0.0,
0.0,
1.0
]
],
"at_element": 15,
"to_element": 19
},
{
"pose": [
[
-0.14868346681605304,
-0.02843021364912912,
-0.9884760743930145,
-6.050507626622966
],
[
0.9874489094441318,
-0.05811665692744361,
-0.1468574323116562,
4.843042047312199
],
[
-0.053271736719901985,
-0.9979048938347996,
0.03671436949482776,
0.8900000406810826
],
[
0.0,
0.0,
0.0,
1.0
]
],
"at_element": 19,
"to_element": 15
},
{
"pose": [
[
0.014075088555071114,
-0.9998993032238321,
-0.0018097775172680741,
-6.049484136834774
],
[
0.059941011459578475,
0.0026504589631740627,
-0.9981984022289793,
2.3464160471424242
],
[
0.9981026836089409,
0.013941251012001499,
0.059972281037582675,
1.0714468625843159
],
[
0.0,
0.0,
0.0,
1.0
]
],
"at_element": 15,
"to_element": 17
},
{
"pose": [
[
0.004606498593614172,
0.9999713781728365,
-0.006001916845878892,
-6.049484134822702
],
[
0.9997775003423766,
-0.004481889263992178,
0.020612192454337812,
2.346416047133604
],
[
0.02058470256905301,
-0.006095531456987812,
-0.9997695307001515,
1.0714468625599203
],
[
0.0,
0.0,
0.0,
1.0
]
],
"at_element": 17,
"to_element": 15
},
{
"pose": [
[
-0.9941149173329458,
-0.10833065649256943,
-1.7024288923028763e-09,
-6.049484136695587
],
[
0.006298362478499256,
-0.057797991794931836,
-0.9983084306839057,
2.4279896236472287
],
[
0.10814740757965727,
-0.992433303052836,
0.05814015157735264,
1.066696126283328
],
[
0.0,
0.0,
0.0,
1.0
]
],
"at_element": 15,
"to_element": 18
},
{
"pose": [
[
0.008476389155706254,
0.10833065365225902,
0.9940787797283247,
-6.0455808563820685
],
[
0.9982184370849962,
0.057797989277805994,
-0.014810276804628708,
2.430072152922932
],
[
-0.05906016161904837,
0.9924333035094683,
-0.10764773752761769,
1.102454659460082
],
[
0.0,
0.0,
0.0,
1.0
]
],
"at_element": 18,
"to_element": 15
}
],
"contact_residues": [
2.246804550003079e-06,
2.2468045508484293e-06,
2.2468045503623294e-06,
3.1954567766608975e-09,
2.4172788064490947e-08,
2.1791157703254163e-06,
2.2455824781886977e-06,
2.2468045510312135e-06,
2.2468045504708262e-06,
1.1343333924997125e-08,
2.2468045506584754e-06,
2.2463756991422793e-06,
2.2468045497059458e-06,
2.2468045505523693e-06,
3.1954603235408407e-09,
2.246804549590437e-06,
2.2468045508255903e-06,
2.246804550224189e-06,
2.246804550806386e-06,
2.2468045505055275e-06,
1.0659040428764806e-08,
2.226361733200277e-06,
3.1954567752864455e-09,
7.807943190548827e-09,
2.2468045508485686e-06,
2.2468045503665624e-06,
2.24680455077164e-06,
2.246804550594773e-06,
2.241801603587332e-06,
1.7743385073861696e-08,
3.195456776738137e-09,
2.2421221628168568e-06
],
"collision_dists": [
0.07,
0.07,
0.07,
0.07,
0.07,
0.07,
0.07,
0.025,
0.025,
0.025,
0.025,
0.025,
0.025,
0.025
],
"collision_id_pairs": [
[
0,
1
],
[
4,
10
],
[
5,
7
],
[
6,
11
],
[
12,
18
],
[
13,
15
],
[
14,
19
]
],
"collision_t_pairs": [
[
[
4.4737225056754603e-07,
0.9999995525819734
],
[
0.04548001794952092,
0.9545199820504787
]
],
[
[
0.8658891817343303,
0.13411081826566967
],
[
0.175560793390241,
0.8244392066097589
]
],
[
[
0.9999999464737871,
5.3142223845319474e-08
],
[
0.053766034042385655,
0.9462339659576141
]
],
[
[
0.9999999672520142,
3.211657276030184e-08
],
[
1.1515697292205728e-07,
0.9999998846653201
]
],
[
[
1.1408602682231742e-07,
0.9999998857346006
],
[
0.9999999650665108,
3.4342269519686e-08
]
],
[
[
3.001589437566258e-07,
0.9999996997728335
],
[
0.9853260620698587,
0.014673937930141344
]
],
[
[
0.013730589729723115,
0.9862694102702753
],
[
0.9999999649959775,
3.441401448539926e-08
]
]
],
"collision_dual_t_pairs": [
[
[
0.014305095217109659,
3.2000007160001086e-09
],
[
7.03608894182218e-08,
3.3524696904447462e-09
]
],
[
[
3.695621451016436e-09,
2.3860929843400736e-08
],
[
1.822734180379801e-08,
3.881424575980611e-09
]
],
[
[
3.2000000848802408e-09,
0.11999962133510945
],
[
5.9517164774623775e-08,
3.3818273353704925e-09
]
],
[
[
3.200000052867038e-09,
0.19735326889634822
],
[
0.05553320352671336,
3.2000001857644592e-09
]
],
[
[
0.056053715352589434,
3.200000183312231e-09
],
[
3.2000000551729544e-09,
0.1847825464953125
]
],
[
[
0.021319811905522512,
3.2000004810490455e-09
],
[
3.2476553584773035e-09,
2.1807615529013425e-07
]
],
[
[
2.330570530155593e-07,
3.2445494277696134e-09
],
[
3.200000055152307e-09,
0.184403667353693
]
]
],
"clamp_dist": 0.024,
"clamp_gap": 0.016,
"radius": [
0.01,
0.01,
0.01,
0.01,
0.01,
0.01,
0.01,
0.01,
0.01,
0.01,
0.01,
0.01,
0.01,
0.01,
0.01,
0.01,
0.01,
0.01,
0.01,
0.01
],
"boundary_vertices": [
true,
true,
false,
false,
false,
false,
false,
false,
false,
true,
false,
true,
false,
false,
false,
false,
false,
false,
false,
false,
false,
false,
false,
false,
false,
true,
false,
true,
false,
false,
false,
false,
false,
false,
false,
false,
false,
false,
false,
false
],
"nstatus": -200,
"config": {
"weights": [
1.0,
10.0,
0.0
],
"shape_deviation": 0.2,
"length_deviation_ratio": 0.2
}
}