{
"contact_id_pairs": [
[
2,
6
],
[
6,
7
],
[
2,
7
],
[
3,
4
],
[
4,
7
],
[
3,
7
],
[
0,
4
],
[
4,
5
],
[
0,
5
],
[
1,
5
],
[
5,
6
],
[
1,
6
],
[
1,
9
],
[
9,
10
],
[
1,
10
],
[
2,
10
],
[
10,
11
],
[
2,
11
],
[
3,
8
],
[
8,
11
],
[
3,
11
],
[
0,
8
],
[
8,
9
],
[
0,
9
]
],
"contact_t_bound_pairs": [
[
[
0.1,
0.4
],
[
0.6,
0.9
]
],
[
[
0.6,
0.9
],
[
0.1,
0.4
]
],
[
[
0.1,
0.4
],
[
0.1,
0.4
]
],
[
[
0.1,
0.4
],
[
0.1,
0.4
]
],
[
[
0.1,
0.4
],
[
0.6,
0.9
]
],
[
[
0.1,
0.4
],
[
0.6,
0.9
]
],
[
[
0.1,
0.4
],
[
0.6,
0.9
]
],
[
[
0.6,
0.9
],
[
0.1,
0.4
]
],
[
[
0.1,
0.4
],
[
0.1,
0.4
]
],
[
[
0.1,
0.4
],
[
0.6,
0.9
]
],
[
[
0.6,
0.9
],
[
0.1,
0.4
]
],
[
[
0.1,
0.4
],
[
0.1,
0.4
]
],
[
[
0.6,
0.9
],
[
0.6,
0.9
]
],
[
[
0.6,
0.9
],
[
0.1,
0.4
]
],
[
[
0.6,
0.9
],
[
0.1,
0.4
]
],
[
[
0.6,
0.9
],
[
0.6,
0.9
]
],
[
[
0.6,
0.9
],
[
0.1,
0.4
]
],
[
[
0.6,
0.9
],
[
0.1,
0.4
]
],
[
[
0.6,
0.9
],
[
0.6,
0.9
]
],
[
[
0.6,
0.9
],
[
0.6,
0.9
]
],
[
[
0.6,
0.9
],
[
0.6,
0.9
]
],
[
[
0.6,
0.9
],
[
0.1,
0.4
]
],
[
[
0.1,
0.4
],
[
0.1,
0.4
]
],
[
[
0.6,
0.9
],
[
0.1,
0.4
]
]
],
"line_pt_pairs": [
[
[
0.7832292738670144,
4.06119609283995,
1.847081320572617
],
[
0.7832292738670144,
4.06119609283995,
0.7861449453095526
]
],
[
[
0.7832292738670144,
5.256131600457003,
1.847081320572617
],
[
0.7832292738670144,
5.256131600457003,
0.7861449453095526
]
],
[
[
-0.19409124514674833,
5.256131600457003,
1.847081320572617
],
[
-0.19409124514674833,
5.256131600457003,
0.6667907749077928
]
],
[
[
-0.19409124514674833,
4.06119609283995,
1.847081320572617
],
[
-0.19409124514674833,
4.06119609283995,
0.6667907749077928
]
],
[
[
-0.2822819107146602,
4.080899532971433,
1.694509296130026
],
[
0.8903846919707539,
4.097432872526628,
1.6926495792915088
]
],
[
[
0.7463688200595693,
3.9328381833202286,
1.7288219237174007
],
[
0.7711406205142721,
5.366546702772241,
1.7293582576740276
]
],
[
[
0.885897716755398,
5.222378551684777,
1.6931418037296282
],
[
-0.2868580562044204,
5.230493318421835,
1.694490297498298
]
],
[
[
-0.1701928050895783,
5.373073148300698,
1.6583300102799914
],
[
-0.16450279270104914,
3.9391618288717187,
1.6583170129423637
]
],
[
[
0.8840040504357096,
4.092635071329186,
0.8950661509456724
],
[
-0.2971545317287064,
4.094076625471499,
0.8667907446780982
]
],
[
[
0.7668475777527408,
3.9489141513243147,
0.9282285319119097
],
[
0.7486977884996605,
5.382721890736829,
0.9282302526443951
]
],
[
[
0.869465777537435,
5.241757554464027,
0.8950661521580237
],
[
-0.31144870755692516,
5.217702341858413,
0.866790748508608
]
],
[
[
-0.19737154719122524,
5.363444959101642,
0.833559111406676
],
[
-0.14861901817101836,
3.9303515357414134,
0.83425142244975
]
]
],
"contact_t_pairs": [
[
0.12939684471289328,
0.8999999994418529
],
[
0.8999999152953804,
0.10000000916117362
],
[
0.15992046256719747,
0.10000000038825638
],
[
0.12942406146578464,
0.10000000055390007
],
[
0.100000475590115,
0.8999999904035892
],
[
0.15992927215234617,
0.8999999996124886
],
[
0.14538644652968774,
0.8999999994467442
],
[
0.8795361308369388,
0.1134041934728152
],
[
0.11141644891691291,
0.10000000037164364
],
[
0.11101202583050129,
0.8999999996136553
],
[
0.8999999902335872,
0.10000002372846105
],
[
0.14497067972177208,
0.1000000005677613
],
[
0.8660757246386614,
0.8999999996196082
],
[
0.8999999770071446,
0.10000001449194866
],
[
0.899999972722099,
0.10000000057318428
],
[
0.8281545889193261,
0.8999999994244618
],
[
0.8999999866787858,
0.10001104787174646
],
[
0.8586470354972903,
0.10000000037279555
],
[
0.8281545919434216,
0.8999999994505251
],
[
0.8796868265790909,
0.8858667672485789
],
[
0.8581777876206662,
0.899999999627217
],
[
0.8999999741095994,
0.10000000057277131
],
[
0.10000001334093468,
0.10033013642956636
],
[
0.8660770221584886,
0.10000000037420155
]
],
"half_couplers": [
{
"pose": [
[
-0.7335083212617621,
-0.6796804709860008,
8.420088053890516e-12,
-0.19409124514674833
],
[
-0.6796804709860008,
0.7335083212617619,
-2.147522744915912e-11,
5.256131600457003
],
[
8.420088053890516e-12,
-2.147522744915912e-11,
-1.0,
1.6943554481191296
],
[
0.0,
0.0,
0.0,
1.0
]
],
"at_element": 2,
"to_element": 6
},
{
"pose": [
[
0.06801652312667794,
0.361708566712677,
-0.9298067892570041,
-0.16958247825386835
],
[
-0.3691109997394946,
-0.8567139422388115,
-0.3602752989658671,
5.2296818417435995
],
[
-0.926893101955705,
0.3677065867513051,
0.07523990700842254,
1.6943554481206784
],
[
0.0,
0.0,
0.0,
1.0
]
],
"at_element": 6,
"to_element": 2
},
{
"pose": [
[
-0.006919230913995822,
0.0011498184083310048,
-0.9999754007780324,
-0.16958237957060687
],
[
-0.9999760618292939,
-4.501266857692698e-06,
0.006919230312307678,
5.2296818410607715
],
[
3.454702254546138e-06,
0.9999993389484646,
0.0011498220290865335,
1.6943554480072074
],
[
0.0,
0.0,
0.0,
1.0
]
],
"at_element": 6,
"to_element": 7
},
{
"pose": [
[
-0.9999914658364224,
-0.001149818261317809,
0.003968144691104977,
-0.16962380379859818
],
[
-0.003968152489862899,
4.5013430581830605e-06,
-0.9999921268417843,
5.22968200322149
],
[
0.0011497913466361588,
-0.9999993389486336,
-9.063958839705677e-06,
1.6583287105461098
],
[
0.0,
0.0,
0.0,
1.0
]
],
"at_element": 7,
"to_element": 6
},
{
"pose": [
[
-0.7340776425094555,
-0.679065545266258,
8.205129498667954e-14,
-0.19409124514674833
],
[
-0.679065545266258,
0.7340776425094554,
-2.095281039764146e-13,
5.256131600457003
],
[
8.205129498667954e-14,
-2.095281039764146e-13,
-1.0,
1.6583287105462086
],
[
0.0,
0.0,
0.0,
1.0
]
],
"at_element": 2,
"to_element": 7
},
{
"pose": [
[
0.6288788175920232,
0.7519257479456354,
-0.19778549582933375,
-0.1696238038485162
],
[
0.20544597487406185,
-0.406050994694904,
-0.8904574897856297,
5.229682015801074
],
[
-0.7498689113385786,
0.5193556192857407,
-0.40983698774539534,
1.6583287105462237
],
[
0.0,
0.0,
0.0,
1.0
]
],
"at_element": 7,
"to_element": 2
},
{
"pose": [
[
0.5919831504831492,
-0.8059503393783299,
1.4987486649769152e-11,
-0.19409124514674833
],
[
-0.8059503393783299,
-0.5919831504831492,
2.960458610009138e-11,
4.06119609283995
],
[
-1.4987486649769152e-11,
-2.960458610009138e-11,
-1.0,
1.6943233244430083
],
[
0.0,
0.0,
0.0,
1.0
]
],
"at_element": 3,
"to_element": 4
},
{
"pose": [
[
-0.10909456498618098,
0.44313393560786557,
0.8897924988463096,
-0.16501524979657867
],
[
-0.4588467892497033,
0.7716135381204504,
-0.4405362320904814,
4.08255286693611
],
[
-0.8817924925319528,
-0.4563385397946619,
0.11915174028255537,
1.6943233244451443
],
[
0.0,
0.0,
0.0,
1.0
]
],
"at_element": 4,
"to_element": 3
},
{
"pose": [
[
-0.014097485427482681,
0.0015859237274605809,
0.9998993678118576,
-0.16501469273747432
],
[
0.9999006251989205,
-2.7709698429134733e-06,
0.014097507550251465,
4.0825528747900455
],
[
2.5128262716167526e-05,
0.9999987424183354,
-0.001585727062898723,
1.6943233235617114
],
[
0.0,
0.0,
0.0,
1.0
]
],
"at_element": 4,
"to_element": 7
},
{
"pose": [
[
-0.9999908692958321,
-0.0015859232867305726,
0.003968144691656613,
-0.16507179399450575
],
[
-0.00396815407680605,
2.771218199804082e-06,
-0.9999921268417781,
4.082552974575019
],
[
0.00158589980391082,
-0.9999987424190336,
-9.064380852130682e-06,
1.658318312676251
],
[
0.0,
0.0,
0.0,
1.0
]
],
"at_element": 7,
"to_element": 4
},
{
"pose": [
[
0.5927333294124648,
-0.805398783338797,
-1.0283568386449002e-13,
-0.19409124514674833
],
[
-0.805398783338797,
-0.5927333294124648,
-2.0336487282101771e-13,
4.06119609283995
],
[
1.0283568386449002e-13,
2.0336487282101771e-13,
-1.0,
1.6583183126761463
],
[
0.0,
0.0,
0.0,
1.0
]
],
"at_element": 3,
"to_element": 7
},
{
"pose": [
[
0.46017348580991546,
0.8647198570808006,
0.20124594835104453,
-0.165071793942107
],
[
-0.19447963362169746,
0.3193445040648071,
-0.927467929273014,
4.082552961370274
],
[
-0.8662667228192029,
0.3876579116873048,
0.31512427460022174,
1.6583183126761316
],
[
0.0,
0.0,
0.0,
1.0
]
],
"at_element": 7,
"to_element": 3
},
{
"pose": [
[
0.9598177350675862,
0.2806241533612688,
5.2525416223671785e-12,
0.7832292738670144
],
[
0.2806241533612688,
-0.9598177350675863,
-3.668260234336846e-11,
4.06119609283995
],
[
-5.2525416223671785e-12,
3.668260234336846e-11,
-1.0,
1.692835550979033
],
[
0.0,
0.0,
0.0,
1.0
]
],
"at_element": 0,
"to_element": 4
},
{
"pose": [
[
-0.013554051583978932,
-0.14837239939104913,
0.9888386717683536,
0.7731180310534279
],
[
0.13410916582264598,
0.9797246856805323,
0.1488431117335847,
4.0957795385619615
],
[
-0.9908738665077471,
0.13462975661838408,
0.006618859785626707,
1.6928355509763895
],
[
0.0,
0.0,
0.0,
1.0
]
],
"at_element": 4,
"to_element": 0
},
{
"pose": [
[
0.01409685169322139,
-0.0015915473071595465,
0.9998993678113355,
0.7491207357729667
],
[
-0.9999005445592339,
0.0004015876267227103,
0.014097507493362416,
4.095441202473623
],
[
-0.0004239840641695469,
-0.999998652851366,
-0.0015857278979047873,
1.6928736079774243
],
[
0.0,
0.0,
0.0,
1.0
]
],
"at_element": 4,
"to_element": 5
},
{
"pose": [
[
-0.9998494998642413,
0.0015915476912860705,
0.01727554911351345,
0.7491780461110045
],
[
0.017274930549710202,
-0.0004015871301084051,
0.9998506966053882,
4.095426741643788
],
[
0.0015982477060026163,
0.9999986528509544,
0.00037403281535708377,
1.728882746237184
],
[
0.0,
0.0,
0.0,
1.0
]
],
"at_element": 5,
"to_element": 4
},
{
"pose": [
[
0.40015340664634835,
0.9164481715565382,
6.651253375820153e-12,
0.7832292738670144
],
[
0.9164481715565382,
-0.4001534066463486,
-1.0161813140840645e-11,
4.06119609283995
],
[
-6.651253375820153e-12,
1.0161813140840645e-11,
-1.0,
1.728875557114025
],
[
0.0,
0.0,
0.0,
1.0
]
],
"at_element": 0,
"to_element": 5
},
{
"pose": [
[
0.26384605485495116,
-0.949288150559908,
0.170989083113594,
0.7488460001142458
],
[
0.14670148481603085,
0.21470145047337919,
0.9655992758475945,
4.076209035798258
],
[
-0.9533435549109512,
-0.2296852071230896,
0.19591011188443908,
1.7288755571132626
],
[
0.0,
0.0,
0.0,
1.0
]
],
"at_element": 5,
"to_element": 0
},
{
"pose": [
[
-0.9146456585039295,
0.4042565019636827,
-2.2340906872962824e-12,
0.7832292738670144
],
[
0.4042565019636827,
0.9146456585039295,
-1.058113354852154e-11,
5.256131600457003
],
[
-2.2340906872962824e-12,
-1.058113354852154e-11,
-1.0,
1.7293046242773953
],
[
0.0,
0.0,
0.0,
1.0
]
],
"at_element": 1,
"to_element": 5
},
{
"pose": [
[
-0.8787523757771167,
-0.46106492166348595,
-0.12334261257779502,
0.7686634404592313
],
[
0.16239693387059445,
-0.531853703886146,
0.8311190489526858,
5.223175850273133
],
[
-0.4488000645448954,
0.7103173767225681,
0.5422432354492464,
1.7293046242781578
],
[
0.0,
0.0,
0.0,
1.0
]
],
"at_element": 5,
"to_element": 1
},
{
"pose": [
[
-0.9998501085205243,
0.0011471243985617698,
0.01727554911167469,
0.7686634402268702
],
[
0.01727510734305885,
-0.0003939083588722081,
0.9998506966054934,
5.22317583682485
],
[
0.0011537581121943401,
0.999999264470639,
0.00037403261824453526,
1.729304624273127
],
[
0.0,
0.0,
0.0,
1.0
]
],
"at_element": 5,
"to_element": 6
},
{
"pose": [
[
0.006919677805632074,
-0.0011471242051698805,
-0.9999754007800014,
0.7686221116317264
],
[
0.9999759842581437,
0.00039390807378125725,
0.006919229970610452,
5.223190028551034
],
[
0.00038596116776956624,
-0.9999992644709732,
0.0011498223730865842,
1.6932766531384928
],
[
0.0,
0.0,
0.0,
1.0
]
],
"at_element": 6,
"to_element": 5
},
{
"pose": [
[
-0.9141568991479492,
0.4053605354992102,
5.631991792106923e-12,
0.7832292738670144
],
[
0.4053605354992102,
0.9141568991479491,
2.6594882828269537e-11,
5.256131600457003
],
[
5.631991792106923e-12,
2.6594882828269537e-11,
-1.0,
1.6932766531091776
],
[
0.0,
0.0,
0.0,
1.0
]
],
"at_element": 1,
"to_element": 6
},
{
"pose": [
[
0.022202811878135442,
-0.2105965992525812,
-0.9773208825805126,
0.7686221387935709
],
[
0.20353374180202624,
-0.9561371128602894,
0.21065573184524816,
5.22319002836309
],
[
-0.9788161477482737,
-0.20359492575808147,
0.021634581410118647,
1.693276653107261
],
[
0.0,
0.0,
0.0,
1.0
]
],
"at_element": 6,
"to_element": 1
},
{
"pose": [
[
-0.4565919787899768,
0.8896762135207695,
-1.8440358175447986e-14,
0.7832292738670144
],
[
0.8896762135207695,
0.4565919787899765,
-3.019084628336493e-14,
5.256131600457003
],
[
-1.8440358175447986e-14,
-3.019084628336493e-14,
-1.0000000000000004,
0.9282300805711436
],
[
0.0,
0.0,
0.0,
1.0
]
],
"at_element": 1,
"to_element": 9
},
{
"pose": [
[
-0.31776619825625296,
-0.9303786887315881,
-0.18281175782716702,
0.7505127674318726
],
[
0.16376724214317084,
-0.24376197128549792,
0.955908150271682,
5.239341116250169
],
[
-0.9339191258597224,
0.27381672138329877,
0.22982486689719417,
0.9282300805711459
],
[
0.0,
0.0,
0.0,
1.0
]
],
"at_element": 9,
"to_element": 1
},
{
"pose": [
[
-0.999633490732831,
-0.02393059590159259,
-0.01265743991059064,
0.750512767842284
],
[
-0.01265378579361826,
-0.0003041243496326729,
0.9999198913980407,
5.239341083828244
],
[
-0.023932528290691684,
0.9997135760247406,
1.200250787425361e-06,
0.9282300805711069
],
[
0.0,
0.0,
0.0,
1.0
]
],
"at_element": 9,
"to_element": 10
},
{
"pose": [
[
-0.02036137664007409,
0.02393059663936592,
-0.9995062485476544,
0.751374311914247
],
[
0.9997926688872629,
0.0003041253168587499,
-0.020359929937889043,
5.2393520328548595
],
[
-0.00018325011640729638,
-0.999713576006786,
-0.02393182749225886,
0.8922386113833165
],
[
0.0,
0.0,
0.0,
1.0
]
],
"at_element": 10,
"to_element": 9
},
{
"pose": [
[
-0.46604669374817953,
0.8847601252579091,
-7.531298267248635e-12,
0.7832292738670144
],
[
0.8847601252579091,
0.4660466937481792,
-1.2479354131282436e-11,
5.256131600457003
],
[
-7.531298267248635e-12,
-1.2479354131282436e-11,
-1.0000000000000004,
0.8922386117759764
],
[
0.0,
0.0,
0.0,
1.0
]
],
"at_element": 1,
"to_element": 10
},
{
"pose": [
[
-0.12798979974541824,
-0.514760963588361,
-0.8477262302929582,
0.7513743283511174
],
[
-0.5375628913390449,
-0.6823005550698324,
0.49547158385381146,
5.239352033189678
],
[
-0.8334535074113816,
0.5191214722172262,
-0.18938888052545666,
0.892238611776875
],
[
0.0,
0.0,
0.0,
1.0
]
],
"at_element": 10,
"to_element": 1
},
{
"pose": [
[
-0.9997924925235426,
-0.020370858930387384,
-4.576318516592072e-12,
-0.19409124514674833
],
[
-0.020370858930387384,
0.9997924925235427,
4.4925387997389014e-10,
5.256131600457003
],
[
-4.576318516592072e-12,
4.4925387997389014e-10,
-1.0,
0.8696182889221975
],
[
0.0,
0.0,
0.0,
1.0
]
],
"at_element": 2,
"to_element": 10
},
{
"pose": [
[
0.02392678558244221,
0.02036837151518474,
-0.9995061972661857,
-0.1933572583678278
],
[
0.0004899996819432376,
-0.9997925431984986,
-0.02036247688740732,
5.220107863132819
],
[
-0.999713593401632,
-2.5491003482949054e-06,
-0.02393180230359926,
0.8696182888898232
],
[
0.0,
0.0,
0.0,
1.0
]
],
"at_element": 10,
"to_element": 2
},
{
"pose": [
[
0.020362023035696453,
-0.0239300466280592,
-0.9995062485478883,
-0.1933572433162743
],
[
-0.9997926603072456,
-0.00033112887474473496,
-0.0203599299956842,
5.220107863439418
],
[
0.00015624869475888703,
0.9997135805929853,
-0.02393182743331934,
0.8696182892502123
],
[
0.0,
0.0,
0.0,
1.0
]
],
"at_element": 10,
"to_element": 11
},
{
"pose": [
[
-0.9991353225293673,
0.02393004583356712,
0.03399941441467121,
-0.19249575567751662
],
[
-0.03400122996995332,
0.00033112809146818023,
-0.999421736162826,
5.220119784133278
],
[
-0.023927466114645815,
-0.9997135806122625,
0.00048280921911092456,
0.8336283501595472
],
[
0.0,
0.0,
0.0,
1.0
]
],
"at_element": 11,
"to_element": 10
},
{
"pose": [
[
-0.9990197934310994,
-0.04426570154062722,
-2.443004152224302e-13,
-0.19409124514674836
],
[
-0.04426570154062722,
0.9990197934310991,
1.1032500301048077e-11,
5.256131600457003
],
[
-2.443004152224302e-13,
1.1032500301048077e-11,
-1.0,
0.8336283425120365
],
[
0.0,
0.0,
0.0,
1.0
]
],
"at_element": 2,
"to_element": 11
},
{
"pose": [
[
-0.9989905682720641,
0.025937936181245874,
0.03667516830386022,
-0.19249629427102982
],
[
-0.04490231869768563,
-0.5997826202740157,
-0.7989021155265567,
5.220135616231368
],
[
0.0012752564566896676,
-0.7997424784791,
0.6003418541440169,
0.8336283425112415
],
[
0.0,
0.0,
0.0,
1.0
]
],
"at_element": 11,
"to_element": 2
},
{
"pose": [
[
0.9085553630147186,
-0.41776446993155475,
-9.870049152665155e-11,
-0.19409124514674836
],
[
-0.41776446993155475,
-0.9085553630147187,
-4.509128133042105e-10,
4.06119609283995
],
[
9.870049152665155e-11,
4.509128133042105e-10,
-1.0,
0.8696182853528862
],
[
0.0,
0.0,
0.0,
1.0
]
],
"at_element": 3,
"to_element": 8
},
{
"pose": [
[
-0.046487890460873205,
0.20935437796245873,
-0.9767341605925586,
-0.17903867286324776
],
[
-0.20807475925412464,
0.9543139731386246,
0.21445217470035258,
4.093932470056475
],
[
0.9770075591323928,
0.21320315452714214,
-0.0008026816552133553,
0.8696182853203923
],
[
0.0,
0.0,
0.0,
1.0
]
],
"at_element": 8,
"to_element": 3
},
{
"pose": [
[
-0.0012118315333009555,
-0.023932250863015425,
-0.9997128481884009,
-0.1550455943951639
],
[
-0.9999992008206632,
-0.00033120390479357553,
0.0012201073758098535,
4.093903187517979
],
[
-0.00036030871478998083,
0.9997135278031419,
-0.023931830373519425,
0.8701926485359156
],
[
0.0,
0.0,
0.0,
1.0
]
],
"at_element": 8,
"to_element": 11
},
{
"pose": [
[
-0.9991352697166309,
0.023932250790147585,
0.033999414412490554,
-0.15418330191290203
],
[
-0.03400122922652994,
0.0003312035622512477,
-0.99942173616311,
4.093915120984317
],
[
-0.023929672362148133,
-0.9997135278049997,
0.0004828087845217821,
0.8341724067523345
],
[
0.0,
0.0,
0.0,
1.0
]
],
"at_element": 11,
"to_element": 8
},
{
"pose": [
[
0.2935138026887969,
-0.9559548355603219,
6.9196671194505225e-12,
-0.19409124514674833
],
[
-0.9559548355603219,
-0.2935138026887967,
9.363083480585918e-12,
4.06119609283995
],
[
-6.9196671194505225e-12,
-9.363083480585918e-12,
-0.9999999999999998,
0.8341821913443893
],
[
0.0,
0.0,
0.0,
1.0
]
],
"at_element": 3,
"to_element": 11
},
{
"pose": [
[
0.1657121764746805,
0.9751356374128552,
0.14713926469657607,
-0.15349427109121316
],
[
-0.10417500193945078,
0.16567646059352792,
-0.9806624696480012,
4.073660878611669
],
[
-0.9806564350163312,
0.14717947904727058,
0.12903936379428682,
0.8341821913451846
],
[
0.0,
0.0,
0.0,
1.0
]
],
"at_element": 11,
"to_element": 3
},
{
"pose": [
[
0.8765630655749441,
0.4812870163113236,
4.29594393904732e-12,
0.7832292738670144
],
[
0.4812870163113236,
-0.8765630655749439,
-1.675010846871056e-11,
4.06119609283995
],
[
-4.29594393904732e-12,
1.675010846871056e-11,
-0.9999999999999998,
0.8922386103039268
],
[
0.0,
0.0,
0.0,
1.0
]
],
"at_element": 0,
"to_element": 8
},
{
"pose": [
[
-0.05399634120551644,
-0.24197869623770182,
-0.9687779444761939,
0.7658881915427344
],
[
0.24326913232726863,
0.9377731931054054,
-0.24779339690482052,
4.092779226744243
],
[
0.9684547095208713,
-0.24905370677826513,
0.008229626167123416,
0.8922386103027198
],
[
0.0,
0.0,
0.0,
1.0
]
],
"at_element": 8,
"to_element": 0
},
{
"pose": [
[
0.0012124799236439276,
0.023932217281374735,
-0.9997128482061395,
0.7658881764615085
],
[
0.9999992094160217,
0.00030414374895726404,
0.0012201081556070803,
4.092779226762649
],
[
0.00033325630702069065,
-0.9997135372058221,
-0.023931829592757525,
0.8922386099416947
],
[
0.0,
0.0,
0.0,
1.0
]
],
"at_element": 8,
"to_element": 9
},
{
"pose": [
[
-0.9996334519374641,
-0.02393221641668442,
-0.012657439906004651,
0.7650266069208114
],
[
-0.01265378530199755,
-0.0003041446121010427,
0.9999198913980987,
4.09276827743334
],
[
-0.02393414893243729,
0.9997135372262593,
1.2000001453627007e-06,
0.9282287045532347
],
[
0.0,
0.0,
0.0,
1.0
]
],
"at_element": 9,
"to_element": 8
},
{
"pose": [
[
0.8631054452009282,
0.5050237523765664,
9.605106935243983e-15,
0.7832292738670144
],
[
0.5050237523765664,
-0.8631054452009281,
-3.543462450741678e-14,
4.06119609283995
],
[
-9.605106935243983e-15,
3.543462450741678e-14,
-1.0,
0.9282287039851614
],
[
0.0,
0.0,
0.0,
1.0
]
],
"at_element": 0,
"to_element": 9
},
{
"pose": [
[
0.8036241827784867,
-0.5737526435090047,
0.15810147665356736,
0.7650325988206411
],
[
0.18538527372960512,
0.49377235935208497,
0.8496005869960748,
4.092294925802099
],
[
-0.5655267218600806,
-0.6534498918863667,
0.5031726996329259,
0.9282287039851589
],
[
0.0,
0.0,
0.0,
1.0
]
],
"at_element": 9,
"to_element": 0
}
],
"contact_residues": [
2.249199967818484e-06,
1.9274841728745128e-06,
2.236119379387079e-06,
2.2492000891991127e-06,
3.640310668416562e-07,
2.2441583223018777e-06,
2.2489583685696535e-06,
6.615142345231916e-07,
2.2492002785957106e-06,
2.2447224810309e-06,
2.0165732961523948e-06,
2.2491977990691024e-06,
2.2492002726090588e-06,
1.2823825890100234e-07,
2.914115084802017e-07,
2.247740503687436e-06,
1.808912700465513e-08,
2.249079558106059e-06,
2.2486865555849823e-06,
2.2014830381030366e-06,
2.249200283178551e-06,
2.2073571849080866e-06,
2.9375090403139447e-08,
2.249106354944206e-06
],
"collision_dists": [],
"collision_id_pairs": [],
"collision_t_pairs": [],
"collision_dual_t_pairs": [],
"clamp_dist": 0.024,
"clamp_gap": 0.016,
"radius": [
0.01,
0.01,
0.01,
0.01,
0.01,
0.01,
0.01,
0.01,
0.01,
0.01,
0.01,
0.01
],
"boundary_vertices": [
true,
true,
true,
true,
true,
true,
true,
true,
false,
false,
false,
false,
false,
false,
false,
false,
false,
false,
false,
false,
false,
false,
false,
false
],
"nstatus": -200,
"config": {
"weights": [
1.0,
10.0,
0.0
],
"shape_deviation": 0.2,
"length_deviation_ratio": 0.2
}
}