{
"line_pt_pairs": [
[
[
0.3860863539280359,
-0.1032347187369913,
0.2342670530046383
],
[
0.3860863539280359,
-0.1032347187369913,
-0.36573294699536163
]
],
[
[
0.4447549564633838,
-0.20162810336157738,
-0.41543874957215393
],
[
-0.2658856283595291,
0.5003042840488475,
-0.4631973373532991
]
],
[
[
-0.20068822105916057,
0.5035256445041983,
-0.4266007945810597
],
[
-0.3594140031625661,
-0.48230190829022473,
-0.3722853985406985
]
],
[
[
-0.443486090852197,
-0.46099858208464545,
-0.3243402548793454
],
[
0.48335517487115354,
-0.11498013410976132,
-0.47006774649774336
]
],
[
[
0.36878087855815095,
-0.06385948832709344,
0.04792175457996379
],
[
0.31187967765655533,
-0.15113884896883353,
-0.5429628082086788
]
],
[
[
-0.2264350654761086,
-0.33254426575146623,
0.11673558589218228
],
[
-0.3197900511354113,
-0.3788044382673483,
-0.4741492109094888
]
],
[
[
-0.1480583112737972,
0.45843156983786915,
0.0856703129315895
],
[
-0.19069745805650729,
0.3633700072832218,
-0.5052147879859336
]
],
[
[
0.522705040258943,
-0.18343935919662885,
-0.024369739654180166
],
[
-0.19509016482984198,
0.4989285797251602,
-0.16273172678640863
]
],
[
[
-0.178932921497267,
0.5284593380530789,
0.03569314865577662
],
[
-0.29574961842306974,
-0.4639016933988008,
-0.0039734944478036285
]
],
[
[
-0.3776494553414058,
-0.42370247414654827,
0.04796966690506371
],
[
0.5618664852404296,
-0.10735820108427213,
-0.08331665490086235
]
]
],
"contact_id_pairs": [
[
0,
4
],
[
0,
7
],
[
4,
7
],
[
7,
9
],
[
5,
8
],
[
5,
9
],
[
8,
9
],
[
6,
7
],
[
6,
8
],
[
2,
3
],
[
2,
5
],
[
3,
5
],
[
1,
3
],
[
1,
4
],
[
3,
4
],
[
1,
2
],
[
1,
6
],
[
2,
6
]
],
"contact_t_pairs": [
[
0.5330163361004014,
0.2258723812409142
],
[
0.4669836638995926,
0.15577548521574136
],
[
0.15693590917683428,
0.19197476922219034
],
[
0.07712461202467641,
0.8974384732425036
],
[
0.20471103389853657,
0.8731889759015097
],
[
0.152919000111695,
0.15809025391916448
],
[
0.9246956747198753,
0.10256152675749645
],
[
0.392415835272176,
0.9228753879753239
],
[
0.09287290508736465,
0.07530432528012478
],
[
0.9422659496952335,
0.10618142815651373
],
[
0.8818152980403432,
0.8470809998883049
],
[
0.16838290184284876,
0.7890683542732875
],
[
0.07940713828879165,
0.8938185718434866
],
[
0.13436540043760162,
0.7846864598495076
],
[
0.8386832607476401,
0.8430640908231659
],
[
0.9205928617112087,
0.05773405030476634
],
[
0.8532184254942123,
0.9071270949126354
],
[
0.12263232807611371,
0.8584370442284354
]
],
"half_couplers": [
{
"pose": [
[
0.5461322807211237,
0.8376989506704324,
6.265704518770756e-15,
0.3860863539280359
],
[
0.8376989506704324,
-0.5461322807211233,
-1.1564545962697495e-14,
-0.1032347187369913
],
[
-6.265704518770756e-15,
1.1564545962697495e-14,
-0.9999999999999996,
-0.08554274865560255
],
[
0.0,
0.0,
0.0,
1.0
]
],
"at_element": 0,
"to_element": 4
},
{
"pose": [
[
-0.5378352231977777,
-0.837698950670432,
-0.09483533483598686,
0.3559284688150399
],
[
-0.8249722970256694,
0.5461322807211244,
-0.14546560106957737,
-0.08357348534842779
],
[
0.17364901908155764,
-1.2462253451417382e-14,
-0.9848076046477368,
-0.08554274865560338
],
[
0.0,
0.0,
0.0,
1.0
]
],
"at_element": 4,
"to_element": 0
},
{
"pose": [
[
0.724766206024123,
-0.6889948814072558,
3.849851368022539e-17,
0.3860863539280359
],
[
-0.6889948814072558,
-0.7247662060241231,
9.637362652417359e-17,
-0.1032347187369913
],
[
-3.849851368022539e-17,
-9.637362652417359e-17,
-1.0,
-0.045923145335117224
],
[
0.0,
0.0,
0.0,
1.0
]
],
"at_element": 0,
"to_element": 7
},
{
"pose": [
[
-0.10028009247178349,
0.6889948814072562,
-0.7177952050887854,
0.41089014390070494
],
[
0.09533070091544243,
0.7247662060241226,
0.6823679389217885,
-0.07714316241542181
],
[
0.9903817246480374,
-3.885780586188048e-16,
-0.13836198713222858,
-0.04592314533511722
],
[
0.0,
0.0,
0.0,
1.0
]
],
"at_element": 7,
"to_element": 0
},
{
"pose": [
[
0.7117706048143028,
-0.69598050647186,
-0.09483533483599278,
0.35985103686140535
],
[
-0.7015353970024694,
-0.6976301639536937,
-0.14546560106956702,
-0.07755675414177773
],
[
0.03508123251639374,
0.17006848312699213,
-0.9848076046477379,
-0.044809251499828055
],
[
0.0,
0.0,
0.0,
1.0
]
],
"at_element": 4,
"to_element": 7
},
{
"pose": [
[
0.019523784538905575,
0.6959805064718604,
-0.7177952050887854,
0.38490647141322876
],
[
0.21837158760601968,
0.697630163953693,
0.6823679389217887,
-0.0524419315974967
],
[
0.9756703703422099,
-0.1700684831269927,
-0.13836198713222858,
-0.050931750203013396
],
[
0.0,
0.0,
0.0,
1.0
]
],
"at_element": 7,
"to_element": 4
},
{
"pose": [
[
-0.6943817654393589,
0.05102947556920251,
-0.7177952050887855,
0.4673453635532974
],
[
-0.6870225487803472,
0.2497478996888396,
0.682367938921788,
-0.13081199664920776
],
[
0.21408872294606057,
0.966965345410137,
-0.13836198713223036,
-0.03504085423071655
],
[
0.0,
0.0,
0.0,
1.0
]
],
"at_element": 7,
"to_element": 9
},
{
"pose": [
[
0.338682432399086,
-0.05102947556920184,
0.9395159405818354,
0.4655082959613513
],
[
-0.9151788281542095,
-0.24974789968884203,
0.3163442730622763,
-0.1398029527105295
],
[
0.21849925053081193,
-0.9669653454101363,
-0.13128632180592592,
-0.06985172929407057
],
[
0.0,
0.0,
0.0,
1.0
]
],
"at_element": 9,
"to_element": 7
},
{
"pose": [
[
0.09687659112012048,
0.9830595947319148,
-0.15559164276550458,
-0.2455458611100075
],
[
0.9909525323345,
-0.10985729071471462,
-0.07710028752647011,
-0.34201423349551713
],
[
-0.09288705374155588,
-0.14671471937861608,
-0.9848079946694517,
-0.004225051776014496
],
[
0.0,
0.0,
0.0,
1.0
]
],
"at_element": 5,
"to_element": 8
},
{
"pose": [
[
0.14123630030862766,
-0.9830595947319147,
-0.1168166969258011,
-0.28093597345410576
],
[
-0.05613340300198838,
0.10985729071471673,
-0.9923610314518797,
-0.33805937472495373
],
[
0.9883831992413405,
0.14671471937861436,
-0.03966664310358192,
0.0010566731867107013
],
[
0.0,
0.0,
0.0,
1.0
]
],
"at_element": 8,
"to_element": 5
},
{
"pose": [
[
-0.9338892368830534,
-0.32193498401932025,
-0.15559164276550458,
-0.2407108165385708
],
[
-0.31342878291294035,
0.9464765943778264,
-0.07710028752647005,
-0.33961832507758943
],
[
0.1720851279910653,
-0.023236229458142008,
-0.9848079946694519,
0.026378073584068643
],
[
0.0,
0.0,
0.0,
1.0
]
],
"at_element": 5,
"to_element": 9
},
{
"pose": [
[
0.11690878263462001,
0.3219349840193205,
0.9395159405818356,
-0.22912114173372083
],
[
0.0640964678874876,
-0.9464765943778266,
0.31634427306227597,
-0.37369152769225955
],
[
0.9910721362984833,
0.023236229458141827,
-0.13128632180592614,
0.027214578954651725
],
[
0.0,
0.0,
0.0,
1.0
]
],
"at_element": 9,
"to_element": 5
},
{
"pose": [
[
-0.9806232432381718,
-0.15726383608571404,
-0.11681669692580275,
-0.28695281587961935
],
[
0.10892639662786391,
0.05791911060635324,
-0.9923610314518796,
-0.3891726154910284
],
[
0.16282842177801288,
-0.9858567149876165,
-0.03966664310358059,
-0.000986424652761008
],
[
0.0,
0.0,
0.0,
1.0
]
],
"at_element": 8,
"to_element": 9
},
{
"pose": [
[
-0.3042661388525427,
0.15726383608571426,
0.9395159405818356,
-0.28129126606232746
],
[
0.9468746894532926,
-0.05791911060635346,
0.31634427306227636,
-0.3912577225202909
],
[
0.10416544158451174,
0.9858567149876167,
-0.1312863218059257,
0.03450474129827194
],
[
0.0,
0.0,
0.0,
1.0
]
],
"at_element": 9,
"to_element": 8
},
{
"pose": [
[
0.7144115764818284,
-0.6961076284550479,
-0.07106524463784986,
-0.16479058767382732
],
[
-0.6970970040328971,
-0.6992523297408415,
-0.1584359375910783,
0.42112790736570893
],
[
0.06059592690195814,
0.16272783707372887,
-0.984808501529205,
-0.1462023574948443
],
[
0.0,
0.0,
0.0,
1.0
]
],
"at_element": 6,
"to_element": 7
},
{
"pose": [
[
0.014290316939421621,
0.6961076284550514,
-0.7177952050887881,
-0.1397304881241966
],
[
0.2131200959169372,
0.6992523297408376,
0.6823679389217862,
0.44630121717773935
],
[
0.9769214971317433,
-0.1627278370737324,
-0.1383619871322268,
-0.15206061220987227
],
[
0.0,
0.0,
0.0,
1.0
]
],
"at_element": 7,
"to_element": 6
},
{
"pose": [
[
0.10448754009895433,
0.9919839136642448,
-0.07106524463785016,
-0.15201833270595405
],
[
0.9806904869412807,
-0.11464825555807456,
-0.15843593759107888,
0.44960292636127475
],
[
-0.16531340776519982,
-0.05313842798633121,
-0.984808501529205,
0.0307930970365385
],
[
0.0,
0.0,
0.0,
1.0
]
],
"at_element": 6,
"to_element": 8
},
{
"pose": [
[
0.04818479377057738,
-0.991983913664245,
-0.11681669692580315,
-0.1877297240407174
],
[
-0.04555612750500493,
0.1146482555580739,
-0.9923610314518796,
0.4537302601453064
],
[
0.997799010270122,
0.05313842798633178,
-0.039666643103579924,
0.032706078860734
],
[
0.0,
0.0,
0.0,
1.0
]
],
"at_element": 8,
"to_element": 6
},
{
"pose": [
[
-0.9767920460841819,
-0.14381733136983182,
-0.1587257821034055,
-0.3502501208739447
],
[
0.16480841345052916,
-0.03134043725410551,
-0.985827552794423,
-0.4253860907653666
],
[
0.1368045524191253,
-0.9891078567023829,
0.05431539604036151,
-0.375421246348016
],
[
0.0,
0.0,
0.0,
1.0
]
],
"at_element": 2,
"to_element": 3
},
{
"pose": [
[
-0.3468167287631867,
0.1438173313698315,
0.9268412657233505,
-0.3450727615833008
],
[
0.9377041167947247,
0.03134043725410485,
0.34601844797488357,
-0.4242578491101719
],
[
0.02071583925956072,
0.989107856702383,
-0.14572749161839882,
-0.3398138080610533
],
[
0.0,
0.0,
0.0,
1.0
]
],
"at_element": 3,
"to_element": 2
},
{
"pose": [
[
0.14826294384226202,
-0.976127156460104,
-0.15872578210340627,
-0.3406550439113617
],
[
0.03058977874945018,
0.16494939098832406,
-0.9858275527944229,
-0.365792172779598
],
[
0.9884747669613454,
0.1413063085417376,
0.05431539604036173,
-0.37870464743354926
],
[
0.0,
0.0,
0.0,
1.0
]
],
"at_element": 2,
"to_element": 5
},
{
"pose": [
[
0.15154872194328695,
0.976127156460104,
-0.1555916427655039,
-0.3055143000729491
],
[
0.9832839081750075,
-0.16494939098832462,
-0.07710028752647095,
-0.37173037894122507
],
[
-0.10092443114251332,
-0.1413063085417377,
-0.9848079946694521,
-0.3837916986013751
],
[
0.0,
0.0,
0.0,
1.0
]
],
"at_element": 5,
"to_element": 2
},
{
"pose": [
[
0.13026977347143942,
0.35212931470134345,
0.9268412657233505,
-0.2874218689820003
],
[
0.06765397949285853,
-0.9357853240566625,
0.34601844797488424,
-0.40273499172347565
],
[
0.9891676931534308,
0.017628755149755343,
-0.14572749161839815,
-0.34887827279633066
],
[
0.0,
0.0,
0.0,
1.0
]
],
"at_element": 3,
"to_element": 5
},
{
"pose": [
[
-0.9229280505161244,
-0.35212931470134345,
-0.1555916427655043,
-0.3000985303735009
],
[
-0.3440368773016973,
0.9357853240566621,
-0.07710028752647156,
-0.36904670394697164
],
[
0.17274964725579883,
-0.017628755149753737,
-0.9848079946694519,
-0.3495129082852182
],
[
0.0,
0.0,
0.0,
1.0
]
],
"at_element": 5,
"to_element": 3
},
{
"pose": [
[
-0.6972504813353808,
0.0939772604417009,
-0.7106405848229134,
0.388325021270723
],
[
-0.6935805516174407,
0.16197821434485737,
0.7019323874104244,
-0.14588966120509608
],
[
0.18107397575473505,
0.9823091838100284,
-0.04775858778114639,
-0.41923112235656873
],
[
0.0,
0.0,
0.0,
1.0
]
],
"at_element": 1,
"to_element": 3
},
{
"pose": [
[
0.3635017780867238,
-0.09397726044170096,
0.9268412657233508,
0.38494184560225764
],
[
-0.924139757687496,
-0.1619782143448596,
0.34601844797488346,
-0.15172086708423477
],
[
0.11761022740002891,
-0.9823091838100281,
-0.14572749161839704,
-0.45459419331603557
],
[
0.0,
0.0,
0.0,
1.0
]
],
"at_element": 3,
"to_element": 1
},
{
"pose": [
[
0.08608688871437264,
0.6982685778366566,
-0.710640584822913,
0.34926944971644175
],
[
0.15412499376946326,
0.6953678233854831,
0.7019323874104246,
-0.10731267704705393
],
[
0.9842939265722622,
-0.16995465102817436,
-0.04775858778114506,
-0.4218558513437019
],
[
0.0,
0.0,
0.0,
1.0
]
],
"at_element": 1,
"to_element": 4
},
{
"pose": [
[
0.7095260759637507,
-0.6982685778366565,
-0.09483533483599285,
0.3241312766614923
],
[
-0.7037779117772912,
-0.6953678233854832,
-0.1454656010695672,
-0.13234642084698892
],
[
0.035628618018063274,
0.16995465102817367,
-0.9848076046477374,
-0.41573736117438026
],
[
0.0,
0.0,
0.0,
1.0
]
],
"at_element": 4,
"to_element": 1
},
{
"pose": [
[
0.09973272700711178,
0.36196498631229673,
0.9268412657233513,
0.33384016408013256
],
[
0.14729548432526512,
-0.9265933703402156,
0.3460184479748818,
-0.17079870185823198
],
[
0.9840515349620216,
0.10201016971605936,
-0.14572749161839815,
-0.4465594627304378
],
[
0.0,
0.0,
0.0,
1.0
]
],
"at_element": 3,
"to_element": 4
},
{
"pose": [
[
-0.9273551681801775,
-0.3619649863122946,
-0.0948353348359926,
0.32080951935330093
],
[
-0.34679170253486286,
0.926593370340216,
-0.14546560106956716,
-0.13744158315414928
],
[
0.14052724683308088,
-0.10201016971606142,
-0.9848076046477376,
-0.4502318021288871
],
[
0.0,
0.0,
0.0,
1.0
]
],
"at_element": 4,
"to_element": 3
},
{
"pose": [
[
0.7034690542361697,
0.011011309396066149,
-0.7106405848229138,
-0.20945569316686852
],
[
0.7099769742616406,
-0.05677692773114629,
0.7019323874104242,
0.4445658418923665
],
[
-0.032618794434414566,
-0.998326164909443,
-0.047758587781142614,
-0.45940496456888436
],
[
0.0,
0.0,
0.0,
1.0
]
],
"at_element": 1,
"to_element": 2
},
{
"pose": [
[
0.9872613013589899,
-0.01101130939606497,
-0.15872578210340532,
-0.20985210334778198
],
[
-0.15786201768877434,
0.05677692773114651,
-0.9858275527944232,
0.44660982697934043
],
[
0.019867214454539706,
0.9983261649094429,
0.05431539604035884,
-0.42346494677374225
],
[
0.0,
0.0,
0.0,
1.0
]
],
"at_element": 2,
"to_element": 1
},
{
"pose": [
[
0.08079180971296629,
0.6989010249569332,
-0.710640584822913,
-0.1615766844115082
],
[
0.14884994692515602,
0.6965160563868429,
0.7019323874104246,
0.39727354302813883
],
[
0.985553842660908,
-0.16248920120878352,
-0.04775858778114506,
-0.4561872566426098
],
[
0.0,
0.0,
0.0,
1.0
]
],
"at_element": 1,
"to_element": 6
},
{
"pose": [
[
0.7116790627232972,
-0.6989010249569332,
-0.07106524463785024,
-0.18673743662435044
],
[
-0.6998310059399739,
-0.6965160563868433,
-0.15843593759107924,
0.3721986507598161
],
[
0.06123295523109626,
0.16248920120878316,
-0.9848085015292054,
-0.4503375720908826
],
[
0.0,
0.0,
0.0,
1.0
]
],
"at_element": 6,
"to_element": 1
},
{
"pose": [
[
0.05332115090398237,
-0.9858818291062763,
-0.1587257821034057,
-0.22015313324420316
],
[
0.04637339372722904,
0.16122513608485034,
-0.985827552794423,
0.38263131662344035
],
[
0.9975000567521258,
0.04520480651971137,
0.05431539604036151,
-0.4199399711142541
],
[
0.0,
0.0,
0.0,
1.0
]
],
"at_element": 2,
"to_element": 6
},
{
"pose": [
[
0.15161381877199032,
0.9858818291062762,
-0.07106524463784933,
-0.18466133440636923
],
[
0.9741172974411535,
-0.1612251360848509,
-0.15843593759107982,
0.37682720305872114
],
[
-0.16765661568610207,
-0.04520480651971187,
-0.984808501529205,
-0.42156734657866973
],
[
0.0,
0.0,
0.0,
1.0
]
],
"at_element": 6,
"to_element": 2
}
],
"nstatus": 0,
"opt_line_pos": [
[
0.3860863539280359,
-0.1032347187369913,
0.3704553648873813
],
[
0.35257781490467444,
-0.1105805014924878,
-0.42163351272045296
],
[
-0.2119973943759807,
0.43328567146827673,
-0.42273083584182986
],
[
-0.25238861801017176,
-0.38965599796576245,
-0.3543865598959323
],
[
0.3596081153481106,
-0.07792936551079183,
-0.047331844518969386
],
[
-0.2503817507380837,
-0.3444105606641484,
-0.034833525871542204
],
[
-0.1576840458777478,
0.4369715397661857,
-0.04772126715431813
],
[
0.4114765343038249,
-0.07770061112494746,
-0.04581011289796001
],
[
-0.1900906510194568,
0.4336741209677664,
0.03190439510897758
],
[
-0.21664331685080807,
-0.36949012112587504,
0.025470949429854547
]
],
"opt_line_orient": [
[
0.0,
0.0,
-1.0
],
[
-0.7106405848229131,
0.7019323874104251,
-0.047758587781145175
],
[
-0.1587257821034055,
-0.985827552794423,
0.054315396040361244
],
[
0.9268412657233503,
0.34601844797488407,
-0.14572749161839793
],
[
-0.09483533483599274,
-0.14546560106956685,
-0.9848076046477378
],
[
-0.15559164276550458,
-0.07710028752647012,
-0.9848079946694521
],
[
-0.07106524463785012,
-0.15843593759107902,
-0.9848085015292051
],
[
-0.717795205088785,
0.682367938921789,
-0.13836198713222844
],
[
-0.11681669692580277,
-0.9923610314518797,
-0.03966664310358025
],
[
0.9395159405818354,
0.31634427306227614,
-0.13128632180592606
]
],
"opt_edge_ids": [
[
0,
1
],
[
7,
8
],
[
8,
6
],
[
6,
7
],
[
1,
7
],
[
3,
6
],
[
5,
8
],
[
1,
5
],
[
5,
3
],
[
3,
1
]
]
}