{
"contact_id_pairs": [
[
0,
1
],
[
0,
18
],
[
1,
2
],
[
2,
3
],
[
2,
18
],
[
3,
18
],
[
0,
31
],
[
25,
26
],
[
25,
31
],
[
26,
31
],
[
1,
8
],
[
1,
24
],
[
1,
29
],
[
8,
25
],
[
8,
29
],
[
24,
29
],
[
2,
5
],
[
2,
11
],
[
2,
12
],
[
11,
12
],
[
11,
30
],
[
11,
31
],
[
12,
30
],
[
30,
31
],
[
3,
4
],
[
3,
26
],
[
3,
27
],
[
3,
28
],
[
4,
28
],
[
26,
27
],
[
4,
5
],
[
4,
6
],
[
4,
7
],
[
5,
6
],
[
5,
7
],
[
7,
17
],
[
6,
15
],
[
6,
20
],
[
6,
28
],
[
15,
21
],
[
20,
21
],
[
21,
28
],
[
7,
27
],
[
20,
27
],
[
8,
11
],
[
8,
19
],
[
9,
10
],
[
9,
11
],
[
9,
19
],
[
11,
19
],
[
9,
23
],
[
9,
24
],
[
10,
13
],
[
10,
22
],
[
10,
23
],
[
10,
29
],
[
13,
22
],
[
22,
23
],
[
12,
13
],
[
12,
15
],
[
13,
14
],
[
13,
15
],
[
13,
16
],
[
14,
16
],
[
14,
21
],
[
14,
22
],
[
14,
30
],
[
21,
22
],
[
16,
17
],
[
16,
18
],
[
16,
19
],
[
17,
18
]
],
"contact_t_bound_pairs": [
[
[
0.6,
0.9
],
[
0.6,
0.9
]
],
[
[
0.6,
0.9
],
[
0.1,
0.4
]
],
[
[
0.6,
0.9
],
[
0.6,
0.9
]
],
[
[
0.6,
0.9
],
[
0.6,
0.9
]
],
[
[
0.6,
0.9
],
[
0.1,
0.4
]
],
[
[
0.6,
0.9
],
[
0.1,
0.4
]
],
[
[
0.1,
0.4
],
[
0.6,
0.9
]
],
[
[
0.6,
0.9
],
[
0.1,
0.4
]
],
[
[
0.6,
0.9
],
[
0.6,
0.9
]
],
[
[
0.1,
0.4
],
[
0.6,
0.9
]
],
[
[
0.1,
0.4
],
[
0.1,
0.4
]
],
[
[
0.1,
0.4
],
[
0.6,
0.9
]
],
[
[
0.1,
0.4
],
[
0.6,
0.9
]
],
[
[
0.1,
0.4
],
[
0.1,
0.4
]
],
[
[
0.1,
0.4
],
[
0.6,
0.9
]
],
[
[
0.6,
0.9
],
[
0.6,
0.9
]
],
[
[
0.1,
0.4
],
[
0.1,
0.4
]
],
[
[
0.1,
0.4
],
[
0.1,
0.4
]
],
[
[
0.1,
0.4
],
[
0.1,
0.4
]
],
[
[
0.1,
0.4
],
[
0.1,
0.4
]
],
[
[
0.1,
0.4
],
[
0.6,
0.9
]
],
[
[
0.1,
0.4
],
[
0.1,
0.4
]
],
[
[
0.1,
0.4
],
[
0.6,
0.9
]
],
[
[
0.6,
0.9
],
[
0.1,
0.4
]
],
[
[
0.1,
0.4
],
[
0.1,
0.4
]
],
[
[
0.1,
0.4
],
[
0.6,
0.9
]
],
[
[
0.1,
0.4
],
[
0.1,
0.4
]
],
[
[
0.1,
0.4
],
[
0.6,
0.9
]
],
[
[
0.1,
0.4
],
[
0.6,
0.9
]
],
[
[
0.6,
0.9
],
[
0.1,
0.4
]
],
[
[
0.6,
0.9
],
[
0.6,
0.9
]
],
[
[
0.6,
0.9
],
[
0.6,
0.9
]
],
[
[
0.6,
0.9
],
[
0.6,
0.9
]
],
[
[
0.6,
0.9
],
[
0.6,
0.9
]
],
[
[
0.6,
0.9
],
[
0.6,
0.9
]
],
[
[
0.6,
0.9
],
[
0.1,
0.4
]
],
[
[
0.1,
0.4
],
[
0.1,
0.4
]
],
[
[
0.1,
0.4
],
[
0.6,
0.9
]
],
[
[
0.1,
0.4
],
[
0.1,
0.4
]
],
[
[
0.1,
0.4
],
[
0.6,
0.9
]
],
[
[
0.6,
0.9
],
[
0.6,
0.9
]
],
[
[
0.6,
0.9
],
[
0.1,
0.4
]
],
[
[
0.1,
0.4
],
[
0.6,
0.9
]
],
[
[
0.1,
0.4
],
[
0.6,
0.9
]
],
[
[
0.6,
0.9
],
[
0.6,
0.9
]
],
[
[
0.6,
0.9
],
[
0.1,
0.4
]
],
[
[
0.6,
0.9
],
[
0.6,
0.9
]
],
[
[
0.6,
0.9
],
[
0.6,
0.9
]
],
[
[
0.6,
0.9
],
[
0.1,
0.4
]
],
[
[
0.6,
0.9
],
[
0.1,
0.4
]
],
[
[
0.1,
0.4
],
[
0.6,
0.9
]
],
[
[
0.1,
0.4
],
[
0.1,
0.4
]
],
[
[
0.1,
0.4
],
[
0.1,
0.4
]
],
[
[
0.1,
0.4
],
[
0.6,
0.9
]
],
[
[
0.1,
0.4
],
[
0.1,
0.4
]
],
[
[
0.1,
0.4
],
[
0.1,
0.4
]
],
[
[
0.1,
0.4
],
[
0.6,
0.9
]
],
[
[
0.6,
0.9
],
[
0.1,
0.4
]
],
[
[
0.6,
0.9
],
[
0.6,
0.9
]
],
[
[
0.6,
0.9
],
[
0.6,
0.9
]
],
[
[
0.6,
0.9
],
[
0.6,
0.9
]
],
[
[
0.6,
0.9
],
[
0.6,
0.9
]
],
[
[
0.6,
0.9
],
[
0.1,
0.4
]
],
[
[
0.6,
0.9
],
[
0.1,
0.4
]
],
[
[
0.1,
0.4
],
[
0.1,
0.4
]
],
[
[
0.1,
0.4
],
[
0.1,
0.4
]
],
[
[
0.1,
0.4
],
[
0.1,
0.4
]
],
[
[
0.1,
0.4
],
[
0.1,
0.4
]
],
[
[
0.6,
0.9
],
[
0.6,
0.9
]
],
[
[
0.6,
0.9
],
[
0.6,
0.9
]
],
[
[
0.6,
0.9
],
[
0.6,
0.9
]
],
[
[
0.6,
0.9
],
[
0.6,
0.9
]
]
],
"line_pt_pairs": [
[
[
13.743740983546711,
-1.0176719906401588,
1.3187875636504625
],
[
14.663130916836058,
-0.0736463418013998,
0.5169626859626351
]
],
[
[
14.898862316707724,
-0.9094889335248458,
1.7534280994982525
],
[
14.412883332051203,
-0.14711980316868484,
0.5607299096601065
]
],
[
[
14.84124725534237,
0.2680571533554661,
2.1082257801366127
],
[
14.381562632177053,
-0.2823637882246075,
0.5338624059345823
]
],
[
[
13.708550084600887,
0.3532050401431534,
1.5136730906412017
],
[
14.64201936922134,
-0.27043623270118505,
0.628318999480538
]
],
[
[
13.731516943627536,
0.26103314463864247,
1.5061277463670342
],
[
14.62562219975563,
0.4427898975586426,
0.9788110696603195
]
],
[
[
14.679135815443443,
-0.04718434262553988,
1.7408770684472303
],
[
14.510649801865352,
0.45741876705021306,
0.9084184182154318
]
],
[
[
14.76252319508172,
1.1961526629966175,
2.545059724516836
],
[
14.473883099437153,
0.2829522959738344,
0.8847449498866827
]
],
[
[
13.714112184090157,
1.087063252775952,
1.9769374423216561
],
[
14.601098500954203,
0.2948141356268802,
0.8558865312254726
]
],
[
[
14.766265703916368,
-0.9353405729303375,
1.6598379792952624
],
[
15.28414569380424,
-0.1608289832759358,
0.9481592472333863
]
],
[
[
15.829263691281238,
-0.800657619380125,
2.4230464223133437
],
[
15.150373908478755,
-0.17376080565937524,
1.0076950746778646
]
],
[
[
15.638809218009719,
0.19516961342864733,
2.8870610714955944
],
[
15.38374688309068,
-0.47155918655996454,
1.2665690747758398
]
],
[
[
14.701845122383508,
0.24158664040244818,
2.0592778037414803
],
[
15.284766416811198,
-0.3562426319170549,
0.9801691896503404
]
],
[
[
14.714593775701983,
0.12401536053484771,
2.010817133755296
],
[
15.395030790583544,
0.525494238123878,
1.635587369753067
]
],
[
[
15.719278945373556,
0.09491225040023855,
2.868469109909077
],
[
14.972418597157517,
0.572586563096986,
1.3262934707822458
]
],
[
[
15.844960169853914,
1.0609488020245912,
3.234389546488776
],
[
14.98330920249428,
0.4293627477858434,
1.236944535551128
]
],
[
[
14.698744345081968,
1.2271550331396759,
2.446310521567683
],
[
15.235392014474415,
0.2582756990556697,
1.600997575586442
]
],
[
[
15.085162460295866,
0.604025357363097,
1.635587393657643
],
[
15.0,
0.0,
0.0
]
],
[
[
14.416579842967018,
0.4031208663790759,
1.0505943478088449
],
[
15.07284640321837,
-0.016118096997716387,
0.07643123422536563
]
],
[
[
14.391099910939191,
-0.2747733929598594,
0.8154822276399567
],
[
15.103874602737577,
0.08412996817855636,
0.14592061173533846
]
],
[
[
15.277286790076243,
-0.3437935974241831,
1.2849165050100726
],
[
15.007128041086197,
0.24999968550255827,
0.17634033189265655
]
],
[
[
13.640795272542725,
1.07411416545453,
1.8622666174232223
],
[
14.94288485993535,
1.0927241595670811,
2.361136866474554
]
],
[
[
15.899347569881884,
0.9792666776243896,
3.0412438409174762
],
[
14.662108180768373,
1.1407395335350352,
2.2342634208946537
]
],
[
[
15.679268975351109,
1.1696539738763858,
3.003906173373295
],
[
15.61593764795378,
-0.06378639500613283,
2.499880373009704
]
],
[
[
15.604185573386447,
0.19335110957148788,
2.573036427394098
],
[
15.675927411046695,
-0.7890515449403155,
2.1243741513709002
]
],
[
[
15.860553537670965,
-0.7019885408580069,
2.3845926778413125
],
[
14.706423294033433,
-0.8041278011073866,
1.5457662954745295
]
],
[
[
14.960745801293719,
-0.8753707931836133,
1.5789819251888875
],
[
13.682314510414535,
-0.7988719000713833,
1.2815471312524118
]
],
[
[
13.862022436026084,
-1.0818613334940674,
1.2724944166182484
],
[
13.84183493106258,
0.39510196402783987,
1.3427748532052417
]
],
[
[
13.81149714035876,
0.11404981293442583,
1.264871748370004
],
[
13.778511941501169,
1.2034696871553439,
1.951966204671402
]
],
[
[
14.953405784019074,
1.2158377522613935,
2.5092928716688294
],
[
13.733132130259078,
0.11924751175248804,
1.2761398895023774
]
],
[
[
15.851779437118198,
0.22237488776997877,
2.5192463673048633
],
[
14.734347888362768,
-1.0026948301819663,
1.4809785159949773
]
],
[
[
15.83219722343429,
1.1242286190470379,
3.182905390359024
],
[
14.736889013178871,
0.008211526060416793,
1.608225802577763
]
],
[
[
15.092861751519305,
0.32112889813910234,
1.9664800882419413
],
[
13.724682413475977,
-1.089409169627921,
1.157809369907831
]
]
],
"contact_t_pairs": [
[
0.7994590534397937,
0.8839639703447644
],
[
0.8999999810225101,
0.2883034632245459
],
[
0.8999999670076607,
0.89999997897909
],
[
0.8273079285157829,
0.8151064769222178
],
[
0.8666706237980768,
0.10000004303247649
],
[
0.8999999529423753,
0.1864131718425426
],
[
0.10000001534585536,
0.8999999800130848
],
[
0.8688203831143382,
0.18601166345407186
],
[
0.7587016269463215,
0.7993630612679136
],
[
0.10000003181222818,
0.8887056572518154
],
[
0.1445314707676913,
0.14094124133156832
],
[
0.12195795396689242,
0.8999999549741395
],
[
0.10000003644614047,
0.8703706804506747
],
[
0.12047065457489324,
0.10000006282462182
],
[
0.10000006786022347,
0.8999999747283531
],
[
0.8173324289733731,
0.8179341375548721
],
[
0.36326592187118867,
0.2349278514933841
],
[
0.12613947247698457,
0.12602742053458066
],
[
0.1000000069075263,
0.1479217273043177
],
[
0.10000001610085973,
0.10000005309394526
],
[
0.25454770209879435,
0.8999999984259215
],
[
0.2369579544864321,
0.1748981073854579
],
[
0.3039609278915838,
0.8128046991531006
],
[
0.8236194501311526,
0.10000000353682292
],
[
0.10000003095933929,
0.10000012734345289
],
[
0.17112796785501652,
0.8999999733839357
],
[
0.12047827024986231,
0.16628282695726687
],
[
0.15434143694205574,
0.899999939820337
],
[
0.16123942897388144,
0.8717239791094068
],
[
0.8837702711267472,
0.10000006477066176
],
[
0.8999998874620475,
0.8736105157147892
],
[
0.8505945312165596,
0.8874787055862318
],
[
0.8273480596286901,
0.8325029997249208
],
[
0.836955152193094,
0.8999999637111799
],
[
0.8999998666729074,
0.8853148032043902
],
[
0.8999999636463972,
0.10000005025220757
],
[
0.10000004837984573,
0.10000005901345432
],
[
0.15011619705708337,
0.8331440802749012
],
[
0.1683518430489385,
0.185882449690354
],
[
0.1324582517773165,
0.8999999786009376
],
[
0.8999998991157359,
0.8838486120942878
],
[
0.8471781061903019,
0.10000003062358329
],
[
0.1000003125578331,
0.8350649520070368
],
[
0.10000006099187526,
0.8999999116142009
],
[
0.8294042873360695,
0.8999999795007617
],
[
0.8999999616117427,
0.22315703821262375
],
[
0.6521114392851196,
0.8621430884538436
],
[
0.8999999621598987,
0.842713038993942
],
[
0.8695708296728162,
0.10000003323794096
],
[
0.8702251771787675,
0.14486520607548403
],
[
0.18797172285025585,
0.8999999354265824
],
[
0.10000024961447157,
0.10000008848632592
],
[
0.10000000525273078,
0.100000023731377
],
[
0.20423057061722458,
0.8999999886943967
],
[
0.229781296733872,
0.14781231559815639
],
[
0.3991833428255118,
0.26149726573041987
],
[
0.16547758581592145,
0.8038062327216132
],
[
0.8820083066408327,
0.10000099350239845
],
[
0.7037914116156674,
0.7178520578283017
],
[
0.6759515409052691,
0.8467325416312267
],
[
0.8731411981956145,
0.8648082212290494
],
[
0.7328922493853679,
0.8295071920327575
],
[
0.8999999807761393,
0.10000000678043384
],
[
0.8999999819278349,
0.1292980429453415
],
[
0.14232876986786838,
0.13190423888300606
],
[
0.1679684771968242,
0.1778887992311263
],
[
0.1078250650353899,
0.10000001668453067
],
[
0.16910970901946695,
0.140734849680433
],
[
0.8999999639745332,
0.8976659050529626
],
[
0.875266748381966,
0.89999969770811
],
[
0.7706287091578445,
0.8247615072737393
],
[
0.8553397004831823,
0.8600905954103032
]
],
"half_couplers": [
{
"pose": [
[
0.7585431624349861,
0.26336622797440595,
0.5960289428254835,
14.478755589356288
],
[
-0.21681655102182215,
-0.7605567945827609,
0.6119999554060421,
-0.2629621389966374
],
[
0.6144939820096953,
-0.5934573212763737,
-0.519812998969186,
0.6777614059096735
],
[
0.0,
0.0,
0.0,
1.0
]
],
"at_element": 0,
"to_element": 1
},
{
"pose": [
[
-0.9084043872008125,
-0.263366223220321,
-0.32471480068050607,
14.469274403926628
],
[
-0.4025863933862738,
0.760556799843531,
0.5093893894379815,
-0.23558209018692852
],
[
0.11280809002260925,
0.5934573166441133,
-0.7969207916393071,
0.6991258721859115
],
[
0.0,
0.0,
0.0,
1.0
]
],
"at_element": 1,
"to_element": 0
},
{
"pose": [
[
0.3831541299968346,
-0.7056503475014995,
0.5960289420299839,
14.571191906059411
],
[
-0.7856837857316179,
0.09031626806229731,
0.6119999677791925,
-0.1680489246005129
],
[
-0.4856890996355611,
-0.7027805907922562,
-0.5198129853138393,
0.5971451889480413
],
[
0.0,
0.0,
0.0,
1.0
]
],
"at_element": 0,
"to_element": 18
},
{
"pose": [
[
-0.18407898347373797,
0.7056503493995507,
0.6842313294753223,
14.596595323083474
],
[
0.9344203607453918,
-0.09031626743701482,
0.34453092932376506,
-0.17130031098072424
],
[
0.30491559039794414,
0.7027805889668108,
-0.642748727345092,
0.6224452949324321
],
[
0.0,
0.0,
0.0,
1.0
]
],
"at_element": 18,
"to_element": 0
},
{
"pose": [
[
0.07210695975482517,
0.9430593219239243,
-0.32471480053626145,
14.461481246550438
],
[
0.8534589823729808,
0.11013723190600999,
0.5093893948198742,
-0.22335674135664196
],
[
0.5161476065640447,
-0.3138612838189346,
-0.7969207882579914,
0.6799997679938244
],
[
0.0,
0.0,
0.0,
1.0
]
],
"at_element": 1,
"to_element": 2
},
{
"pose": [
[
0.20008800015710482,
-0.9430593222155585,
-0.2657139570580776,
14.427531104156573
],
[
-0.9416168281578488,
-0.11013723190381008,
-0.3181627556432694,
-0.22732168249625107
],
[
0.2707813529825915,
0.31386128294343324,
-0.9100376662237775,
0.6912987764493361
],
[
0.0,
0.0,
0.0,
1.0
]
],
"at_element": 2,
"to_element": 1
},
{
"pose": [
[
0.9348284212788855,
-0.23556722158737833,
-0.26571395688376903,
14.460946521980912
],
[
-0.3156950063000873,
-0.8939290374614375,
-0.3181627554891612,
-0.18731045563485138
],
[
-0.16258070539401145,
0.3813121557161152,
-0.910037666328551,
0.8057424782944125
],
[
0.0,
0.0,
0.0,
1.0
]
],
"at_element": 2,
"to_element": 3
},
{
"pose": [
[
-0.7198851280686294,
0.235567221554279,
0.6528962295149289,
14.469426944502967
],
[
-0.10308390877294482,
0.8939290374710702,
-0.4361932871080631,
-0.1551290006282829
],
[
-0.6863957387234457,
-0.38131215571398086,
-0.6192430296475304,
0.792015236566561
],
[
0.0,
0.0,
0.0,
1.0
]
],
"at_element": 3,
"to_element": 2
},
{
"pose": [
[
-0.7973330654486774,
-0.5419004300859335,
-0.26571395637959094,
14.4428520962333
],
[
-0.4580856763697195,
0.8300180559484012,
-0.3181627569413703,
-0.20897650743526108
],
[
0.39295991633640126,
-0.1319619288746462,
-0.9100376659680474,
0.7437712925320941
],
[
0.0,
0.0,
0.0,
1.0
]
],
"at_element": 2,
"to_element": 18
},
{
"pose": [
[
0.4880280901319597,
0.5419004305180578,
0.684231325391125,
14.46237741079149
],
[
0.43859830260601684,
-0.8300180555091266,
0.34453092238574184,
-0.2388830414015174
],
[
0.7546258093871907,
0.13196192986309646,
-0.642748735411852,
0.7485260372366004
],
[
0.0,
0.0,
0.0,
1.0
]
],
"at_element": 18,
"to_element": 2
},
{
"pose": [
[
0.3207899084528353,
0.6861635000549463,
0.6528962289883187,
14.548672396832448
],
[
0.8998353299588521,
-0.0056388040298516184,
-0.43619328610944563,
-0.20807207606967426
],
[
-0.29561835801023145,
0.7274254979593845,
-0.6192430309061829,
0.716854450259265
],
[
0.0,
0.0,
0.0,
1.0
]
],
"at_element": 3,
"to_element": 18
},
{
"pose": [
[
0.24699624311571577,
-0.6861635006791393,
0.6842313250812702,
14.52397050204642
],
[
-0.9387580343960977,
0.005638804913503437,
0.3445309227571919,
-0.2078690790250978
],
[
-0.24026279100913012,
-0.7274254973637478,
-0.6427487355425965,
0.6906671230751587
],
[
0.0,
0.0,
0.0,
1.0
]
],
"at_element": 18,
"to_element": 3
},
{
"pose": [
[
-0.3610080904561517,
-0.7172326409319614,
0.5960289400750334,
13.835679990984472
],
[
-0.3740088743786856,
0.6968309736230148,
0.6119999641222129,
-0.9232694112694019
],
[
-0.8542777771376193,
-0.0019831745675909507,
-0.5198129918609604,
1.2386050635769912
],
[
0.0,
0.0,
0.0,
1.0
]
],
"at_element": 0,
"to_element": 31
},
{
"pose": [
[
0.26650032868988993,
0.7172326407422212,
-0.6438593898221263,
13.861500374625994
],
[
0.27167102186239644,
-0.69683097381671,
-0.6637932282043086,
-0.9483553346589138
],
[
-0.9247553355825648,
0.001983175129895376,
-0.3805570079869538,
1.238676457904075
],
[
0.0,
0.0,
0.0,
1.0
]
],
"at_element": 31,
"to_element": 0
},
{
"pose": [
[
-0.04538878907377786,
-0.22913015833641764,
-0.9723369932112758,
13.85001863736671
],
[
-0.9970834123442351,
-0.0493905979133078,
0.05818279527267667,
-0.8089069955620228
],
[
-0.0613557385612164,
0.9721419337619864,
-0.22622010071413534,
1.3205645135694646
],
[
0.0,
0.0,
0.0,
1.0
]
],
"at_element": 25,
"to_element": 26
},
{
"pose": [
[
0.9733000591345121,
0.22913016088857754,
-0.01365152958205662,
13.858267324646835
],
[
0.0023815388442362806,
0.049390607165312406,
0.9987766998666795,
-0.8071289336614063
],
[
0.2295241232670078,
-0.972141932690395,
0.0475261984961457,
1.2855673975360735
],
[
0.0,
0.0,
0.0,
1.0
]
],
"at_element": 26,
"to_element": 25
},
{
"pose": [
[
0.01491630825766177,
-0.23310571960625653,
-0.972336992629002,
13.990797900964596
],
[
-0.9510373944807666,
-0.3035500556256854,
0.058182798393325685,
-0.8173309585197717
],
[
-0.3087156912876268,
0.9238609674710221,
-0.22622010241424162,
1.3533176631188395
],
[
0.0,
0.0,
0.0,
1.0
]
],
"at_element": 25,
"to_element": 31
},
{
"pose": [
[
-0.7287707519276592,
0.23310572018875395,
-0.6438593902010571,
13.999189727497482
],
[
0.6835465773320037,
0.3035500512584377,
-0.6637932230737995,
-0.8064031297460731
],
[
0.0407095535777251,
-0.9238609687589807,
-0.38055701629482575,
1.3200585872766641
],
[
0.0,
0.0,
0.0,
1.0
]
],
"at_element": 31,
"to_element": 25
},
{
"pose": [
[
-0.8821262523566751,
-0.47081515546634134,
-0.013651530550554514,
13.860003684887523
],
[
0.010350345138038036,
-0.04835261042261352,
0.9987766994783382,
-0.9341649567563832
],
[
-0.4708992941794364,
0.8809058487991348,
0.04752620637905769,
1.279522462512725
],
[
0.0,
0.0,
0.0,
1.0
]
],
"at_element": 26,
"to_element": 31
},
{
"pose": [
[
-0.6031402619065305,
0.4708151554801453,
-0.6438593898030286,
13.876953033665155
],
[
0.7463515091412899,
0.048352610443158195,
-0.6637932282464557,
-0.9324242624544957
],
[
-0.2813916297082073,
-0.880905848790629,
-0.3805570079457483,
1.247809846004528
],
[
0.0,
0.0,
0.0,
1.0
]
],
"at_element": 31,
"to_element": 26
},
{
"pose": [
[
-0.8985925032987012,
-0.2951132173303304,
-0.3247148009751253,
14.828623059293129
],
[
-0.4290540256628987,
0.7459457686893386,
0.5093893925445763,
-0.7993026018465841
],
[
0.0918920893104229,
0.5970536819511398,
-0.7969207895335348,
1.5810456759389822
],
[
0.0,
0.0,
0.0,
1.0
]
],
"at_element": 1,
"to_element": 8
},
{
"pose": [
[
0.8472252679117201,
0.2951132183594226,
0.4417211040480834,
14.839256352551946
],
[
-0.08459158368621382,
-0.7459457676015953,
0.6606127275240202,
-0.8261799480587599
],
[
0.5244555361337816,
-0.5970536828014804,
-0.6070200082961164,
1.559533095369185
],
[
0.0,
0.0,
0.0,
1.0
]
],
"at_element": 8,
"to_element": 1
},
{
"pose": [
[
0.8070107826040435,
0.4932483119893961,
-0.32471479713807416,
14.839593314068107
],
[
0.5886293874596827,
-0.6277243858030375,
0.5093893792444418,
-0.8165119542190893
],
[
0.04742405486299167,
-0.6022193937327246,
-0.7969207995983925,
1.607969068565576
],
[
0.0,
0.0,
0.0,
1.0
]
],
"at_element": 1,
"to_element": 24
},
{
"pose": [
[
-0.3251101892072987,
-0.49324831861408786,
-0.8068515731272821,
14.821836370362893
],
[
-0.7751537521139058,
0.6277243970311266,
-0.07140547566988159,
-0.7939138704835406
],
[
0.5417010480489473,
0.6022193766031478,
-0.5864228823864126,
1.6296489714800875
],
[
0.0,
0.0,
0.0,
1.0
]
],
"at_element": 24,
"to_element": 1
},
{
"pose": [
[
-0.49852720163829223,
-0.8037604910851042,
-0.3247148013215991,
14.850264400530014
],
[
-0.8082104400969292,
0.2954967501670175,
0.5093893944312731,
-0.8332519927038173
],
[
-0.31347490129996264,
0.5163823618321635,
-0.7969207881863887,
1.6341582370451921
],
[
0.0,
0.0,
0.0,
1.0
]
],
"at_element": 1,
"to_element": 29
},
{
"pose": [
[
-0.1665312941956807,
0.8037604901836838,
-0.5711710798641648,
14.879199779670882
],
[
0.7215038652830431,
-0.2954967501269825,
-0.6261899416678777,
-0.8438898762433718
],
[
-0.6720859323294456,
-0.516382363258154,
-0.5307068442000573,
1.615568471070218
],
[
0.0,
0.0,
0.0,
1.0
]
],
"at_element": 29,
"to_element": 1
},
{
"pose": [
[
-0.8893601352589604,
-0.11798735950931646,
0.44172110296903794,
14.828655045289398
],
[
0.23345079988522457,
0.7135065123422177,
0.660612731392753,
-0.8420346547488305
],
[
-0.3931148354426642,
0.6906427729595555,
-0.6070200048710286,
1.574101576596738
],
[
0.0,
0.0,
0.0,
1.0
]
],
"at_element": 8,
"to_element": 25
},
{
"pose": [
[
0.20159303953327123,
0.11798735997536325,
-0.9723369936898325,
14.832902591888837
],
[
0.6982286312313428,
-0.71350651088094,
0.05818279349870498,
-0.8677208990663763
],
[
-0.6869039415671907,
-0.6906427743895911,
-0.22622009911346552,
1.5492384271090114
],
[
0.0,
0.0,
0.0,
1.0
]
],
"at_element": 25,
"to_element": 8
},
{
"pose": [
[
-0.4465210732702165,
-0.7781397035789616,
0.44172110300466727,
14.818053738048606
],
[
-0.4249671132170961,
0.6188649071186949,
0.6606127302897643,
-0.8578893614063677
],
[
-0.7874146835115166,
0.10726056335398859,
-0.6070200060454707,
1.5886700577943969
],
[
0.0,
0.0,
0.0,
1.0
]
],
"at_element": 8,
"to_element": 29
},
{
"pose": [
[
0.26127035530350506,
0.7781397034580131,
-0.5711710806245844,
14.846091071477645
],
[
0.47422819878503586,
-0.6188649070925196,
-0.6261899410294512,
-0.8801878274272426
],
[
-0.8407409927657155,
-0.10726056438245357,
-0.530706844134949,
1.5848053273647045
],
[
0.0,
0.0,
0.0,
1.0
]
],
"at_element": 29,
"to_element": 8
},
{
"pose": [
[
0.15226905421204362,
-0.5707930280633395,
-0.8068515689045004,
14.91724546228707
],
[
-0.9842641054199792,
-0.16163362693991568,
-0.07140547194757696,
-0.7854702705311759
],
[
-0.08965659993094649,
0.8050278813535168,
-0.5864228886497271,
1.6989926732545224
],
[
0.0,
0.0,
0.0,
1.0
]
],
"at_element": 24,
"to_element": 29
},
{
"pose": [
[
-0.5898804276772707,
0.5707930275603605,
-0.5711710783397191,
14.937794027010321
],
[
0.7627324166464531,
0.16163362225137812,
-0.6261899334503551,
-0.7796514554276358
],
[
-0.2651043976246744,
-0.8050278826515118,
-0.5307068555367287,
1.6700116477927616
],
[
0.0,
0.0,
0.0,
1.0
]
],
"at_element": 29,
"to_element": 24
},
{
"pose": [
[
0.002725518887880418,
0.9640480615529001,
-0.2657139562817268,
14.67425949693821
],
[
0.9437199469606465,
-0.09036106669830568,
-0.3181627560443536,
0.06810798259517299
],
[
-0.3307343847491312,
-0.24989240212787575,
-0.9100376663102323,
1.5363132176468768
],
[
0.0,
0.0,
0.0,
1.0
]
],
"at_element": 2,
"to_element": 5
},
{
"pose": [
[
-0.20377860702247275,
-0.9640480618388224,
-0.17054504913597268,
14.639553758266857
],
[
-0.8549556258895404,
0.09036106691174273,
0.5107697674553537,
0.07136098178746522
],
[
-0.4769959717647576,
0.24989240094765205,
-0.8426319664413482,
1.5453093462911913
],
[
0.0,
0.0,
0.0,
1.0
]
],
"at_element": 5,
"to_element": 2
},
{
"pose": [
[
-0.9384365499090814,
0.22075537345615426,
-0.2657139568878045,
14.783262879470517
],
[
0.3015198794907721,
0.8988093364342387,
-0.3181627555363983,
0.19862734614427047
],
[
0.16859004735336675,
-0.3786935988749711,
-0.9100376663108578,
1.9096364146276832
],
[
0.0,
0.0,
0.0,
1.0
]
],
"at_element": 2,
"to_element": 11
},
{
"pose": [
[
0.8767807594528834,
-0.22075537334400847,
0.42722659677619856,
14.77530918949491
],
[
-0.012804209121211316,
-0.8988093365963761,
-0.43815274582725394,
0.16624375929195584
],
[
0.4807198270115405,
0.37869359855552,
-0.7908853307092407,
1.9232805286309276
],
[
0.0,
0.0,
0.0,
1.0
]
],
"at_element": 11,
"to_element": 2
},
{
"pose": [
[
-0.7885367947602435,
-0.5546222286097212,
-0.26571395680548615,
14.795278789850554
],
[
-0.4713426241957507,
0.8225622113474803,
-0.31816275564466445,
0.2130150553954116
],
[
0.3950263964920635,
-0.12564072586199607,
-0.9100376662970417,
1.9507894318414531
],
[
0.0,
0.0,
0.0,
1.0
]
],
"at_element": 2,
"to_element": 12
},
{
"pose": [
[
0.29521946539747423,
0.5546222285340165,
0.7779714974640078,
14.815245194265056
],
[
0.3356864653619138,
-0.8225622113380064,
0.45902723824578584,
0.18340280958401578
],
[
0.8945166651456272,
0.1256407262582079,
-0.429015551795102,
1.9553124989280946
],
[
0.0,
0.0,
0.0,
1.0
]
],
"at_element": 12,
"to_element": 2
},
{
"pose": [
[
-0.6538504105753435,
-0.6244654318166476,
0.42722659685054976,
14.760137261211812
],
[
-0.7538741899774908,
0.4895874563125052,
-0.43815274540647675,
0.1818037035449326
],
[
0.06444646054079642,
-0.6085614571162871,
-0.7908853309021888,
1.9513669249577899
],
[
0.0,
0.0,
0.0,
1.0
]
],
"at_element": 11,
"to_element": 12
},
{
"pose": [
[
-0.06930565209042605,
0.6244654318434567,
0.7779714975633014,
14.782637513317226
],
[
0.7413488499643951,
-0.4895874563184761,
0.4590272380502853,
0.16416326960984828
],
[
0.6675317290172729,
0.6085614570839739,
-0.4290155518242209,
1.9732941374326445
],
[
0.0,
0.0,
0.0,
1.0
]
],
"at_element": 12,
"to_element": 11
},
{
"pose": [
[
0.8979403896469031,
0.10573784366578742,
0.42722659685192493,
14.850226398384532
],
[
0.30791360703219733,
-0.8445184321836658,
-0.4381527454055998,
0.0894105728861243
],
[
0.3144714092651179,
0.5249839293911313,
-0.7908853309019319,
1.784593185709566
],
[
0.0,
0.0,
0.0,
1.0
]
],
"at_element": 11,
"to_element": 30
},
{
"pose": [
[
-0.863259050421703,
-0.10573784365802816,
-0.4935618707756604,
14.846419835928513
],
[
0.1840832666314766,
0.8445184322061987,
-0.5028935957141121,
0.11981323711577742
],
[
0.4699969817044616,
-0.5249839293564467,
-0.7095736121828105,
1.7656937638345584
],
[
0.0,
0.0,
0.0,
1.0
]
],
"at_element": 30,
"to_element": 11
},
{
"pose": [
[
-0.8214792960171604,
-0.3776892918243796,
0.42722659685037123,
14.839972959937677
],
[
-0.5535101356364398,
0.7082716297052161,
-0.438152745401016,
0.09992623890150656
],
[
-0.13710687788320833,
-0.5964076604101561,
-0.790885330905311,
1.8035744338777553
],
[
0.0,
0.0,
0.0,
1.0
]
],
"at_element": 11,
"to_element": 31
},
{
"pose": [
[
0.6654290984550905,
0.3776892917968699,
-0.6438593897670705,
14.853569774731639
],
[
-0.240270365426901,
-0.7082716297860334,
-0.6637932283006958,
0.07442845969150921
],
[
-0.7067349336398115,
0.5964076603316015,
-0.38055700791197644,
1.8250451101072667
],
[
0.0,
0.0,
0.0,
1.0
]
],
"at_element": 31,
"to_element": 11
},
{
"pose": [
[
-0.2651771054243788,
-0.5695976227236006,
0.7779714975154106,
14.921420042117163
],
[
-0.37913841672733684,
0.803460052292787,
0.4590272381146462,
0.24604925269568095
],
[
-0.8865298436715123,
-0.1732353675127991,
-0.4290155518422023,
1.8967619465166385
],
[
0.0,
0.0,
0.0,
1.0
]
],
"at_element": 12,
"to_element": 30
},
{
"pose": [
[
0.6572330085706466,
0.5695976228829691,
-0.49356187094552517,
14.941925563117714
],
[
0.3186690705321915,
-0.8034600520820898,
-0.5028935953006308,
0.21712468153232942
],
[
-0.6830042429819345,
0.1732353679660028,
-0.7095736123577019,
1.9029984217499476
],
[
0.0,
0.0,
0.0,
1.0
]
],
"at_element": 30,
"to_element": 12
},
{
"pose": [
[
-0.4869776188073187,
-0.7205896743121305,
-0.49356187054460754,
14.930080077579584
],
[
-0.5161830425102754,
0.6932914954204654,
-0.5028935961040766,
0.20505523458442965
],
[
0.7045621799426857,
0.009870342060565501,
-0.7095736120671474,
1.8859686541378717
],
[
0.0,
0.0,
0.0,
1.0
]
],
"at_element": 30,
"to_element": 31
},
{
"pose": [
[
0.2572850709361041,
0.7205896742922331,
-0.6438593896005691,
14.956043812875963
],
[
0.2805805626622999,
-0.6932914954430338,
-0.6637932285000122,
0.18007508637357666
],
[
-0.9247047853934309,
-0.009870341928001292,
-0.380557007846017,
1.885613013548405
],
[
0.0,
0.0,
0.0,
1.0
]
],
"at_element": 31,
"to_element": 30
},
{
"pose": [
[
-0.5424768199064132,
-0.5286259673912781,
0.65289622947591,
13.801897041962524
],
[
-0.8398415264747501,
0.3231124059799959,
-0.4361932868699149,
0.29084089355119774
],
[
0.019624226679961276,
-0.7849541131183743,
-0.6192430298564204,
1.4251376541151575
],
[
0.0,
0.0,
0.0,
1.0
]
],
"at_element": 3,
"to_element": 4
},
{
"pose": [
[
0.02629673371805996,
0.5286259674747864,
0.848447445813297,
13.820927583098797
],
[
0.9305109625453658,
-0.3231124061106745,
0.17247527822927988,
0.279208843076175
],
[
0.36531880649462656,
0.7849541130083444,
-0.5003890587259328,
1.4533960115460363
],
[
0.0,
0.0,
0.0,
1.0
]
],
"at_element": 4,
"to_element": 3
},
{
"pose": [
[
0.33596301345078605,
0.6788632907707194,
0.6528962291490252,
13.868292786333061
],
[
0.8994876538062427,
-0.02563937559103202,
-0.43619328636447685,
0.24648257645078586
],
[
-0.27937575815236304,
0.7338169082702111,
-0.6192430305570991,
1.3621642441887523
],
[
0.0,
0.0,
0.0,
1.0
]
],
"at_element": 3,
"to_element": 26
},
{
"pose": [
[
0.7341377715025552,
-0.6788632912231283,
-0.013651530425712655,
13.843853682096242
],
[
0.04228152094663934,
0.025639375832077094,
0.9987766994645904,
0.247405594964699
],
[
-0.6776828206762372,
-0.7338169078432601,
0.047526206703832674,
1.3357468076759538
],
[
0.0,
0.0,
0.0,
1.0
]
],
"at_element": 26,
"to_element": 3
},
{
"pose": [
[
0.6325361916350927,
0.4166827090016165,
0.6528962293434137,
13.821012849343335
],
[
0.7637213410565014,
-0.47588352614738105,
-0.436193286005636,
0.27806981833444505
],
[
0.12894835976712743,
0.7745388237916867,
-0.6192430306049139,
1.4070071611795258
],
[
0.0,
0.0,
0.0,
1.0
]
],
"at_element": 3,
"to_element": 27
},
{
"pose": [
[
0.9086914177851818,
-0.41668270948139585,
-0.025601305880732228,
13.806012268244972
],
[
0.24203989150439453,
0.47588352612841467,
0.8455480828906937,
0.2952016293633102
],
[
-0.34014202645967917,
-0.7745388235452301,
0.5332851138528749,
1.3791237569504669
],
[
0.0,
0.0,
0.0,
1.0
]
],
"at_element": 27,
"to_element": 3
},
{
"pose": [
[
-0.7541632229650697,
-0.07045811988450165,
0.6528962294800608,
13.85262307533048
],
[
-0.4504028454429114,
0.7790203415085655,
-0.4361932878126472,
0.25695134995598556
],
[
-0.4778860846936933,
-0.6230272553092836,
-0.6192430291879862,
1.3770262680089371
],
[
0.0,
0.0,
0.0,
1.0
]
],
"at_element": 3,
"to_element": 28
},
{
"pose": [
[
0.800953360850415,
0.07045811933849908,
-0.594566537203118,
13.855159569070736
],
[
-0.32809697006105176,
-0.7790203413886148,
-0.5343029907641575,
0.22890660179580974
],
[
-0.5008254106763975,
0.6230272555210149,
-0.600841865134887,
1.3994552619297536
],
[
0.0,
0.0,
0.0,
1.0
]
],
"at_element": 28,
"to_element": 3
},
{
"pose": [
[
-0.35957026510688617,
-0.38838918088273944,
0.8484474460001623,
13.875681964568177
],
[
-0.5059223949442307,
0.84515963517178,
0.17247527756231446,
0.29033949969161016
],
[
-0.7840610656988762,
-0.3672315825872529,
-0.5003890586389796,
1.4211035065264386
],
[
0.0,
0.0,
0.0,
1.0
]
],
"at_element": 4,
"to_element": 28
},
{
"pose": [
[
0.7040202248788596,
0.3883891805822257,
-0.5945665373767576,
13.889663978961035
],
[
0.015016868870052463,
-0.8451596349359596,
-0.5343029900012303,
0.25991374435242903
],
[
-0.7100211381436891,
0.3672315834478053,
-0.6008418656414996,
1.4343238472040585
],
[
0.0,
0.0,
0.0,
1.0
]
],
"at_element": 28,
"to_element": 4
},
{
"pose": [
[
-0.027850770510782663,
0.9995188694040533,
-0.013651530580816806,
13.844181319291115
],
[
-0.0478920059951346,
0.012306922625056504,
0.9987766994765462,
0.2234349204011232
],
[
0.9984641657784811,
0.028470499833057272,
0.04752620640802452,
1.3346061771156417
],
[
0.0,
0.0,
0.0,
1.0
]
],
"at_element": 26,
"to_element": 27
},
{
"pose": [
[
0.01751007794069359,
-0.9995188694039828,
-0.0256013061365028,
13.808198618336528
],
[
0.5337574151215793,
-0.012306922634841788,
0.8455480834689357,
0.2229918709189638
],
[
-0.8454563377095479,
-0.028470499831301177,
0.533285112923767,
1.3335812385037065
],
[
0.0,
0.0,
0.0,
1.0
]
],
"at_element": 27,
"to_element": 26
},
{
"pose": [
[
-0.5158614422515793,
0.11842256566109982,
0.8484474458328951,
14.536211573522046
],
[
0.4810024985743779,
0.8595864556977493,
0.17247527807250235,
0.42461420181210974
],
[
-0.708888967866849,
0.49707868705389485,
-0.5003890587467414,
1.03154279667413
],
[
0.0,
0.0,
0.0,
1.0
]
],
"at_element": 4,
"to_element": 5
},
{
"pose": [
[
0.9782077909680311,
-0.11842256572088644,
-0.170545048645591,
14.531944662230758
],
[
-0.015012330634482512,
-0.8595864558025164,
0.5107697670475317,
0.393642240249581
],
[
-0.20708488022635946,
-0.4970786868584804,
-0.8426319667878042,
1.0136324377069914
],
[
0.0,
0.0,
0.0,
1.0
]
],
"at_element": 5,
"to_element": 4
},
{
"pose": [
[
-0.34905225934673045,
-0.39786863640636266,
0.8484474458733928,
14.492037984822074
],
[
-0.5283492154744542,
0.8313238748957685,
0.17247527804242904,
0.41563444468407407
],
[
-0.7739571220374364,
-0.3880736569163463,
-0.5003890586884394,
1.0575950649410122
],
[
0.0,
0.0,
0.0,
1.0
]
],
"at_element": 4,
"to_element": 6
},
{
"pose": [
[
0.9049991634096809,
0.39786863631589714,
-0.15058905160703423,
14.506361256618792
],
[
0.2862013041360812,
-0.8313238748795408,
-0.4764340757818145,
0.38570678333036623
],
[
-0.3147464499221302,
0.3880736570438579,
-0.8662179338769327,
1.0715657174623714
],
[
0.0,
0.0,
0.0,
1.0
]
],
"at_element": 6,
"to_element": 4
},
{
"pose": [
[
0.09834856402419867,
0.5200620074480661,
0.8484474458465096,
14.471253192388929
],
[
0.8775757658639948,
-0.4473399754021319,
0.17247527815731567,
0.4114092414914159
],
[
0.4692422989486361,
0.7276142211476546,
-0.5003890586944233,
1.0698533170838846
],
[
0.0,
0.0,
0.0,
1.0
]
],
"at_element": 4,
"to_element": 7
},
{
"pose": [
[
-0.6595470889403379,
-0.5200620074892849,
0.5427090802967476,
14.452530953594435
],
[
-0.7516054504666617,
0.44733997548580384,
-0.4847434302403357,
0.4275134862199296
],
[
0.009321174772160823,
-0.7276142210667516,
-0.6859232180078845,
1.043659195989728
],
[
0.0,
0.0,
0.0,
1.0
]
],
"at_element": 7,
"to_element": 4
},
{
"pose": [
[
0.0736216996480803,
0.9825956603192256,
-0.170545048778182,
14.538120578306785
],
[
0.8593750972398022,
0.024262878931450516,
0.510769767067353,
0.3751458298302384
],
[
0.5060180704135063,
-0.1841659062578695,
-0.8426319667489532,
1.0441465121480178
],
[
0.0,
0.0,
0.0,
1.0
]
],
"at_element": 5,
"to_element": 6
},
{
"pose": [
[
0.10875985429741719,
-0.9825956602941132,
-0.15058905160860986,
14.502747119476018
],
[
-0.8788753518827866,
-0.024262878979874003,
-0.4764340757717861,
0.3742723658150766
],
[
0.46448833133471995,
0.18416590638547622,
-0.8662179338821749,
1.0507764876005623
],
[
0.0,
0.0,
0.0,
1.0
]
],
"at_element": 6,
"to_element": 5
},
{
"pose": [
[
-0.6005007984732822,
0.7812254331582258,
-0.17054504865194262,
14.527498425686911
],
[
0.624129536807339,
0.5912500033346131,
0.5107697669610808,
0.4069583888053722
],
[
0.49986109302245907,
0.20027545067621913,
-0.8426319668389222,
0.9916643942279032
],
[
0.0,
0.0,
0.0,
1.0
]
],
"at_element": 5,
"to_element": 7
},
{
"pose": [
[
0.308469896068739,
-0.781225433159973,
0.5427090802661718,
14.499374300649636
],
[
-0.6445519688257745,
-0.5912500033321464,
-0.48474343011799015,
0.3856733815382697
],
[
0.699570641681138,
-0.2002754506766858,
-0.6859232181185377,
0.9844544755824362
],
[
0.0,
0.0,
0.0,
1.0
]
],
"at_element": 7,
"to_element": 5
},
{
"pose": [
[
-0.045218908821264,
0.8387026317811414,
0.5427090801971179,
14.51239983702265
],
[
0.7986054280291185,
0.35672563294103177,
-0.4847434302032869,
0.3740390761428971
],
[
-0.6001538307862768,
0.4114908483140395,
-0.6859232181128947,
0.9679916630893306
],
[
0.0,
0.0,
0.0,
1.0
]
],
"at_element": 7,
"to_element": 17
},
{
"pose": [
[
0.14031408200101825,
-0.8387026316795292,
0.5262032440094263,
14.482206531970995
],
[
-0.8716358641897537,
-0.35672563292312987,
-0.3361513692873705,
0.3611969489737133
],
[
0.46964122332946145,
-0.41149084853666534,
-0.7810969228720483,
0.95317798749665
],
[
0.0,
0.0,
0.0,
1.0
]
],
"at_element": 17,
"to_element": 7
},
{
"pose": [
[
0.8402717216214481,
-0.5208323831939016,
-0.15058905159369496,
14.733659171552898
],
[
-0.5233073540231931,
-0.7065125509976284,
-0.4764340757209414,
1.1048325821138463
],
[
0.14174924009874673,
0.4791384391795173,
-0.8662179339127327,
2.379028166728048
],
[
0.0,
0.0,
0.0,
1.0
]
],
"at_element": 6,
"to_element": 15
},
{
"pose": [
[
-0.7618281055790921,
0.5208323831959896,
0.3851643365683769,
14.752409143690645
],
[
0.13144221924656066,
0.7065125510592545,
-0.6953869125855645,
1.130267042554359
],
[
-0.63430346093121,
-0.47913843908637754,
-0.6067004826440792,
2.3617791770847214
],
[
0.0,
0.0,
0.0,
1.0
]
],
"at_element": 15,
"to_element": 6
},
{
"pose": [
[
0.972328339213804,
-0.17860721796343118,
-0.1505890515711189,
14.719193641605365
],
[
-0.2296817132495302,
-0.8486794933842741,
-0.47643407530084575,
1.0590664967480246
],
[
-0.0427072752641316,
0.49783790454361226,
-0.866217934147717,
2.2958195846316687
],
[
0.0,
0.0,
0.0,
1.0
]
],
"at_element": 6,
"to_element": 20
},
{
"pose": [
[
0.31024950939470686,
0.1786072180170575,
0.9337262466015137,
14.72562350426648
],
[
-0.5287390876622066,
0.8486794936478019,
0.013345195384406261,
1.0896189718833527
],
[
-0.7900507699499324,
-0.4978379040751295,
0.35773901404180264,
2.277897412245605
],
[
0.0,
0.0,
0.0,
1.0
]
],
"at_element": 20,
"to_element": 6
},
{
"pose": [
[
-0.9240581742822767,
-0.3513394770076965,
-0.1505890515212311,
14.713930103002134
],
[
-0.2435625878358985,
0.8448004716369615,
-0.47643407616232447,
1.0424136981353649
],
[
0.2946078008960148,
-0.4035749434961562,
-0.8662179336825626,
2.265542672166467
],
[
0.0,
0.0,
0.0,
1.0
]
],
"at_element": 6,
"to_element": 28
},
{
"pose": [
[
0.7232227905156823,
0.3513394769676469,
-0.5945665372376838,
14.726578327965566
],
[
-0.02885269007198768,
-0.8448004715426078,
-0.5343029904061909,
1.0120008720490639
],
[
-0.6900118242134112,
0.403574943728533,
-0.6008418654190073,
2.2800713745007637
],
[
0.0,
0.0,
0.0,
1.0
]
],
"at_element": 28,
"to_element": 6
},
{
"pose": [
[
0.8087084121089337,
-0.4445662356828015,
0.38516433671235806,
14.769827757190061
],
[
-0.0623678867508832,
-0.7159240804467988,
-0.6953869122572228,
1.0988189703637379
],
[
0.5848939655069764,
0.5383433598803177,
-0.6067004829290106,
2.3343418465382744
],
[
0.0,
0.0,
0.0,
1.0
]
],
"at_element": 15,
"to_element": 21
},
{
"pose": [
[
-0.3302993663186886,
0.44456623531598105,
-0.8326242796282418,
14.785832146155487
],
[
0.6896697376899613,
0.7159240805794511,
0.10866629542377612,
1.124592244488603
],
[
0.6444051377232592,
-0.5383433600068299,
-0.5430731490438689,
2.3149614801655605
],
[
0.0,
0.0,
0.0,
1.0
]
],
"at_element": 21,
"to_element": 15
},
{
"pose": [
[
-0.30304855916419493,
0.1905698486350912,
0.9337262465946343,
14.812675769835739
],
[
-0.5025001417792903,
-0.8644741252751424,
0.013345195448949299,
1.0908631582783705
],
[
0.8097253721480504,
-0.46515332904427964,
0.35773901405735076,
2.311249791241263
],
[
0.0,
0.0,
0.0,
1.0
]
],
"at_element": 20,
"to_element": 21
},
{
"pose": [
[
-0.5200191741955322,
-0.19056984863650933,
-0.8326242797682848,
14.805815252985521
],
[
-0.49079132338196635,
0.8644741252671576,
0.10866629485061502,
1.1219842372119146
],
[
0.6990736265673132,
0.46515332905853807,
-0.5430731489438458,
2.3279953166930394
],
[
0.0,
0.0,
0.0,
1.0
]
],
"at_element": 21,
"to_element": 20
},
{
"pose": [
[
-0.06341254951664999,
0.5501960172311202,
-0.8326242797245413,
14.851185447308653
],
[
0.9554094003397657,
0.27456240468502024,
0.10866629503203046,
1.11606294589591
],
[
0.2883950871741879,
-0.788606256985444,
-0.5430731489746112,
2.3575876969498872
],
[
0.0,
0.0,
0.0,
1.0
]
],
"at_element": 21,
"to_element": 28
},
{
"pose": [
[
0.5863232686238123,
-0.5501960172748303,
-0.5945665372733344,
14.831378381273922
],
[
-0.7994596929190149,
-0.2745624046812809,
-0.5343029901970108,
1.1061786946289804
],
[
0.1307257590076389,
0.7886062569562501,
-0.6008418655697434,
2.385977535688621
],
[
0.0,
0.0,
0.0,
1.0
]
],
"at_element": 28,
"to_element": 21
},
{
"pose": [
[
0.6565396179485158,
0.5238535904398565,
0.5427090803066483,
13.802811093011083
],
[
0.7541704829165181,
-0.4430019068851072,
-0.48474343027381545,
1.0078380934373776
],
[
-0.013513428931362648,
0.7275484356930682,
-0.6859232179763908,
1.8648320008187942
],
[
0.0,
0.0,
0.0,
1.0
]
],
"at_element": 7,
"to_element": 27
},
{
"pose": [
[
0.8514235074023868,
-0.5238535903908099,
-0.02560130616346215,
13.783952356857803
],
[
0.29798951127775086,
0.44300190693514685,
0.8455480835648973,
1.0237861679162288
],
[
-0.4316019719730958,
-0.7275484356979135,
0.5332851127703211,
1.8386402475456318
],
[
0.0,
0.0,
0.0,
1.0
]
],
"at_element": 27,
"to_element": 7
},
{
"pose": [
[
-0.19507121326894272,
-0.3001708149781992,
0.9337262465996693,
13.771004310698872
],
[
0.8568787235828039,
-0.515345281177106,
0.013345195374894314,
1.0759751660008436
],
[
0.47718557692462504,
0.8026934178151788,
0.35773901404697195,
1.9121536727553874
],
[
0.0,
0.0,
0.0,
1.0
]
],
"at_element": 20,
"to_element": 27
},
{
"pose": [
[
0.9535418475112128,
0.3001708149886847,
-0.025601306098158666,
13.781810464302351
],
[
-0.13952662707436542,
0.515345281216109,
0.8455480834734004,
1.094527603444006
],
[
0.26700236961898627,
-0.8026934177862171,
0.5332851129185286,
