{
"contact_id_pairs": [
[
0,
4
],
[
3,
4
],
[
0,
17
],
[
0,
18
],
[
8,
17
],
[
8,
18
],
[
1,
16
],
[
1,
18
],
[
9,
16
],
[
9,
18
],
[
9,
26
],
[
16,
18
],
[
16,
26
],
[
1,
2
],
[
1,
22
],
[
2,
4
],
[
2,
22
],
[
2,
6
],
[
2,
7
],
[
2,
23
],
[
6,
23
],
[
7,
23
],
[
3,
5
],
[
5,
6
],
[
5,
17
],
[
5,
19
],
[
13,
17
],
[
13,
19
],
[
7,
19
],
[
7,
27
],
[
15,
16
],
[
15,
19
],
[
15,
27
],
[
16,
19
],
[
16,
27
],
[
8,
11
],
[
8,
12
],
[
9,
12
],
[
10,
12
],
[
10,
14
],
[
10,
15
],
[
11,
14
],
[
13,
14
],
[
20,
25
],
[
20,
26
],
[
20,
22
],
[
21,
22
],
[
21,
23
],
[
23,
24
],
[
24,
25
],
[
25,
27
]
],
"contact_t_bound_pairs": [
[
[
0.6,
0.9
],
[
0.1,
0.4
]
],
[
[
0.1,
0.4
],
[
0.1,
0.4
]
],
[
[
0.1,
0.4
],
[
0.1,
0.4
]
],
[
[
0.1,
0.4
],
[
0.1,
0.4
]
],
[
[
0.1,
0.4
],
[
0.1,
0.4
]
],
[
[
0.1,
0.4
],
[
0.1,
0.4
]
],
[
[
0.6,
0.9
],
[
0.1,
0.4
]
],
[
[
0.6,
0.9
],
[
0.6,
0.9
]
],
[
[
0.6,
0.9
],
[
0.1,
0.4
]
],
[
[
0.6,
0.9
],
[
0.6,
0.9
]
],
[
[
0.6,
0.9
],
[
0.1,
0.4
]
],
[
[
0.1,
0.4
],
[
0.6,
0.9
]
],
[
[
0.1,
0.4
],
[
0.1,
0.4
]
],
[
[
0.1,
0.4
],
[
0.1,
0.4
]
],
[
[
0.1,
0.4
],
[
0.1,
0.4
]
],
[
[
0.1,
0.4
],
[
0.6,
0.9
]
],
[
[
0.1,
0.4
],
[
0.1,
0.4
]
],
[
[
0.6,
0.9
],
[
0.1,
0.4
]
],
[
[
0.6,
0.9
],
[
0.6,
0.9
]
],
[
[
0.6,
0.9
],
[
0.6,
0.9
]
],
[
[
0.1,
0.4
],
[
0.6,
0.9
]
],
[
[
0.6,
0.9
],
[
0.6,
0.9
]
],
[
[
0.6,
0.9
],
[
0.1,
0.4
]
],
[
[
0.1,
0.4
],
[
0.6,
0.9
]
],
[
[
0.6,
0.9
],
[
0.6,
0.9
]
],
[
[
0.6,
0.9
],
[
0.1,
0.4
]
],
[
[
0.6,
0.9
],
[
0.6,
0.9
]
],
[
[
0.6,
0.9
],
[
0.1,
0.4
]
],
[
[
0.1,
0.4
],
[
0.6,
0.9
]
],
[
[
0.1,
0.4
],
[
0.1,
0.4
]
],
[
[
0.1,
0.4
],
[
0.6,
0.9
]
],
[
[
0.1,
0.4
],
[
0.6,
0.9
]
],
[
[
0.1,
0.4
],
[
0.1,
0.4
]
],
[
[
0.6,
0.9
],
[
0.6,
0.9
]
],
[
[
0.6,
0.9
],
[
0.1,
0.4
]
],
[
[
0.6,
0.9
],
[
0.1,
0.4
]
],
[
[
0.6,
0.9
],
[
0.1,
0.4
]
],
[
[
0.1,
0.4
],
[
0.6,
0.9
]
],
[
[
0.1,
0.4
],
[
0.6,
0.9
]
],
[
[
0.6,
0.9
],
[
0.1,
0.4
]
],
[
[
0.6,
0.9
],
[
0.6,
0.9
]
],
[
[
0.6,
0.9
],
[
0.6,
0.9
]
],
[
[
0.1,
0.4
],
[
0.6,
0.9
]
],
[
[
0.6,
0.9
],
[
0.1,
0.4
]
],
[
[
0.6,
0.9
],
[
0.6,
0.9
]
],
[
[
0.1,
0.4
],
[
0.6,
0.9
]
],
[
[
0.1,
0.4
],
[
0.6,
0.9
]
],
[
[
0.6,
0.9
],
[
0.1,
0.4
]
],
[
[
0.1,
0.4
],
[
0.6,
0.9
]
],
[
[
0.1,
0.4
],
[
0.6,
0.9
]
],
[
[
0.6,
0.9
],
[
0.6,
0.9
]
]
],
"line_pt_pairs": [
[
[
20.856772253714507,
16.736040731203293,
1.951329794047864
],
[
18.158029876305736,
16.648892491380277,
2.244346522257497
]
],
[
[
17.851585463129762,
14.139750295041722,
2.2603546332830815
],
[
20.784766252221274,
14.204467230589382,
2.1319394085914074
]
],
[
[
18.434688203949406,
14.177448846528494,
2.45376566868212
],
[
18.03468822348068,
14.27992516303447,
0.3
]
],
[
[
18.434688140179034,
16.64889220878731,
2.3946845428497014
],
[
18.03468822348068,
17.048891924941444,
0.3
]
],
[
[
18.43468819502607,
16.999951344068553,
2.1792553796482874
],
[
18.337375821551625,
13.879925429926697,
2.1792553937183334
]
],
[
[
17.838436454086718,
16.93658605444024,
0.6999999931971425
],
[
20.45677226131327,
17.048891924941444,
0.07207447082321722
]
],
[
[
18.132609684570202,
13.897798036525286,
0.6245270063899002
],
[
18.131958785716208,
17.341446353658007,
0.672065162169831
]
],
[
[
20.45677226131327,
14.27992516303447,
0.07207447082321722
],
[
17.83618087844796,
14.215240996010065,
0.6999999955007874
]
],
[
[
20.179638594211152,
16.65218176753142,
1.9587932271200992
],
[
23.10613615320006,
16.653877083262184,
2.1919989194930314
]
],
[
[
22.750934874461922,
14.178489511574185,
2.2146893711695204
],
[
20.056772305025117,
14.274997182968825,
2.220377895642397
]
],
[
[
22.478856310319184,
14.679922298875551,
2.3955956450123552
],
[
22.87885629914586,
14.27992516303447,
0.3
]
],
[
[
22.47885632130215,
16.648892173584517,
2.3577870251300785
],
[
22.87885629914586,
17.048891924941444,
0.3
]
],
[
[
22.494027722323686,
16.961835381752365,
2.179255361465215
],
[
22.48004381715601,
13.879938831581134,
2.17925535752529
]
],
[
[
22.786492781977614,
17.15600007770932,
0.6854435198638011
],
[
20.05677226196862,
16.648891963567117,
0.4720744448858219
]
],
[
[
22.797919631496278,
14.0103063621097,
0.6999998042284455
],
[
22.47885632835801,
17.448891911521372,
0.6999999692829717
]
],
[
[
20.05677226202303,
14.37029073717125,
-0.07448046346034633
],
[
23.12180031440345,
14.281136086589504,
0.6999999960886508
]
],
[
[
20.35831300396297,
14.210912260822152,
2.6112300552169425
],
[
20.36313297182606,
14.338800251410255,
-0.30447551831039776
]
],
[
[
20.641972852117107,
16.64889196957645,
2.2314053770150952
],
[
20.145378975785725,
17.039335073727827,
-0.10504663195884928
]
],
[
[
20.590358105515374,
17.044861174671265,
1.9986325503117184
],
[
20.289631502114055,
13.879925853515674,
2.209366481028819
]
],
[
[
20.273603991893363,
17.371151663494853,
0.4720744572979754
],
[
20.27120726803932,
13.920249812552385,
0.34945966477174356
]
],
[
[
18.220259324892186,
11.909905600268562,
2.2477050754477776
],
[
20.29428380163415,
11.832043647261761,
1.9513635823239275
]
],
[
[
18.430335927637355,
11.910024944273747,
2.402818785697338
],
[
18.03468822348068,
11.510958401127496,
0.3
]
],
[
[
18.342096773487338,
14.482351935210293,
2.205362810366571
],
[
18.434655716401135,
11.579976138625465,
2.1792616006483505
]
],
[
[
18.132426196585655,
11.189609650857392,
0.6239359123955563
],
[
18.139986696576027,
14.66314058461722,
0.6703439105826849
]
],
[
[
20.45677226131327,
11.510958401127496,
0.07207447082321722
],
[
17.86707829539374,
11.910957750474951,
0.6562956503289847
]
],
[
[
20.056792169557774,
11.910953767932144,
2.2084470348639553
],
[
20.12358475822104,
11.564865376437712,
-0.08509004547724784
]
],
[
[
20.362239720173815,
14.635211967139265,
2.2924608602527137
],
[
20.059284776269276,
11.501779846954719,
1.9835482011332093
]
],
[
[
20.288118256142035,
14.679925149108826,
0.41536149116610127
],
[
20.05677229334193,
11.266443193425681,
0.15508789248277036
]
]
],
"contact_t_pairs": [
[
0.8999999781334167,
0.1096858539088664
],
[
0.10000014490374282,
0.1000001883745401
],
[
0.10000000243873607,
0.1099160989704892
],
[
0.11127625818585277,
0.10000174546033647
],
[
0.1411847534848606,
0.10000010161796621
],
[
0.12866376864043777,
0.1231643392829513
],
[
0.8551163615323606,
0.15746081044610477
],
[
0.8409285530216516,
0.8999998060694451
],
[
0.8873555668063272,
0.1348122796194296
],
[
0.8999999839725925,
0.8789730809875489
],
[
0.8999998560263454,
0.11916454810069137
],
[
0.14592078063937106,
0.8884466357369254
],
[
0.12305747984774576,
0.12928527463343883
],
[
0.18540118336749953,
0.10000004394553542
],
[
0.1713686706879692,
0.11412655843260675
],
[
0.13053023843616865,
0.8999999263566579
],
[
0.11958628596250644,
0.10123961769943475
],
[
0.8439215380446512,
0.10634948465721594
],
[
0.842457994027319,
0.8999999987809262
],
[
0.8274810737860443,
0.8845889823524545
],
[
0.1151027106469624,
0.8936365186173302
],
[
0.8876412151585865,
0.8730059685145906
],
[
0.8357997497268508,
0.10000000182363437
],
[
0.10891475671918179,
0.8858447602188102
],
[
0.8999999992630231,
0.8999990854568277
],
[
0.8999999996233911,
0.10000009804984633
],
[
0.8999999994181906,
0.7230363992994208
],
[
0.8999999996723899,
0.19412482369071973
],
[
0.10000000034686979,
0.8999991175414775
],
[
0.10000000035303734,
0.12588731505080503
],
[
0.10000000264490572,
0.895097976276262
],
[
0.10000000036313894,
0.8758767528221815
],
[
0.10000000034713624,
0.10000000361447989
],
[
0.7709250877489023,
0.8871823576258292
],
[
0.7627017622638774,
0.10687040091113789
],
[
0.7995144906508523,
0.10000004577294525
],
[
0.7913392607039981,
0.10003549840963064
],
[
0.10000012979743594,
0.8999960577664593
],
[
0.10000002504229717,
0.7533518109912084
],
[
0.8062045697724168,
0.10000002994576183
],
[
0.8502791706437095,
0.8999999994715074
],
[
0.7783907454614948,
0.8507769379889129
],
[
0.10000000166385238,
0.8999999966726897
],
[
0.8884376303889276,
0.10001139081876045
],
[
0.899897544987741,
0.8933798306765482
],
[
0.10087075364434701,
0.8889758412963773
],
[
0.10180184925841261,
0.8998711364436313
],
[
0.840335949087394,
0.11086047798837784
],
[
0.19601400970962637,
0.8999985360627243
],
[
0.13289743843305388,
0.8998968439699739
],
[
0.8833096116676148,
0.8999999742043719
]
],
"half_couplers": [
{
"pose": [
[
0.03153536282373448,
0.1080478577977273,
-0.9936454001890702,
18.427904173058888
],
[
-0.9994793995585001,
-0.003369965868428304,
-0.03208696290124624,
16.657607317268212
],
[
-0.006815478688672716,
0.9941399819720399,
0.10788533493889019,
2.2150448430292586
],
[
0.0,
0.0,
0.0,
1.0
]
],
"at_element": 0,
"to_element": 4
},
{
"pose": [
[
-0.9936567890017107,
-0.10804785820020218,
-0.03117444480915088,
18.424014404245625
],
[
0.03099176248410329,
0.0033699654727818995,
-0.9995139588774341,
16.657728637458113
],
[
0.10810039930055171,
-0.994139981929638,
4.487525795404679e-09,
2.1792553811915725
],
[
0.0,
0.0,
0.0,
1.0
]
],
"at_element": 4,
"to_element": 0
},
{
"pose": [
[
-0.06513145881068994,
-0.9806992692224143,
-0.18435519092180166,
18.394688090547714
],
[
-0.9823836292315913,
0.030587622980898344,
0.1843550984869852,
16.68889223836418
],
[
-0.17515792328912497,
0.19311483802908816,
-0.9654151237897821,
2.185215785037101
],
[
0.0,
0.0,
0.0,
1.0
]
],
"at_element": 3,
"to_element": 4
},
{
"pose": [
[
-0.1930209763063795,
0.9806992692438115,
-0.0311744448288393,
18.424956939347453
],
[
0.006020243415615467,
-0.030587622980596363,
-0.99951395887682,
16.687948164920922
],
[
-0.9811761612345404,
-0.19311483792047435,
4.532242248167506e-09,
2.179255381055295
],
[
0.0,
0.0,
0.0,
1.0
]
],
"at_element": 4,
"to_element": 3
},
{
"pose": [
[
0.11172727652708603,
-0.013632111420466747,
-0.9936454001393354,
20.586898009392108
],
[
-0.16509063851725495,
0.985756312489792,
-0.0320869671438815,
16.72732590700846
],
[
0.9799296386750455,
0.16762654301973617,
0.10788533413512436,
1.9806314675834178
],
[
0.0,
0.0,
0.0,
1.0
]
],
"at_element": 0,
"to_element": 17
},
{
"pose": [
[
0.9786303580804687,
0.013632114923893903,
-0.20517501720724976,
20.587389190458126
],
[
0.04755239567382727,
-0.9857563118998867,
0.16131727500554174,
16.6918079524547
],
[
-0.20005347262412934,
-0.16762654620386222,
-0.9653392922174004,
1.9745916867569167
],
[
0.0,
0.0,
0.0,
1.0
]
],
"at_element": 17,
"to_element": 0
},
{
"pose": [
[
-0.037900738291835934,
-0.10598279415124412,
-0.9936454002212403,
20.556466300148866
],
[
0.9979131619256485,
-0.056033454661328363,
-0.032086963307100314,
16.726343201168305
],
[
-0.052276718455619486,
-0.9927879427665365,
0.10788533452188975,
1.9839355991488932
],
[
0.0,
0.0,
0.0,
1.0
]
],
"at_element": 0,
"to_element": 18
},
{
"pose": [
[
0.989878328914023,
0.10598279415219822,
-0.0943850692115755,
20.560284920268884
],
[
-0.10071408856731412,
0.056033454664080495,
-0.9933362594421205,
16.728362118286636
],
[
-0.0999878308117359,
0.9927879427662794,
0.06614026298301556,
2.019706311211146
],
[
0.0,
0.0,
0.0,
1.0
]
],
"at_element": 18,
"to_element": 0
},
{
"pose": [
[
-0.07820635386803243,
0.013933715400002933,
0.9968398155119107,
20.59281543065105
],
[
-0.16826510201355982,
-0.9857416101470267,
0.0005774678469485928,
16.652421120264947
],
[
0.9826345310740077,
-0.1676881915935039,
0.07943581522881149,
1.9917183153090379
],
[
0.0,
0.0,
0.0,
1.0
]
],
"at_element": 8,
"to_element": 17
},
{
"pose": [
[
-0.9786261103651586,
-0.013933715412114432,
-0.20517501720817388,
20.592313414021106
],
[
-0.04785619056066639,
0.9857416101554268,
0.16131727444141775,
16.68793631966762
],
[
0.20000180283332808,
0.16768819154311587,
-0.9653392923114741,
1.9977599386921994
],
[
0.0,
0.0,
0.0,
1.0
]
],
"at_element": 17,
"to_element": 8
},
{
"pose": [
[
-0.005282255538360925,
0.07926209678330315,
0.996839815511972,
20.556172799067706
],
[
-0.9972785121580456,
-0.07372405115517422,
0.0005774678386898935,
16.65239989324238
],
[
0.07353684086403822,
-0.9941238777409906,
0.07943581522810417,
1.9887983503692035
],
[
0.0,
0.0,
0.0,
1.0
]
],
"at_element": 8,
"to_element": 18
},
{
"pose": [
[
0.992375422268936,
-0.07926209678329166,
-0.09438506921153908,
20.553319312102644
],
[
-0.08858803507933599,
0.07372405115525749,
-0.9933362594419068,
16.65505400696786
],
[
0.08569236440508135,
0.9941238777409851,
0.06614026298627529,
2.024587455652989
],
[
0.0,
0.0,
0.0,
1.0
]
],
"at_element": 18,
"to_element": 8
},
{
"pose": [
[
0.04464163064418081,
0.02012152515576182,
0.9988004050053418,
20.359796347214314
],
[
-0.04284517956687735,
-0.9988386502595408,
0.02203727150945134,
14.195090805496761
],
[
0.9980838719272598,
-0.043777562439054146,
-0.0437276757395606,
2.1505446735793763
],
[
0.0,
0.0,
0.0,
1.0
]
],
"at_element": 1,
"to_element": 16
},
{
"pose": [
[
-0.9997961775900039,
-0.020121525155699673,
0.0016515150092562434,
20.359071960009018
],
[
-0.020029870880931906,
0.9988386502595445,
0.04381957348245776,
14.231049607466478
],
[
-0.0025313136728681894,
0.043777562438992244,
-0.9990380961094476,
2.1521206925871024
],
[
0.0,
0.0,
0.0,
1.0
]
],
"at_element": 16,
"to_element": 1
},
{
"pose": [
[
0.024702228809460935,
-0.04227943770737003,
0.9988004050054213,
20.318180939851395
],
[
-0.9978093143665048,
-0.0623773262306313,
0.022037271513574264,
14.19417261400781
],
[
0.061370775254111276,
-0.9971567170307113,
-0.043727675735663496,
2.1523666041971614
],
[
0.0,
0.0,
0.0,
1.0
]
],
"at_element": 1,
"to_element": 18
},
{
"pose": [
[
0.9946375761338707,
0.04227943770135846,
-0.09438506921221926,
20.319704220774263
],
[
-0.09691307888231847,
0.062377326197386784,
-0.9933362594398808,
14.196419999408896
],
[
-0.03611021024707537,
0.9971567170330456,
0.06614026301573239,
2.1882930470893607
],
[
0.0,
0.0,
0.0,
1.0
]
],
"at_element": 18,
"to_element": 1
},
{
"pose": [
[
0.0005369161645140119,
0.0358561020800489,
-0.9993568189914238,
20.360254720590937
],
[
-0.04389807054387525,
0.9983944428197503,
0.035797988060298144,
14.264126131025733
],
[
0.9990358707892112,
0.04385061562014163,
0.0021100678134493567,
2.2197371150274416
],
[
0.0,
0.0,
0.0,
1.0
]
],
"at_element": 9,
"to_element": 16
},
{
"pose": [
[
0.999355598594314,
-0.03585610208004284,
0.0016515150092562168,
20.358962794818286
],
[
-0.0358940319058138,
-0.9983944428197504,
0.04381957348246098,
14.228153132369282
],
[
7.766430758375607e-05,
-0.04385061562014749,
-0.9990380961094476,
2.2181571401506455
],
[
0.0,
0.0,
0.0,
1.0
]
],
"at_element": 16,
"to_element": 9
},
{
"pose": [
[
-0.03558025332914583,
0.004471459906665642,
-0.9993568189687492,
20.32618860514924
],
[
-0.9971763952065434,
0.06601318694540881,
0.03579798866129463,
14.265346414282593
],
[
0.0661307977867916,
0.9978087317695781,
0.0021100683564573286,
2.219809043103937
],
[
0.0,
0.0,
0.0,
1.0
]
],
"at_element": 9,
"to_element": 18
},
{
"pose": [
[
-0.9955257227972711,
-0.004471460510447653,
-0.09438506921052076,
20.326027516388795
],
[
0.09447398977690342,
-0.06601318754748053,
-0.9933362594436261,
14.262968224308818
],
[
-0.0017889954177780706,
-0.9978087317270403,
0.06614026296190911,
2.183862002662745
],
[
0.0,
0.0,
0.0,
1.0
]
],
"at_element": 18,
"to_element": 9
},
{
"pose": [
[
0.03583245713266492,
0.001408316517582331,
-0.9993568189893047,
20.32618894985723
],
[
0.9945447765815563,
0.0979754633604426,
0.03579798812292467,
14.265346401934798
],
[
0.09796286230086498,
-0.9951878341418232,
0.002110067754580891,
2.219809042376112
],
[
0.0,
0.0,
0.0,
1.0
]
],
"at_element": 9,
"to_element": 26
},
{
"pose": [
[
0.9954019232730114,
-0.0014083165801588096,
-0.09577592489138431,
20.326138231188562
],
[
-0.09545257059717624,
-0.0979754632987897,
-0.9906006336348562,
14.261817944533284
],
[
-0.007988611317439658,
0.9951878341478043,
-0.09765939203897034,
2.255649422826155
],
[
0.0,
0.0,
0.0,
1.0
]
],
"at_element": 26,
"to_element": 9
},
{
"pose": [
[
0.09477642762866945,
0.9954972130870693,
0.0016515150092514565,
20.359016337436206
],
[
0.9945354941968666,
-0.09475756308817207,
0.043819573482466005,
14.229573776243168
],
[
0.043778756818139156,
-0.0025105723389806586,
-0.9990380961094472,
2.1857680218132676
],
[
0.0,
0.0,
0.0,
1.0
]
],
"at_element": 16,
"to_element": 18
},
{
"pose": [
[
0.008761132678845707,
-0.9954972130870678,
-0.09438506921152773,
20.32317856644688
],
[
0.06560548693176549,
0.09475756308818839,
-0.9933362594419043,
14.232985036265614
],
[
0.9978071770831425,
0.002510572338968231,
0.06614026298633224,
2.185858402092945
],
[
0.0,
0.0,
0.0,
1.0
]
],
"at_element": 18,
"to_element": 16
},
{
"pose": [
[
0.09600518157653115,
0.9953794641284456,
0.0016515150092556857,
20.358906137061147
],
[
0.9944177692570243,
-0.095985129919685,
0.04381957348246137,
14.226649834646718
],
[
0.04377562445403716,
-0.0025646102373913238,
-0.9990380961094476,
2.252430675360642
],
[
0.0,
0.0,
0.0,
1.0
]
],
"at_element": 16,
"to_element": 26
},
{
"pose": [
[
-0.00683334490677856,
-0.9953794641284415,
-0.09577592489118492,
20.32307210704956
],
[
-0.09745378123512771,
0.09598512991972719,
-0.990600633634599,
14.230105334935967
],
[
0.9952165924663641,
0.0025646102374390356,
-0.0976593920417752,
2.252523002280703
],
[
0.0,
0.0,
0.0,
1.0
]
],
"at_element": 26,
"to_element": 16
},
{
"pose": [
[
0.04478973500547356,
0.019789658866339193,
0.9988004050059719,
18.395400652458143
],
[
-0.05025697554084617,
-0.9984931622576407,
0.022037271478649874,
14.151748891476176
],
[
0.9977314849435325,
-0.051183731074344783,
-0.04372767574068992,
2.2365462986628417
],
[
0.0,
0.0,
0.0,
1.0
]
],
"at_element": 1,
"to_element": 2
},
{
"pose": [
[
-0.9830253612634368,
-0.01978965879987775,
-0.18239931062773915,
18.39468818832432
],
[
-0.028771568023272603,
0.9984931622400363,
0.04672902559838719,
14.187696482682467
],
[
0.18119971298645107,
0.05118373144346696,
-0.982113481044401,
2.2383890071655226
],
[
0.0,
0.0,
0.0,
1.0
]
],
"at_element": 2,
"to_element": 1
},
{
"pose": [
[
-0.02168375765596431,
0.04390405009886067,
0.9988004050053415,
18.35424075584386
],
[
0.999728384021595,
-0.007583986153991917,
0.022037271509565692,
14.150840750257524
],
[
0.00854241391456012,
0.9990069657109167,
-0.043727675739507754,
2.2383482869315725
],
[
0.0,
0.0,
0.0,
1.0
]
],
"at_element": 1,
"to_element": 22
},
{
"pose": [
[
-0.9985271802822382,
-0.04390405009881175,
0.03187325873711909,
18.35266020709425
],
[
-0.03223622223848581,
0.007583986154054645,
-0.9994515041410493,
14.151113774267971
],
[
0.04363824255619449,
-0.9990069657109183,
-0.008988117025862552,
2.2023839691305027
],
[
0.0,
0.0,
0.0,
1.0
]
],
"at_element": 22,
"to_element": 1
},
{
"pose": [
[
0.03868905066834705,
0.9824630520820985,
-0.18239931099625928,
18.38247611112436
],
[
0.9984374927978159,
-0.030642634823208947,
0.04672902638300003,
14.19082510455608
],
[
0.04032034640220385,
-0.1839222124285686,
-0.9821134809386272,
2.172634122413409
],
[
0.0,
0.0,
0.0,
1.0
]
],
"at_element": 2,
"to_element": 4
},
{
"pose": [
[
0.18383281926187633,
-0.9824630520017139,
-0.031174444882108965,
18.347107066065476
],
[
-0.005733668374399592,
0.030642634688944126,
-0.9995139588751585,
14.191928251110019
],
[
0.9829408016809571,
0.18392221288032945,
4.594202129837299e-09,
2.179255392311328
],
[
0.0,
0.0,
0.0,
1.0
]
],
"at_element": 4,
"to_element": 2
},
{
"pose": [
[
-0.023927133481267848,
0.9829333567937266,
-0.1823993102662015,
18.386853691900075
],
[
0.9983632149090165,
0.03297406875342457,
0.04672902637951548,
14.189703608618562
],
[
0.05194596615621469,
-0.18098267014291972,
-0.9821134810743799,
2.196204831530871
],
[
0.0,
0.0,
0.0,
1.0
]
],
"at_element": 2,
"to_element": 22
},
{
"pose": [
[
0.18117977630406523,
-0.9829333568637224,
0.031873258744958166,
18.351467405482595
],
[
-0.00306621258808798,
-0.032974068769769715,
-0.9994515041407119,
14.188516519143953
],
[
0.9834452130132993,
0.18098266975978877,
-0.008988117035608978,
2.2027203338732053
],
[
0.0,
0.0,
0.0,
1.0
]
],
"at_element": 22,
"to_element": 2
},
{
"pose": [
[
-0.005870383348253405,
-0.983207012848878,
-0.1823993105363363,
18.097119605214406
],
[
-0.9989039403837588,
-0.002704814971528302,
0.04672902590221452,
14.263930817167369
],
[
-0.04643766235658928,
0.1824737073135636,
-0.9821134810469203,
0.6361564329801386
],
[
0.0,
0.0,
0.0,
1.0
]
],
"at_element": 2,
"to_element": 6
},
{
"pose": [
[
0.1824936550009797,
0.9832070128740912,
-0.00018899626953394755,
18.132540461812514
],
[
-0.013536990239853997,
0.002704815010769801,
0.9999047123956379,
14.26402826039304
],
[
0.9831138366331893,
-0.18247370717712724,
0.013803275314449581,
0.6295826647586503
],
[
0.0,
0.0,
0.0,
1.0
]
],
"at_element": 6,
"to_element": 2
},
{
"pose": [
[
-0.9831425191481027,
-0.012699548227697813,
-0.1823993106290025,
18.097705022792756
],
[
-0.02156966980422882,
0.9986746955413683,
0.04672902556111953,
14.263780838567428
],
[
0.1815641384956278,
0.049875584810281676,
-0.9821134810459395,
0.6393085638392737
],
[
0.0,
0.0,
0.0,
1.0
]
],
"at_element": 2,
"to_element": 7
},
{
"pose": [
[
-0.2338373212281566,
0.012699542651360862,
-0.9721927940574782,
18.098240019929182
],
[
0.04553032848853277,
-0.9986746959896147,
-0.023996682641089596,
14.22170941279136
],
[
-0.9712090899433377,
-0.04987557725477607,
0.23294920133998454,
0.6372074422675428
],
[
0.0,
0.0,
0.0,
1.0
]
],
"at_element": 7,
"to_element": 2
},
{
"pose": [
[
-0.008237968617033298,
-0.9831900260655365,
-0.18239931063004097,
18.103695790596745
],
[
-0.998907557527397,
-0.00029940602562894547,
0.04672902599757199,
14.262246058948499
],
[
-0.045998123741243124,
0.18258500212580775,
-0.9821134810249803,
0.6715653404775217
],
[
0.0,
0.0,
0.0,
1.0
]
],
"at_element": 2,
"to_element": 23
},
{
"pose": [
[
0.18257227583086544,
0.9831900260694802,
0.002176404243965979,
18.139114131578218
],
[
-0.013532054089955392,
0.00029940605023615063,
0.9999083927381167,
14.26225684472177
],
[
0.9830993070946825,
-0.18258500210453188,
0.013359243857465897,
0.6649879162849229
],
[
0.0,
0.0,
0.0,
1.0
]
],
"at_element": 23,
"to_element": 2
},
{
"pose": [
[
0.9828321747438766,
-0.18450170885020345,
-0.00018899623481215266,
18.132534764347753
],
[
0.002732462023880902,
0.013531437638615418,
0.9999047123834953,
14.294171292342112
],
[
-0.1844815707313608,
-0.9827390394335555,
0.0138032761945458,
0.6299987769793278
],
[
0.0,
0.0,
0.0,
1.0
]
],
"at_element": 6,
"to_element": 23
},
{
"pose": [
[
-0.9828297831452706,
0.184501709010158,
0.0021764041333606904,
18.139182535476056
],
[
-0.0003259658440037533,
-0.013531439422072689,
0.9999083927507737,
14.29368374181213
],
[
0.18451425719680653,
0.9827390393789686,
0.013359242928136617,
0.6654077943315013
],
[
0.0,
0.0,
0.0,
1.0
]
],
"at_element": 23,
"to_element": 6
},
{
"pose": [
[
-0.020187752437730522,
-0.23331014897519325,
-0.9721927941703157,
18.130627341792582
],
[
0.9996209055697547,
0.013498322563995413,
-0.023996675516868904,
14.222508830415407
],
[
0.018721639869852924,
-0.9723086802415842,
0.23294920160295063,
0.6294470465771086
],
[
0.0,
0.0,
0.0,
1.0
]
],
"at_element": 7,
"to_element": 23
},
{
"pose": [
[
-0.9723999370891541,
0.23331014897268568,
0.00217640422543304,
18.139026558202204
],
[
-0.0010007104646357345,
-0.013498322545004049,
0.9999083927375733,
14.222022887849782
],
[
0.2333181538748651,
0.9723086802424498,
0.013359243901153728,
0.6644503717997339
],
[
0.0,
0.0,
0.0,
1.0
]
],
"at_element": 23,
"to_element": 7
},
{
"pose": [
[
-0.9828559025059764,
0.0027273508002653886,
-0.18435519104916634,
18.100368309911786
],
[
-0.03185372773015052,
0.9823433909772242,
0.18435509820198023,
16.983211871439746
],
[
0.18160290454410624,
0.18706689648620525,
-0.9654151238198847,
0.6439477261792181
],
[
0.0,
0.0,
0.0,
1.0
]
],
"at_element": 3,
"to_element": 5
},
{
"pose": [
[
0.23668515754106123,
-0.00272735493225669,
0.9715825738118385,
18.10027003958426
],
[
-0.1823864146272785,
-0.9823433920380082,
0.0416732033645999,
16.947816641695166
],
[
0.9543140635866002,
-0.1870668908554754,
-0.23300353299144705,
0.6372074398146435
],
[
0.0,
0.0,
0.0,
1.0
]
],
"at_element": 5,
"to_element": 3
},
{
"pose": [
[
0.03739826266167956,
-0.23372777328495897,
0.9715825739200672,
18.12361186153992
],
[
-0.9990417438757058,
0.013376791263299381,
0.04167319821284238,
16.948817821004013
],
[
-0.0227368411103383,
-0.9722100541810668,
-0.23300353346155545,
0.6316096376900212
],
[
0.0,
0.0,
0.0,
1.0
]
],
"at_element": 5,
"to_element": 6
},
{
"pose": [
[
-0.9723020582786877,
0.2337277727348345,
-0.00018899587795931372,
18.13203308923096
],
[
-0.003409953356835277,
-0.013376787712974014,
0.9999047123444246,
16.94833585429363
],
[
0.2337029732055896,
0.9722100543621711,
0.01380327902970413,
0.6666384325980175
],
[
0.0,
0.0,
0.0,
1.0
]
],
"at_element": 6,
"to_element": 5
},
{
"pose": [
[
-0.23668611967775033,
-0.002642670854697368,
0.971582573455619,
20.19493867866096
],
[
0.16005455658504908,
0.9862281085915395,
0.04167321370278351,
17.037661337808558
],
[
-0.9583121723469096,
0.16536968922601347,
-0.2330035326278097,
0.13486702352337634
],
[
0.0,
0.0,
0.0,
1.0
]
],
"at_element": 5,
"to_element": 17
},
{
"pose": [
[
0.9787217319025975,
0.0026426906251415944,
-0.20517501721174525,
20.1950388175754
],
[
0.03648081887915657,
-0.9862281110329649,
0.16131727391155526,
17.000290406235614
],
[
-0.2019230580084561,
-0.1653696743499526,
-0.9653392923992601,
0.12860070572477736
],
[
0.0,
0.0,
0.0,
1.0
]
],
"at_element": 17,
"to_element": 5
},
{
"pose": [
[
0.032404771924655296,
-0.23447226744008265,
0.9715825680599759,
20.194938679604526
],
[
-0.9985291843578145,
0.034681560934173516,
0.041673220620529916,
17.037661337849027
],
[
-0.0434672145671795,
-0.9715039604307725,
-0.2330035538894104,
0.1348670232970921
],
[
0.0,
0.0,
0.0,
1.0
]
],
"at_element": 5,
"to_element": 19
},
{
"pose": [
[
0.9721225559645172,
0.23447228926675429,
-0.0006940828635638024,
20.27336431927296
],
[
0.007651529056199577,
-0.03468157789827386,
-0.9993691221253478,
17.02606114004021
],
[
-0.23434843777613734,
0.971503954557311,
-0.03550881568555053,
0.45981296602299065
],
[
0.0,
0.0,
0.0,
1.0
]
],
"at_element": 19,
"to_element": 5
},
{
"pose": [
[
0.03683199864382569,
0.19411102291311824,
-0.9802878733614551,
20.329744315557697
],
[
0.21258355320839314,
-0.9600228339721666,
-0.18211093091120162,
16.69960277527638
],
[
-0.9764484813758458,
-0.2016855697259302,
-0.07662437068669115,
0.49341135250775997
],
[
0.0,
0.0,
0.0,
1.0
]
],
"at_element": 13,
"to_element": 17
},
{
"pose": [
[
-0.9592831290630615,
-0.19411102642613173,
-0.20517501727738674,
20.282917403860324
],
[
-0.22876384020995508,
0.9600228341804196,
0.16131727515857966,
16.93119654573335
],
[
0.16565923972835472,
0.201685565353568,
-0.9653392921769193,
0.5420655293106764
],
[
0.0,
0.0,
0.0,
1.0
]
],
"at_element": 17,
"to_element": 13
},
{
"pose": [
[
-0.1845545415324561,
0.3381607351478095,
-0.9228146825901927,
20.329744314863806
],
[
-0.975623193435657,
-0.17647280373643803,
0.13044820417242753,
16.699602775147472
],
[
-0.11873923374418272,
0.9243942160927305,
0.3624863137059806,
0.4934113524535217
],
[
0.0,
0.0,
0.0,
1.0
]
],
"at_element": 13,
"to_element": 19
},
{
"pose": [
[
-0.6237250411554216,
-0.7816435193127422,
-0.0006940836104699089,
20.273138728297763
],
[
-0.027322605786841925,
0.02268993308216083,
-0.9993691220713916,
16.701245950106667
],
[
0.7811661463790429,
-0.6233125826205643,
-0.03550881718950638,
0.4482718823169465
],
[
0.0,
0.0,
0.0,
1.0
]
],
"at_element": 19,
"to_element": 13
},
{
"pose": [
[
-0.06507217574767044,
-0.2752372081548015,
-0.9591715650448646,
20.194713122117733
],
[
0.9976591660946244,
0.0023022599263392562,
-0.06834389443549627,
14.273456746309593
],
[
0.021019044955539412,
-0.9613735896343222,
0.2744431105033882,
0.13486702350878266
],
[
0.0,
0.0,
0.0,
1.0
]
],
"at_element": 7,
"to_element": 19
},
{
"pose": [
[
0.9473382030554297,
0.32023405078268763,
-0.0006940828628116957,
20.271446942539733
],
[
0.010714020650029465,
-0.03386100267877823,
-0.9993691221261035,
14.26534304292438
],
[
-0.3200555245472575,
0.9467331119259003,
-0.03550881566429709,
0.3617212522268354
],
[
0.0,
0.0,
0.0,
1.0
]
],
"at_element": 19,
"to_element": 7
},
{
"pose": [
[
-0.011018482720190237,
-0.24209656430818544,
-0.9701895931150353,
20.19471312210157
],
[
0.9959275206049811,
0.08416771654058719,
-0.03231360694751545,
14.273456746309193
],
[
0.08948165588633256,
-0.9665945629075905,
0.24018323050813506,
0.1348670235126554
],
[
0.0,
0.0,
0.0,
1.0
]
],
"at_element": 7,
"to_element": 27
},
{
"pose": [
[
0.9658602961220487,
0.2501356821265749,
-0.06742424565467071,
20.258994734037284
],
[
-0.04602132179213478,
-0.09045468416915092,
-0.9948366640068932,
14.250211070733503
],
[
-0.25494298640192686,
0.9639761877966345,
-0.07585501331840039,
0.38259634664924597
],
[
0.0,
0.0,
0.0,
1.0
]
],
"at_element": 27,
"to_element": 7
},
{
"pose": [
[
0.24584655308764936,
0.01797685920613283,
0.9691420457641926,
20.363275075367785
],
[
0.038087052182526525,
0.9988767157365637,
-0.028190126203720182,
14.361375271877268
],
[
-0.9685601936849186,
0.04384220902759175,
0.24488571194868392,
0.002967584542981183
],
[
0.0,
0.0,
0.0,
1.0
]
],
"at_element": 15,
"to_element": 16
},
{
"pose": [
[
0.9998370392048678,
-0.017976861022927736,
0.0016515150033022629,
20.36262734744294
],
[
-0.018031975081829053,
-0.9988767155723337,
0.04381957281941414,
14.325384542387601
],
[
0.0008619215115583262,
-0.04384221202437195,
-0.9990380961385399,
0.0013878969352024706
],
[
0.0,
0.0,
0.0,
1.0
]
],
"at_element": 16,
"to_element": 15
},
{
"pose": [
[
-0.01892124947872209,
0.2457756760091498,
0.9691420450070307,
20.363275068374104
],
[
-0.9990156711454146,
0.034249168561668375,
-0.02819012697224632,
14.3613752720807
],
[
-0.04012075677303345,
-0.968721482953217,
0.24488571485670452,
0.002967582775797395
],
[
0.0,
0.0,
0.0,
1.0
]
],
"at_element": 15,
"to_element": 19
},
{
"pose": [
[
0.9693264846578842,
-0.24577567900380443,
-0.0006940828534225812,
20.271504757186673
],
[
-0.009399576247374128,
-0.034249170883595026,
-0.9993691221266326,
14.348586955983308
],
[
0.24559685280385485,
0.9687214821113473,
-0.03550881564958863,
0.364679010972134
],
[
0.0,
0.0,
0.0,
1.0
]
],
"at_element": 19,
"to_element": 15
},
{
"pose": [
[
-0.013294292049929268,
0.24614418230066298,
0.9691420449647352,
20.363275068325056
],
[
-0.9979708379082868,
0.05709223601246061,
-0.028190127203142012,
14.361375272082126
],
[
-0.062269322170094454,
-0.9675502664495708,
0.24488571499750966,
0.0029675827634036145
],
[
0.0,
0.0,
0.0,
1.0
]
],
"at_element": 15,
"to_element": 27
},
{
"pose": [
[
0.9668852108928069,
-0.24614418550319753,
-0.06742424563715795,
20.264983659025827
],
[
-0.08390761719930526,
-0.05709223851392009,
-0.9948366640194786,
14.33857694120255
],
[
0.24102385926025494,
0.9675502654872445,
-0.07585501316891108,
0.38933413035701453
],
[
0.0,
0.0,
0.0,
1.0
]
],
"at_element": 27,
"to_element": 15
},
{
"pose": [
[
0.0006803684088371176,
0.999998404797419,
0.001651514894186374,
20.36202883811077
],
[
0.9990391780798821,
-0.0007520845741364468,
0.04381957359750266,
14.309504321188316
],
[
0.043820745775281625,
0.0016201146289101902,
-0.9990380961045915,
0.36343948009541416
],
[
0.0,
0.0,
0.0,
1.0
]
],
"at_element": 16,
"to_element": 19
},
{
"pose": [
[
-0.001645798052422931,
-0.9999984047976067,
-0.000694082857135403,
20.271477660773954
],
[
-0.03550763448872796,
0.0007520845710338175,
-0.9993691221274613,
14.309572423440377
],
[
0.999368049940454,
-0.001620114514452875,
-0.035508815626186685,
0.3632927765847511
],
[
0.0,
0.0,
0.0,
1.0
]
],
"at_element": 19,
"to_element": 16
},
{
"pose": [
[
0.06751196414858007,
0.9977170977760496,
0.0016515151036610581,
20.361989201946205
],
[
0.9967552227220683,
-0.06751941176387355,
0.043819573381545726,
14.308452656616085
],
[
0.04383104690833878,
-0.001312189162162452,
-0.9990380961137177,
0.3874162760450307
],
[
0.0,
0.0,
0.0,
1.0
]
],
"at_element": 16,
"to_element": 27
},
{
"pose": [
[
-0.003816271979169006,
-0.9977170977695498,
-0.06742424553888465,
20.263394220348417
],
[
-0.07577031684455982,
0.06751941185990962,
-0.9948366640345374,
14.315124964002033
],
[
0.9971179945991628,
0.0013121891626818316,
-0.07585501305876452,
0.38754594732822906
],
[
0.0,
0.0,
0.0,
1.0
]
],
"at_element": 27,
"to_element": 16
},
{
"pose": [
[
-0.07790300322577237,
0.01554040859672727,
0.9968398155115253,
22.51941579947713
],
[
-0.18851801183843242,
-0.9820695625785967,
0.0005774678935949601,
16.653537197024395
],
[
0.9789750156673508,
-0.18787727365844503,
0.07943581523330534,
2.1452445574745234
],
[
0.0,
0.0,
0.0,
1.0
]
],
"at_element": 8,
"to_element": 11
},
{
"pose": [
[
-0.9821549317314826,
-0.015540408686989492,
0.18743048250849823,
22.518856337395697
],
[
0.020229398439039717,
0.9820695625084583,
0.1874303759619549,
16.688892167029376
],
[
-0.18698251660067497,
0.18787727401760573,
-0.9642300910018273,
2.1520082284260975
],
[
0.0,
0.0,
0.0,
1.0
]
],
"at_element": 11,
"to_element": 8
},
{
"pose": [
[
0.0005470116031631722,
0.07943603076427397,
0.9968398155143701,
22.49549100899349
],
[
-0.9999997683088816,
-0.00036043452038869717,
0.0005774678690763646,
16.653523337428464
],
[
0.0004051672362225811,
-0.9968399004370632,
0.0794358151977862,
2.1433380473144594
],
[
0.0,
0.0,
0.0,
1.0
]
],
"at_element": 8,
"to_element": 12
},
{
"pose": [
[
0.9968296389699853,
-0.07943603073398224,
-0.00453738825742149,
22.492628835400524
],
[
-0.0045230497603557795,
0.0003604345487512317,
-0.9999897060009174,
16.653536324309066
],
[
0.07943684845104382,
0.9968399004394667,
-1.2786709469025936e-09,
2.1792553610710828
],
[
0.0,
0.0,
0.0,
1.0
]
],
"at_element": 12,
"to_element": 8
},
{
"pose": [
[
-0.03579792857310715,
0.002111077891802815,
-0.9993568189890983,
22.48151826782285
],
[
-0.9993590465663997,
-9.580234893835637e-06,
0.03579798812944368,
14.188140291240096
],
[
6.59982682423843e-05,
0.9999977716266941,
0.0021100677417439373,
2.2152582243551637
],
[
0.0,
0.0,
0.0,
1.0
]
],
"at_element": 9,
"to_element": 12
},
{
"pose": [
[
-0.9999874776507096,
-0.0021110778226230923,
-0.004537388257444027,
22.4814422628006
],
[
0.0045373781437440565,
9.58016003649309e-06,
-0.9999897060009175,
14.188140636154206
],
[
0.0021110995600955775,
-0.9999977716268409,
-1.2816983030461415e-09,
2.179255357919298
],
[
0.0,
0.0,
0.0,
1.0
]
],
"at_element": 12,
"to_element": 9
},
{
"pose": [
[
0.03900390246368557,
0.9820994717488689,
0.18428055562971363,
22.51885631921877
],
[
0.9828638275055666,
-0.004456212453454844,
-0.18427924123915207,
14.639922575274596
],
[
-0.1801593521683269,
0.18831030179244668,
-0.9654438554701803,
2.1860360280325906
],
[
0.0,
0.0,
0.0,
1.0
]
],
"at_element": 10,
"to_element": 12
},
{
"pose": [
[
-0.18830836256738515,
-0.9820994718945195,
-0.004537388202088266,
22.483492922040888
],
[
0.0008544357481677367,
0.004456212657482084,
-0.9999897060011687,
14.64008303439331
],
[
0.9821095817304415,
-0.188310301028004,
-1.2117393755062267e-09,
2.1792553584970653
],
[
0.0,
0.0,
0.0,
1.0
]
],
"at_element": 12,
"to_element": 10
},
{
"pose": [
[
-0.05659014637942805,
0.9812432072971804,
0.18428055639675378,
22.801338129220166
],
[
0.9786476889971552,
0.09104867838508568,
-0.18427924187183017,
14.357442780064593
],
[
-0.19760125544460017,
0.16991735137257616,
-0.9654438552030076,
0.706116859608219
],
[
0.0,
0.0,
0.0,
1.0
]
],
"at_element": 10,
"to_element": 14
},
{
"pose": [
[
0.16919055813772355,
-0.9812432072478288,
-0.09239222514389528,
22.766013291627857
],
[
0.015699089264759547,
-0.09104867853681164,
0.995722690678965,
14.35416502002193
],
[
-0.9854583165376924,
-0.16991735157627386,
4.79616770743263e-08,
0.6999998207339031
],
[
0.0,
0.0,
0.0,
1.0
]
],
"at_element": 14,
"to_element": 10
},
{
"pose": [
[
-0.9802002735137287,
0.0724437739132858,
0.18428055628528053,
22.818967969076223
],
[
0.03794218649077102,
0.9821413091587778,
-0.18427924280336505,
14.339813065952738
],
[
-0.19433943060509176,
-0.17363855696556207,
-0.9654438550464788,
0.6137543179666803
],
[
0.0,
0.0,
0.0,
1.0
]
],
"at_element": 10,
"to_element": 15
},
{
"pose": [
[
-0.23561747971134972,
-0.0724437660193863,
0.9691420453263805,
22.815297507545562
],
[
0.18602088009027096,
-0.9821413078133414,
-0.02819013403906774,
14.290051551694797
],
[
0.9538766353281293,
0.17363856786908827,
0.24488571277936821,
0.6225519497244439
],
[
0.0,
0.0,
0.0,
1.0
]
],
"at_element": 15,
"to_element": 10
},
{
"pose": [
[
-0.1259446793288721,
0.9741702890039375,
0.18743048250146682,
22.790212602240494
],
[
0.9781099479943286,
0.09039238710424757,
0.1874303763751433,
16.96024827822765
],
[
0.16564681519208158,
0.20693347814111882,
-0.9642300909228769,
0.7560246486380849
],
[
0.0,
0.0,
0.0,
1.0
]
],
"at_element": 11,
"to_element": 14
},
{
"pose": [
[
0.20604835532345234,
-0.974170289003939,
-0.09239222527075774,
22.526467931427675
],
[
0.019119091089317752,
-0.0903923871042418,
0.9957226906671934,
16.935775646851084
],
[
-0.9783550151271362,
-0.2069334781411143,
4.779538342880585e-08,
0.6999999446530298
],
[
0.0,
0.0,
0.0,
1.0
]
],
"at_element": 14,
"to_element": 11
},
{
"pose": [
[
-0.18211579218223672,
0.07661281272814796,
-0.9802878736186216,
22.513520725434862
],
[
0.9832522932397227,
0.007108890874314211,
-0.18211093187769795,
17.105289265451347
],
[
-0.0069832712007262265,
-0.9970355763945533,
-0.0766243650996099,
0.6641066120109886
],
[
0.0,
0.0,
0.0,
1.0
]
],
"at_element": 13,
"to_element": 14
},
{
"pose": [
[
-0.9927709475604636,
-0.07661280809165184,
-0.0923922254099945,
22.51076265973346
],
[
-0.09211833196564019,
-0.007108884025062823,
0.9957226906542737,
17.105033345138963
],
[
-0.07694191702685618,
0.9970355767996596,
4.944105214121919e-08,
0.6999999527775185
],
[
0.0,
0.0,
0.0,
1.0
]
],
"at_element": 14,
"to_element": 13
},
{
"pose": [
[
0.14528185370709323,
-0.015867160196966948,
0.9892630672428415,
20.062900716377452
],
[
0.14489768311963835,
-0.988749412406843,
-0.037138401846130605,
11.840730111241745
],
[
0.9787225574237022,
0.1487374623032395,
-0.14134823273603714,
1.9844241415109076
],
[
0.0,
0.0,
0.0,
1.0
]
],
"at_element": 20,
"to_element": 25
},
{
"pose": [
[
-0.9994597067643098,
0.015867160198173698,
0.028784158522440102,
20.063472189246376
],
[
0.01140175674389143,
0.9887494124067744,
-0.1491462349790014,
11.876340986552558
],
[
-0.03082684702905237,
-0.14873746230356313,
-0.9883961112882542,
1.9790672015646324
],
[
0.0,
0.0,
0.0,
1.0
]
],
"at_element": 25,
"to_element": 20
},
{
"pose": [
[
-0.052146585358059605,
-0.13652588554725908,
0.9892630672430014,
20.086668859756763
],
[
-0.9932091057023487,
0.11025611755481479,
-0.03713840184605938,
11.839837819909791
],
[
-0.1040019518347377,
-0.9844817271627113,
-0.1413482327349347,
1.9810280933076234
],
[
0.0,
0.0,
0.0,
1.0
]
],
"at_element": 20,
"to_element": 26
},
{
"pose": [
[
0.9859957681385471,
0.1365258855459501,
-0.09577592489123088,
20.091585883685756
],
[
-0.080956612977172,
-0.11025611755365294,
-0.9906006336345942,
11.835866910172337
],
[
-0.14580251036295966,
0.9844817271630232,
-0.09765939204177876,
2.0164845211546885
],
[
0.0,
0.0,
0.0,
1.0
]
],
"at_element": 26,
"to_element": 20
},
{
"pose": [
[
0.037387043512149276,
0.1412826697321254,
0.9892630672428765,
18.42946773693797
],
[
0.9993004574329316,
-0.0043971448410380365,
-0.037138401844728886,
11.902051606388545
],
[
-0.0008970795696513489,
0.989959530663052,
-0.14134823273615993,
2.2178128857002837
],
[
0.0,
0.0,
0.0,
1.0
]
],
"at_element": 20,
"to_element": 22
},
{
"pose": [
[
-0.9894560640123675,
-0.14128266973210576,
0.03187325873711197,
18.424379437633633
],
[
-0.03282310142939201,
0.004397144840903033,
-0.9994515041410484,
11.902209969683053
],
[
0.1410650254375974,
-0.9899595306630554,
-0.00898811702600466,
2.182159465498463
],
[
0.0,
0.0,
0.0,
1.0
]
],
"at_element": 22,
"to_element": 20
},
{
"pose": [
[
0.06687560370024559,
-0.9810639547676042,
-0.18177230340587067,
18.39005825969936
],
[
-0.9824948476996341,
-0.03300320324395134,
-0.1833430195543619,
11.869399232204296
],
[
0.17387215956961136,
0.19085152666768643,
-0.9660973899639793,
2.1887479446580196
],
[
0.0,
0.0,
0.0,
1.0
]
],
"at_element": 21,
"to_element": 22
},
{
"pose": [
[
-0.19104348204424904,
0.9810639547684329,
0.03187325873724378,
18.4253878946352
],
[
0.002734857545734659,
0.03300320324467476,
-0.9994515041410441,
11.870587728751016
],
[
-0.9815777648880467,
-0.19085152666330224,
-0.008988117026023534,
