{
"contact_id_pairs": [
[
0,
23
],
[
6,
7
],
[
6,
23
],
[
6,
30
],
[
7,
23
],
[
23,
30
],
[
0,
1
],
[
0,
2
],
[
0,
20
],
[
0,
29
],
[
1,
20
],
[
2,
20
],
[
2,
26
],
[
19,
20
],
[
1,
11
],
[
1,
16
],
[
1,
25
],
[
10,
11
],
[
11,
25
],
[
16,
25
],
[
2,
8
],
[
2,
9
],
[
2,
18
],
[
8,
21
],
[
9,
18
],
[
9,
21
],
[
3,
4
],
[
3,
27
],
[
3,
28
],
[
4,
27
],
[
5,
28
],
[
27,
28
],
[
4,
11
],
[
4,
24
],
[
5,
6
],
[
6,
31
],
[
7,
8
],
[
7,
22
],
[
9,
17
],
[
10,
17
],
[
12,
14
],
[
12,
15
],
[
13,
14
],
[
14,
15
],
[
12,
20
],
[
12,
22
],
[
12,
23
],
[
20,
22
],
[
20,
23
],
[
21,
22
],
[
13,
28
],
[
13,
30
],
[
28,
30
],
[
28,
31
],
[
29,
30
],
[
29,
31
],
[
14,
25
],
[
14,
26
],
[
14,
27
],
[
24,
25
],
[
24,
27
],
[
25,
26
],
[
15,
16
],
[
15,
18
],
[
15,
19
],
[
16,
17
],
[
17,
18
],
[
18,
19
]
],
"contact_t_bound_pairs": [
[
[
0.6,
0.9
],
[
0.1,
0.4
]
],
[
[
0.1,
0.4
],
[
0.6,
0.9
]
],
[
[
0.1,
0.4
],
[
0.1,
0.4
]
],
[
[
0.1,
0.4
],
[
0.1,
0.4
]
],
[
[
0.6,
0.9
],
[
0.1,
0.4
]
],
[
[
0.1,
0.4
],
[
0.1,
0.4
]
],
[
[
0.1,
0.4
],
[
0.6,
0.9
]
],
[
[
0.1,
0.4
],
[
0.1,
0.4
]
],
[
[
0.1,
0.4
],
[
0.1,
0.4
]
],
[
[
0.1,
0.4
],
[
0.1,
0.4
]
],
[
[
0.6,
0.9
],
[
0.1,
0.4
]
],
[
[
0.1,
0.4
],
[
0.1,
0.4
]
],
[
[
0.1,
0.4
],
[
0.1,
0.4
]
],
[
[
0.1,
0.4
],
[
0.1,
0.4
]
],
[
[
0.1,
0.4
],
[
0.6,
0.9
]
],
[
[
0.1,
0.4
],
[
0.1,
0.4
]
],
[
[
0.1,
0.4
],
[
0.1,
0.4
]
],
[
[
0.6,
0.9
],
[
0.6,
0.9
]
],
[
[
0.6,
0.9
],
[
0.1,
0.4
]
],
[
[
0.1,
0.4
],
[
0.1,
0.4
]
],
[
[
0.6,
0.9
],
[
0.1,
0.4
]
],
[
[
0.6,
0.9
],
[
0.6,
0.9
]
],
[
[
0.6,
0.9
],
[
0.1,
0.4
]
],
[
[
0.1,
0.4
],
[
0.1,
0.4
]
],
[
[
0.6,
0.9
],
[
0.1,
0.4
]
],
[
[
0.6,
0.9
],
[
0.1,
0.4
]
],
[
[
0.1,
0.4
],
[
0.1,
0.4
]
],
[
[
0.1,
0.4
],
[
0.1,
0.4
]
],
[
[
0.1,
0.4
],
[
0.1,
0.4
]
],
[
[
0.1,
0.4
],
[
0.1,
0.4
]
],
[
[
0.6,
0.9
],
[
0.1,
0.4
]
],
[
[
0.1,
0.4
],
[
0.1,
0.4
]
],
[
[
0.6,
0.9
],
[
0.1,
0.4
]
],
[
[
0.6,
0.9
],
[
0.1,
0.4
]
],
[
[
0.1,
0.4
],
[
0.6,
0.9
]
],
[
[
0.6,
0.9
],
[
0.1,
0.4
]
],
[
[
0.1,
0.4
],
[
0.6,
0.9
]
],
[
[
0.1,
0.4
],
[
0.1,
0.4
]
],
[
[
0.1,
0.4
],
[
0.1,
0.4
]
],
[
[
0.1,
0.4
],
[
0.1,
0.4
]
],
[
[
0.6,
0.9
],
[
0.6,
0.9
]
],
[
[
0.6,
0.9
],
[
0.6,
0.9
]
],
[
[
0.6,
0.9
],
[
0.6,
0.9
]
],
[
[
0.6,
0.9
],
[
0.6,
0.9
]
],
[
[
0.1,
0.4
],
[
0.6,
0.9
]
],
[
[
0.1,
0.4
],
[
0.6,
0.9
]
],
[
[
0.1,
0.4
],
[
0.6,
0.9
]
],
[
[
0.6,
0.9
],
[
0.6,
0.9
]
],
[
[
0.6,
0.9
],
[
0.6,
0.9
]
],
[
[
0.6,
0.9
],
[
0.6,
0.9
]
],
[
[
0.1,
0.4
],
[
0.6,
0.9
]
],
[
[
0.1,
0.4
],
[
0.6,
0.9
]
],
[
[
0.6,
0.9
],
[
0.6,
0.9
]
],
[
[
0.6,
0.9
],
[
0.6,
0.9
]
],
[
[
0.6,
0.9
],
[
0.6,
0.9
]
],
[
[
0.6,
0.9
],
[
0.6,
0.9
]
],
[
[
0.1,
0.4
],
[
0.6,
0.9
]
],
[
[
0.1,
0.4
],
[
0.6,
0.9
]
],
[
[
0.1,
0.4
],
[
0.6,
0.9
]
],
[
[
0.6,
0.9
],
[
0.6,
0.9
]
],
[
[
0.6,
0.9
],
[
0.6,
0.9
]
],
[
[
0.6,
0.9
],
[
0.6,
0.9
]
],
[
[
0.1,
0.4
],
[
0.6,
0.9
]
],
[
[
0.1,
0.4
],
[
0.6,
0.9
]
],
[
[
0.1,
0.4
],
[
0.6,
0.9
]
],
[
[
0.6,
0.9
],
[
0.6,
0.9
]
],
[
[
0.6,
0.9
],
[
0.6,
0.9
]
],
[
[
0.6,
0.9
],
[
0.6,
0.9
]
]
],
"line_pt_pairs": [
[
[
9.959313030755867,
0.4362127601065847,
1.9775366792478328
],
[
9.971741272709785,
-0.8068774823984078,
1.3750515605535898
]
],
[
[
9.617068705436626,
1.0829574523053875,
2.3498644066618466
],
[
10.092860428870893,
0.00649971647185218,
1.6892997593522114
]
],
[
[
9.649593642432304,
0.17863122138705032,
1.617775768494795
],
[
10.876766186887199,
0.3422888235193525,
2.8263334835942433
]
],
[
[
8.708570760093522,
0.12798210379271938,
1.3621383617876093
],
[
10.038226879025242,
0.13808363535839355,
2.0174187783848607
]
],
[
[
8.895209346180284,
-0.06378591242840259,
1.4470407743928355
],
[
8.962825318801803,
1.374482959209204,
1.8391625119742099
]
],
[
[
8.96282548725716,
-0.9455121023467625,
0.9382357873723604
],
[
8.962825462342236,
0.36328193067000875,
1.491689926642141
]
],
[
[
10.092861625139376,
-0.7370449522654761,
1.6797258491622402
],
[
8.81946351114342,
-0.7587113964906913,
0.9835295270845923
]
],
[
[
10.899417902444124,
-0.6580944397938635,
2.611967394984778
],
[
9.705906240354778,
-0.8061049794126234,
1.3455389993083544
]
],
[
[
10.637704477720305,
0.4362097667781784,
2.558761632629214
],
[
10.767186423011193,
-0.8003756616977055,
2.504703893412716
]
],
[
[
10.635640278097316,
1.2798502975238852,
3.0039108514140804
],
[
10.695912976549094,
-0.06378442900240443,
2.556030137707634
]
],
[
[
10.776356301129784,
1.1185749582250786,
3.0039112540192416
],
[
9.592862466044796,
0.9044853393073884,
2.2352056812663745
]
],
[
[
8.885490212022093,
1.2769972953487934,
1.6983195073174688
],
[
9.828054740014377,
0.8744844371969348,
2.450399525605539
]
],
[
[
10.398959349629715,
-0.5031404866423878,
1.3405581388965826
],
[
10.0,
0.0,
0.0
]
],
[
[
9.269336305214635,
-0.15810076167869933,
0.7667531864410845
],
[
10.249996178084862,
0.20851030541021723,
0.2499990717232271
]
],
[
[
9.530250343238508,
0.45366223695465263,
1.198397539792564
],
[
10.14707066204168,
-0.10601666770509319,
0.09110803930533073
]
],
[
[
10.432252559539274,
0.3720366855817435,
1.6355871047905837
],
[
9.972555268692323,
-0.116428933997513,
0.027761936199751064
]
],
[
[
9.630538366224567,
0.9541577113075594,
2.3743101254762347
],
[
10.44996443172837,
0.210521510873092,
1.3641796681376692
]
],
[
[
10.730222277788743,
1.2862603950175402,
3.1701423220917304
],
[
10.278628147807693,
0.17161542863290283,
1.3380537146382623
]
],
[
[
10.688458472444317,
0.2569194296633141,
2.846816014561989
],
[
10.265539167529683,
0.34486659467455383,
1.1355885303145814
]
],
[
[
9.82734769116477,
0.26312846960758757,
1.9337078286483005
],
[
10.379599038292158,
0.3056257509663574,
1.2112592325372091
]
],
[
[
9.848615788408107,
0.35731526049105494,
1.9721316215500289
],
[
10.448565613676806,
-0.5198969383291909,
1.1201726169156547
]
],
[
[
10.68200914327865,
0.13138561944728247,
2.7531484766624295
],
[
10.413337012382131,
-0.5204994025702281,
1.3146250122088712
]
],
[
[
10.764068634480582,
-0.6832423850509584,
2.6137048168667247
],
[
10.210058736615878,
-0.3408020766344374,
0.8405587675371142
]
],
[
[
9.592861918607099,
-0.9016237510736089,
1.5974971544756704
],
[
10.48264401035489,
-0.3231078049020586,
1.1272189411656066
]
],
[
[
8.636314230691418,
1.0085080004897413,
1.88099511326687
],
[
9.7839010121304,
0.19202911670309977,
0.9492024979730479
]
],
[
[
9.728800946191777,
0.9742414828043855,
2.5969680824831007
],
[
9.591705405364008,
0.24717581648612308,
0.8243168655735174
]
],
[
[
9.839503176453883,
0.16339452427425033,
2.0361345924071
],
[
9.505296518133994,
0.4186476730637101,
0.8674439032288612
]
],
[
[
8.7743558374098,
0.055515465413734075,
1.5183939045363535
],
[
9.783799172750449,
0.36623986838636985,
0.9478192795281823
]
],
[
[
8.875469820865481,
0.12626235992670576,
1.581474007631457
],
[
9.463101908044683,
-0.18610025210493097,
0.6070337430392639
]
],
[
[
10.092550819739209,
-0.03355907611292818,
2.0666520078485244
],
[
9.288886292750488,
-0.21412119141041427,
0.4833626108402274
]
],
[
[
9.713516945076336,
-0.9088234058566208,
1.6805615173746404
],
[
9.353445567705707,
0.005037914115455888,
0.6217078868524697
]
],
[
[
8.952576098847107,
-0.9685874714850738,
1.1980866260220022
],
[
9.450431337749563,
-0.003533612544596603,
0.5923510355541558
]
]
],
"contact_t_pairs": [
[
0.8999945412346122,
0.39999961905528597
],
[
0.10000009323744612,
0.7853234313662129
],
[
0.24414836141154467,
0.22386904494881177
],
[
0.3450448952781681,
0.20470534863623732
],
[
0.8999998977097438,
0.24454391161348424
],
[
0.10000012603133243,
0.10000283537101082
],
[
0.10000058047577363,
0.7022736346852578
],
[
0.16631427839340956,
0.23539787634543136
],
[
0.18368727373618296,
0.15553246228167247
],
[
0.39993999697951066,
0.19798255737441925
],
[
0.8999975218060925,
0.2781151914419895
],
[
0.21513679465380647,
0.13218014764409344
],
[
0.10026547624835896,
0.24485798125075536
],
[
0.10001216294626908,
0.10433095158338641
],
[
0.10002237156442556,
0.8020583321592156
],
[
0.21440770246833724,
0.1408422118254667
],
[
0.23219046657585468,
0.22027902748421735
],
[
0.8999994641353399,
0.8546754892972864
],
[
0.8999987785811487,
0.11808872786961877
],
[
0.1042617064087626,
0.17728189213606219
],
[
0.795460938285942,
0.10000274323467624
],
[
0.85831502332976,
0.7221273871967262
],
[
0.7815878586729178,
0.16849118672351412
],
[
0.317747130821641,
0.14128955194246925
],
[
0.7515329036476225,
0.10000535282958056
],
[
0.8999992396995408,
0.10000130463913103
],
[
0.15857738744540875,
0.12896997988665732
],
[
0.1423872929757909,
0.12739781141051165
],
[
0.17274041015762168,
0.1000004999097777
],
[
0.10000030382456769,
0.10740534736650995
],
[
0.7782317210227111,
0.1975347555138564
],
[
0.1645354994850785,
0.14166651205690928
],
[
0.8999996620137474,
0.10000045302147256
],
[
0.6000029161514807,
0.24535217983046176
],
[
0.15397719950388533,
0.899999161679619
],
[
0.828879484380626,
0.19800430702725932
],
[
0.10000035861732293,
0.8999731548609519
],
[
0.14709652967232664,
0.10000147919237096
],
[
0.10001571142282263,
0.12149815605246192
],
[
0.10000723307497623,
0.14340958125359002
],
[
0.8507179637194826,
0.8999962389829739
],
[
0.8668642391490416,
0.8999984700528108
],
[
0.6783584442979947,
0.6868991745297435
],
[
0.8412881267997124,
0.8457654206473741
],
[
0.10000012360852495,
0.8997015607999349
],
[
0.24906485092323452,
0.8999998359716682
],
[
0.11460739691107652,
0.8411834752442839
],
[
0.8587488749801774,
0.7720831786588107
],
[
0.8820815292791291,
0.8581091971252793
],
[
0.8999998560764123,
0.6462189067428745
],
[
0.10000033482688955,
0.869495977665987
],
[
0.12055653524430308,
0.8999996890264867
],
[
0.8491570712915869,
0.8661135354914534
],
[
0.8999954187636482,
0.8467689216252133
],
[
0.793407833556224,
0.8070020102592167
],
[
0.872291639613145,
0.827459987513364
],
[
0.13723060318972224,
0.8668678145493333
],
[
0.10000042180914058,
0.8109292562650336
],
[
0.18388721556502927,
0.8799118400910101
],
[
0.8403040392585435,
0.8533529460579133
],
[
0.8621914662370469,
0.8246014240917579
],
[
0.8290795850259715,
0.7715358867761811
],
[
0.11377664407654353,
0.899536215833018
],
[
0.10000017076086284,
0.7966395122388845
],
[
0.21332127474884663,
0.8968882026480081
],
[
0.8535220418702562,
0.8944609600497768
],
[
0.8649448236864165,
0.7421405121092515
],
[
0.8999994246216996,
0.8705233383282469
]
],
"half_couplers": [
{
"pose": [
[
0.7973575136446487,
0.6034401864147682,
0.008996491212338531,
9.970498380671536
],
[
0.269651392785786,
-0.3428892386645732,
-0.8998417062887867,
-0.6825616724099189
],
[
-0.5399158469642373,
0.7199214619857772,
-0.4361237975267471,
1.4353033612479267
],
[
0.0,
0.0,
0.0,
1.0
]
],
"at_element": 0,
"to_element": 23
},
{
"pose": [
[
0.2198685754962707,
-0.6034401863891137,
0.7664970651998039,
9.948774416348432
],
[
-0.7962822566408305,
0.34288923873428734,
0.4983588443272654,
-0.6702175929875805
],
[
-0.5635533490879344,
-0.7199214619740771,
-0.40511814489217834,
1.4093860483016445
],
[
0.0,
0.0,
0.0,
1.0
]
],
"at_element": 23,
"to_element": 0
},
{
"pose": [
[
-0.4705393217355225,
0.09426459781826502,
-0.8773294320258697,
9.965521695011391
],
[
0.2230937452579364,
0.9746826927303315,
-0.014927468597762061,
-0.7392115987081215
],
[
0.853710681394734,
-0.20275066976488867,
-0.47965637531719274,
1.6101061520429085
],
[
0.0,
0.0,
0.0,
1.0
]
],
"at_element": 6,
"to_element": 7
},
{
"pose": [
[
0.7239531794394326,
-0.09426459607374774,
-0.6833783577979258,
9.962125228596527
],
[
-0.2069093991471139,
-0.9746826929605685,
-0.08474755800443476,
-0.7743305846456328
],
[
-0.6580883637659285,
0.20275066946914852,
-0.7251288654478565,
1.617411501712561
],
[
0.0,
0.0,
0.0,
1.0
]
],
"at_element": 7,
"to_element": 6
},
{
"pose": [
[
-0.3894742852183595,
-0.28036199621080427,
-0.877329431989114,
9.78196356218271
],
[
-0.5617917440551373,
0.8271440062158744,
-0.01492746772365991,
-0.742334779120677
],
[
0.7298628757959508,
0.4870625668862746,
-0.4796563754116254,
1.5097506579062385
],
[
0.0,
0.0,
0.0,
1.0
]
],
"at_element": 6,
"to_element": 23
},
{
"pose": [
[
0.5778229832770598,
0.28036199627334063,
0.766497065253629,
9.792056585699234
],
[
-0.25975229631656366,
-0.8271440061661937,
0.4983588442293486,
-0.7721119387165257
],
[
0.7737243336971319,
-0.4870625669346469,
-0.4051181449107928,
1.4922164200017127
],
[
0.0,
0.0,
0.0,
1.0
]
],
"at_element": 23,
"to_element": 6
},
{
"pose": [
[
0.29330232344747575,
0.37982471590818,
-0.8773294319955205,
9.653482106248225
],
[
0.7744226565830459,
-0.6324924661048061,
-0.014927467686066398,
-0.7445208482442156
],
[
-0.5605740772022643,
-0.6750455284689554,
-0.479656375401077,
1.4395068621179123
],
[
0.0,
0.0,
0.0,
1.0
]
],
"at_element": 6,
"to_element": 30
},
{
"pose": [
[
-0.8908305256687163,
-0.379824715906473,
-0.24930735994624265,
9.639808408237752
],
[
-0.446755634779947,
0.6324924661096087,
0.6327421932406215,
-0.7217511057465648
],
[
-0.08264609687798286,
0.6750455284654159,
-0.7331324281258347,
1.4638085157838536
],
[
0.0,
0.0,
0.0,
1.0
]
],
"at_element": 30,
"to_element": 6
},
{
"pose": [
[
0.6032178840742052,
0.4112447013914627,
-0.683378357800776,
9.825257528648327
],
[
0.4939459781742485,
-0.8653526575615396,
-0.0847475586472318,
-0.7913039103107113
],
[
-0.6262152624924785,
-0.2864307483993781,
-0.725128865370045,
1.4721819684192818
],
[
0.0,
0.0,
0.0,
1.0
]
],
"at_element": 7,
"to_element": 23
},
{
"pose": [
[
-0.49331536004079024,
-0.411244701470138,
0.7664970652654599,
9.810452711806732
],
[
0.052945637516351673,
0.8653526575115142,
0.49835884421343113,
-0.7601511986660421
],
[
-0.8682377065157978,
0.28643074843755323,
-0.40511814490798925,
1.482493480646227
],
[
0.0,
0.0,
0.0,
1.0
]
],
"at_element": 23,
"to_element": 7
},
{
"pose": [
[
0.630896866979027,
0.1202139437945354,
0.7664970651955636,
9.6818402399223
],
[
-0.4661917405202599,
-0.73096082196294,
0.4983588444343631,
-0.8437720835453184
],
[
0.6201890069218725,
-0.6717476345121189,
-0.405118144768454,
1.5504692738748742
],
[
0.0,
0.0,
0.0,
1.0
]
],
"at_element": 23,
"to_element": 30
},
{
"pose": [
[
-0.9609341538207445,
-0.1202139438610337,
-0.2493073599438786,
9.677508786403328
],
[
-0.2556043699075443,
0.7309608218156924,
0.6327421931993272,
-0.8174346827235185
],
[
0.10616947821750689,
0.6717476346604457,
-0.7331324281622789,
1.5746731520795345
],
[
0.0,
0.0,
0.0,
1.0
]
],
"at_element": 30,
"to_element": 23
},
{
"pose": [
[
0.9656333681068069,
0.25975230806455163,
0.008996491196143513,
9.960555862165553
],
[
0.12111117113435484,
-0.4190668060694305,
-0.8998417062335082,
0.31190301427231526
],
[
-0.22996582925549836,
0.8700067531381033,
-0.43612379764113585,
1.9172878176503931
],
[
0.0,
0.0,
0.0,
1.0
]
],
"at_element": 0,
"to_element": 1
},
{
"pose": [
[
-0.8990254363880499,
-0.25975230807064764,
0.3525365274397077,
9.951204688405973
],
[
-0.4338432386102892,
0.41906680630135074,
-0.7975983050185864,
0.32698956557650755
],
[
0.05944164398308743,
-0.8700067530245714,
-0.48944350098068545,
1.8859672708511237
],
[
0.0,
0.0,
0.0,
1.0
]
],
"at_element": 1,
"to_element": 0
},
{
"pose": [
[
-0.7717120557682164,
0.635908457346836,
0.008996491358340741,
9.961380024848133
],
[
0.27110942249433434,
0.34173759665170755,
-0.8998417061180835,
0.2294691034464784
],
[
-0.5752913905289927,
-0.6919796593177303,
-0.43612379787594246,
1.8773348014894322
],
[
0.0,
0.0,
0.0,
1.0
]
],
"at_element": 0,
"to_element": 2
},
{
"pose": [
[
-0.3041722294151832,
-0.6359084574838076,
0.7092952055055509,
9.938467453306405
],
[
0.9350228006706696,
-0.3417375969537262,
0.09459269027927125,
0.21715587337677977
],
[
0.1822405472955313,
0.6919796590427041,
0.6985359936270773,
1.902267688070092
],
[
0.0,
0.0,
0.0,
1.0
]
],
"at_element": 2,
"to_element": 0
},
{
"pose": [
[
0.8378194852111427,
0.5458732209526633,
0.008996490832571702,
9.961595940637716
],
[
0.24487062041283342,
-0.36100316322015247,
-0.8998417057481156,
0.20787290245279208
],
[
-0.4879517286158231,
0.7561078909731129,
-0.4361237986501325,
1.8668678303282666
],
[
0.0,
0.0,
0.0,
1.0
]
],
"at_element": 0,
"to_element": 20
},
{
"pose": [
[
-0.7127507156094035,
-0.5458732208764987,
0.4404643505758449,
9.941927461977608
],
[
-0.6744722193300428,
0.3610031652847313,
-0.6440216921862273,
0.22088028726502207
],
[
0.1925451706750653,
-0.7561078900423684,
-0.6254815871513628,
1.8396243397962018
],
[
0.0,
0.0,
0.0,
1.0
]
],
"at_element": 20,
"to_element": 0
},
{
"pose": [
[
-0.5162030633828243,
0.8564189748598733,
0.008996491213308144,
9.964283581805379
],
[
0.36935571049817206,
0.23208029372965755,
-0.8998417062932493,
-0.06094874772612119
],
[
-0.7727294199631447,
-0.4611781399441211,
-0.4361237975175194,
1.7365787826970571
],
[
0.0,
0.0,
0.0,
1.0
]
],
"at_element": 0,
"to_element": 29
},
{
"pose": [
[
0.2525423491377802,
-0.8564189748616099,
-0.45029868019899966,
9.933439261414879
],
[
-0.9674209696950894,
-0.23208029372912864,
-0.10117017671633624,
-0.06930722546445922
],
[
-0.017861390936450172,
0.4611781399411631,
-0.8871277776928332,
1.7531883239650197
],
[
0.0,
0.0,
0.0,
1.0
]
],
"at_element": 29,
"to_element": 0
},
{
"pose": [
[
0.4359902567071856,
0.8280280749162653,
0.3525365274788784,
10.045280077423316
],
[
0.6027805848817792,
0.02219257459984203,
-0.7975983049895544,
0.11414815772620834
],
[
-0.6682574822222213,
0.5602472639675217,
-0.48944350099978173,
1.7553578610904594
],
[
0.0,
0.0,
0.0,
1.0
]
],
"at_element": 1,
"to_element": 20
},
{
"pose": [
[
-0.3469303437342559,
-0.8280280748416576,
0.4404643502832545,
10.0154709489183
],
[
-0.7646852624687069,
-0.022192574710205637,
-0.6440216913978107,
0.11334922188091373
],
[
0.5430430792852405,
-0.5602472640734182,
-0.6254815881691913,
1.7351888798754131
],
[
0.0,
0.0,
0.0,
1.0
]
],
"at_element": 20,
"to_element": 1
},
{
"pose": [
[
-0.5820770058821028,
-0.3976011453717604,
0.7092952054133673,
9.913603610133485
],
[
0.6375376729163577,
-0.7645900460670607,
0.09459269034954892,
0.21383999333052175
],
[
0.5047098917553748,
0.5072626446469664,
0.698535993711164,
1.8777810014754186
],
[
0.0,
0.0,
0.0,
1.0
]
],
"at_element": 2,
"to_element": 20
},
{
"pose": [
[
-0.8049251426578625,
0.3976011453797579,
0.4404643503280653,
9.927917244891173
],
[
0.025261084623587865,
0.7645900460714613,
-0.644021691445312,
0.241365222535795
],
[
-0.5928384200782367,
-0.5072626446340646,
-0.6254815880887263,
1.8595195545307424
],
[
0.0,
0.0,
0.0,
1.0
]
],
"at_element": 20,
"to_element": 2
},
{
"pose": [
[
-0.5694311685268665,
0.41550987632940733,
0.7092952043985974,
9.772636682040984
],
[
-0.5072307277690633,
-0.85660329847178,
0.09459269450720358,
0.19504042880651
],
[
0.6468888104744075,
-0.30591229416286525,
0.6985359941785525,
1.7389523833728697
],
[
0.0,
0.0,
0.0,
1.0
]
],
"at_element": 2,
"to_element": 26
},
{
"pose": [
[
-0.8688781283468603,
-0.41550987740226025,
-0.26907682891994816,
9.757670008777113
],
[
-0.47328274625324024,
0.8566032977323157,
0.20550968934119054,
0.22589529499473615
],
[
0.14510079317304703,
0.3059122947762648,
-0.9409375259416917,
1.7499713495483622
],
[
0.0,
0.0,
0.0,
1.0
]
],
"at_element": 26,
"to_element": 2
},
{
"pose": [
[
-0.006653911421134584,
-0.7949467466911653,
0.6066427246641406,
9.882579542880968
],
[
-0.9979412122306377,
0.04397781815938995,
0.04668284954439922,
0.2673787146356143
],
[
-0.06378920280458983,
-0.6050831524964748,
-0.7936027445583105,
1.8614541819337345
],
[
0.0,
0.0,
0.0,
1.0
]
],
"at_element": 19,
"to_element": 20
},
{
"pose": [
[
0.4171939908819571,
0.7949467466841539,
0.44046435032618164,
9.911209124580676
],
[
0.7637421112251205,
-0.04397781815464685,
-0.6440216914450575,
0.2657948770475839
],
[
-0.49259228730602495,
0.6050831525060308,
-0.6254815880903148,
1.8832459278864897
],
[
0.0,
0.0,
0.0,
1.0
]
],
"at_element": 20,
"to_element": 19
},
{
"pose": [
[
-0.6796789956823135,
0.6432374830903416,
0.3525365274349387,
9.664658521985247
],
[
0.1412721241866282,
0.5864120828104005,
-0.7975983049516631,
0.9752875966784454
],
[
-0.7197768055140986,
-0.49230723078335026,
-0.4894435010931799,
2.2837931640663185
],
[
0.0,
0.0,
0.0,
1.0
]
],
"at_element": 1,
"to_element": 11
},
{
"pose": [
[
-0.19104770845365615,
-0.6432374830907568,
0.7414487935398338,
9.641481945296022
],
[
0.7455651161825558,
-0.5864120828105073,
-0.31662837312144787,
0.9541585036668747
],
[
0.6384617691187929,
0.4923072307826801,
0.5916081134440181,
2.301531552435871
],
[
0.0,
0.0,
0.0,
1.0
]
],
"at_element": 11,
"to_element": 1
},
{
"pose": [
[
-0.5646216218833275,
-0.7462710106127701,
0.35253652693137405,
9.719082115711617
],
[
-0.5983881094738455,
0.07595140099689579,
-0.7975983043656286,
0.8521566223610508
],
[
0.5684488495389517,
-0.6612949140932535,
-0.48944350241088985,
2.2082342583003802
],
[
0.0,
0.0,
0.0,
1.0
]
],
"at_element": 1,
"to_element": 16
},
{
"pose": [
[
0.3794263395479407,
0.7462710116290713,
0.5469142803578759,
9.745948145717563
],
[
0.8648054687460628,
-0.07595140250943944,
-0.4963294124709432,
0.849422344044883
],
[
-0.3288573461003319,
0.6612949127726384,
-0.6741972146611663,
2.232041117632401
],
[
0.0,
0.0,
0.0,
1.0
]
],
"at_element": 16,
"to_element": 1
},
{
"pose": [
[
-0.4789792994123032,
0.8039258844798151,
0.3525365271824282,
9.727543007693757
],
[
0.2955239994969606,
0.5258350589431326,
-0.7975983052311437,
0.8330142283730108
],
[
-0.826585988543128,
-0.2778500729703332,
-0.4894435008196154,
2.196487592999507
],
[
0.0,
0.0,
0.0,
1.0
]
],
"at_element": 1,
"to_element": 25
},
{
"pose": [
[
0.5904313914005255,
-0.8039258845166817,
-0.07137187298166217,
9.698601673785813
],
[
-0.7617267501993323,
-0.5258350586121348,
-0.3785100383941452,
0.8140841649106342
],
[
0.2667641844018862,
0.2778500734900825,
-0.9228413767175554,
2.2064901963535433
],
[
0.0,
0.0,
0.0,
1.0
]
],
"at_element": 25,
"to_element": 1
},
{
"pose": [
[
-0.014935862354023666,
0.5588415986931958,
-0.8291399083301771,
9.711212483745816
],
[
0.9689360486256025,
-0.19663783661944367,
-0.1499883158230304,
0.9258944159222183
],
[
-0.24685998802873227,
-0.8056237513750807,
-0.5385448147840588,
2.312076650463812
],
[
0.0,
0.0,
0.0,
1.0
]
],
"at_element": 10,
"to_element": 11
},
{
"pose": [
[
0.3714158773638735,
-0.5588415988117319,
0.7414487935653895,
9.691077011178164
],
[
0.9279439823952238,
0.19663783670827417,
-0.31662837319353265,
0.9329794213594044
],
[
0.031148219507973363,
0.8056237512711735,
0.5916081133734101,
2.3411038649385376
],
[
0.0,
0.0,
0.0,
1.0
]
],
"at_element": 11,
"to_element": 10
},
{
"pose": [
[
0.32331586865054374,
0.5879800469647355,
0.7414487935455097,
9.733797135949066
],
[
-0.603994895980808,
0.7313936279267328,
-0.3166283731084515,
0.9147362146489135
],
[
-0.7284620887238246,
-0.3454603094416483,
0.5916081134438602,
2.37519060517202
],
[
0.0,
0.0,
0.0,
1.0
]
],
"at_element": 11,
"to_element": 25
},
{
"pose": [
[
0.8057204975157217,
-0.5879800469567567,
-0.07137187305758466,
9.712611508178828
],
[
-0.5672684653323021,
-0.7313936279252458,
-0.3785100385325094,
0.8883832231911851
],
[
0.17035541706254173,
0.34546030945837647,
-0.9228413766549319,
2.3876379553217166
],
[
0.0,
0.0,
0.0,
1.0
]
],
"at_element": 25,
"to_element": 11
},
{
"pose": [
[
-0.774227579881742,
0.31852225192710343,
0.5469142799175641,
9.71597312608981
],
[
0.006538899818593347,
0.8681096461851727,
-0.4963294117714733,
0.8766249321029332
],
[
-0.6328735239679593,
-0.3806957016142173,
-0.6741972155332856,
2.2689922002986522
],
[
0.0,
0.0,
0.0,
1.0
]
],
"at_element": 16,
"to_element": 25
},
{
"pose": [
[
0.9452246456600707,
-0.318522251927336,
-0.07137187305887681,
9.704496389310414
],
[
-0.32111647875286603,
-0.8681096461854223,
-0.37851003853686827,
0.8453459057723172
],
[
0.05860525838313362,
0.3806957016134541,
-0.9228413766530446,
2.282709120652077
],
[
0.0,
0.0,
0.0,
1.0
]
],
"at_element": 25,
"to_element": 16
},
{
"pose": [
[
-0.14006508665361128,
-0.6908560509074375,
0.7092952054154156,
10.62576146608314
],
[
0.9901087871070431,
-0.10361859207018798,
0.09459269036670842,
0.3088144511368388
],
[
0.008146238035825926,
0.7155285489077092,
0.6985359937067607,
2.5791362225205163
],
[
0.0,
0.0,
0.0,
1.0
]
],
"at_element": 2,
"to_element": 8
},
{
"pose": [
[
-0.7154671592170552,
0.6908560509096241,
0.10404163110714854,
10.650653027448755
],
[
-0.044436319942167235,
0.10361859207529767,
-0.9936239735666257,
0.31254783168656247
],
[
-0.6972317817999081,
-0.7155285489048582,
-0.04343659920198184,
2.5533557104144995
],
[
0.0,
0.0,
0.0,
1.0
]
],
"at_element": 8,
"to_element": 2
},
{
"pose": [
[
0.2513279699236135,
0.6585852739808292,
0.7092952054184994,
10.702894273555748
],
[
-0.9597662592126853,
0.26438787908223427,
0.09459269036921547,
0.31910099997932984
],
[
-0.12523170210040113,
-0.7045313948221144,
0.6985359937032897,
2.6550990119257394
],
[
0.0,
0.0,
0.0,
1.0
]
],
"at_element": 2,
"to_element": 9
},
{
"pose": [
[
0.7513040001647221,
-0.6585852739841352,
0.04251748143680267,
10.679164844349595
],
[
-0.1781207554388363,
-0.2643878790661496,
-0.9478249025451915,
0.30957486311066795
],
[
0.6354646298720218,
0.7045313948250602,
-0.31594337766041214,
2.680483921849439
],
[
0.0,
0.0,
0.0,
1.0
]
],
"at_element": 9,
"to_element": 2
},
{
"pose": [
[
0.6646216127781235,
-0.23490087995853226,
0.7092952054137357,
10.608736803675
],
[
0.24047983089811842,
0.9660339920814548,
0.09459269038556842,
0.3065440161931807
],
[
-0.7074231850592817,
0.10770284461366314,
0.6985359937059125,
2.5623698051220067
],
[
0.0,
0.0,
0.0,
1.0
]
],
"at_element": 2,
"to_element": 18
},
{
"pose": [
[
0.942019353493925,
0.23490087996761833,
-0.2396270315163259,
10.617200296870966
],
[
0.253564964865406,
-0.9660339920818888,
0.049831061950700896,
0.2717377518650266
],
[
-0.21978249756450832,
-0.10770284458995369,
-0.9695853500499785,
2.5584892649872497
],
[
0.0,
0.0,
0.0,
1.0
]
],
"at_element": 18,
"to_element": 2
},
{
"pose": [
[
-0.23432828856344545,
0.9665741524449966,
0.1040416311106444,
10.678846994329689
],
[
0.01795459599263416,
0.11130602696037639,
-0.993623973565975,
0.04328829486411673
],
[
-0.9719917106959648,
-0.23096617974831857,
-0.04343659920849463,
2.541584941094467
],
[
0.0,
0.0,
0.0,
1.0
]
],
"at_element": 8,
"to_element": 21
},
{
"pose": [
[
0.1939292178123163,
-0.9665741524461515,
-0.16770768110527018,
10.644048578284853
],
[
-0.9066603292828368,
-0.11130602696347025,
-0.40691278631464134,
0.0392810767684217
],
[
0.37464450587649206,
0.23096617974199388,
-0.8979399300799291,
2.5499001409110575
],
[
0.0,
0.0,
0.0,
1.0
]
],
"at_element": 21,
"to_element": 8
},
{
"pose": [
[
-0.2583414385075533,
0.9651175912413004,
0.042517481421626147,
10.680937194175458
],
[
0.29504494040198725,
0.12073291697363997,
-0.9478249025543821,
0.2700645900558036
],
[
-0.919895746426211,
-0.23231788100709433,
-0.3159433776348821,
2.6673137581545054
],
[
0.0,
0.0,
0.0,
1.0
]
],
"at_element": 9,
"to_element": 18
},
{
"pose": [
[
0.10548422083615538,
-0.9651175912400991,
-0.23962703151668502,
10.646164278137888
],
[
-0.9914335217385193,
-0.12073291696325139,
0.04983106194636035,
0.2657146169306245
],
[
-0.07702370497286175,
0.23231788101748413,
-0.9695853500501133,
2.6756841062281516
],
[
0.0,
0.0,
0.0,
1.0
]
],
"at_element": 18,
"to_element": 9
},
{
"pose": [
[
-0.2614030012303252,
0.9642928677116667,
0.042517481442213956,
10.689885660878556
],
[
0.2946603008495689,
0.1216686533919561,
-0.9478249025453118,
0.07058006521632415
],
[
-0.9191538380766413,
-0.23523606029305605,
-0.315943377659323,
2.600818549602191
],
[
0.0,
0.0,
0.0,
1.0
]
],
"at_element": 9,
"to_element": 21
},
{
"pose": [
[
0.20497170285957422,
-0.9642928677143706,
-0.16770768110626877,
10.655141579668824
],
[
-0.9053279643926918,
-0.12166865340457722,
-0.406912786315817,
0.06619626677082277
],
[
0.3719783299003201,
0.23523606027544403,
-0.8979399300792097,
2.6092942534630708
],
[
0.0,
0.0,
0.0,
1.0
]
],
"at_element": 21,
"to_element": 9
},
{
"pose": [
[
0.10259902393365072,
0.43002568182583145,
0.8969678663464433,
8.919424153634516
],
[
-0.9757911011353186,
0.21859847095207563,
0.006814355621536483,
0.12958397827760132
],
[
-0.19314545615412332,
-0.8759524082206998,
0.44204322333836576,
1.4660510182957407
],
[
0.0,
0.0,
0.0,
1.0
]
],
"at_element": 3,
"to_element": 4
},
{
"pose": [
[
-0.9016789428052794,
-0.4300256815428382,
0.045310013409522565,
8.9039297768093
],
[
0.15268466934819908,
-0.21859847070209382,
0.9637956735495014,
0.12170759501830485
],
[
-0.40455219174735013,
0.8759524084220119,
0.2627639669591171,
1.4976127070018266
],
[
0.0,
0.0,
0.0,
1.0
]
],
"at_element": 4,
"to_element": 3
},
{
"pose": [
[
0.4191997876098067,
-0.14042857617835774,
0.8969678662362505,
8.897896895456906
],
[
0.3044955506503344,
0.9524893827213018,
0.0068143552404519026,
0.12942043352726523
],
[
-0.8553092994361996,
0.2702661480757673,
0.4420432235678371,
1.4554419664469405
],
[
0.0,
0.0,
0.0,
1.0
]
],
"at_element": 3,
"to_element": 27
},
{
"pose": [
[
0.5226743362786201,
0.1404285757771217,
0.8408872417279937,
8.902956709075127
],
[
-0.1605175829432131,
-0.9524893829476413,
0.2588398750928666,
0.09510107430428574
],
[
0.8372846850156598,
-0.2702661474865679,
-0.4753005004846895,
1.4457039460639391
],
[
0.0,
0.0,
0.0,
1.0
]
],
"at_element": 27,
"to_element": 3
},
{
"pose": [
[
0.427740514383136,
0.11174390074055439,
0.8969678662039879,
8.93825610344638
],
[
-0.26610618682326054,
0.9639196345667692,
0.006814354778709258,
0.1297270464985941
],
[
-0.8638434752254798,
-0.2416034741967741,
0.44204322364042015,
1.4753317697188757
],
[
0.0,
0.0,
0.0,
1.0
]
],
"at_element": 3,
"to_element": 28
},
{
"pose": [
[
0.859952775348173,
-0.11174390109138475,
0.49799048659573164,
8.934233323346428
],
[
0.028038991937539656,
-0.9639196346295482,
-0.26471258547104565,
0.09502594257041815
],
[
0.5096028248568696,
0.24160347378404531,
-0.8257921786705062,
1.4840294940400218
],
[
0.0,
0.0,
0.0,
1.0
]
],
"at_element": 28,
"to_element": 3
},
{
"pose": [
[
-0.8447692451403941,
0.5332090820190302,
0.045310013433585206,
8.901970963985828
],
[
-0.1034297438579829,
-0.24576449647784204,
0.9637956735514351,
0.08004141171677623
],
[
0.525040198985183,
0.8094985405319862,
0.2627639669478744,
1.4862530672871903
],
[
0.0,
0.0,
0.0,
1.0
]
],
"at_element": 4,
"to_element": 27
},
{
"pose": [
[
0.09271851309013801,
-0.533209081442206,
0.8408872414289046,
8.88277544948887
],
[
-0.934131538605618,
0.24576449624709373,
0.2588398751481563,
0.08888892785026144
],
[
-0.3446760013587468,
-0.8094985409819905,
-0.475300500983719,
1.4571111387388347
],
[
0.0,
0.0,
0.0,
1.0
]
],
"at_element": 27,
"to_element": 4
},
{
"pose": [
[
0.6037788110219608,
-0.7971518972949303,
-1.753244671665044e-08,
8.962825467867576
],
[
0.3104755008890308,
0.2351603417947863,
0.9210345145512544,
0.07303293043213438
],
[
-0.7342044066257113,
-0.5561011295493405,
0.38948096616565864,
1.368951354683425
],
[
0.0,
0.0,
0.0,
1.0
]
],
"at_element": 5,
"to_element": 28
},
{
"pose": [
[
0.341400538820674,
0.7971518972954269,
0.497990486587098,
8.991547581538521
],
[
0.9352148740746277,
-0.2351603417963657,
-0.2647125855636537,
0.06455988772736682
],
[
-0.09390852678288406,
0.5561011295479605,
-0.8257921786460263,
1.3889881882023807
],
[
0.0,
0.0,
0.0,
1.0
]
],
"at_element": 28,
"to_element": 5
},
{
"pose": [
[
-0.18902144374154295,
-0.5071287216692628,
0.8408872418249445,
8.940445100791957
],
[
-0.6824552547098006,
0.6835618075300802,
0.25883987444980505,
0.10664066025903951
],
[
-0.7060635375976048,
-0.5249416300354822,
-0.4753005006633666,
1.4245141236171226
],
[
0.0,
0.0,
0.0,
1.0
]
],
"at_element": 27,
"to_element": 28
},
{
"pose": [
[
0.7034386504356673,
0.5071287216696189,
0.49799048658682754,
8.95871760902888
],
[
0.6801988696930429,
-0.6835618075293892,
-0.26471258556302335,
0.08201103818319821
],
[
0.20616392201729627,
0.5249416300360379,
-0.8257921786463913,
1.4434284541388693
],
[
0.0,
0.0,
0.0,
1.0
]
],
"at_element": 28,
"to_element": 27
},
{
"pose": [
[
-0.7517955062152257,
-0.6578377607885105,
0.04531001341150881,
8.956063698686382
],
[
0.20610980770467957,
-0.16916455539290576,
0.9637956735567247,
1.2306555859303372
],
[
-0.6263563394766056,
0.7339160944409647,
0.2627639669322799,
1.7999502056843157
],
[
0.0,
0.0,
0.0,
1.0
]
],
"at_element": 4,
"to_element": 11
},
{
"pose": [
[
-0.13229953553262108,
0.6578377607687631,
0.7414487935148271,
8.979747091823292
],
[
-0.9333433593842622,
0.16916455540653474,
-0.31662837315599135,
1.2367458271866398
],
[
-0.33371695550444097,
-0.7339160944555239,
0.5916081134568707,
1.7735278498546734
],
[
0.0,
0.0,
0.0,
1.0
]
],
"at_element": 11,
"to_element": 4
},
{
"pose": [
[
-0.8666034762098331,
0.49693602979153306,
0.0453100134193504,
8.935779126931614
],
[
-0.09292343129277489,
-0.24992626019585784,
0.9637956735643137,
0.7991796047640611
],
[
0.490268957754629,
0.8310183191479842,
0.26276396690309145,
1.6823149604280458
],
[
0.0,
0.0,
0.0,
1.0
]
],
"at_element": 4,
"to_element": 24
},
{
"pose": [
[
-0.5396865651703964,
-0.4969360297906328,
0.6795535252432312,
8.917877149062097
],
[
-0.8389153876384453,
0.24992626019128295,
-0.4834850947549843,
0.8081831265671465
],
[
0.07042289228664639,
-0.8310183191498985,
-0.551769126971835,
1.652377763954604
],
[
0.0,
0.0,
0.0,
1.0
]
],
"at_element": 24,
"to_element": 4
},
{
"pose": [
[
0.895526307438922,
0.44500857596770993,
-1.7534769303217956e-08,
8.96282548342083
],
[
-0.1733223556588539,
0.348790458638665,
0.9210345145495339,
-0.7439876624154445
],
[
0.4098682638527593,
-0.8248106347991767,
0.38948096616972727,
1.0234551057909544
],
[
0.0,
0.0,
0.0,
1.0
]
],
"at_element": 5,
"to_element": 6
},
{
"pose": [
[
0.17961190126739646,
-0.44500857596507637,
-0.877329431992707,
8.946804390058608
],
[
-0.937081846302128,
-0.3487904586416324,
-0.01492746768727754,
-0.756544733904748
],
[
-0.2993612838262591,
0.8248106347993427,
-0.47965637540618533,
1.053149742927923
],
[
0.0,
0.0,
0.0,
1.0
]
],
"at_element": 6,
"to_element": 5
},
{
"pose": [
[
-0.2894700247616573,
-0.3827534065881327,
-0.8773294332858467,
9.037368052999147
],
[
-0.7807405037133038,
0.6246770659547081,
-0.014927462333363006,
-0.7550038233832341
],
[
0.5537611133205201,
0.680645570774832,
-0.4796563732075505,
1.1026630006908311
],
[
0.0,
0.0,
0.0,
1.0
]
],
"at_element": 6,
"to_element": 31
},
{
"pose": [
[
0.8325787351890489,
0.3827534014784462,
0.4003904136810507,
9.05115358042588
],
[
-0.08606522435533887,
-0.6246770717457248,
0.7761258488105214,
-0.7775026509015821
],
[
0.5471795197809113,
-0.6806455683333774,
-0.48715108892464287,
1.0781483701896684
],
[
0.0,
0.0,
0.0,
1.0
]
],
"at_element": 31,
"to_element": 6
},
{
"pose": [
[
-0.1346574291377327,
0.7175384288218527,
-0.683378357823749,
10.780066308221231
],
[
0.9908299988310745,
0.10523195678225772,
-0.08474755859722621,
-0.672895546834883
],
[
0.011103611774097577,
-0.6885236658500886,
-0.7251288653542391,
2.485324101253975
],
[
0.0,
0.0,
0.0,
1.0
]
],
"at_element": 7,
"to_element": 8
},
{
"pose": [
[
0.688704539095937,
-0.717538428813831,
0.10404163111001147,
10.754234752521278
],
[
0.04046769610484213,
-0.10523195677545139,
-0.9936239735660446,
-0.6766839225423448
],
[
0.7239118892521514,
0.6885236658594882,
-0.043436599208416915,
2.510111118521892
],
[
0.0,
0.0,
0.0,
1.0
]
],
"at_element": 8,
"to_element": 7
},
{
"pose": [
[
0.5960464832626051,
0.4215715951700021,
-0.6833783578195177,
10.72385647882733
],
[
0.5087747711072773,
-0.8567182054802449,
-0.08474755856923757,
-0.6798662765267114
],
[
-0.6211898438279707,
-0.2971721833290065,
-0.7251288653614973,
2.425680172902284
],
[
0.0,
0.0,
0.0,
1.0
]
],
"at_element": 7,
"to_element": 22
},
{
"pose": [
[
-0.8580565399752864,
-0.4215715951622914,
-0.2932854656439031,
10.708666825206897
],
[
-0.4828770719671622,
0.8567182054769252,
0.18128334113430572,
-0.6489978476742145
],
[
0.17483909052056998,
0.2971721833495155,
-0.93867991662186,
2.436387589109655
],
[
0.0,
0.0,
0.0,
1.0
]
],
"at_element": 22,
"to_element": 7
},
{
"pose": [
[
0.3515060318398051,
-0.9352196391063718,
0.042517481228094234,
10.641668494912345
],
[
-0.28182052213707665,
-0.14901391620310367,
-0.9478249026482686,
1.1454657144579488
],
[
0.892760159775636,
0.32118387164918766,
-0.31594337737926836,
2.9591157432001687
],
[
0.0,
0.0,
0.0,
1.0
]
],
"at_element": 9,
"to_element": 17
},
{
"pose": [
[
-0.287929022697204,
0.9352196391716352,
-0.20606092399169126,
10.675354423711928
],
[
0.848004651882138,
0.14901391615664938,
-0.5086088508647023,
1.1508330869486483
],
[
-0.44495504073432723,
-0.3211838714807076,
-0.8359760357963482,
2.947546934561411
],
[
0.0,
0.0,
0.0,
1.0
]
],
"at_element": 17,
"to_element": 9
},
{
"pose": [
[
0.5192170517148995,
-0.20722129599288264,
-0.829139908396356,
10.657998357321642
],
[
-0.5636903509776074,
-0.8122540817162842,
-0.14998831604487714,
1.0971644478070444
],
[
-0.6423915016741966,
0.5452546572219867,
-0.5385448146203851,
2.9270351366389122
],
[
0.0,
0.0,
0.0,
1.0
]
],
"at_element": 10,
"to_element": 17
},
{
"pose": [
[
-0.9563462920182486,
0.20722129587368393,
-0.2060609237079596,
10.665459352711581
],
[
0.28558771577513425,
0.8122540818080626,
-0.5086088508711605,
1.1264096271418973
],
[
0.0619792412125828,
-0.5452546571305671,
-0.8359760358623565,
2.9074032620773553
],
[
0.0,
0.0,
0.0,
1.0
]
],
"at_element": 17,
"to_element": 10
},
{
"pose": [
[
0.6434987631212782,
-0.7168460777471115,
-0.26840462492283423,
10.059557464105874
],
[
-0.6336945730117349,
-0.6955955659943522,
0.3384937173781396,
-0.0751098363811461
],
[
-0.42934896063325934,
-0.04773373427230604,
-0.901876355503104,
0.2001212487269025
],
[
0.0,
0.0,
0.0,
1.0
]
],
"at_element": 12,
"to_element": 14
},
{
"pose": [
[
-0.5366104516236434,
0.716846077751492,
0.445175161055254,
10.085386310289643
],
[
0.5941241838479343,
0.6955955660351616,
-0.40393472576549927,
-0.05004667227722902
],
[
-0.5992208919716463,
0.047733733611828366,
-0.79915944172623,
0.20184115388871823
],
[
0.0,
0.0,
0.0,
1.0
]
],
"at_element": 14,
"to_element": 12
},
{
"pose": [
[
0.07969976924119382,
0.960003595697562,
-0.2684046255761107,
10.053115756561557
],
[
0.9408234301664017,
0.016531052178959338,
0.3384937186474548,
-0.06698599150405574
],
[
0.32939219789306823,
-0.279499231772841,
-0.9018763548322823,
0.17847622778694122
],
[
0.0,
0.0,
0.0,
1.0
]
],
"at_element": 12,
"to_element": 15
},
{
"pose": [
[
0.09362370827009037,
-0.9600035952891555,
-0.2638706089765441,
10.018525701089596
],
[
-0.9597455867953808,
-0.016531052317630524,
-0.2803839027762862,
-0.06758162471298562
],
[
0.26480749588436353,
0.2794992331674042,
-0.9229069123060492,
0.18854691294643183
],
[
0.0,
0.0,
0.0,
1.0
]
],
"at_element": 15,
"to_element": 12
},
{
"pose": [
[
-0.07437758271722772,
-0.5375547097482758,
0.8399422058788264,
9.934575210960352
],
[
-0.7412869699404763,
0.5932069495236955,
0.3140050051086115,
0.09059295145416588
],
[
-0.6670544231062479,
-0.5992832794799458,
-0.44260360092316464,
0.41620866909649123
],
[
0.0,
0.0,
0.0,
1.0
]
],
"at_element": 13,
"to_element": 14
},
{
"pose": [
[
0.7161382618648715,
0.5375547097483075,
0.44517516094294124,
9.95394371105758
],
[
0.6963779521066935,
-0.5932069495232166,
-0.40393472598558255,
0.06921925934216223
],
[
0.046943984842027164,
0.5992832794803913,
-0.7991594416775534,
0.43780129594243145
],
[
0.0,
0.0,
0.0,
1.0
]
],
"at_element": 14,
"to_element": 13
},
{
"pose": [
[
-0.8683121424084865,
0.21875351294280987,
0.44517516094360454,
10.049173953816428
],
[
0.023293987974248143,
0.9144911849052751,
-0.4039347259828021,
-0.01718898035585978
],
[
-0.49547090073004274,
-0.34037152246585756,
-0.7991594416785892,
0.2668480301026702
],
[
0.0,
0.0,
0.0,
1.0
]
],
"at_element": 14,
"to_element": 15
},
{
"pose": [
[
0.9394249315591632,
-0.2187535129415812,
-0.2638706094675552,
10.043456486975645
],
[
-0.29170317019833314,
-0.9144911849056654,
-0.28038390329345747,
-0.041090644633486606
],
[
-0.1799723824960482,
0.3403715224655995,
-0.9229069120085442,
0.27574417474992285
],
[
0.0,
0.0,
0.0,
1.0
]
],
"at_element": 15,
"to_element": 14
},
{
"pose": [
[
0.5151860995790996,
-0.8139669772841726,
-0.26840462494402273,
10.359063365351968
],
[
-0.7406483001902538,
-0.580398224236734,
0.3384937174130913,
-0.45282637578569557
],
[
-0.43130427568685414,
0.024406171221912493,
-0.90187635548368,
1.2065021593025103
],
[
0.0,
0.0,
0.0,
1.0
]
],
"at_element": 12,
