{
"contact_id_pairs": [
[
0,
3
],
[
0,
12
],
[
3,
4
],
[
3,
12
],
[
0,
2
],
[
0,
6
],
[
0,
14
],
[
2,
6
],
[
1,
3
],
[
1,
10
],
[
1,
18
],
[
3,
18
],
[
1,
2
],
[
1,
19
],
[
2,
11
],
[
2,
19
],
[
4,
5
],
[
4,
9
],
[
5,
6
],
[
6,
8
],
[
7,
9
],
[
7,
10
],
[
7,
8
],
[
7,
11
],
[
12,
13
],
[
12,
17
],
[
13,
17
],
[
13,
24
],
[
17,
24
],
[
13,
16
],
[
13,
25
],
[
14,
16
],
[
16,
25
],
[
15,
17
],
[
15,
18
],
[
15,
26
],
[
17,
26
],
[
15,
16
],
[
15,
27
],
[
16,
19
],
[
16,
27
],
[
20,
23
],
[
20,
24
],
[
20,
22
],
[
22,
25
],
[
21,
23
],
[
21,
26
],
[
21,
27
],
[
22,
27
]
],
"contact_t_bound_pairs": [
[
[
0.6,
0.9
],
[
0.6,
0.9
]
],
[
[
0.6,
0.9
],
[
0.1,
0.4
]
],
[
[
0.6,
0.9
],
[
0.1,
0.4
]
],
[
[
0.6,
0.9
],
[
0.1,
0.4
]
],
[
[
0.1,
0.4
],
[
0.6,
0.9
]
],
[
[
0.1,
0.4
],
[
0.6,
0.9
]
],
[
[
0.1,
0.4
],
[
0.6,
0.9
]
],
[
[
0.6,
0.9
],
[
0.6,
0.9
]
],
[
[
0.6,
0.9
],
[
0.1,
0.4
]
],
[
[
0.6,
0.9
],
[
0.6,
0.9
]
],
[
[
0.6,
0.9
],
[
0.6,
0.9
]
],
[
[
0.1,
0.4
],
[
0.6,
0.9
]
],
[
[
0.1,
0.4
],
[
0.1,
0.4
]
],
[
[
0.1,
0.4
],
[
0.1,
0.4
]
],
[
[
0.1,
0.4
],
[
0.1,
0.4
]
],
[
[
0.1,
0.4
],
[
0.1,
0.4
]
],
[
[
0.6,
0.9
],
[
0.1,
0.4
]
],
[
[
0.6,
0.9
],
[
0.6,
0.9
]
],
[
[
0.6,
0.9
],
[
0.1,
0.4
]
],
[
[
0.1,
0.4
],
[
0.6,
0.9
]
],
[
[
0.6,
0.9
],
[
0.1,
0.4
]
],
[
[
0.6,
0.9
],
[
0.1,
0.4
]
],
[
[
0.1,
0.4
],
[
0.1,
0.4
]
],
[
[
0.1,
0.4
],
[
0.6,
0.9
]
],
[
[
0.6,
0.9
],
[
0.1,
0.4
]
],
[
[
0.6,
0.9
],
[
0.6,
0.9
]
],
[
[
0.1,
0.4
],
[
0.6,
0.9
]
],
[
[
0.1,
0.4
],
[
0.6,
0.9
]
],
[
[
0.6,
0.9
],
[
0.6,
0.9
]
],
[
[
0.6,
0.9
],
[
0.6,
0.9
]
],
[
[
0.6,
0.9
],
[
0.1,
0.4
]
],
[
[
0.1,
0.4
],
[
0.6,
0.9
]
],
[
[
0.6,
0.9
],
[
0.1,
0.4
]
],
[
[
0.6,
0.9
],
[
0.1,
0.4
]
],
[
[
0.6,
0.9
],
[
0.1,
0.4
]
],
[
[
0.6,
0.9
],
[
0.1,
0.4
]
],
[
[
0.1,
0.4
],
[
0.1,
0.4
]
],
[
[
0.1,
0.4
],
[
0.1,
0.4
]
],
[
[
0.1,
0.4
],
[
0.6,
0.9
]
],
[
[
0.1,
0.4
],
[
0.6,
0.9
]
],
[
[
0.1,
0.4
],
[
0.6,
0.9
]
],
[
[
0.6,
0.9
],
[
0.6,
0.9
]
],
[
[
0.6,
0.9
],
[
0.1,
0.4
]
],
[
[
0.1,
0.4
],
[
0.6,
0.9
]
],
[
[
0.6,
0.9
],
[
0.6,
0.9
]
],
[
[
0.6,
0.9
],
[
0.1,
0.4
]
],
[
[
0.6,
0.9
],
[
0.6,
0.9
]
],
[
[
0.1,
0.4
],
[
0.1,
0.4
]
],
[
[
0.1,
0.4
],
[
0.1,
0.4
]
]
],
"line_pt_pairs": [
[
[
40.45677226131327,
5.422580388186745,
0.07207447082321722
],
[
40.45677226131327,
2.6536136262797703,
0.07207447082321722
]
],
[
[
40.24525728923263,
5.3768045929936195,
2.4118446679632326
],
[
40.33665545066456,
2.2536139644243742,
1.9513298102893692
]
],
[
[
40.26118588683915,
5.02258053838693,
2.70775988837123
],
[
40.51957082007453,
5.02258278529053,
-0.23076013148903254
]
],
[
[
40.24865379039786,
3.033713449262065,
2.4751092718593495
],
[
40.4483163779523,
2.9679449890928105,
-0.3144833326064268
]
],
[
[
40.08808290671827,
2.985510841030019,
0.4297024473708357
],
[
42.87885629914586,
2.6536136262797703,
0.3
]
],
[
[
42.54444801124579,
2.3221068215304226,
0.3564370960980905
],
[
42.87885629914586,
5.422580388186745,
0.3
]
],
[
[
43.181095874068646,
5.061392548751001,
0.3763668104097254
],
[
40.1036142885056,
5.058197586989557,
0.07350943705075325
]
],
[
[
42.478856356106526,
5.3111065070942525,
2.1939464359899703
],
[
42.47885633965912,
2.7153543111320215,
2.1792556389611777
]
],
[
[
42.51179697259611,
5.040331305549564,
2.6317465917433736
],
[
42.53041114886907,
5.10497665602552,
-0.02656170072778652
]
],
[
[
42.51826944336355,
3.0269179757881948,
2.5840414036423294
],
[
42.49633335372493,
2.691739432847167,
-0.020992383111894202
]
],
[
[
42.74461580158302,
3.0536116345273867,
2.239708947352671
],
[
40.05677226615171,
2.5058580533245904,
2.0099604019209893
]
],
[
[
40.05677226892379,
5.062611199315457,
1.951329844280359
],
[
42.751351635290504,
5.022580842081613,
2.179256051305648
]
],
[
[
40.71098159972682,
3.0536136256628374,
-0.06314267475372226
],
[
38.03468822348068,
2.6536136262797703,
0.3
]
],
[
[
38.331942742562525,
2.3233970698300275,
0.20979870035293519
],
[
38.03468822348068,
5.422580388186745,
0.3
]
],
[
[
37.69825113170927,
5.058513262529637,
0.619783853418631
],
[
40.78631497766272,
5.143791366381136,
0.047647628421073084
]
],
[
[
37.884373099747805,
5.370160261068689,
2.1792552946014943
],
[
37.936178155253735,
2.2536136530361897,
2.1792552927143802
]
],
[
[
37.915364995824966,
5.063740326270097,
2.4474837568377965
],
[
38.049995347488476,
5.02258625578131,
0.04617944894615973
]
],
[
[
37.63468822419699,
3.053613625095303,
2.361132016717346
],
[
38.32465856135345,
2.901343366666784,
-0.01608176347978769
]
],
[
[
37.63468822390058,
2.5114893836676875,
2.230016988466132
],
[
40.61556582225192,
3.049574525366708,
2.0822731092092552
]
],
[
[
40.58328221111408,
5.053946761443524,
2.4293750340364384
],
[
37.63468822642577,
5.100243842126677,
2.1799614961922598
]
],
[
[
35.61260418564809,
5.422580388186745,
0.07207447082321722
],
[
35.61260418564809,
2.6536136262797703,
0.07207447082321722
]
],
[
[
35.95536342252089,
5.291500480269893,
2.019320385778806
],
[
36.00444058064469,
2.5928317953053868,
1.9513297875515743
]
],
[
[
35.98807433189092,
5.042203394523902,
2.3388045609018726
],
[
35.60210195587601,
5.158467102450691,
-0.24160940909871698
]
],
[
[
36.0126038604324,
2.8532248054824114,
2.2010954839809087
],
[
35.52897031556603,
2.939737071575334,
-0.15645867741630287
]
],
[
[
35.44576345657188,
2.944694539489389,
-0.32792552593139507
],
[
38.434688223403896,
3.0536136246842824,
0.6999999995921597
]
],
[
[
38.40571659420565,
5.047258144815358,
0.31362501760403816
],
[
35.33967561249419,
5.18089124714879,
0.42231872154426264
]
],
[
[
38.409491387482824,
3.05061943967407,
2.180568593219741
],
[
35.59156977811489,
2.858074356696387,
1.9634239023546218
]
],
[
[
35.670053208767555,
5.022581387309058,
1.9513298360703817
],
[
38.30863224235926,
5.022580590973068,
2.179257025570906
]
]
],
"contact_t_pairs": [
[
0.8832111854767946,
0.8623506960488913
],
[
0.8699876053571763,
0.10000000010160968
],
[
0.7384827970410337,
0.10885523052865638
],
[
0.895400005183161,
0.10799874449622202
],
[
0.14445743530441474,
0.8958691256777115
],
[
0.13146413624883818,
0.8863906461337618
],
[
0.1039045649511599,
0.8954096708096425
],
[
0.8835324458760042,
0.8746293073571114
],
[
0.7531226626657573,
0.14792217721132206
],
[
0.89999995294429,
0.8999999983999182
],
[
0.7607217314403228,
0.8999999988809931
],
[
0.13536302824447877,
0.8881449047433753
],
[
0.11360457050707452,
0.11743196165293153
],
[
0.10000042360491529,
0.11258642312470457
],
[
0.2496781234342411,
0.10000000248238743
],
[
0.10324093912276419,
0.10000000489225679
],
[
0.893747627077351,
0.11844646137985092
],
[
0.8625054837125602,
0.8717003146421988
],
[
0.8830570773572571,
0.11206343477433305
],
[
0.2121666189558141,
0.8722695199039248
],
[
0.8999789315640301,
0.15493843609921526
],
[
0.8907118396981675,
0.10000001433580902
],
[
0.10020123825537522,
0.1651501607085204
],
[
0.10968907046727665,
0.8999999775538174
],
[
0.8999999999694049,
0.11967673061121045
],
[
0.8999999999754358,
0.8945025203735366
],
[
0.19194027603335528,
0.8999999928200509
],
[
0.23940474719510688,
0.8999999999764475
],
[
0.7382675165532786,
0.899999999986665
],
[
0.8733555060546417,
0.8998682790831929
],
[
0.8839113321276177,
0.10935449437308939
],
[
0.10419771332953072,
0.7856711682009472
],
[
0.8829429169002514,
0.12065441061851706
],
[
0.7471762711415644,
0.10294937689516893
],
[
0.8999999924362585,
0.10000000012944038
],
[
0.7548760628990527,
0.17149047354453728
],
[
0.10000000079783201,
0.2496817854321985
],
[
0.10000006828320307,
0.11075520105469026
],
[
0.11154367591701879,
0.8425738972879623
],
[
0.10077774833243774,
0.8999999994611209
],
[
0.12549727975217498,
0.8573381576929991
],
[
0.8997923132466007,
0.8999946275997146
],
[
0.8909438618446345,
0.10000000001277873
],
[
0.10040085608477786,
0.8805014230305857
],
[
0.7482016570105388,
0.8821837324454848
],
[
0.8999996719434887,
0.10000059897277544
],
[
0.8911103525287859,
0.8563385785567645
],
[
0.10000442572914994,
0.11116411207622115
],
[
0.14069041982112804,
0.10000093115965081
]
],
"half_couplers": [
{
"pose": [
[
0.0713914723155078,
0.9974483734412646,
0.0,
40.45677226131327
],
[
0.0,
0.0,
-1.0,
2.9769979718570445
],
[
-0.9974483734412646,
0.07139147231550791,
0.0,
0.07207447082321722
],
[
0.0,
0.0,
0.0,
1.0
]
],
"at_element": 0,
"to_element": 3
},
{
"pose": [
[
-0.0016783927854124858,
-0.9974483734412645,
0.07137174032510002,
40.42083296175036
],
[
-0.9997236085800474,
3.3306690738754696e-16,
-0.023509709647041712,
2.9769979718570445
],
[
0.023449721647518143,
-0.07139147231550581,
-0.9971726872689994,
0.06950214770544788
],
[
0.0,
0.0,
0.0,
1.0
]
],
"at_element": 3,
"to_element": 0
},
{
"pose": [
[
0.9909194912259643,
0.13445654282509278,
-7.461115059115286e-13,
40.45677226131327
],
[
7.461115059115286e-13,
-1.1047829318044933e-11,
-1.0,
3.0136136256816815
],
[
-0.13445654282509278,
0.9909194912259643,
-1.1047829318044933e-11,
0.07207447082321722
],
[
0.0,
0.0,
0.0,
1.0
]
],
"at_element": 0,
"to_element": 12
},
{
"pose": [
[
-0.14517487679300167,
-0.13445654275487678,
-0.9802273681440153,
40.44335226183026
],
[
0.9892098972844114,
9.306733161906777e-11,
-0.14650521872808653,
3.013613625683887
],
[
0.019698585296952897,
-0.9909194912354918,
0.1330057428342577,
-0.026828407241451222
],
[
0.0,
0.0,
0.0,
1.0
]
],
"at_element": 12,
"to_element": 0
},
{
"pose": [
[
-0.99051748690907,
0.11739328264558924,
0.07137174032509819,
40.396101176519515
],
[
0.1159902026434424,
0.9929720874440757,
-0.023509709647037483,
2.985144572839192
],
[
-0.07363002796463966,
-0.015008355894222197,
-0.9971726872690001,
0.4150431227084811
],
[
0.0,
0.0,
0.0,
1.0
]
],
"at_element": 3,
"to_element": 4
},
{
"pose": [
[
0.04754768685444222,
-0.11739328264557146,
0.9919465886147745,
40.39187318770421
],
[
0.009475520523493777,
-0.9929720874440777,
-0.11796884363152366,
2.949382093206562
],
[
0.9988240245336515,
0.015008355894201263,
-0.046101163409964174,
0.41558365756215243
],
[
0.0,
0.0,
0.0,
1.0
]
],
"at_element": 4,
"to_element": 3
},
{
"pose": [
[
0.9857588791971815,
0.15226787831594202,
0.07137174032541162,
40.427431672328986
],
[
0.15427727964999144,
-0.987747849674155,
-0.02350970965115547,
2.974824369685626
],
[
0.06691750942552223,
0.03418594297726427,
-0.9971726872688806,
-0.02269196063821416
],
[
0.0,
0.0,
0.0,
1.0
]
],
"at_element": 3,
"to_element": 12
},
{
"pose": [
[
0.12636771733829266,
-0.15226787829698235,
-0.9802273681415169,
40.42194527518868
],
[
0.05376249918757016,
0.9877478496761851,
-0.1465052188189173,
3.0104141279309764
],
[
0.9905255139045214,
-0.0341859430030487,
0.13300574275262111,
-0.02392372180732036
],
[
0.0,
0.0,
0.0,
1.0
]
],
"at_element": 12,
"to_element": 3
},
{
"pose": [
[
-0.08759232695122021,
-0.9961564055203733,
1.1268763699945339e-14,
40.45677226131327
],
[
1.1268763699945339e-14,
-1.2212453270876722e-14,
-1.0,
5.022582551318493
],
[
0.9961564055203733,
-0.08759232695122005,
1.2212453270876722e-14,
0.07207447082321722
],
[
0.0,
0.0,
0.0,
1.0
]
],
"at_element": 0,
"to_element": 2
},
{
"pose": [
[
-6.671899965837724e-08,
0.9961564055203728,
0.08759232695120059,
40.492664971065025
],
[
0.9999999999997099,
2.3869795029440866e-14,
7.616988647526912e-07,
5.022582551318494
],
[
7.587712011133951e-07,
0.08759232695122601,
-0.9961564055200838,
0.07523052739256525
],
[
0.0,
0.0,
0.0,
1.0
]
],
"at_element": 2,
"to_element": 0
},
{
"pose": [
[
-0.995192549792195,
0.09793767833735043,
0.0,
40.45677226131327
],
[
0.0,
-2.220446049250313e-16,
-1.0000000000000002,
5.058560564530902
],
[
-0.09793767833735043,
-0.9951925497921947,
-2.220446049250313e-16,
0.07207447082321722
],
[
0.0,
0.0,
0.0,
1.0
]
],
"at_element": 0,
"to_element": 6
},
{
"pose": [
[
0.001028215632252083,
-0.097937678337429,
-0.9951920186247918,
40.45324498297666
],
[
-0.9999994662667087,
-7.194245199571014e-14,
-0.001033182606180072,
5.058560564530902
],
[
0.00010118750567639223,
0.995192549792187,
-0.09793762606482992,
0.10791686755169212
],
[
0.0,
0.0,
0.0,
1.0
]
],
"at_element": 6,
"to_element": 0
},
{
"pose": [
[
-0.9832664634703407,
-0.18217316436437483,
0.0,
40.45677226131327
],
[
0.0,
-2.220446049250313e-16,
-1.0000000000000002,
5.134872101426579
],
[
0.18217316436437483,
-0.9832664634703406,
-2.220446049250313e-16,
0.07207447082321722
],
[
0.0,
0.0,
0.0,
1.0
]
],
"at_element": 0,
"to_element": 14
},
{
"pose": [
[
-0.026689084344750258,
0.18217316436438358,
0.9829041819843408,
40.46333336345361
],
[
0.9996315530942452,
7.771561172376096e-15,
0.027143287538306193,
5.134872101426579
],
[
0.004944778582097964,
0.983266463470339,
-0.18210604322566226,
0.1074875445352961
],
[
0.0,
0.0,
0.0,
1.0
]
],
"at_element": 14,
"to_element": 0
},
{
"pose": [
[
0.9961558737040489,
0.001029341631325175,
0.08759232695121777,
40.489477358878105
],
[
0.0010332462921280206,
-0.9999994662006171,
7.616988760628782e-07,
5.022582523599164
],
[
0.08759228097853608,
8.974567623182725e-05,
-0.9961564055200822,
0.11148210796848776
],
[
0.0,
0.0,
0.0,
1.0
]
],
"at_element": 2,
"to_element": 6
},
{
"pose": [
[
-0.09793766650953528,
-0.0010293416314218406,
-0.9951920186247841,
40.48944028648337
],
[
-1.1497095180783572e-05,
0.9999994662006172,
-0.0010331826060131777,
5.058598141558557
],
[
0.995192550889768,
-8.974567614988599e-05,
-0.09793762606490808,
0.1114788757207735
],
[
0.0,
0.0,
0.0,
1.0
]
],
"at_element": 6,
"to_element": 2
},
{
"pose": [
[
0.06742112279352741,
0.997304825492265,
0.028939199213232625,
40.314091315933
],
[
0.14747175885590563,
0.018725412241957784,
-0.9888889923931372,
3.0246589507928094
],
[
-0.9867656624250793,
0.07093972079316208,
-0.1458118084127018,
2.0650204921547504
],
[
0.0,
0.0,
0.0,
1.0
]
],
"at_element": 1,
"to_element": 3
},
{
"pose": [
[
0.017004697411786007,
-0.9973048254917201,
0.07137174032391036,
40.27818831505655
],
[
-0.9995482241935325,
-0.018725412246749285,
-0.023509709648251574,
3.0239848354419925
],
[
0.024782812138443692,
-0.07093972079955907,
-0.9971726872690567,
2.0624666602741697
],
[
0.0,
0.0,
0.0,
1.0
]
],
"at_element": 3,
"to_element": 1
},
{
"pose": [
[
-0.9980988668800626,
0.054416676505703185,
0.028939199208159083,
40.32751563022056
],
[
-0.020645946073442986,
0.14721516782050303,
-0.9888889923921257,
2.5659331742452514
],
[
-0.058072341467073185,
-0.9876064599230073,
-0.14581180842056973,
1.997381317726609
],
[
0.0,
0.0,
0.0,
1.0
]
],
"at_element": 1,
"to_element": 10
},
{
"pose": [
[
0.20880910118836937,
-0.05441667651732546,
-0.9764412857810315,
40.32555662399561
],
[
-0.9688815103614996,
-0.14721516783619815,
-0.1989882238691007,
2.5606334123213204
],
[
-0.1329186899594056,
0.9876064599200274,
-0.08346317861013075,
2.032935256831774
],
[
0.0,
0.0,
0.0,
1.0
]
],
"at_element": 10,
"to_element": 1
},
{
"pose": [
[
-0.9967798002737922,
-0.07478337058012542,
0.02893919920825374,
40.31478585684759
],
[
-0.03946284872058718,
0.14332216958223665,
-0.9888889923935329,
3.000925610410233
],
[
0.06980482316427292,
-0.9868465955714274,
-0.1458118084110076,
2.0615210080795774
],
[
0.0,
0.0,
0.0,
1.0
]
],
"at_element": 1,
"to_element": 18
},
{
"pose": [
[
-0.16811425983415584,
0.07478337059283008,
0.982926774039241,
40.31747805908116
],
[
0.9736412123152607,
-0.14332216955838506,
0.17743039591441723,
2.9957660105946853
],
[
0.15414404082442912,
0.9868465955739285,
-0.048717671151891295,
2.0970474973002693
],
[
0.0,
0.0,
0.0,
1.0
]
],
"at_element": 18,
"to_element": 1
},
{
"pose": [
[
-0.9812104672719282,
-0.17925427079701955,
0.07137174032509813,
40.27568072287636
],
[
-0.1813174820194029,
0.9831435623887568,
-0.02350970964704066,
3.024810831330578
],
[
-0.06595445117767235,
-0.036008917431289596,
-0.9971726872689999,
2.0975015693504595
],
[
0.0,
0.0,
0.0,
1.0
]
],
"at_element": 3,
"to_element": 18
},
{
"pose": [
[
0.04150738830432876,
0.17925427079700934,
0.9829267740361874,
40.28213947453999
],
[
0.04412697966701272,
-0.9831435623887583,
0.17743039592755488,
2.9893869605857897
],
[
0.9981632864324458,
0.0360089174313014,
-0.048717671165656284,
2.0987990148971165
],
[
0.0,
0.0,
0.0,
1.0
]
],
"at_element": 18,
"to_element": 3
},
{
"pose": [
[
-0.08424054210313892,
-0.9960251271003981,
0.028939199208077637,
40.255640538107244
],
[
-0.1477667431152569,
-0.016234234017518112,
-0.9888889923924595,
5.021995863023291
],
[
0.9854280900681078,
-0.08758079601430885,
-0.14581180841832064,
2.3595280753450667
],
[
0.0,
0.0,
0.0,
1.0
]
],
"at_element": 1,
"to_element": 2
},
{
"pose": [
[
-0.016171902915465886,
0.9960251271003977,
0.08759232695122081,
40.29152853641054
],
[
0.999868216139149,
0.01623423401752644,
7.616988850767115e-07,
5.022580802245228
],
[
-0.0014212356626369937,
0.08758079601431468,
-0.9961564055200822,
2.362683718082628
],
[
0.0,
0.0,
0.0,
1.0
]
],
"at_element": 2,
"to_element": 1
},
{
"pose": [
[
-0.9959036672198447,
0.08566451054702146,
0.028939199208066875,
40.254397144092536
],
[
-0.016022949760794374,
0.14778980278077136,
-0.9888889923924645,
5.064484207137793
],
[
-0.08898961006223136,
-0.985301865332021,
-0.14581180841828978,
2.365792987119489
],
[
0.0,
0.0,
0.0,
1.0
]
],
"at_element": 1,
"to_element": 19
},
{
"pose": [
[
-0.0029585619158551957,
-0.08566451054705482,
-0.9963196467721209,
40.25131056113101
],
[
-0.9888950658540447,
-0.14778980278076226,
0.01564362245607448,
5.059159184158757
],
[
-0.1485859873639328,
0.9853018653320196,
-0.08427596651672564,
2.401294455931684
],
[
0.0,
0.0,
0.0,
1.0
]
],
"at_element": 19,
"to_element": 1
},
{
"pose": [
[
0.9960472796173468,
-0.01474452529428114,
0.08759232695121796,
40.32569895209304
],
[
-0.014801482903927571,
-0.9998904520512557,
7.616989078997093e-07,
5.022581099389605
],
[
0.08758272016058591,
-0.0012972550180087878,
-0.9961564055200824,
1.974075724138571
],
[
0.0,
0.0,
0.0,
1.0
]
],
"at_element": 2,
"to_element": 11
},
{
"pose": [
[
0.08428667622123809,
0.014744525285731253,
0.9963324521391818,
40.32623021224945
],
[
4.9877221042419e-05,
0.9998904520513938,
-0.014801398877203054,
5.058608163492702
],
[
-0.9964415455629293,
0.001297255008731295,
0.08427670737281645,
1.9741224655486893
],
[
0.0,
0.0,
0.0,
1.0
]
],
"at_element": 11,
"to_element": 2
},
{
"pose": [
[
0.9960345065705771,
-0.015583516290556296,
0.08759232695121771,
40.28786179000154
],
[
-0.015643711082923277,
-0.9998776296642375,
7.616988726912195e-07,
5.022580770359368
],
[
0.08758159637881166,
-0.0013710277342666197,
-0.9961564055200824,
2.404384321889813
],
[
0.0,
0.0,
0.0,
1.0
]
],
"at_element": 2,
"to_element": 19
},
{
"pose": [
[
-0.0842871014785942,
0.01558351629451499,
-0.996319646772177,
40.28842279821997
],
[
-5.266596683602999e-05,
0.9998776296641807,
0.015643622452471757,
5.058576469738337
],
[
0.9964415094478115,
0.0013710277306192903,
-0.08427596651672853,
2.4044336790318255
],
[
0.0,
0.0,
0.0,
1.0
]
],
"at_element": 19,
"to_element": 2
},
{
"pose": [
[
-0.11722344076204316,
-0.047964885816941305,
0.9919465886147679,
42.58233000391104
],
[
-0.9929321088946228,
-0.013006885034112514,
-0.1179688436316404,
2.688878492913402
],
[
0.01856049735284071,
-0.9987643318973087,
-0.0461011634098103,
0.31378119280702627
],
[
0.0,
0.0,
0.0,
1.0
]
],
"at_element": 4,
"to_element": 5
},
{
"pose": [
[
-0.9930779130056719,
0.047964885816805775,
0.10721766845478492,
42.584057489603644
],
[
0.1079530984150299,
0.013006885034267612,
0.9940708976146019,
2.6893469441026294
],
[
0.04628592921066039,
0.9987643318973131,
-0.018094808283582564,
0.34975232177471705
],
[
0.0,
0.0,
0.0,
1.0
]
],
"at_element": 5,
"to_element": 4
},
{
"pose": [
[
0.060504495230252586,
-0.11127071219528943,
0.9919465886147729,
42.49514026148617
],
[
0.12158445777387271,
-0.9855458241807282,
-0.11796884363153959,
2.6992476732790043
],
[
0.9907352954673443,
0.12774293345419283,
-0.04610116340996129,
0.3178333752625501
],
[
0.0,
0.0,
0.0,
1.0
]
],
"at_element": 4,
"to_element": 9
},
{
"pose": [
[
-0.9937550406391378,
0.11127071219532207,
-0.008351515542209673,
42.499147747123544
],
[
0.11142395479088364,
0.9855458241807196,
-0.12760928939033153,
2.734742734445187
],
[
-0.005968375244996024,
-0.1277429334542309,
-0.9917893533656446,
0.31323263207511415
],
[
0.0,
0.0,
0.0,
1.0
]
],
"at_element": 9,
"to_element": 4
},
{
"pose": [
[
0.9894011795739027,
0.09792689839308498,
0.107217668454785,
42.83974961660287
],
[
-0.1048860838194501,
-0.028669843681477403,
0.9940708976146011,
5.060001947725385
],
[
0.10042019358071902,
-0.9947805600404493,
-0.018094808283617425,
0.30659991896318006
],
[
0.0,
0.0,
0.0,
1.0
]
],
"at_element": 5,
"to_element": 6
},
{
"pose": [
[
-0.0017800664584119996,
-0.0979268983931903,
-0.9951920186247947,
42.8362227171357
],
[
-0.999588401591863,
0.02866984368160075,
-0.0010331826059924443,
5.061034510362041
],
[
0.028633175975228298,
0.9947805600404356,
-0.0979376260648035,
0.3424275729043864
],
[
0.0,
0.0,
0.0,
1.0
]
],
"at_element": 6,
"to_element": 5
},
{
"pose": [
[
0.09788306894402721,
0.0034279556044840617,
-0.995192018624784,
42.52815701116096
],
[
0.02450586454264775,
-0.9996991523136947,
-0.0010331826061382218,
5.060714684516382
],
[
-0.9948961591126564,
-0.024286909718074734,
-0.09793762606490874,
0.3121105854783136
],
[
0.0,
0.0,
0.0,
1.0
]
],
"at_element": 6,
"to_element": 8
},
{
"pose": [
[
-0.9999696239388549,
-0.0034279556045177725,
0.0070000228541824885,
42.52803355119713
],
[
-0.0032568495633064094,
0.9996991523136955,
0.024310446195013123,
5.096719474373247
],
[
-0.007081252043785253,
0.02428690971803725,
-0.9996799497268318,
0.31298529371293277
],
[
0.0,
0.0,
0.0,
1.0
]
],
"at_element": 8,
"to_element": 6
},
{
"pose": [
[
0.008426625779423769,
-0.9999644953586968,
-6.336174585008791e-09,
42.4788563413042
],
[
-0.005659261440937424,
-4.768383527498088e-05,
-0.9999839851148591,
2.974984219167179
],
[
0.9999484810418566,
0.008426490863837677,
-0.005659462324725473,
2.1807250281761736
],
[
0.0,
0.0,
0.0,
1.0
]
],
"at_element": 7,
"to_element": 9
},
{
"pose": [
[
-0.001122590831344361,
0.9999644953586969,
-0.008351515542213958,
42.514870699940815
],
[
0.9918245142098195,
4.7683835277645414e-05,
-0.12760928939033925,
2.9749859365308984
],
[
-0.1276043604360011,
-0.008426490863836088,
-0.9917893533656432,
2.1804215427370135
],
[
0.0,
0.0,
0.0,
1.0
]
],
"at_element": 9,
"to_element": 7
},
{
"pose": [
[
-0.9964637300809074,
0.08402401224200237,
-6.336191890610188e-09,
42.47885634145662
],
[
0.0004755370453102606,
0.005639448405609926,
-0.9999839851148611,
2.9990392932281758
],
[
-0.08402266657136478,
-0.9964477718317384,
-0.005659462324369313,
2.180861169141822
],
[
0.0,
0.0,
0.0,
1.0
]
],
"at_element": 7,
"to_element": 10
},
{
"pose": [
[
0.19875205857397193,
-0.08402401224073403,
-0.9764412857819857,
42.47583140950748
],
[
-0.979985654684479,
-0.0056394484035768855,
-0.19898822385843995,
2.998836268554616
],
[
0.011213198706953753,
0.996447771831857,
-0.0834631786243849,
2.2167340895158714
],
[
0.0,
0.0,
0.0,
1.0
]
],
"at_element": 10,
"to_element": 7
},
{
"pose": [
[
-0.00700124075063524,
-0.9999754910136307,
-6.336182856170325e-09,
42.47885635445848
],
[
-0.005659323572683672,
3.962959418069012e-05,
-0.9999839851148593,
5.051008922854728
],
[
0.9999594765212494,
-0.007001128590710393,
-0.0056594623247292475,
2.192474399936727
],
[
0.0,
0.0,
0.0,
1.0
]
],
"at_element": 7,
"to_element": 8
},
{
"pose": [
[
-0.00013058364918450138,
0.9999754910136307,
0.007000022854175579,
42.51487110679905
],
[
0.9997044566447102,
-3.962959418690737e-05,
0.02431044619500591,
5.051007495569727
],
[
0.024310127778676492,
0.0070011285907115965,
-0.9996799497268318,
2.192726550028969
],
[
0.0,
0.0,
0.0,
1.0
]
],
"at_element": 8,
"to_element": 7
},
{
"pose": [
[
0.9964346829804458,
-0.08436778149067548,
-6.3361777560833055e-09,
42.47885635430243
],
[
-0.0004774825942516006,
-0.005639284012796564,
-0.9999839851148592,
5.026380861555764
],
[
0.08436643031461383,
0.996418725196473,
-0.005659462324705045,
2.1923350161194586
],
[
0.0,
0.0,
0.0,
1.0
]
],
"at_element": 7,
"to_element": 11
},
{
"pose": [
[
-0.014273130701405679,
0.08436778149173424,
0.9963324521394172,
42.48189363817082
],
[
-0.9998745506649309,
0.005639284013740364,
-0.0148013988668384,
5.026583878703526
],
[
-0.006867362855090153,
-0.9964187251963784,
0.08427670737185422,
2.1564634254870456
],
[
0.0,
0.0,
0.0,
1.0
]
],
"at_element": 11,
"to_element": 7
},
{
"pose": [
[
0.14302093056601173,
0.13674545761021406,
-0.9802273681360898,
38.302317561187174
],
[
-0.9890851088598425,
-0.01571205067849979,
-0.1465052179793946,
2.693613626230315
],
[
-0.035435305159483066,
0.9904816057284707,
0.1330057437173482,
0.2636857325135174
],
[
0.0,
0.0,
0.0,
1.0
]
],
"at_element": 12,
"to_element": 13
},
{
"pose": [
[
0.9859983376357432,
-0.13674545843048563,
-0.0954356211180467,
38.296368293559404
],
[
0.098487341761515,
0.015712049818371487,
0.99501425869344,
2.6942971969357616
],
[
-0.13456419171645023,
-0.9904816056288687,
0.028959751700542546,
0.22059369699157805
],
[
0.0,
0.0,
0.0,
1.0
]
],
"at_element": 13,
"to_element": 12
},
{
"pose": [
[
-0.10233201688272309,
0.19381834024569428,
-0.9756857123608598,
38.30231756117104
],
[
-0.17508624851151317,
-0.9690317150554446,
-0.1741331122988039,
2.693613626227903
],
[
-0.9792205900117086,
0.1530097585159439,
0.13309789591129473,
0.2636857325157075
],
[
0.0,
0.0,
0.0,
1.0
]
],
"at_element": 12,
"to_element": 17
},
{
"pose": [
[
-0.9354125687749142,
-0.2181748488230668,
0.27821405701177115,
38.251868429766425
],
[
-0.24399754550380853,
0.9678302114943915,
-0.061399344514727665,
2.917407495153063
],
[
-0.2558681769310791,
-0.1253172656091461,
-0.9585546718754301,
0.23470829886430744
],
[
0.0,
0.0,
0.0,
1.0
]
],
"at_element": 17,
"to_element": 12
},
{
"pose": [
[
-0.2689976586571634,
0.9584009087323033,
-0.09543562111737597,
38.274887628117796
],
[
-0.05378892446689226,
0.08398438307232681,
0.9950142586941435,
2.918255171433386
],
[
0.9616376714967334,
0.27278988533495113,
0.028959751678580448,
0.22711196270576017
],
[
0.0,
0.0,
0.0,
1.0
]
],
"at_element": 13,
"to_element": 17
},
{
"pose": [
[
0.06375450264786031,
-0.9584009087377529,
0.2782140570186446,
38.25566152268385
],
[
-0.9945736493138816,
-0.08398438307301914,
-0.061399344380152196,
2.916570393602928
],
[
0.0822108233907927,
-0.2727898853155924,
-0.958554671882055,
0.22163963160819952
],
[
0.0,
0.0,
0.0,
1.0
]
],
"at_element": 17,
"to_element": 13
},
{
"pose": [
[
0.9416588131616478,
0.32275489433407495,
-0.09543562111914546,
38.260778599569136
],
[
0.0808088380367773,
0.058451318983411826,
0.9950142586939374,
3.0653562686725095
],
[
0.32672405985807484,
-0.9446759875706061,
0.028959751679833,
0.2313933196916108
],
[
0.0,
0.0,
0.0,
1.0
]
],
"at_element": 13,
"to_element": 24
},
{
"pose": [
[
-0.05153222500370758,
-0.3227548942547768,
0.9450786782171923,
38.135795746650295
],
[
0.9976960275714148,
-0.058451319043255845,
0.034439510308978794,
3.0427217161622275
],
[
0.04412557483349083,
0.9446759875939961,
0.3250234024019234,
0.597207447015594
],
[
0.0,
0.0,
0.0,
1.0
]
],
"at_element": 24,
"to_element": 13
},
{
"pose": [
[
0.9571034901444813,
0.08093112900290682,
0.2782140569985055,
38.144070911504926
],
[
0.10180643735945501,
-0.9929076340844991,
-0.061399344368635145,
2.941197439560354
],
[
0.27127174284364414,
0.08708950875414179,
-0.958554671888638,
0.6061123028949766
],
[
0.0,
0.0,
0.0,
1.0
]
],
"at_element": 17,
"to_element": 24
},
{
"pose": [
[
0.32617498181778426,
-0.05588567075527326,
0.9436560141494363,
38.13579574668084
],
[
-0.030927159634796305,
0.9970856825523985,
0.06973989135309423,
3.042721716163341
],
[
-0.9448033615695342,
-0.05193200798400498,
0.3234960193165556,
0.597207447026097
],
[
0.0,
0.0,
0.0,
1.0
]
],
"at_element": 24,
"to_element": 17
},
{
"pose": [
[
-0.05114320995191468,
0.9941209253896259,
-0.09543562111857362,
38.07233387162277
],
[
-0.03395530782914974,
0.09377452780855666,
0.99501425869407,
5.030085885189562
],
[
0.9981139259353322,
0.054128769030486856,
0.028959751677149592,
0.2885765020529838
],
[
0.0,
0.0,
0.0,
1.0
]
],
"at_element": 13,
"to_element": 16
},
{
"pose": [
[
0.09268770733948906,
-0.9941209253896258,
0.0559694078101898,
38.036514578688774
],
[
-0.9954464453584696,
-0.09377452780855933,
-0.01710883857744557,
5.026707083682084
],
[
0.02225675922807716,
-0.054128769030487175,
-0.998285887424994,
0.28662618174029175
],
[
0.0,
0.0,
0.0,
1.0
]
],
"at_element": 16,
"to_element": 13
},
{
"pose": [
[
0.9948446870663836,
-0.034294180811087226,
-0.0954356211185616,
38.06919610461994
],
[
0.09634087588572926,
0.02578876943633046,
0.9950142586940804,
5.062800325266404
],
[
-0.03166203166822513,
-0.999079000146363,
0.028959751676837064,
0.2895286512836146
],
[
0.0,
0.0,
0.0,
1.0
]
],
"at_element": 13,
"to_element": 25
},
{
"pose": [
[
-0.04438899616108927,
0.0342941808093139,
-0.9984255236032524,
38.07043123292342
],
[
-0.9987198169058374,
-0.02578876943425068,
0.0435162807537301,
5.0618715251525375
],
[
-0.02425581042515801,
0.9990790001464773,
0.035395015566229926,
0.32551116263995966
],
[
0.0,
0.0,
0.0,
1.0
]
],
"at_element": 25,
"to_element": 13
},
{
"pose": [
[
-0.1814733542992466,
-0.031093258386352206,
0.9829041819843375,
38.02002032307322
],
[
-0.024209805077405645,
0.9993383447460246,
0.027143287538352396,
5.067399045948041
],
[
-0.9830978115210581,
-0.018870135219313907,
-0.18210604322567292,
0.5601685670608955
],
[
0.0,
0.0,
0.0,
1.0
]
],
"at_element": 14,
"to_element": 16
},
{
"pose": [
[
0.9979482124200094,
0.031093258386418892,
0.05596940781018729,
38.02114018149174
],
[
0.032096111334746893,
-0.9993383447460213,
-0.01710883857745168,
5.031406759632948
],
[
0.055400405818867376,
0.018870135219366025,
-0.9982858874249938,
0.5608481960506073
],
[
0.0,
0.0,
0.0,
1.0
]
],
"at_element": 16,
"to_element": 14
},
{
"pose": [
[
0.9975053094249471,
-0.043018403717673494,
0.055969407810194785,
38.034235911226055
],
[
-0.042121431137924124,
-0.9989660017645428,
-0.01710883857710188,
5.02740363123041
],
[
0.05664753046632971,
0.014708645761845973,
-0.9982858874249998,
0.32726912686281534
],
[
0.0,
0.0,
0.0,
1.0
]
],
"at_element": 16,
"to_element": 25
},
{
"pose": [
[
0.03599848273918127,
0.043018403715701425,
-0.9984255236031526,
38.03578522662504
],
[
0.013162850274813943,
0.9989660017646624,
0.043516280757519954,
5.063381568016522
],
[
0.9992651543074639,
-0.014708645759463962,
0.03539501556438285,
0.32673939239088956
],
[
0.0,
0.0,
0.0,
1.0
]
],
"at_element": 25,
"to_element": 16
},
{
"pose": [
[
0.27772268423373814,
0.9605175046368108,
0.016620287250258214,
37.92308060794701
],
[
0.004616469026219594,
0.01596628203468342,
-0.9998618734863924,
3.0415505876400752
],
[
-0.9606501958963716,
0.2777610504089128,
-6.053921808302221e-10,
2.1792552931914875
],
[
0.0,
0.0,
0.0,
1.0
]
],
"at_element": 15,
"to_element": 17
},
{
"pose": [
[
-0.0017497921577085407,
-0.9605175046371922,
0.2782140570009832,
37.705720240483394
],
[
-0.9979855702089245,
-0.015966282034871604,
-0.06139934440000648,
3.0379374968704207
],
[
0.06341718916959736,
-0.277761050407584,
-0.958554671885909,
2.1163993392994422
],
[
0.0,
0.0,
0.0,
1.0
]
],
"at_element": 17,
"to_element": 15
},
{
"pose": [
[
-0.9986429859564092,
-0.04935537105332911,
0.016620287249483556,
37.9309976493113
],
[
-0.016600026221024723,
-0.0008204131377773649,
-0.9998618734864054,
2.565268337412193
],
[
0.04936218927001146,
-0.9987809440865757,
-6.280056474849971e-10,
2.1792552929030915
],
[
0.0,
0.0,
0.0,
1.0
]
],
"at_element": 15,
"to_element": 18
},
{
"pose": [
[
-0.17725406685182676,
0.04935537093769948,
0.9829267740498729,
37.93277598412156
],
[
0.9841330100976398,
0.0008204129838393914,
0.17743039581394926,
2.5652978979072394
],
[
0.00795073711342642,
0.9987809440924161,
-0.0487176713032873,
2.21524260052132
],
[
0.0,
0.0,
0.0,
1.0
]
],
"at_element": 18,
"to_element": 15
},
{
"pose": [
[
0.9969122976185578,
-0.07674396985175576,
0.016620287250247088,
37.92347949608639
],
[
0.01657125763325086,
-0.0012756836336453858,
-0.9998618734863925,
3.0175538277557186
],
[
0.07675457170319139,
0.997050016660478,
-6.060401069873933e-10,
2.179255293176957
],
[
0.0,
0.0,
0.0,
1.0
]
],
"at_element": 15,
"to_element": 26
},
{
"pose": [
[
-0.06786651651132214,
0.07674396985168225,
-0.9947384073353269,
37.92624467628093
],
[
0.9976866016403649,
0.0012756836342093791,
-0.06796923964975121,
3.017599792215555
],
[
-0.003947257771964974,
-0.9970500166604831,
-0.07665300668213959,
2.1433303473555996
],
[
0.0,
0.0,
0.0,
1.0
]
],
"at_element": 26,
"to_element": 15
},
{
"pose": [
[
-0.9585366086628233,
-0.0616806966603103,
0.27821405700049046,
37.70368525846312
],
[
-0.08183226411910068,
0.9947530352064963,
-0.061399344431393076,
3.038386599130965
],
[
-0.2729671232993364,
-0.08162040557949879,
-0.9585546718840416,
2.1234106368010157
],
[
0.0,
0.0,
0.0,
1.0
]
],
"at_element": 17,
"to_element": 26
},
{
"pose": [
[
0.08179848796349865,
0.06168069665170751,
-0.9947384073350367,
37.705907688847866
],
[
-0.0764629414248486,
-0.9947530352049481,
-0.06796923965444487,
3.0025444395800114
],
[
-0.9937114399842368,
0.08162040560486836,
-0.07665300668174235,
2.1263515191074154
],
[
0.0,
0.0,
0.0,
1.0
]
],
"at_element": 26,
"to_element": 17
},
{
"pose": [
[
-0.055678690117164864,
-0.9983103973807693,
0.016620287250431687,
37.88955360883582
],
[
-0.000925524267196054,
-0.016594497675967324,
-0.9998618734863896,
5.058505387457654
],
[
0.9984483095642294,
-0.05568638189299485,
-6.052196521721953e-10,
2.179255294412783
],
[
0.0,
0.0,
0.0,
1.0
]
],
"at_element": 15,
"to_element": 16
},
{
"pose": [
[
-0.015613323520053957,
0.9983103973806442,
0.05596940780782534,
37.930276007491514
],
[
0.9997159147924601,
0.016594497676135633,
-0.017108838579852053,
5.059182298918892
],
[
-0.01800871564917505,
0.055686381895192746,
-0.9982858874250855,
2.1815268154237644
],
[
0.0,
0.0,
0.0,
1.0
]
],
"at_element": 16,
"to_element": 15
},
{
"pose": [
[
0.9961511452314388,
-0.086061965500519,
0.016620287250236537,
37.89015162607002
],
[
0.016558605308688995,
-0.0014305727913781485,
-0.9998618734863928,
5.0225291962420275
],
[
0.08607385459199533,
0.9962887591234159,
-6.056553036870582e-10,
2.1792552943909986
],
[
0.0,
0.0,
0.0,
1.0
]
],
"at_element": 15,
"to_element": 27
},
{
"pose": [
[
0.0001228184985699876,
0.08606196553395601,
0.9962897786307198,
37.89325102840322
],
[
-0.9999989767301312,
0.001430572822403553,
-3.006515256198661e-07,
5.022580716337139
],
[
-0.0014252909552088244,
-0.9962887591204832,
0.08606205317014592,
2.1433753364257306
],
[
0.0,
0.0,
0.0,
1.0
]
],
"at_element": 27,
"to_element": 15
},
{
"pose": [
[
0.9982866307589664,
-0.017065410551521346,
0.055969407810151195,
37.92893273952282
],
[
-0.016130758430941146,
-0.99972350491265,
-0.01710883858155691,
5.0595929117115235
],
[
0.056245901898303766,
0.016176695826873085,
-0.9982858874249259,
2.2054857156274945
],
[
0.0,
0.0,
0.0,
1.0
]
],
"at_element": 16,
"to_element": 19
},
{
"pose": [
[
-0.0839996025044556,
0.01706541051613704,
-0.9963196467715616,
37.92954762648354
],
[
0.017555363809008878,
0.9997235049137152,
0.01564362248873694,
5.095614134033413
],
[
0.99631113412459,
-0.016176695798354315,
-0.08427596651727409,
2.2049028501110812
],
[
0.0,
0.0,
0.0,
1.0
]
],
"at_element": 19,
"to_element": 16
},
{
"pose": [
[
-0.9984313969945435,
0.0014733923109465112,
0.05596940781017879,
37.93226073873081
],
[
0.0005164149446517085,
0.999853499747758,
-0.017108838586097984,
5.0585756023730255
],
[
-0.05598641630903874,
-0.01705309817183548,
-0.9982858874248461,
2.1461265983402167
],
[
0.0,
0.0,
0.0,
1.0
]
],
"at_element": 16,
"to_element": 27
},
{
"pose": [
[
-0.08604943996136938,
-0.0014733921205628518,
0.9962897786276811,
37.93220769635444
],
[
0.01711663076922499,
-0.9998534997443471,
-3.008929024359702e-07,
5.022580704579828
],
[
0.9961438223637412,
0.01705309838825718,
0.08606205320532223,
2.1467405128049046
],
[
0.0,
0.0,
0.0,
1.0
]
],
"at_element": 27,
"to_element": 16
},
{
"pose": [
[
-0.20095717892866083,
0.9796000266624302,
0.0,
35.61260418564809
],
[
0.0,
1.1102230246251565e-16,
-0.9999999999999999,
2.9310853801875187
],
[
-0.9796000266624302,
-0.20095717892866094,
1.1102230246251565e-16,
0.07207447082321722
],
[
0.0,
0.0,
0.0,
1.0
]
],
"at_element": 20,
"to_element": 23
},
{
"pose": [
[
-0.007219180598259545,
-0.9796000266624291,
-0.20082746623521988,
35.57733626832566
],
[
-0.9993545257047319,
-1.1102230246251565e-15,
0.03592397463353446,
2.9310853801875187
],
[
-0.03519112650883094,
0.20095717892866793,
-0.9789677200255746,
0.0793094044480678
],
[
0.0,
0.0,
0.0,
1.0
]
],
"at_element": 23,
"to_element": 20
},
{
"pose": [
[
0.9138577027122424,
-0.40603460344347836,
-1.18804965865138e-12,
35.61260418564809
],
[
1.18804965865138e-12,
5.600075958511752e-12,
-0.9999999999999999,
2.9555864480139125
],
[
0.40603460344347836,
0.9138577027122424,
5.600075958511752e-12,
0.07207447082321722
],
[
0.0,
0.0,
0.0,
1.0
]
],
"at_element": 20,
"to_element": 24
},
{
"pose": [
[
-0.016563528154325713,
0.3656125327436676,
0.930619753409437,
35.744655933293274
],
[
-0.9995805335375403,
-0.02816997962454537,
-0.006723780243190702,
2.95558644801027
],
[
0.023757241167418508,
-0.930340759156941,
0.3659257647985448,
-0.225132973365904
],
[
0.0,
0.0,
0.0,
1.0
]
],
"at_element": 24,
"to_element": 20
},
{
"pose": [
[
0.14793163083496574,
-0.9889975897839729,
-2.480107785807206e-10,
35.61260418564809
],
[
2.480107785807206e-10,
2.878666194305879e-10,
-1.0,
5.144573754820989
],
[
0.9889975897839729,
0.1479316308349657,
2.878666194305879e-10,
0.07207447082321722
],
[
0.0,
0.0,
0.0,
1.0
]
],
"at_element": 20,
"to_element": 22
},
{
"pose": [
[
0.00658533787567217,
0.9889975643172624,
-0.1477851518238058,
35.64822510555929
],
[
0.9990086649578107,
1.6113328560329876e-08,
0.04451614694930451,
5.144573754800253
],
[
0.04402636328696218,
-0.1479318010926719,
-0.9880171362690033,
0.0667463883083505
],
[
0.0,
0.0,
0.0,
1.0
]
],
"at_element": 22,
"to_element": 20
},
{
"pose": [
[
0.9880013013000893,
-0.04486565489831876,
-0.14778532281615445,
35.699289160596265
],
[
-0.03867275232521572,
-0.9982598456630258,
0.0445162752757334,
5.129192093444916
],
[
-0.14952540538959438,
-0.03826687271488641,
-0.9880171049104871,
0.4081345527742889
],
[
0.0,
0.0,
0.0,
1.0
]
],
"at_element": 22,
"to_element": 25
},
{
"pose": [
[
0.03366819273331911,
0.04486565119281706,
-0.998425523582564,
35.70090511712861
],
[
-0.039794599484141865,
0.9982598474944947,
0.04351628123087796,
5.165147093810135
],
[
0.9986404972010544,
0.03826682928219423,
0.0353950155631918,
0.4095128350393499
],
[
0.0,
0.0,
0.0,
1.0
]
],
"at_element": 25,
"to_element": 22
},
{
"pose": [
[
-0.20057882474526334,
0.9795089252538529,
0.018176919756957954,
35.99953284873223
],
[
0.021028768292022937,
0.02285438813578755,
-0.9995176175771286,
2.8626995491176714
],
[
-0.9794518497445035,
-0.20009983081197447,
-0.025181972541679976,
1.9581288696790558
],
[
0.0,
0.0,
0.0,
1.0
]
],
"at_element": 21,
"to_element": 23
},
{
"pose": [
[
0.015185326987561365,
-0.9795089252524044,
-0.20082746623696873,
35.96424021626244
],
[
-0.9990931613168826,
-0.02285438812343288,
0.03592397463173082,
2.8618760839101958
],
[
-0.039777642641546554,
0.2000998308204769,
-0.9789677200252815,
1.9653386557304282
],
[
0.0,
0.0,
0.0,
1.0
]
],
"at_element": 23,
"to_element": 21
},
{
"pose": [
[
-0.9970174717670064,
0.07500507035591403,
0.01817691976741515,
35.9990965861977
],
[
-0.016230551473602563,
0.026478318542844215,
-0.9995176175766018,
2.886688877052777
],
[
-0.07545018350003796,
-0.9968315494947217,
-0.02518197255503507,
1.9587332598238945
],
[
0.0,
0.0,
0.0,
1.0
]
],
"at_element": 21,
"to_element": 26
},
{
"pose": [
[
0.06978352521500386,
-0.07500507036424259,
-0.994738407335427,
35.996396402032296
],
[
-0.9973359920843907,
-0.02647831855195104,
-0.06796923965813778,
2.885735657008867
],
[
-0.021240962822125398,
0.9968315494938533,
-0.07665300667340236,
1.994619217303157
],
[
0.0,
0.0,
0.0,
1.0
]
],
"at_element": 26,
"to_element": 21
},
{
"pose": [
[
0.9961265904298465,
-0.08603147927538149,
0.01817691976926708,
35.960271355535475
],
[
0.015936601955706883,
-0.026656272712880513,
-0.9995176175751792,
5.0216216681967785
],
[
0.08647450813224743,
0.9959357548048702,
-0.025181972610177406,
2.0125210250481103
],
[
0.0,
0.0,
0.0,
1.0
]
],
"at_element": 21,
"to_element": 27
},
{
