{
"contact_id_pairs": [
[
0,
3
],
[
0,
12
],
[
3,
4
],
[
3,
12
],
[
0,
2
],
[
0,
14
],
[
2,
6
],
[
1,
10
],
[
3,
10
],
[
3,
18
],
[
1,
11
],
[
1,
19
],
[
2,
11
],
[
2,
19
],
[
4,
5
],
[
5,
9
],
[
5,
8
],
[
6,
8
],
[
7,
10
],
[
9,
10
],
[
7,
8
],
[
8,
11
],
[
12,
17
],
[
13,
17
],
[
17,
24
],
[
13,
14
],
[
14,
16
],
[
16,
25
],
[
15,
17
],
[
15,
26
],
[
17,
18
],
[
17,
26
],
[
15,
16
],
[
16,
19
],
[
16,
27
],
[
20,
24
],
[
23,
24
],
[
20,
22
],
[
22,
25
],
[
21,
23
],
[
23,
26
],
[
21,
22
],
[
21,
27
]
],
"contact_t_bound_pairs": [
[
[
0.6,
0.9
],
[
0.6,
0.9
]
],
[
[
0.6,
0.9
],
[
0.1,
0.4
]
],
[
[
0.6,
0.9
],
[
0.1,
0.4
]
],
[
[
0.6,
0.9
],
[
0.1,
0.4
]
],
[
[
0.1,
0.4
],
[
0.6,
0.9
]
],
[
[
0.1,
0.4
],
[
0.6,
0.9
]
],
[
[
0.6,
0.9
],
[
0.6,
0.9
]
],
[
[
0.6,
0.9
],
[
0.6,
0.9
]
],
[
[
0.1,
0.4
],
[
0.6,
0.9
]
],
[
[
0.1,
0.4
],
[
0.6,
0.9
]
],
[
[
0.1,
0.4
],
[
0.1,
0.4
]
],
[
[
0.1,
0.4
],
[
0.1,
0.4
]
],
[
[
0.1,
0.4
],
[
0.1,
0.4
]
],
[
[
0.1,
0.4
],
[
0.1,
0.4
]
],
[
[
0.6,
0.9
],
[
0.1,
0.4
]
],
[
[
0.1,
0.4
],
[
0.6,
0.9
]
],
[
[
0.6,
0.9
],
[
0.6,
0.9
]
],
[
[
0.1,
0.4
],
[
0.6,
0.9
]
],
[
[
0.6,
0.9
],
[
0.1,
0.4
]
],
[
[
0.1,
0.4
],
[
0.1,
0.4
]
],
[
[
0.1,
0.4
],
[
0.1,
0.4
]
],
[
[
0.1,
0.4
],
[
0.6,
0.9
]
],
[
[
0.6,
0.9
],
[
0.6,
0.9
]
],
[
[
0.1,
0.4
],
[
0.6,
0.9
]
],
[
[
0.6,
0.9
],
[
0.6,
0.9
]
],
[
[
0.6,
0.9
],
[
0.1,
0.4
]
],
[
[
0.1,
0.4
],
[
0.6,
0.9
]
],
[
[
0.6,
0.9
],
[
0.1,
0.4
]
],
[
[
0.6,
0.9
],
[
0.1,
0.4
]
],
[
[
0.6,
0.9
],
[
0.1,
0.4
]
],
[
[
0.1,
0.4
],
[
0.1,
0.4
]
],
[
[
0.1,
0.4
],
[
0.1,
0.4
]
],
[
[
0.1,
0.4
],
[
0.1,
0.4
]
],
[
[
0.1,
0.4
],
[
0.6,
0.9
]
],
[
[
0.1,
0.4
],
[
0.6,
0.9
]
],
[
[
0.6,
0.9
],
[
0.1,
0.4
]
],
[
[
0.6,
0.9
],
[
0.1,
0.4
]
],
[
[
0.1,
0.4
],
[
0.6,
0.9
]
],
[
[
0.6,
0.9
],
[
0.6,
0.9
]
],
[
[
0.6,
0.9
],
[
0.1,
0.4
]
],
[
[
0.1,
0.4
],
[
0.6,
0.9
]
],
[
[
0.1,
0.4
],
[
0.1,
0.4
]
],
[
[
0.1,
0.4
],
[
0.1,
0.4
]
]
],
"line_pt_pairs": [
[
[
38.03468822348068,
4.038097007233258,
0.07207447082321722
],
[
38.03468822348068,
2.6536136262797703,
0.07207447082321722
]
],
[
[
38.12712022775593,
4.069456687785336,
1.159315596817253
],
[
38.059060838295395,
2.5594873655144084,
1.2365270300365956
]
],
[
[
37.93118064430757,
3.9396168744327875,
1.2913243747162941
],
[
38.08592889811164,
3.895207757437703,
-0.05884299452885479
]
],
[
[
38.03676862454774,
2.6572682765694564,
1.3261638687508088
],
[
37.994475511771064,
2.8070390407989523,
-0.06605422696119234
]
],
[
[
37.85921318760119,
2.760902869163163,
0.12026163491781593
],
[
39.245730242396974,
2.6536136262797703,
0.1860372354116086
]
],
[
[
39.08985829297653,
2.512743265651487,
0.21867412027969488
],
[
39.245730242396974,
4.038097007233258,
0.1860372354116086
]
],
[
[
39.334996989857856,
3.9268840230235638,
0.2283053699276723
],
[
37.926514384247476,
3.9377093161363583,
0.09172563089500504
]
],
[
[
39.20472785371147,
4.1557304673210815,
1.2988324121431198
],
[
39.16064623020529,
2.565375798772259,
1.2921537651364357
]
],
[
[
39.160599398476585,
4.01125973349637,
1.4357330686783474
],
[
39.19810106342102,
3.8756276166782953,
0.04933822269759708
]
],
[
[
39.19854916339439,
2.6885294301877587,
1.3888481413594886
],
[
39.138252934274156,
2.6919240426556925,
0.08247016609668376
]
],
[
[
39.337014776011415,
2.7269693136757094,
1.2667675739150432
],
[
37.88677027084141,
2.705924257933918,
1.1823748846168367
]
],
[
[
37.805159765649776,
3.881258043934599,
1.090746109894961
],
[
39.312437332516566,
4.046937413734977,
1.282190034170506
]
],
[
[
38.17181575073634,
2.849626412332577,
0.09932946834810945
],
[
36.82364620456438,
2.6536136262797703,
0.1860372354116086
]
],
[
[
36.92367088811416,
2.558075261740633,
0.21205757566709388
],
[
36.82364620456438,
4.038097007233258,
0.1860372354116086
]
],
[
[
36.6491421579604,
3.8946387284120236,
0.2541724580737625
],
[
38.182405609753786,
3.8661006951649637,
0.012329844132622364
]
],
[
[
36.80969559138716,
4.159289507173516,
1.284816022431912
],
[
36.79970998956761,
2.538712460887003,
1.2578842816721043
]
],
[
[
36.85121735488119,
4.007867902265732,
1.4452743949131415
],
[
36.79737833412876,
3.9187982348688566,
0.09231591067552804
]
],
[
[
36.81755569129883,
2.6991307633938324,
1.4408509575980308
],
[
36.9683446506171,
2.7099150396539744,
0.03666312926119336
]
],
[
[
36.69348812486708,
2.6587460876826388,
1.2375060715861195
],
[
38.178365563154266,
2.7193123218561595,
1.1315180354333294
]
],
[
[
38.27141745516379,
3.8586743979640503,
1.1116544391398349
],
[
36.69195856310981,
4.054193699726547,
1.3292245749283909
]
],
[
[
35.61260418564809,
4.038097007233258,
0.07207447082321722
],
[
35.61260418564809,
2.6536136262797703,
0.07207447082321722
]
],
[
[
35.68593505696646,
4.14441711420992,
1.1497170838808783
],
[
35.638844269147135,
2.5747324160017655,
1.14418591474317
]
],
[
[
35.643666442728836,
3.9611001545592295,
1.2834193316058884
],
[
35.64915249139871,
3.89282072631183,
-0.06235634412856
]
],
[
[
35.68535417879864,
2.726980351441635,
1.3133870729716683
],
[
35.639446394987864,
2.7556475318106375,
-0.02249068458192422
]
],
[
[
35.442229110267114,
2.8070109748466168,
0.09101429763272345
],
[
37.10972855357269,
2.6575208701403237,
0.25978616018984646
]
],
[
[
36.947555570291485,
3.968670178759826,
0.2670182811117705
],
[
35.503402264641345,
3.933965454924721,
0.08882782234373912
]
],
[
[
36.974936585650255,
2.7414715621971815,
1.3157629620086337
],
[
35.538533722840576,
2.688596569503566,
1.1637808660495768
]
],
[
[
35.533659503370046,
3.9818890980170583,
1.1764302849302297
],
[
36.98792352999375,
4.036860283746183,
1.263129901646686
]
]
],
"contact_t_pairs": [
[
0.8999999999994962,
0.8999999999987847
],
[
0.8725795413117617,
0.10000000000097668
],
[
0.8587459720780385,
0.10000000000100123
],
[
0.875877943600038,
0.13128115611581326
],
[
0.10000000000046433,
0.899999999998604
],
[
0.12217012574544127,
0.8999999999989703
],
[
0.8775220883011935,
0.8999999999982541
],
[
0.8999999999980824,
0.8750467318667992
],
[
0.10000000000155881,
0.8999999999988509
],
[
0.13498675342845795,
0.8999999999988446
],
[
0.10000000000387956,
0.21224196413381125
],
[
0.12559184031163745,
0.10000000000062753
],
[
0.13556668976497466,
0.10000000000070317
],
[
0.10000000000203224,
0.20835961971450265
],
[
0.899999999999127,
0.10000000000101852
],
[
0.1196655348650406,
0.8999999999981084
],
[
0.899999999999258,
0.899999999998742
],
[
0.1000000000019112,
0.8782472403766152
],
[
0.8999999999982702,
0.11713222099018947
],
[
0.10000000000299056,
0.1000000000018402
],
[
0.1000000000014178,
0.10000000000162501
],
[
0.12197514652853429,
0.8999999999979276
],
[
0.8999999999995708,
0.899999999998861
],
[
0.10000000000142568,
0.87420067740512
],
[
0.8526837087287348,
0.899999999999454
],
[
0.8999999999993645,
0.12400448151377681
],
[
0.10000000000092801,
0.8999999999981796
],
[
0.8823133516058267,
0.10000000000136693
],
[
0.8999999999986357,
0.12564701808658454
],
[
0.8785700610714043,
0.12376797820609736
],
[
0.1522759757929336,
0.10000000000134995
],
[
0.10000000000151846,
0.10000000000116067
],
[
0.10000000000132139,
0.12163709546807243
],
[
0.10000000000162139,
0.8999999999989045
],
[
0.1393237438622073,
0.8999999999988503
],
[
0.899999999999458,
0.10000000000079645
],
[
0.8999999999995076,
0.122911945508262
],
[
0.10000000000089126,
0.8999999999985793
],
[
0.8730622952455797,
0.8999999999984141
],
[
0.8999999999978556,
0.12718749017013387
],
[
0.10000000000105749,
0.8999999999986232
],
[
0.12182390204376502,
0.10000000000257568
],
[
0.10000000000154143,
0.10000000000187437
]
],
"half_couplers": [
{
"pose": [
[
-0.030364216346507433,
0.9995389008766304,
-5.390132784555135e-14,
38.03468822348068
],
[
-5.390132784555135e-14,
-5.551115123125783e-14,
-1.0,
2.7920619643758164
],
[
-0.9995389008766304,
-0.030364216346507433,
5.551115123125783e-14,
0.07207447082321722
],
[
0.0,
0.0,
0.0,
1.0
]
],
"at_element": 0,
"to_element": 3
},
{
"pose": [
[
-0.0032462746644086327,
-0.9995389008766341,
-0.030190186073185542,
37.99870482304878
],
[
-0.9942685735338489,
1.1524114995609125e-13,
0.10691119531164858,
2.7920619643758204
],
[
-0.10686189865320889,
0.0303642163463895,
-0.9938101171662024,
0.07316758261169978
],
[
0.0,
0.0,
0.0,
1.0
]
],
"at_element": 3,
"to_element": 0
},
{
"pose": [
[
-0.997938173080164,
-0.06418257325337073,
-7.91033905045424e-16,
38.03468822348068
],
[
-7.91033905045424e-16,
2.475797344914099e-14,
-0.9999999999999999,
2.8300251337271067
],
[
0.06418257325337073,
-0.9979381730801641,
-2.4424906541753444e-14,
0.07207447082321722
],
[
0.0,
0.0,
0.0,
1.0
]
],
"at_element": 0,
"to_element": 12
},
{
"pose": [
[
0.14329244562356325,
0.0641825732533946,
-0.987597019192439,
38.03699879611783
],
[
-0.9896374803903877,
-2.4202861936828413e-14,
-0.1435885002587774,
2.830025133727105
],
[
-0.009215879436228036,
0.9979381730801626,
0.06351748007945757,
0.10800024505454404
],
[
0.0,
0.0,
0.0,
1.0
]
],
"at_element": 12,
"to_element": 0
},
{
"pose": [
[
-0.9969622593455529,
0.07179697838685763,
-0.0301901860730849,
38.00044958430413
],
[
0.06819685728784715,
0.991927005869332,
0.10691119531257266,
2.7858833170865855
],
[
0.037622361657283006,
0.10452755101703641,
-0.993810117166106,
0.13060218680397076
],
[
0.0,
0.0,
0.0,
1.0
]
],
"at_element": 3,
"to_element": 4
},
{
"pose": [
[
-0.054919096908579546,
-0.0717969783878006,
0.9959061635963137,
37.99786489308216
],
[
-0.100707567112873,
-0.9919270058690568,
-0.07706361627807447,
2.750173944874716
],
[
0.9933991537750332,
-0.10452755101900081,
0.04724523634206912,
0.12683919496726104
],
[
0.0,
0.0,
0.0,
1.0
]
],
"at_element": 4,
"to_element": 3
},
{
"pose": [
[
0.9902390942222661,
0.13607016182373177,
-0.030190186073117277,
37.99972501990046
],
[
0.13855034871892752,
-0.9845678225429291,
0.10691119531152385,
2.7884491855541933
],
[
-0.015176862117367296,
-0.11005050601582286,
-0.9938101171662177,
0.10675074603582035
],
[
0.0,
0.0,
0.0,
1.0
]
],
"at_element": 3,
"to_element": 12
},
{
"pose": [
[
0.07833925416680776,
-0.13607016182383494,
-0.9875970191924558,
37.99482649407476
],
[
-0.10004271790883718,
0.9845678225429094,
-0.1435885002586452,
2.823893627166083
],
[
0.9918943572024196,
0.11005050601587205,
0.06351748007949776,
0.11071256425242625
],
[
0.0,
0.0,
0.0,
1.0
]
],
"at_element": 12,
"to_element": 3
},
{
"pose": [
[
-0.11386865484084563,
-0.9934958124948169,
8.248957072964913e-14,
38.03468822348068
],
[
8.248957072964913e-14,
-9.237055564881302e-14,
-1.0,
3.8996486691372665
],
[
0.9934958124948169,
-0.11386865484084563,
9.248157795127554e-14,
0.0720744708232172
],
[
0.0,
0.0,
0.0,
1.0
]
],
"at_element": 0,
"to_element": 2
},
{
"pose": [
[
0.003718972862316039,
0.9934958124948519,
0.11380790744075478,
38.07045407273102
],
[
0.9994665134151639,
1.6853185513809876e-13,
-0.03266019843381359,
3.899648669137273
],
[
-0.03244777037926391,
0.11386865484054007,
-0.9929657958067946,
0.0761737423975449
],
[
0.0,
0.0,
0.0,
1.0
]
],
"at_element": 2,
"to_element": 0
},
{
"pose": [
[
0.9877879248835159,
0.15580441410408646,
-2.4147350785597155e-15,
38.03468822348068
],
[
2.4147350785597155e-15,
-3.086420008457935e-14,
-1.0,
3.8689544984896966
],
[
-0.15580441410408646,
0.9877879248835157,
-3.086420008457935e-14,
0.07207447082321722
],
[
0.0,
0.0,
0.0,
1.0
]
],
"at_element": 0,
"to_element": 14
},
{
"pose": [
[
-0.018157719134563433,
-0.1558044141039111,
0.9876210213343819,
38.029079264572864
],
[
-0.9998310330133043,
-9.103828801926284e-14,
-0.0183822039905156,
3.868954498489699
],
[
0.002864028522770512,
-0.9877879248835436,
-0.1557780883015445,
0.036514105526985405
],
[
0.0,
0.0,
0.0,
1.0
]
],
"at_element": 14,
"to_element": 0
},
{
"pose": [
[
0.9934446154047273,
-0.010749712896777595,
0.11380790744052154,
38.06697565514668
],
[
-0.0070730869909347675,
-0.9994414854700573,
-0.03266019843516794,
3.900646893347649
],
[
0.11409543182692343,
0.03164112504388442,
-0.992965795806777,
0.10652268530016246
],
[
0.0,
0.0,
0.0,
1.0
]
],
"at_element": 2,
"to_element": 6
},
{
"pose": [
[
-0.09621793069902473,
0.010749712896932023,
-0.9953022422785107,
38.06736264481097
],
[
0.03252997920147128,
0.9994414854700034,
0.0076496780758858185,
3.9366267868250597
],
[
0.9948285833575297,
-0.03164112504552225,
-0.09651387952364199,
0.10538360479851022
],
[
0.0,
0.0,
0.0,
1.0
]
],
"at_element": 6,
"to_element": 2
},
{
"pose": [
[
0.997257255279411,
-0.05878566980588851,
-0.04496900952932773,
38.06586677724158
],
[
-0.04182741942209951,
0.053621981039807864,
-0.9976848952118369,
2.7104842977443964
],
[
0.06106090219660607,
0.9968294378552629,
0.05101605676742349,
1.2288058867145133
],
[
0.0,
0.0,
0.0,
1.0
]
],
"at_element": 1,
"to_element": 10
},
{
"pose": [
[
-0.011324654242918175,
0.058785669803627205,
-0.998206390097768,
38.067983061354624
],
[
0.9984562371919291,
-0.053621981038652455,
-0.014485356813856654,
2.7085539064269004
],
[
-0.054377335525131076,
-0.9968294378554586,
-0.05808766827785394,
1.1929200269511975
],
[
0.0,
0.0,
0.0,
1.0
]
],
"at_element": 10,
"to_element": 1
},
{
"pose": [
[
0.9993301564964132,
0.020683108608825884,
-0.030190186073121912,
38.03253931327001
],
[
0.023802283964915773,
-0.993983625415978,
0.1069111953116362,
2.6722453529926393
],
[
-0.02779729474081471,
-0.1075581769238621,
-0.9938101171662059,
1.1869420591774384
],
[
0.0,
0.0,
0.0,
1.0
]
],
"at_element": 3,
"to_element": 10
},
{
"pose": [
[
-0.056180172533927486,
-0.020683108608877912,
-0.9982063900979252,
38.03179472136008
],
[
-0.10856669306456664,
0.9939836254159657,
-0.014485356811531576,
2.7080287635081217
],
[
0.9925004087510907,
0.10755817692396319,
-0.058087668275728976,
1.1908141535467542
],
[
0.0,
0.0,
0.0,
1.0
]
],
"at_element": 10,
"to_element": 3
},
{
"pose": [
[
0.9990049541199372,
0.032827645494196867,
-0.030190186073120653,
38.031059614561634
],
[
0.035881607611650615,
-0.9936209068614963,
0.10691119531153599,
2.677485345791295
],
[
-0.02648795724524351,
-0.10788808617750707,
-0.9938101171662166,
1.1382328679462959
],
[
0.0,
0.0,
0.0,
1.0
]
],
"at_element": 3,
"to_element": 18
},
{
"pose": [
[
-0.07507033562365262,
-0.03282764549420627,
0.9966377428136358,
38.02987781932383
],
[
0.10519003533884241,
0.9936209068615021,
0.04065156716707638,
2.7132556984387373
],
[
-0.99161459306263,
0.10788808617745038,
-0.07113831377114432,
1.1421168390487308
],
[
0.0,
0.0,
0.0,
1.0
]
],
"at_element": 18,
"to_element": 3
},
{
"pose": [
[
0.9902406063232194,
-0.1319140999688096,
-0.04496900952924953,
38.12031428880962
],
[
-0.03777369652664418,
0.0565508418745454,
-0.9976848952119066,
3.9184597555523855
],
[
0.13415174035149827,
0.9896467412732177,
0.05101605676613119,
1.1670367401394868
],
[
0.0,
0.0,
0.0,
1.0
]
],
"at_element": 1,
"to_element": 11
},
{
"pose": [
[
0.10019523958810894,
0.1319140999696462,
0.9861843560881909,
38.125067316936416
],
[
-0.9924974682392456,
-0.05655084187337622,
0.10840100470982833,
3.916422158797483
],
[
0.07006917655124284,
-0.9896467412731731,
0.1252582850945203,
1.1313785444046873
],
[
0.0,
0.0,
0.0,
1.0
]
],
"at_element": 11,
"to_element": 1
},
{
"pose": [
[
0.9888886714826733,
0.14169327293554326,
-0.04496900952930921,
38.1185725237831
],
[
-0.051699572441702084,
0.044181490189108774,
-0.9976848952119176,
3.8798168617872144
],
[
-0.139378440307598,
0.9889241691502354,
0.051016056765865514,
1.1690127228083693
],
[
0.0,
0.0,
0.0,
1.0
]
],
"at_element": 1,
"to_element": 19
},
{
"pose": [
[
0.11438661679814743,
-0.14169327293462558,
-0.9832795728085414,
38.113471565957404
],
[
0.9915808006700286,
-0.04418149018935891,
0.1217189864697884,
3.878226328140422
],
[
-0.060689518370627415,
-0.9889241691503557,
0.13544655783821158,
1.1334114527188268
],
[
0.0,
0.0,
0.0,
1.0
]
],
"at_element": 19,
"to_element": 1
},
{
"pose": [
[
-0.9880905990151196,
-0.10356026430029187,
0.11380790744054563,
37.9521593528227
],
[
-0.10790209580404324,
0.9936249036529607,
-0.03266019843386576,
3.9335964774463785
],
[
-0.1097000722836461,
-0.04455134676637853,
-0.9929657958068168,
1.108286653839045
],
[
0.0,
0.0,
0.0,
1.0
]
],
"at_element": 2,
"to_element": 11
},
{
"pose": [
[
-0.12928916221039688,
0.10356026430022187,
0.9861843560881514,
37.95588752233752
],
[
0.0309640601135905,
-0.9936249036529583,
0.10840100470904818,
3.897825980914753
],
[
0.9911233725002229,
0.044551346766594196,
0.12525828509550618,
1.10989050232265
],
[
0.0,
0.0,
0.0,
1.0
]
],
"at_element": 11,
"to_element": 2
},
{
"pose": [
[
-0.9861961984884082,
0.12026977297321925,
0.11380790744048655,
37.94665546968829
],
[
0.11727709158035354,
0.9925620359598105,
-0.032660198434321004,
3.9351759627331893
],
[
-0.11688944296841108,
-0.018862303154338095,
-0.9929657958068083,
1.1563076377890353
],
[
0.0,
0.0,
0.0,
1.0
]
],
"at_element": 2,
"to_element": 19
},
{
"pose": [
[
-0.1367350116331849,
-0.1202697729733026,
-0.9832795728085798,
37.94232200106073
],
[
-0.0022567906274554017,
-0.9925620359597858,
0.12171898647059629,
3.899412725326129
],
[
-0.9906050895739112,
0.0188623031551192,
0.1354465578372065,
1.1569872698939712
],
[
0.0,
0.0,
0.0,
1.0
]
],
"at_element": 19,
"to_element": 2
},
{
"pose": [
[
-0.07818669599979167,
0.04536247215090339,
0.995906163596247,
39.10707853691619
],
[
-0.9966870472386649,
-0.026002478972065424,
-0.07706361627888214,
2.6643425505682035
],
[
0.022400232929763064,
-0.9986321230601717,
0.047245236342159824,
0.17945967536217192
],
[
0.0,
0.0,
0.0,
1.0
]
],
"at_element": 4,
"to_element": 5
},
{
"pose": [
[
-0.9937869858890143,
-0.04536247215107522,
0.10163499789920342,
39.10544548791873
],
[
0.1005306327790231,
0.026002478972207976,
0.9945941197093159,
2.6652786398112176
],
[
-0.047760009952651464,
0.9986321230601601,
-0.021280607173664645,
0.21541043179285302
],
[
0.0,
0.0,
0.0,
1.0
]
],
"at_element": 5,
"to_element": 4
},
{
"pose": [
[
-0.04806152473909586,
-0.9936601114272688,
0.10163499789984148,
39.10851079317438
],
[
-0.01645736298534206,
0.10252654409139272,
0.9945941197092633,
2.6952755369962604
],
[
-0.9987087889086197,
0.04612906583731402,
-0.02128060717307645,
0.21476860999562658
],
[
0.0,
0.0,
0.0,
1.0
]
],
"at_element": 5,
"to_element": 9
},
{
"pose": [
[
0.10253690474630428,
0.9936601114271584,
-0.04610603131493894,
39.144282557186294
],
[
0.9947268821118074,
-0.10252654409200712,
0.0025957196828253586,
2.691584581408893
],
[
-0.002147828943248647,
-0.04612906583832456,
-0.9989331790043385,
0.21310796362543538
],
[
0.0,
0.0,
0.0,
1.0
]
],
"at_element": 9,
"to_element": 5
},
{
"pose": [
[
-0.03441199920045124,
0.9942264035485416,
0.1016349978991527,
39.23014304745482
],
[
0.024893439215143975,
-0.10081098017420054,
0.994594119709321,
3.8855616330739493
],
[
0.9990976583873421,
0.03675601669454431,
-0.021280607173675525,
0.18930092389844144
],
[
0.0,
0.0,
0.0,
1.0
]
],
"at_element": 5,
"to_element": 8
},
{
"pose": [
[
-0.10387314239500278,
-0.9942264035485434,
0.02691149895335803,
39.19435089692653
],
[
-0.9901332636137797,
0.10081098017414558,
-0.09733070718870578,
3.8891908283602734
],
[
0.09405578437561979,
-0.03675601669464594,
-0.9948881870151189,
0.18797770729741614
],
[
0.0,
0.0,
0.0,
1.0
]
],
"at_element": 8,
"to_element": 5
},
{
"pose": [
[
-0.0953044395760192,
0.0170443630704294,
-0.995302242278507,
39.19414872929412
],
[
0.09808496934806368,
0.9951486427731892,
0.0076496780761723185,
3.9279665523348637
],
[
0.9906040594430704,
-0.09689514164395988,
-0.09651387952365531,
0.21464739602414454
],
[
0.0,
0.0,
0.0,
1.0
]
],
"at_element": 6,
"to_element": 8
},
{
"pose": [
[
0.9994925016785249,
-0.017044363070674938,
0.026911498953402002,
39.193535132223566
],
[
-0.014349641971274535,
-0.9951486427732039,
-0.09733070718918177,
3.892141201194457
],
[
0.028439881569728466,
0.09689514164376362,
-0.9948881870150708,
0.21813562112339102
],
[
0.0,
0.0,
0.0,
1.0
]
],
"at_element": 8,
"to_element": 6
},
{
"pose": [
[
0.9979287480572279,
-0.05805621072263401,
-0.027707222839233915,
39.16505439255599
],
[
-0.02790410648019343,
-0.0025831646085969773,
-0.9996072669314419,
2.724411265629892
],
[
0.05796183781140723,
0.9983099737341773,
-0.004197820909723982,
1.2928216298371156
],
[
0.0,
0.0,
0.0,
1.0
]
],
"at_element": 7,
"to_element": 10
},
{
"pose": [
[
-0.014610926187704987,
0.058056210723301416,
-0.9982063900979543,
39.16714441614203
],
[
0.9998917449897375,
0.002583164609466726,
-0.01448535681225327,
2.724504259555811
],
[
0.001737566492350462,
-0.9983099737341364,
-0.05808766827505352,
1.2568824707822093
],
[
0.0,
0.0,
0.0,
1.0
]
],
"at_element": 10,
"to_element": 7
},
{
"pose": [
[
0.9988283794696624,
0.014700416401020143,
-0.04610603131527114,
39.19251954048219
],
[
0.014835809264315844,
-0.9998865740686789,
0.0025957196831841284,
2.6888688914345624
],
[
-0.04606264353552655,
-0.0032766987712402446,
-0.9989331790043225,
1.2582103438293015
],
[
0.0,
0.0,
0.0,
1.0
]
],
"at_element": 9,
"to_element": 10
},
{
"pose": [
[
-0.05803361547700314,
-0.01470041640057448,
-0.9982063900979181,
39.191990325491744
],
[
-0.0041247345628398725,
0.9998865740686866,
-0.014485356812002192,
2.7248648081014917
],
[
0.9983061083853255,
0.0032766987708095765,
-0.05808766827573586,
1.2583283049850673
],
[
0.0,
0.0,
0.0,
1.0
]
],
"at_element": 10,
"to_element": 9
},
{
"pose": [
[
0.029854082470793575,
0.9991701774784714,
-0.027707222839313372,
39.20031969136079
],
[
0.003370075780166959,
-0.02782003751061657,
-0.9996072669314404,
3.9966950004639443
],
[
-0.9995485862873617,
0.029748982344749375,
-0.004197820909567884,
1.298164547442442
],
[
0.0,
0.0,
0.0,
1.0
]
],
"at_element": 7,
"to_element": 8
},
{
"pose": [
[
-0.03057331617145498,
-0.9991701774784717,
0.0269114989534172,
39.16434956497109
],
[
-0.994863196098357,
0.027820037510689066,
-0.09733070718877021,
3.9976965218143423
],
[
0.09650126106555575,
-0.029748982344667774,
-0.9948881870151112,
1.2970935840780193
],
[
0.0,
0.0,
0.0,
1.0
]
],
"at_element": 8,
"to_element": 7
},
{
"pose": [
[
0.9949957558384636,
0.09622482573393673,
0.02691149895338756,
39.16517366955325
],
[
0.09841042161117847,
-0.9903747383473194,
-0.09733070718837467,
3.9947159861735106
],
[
0.017286838396733183,
0.09949201252338069,
-0.9948881870151505,
1.2666273541934407
],
[
0.0,
0.0,
0.0,
1.0
]
],
"at_element": 8,
"to_element": 11
},
{
"pose": [
[
0.13483767544530834,
-0.09622482573385531,
0.9861843560881478,
39.16170957582677
],
[
-0.08606450965077088,
0.9903747383473758,
0.10840100470908678,
4.030369476754595
],
[
-0.9871229414105813,
-0.09949201252289686,
0.12525828509550052,
1.2630456417425546
],
[
0.0,
0.0,
0.0,
1.0
]
],
"at_element": 11,
"to_element": 8
},
{
"pose": [
[
-0.0617150959166437,
0.14437234713800082,
-0.9875970191924763,
36.95846315918216
],
[
-0.016976206089030305,
-0.9894918650602123,
-0.1435885002585029,
2.673214904885135
],
[
-0.9979494252530148,
0.007904072464742978,
0.06351748007950109,
0.17736645870522147
],
[
0.0,
0.0,
0.0,
1.0
]
],
"at_element": 12,
"to_element": 17
},
{
"pose": [
[
-0.9837464993731362,
-0.1443723471377716,
0.10676820853152547,
36.953265754685106
],
[
-0.1443867762496737,
0.9894918650602444,
0.007635955986366389,
2.708836612027948
],
[
-0.10674869467739267,
-0.007904072464864593,
-0.9942546161940329,
0.17708191209647642
],
[
0.0,
0.0,
0.0,
1.0
]
],
"at_element": 17,
"to_element": 12
},
{
"pose": [
[
0.10798931352546837,
-0.9918633866797348,
-0.06741906502247669,
36.913668419759034
],
[
-0.01017905437994765,
-0.06891524204807187,
0.997570587109196,
2.7060774362920057
],
[
-0.9940999421668972,
-0.10704070056601167,
-0.017538341030705062,
0.20945554164150823
],
[
0.0,
0.0,
0.0,
1.0
]
],
"at_element": 13,
"to_element": 17
},
{
"pose": [
[
-0.06933665561058189,
0.9918633866797206,
0.10676820853125969,
36.94937550168007
],
[
0.9975932946795736,
0.0689152420479685,
0.00763595598622302,
2.7085583850057726
],
[
0.00021586823107271058,
0.1070407005662094,
-0.9942546161940622,
0.2133090068619432
],
[
0.0,
0.0,
0.0,
1.0
]
],
"at_element": 17,
"to_element": 13
},
{
"pose": [
[
-0.9904205011052598,
0.08756586456710566,
0.10676820853148014,
36.94613098036568
],
[
0.08888345499188158,
0.9960127627720896,
0.007635955985682951,
2.708326340071286
],
[
-0.10567384926798343,
0.017052734611329456,
-0.9942546161940429,
0.2435228723800283
],
[
0.0,
0.0,
0.0,
1.0
]
],
"at_element": 17,
"to_element": 24
},
{
"pose": [
[
-0.10141496804144334,
-0.08756586456592132,
0.9909829582893824,
36.94297860924122
],
[
-0.008116121288854153,
-0.996012762772231,
-0.0888408969453367,
2.6724698806110347
],
[
0.9948111040958368,
-0.017052734609148613,
0.10029990732783522,
0.242908973934042
],
[
0.0,
0.0,
0.0,
1.0
]
],
"at_element": 24,
"to_element": 17
},
{
"pose": [
[
0.9854138193296295,
-0.156250677904698,
-0.06741906502254881,
36.83364867291942
],
[
0.06382400216343928,
-0.027918103131560068,
0.9975705871091916,
3.890094832683055
],
[
-0.15775329290393159,
-0.9873227968460254,
-0.01753834103068086,
0.18863926943717366
],
[
0.0,
0.0,
0.0,
1.0
]
],
"at_element": 13,
"to_element": 14
},
{
"pose": [
[
0.013800140321807541,
0.15625067790440378,
0.9876210213343541,
36.83927369732406
],
[
0.999441180907606,
0.02791810313118326,
-0.0183822039910026,
3.891099884395799
],
[
-0.030444737363108265,
0.9873227968460827,
-0.1557780883016624,
0.2241828901240549
],
[
0.0,
0.0,
0.0,
1.0
]
],
"at_element": 14,
"to_element": 13
},
{
"pose": [
[
0.1566465602217435,
-0.008159251748060575,
0.9876210213344022,
36.80246850314116
],
[
0.06392395923687973,
-0.9977854589098372,
-0.01838220399104347,
3.891784925087291
],
[
0.9855838790311952,
0.06601215493375721,
-0.15577808830135353,
0.22998819667942405
],
[
0.0,
0.0,
0.0,
1.0
]
],
"at_element": 14,
"to_element": 16
},
{
"pose": [
[
-0.9991792709388816,
0.008159251748348528,
-0.03967632968096276,
36.8027622362041
],
[
0.010754337019617425,
0.9977854589097666,
-0.06563933442300487,
3.927705201608706
],
[
0.03905289696442329,
-0.06601215493478196,
-0.9970542947300076,
0.22761175910175233
],
[
0.0,
0.0,
0.0,
1.0
]
],
"at_element": 16,
"to_element": 14
},
{
"pose": [
[
0.999085262266002,
0.015950786373123853,
-0.03967632968096832,
36.80371446803394
],
[
0.013322827405279337,
-0.9977544688180531,
-0.06563933442330154,
3.929280545498379
],
[
-0.04063423424654461,
0.06505069075485552,
-0.9970542947299879,
0.2515410601019137
],
[
0.0,
0.0,
0.0,
1.0
]
],
"at_element": 16,
"to_element": 25
},
{
"pose": [
[
-0.12370014777395943,
-0.015950786372494054,
-0.9921914360922491,
36.8031402397245
],
[
0.06258997895531371,
0.9977544688180519,
-0.02384354185058678,
3.9651997063762683
],
[
0.9903437625264643,
-0.06505069075502853,
-0.12242401585154639,
0.24919923523472381
],
[
0.0,
0.0,
0.0,
1.0
]
],
"at_element": 25,
"to_element": 16
},
{
"pose": [
[
-0.10682251553255062,
-0.9942590179880295,
-0.006160789298230829,
36.80070854974958
],
[
-0.015863204305160472,
0.007899721380665081,
-0.9998429642455263,
2.700770165517865
],
[
0.9941515522919385,
-0.10670801071891012,
-0.016616002044481437,
1.260577455748122
],
[
0.0,
0.0,
0.0,
1.0
]
],
"at_element": 15,
"to_element": 17
},
{
"pose": [
[
0.007039516776549792,
0.9942590179880508,
0.106768208531329,
36.83650187439755
],
[
0.9999396414675588,
-0.007899721381119162,
0.007635955986688404,
2.7004857755481413
],
[
0.008435557200483515,
0.10670801071867739,
-0.9942546161940511,
1.2644189441340303
],
[
0.0,
0.0,
0.0,
1.0
]
],
"at_element": 17,
"to_element": 15
},
{
"pose": [
[
-0.9944922725030507,
0.1046286987730759,
-0.006160789297749408,
36.800922540586726
],
[
0.007864704393674628,
0.015880594243841806,
-0.9998429642455173,
2.735499032646658
],
[
-0.10451443133136415,
-0.9943845544453693,
-0.016616002045202416,
1.2611546013078083
],
[
0.0,
0.0,
0.0,
1.0
]
],
"at_element": 15,
"to_element": 26
},
{
"pose": [
[
0.03804627437285357,
-0.10462869877960462,
-0.9937833347355107,
36.79715590743085
],
[
-0.9992044707365106,
-0.01588059425110888,
-0.03658185870621211,
2.7349273312538305
],
[
-0.011954357637078361,
0.9943845544445662,
-0.10514966103400636,
1.2969524452682561
],
[
0.0,
0.0,
0.0,
1.0
]
],
"at_element": 26,
"to_element": 15
},
{
"pose": [
[
-0.9934580293095103,
-0.040517818887936846,
0.10676820853151013,
36.840517227217816
],
[
-0.03993026775159937,
0.9991732912230259,
0.0076359559867740425,
2.700772949584566
],
[
-0.1069893345981237,
0.0033227186324929028,
-0.9942546161940309,
1.2270268858414786
],
[
0.0,
0.0,
0.0,
1.0
]
],
"at_element": 17,
"to_element": 18
},
{
"pose": [
[
0.07121457682241461,
0.040517818887402086,
0.9966377428136123,
36.8419758686978
],
[
-0.0004291774842439672,
-0.9991732912230484,
0.04065156716767452,
2.6648027111000725
],
[
0.997460926480176,
-0.0033227186321772365,
-0.07113831377113145,
1.2269072679706974
],
[
0.0,
0.0,
0.0,
1.0
]
],
"at_element": 18,
"to_element": 17
},
{
"pose": [
[
0.9935887449481405,
0.03717466286800489,
0.106768208531515,
36.832634587230885
],
[
0.0365678835448186,
-0.9993019974308188,
0.007635955986541142,
2.700209191019863
],
[
0.10697754813712773,
-0.0036827125092773042,
-0.9942546161940322,
1.3004321747622147
],
[
0.0,
0.0,
0.0,
1.0
]
],
"at_element": 17,
"to_element": 26
},
{
"pose": [
[
-0.10494154583819282,
-0.03717466287233256,
-0.9937833347352022,
36.83129629936762
],
[
-0.007568721522575402,
0.9993019974306433,
-0.03658185869581082,
2.7361840629277587
],
[
0.9944495896784332,
0.003682712513214361,
-0.1051496610405418,
1.3005647524125517
],
[
0.0,
0.0,
0.0,
1.0
]
],
"at_element": 26,
"to_element": 17
},
{
"pose": [
[
0.03930221627816266,
-0.9992083769018547,
-0.006160789298913949,
36.8086970312052
],
[
-0.016845582461391284,
0.005502108705829123,
-0.9998429642455489,
3.997231802542723
],
[
0.9990853627929703,
0.03939982650913998,
-0.016616002042870726,
1.2821228483558957
],
[
0.0,
0.0,
0.0,
1.0
]
],
"at_element": 15,
"to_element": 16
},
{
"pose": [
[
0.002899722728123999,
0.9992083769019505,
-0.03967632968244206,
36.84466853277402
],
[
0.9978282440261891,
-0.005502108706978648,
-0.06563933442219626,
3.9970337266292693
],
[
-0.06580567628793375,
-0.03939982650655233,
-0.9970542947300021,
1.2807044546015924
],
[
0.0,
0.0,
0.0,
1.0
]
],
"at_element": 16,
"to_element": 15
},
{
"pose": [
[
0.992793005443403,
-0.11308331975010394,
-0.039676329680945185,
36.84583345280586
],
[
-0.11551761723454623,
-0.9911342784330064,
-0.06563933442332368,
3.9989609355259006
],
[
-0.03190185654641696,
0.06974958716279123,
-0.9970542947299872,
1.3099785464871865
],
[
0.0,
0.0,
0.0,
1.0
]
],
"at_element": 16,
"to_element": 19
},
{
"pose": [
[
0.14273557542435922,
0.11308331975002517,
-0.9832795728085633,
36.849904452316935
],
[
0.053266597859613185,
0.9911342784330471,
0.12171898647074413,
4.034641769550083
],
[
0.9883264769602904,
-0.06974958716233744,
0.1354465578371934,
1.307467561349297
],
[
0.0,
0.0,
0.0,
1.0
]
],
"at_element": 19,
"to_element": 16
},
{
"pose": [
[
0.9986385168795984,
0.03386593373228155,
-0.03967632968101671,
36.84371630094409
],
[
0.031214530810773626,
-0.9973550675878,
-0.06563933442074807,
3.9954583827394385
],
[
-0.04179432582037036,
0.06431148955961333,
-0.9970542947301542,
1.25677515359902
],
[
0.0,
0.0,
0.0,
1.0
]
],
"at_element": 16,
"to_element": 27
},
{
"pose": [
[
0.06173718183620802,
-0.03386593373494328,
0.9975177286199897,
36.84249712732971
],
[
-0.06213785967416522,
0.9973550675877122,
0.037706173927141096,
4.031363165173207
],
[
-0.9961563164353457,
-0.06431148955956854,
0.05946953452476966,
1.2544599399749405
],
[
0.0,
0.0,
0.0,
1.0
]
],
"at_element": 27,
"to_element": 16
},
{
"pose": [
[
-0.9949170295752132,
0.1006980846949635,
6.175615574477433e-16,
35.61260418564809
],
[
6.175615574477433e-16,
1.2323475573339238e-14,
-0.9999999999999999,
2.7920619643758693
],
[
-0.1006980846949635,
-0.9949170295752133,
-1.2212453270876722e-14,
0.07207447082321722
],
[
0.0,
0.0,
0.0,
1.0
]
],
"at_element": 20,
"to_element": 24
},
{
"pose": [
[
0.08838932129242161,
-0.10069808469507951,
0.9909829582894994,
35.608979054599004
],
[
0.9960458297840362,
8.970602038971265e-14,
-0.08884089694409208,
2.7920619643758684
],
[
0.008946108164774147,
0.9949170295752017,
0.10029990732778149,
0.10789148388857017
],
[
0.0,
0.0,
0.0,
1.0
]
],
"at_element": 24,
"to_element": 20
},
{
"pose": [
[
0.9955785652993618,
-0.08743160024022155,
-0.03433708776088077,
35.644037173368964
],
[
-0.08672919156005364,
-0.9960011519518999,
0.02144184324698949,
2.752780813773723
],
[
-0.036074473631695005,
-0.018369011675183806,
-0.9991802699024204,
0.11109709117409278
],
[
0.0,
0.0,
0.0,
1.0
]
],
"at_element": 23,
"to_element": 24
},
{
"pose": [
[
0.10153074272117624,
0.08743160008109763,
0.9909829582741297,
35.64718471097775
],
[
0.00943399630239461,
0.9960011519629507,
-0.08884089712650162,
2.7886368552429324
],
[
-0.994787669805096,
0.018369011833363542,
0.10029990731806804,
0.11175837560667243
],
[
0.0,
0.0,
0.0,
1.0
]
],
"at_element": 24,
"to_element": 23
},
{
"pose": [
[
-0.0040764617661497304,
-0.9999916911952164,
-1.1679546219056647e-13,
35.61260418564809
],
[
-1.1679546219056647e-13,
1.1723955140041653e-13,
-1.0,
3.8996486691366754
],
[
0.9999916911952164,
-0.004076461766149786,
-1.1723955140041653e-13,
0.07207447082321722
],
[
0.0,
0.0,
0.0,
1.0
]
],
"at_element": 20,
"to_element": 22
},
{
"pose": [
[
0.0002065564324106317,
0.9999916911952176,
0.004071225241733492,
35.64860388653171
],
[
0.998715424199413,
-2.384759056894836e-13,
-0.05067051870848374,
3.899648669136667
],
[
-0.050670097697034594,
0.004076461765882042,
-0.9987071260679201,
0.07222122344679684
],
[
0.0,
0.0,
0.0,
1.0
]
],
"at_element": 22,
"to_element": 20
},
{
"pose": [
[
0.9998344092233667,
0.017736382325420613,
0.004071225241588481,
35.64845610497238
],
[
0.01792000537578072,
-0.9985546414398612,
-0.050670518709034364,
3.901487960215499
],
[
0.0031666291688844865,
0.0507350845167042,
-0.9987071260678928,
0.10847333126349995
],
[
0.0,
0.0,
0.0,
1.0
]
],
"at_element": 22,
"to_element": 25
},
{
"pose": [
[
-0.12345677336492433,
-0.01773638229202292,
-0.9921914360916007,
35.64781759520865
],
[
0.048167557249944114,
0.9985546414389207,
-0.023843541879552017,
3.937435927308287
],
[
0.9911802618791876,
-0.050735084546887375,
-0.12242401585116025,
0.10664686822082486
],
[
0.0,
0.0,
0.0,
1.0
]
],
"at_element": 25,
"to_element": 22
},
{
"pose": [
[
0.03484832292038076,
-0.9989426437010449,
-0.029986480040245178,
35.64355334792917
],
[
-0.0045670235826565375,
0.02984521308105026,
-0.9995440988529429,
2.731700885825947
],
[
0.9993821774902893,
0.03496938449149284,
-0.003522138988427903,
1.1447390316569528
],
[
0.0,
0.0,
0.0,
1.0
]
],
"at_element": 21,
"to_element": 23
},
{
"pose": [
[
0.03057055601050418,
0.9989426437270952,
-0.03433708853019717,
35.679515282996476
],
[
0.9993245271693778,
-0.029845212968843127,
0.021441843683413262,
2.730626458163023
],
[
0.020394374295578204,
-0.03496938384310462,
-0.9991802698666172,
1.1434801338143201
],
[
0.0,
0.0,
0.0,
1.0
]
],
"at_element": 23,
"to_element": 21
},
{
"pose": [
[
-0.9986418836801445,
-0.039183575166124335,
-0.034337087776544595,
35.68076340041751
],
[
-0.03993378909868325,
0.998972241786327,
0.02144184293903056,
2.729847069478566
],
[
0.0334616294880469,
0.022783932443738785,
-0.9991802699084908,
1.1797992972148965
],
[
0.0,
0.0,
0.0,
1.0
]
],
"at_element": 23,
"to_element": 26
},
{
"pose": [
[
0.10420811401996477,
0.039183575244835976,
-0.9937833347382286,
35.68217400912352
],
[
0.026762431963354864,
-0.9989722417844882,
-0.03658185861161802,
2.6938840687730004
],
[
-0.9941953737610172,
-0.02278393238898604,
-0.10514966104122836,
1.1789790756456915
],
[
0.0,
0.0,
0.0,
1.0
]
],
"at_element": 26,
"to_element": 23
},
{
"pose": [
[
0.005700112298874682,
0.9995340513093504,
-0.029986480168523788,
35.68019827344399
],
[
0.00335266402147949,
-0.03000590106945511,
-0.9995440988495551,
3.953191999295813
],
[
-0.9999781339428074,
0.005596979017928105,
-0.003522138857793289,
1.1490432552736587
],
[
0.0,
0.0,
0.0,
1.0
]
],
"at_element": 21,
"to_element": 22
},
{
"pose": [
[
-0.030250709051395486,
-0.9995340513093699,
0.0040712252413548505,
35.644215047595836
],
[
-0.9982645663524844,
0.030005901068603458,
-0.05067051870809862,
3.9542722117343136
],
[
0.05052474806443294,
-0.005596979019006364,
-0.9987071260679414,
1.1488417640289772
],
[
0.0,
0.0,
0.0,
1.0
]
],
"at_element": 22,
"to_element": 21
},
{
"pose": [
[
-0.9977810034055148,
0.059446448591433984,
-0.029986480169400732,
35.68122597818446
],
[
0.03014278244147701,
0.001734105463666924,
-0.9995440988495338,
3.9874486443866854
],
[
-0.059367347168032124,
-0.9982299898460808,
-0.0035221388563584366,
1.149163966967099
],
[
0.0,
0.0,
0.0,
1.0
]
],
"at_element": 21,
"to_element": 27
},
{
"pose": [
[
-0.03774256006983223,
-0.05944644858573611,
0.9975177286193555,
35.67908590603514
],
[
0.9992873647381751,
-0.001734105466499436,
0.03770617393563247,
3.9873862165900738
],
[
-0.0005116971841004347,
0.9982299898464152,
0.059469534530020574,
1.1851002466020377
],
[
0.0,
0.0,
0.0,
1.0
]
],
"at_element": 27,
"to_element": 21
}
],
"contact_residues": [
2.375798617820127e-14,
3.1665105745241514e-14,
3.795156926305489e-14,
2.5692811468801502e-14,
3.7382763517621144e-14,
3.0896471397150405e-14,
3.83250947262582e-14,
3.3946842339616936e-14,
3.6448156534778996e-14,
3.058235079575482e-14,
2.2499999718537466e-06,
1.0445194326698038e-14,
8.895954314159856e-15,
2.2499999806978425e-06,
3.8110697658593106e-14,
3.915641618738008e-14,
3.816602229817382e-14,
3.9085968883361753e-14,
3.4721076405358345e-14,
3.4989168969634386e-14,
3.453683446976051e-14,
4.1532996732178e-14,
4.675384675795705e-14,
3.7118170759686695e-14,
3.235258733469498e-14,
3.1366873884650655e-14,
4.465321332408803e-14,
3.669302073711224e-14,
3.091816192590291e-14,
2.7681773629557972e-14,
3.3502495534970776e-14,
2.945716824780195e-14,
3.258978440758189e-14,
4.1544089046141706e-14,
3.2857793936779707e-14,
4.554608648614365e-14,
4.2627991581342505e-14,
3.859287486028098e-14,
3.867755277958676e-14,
3.1447216587795966e-14,
3.460837226086962e-14,
3.421162606501709e-14,
3.40999873732047e-14
],
"collision_dists": [
0.03,
0.03,
0.03,
0.03,
0.03,
0.03,
0.03,
0.03,
0.03,
0.03,
0.03,
0.03,
0.03,
0.03,
0.03,
0.03,
0.03,
0.03,
0.03,
0.03,
0.03,
0.03,
0.03,
0.03,
0.03,
0.03,
0.03,
0.03,
0.03,
0.03,
0.03,
0.03,
0.03,
0.03,
0.03,
0.03,
0.03,
0.03,
0.03,
0.03,
0.03,
0.03,
0.03,
0.03,
0.03,
0.03,
0.03,
0.03,
0.03,
0.03,
0.03,
0.03,
0.03,
0.03,
0.03,
0.03,
0.03,
0.03,
0.03,
0.03,
0.03,
0.03,
0.03,
0.03,
0.03,
0.03,
0.03,
0.03,
0.03,
0.03,
0.03,
0.03,
0.025,
0.025,
0.025,
0.025,
0.025,
0.025,
0.025,
0.025,
0.025,
0.025,
0.025,
0.025,
0.025,
0.025,
0.025,
0.025,
0.025,
0.025,
0.025,
0.025,
0.025,
0.025,
0.025,
0.025,
0.025,
0.025,
0.025,
0.025,
0.025,
0.025,
0.025,
0.025,
0.025,
0.025,
0.025,
0.025,
0.025,
0.025,
0.025,
0.025,
0.025,
0.025,
0.025,
0.025,
0.025,
0.025,
0.025,
0.025,
0.025,
0.025,
0.025,
0.025,
0.025,
0.025,
0.025,
0.025,
0.025,
0.025,
0.025,
0.025,
0.025,
0.025,
0.025,
0.025,
0.025,
0.025,
0.025,
0.025,
0.025,
0.025,
0.025,
0.025
],
"collision_id_pairs": [
[
0,
2
],
[
0,
3
],
[
0,
4
],
[
0,
6
],
[
0,
12
],
[
0,
14
],
[
1,
2
],
[
1,
3
],
[
1,
10
],
[
1,
11
],
[
1,
18
],
[
1,
19
],
[
2,
6
],
[
2,
11
],
[
2,
14
],
[
2,
19
],
[
3,
4
],
[
3,
10
],
[
3,
12
],
[
3,
18
],
[
4,
5
],
[
4,
9
],
[
4,
12
],
[
5,
6
],
[
5,
8
],
[
5,
9
],
[
6,
8
],
[
6,
14
],
[
7,
8
],
[
7,
9
],
[
7,
10
],
[
7,
11
],
[
8,
11
],
[
9,
10
],
[
10,
18
],
[
11,
19
],
[
12,
13
],
[
12,
17
],
[
12,
24
],
[
13,
14
],
[
13,
16
],
[
13,
17
],
[
13,
24
],
[
13,
25
],
[
14,
16
],
[
14,
25
],
[
15,
16
],
[
15,
17
],
[
15,
18
],
[
15,
19
],
[
15,
26
],
[
15,
27
],
[
16,
19
],
[
16,
25
],
[
16,
27
],
[
17,
18
],
[
17,
24
],
[
17,
26
],
[
18,
26
],
[
19,
27
],
[
20,
22
],
[
20,
23
],
[
20,
24
],
[
20,
25
],
[
21,
22
],
[
21,
23
],
[
21,
26
],
[
21,
27
],
[
22,
25
],
[
22,
27
],
[
23,
24
],
[
23,
26
]
],
"collision_t_pairs": [
[
[
0.10000000000046448,
0.8999999999995355
],
[
0.8999999999986038,
0.10000000000139617
]
],
[
[
0.8999999999994961,
0.10000000000050388
],
[
0.8999999999987844,
0.10000000000121563
]
],
[
[
0.9321639410259797,
0.06783605897402047
],
[
0.12462895855283669,
0.8753710414471633
]
],
[
[
0.07309357342955067,
0.9269064265704493
],
[
0.9252540728102481,
0.07474592718975182
]
],
[
[
0.8725795413117616,
0.1274204586882383
],
[
0.10000000000097682,
0.8999999999990231
]
],
[
[
