{
"contact_id_pairs": [
[
1,
2
],
[
1,
4
],
[
2,
6
],
[
2,
7
],
[
0,
3
],
[
0,
4
],
[
3,
5
],
[
3,
6
],
[
1,
9
],
[
1,
16
],
[
9,
16
],
[
9,
18
],
[
0,
8
],
[
0,
17
],
[
8,
17
],
[
8,
18
],
[
7,
15
],
[
7,
16
],
[
15,
16
],
[
15,
19
],
[
5,
13
],
[
5,
17
],
[
13,
17
],
[
13,
19
],
[
9,
10
],
[
9,
12
],
[
8,
11
],
[
8,
12
],
[
10,
14
],
[
10,
15
],
[
11,
13
],
[
11,
14
]
],
"contact_t_bound_pairs": [
[
[
0.1,
0.4
],
[
0.1,
0.4
]
],
[
[
0.1,
0.4
],
[
0.6,
0.9
]
],
[
[
0.6,
0.9
],
[
0.1,
0.4
]
],
[
[
0.6,
0.9
],
[
0.6,
0.9
]
],
[
[
0.6,
0.9
],
[
0.1,
0.4
]
],
[
[
0.6,
0.9
],
[
0.1,
0.4
]
],
[
[
0.6,
0.9
],
[
0.1,
0.4
]
],
[
[
0.6,
0.9
],
[
0.6,
0.9
]
],
[
[
0.6,
0.9
],
[
0.6,
0.9
]
],
[
[
0.6,
0.9
],
[
0.1,
0.4
]
],
[
[
0.6,
0.9
],
[
0.1,
0.4
]
],
[
[
0.6,
0.9
],
[
0.6,
0.9
]
],
[
[
0.1,
0.4
],
[
0.1,
0.4
]
],
[
[
0.1,
0.4
],
[
0.1,
0.4
]
],
[
[
0.1,
0.4
],
[
0.1,
0.4
]
],
[
[
0.1,
0.4
],
[
0.1,
0.4
]
],
[
[
0.1,
0.4
],
[
0.1,
0.4
]
],
[
[
0.1,
0.4
],
[
0.6,
0.9
]
],
[
[
0.1,
0.4
],
[
0.6,
0.9
]
],
[
[
0.1,
0.4
],
[
0.6,
0.9
]
],
[
[
0.6,
0.9
],
[
0.6,
0.9
]
],
[
[
0.6,
0.9
],
[
0.6,
0.9
]
],
[
[
0.6,
0.9
],
[
0.6,
0.9
]
],
[
[
0.6,
0.9
],
[
0.1,
0.4
]
],
[
[
0.1,
0.4
],
[
0.1,
0.4
]
],
[
[
0.1,
0.4
],
[
0.6,
0.9
]
],
[
[
0.6,
0.9
],
[
0.1,
0.4
]
],
[
[
0.6,
0.9
],
[
0.1,
0.4
]
],
[
[
0.6,
0.9
],
[
0.1,
0.4
]
],
[
[
0.6,
0.9
],
[
0.6,
0.9
]
],
[
[
0.6,
0.9
],
[
0.1,
0.4
]
],
[
[
0.6,
0.9
],
[
0.6,
0.9
]
]
],
"line_pt_pairs": [
[
[
-3.5515203521831107,
4.808889882653383,
0.7000000021059664
],
[
-6.214288673439168,
4.79865077877269,
0.8418246917618617
]
],
[
[
-6.21428867342875,
2.438466545664757,
0.8418246919278212
],
[
-3.5515203521803307,
2.428227442096372,
0.7000000021059662
]
],
[
[
-5.949484124458981,
2.53407528135626,
0.8937253946115662
],
[
-6.24948412440448,
2.234075281483268,
0.1
]
],
[
[
-5.949484124458981,
4.703042043517251,
0.8937253946115662
],
[
-6.24948412440448,
5.003042043390243,
0.1
]
],
[
[
-5.949484124561112,
5.125010511153393,
0.8000000014564895
],
[
-5.949484124561136,
2.1118778944988335,
0.8000000014567108
]
],
[
[
-6.376790681887284,
4.70918408995276,
0.3999999996133591
],
[
-3.827400086571889,
5.003042043390243,
0.0
]
],
[
[
-6.129347510074018,
2.0956269428776557,
0.3999999955186106
],
[
-6.129347511377948,
5.141490380952711,
0.39999999551861065
]
],
[
[
-3.827400086571889,
2.234075281483268,
0.0
],
[
-6.376790681887284,
2.527933234920751,
0.3999999996133591
]
],
[
[
-4.082334163912309,
4.815190907389601,
0.7409192874106143
],
[
-1.4179022383025537,
4.7612703975048625,
0.832839397979258
]
],
[
[
-1.417902238310471,
2.4758469274332295,
0.8328393979763177
],
[
-4.082334163907378,
2.4219264169125383,
0.7409192874082864
]
],
[
[
-1.7053160486978078,
2.5340752812959244,
0.8937253936172405
],
[
-1.4053160487392984,
2.234075281483268,
0.1
]
],
[
[
-1.7053160486978078,
4.703042043577587,
0.8937253936172405
],
[
-1.4053160487392984,
5.003042043390243,
0.1
]
],
[
[
-1.7053160446847166,
5.1125764691251385,
0.8589454565029709
],
[
-1.7053160446970783,
2.1290958795513495,
0.8589454564991057
]
],
[
[
-1.5332655211757242,
5.30304204008731,
0.39999999973094424
],
[
-4.127400086543136,
4.703042043532098,
0.2550169840894695
]
],
[
[
-1.525452661320502,
2.0956269433811268,
0.3999999955186099
],
[
-1.5254526612752497,
5.141490381456182,
0.3999999955186099
]
],
[
[
-4.127400086543136,
2.5340752813414134,
0.25501698420338315
],
[
-1.533265521169358,
1.9340752847862008,
0.39999999973094424
]
],
[
[
-3.7284472786794227,
2.4363761882675345,
0.948986750674716
],
[
-4.124534434645108,
2.2056376339500745,
-0.050950589138659165
]
],
[
[
-3.728447278705215,
4.800741135990531,
0.9489867505676829
],
[
-4.124534434637732,
5.031479690985826,
-0.05095058910241866
]
],
[
[
-3.5718001671178166,
5.12721041520199,
0.7945692250171679
],
[
-3.5717721496600783,
2.109366267402055,
0.7945701914103489
]
],
[
[
-3.6476054128001287,
5.131453695051731,
0.24576029439614386
],
[
-3.6475804211821354,
2.1057791817581766,
0.24576169128490113
]
]
],
"contact_t_pairs": [
[
0.10000000002185393,
0.10000000021702667
],
[
0.1000000000584921,
0.8919514066492857
],
[
0.6000000001752424,
0.10000000001674077
],
[
0.6000000005958663,
0.8999999999404235
],
[
0.8999999999781461,
0.10000000021702667
],
[
0.8999999999415079,
0.10797261965635929
],
[
0.6000000005958663,
0.10000000005957663
],
[
0.6000000001752424,
0.8999999999832593
],
[
0.8999999999774468,
0.8999999999777704
],
[
0.8999999999461856,
0.22464784413235372
],
[
0.8956724222880735,
0.19055336702334366
],
[
0.8079137342851576,
0.8929972777901369
],
[
0.10000000002255317,
0.10000000002222968
],
[
0.10000000005381439,
0.2246478441118794
],
[
0.10432757772597903,
0.19055336691259717
],
[
0.19207799881745388,
0.10682342614791052
],
[
0.10000000001121778,
0.10000000001083405
],
[
0.10000000003699862,
0.8999999998678861
],
[
0.10000000002123013,
0.6000000001321139
],
[
0.18418755677656337,
0.8949710007623464
],
[
0.8999999999887822,
0.899999999989166
],
[
0.8999999999630014,
0.8999999998678861
],
[
0.8999999999787699,
0.6000000001321139
],
[
0.8158200530594423,
0.10506869876274305
],
[
0.10000000002222968,
0.10000000023948451
],
[
0.10740472508778069,
0.885717462923708
],
[
0.8999999999777704,
0.10000000023948451
],
[
0.8925952749133634,
0.11580928535874639
],
[
0.6000000001752424,
0.10000000001674077
],
[
0.6451843732517687,
0.8999999999781062
],
[
0.6451843732995548,
0.10000000002189378
],
[
0.6000000001752424,
0.8999999999832593
]
],
"half_couplers": [
{
"pose": [
[
0.007257643467085018,
0.2248616495707773,
0.9743636719231755,
-5.948011841245716
],
[
0.39716400837806237,
-0.8948873038109078,
0.20356194125404364,
2.4374426353076943
],
[
0.9177189531988402,
0.3855048015658861,
-0.0958017270683138,
0.8276422229425362
],
[
0.0,
0.0,
0.0,
1.0
]
],
"at_element": 1,
"to_element": 2
},
{
"pose": [
[
-0.84393990254094,
-0.42030266489918894,
-0.33333333283341,
-5.979484124518638
],
[
-0.31151363501871326,
0.8898584968104498,
-0.33333333294417844,
2.504075281303853
],
[
0.43672038662812235,
-0.1774754223347185,
-0.8819171040242368,
0.8143528549781499
],
[
0.0,
0.0,
0.0,
1.0
]
],
"at_element": 2,
"to_element": 1
},
{
"pose": [
[
0.0038343782384078207,
0.053186734409973235,
0.9985772222649223,
-5.9480118411481575
],
[
0.9999926278900411,
9.211414964127584e-10,
-0.003839813220699595,
2.43744263530732
],
[
-0.00020422804578418274,
0.9985845839400902,
-0.05318634230798702,
0.82764222293734
],
[
0.0,
0.0,
0.0,
1.0
]
],
"at_element": 1,
"to_element": 4
},
{
"pose": [
[
-0.9985845838882277,
-0.0531867353836954,
-1.0285522433761685e-13,
-5.949484124561133
],
[
-8.305162113586562e-14,
3.49309470237813e-12,
-1.0,
2.4374426353075154
],
[
0.0531867353836954,
-0.9985845838882277,
-3.4925395908658174e-12,
0.8000000014566868
],
[
0.0,
0.0,
0.0,
1.0
]
],
"at_element": 4,
"to_element": 1
},
{
"pose": [
[
0.9428049763323549,
-0.002768717882651525,
-0.3333333328730177,
-6.129484124478854
],
[
-0.12059762376123036,
-0.9350642236715632,
-0.33333333279562943,
2.354075281379892
],
[
-0.3107651681673679,
0.3544675328020655,
-0.881917104065413,
0.4174901577055322
],
[
0.0,
0.0,
0.0,
1.0
]
],
"at_element": 2,
"to_element": 6
},
{
"pose": [
[
0.9999956669297797,
0.002851446559224813,
-0.0007316926848392937,
-6.129347510204411
],
[
-0.0007316916754071786,
0.48150183082691866,
0.8764447795141561,
2.400213286736151
],
[
0.0028514468182489735,
-0.8764404464439357,
0.48150183082538467,
0.3999999955186106
],
[
0.0,
0.0,
0.0,
1.0
]
],
"at_element": 6,
"to_element": 2
},
{
"pose": [
[
0.9415334236119272,
-0.049027557727108324,
-0.3333333328740442,
-6.129484124605041
],
[
-0.16633469942957305,
-0.9280202891808467,
-0.33333333261822434,
2.3540752812537047
],
[
-0.29299757676007643,
0.369289373597472,
-0.8819171041320779,
0.4174901573716723
],
[
0.0,
0.0,
0.0,
1.0
]
],
"at_element": 2,
"to_element": 7
},
{
"pose": [
[
0.18470513316180293,
0.04902755760952496,
-0.9815703298177495,
-6.121851622203861
],
[
0.35493282533935533,
0.9280202893225872,
0.11314164618850273,
2.4985474395594953
],
[
0.9164642400444786,
-0.3692893732568897,
0.15400862157434658,
0.35999999962819257
],
[
0.0,
0.0,
0.0,
1.0
]
],
"at_element": 7,
"to_element": 2
},
{
"pose": [
[
0.00725764319262634,
0.2248616506221729,
-0.9743636716825809,
-5.94801184125537
],
[
-0.39716400857418466,
0.8948873034847811,
0.20356194230509356,
4.799674689160984
],
[
0.9177189531161342,
0.38550480170966633,
0.09580172728201408,
0.8276422227931727
],
[
0.0,
0.0,
0.0,
1.0
]
],
"at_element": 0,
"to_element": 3
},
{
"pose": [
[
0.8439399015126756,
-0.42030266696387525,
-0.3333333328334106,
-5.979484124518638
],
[
-0.3115136371957397,
-0.8898584960483369,
0.33333333294417616,
4.733042043569657
],
[
-0.4367203870623131,
-0.17747542126628607,
-0.8819171040242375,
0.8143528549781499
],
[
0.0,
0.0,
0.0,
1.0
]
],
"at_element": 3,
"to_element": 0
},
{
"pose": [
[
0.0038343783553256294,
0.05318673434777821,
-0.9985772222677858,
-5.948011841157811
],
[
-0.9999926278895913,
-9.217664409533199e-10,
-0.003839813337803477,
4.799674689161358
],
[
-0.00020422805239805886,
0.9985845839434027,
0.053186342245766016,
0.8276422227879765
],
[
0.0,
0.0,
0.0,
1.0
]
],
"at_element": 0,
"to_element": 4
},
{
"pose": [
[
-0.9985845838915393,
-0.05318673532152656,
7.688641390224404e-14,
-5.949484124561114
],
[
9.669348655094723e-14,
-3.261169112533935e-12,
-1.0,
4.799674689161179
],
[
0.053186735321526554,
-0.9985845838915389,
3.2615021794413224e-12,
0.8000000014565134
],
[
0.0,
0.0,
0.0,
1.0
]
],
"at_element": 4,
"to_element": 0
},
{
"pose": [
[
-0.9415334236119273,
-0.04902755772711367,
-0.3333333328740442,
-6.129484124605041
],
[
-0.16633469942957788,
0.928020289180846,
0.33333333261822307,
4.883042043619806
],
[
0.29299757676007465,
0.36928937359747227,
-0.8819171041320784,
0.4174901573716723
],
[
0.0,
0.0,
0.0,
1.0
]
],
"at_element": 3,
"to_element": 5
},
{
"pose": [
[
0.18470513316180326,
0.04902755760952823,
0.9815703298177492,
-6.12185162220386
],
[
-0.35493282533935155,
-0.9280202893225882,
0.11314164618850533,
4.738569885314015
],
[
0.9164642400444798,
-0.3692893732568864,
-0.15400862157434614,
0.3599999996281925
],
[
0.0,
0.0,
0.0,
1.0
]
],
"at_element": 5,
"to_element": 3
},
{
"pose": [
[
-0.9428049763945994,
-0.0027686966870102345,
-0.3333333328730177,
-6.129484124478854
],
[
-0.12059760273961287,
0.9350642263827742,
0.3333333327956303,
4.883042043493619
],
[
0.3107651761363187,
0.35446752581560875,
-0.8819171040654123,
0.4174901577055322
],
[
0.0,
0.0,
0.0,
1.0
]
],
"at_element": 3,
"to_element": 6
},
{
"pose": [
[
0.9999956669982164,
0.00285142429921806,
0.0007316859013200712,
-6.1293475112475555
],
[
0.000731686910752187,
-0.4815018333696859,
0.8764447781211866,
4.836904037094216
],
[
0.002851424040193898,
-0.876440445119403,
-0.48150183337121977,
0.39999999551861065
],
[
0.0,
0.0,
0.0,
1.0
]
],
"at_element": 6,
"to_element": 3
},
{
"pose": [
[
-0.006682064474614169,
-0.05290445247631165,
0.9985772223130963,
-3.8177971843652267
],
[
-0.9985527045945259,
0.05364468262486288,
-0.003839814192822477,
2.4292513524534414
],
[
-0.05336521489992119,
-0.9971576439732384,
-0.05318634133333311,
0.7141824710913502
],
[
0.0,
0.0,
0.0,
1.0
]
],
"at_element": 1,
"to_element": 9
},
{
"pose": [
[
0.06333878600085985,
0.012593333941858964,
-0.9979126244958354,
-3.8158909712884577
],
[
-0.9930306383234586,
-0.0987866475422301,
-0.06427557559657898,
2.427318467965806
],
[
-0.09938988650180508,
0.9950289474219309,
0.006248540114485168,
0.7501112984671329
],
[
0.0,
0.0,
0.0,
1.0
]
],
"at_element": 9,
"to_element": 1
},
{
"pose": [
[
-0.05271145604723859,
-0.008064333926863121,
0.9985772223116729,
-3.8177971844484677
],
[
-0.22191654777639386,
0.9750581016820834,
-0.0038398134250812316,
2.4292513524537616
],
[
-0.9736398452325108,
-0.2218032120201328,
-0.053186341415484506,
0.7141824710957839
],
[
0.0,
0.0,
0.0,
1.0
]
],
"at_element": 1,
"to_element": 16
},
{
"pose": [
[
0.9328868701867696,
0.00806433497267836,
-0.3600792328565779,
-3.8174274043556293
],
[
-0.0725359768996628,
-0.9750581012239581,
-0.2097623209557451,
2.3845412694819013
],
[
-0.3527897667001479,
0.22180321399605074,
-0.9090339458857832,
0.7243529830182005
],
[
0.0,
0.0,
0.0,
1.0
]
],
"at_element": 16,
"to_element": 1
},
{
"pose": [
[
-0.03807608253334327,
-0.01213988956470173,
-0.9992010983882429,
-3.8043604351315286
],
[
0.21966537249822904,
0.9753656934515971,
-0.02022098323275716,
2.4275518131641527
],
[
0.9748319527303815,
-0.22025981730456878,
-0.03447139128073684,
0.7505090898868615
],
[
0.0,
0.0,
0.0,
1.0
]
],
"at_element": 9,
"to_element": 16
},
{
"pose": [
[
0.9328427354970861,
0.012139889539594943,
-0.3600792328256102,
-3.803923019883384
],
[
-0.06827541434200667,
-0.9753656934568848,
-0.2097623222215981,
2.3924081798402437
],
[
-0.3537554220457135,
0.2202598172825372,
-0.9090339456059506,
0.758445323760912
],
[
0.0,
0.0,
0.0,
1.0
]
],
"at_element": 16,
"to_element": 9
},
{
"pose": [
[
-0.020208960700658807,
0.034478440911685726,
-0.9992010983879566,
-3.570533385068061
],
[
0.9997955350152391,
5.952882631277134e-11,
-0.020220983249880142,
2.4322838064238956
],
[
-0.0006971879166757233,
-0.9994054418064271,
-0.034471391278993124,
0.7585758781913949
],
[
0.0,
0.0,
0.0,
1.0
]
],
"at_element": 9,
"to_element": 18
},
{
"pose": [
[
0.9994054417633059,
-0.03447844091167552,
9.283931298165876e-06,
-3.571775147604326
],
[
9.289452365841833e-06,
-5.952527359909254e-11,
-0.9999999999568531,
2.432283806421752
],
[
0.03447844091018844,
0.9994054418064272,
3.2022634455231014e-07,
0.7945700880036478
],
[
0.0,
0.0,
0.0,
1.0
]
],
"at_element": 18,
"to_element": 9
},
{
"pose": [
[
-0.006682064069312155,
-0.05290445247344855,
-0.99857722231596,
-3.8177971843687706
],
[
0.9985527051200831,
-0.053644672833652596,
-0.0038398143099269144,
4.807865972265083
],
[
-0.053365205116611025,
-0.9971576445001336,
0.05318634127111066,
0.7141824710747545
],
[
0.0,
0.0,
0.0,
1.0
]
],
"at_element": 0,
"to_element": 8
},
{
"pose": [
[
0.06333878597459708,
0.012593333831962816,
0.9979126244988892,
-3.815890971292104
],
[
0.9930306392877548,
0.09878663791231757,
-0.06427557549904817,
4.809798856399929
],
[
-0.09938987688400353,
0.9950289483793814,
-0.0062485406300401,
0.7501112984695221
],
[
0.0,
0.0,
0.0,
1.0
]
],
"at_element": 8,
"to_element": 0
},
{
"pose": [
[
-0.052711455997400236,
-0.008064333917504315,
-0.9985772223143792,
-3.8177971844520115
],
[
0.2219165499681261,
-0.9750581011827961,
-0.0038398135428596714,
4.8078659722647625
],
[
-0.9736398447356591,
-0.22180321421536417,
0.053186341356169176,
0.7141824710791881
],
[
0.0,
0.0,
0.0,
1.0
]
],
"at_element": 0,
"to_element": 17
},
{
"pose": [
[
-0.9328868701991924,
0.008064334881984873,
-0.3600792328264246,
-3.8174274043658603
],
[
-0.07253597722591473,
0.9750581010671228,
0.20976232157195968,
4.8525760549237145
],
[
0.3527897666002189,
0.22180321468880437,
-0.9090339457555341,
0.7243529829638266
],
[
0.0,
0.0,
0.0,
1.0
]
],
"at_element": 17,
"to_element": 0
},
{
"pose": [
[
-0.03807608249134442,
-0.012139889300913143,
0.9992010983930484,
-3.8043604350976774
],
[
-0.2196653732994174,
-0.9753656932761021,
-0.02022098299432916,
4.8095655112035764
],
[
0.9748319525514848,
-0.220259818096245,
0.03447139128130916,
0.7505090898905451
],
[
0.0,
0.0,
0.0,
1.0
]
],
"at_element": 8,
"to_element": 17
},
{
"pose": [
[
-0.9328427355121414,
0.012139889277095643,
-0.3600792327954569,
-3.803923019858991
],
[
-0.06827541484863364,
0.975365693288899,
0.20976232283780713,
4.844709144521432
],
[
0.353755421908233,
0.22025981804088848,
-0.9090339454757026,
0.7584453237919196
],
[
0.0,
0.0,
0.0,
1.0
]
],
"at_element": 17,
"to_element": 8
},
{
"pose": [
[
-0.020208960458196756,
0.03447844091416957,
0.9992010983927746,
-3.5705554116558518
],
[
-0.9997955350200627,
5.952771608974672e-11,
-0.020220983011382032,
4.804833963755724
],
[
-0.0006971880274646569,
-0.9994054418063414,
0.03447139127923671,
0.7585751182997185
],
[
0.0,
0.0,
0.0,
1.0
]
],
"at_element": 8,
"to_element": 18
},
{
"pose": [
[
0.9994054417632198,
-0.034478440914173146,
9.283931298273429e-06,
-3.571797174196989
],
[
9.28945236573775e-06,
-5.953171289263537e-11,
-0.9999999999568533,
4.8048339637535795
],
[
0.03447844091268606,
0.9994054418063413,
3.202263382240389e-07,
0.7945693282505985
],
[
0.0,
0.0,
0.0,
1.0
]
],
"at_element": 18,
"to_element": 8
},
{
"pose": [
[
0.11844724932218242,
-0.37488816602057495,
-0.9194721921329316,
-4.0823391461320275
],
[
0.8041151942859945,
-0.5070495456878052,
0.3103216275675729,
2.2634610768303127
],
[
-0.5825538631289007,
-0.7761183036081034,
0.24139464649837206,
0.03999999996582302
],
[
0.0,
0.0,
0.0,
1.0
]
],
"at_element": 7,
"to_element": 15
},
{
"pose": [
[
0.17663931427144242,
0.42102907677905516,
0.8896814425176526,
-3.867986629977653
],
[
0.413202794914495,
0.7886684174377913,
-0.4552642942412897,
2.4740752816793914
],
[
-0.8933431607890466,
0.4480364313789073,
-0.03466054282162001,
0.26951528575771
],
[
0.0,
0.0,
0.0,
1.0
]
],
"at_element": 15,
"to_element": 7
},
{
"pose": [
[
0.17708016214847755,
0.07184917201450788,
-0.981570329958225,
-4.082339146197753
],
[
0.2355033239687853,
0.9652653276025969,
0.11314164453420644,
2.2634610768378884
],
[
0.9556049395922577,
-0.251198216174162,
0.1540086218943496,
0.039999999976135354
],
[
0.0,
0.0,
0.0,
1.0
]
],
"at_element": 7,
"to_element": 16
},
{
"pose": [
[
0.9301508708209321,
-0.07184917202587787,
-0.36007923293388844,
-4.084925718996211
],
[
-0.15576459438884793,
-0.9652653296479925,
-0.20976232863512456,
2.228711489412304
],
[
-0.3325007498426723,
0.2511982083111823,
-0.9090339440831197,
0.04904314497478394
],
[
0.0,
0.0,
0.0,
1.0
]
],
"at_element": 16,
"to_element": 7
},
{
"pose": [
[
-0.10756184080349018,
0.33447427317192113,
0.9362464477844923,
-3.8679866299506847
],
[
-0.47484127990014524,
0.8100756002979361,
-0.34395243959700367,
2.4740752816731537
],
[
-0.8734736454557499,
-0.48156461911985765,
0.07168896920858736,
0.2695152857592173
],
[
0.0,
0.0,
0.0,
1.0
]
],
"at_element": 15,
"to_element": 16
},
{
"pose": [
[
0.8157313045499182,
-0.4526868507924435,
-0.36007923280426585,
-3.9660995723111623
],
[
-0.5436026833876784,
-0.8127089828756882,
-0.20976232208592688,
2.297933055646575
],
[
-0.19768298204702456,
0.3668497298251487,
-0.9090339456457119,
0.34902434665458537
],
[
0.0,
0.0,
0.0,
1.0
]
],
"at_element": 16,
"to_element": 15
},
{
"pose": [
[
0.22465821684823895,
-0.05580169789402151,
0.972838556038315,
-3.6495927789973077
],
[
0.9743567291508537,
4.6638581885360963e-11,
-0.22500880951298308,
2.423562747909962
],
[
0.012555873566565123,
0.9984418713736641,
0.05437075985156059,
0.28172105160750316
],
[
0.0,
0.0,
0.0,
1.0
]
],
"at_element": 15,
"to_element": 19
},
{
"pose": [
[
-0.9984418713394883,
0.055801697894204874,
8.259850100229837e-06,
-3.647583046026763
],
[
-8.272742673415961e-06,
-4.6163739497728784e-11,
-0.999999999965781,
2.4235627479082735
],
[
-0.055801697892295,
-0.9984418713736539,
4.616791789979757e-07,
0.2457615445710729
],
[
0.0,
0.0,
0.0,
1.0
]
],
"at_element": 19,
"to_element": 15
},
{
"pose": [
[
-0.02207696990893626,
-0.3951739353171011,
0.9183409869137037,
-4.0823391461320275
],
[
-0.5243187297041578,
0.7866824804191923,
0.3259149347343955,
4.973656248043198
],
[
-0.8512358527934888,
-0.4743081654868516,
-0.22456466122575747,
0.03999999996582302
],
[
0.0,
0.0,
0.0,
1.0
]
],
"at_element": 5,
"to_element": 13
},
{
"pose": [
[
0.176639314228072,
0.4210290768444909,
-0.8896814424952969,
-3.86798662997829
],
[
-0.41320279466638893,
-0.7886684175398697,
-0.4552642942896404,
4.763042043194119
],
[
-0.89334316091238,
0.4480364311377301,
0.034660542760372004,
0.26951528565518773
],
[
0.0,
0.0,
0.0,
1.0
]
],
"at_element": 13,
"to_element": 5
},
{
"pose": [
[
0.17708016219424072,
0.0718491719017209,
0.9815703299582249,
-4.082339146197753
],
[
-0.23550332458359108,
-0.965265327452598,
0.1131416445342071,
4.973656248035622
],
[
0.955604939432262,
-0.25119821678281495,
-0.15400862189434972,
0.03999999997613535
],
[
0.0,
0.0,
0.0,
1.0
]
],
"at_element": 5,
"to_element": 17
},
{
"pose": [
[
-0.9301508708413171,
-0.07184917191309162,
-0.3600792329037351,
-4.084925718992151
],
[
-0.15576459448855187,
0.9652653294979935,
0.20976232925133875,
5.008405835455813
],
[
0.3325007497389386,
0.25119820891983496,
-0.9090339439528705,
0.04904314499669706
],
[
0.0,
0.0,
0.0,
1.0
]
],
"at_element": 17,
"to_element": 5
},
{
"pose": [
[
-0.10756184108573086,
0.3344742732927992,
-0.9362464477088831,
-3.867986629951321
],
[
0.4748412806247717,
-0.8100755997968618,
-0.3439524397767548,
4.7630420432003575
],
[
-0.8734736450270696,
-0.48156461987879595,
-0.07168896933361468,
0.26951528565669497
],
[
0.0,
0.0,
0.0,
1.0
]
],
"at_element": 13,
"to_element": 17
},
{
"pose": [
[
-0.8157313043905274,
-0.4526868511036467,
-0.36007923277411236,
-3.966099572317053
],
[
-0.5436026838196095,
0.8127089824277328,
0.2097623227021399,
4.939184269018192
],
[
0.19768298151698893,
0.36684973043351676,
-0.909033945515463,
0.3490243466335164
],
[
0.0,
0.0,
0.0,
1.0
]
],
"at_element": 17,
"to_element": 13
},
{
"pose": [
[
0.22465821684273535,
-0.05580169795862122,
-0.9728385560358808,
-3.6496125199370995
],
[
-0.9743567291507963,
4.4212189465042684e-11,
-0.22500880951323193,
4.813550011061971
],
[
0.012555873669497675,
0.9984418713700538,
-0.05437075989409035,
0.2817199482175984
],
[
0.0,
0.0,
0.0,
1.0
]
],
"at_element": 13,
"to_element": 19
},
{
"pose": [
[
-0.998441871335884,
0.055801697958691346,
8.259850138435387e-06,
-3.6476027869633465
],
[
-8.272742635206942e-06,
-4.4794834508365966e-11,
-0.9999999999657808,
4.813550011060381
],
[
-0.05580169795678149,
-0.9984418713700497,
4.616778108701425e-07,
0.2457604411654279
],
[
0.0,
0.0,
0.0,
1.0
]
],
"at_element": 19,
"to_element": 13
},
{
"pose": [
[
0.014683626807768246,
-0.12398256959159915,
-0.9921757473055035,
-1.684345430929391
],
[
-0.38942090690359554,
-0.914643320087078,
0.10853089093188231,
2.4704548763799616
],
[
-0.9209428583631838,
0.3847803522239035,
-0.06171168586497533,
0.8236473869174713
],
[
0.0,
0.0,
0.0,
1.0
]
],
"at_element": 9,
"to_element": 10
},
{
"pose": [
[
-0.9088944649974855,
0.2505987638352697,
0.33333333325842085,
-1.6753160486301115
],
[
0.13502144512231842,
0.9330906164961116,
-0.3333333328126474,
2.5040752812428133
],
[
-0.39456312657674375,
-0.25795767282858856,
-0.881917103913312,
0.8143528540654315
],
[
0.0,
0.0,
0.0,
1.0
]
],
"at_element": 10,
"to_element": 9
},
{
"pose": [
[
-0.020208960171019363,
0.03447844111342596,
-0.9992010983917072,
-1.704074816794313
],
[
0.9997955350101655,
-2.2573446001317166e-08,
-0.020220983500720602,
2.470055609824162
],
[
-0.0006972105442971666,
-0.9994054417994669,
-0.03447139102312846,
0.8229667437707199
],
[
0.0,
0.0,
0.0,
1.0
]
],
"at_element": 9,
"to_element": 12
},
{
"pose": [
[
0.9994054418149023,
-0.03447844066601527,
-2.009181501727575e-10,
-1.7053160446956657
],
[
1.9258920153086834e-10,
1.1409821309982249e-08,
-0.9999999999999999,
2.4700556106457134
],
[
0.03447844066601527,
0.9994054418149022,
1.1409677647122862e-08,
0.8589454564995475
],
[
0.0,
0.0,
0.0,
1.0
]
],
"at_element": 12,
"to_element": 9
},
{
"pose": [
[
0.014683626747476475,
-0.12398256960120096,
0.992175747305196,
-1.6843454309227586
],
[
0.3894209067737158,
0.9146433201375374,
0.10853089097265903,
4.766662448494534
],
[
-0.9209428584190649,
0.38478035210086503,
0.061711685798207294,
0.8236473869203502
],
[
0.0,
0.0,
0.0,
1.0
]
],
"at_element": 8,
"to_element": 11
},
{
"pose": [
[
0.9088944650482363,
0.2505987636512021,
0.3333333332584206,
-1.6753160486301115
],
[
0.13502144493335017,
-0.9330906165234556,
0.33333333281264876,
4.733042043630698
],
[
0.39456312652450265,
-0.25795767290849625,
-0.8819171039133116,
0.8143528540654315
],
[
0.0,
0.0,
0.0,
1.0
]
],
"at_element": 11,
"to_element": 8
},
{
"pose": [
[
-0.020208959331120546,
0.03447844114129961,
0.9992010984077324,
-1.704074816784727
],
[
-0.9997955350256614,
2.4724765901318335e-08,
-0.020220982734544646,
4.767061715045564
],
[
-0.0006972126680455104,
-0.9994054417985051,
0.03447139100805463,
0.8229667437736996
],
[
0.0,
0.0,
0.0,
1.0
]
],
"at_element": 8,
"to_element": 12
},
{
"pose": [
[
0.9994054418007804,
-0.03447844107535977,
2.0676768630600861e-10,
-1.7053160446861482
],
[
-2.1509662800900387e-10,
-1.223188794696739e-08,
-1.0,
4.767061714164907
],
[
0.03447844107535977,
0.9994054418007803,
-1.2232031609826777e-08,
0.8589454565025234
],
[
0.0,
0.0,
0.0,
1.0
]
],
"at_element": 12,
"to_element": 8
},
{
"pose": [
[
0.9428049763073354,
0.002768684856917121,
0.33333333321809855,
-1.5253160486701294
],
[
0.12059759123708841,
-0.9350642277723211,
-0.33333333305921503,
2.354075281355758
],
[
0.3107651808648082,
0.35446752224247075,
-0.8819171038353588,
0.4174901573078019
],
[
0.0,
0.0,
0.0,
1.0
]
],
"at_element": 10,
"to_element": 14
},
{
"pose": [
[
0.9999956670341366,
-0.002851412345641486,
0.0007316833928481931,
-1.5254526613159767
],
[
0.0007316833578163578,
0.4815018346729364,
0.876444777408172,
2.4002132872396222
],
[
-0.0028514123546307894,
-0.8764404444423085,
0.4815018346728831,
0.3999999955186099
],
[
0.0,
0.0,
0.0,
1.0
]
],
"at_element": 14,
"to_element": 10
},
{
"pose": [
[
-0.6943447633175224,
0.6335107716660876,
0.34139339747067715,
-1.5117607367490464
],
[
0.5513519314495136,
0.773176299804541,
-0.3133838813778551,
2.340519969441265
],
[
-0.4624893483534777,
-0.029368547863264094,
-0.8861383024426708,
0.38162617300228774
],
[
0.0,
0.0,
0.0,
1.0
]
],
"at_element": 10,
"to_element": 15
},
{
"pose": [
[
0.053476483350166526,
-0.4435634566642091,
0.8946461454902702,
-1.7926789777635312
],
[
0.22775882057919533,
-0.8668945312037692,
-0.44341830297967133,
1.9940752844548584
],
[
0.9722480061058872,
0.22747600242903862,
0.05466701877760238,
0.3855016981750139
],
[
0.0,
0.0,
0.0,
1.0
]
],
"at_element": 15,
"to_element": 10
},
{
"pose": [
[
0.6943447632927872,
0.6335107717011726,
0.34139339745587927,
-1.5117607367347103
],
[
0.5513519314693055,
-0.7731762997750331,
0.3133838814158354,
4.896597355446582
],
[
0.4624893483670186,
-0.029368547883285717,
-0.8861383024349403,
0.38162617296435875
],
[
0.0,
0.0,
0.0,
1.0
]
],
"at_element": 11,
"to_element": 13
},
{
"pose": [
[
-0.14246620960997491,
-0.4236011216542762,
-0.8945755802907911,
-1.7926789777692609
],
[
0.16368869348863443,
0.8812668570370321,
-0.4433674980330145,
5.243042040418652
],
[
0.9761707794967798,
-0.20959679487365818,
-0.05621203461305302,
0.38550169816362256
],
[
0.0,
0.0,
0.0,
1.0
]
],
"at_element": 13,
"to_element": 11
},
{
"pose": [
[
-0.9428049763094954,
0.002768684121333992,
0.33333333321809866,
-1.5253160486701294
],
[
0.12059759050754323,
0.9350642278664136,
0.3333333330592107,
4.8830420435177535
],
[
-0.310765181141367,
0.35446752200000503,
-0.8819171038353599,
0.4174901573078019
],
[
0.0,
0.0,
0.0,
1.0
]
],
"at_element": 11,
"to_element": 14
},
{
"pose": [
[
0.9999956670365117,
-0.002851411573120931,
-0.0007316831574300296,
-1.525452661279775
],
[
-0.0007316831924618643,
-0.4815018347611848,
0.8764447773598281,
4.836904037597686
],
[
-0.0028514115641316267,
-0.8764404443963396,
-0.4815018347612381,
0.3999999955186099
],
[
0.0,
0.0,
0.0,
1.0
]
],
"at_element": 14,
"to_element": 11
}
],
"contact_residues": [
2.24984001137184e-06,
1.5998867054073826e-10,
2.249840011355252e-06,
2.2498400113766667e-06,
2.249840011371835e-06,
1.599886705397264e-10,
2.2498400113766663e-06,
2.2498400113552524e-06,
2.2497858988480192e-06,
2.2498400113459516e-06,
2.2497515154587565e-06,
1.1251142049447135e-06,
2.2497858988501178e-06,
2.2498400113459545e-06,
2.249751515460008e-06,
1.1251241965919517e-06,
2.2498400113776022e-06,
2.6757371852183416e-09,
2.249840011377214e-06,
1.1251729160094716e-06,
2.2498400113776027e-06,
2.6757376294892533e-09,
2.2498400113772173e-06,
1.1251740608187335e-06,
2.2495704325605998e-06,
8.422382121018122e-09,
2.2495704325782727e-06,
8.422380871320664e-09,
2.249840011355252e-06,
2.2498400113776484e-06,
2.2498400113776535e-06,
2.249840011355252e-06
],
"collision_dists": [
0.1,
0.1,
0.1,
0.1,
0.1,
0.1,
0.1,
0.025,
0.025,
0.025,
0.025,
0.025,
0.025,
0.025
],
"collision_id_pairs": [
[
0,
5
],
[
1,
7
],
[
4,
6
],
[
8,
13
],
[
9,
15
],
[
12,
14
],
[
18,
19
]
],
"collision_t_pairs": [
[
[
0.9999999968882957,
3.0952067405269327e-09
],
[
0.03911232079422271,
0.9608876792057772
]
],
[
[
3.095206817345831e-09,
0.9999999968882957
],
[
0.960887679209433,
0.0391123207905671
]
],
[
[
0.5887726623080098,
0.4112273376919901
],
[
0.4121437095060786,
0.5878562904939215
]
],
[
[
0.20563332516352104,
0.7943666748364789
],
[
0.7648498846844461,
0.23515011531555383
]
],
[
[
0.7943666743744424,
0.20563332562555767
],
[
0.23515011579153047,
0.7648498842084694
]
],
[
[
0.497182805916365,
0.5028171940836351
],
[
0.5035072339892223,
0.49649276601077774
]
],
[
[
0.4974481964109701,
0.50255180358903
],
[
0.497563528771664,
0.5024364712283361
]
]
],
"collision_dual_t_pairs": [
[
[
1.60000000238891e-10,
0.10311160480358521
],
[
4.090782824034322e-09,
1.6651269764313546e-10
]
],
[
[
0.10311160461923018,
1.6000000024413423e-10
],
[
1.6651269763524788e-10,
4.090782837117236e-09
]
],
[
[
2.7175394638086374e-10,
3.8907410440994577e-10
],
[
3.8820919512888955e-10,
2.7217750192076934e-10
]
],
[
[
7.780840220524368e-10,
2.0141831708021053e-10
],
[
2.0919137460873292e-10,
6.804164390702375e-10
]
],
[
[
2.014183173521468e-10,
7.780840179951036e-10
],
[
6.804164359468613e-10,
2.0919137490452258e-10
]
],
[
[
3.2181322059724086e-10,
3.1820709772984865e-10
],
[
3.177710055029184e-10,
3.2226048584263226e-10
]
],
[
[
3.216415321257874e-10,
3.1837513830836705e-10
],
[
3.2156697746964783e-10,
3.184482200956877e-10
]
]
],
"clamp_dist": 0.024,
"clamp_gap": 0.016,
"radius": [
0.01,
0.01,
0.01,
0.01,
0.01,
0.01,
0.01,
0.01,
0.01,
0.01,
0.01,
0.01,
0.01,
0.01,
0.01,
0.01,
0.01,
0.01,
0.01,
0.01
],
"boundary_vertices": [
false,
false,
false,
false,
false,
true,
false,
true,
false,
false,
false,
true,
false,
false,
true,
false,
false,
false,
false,
false,
false,
true,
false,
true,
false,
false,
false,
false,
false,
false,
false,
false,
false,
false,
false,
false,
false,
false,
false,
false
],
"nstatus": -200,
"config": {
"weights": [
1.0,
10.0,
0.0
],
"shape_deviation": 0.3,
"length_deviation_ratio": 0.1
}
}