{
"line_pt_pairs": [
[
[
0.3860863539280359,
-0.1032347187369913,
0.4691573571306503
],
[
0.3860863539280359,
-0.1032347187369913,
-0.13084264286934955
]
],
[
[
0.360189694502655,
-0.16842373298240354,
0.39928820080784366
],
[
0.3111376607662634,
-0.1036500811509423,
-0.19518490372653347
]
],
[
[
-0.22263051874408335,
-0.3427779470178416,
0.4546903589897366
],
[
-0.1797031800669845,
-0.38171992618933803,
-0.1425037182182582
]
],
[
[
-0.1689319321624078,
0.4897901270177079,
0.42400540914151297
],
[
-0.18899660898491163,
0.45942927548786633,
-0.17488993016109966
]
],
[
[
-0.3414099430450662,
-0.4872384406235272,
0.30875115415347043
],
[
0.5829902442931061,
-0.10962891107754819,
0.3625594885006347
]
],
[
[
0.497975466707129,
-0.1535776189936458,
0.3213364461684701
],
[
-0.2532777375563025,
0.506119031631376,
0.3008681233731147
]
],
[
[
-0.24900279074790818,
0.5244875250054238,
0.33855229225975564
],
[
-0.24611189808186634,
-0.4735898227210039,
0.27663904089162866
]
],
[
[
-0.4510567841835913,
-0.5185404518516267,
-0.4127346804620077
],
[
0.4521876628829587,
-0.0970861930970674,
-0.33195240133417236
]
],
[
[
0.4001757833661762,
-0.2190355117244974,
-0.3742489084220928
],
[
-0.30485767906546707,
0.4885837828474494,
-0.42118238049852325
]
],
[
[
-0.23434080144867328,
0.47009016056033187,
-0.3814845180604341
],
[
-0.3676330563707896,
-0.5208940720216078,
-0.3679410490896831
]
],
[
[
-0.21770916790608336,
0.5145053167342795,
-0.05190682428185789
],
[
-0.2831361442870264,
-0.48255128110741236,
-0.011938693702627401
]
],
[
[
0.39009024550074417,
-0.23686770576982003,
-0.044244281565416314
],
[
-0.3182382033392947,
0.46765278259474485,
-0.0880813667607116
]
],
[
[
-0.4133748683774562,
-0.44588604386116465,
0.014859704672977515
],
[
0.4728498768387198,
0.016263665546541017,
0.046849500872660974
]
],
[
[
-0.245532839044726,
-0.4324315749782546,
0.09632579673139749
],
[
-0.23808795359051624,
-0.4655204325579027,
-0.5027148539632341
]
],
[
[
-0.19711044674606562,
0.44187800568118213,
0.11310849494113404
],
[
-0.1604533720749631,
0.39326922703001965,
-0.4837947179121723
]
],
[
[
0.3568154277899487,
-0.08113238447360674,
0.13009762977060813
],
[
0.3401586337065657,
-0.1152508305764881,
-0.4686999009911582
]
]
],
"contact_id_pairs": [
[
0,
5
],
[
1,
4
],
[
4,
5
],
[
0,
15
],
[
1,
11
],
[
1,
15
],
[
12,
15
],
[
2,
6
],
[
4,
6
],
[
2,
12
],
[
10,
12
],
[
10,
13
],
[
3,
5
],
[
5,
6
],
[
3,
10
],
[
3,
14
],
[
10,
11
],
[
10,
14
],
[
7,
9
],
[
7,
13
],
[
7,
8
],
[
7,
15
],
[
8,
15
],
[
8,
9
],
[
8,
14
]
],
"contact_t_pairs": [
[
0.2503703304225556,
0.11731724750295444
],
[
0.07467011056294809,
0.76986998515611
],
[
0.8982682326849211,
0.009699798901183616
],
[
0.7496296695774364,
0.18490068628968723
],
[
0.7545383781477417,
0.1302689454854104
],
[
0.9253298894370492,
0.4717534867220044
],
[
0.8476195895790698,
0.14490004523072453
],
[
0.28136279203113945,
0.8798576224040232
],
[
0.10173176731507867,
0.972950636125404
],
[
0.7186372079688604,
0.23144088131140678
],
[
0.8941789658376464,
0.1523804104209302
],
[
0.9534604158380439,
0.1828744949768808
],
[
0.20665039803045956,
0.9248515912139299
],
[
0.9903002010988166,
0.027049363874596395
],
[
0.7933496019695403,
0.04653958416195597
],
[
0.6390798217453866,
0.11683782329862645
],
[
0.1375442002936884,
0.8697310545145894
],
[
0.08358818500172764,
0.26685909392446006
],
[
0.10339776196673911,
0.9526606324836797
],
[
0.2176097780218943,
0.8171255050231191
],
[
0.8662143715056373,
0.09344394843815279
],
[
0.896602238033261,
0.7879837529907544
],
[
0.11791149026387829,
0.8550999547692756
],
[
0.9065560515618473,
0.04733936751632028
],
[
0.8374475700865732,
0.8831621767013637
]
],
"half_couplers": [
{
"pose": [
[
0.7514106233340994,
-0.6598348847557701,
0.0,
0.386086353928036
],
[
-0.6598348847557701,
-0.7514106233340996,
0.0,
-0.1032347187369913
],
[
0.0,
-0.0,
-1.0000000000000004,
0.31893515887711704
],
[
0.0,
0.0,
0.0,
1.0
]
],
"at_element": 0,
"to_element": 5
},
{
"pose": [
[
-0.015380115190261057,
0.6598348847557702,
-0.7512532042634318,
0.4098405086051684
],
[
0.013505713412817477,
0.7514106233340991,
0.6596966506250213,
-0.07618382375540006
],
[
0.9997905019362531,
-3.885780586188048e-16,
-0.020468322795355265,
0.31893515887711704
],
[
0.0,
0.0,
0.0,
1.0
]
],
"at_element": 5,
"to_element": 0
},
{
"pose": [
[
-0.9207780282693272,
-0.38142391895605426,
-0.08175338956065269,
0.35652697372022113
],
[
-0.38863450005579797,
0.9150457413586757,
0.10795608638576908,
-0.16358707723858243
],
[
0.033631057414693674,
0.13117578004173275,
-0.9907885075572953,
0.3548988283655627
],
[
0.0,
0.0,
0.0,
1.0
]
],
"at_element": 1,
"to_element": 4
},
{
"pose": [
[
0.00029613739540890194,
0.3814239189560544,
0.9244001873381725,
0.37025801545927783
],
[
-0.1417827014040018,
-0.9150457413586759,
0.3776095295459789,
-0.19652819771715863
],
[
0.989897761329536,
-0.13117578004173275,
0.053808334347164366,
0.3501765757185967
],
[
0.0,
0.0,
0.0,
1.0
]
],
"at_element": 4,
"to_element": 1
},
{
"pose": [
[
-0.37835254290231246,
-0.04830783506332614,
0.9244001873381726,
0.4889493795288038
],
[
0.9256530523713785,
-0.02403060198195006,
0.3776095295459787,
-0.14804379587327615
],
[
0.003972394102316201,
0.9985433807501203,
0.05380833434716492,
0.357085471551217
],
[
0.0,
0.0,
0.0,
1.0
]
],
"at_element": 4,
"to_element": 5
},
{
"pose": [
[
0.6582438576663066,
0.04830783506332692,
-0.7512532042634318,
0.49068846170190383
],
[
0.7511476947461887,
0.02403060198194995,
0.6596966506250215,
-0.14717869414679868
],
[
0.049921583729541696,
-0.9985433807501201,
-0.0204683227953546,
0.3211379075535106
],
[
0.0,
0.0,
0.0,
1.0
]
],
"at_element": 5,
"to_element": 4
},
{
"pose": [
[
0.4387140160924331,
0.8986267367956778,
1.0233133270762265e-14,
0.3860863539280359
],
[
0.8986267367956778,
-0.43871401609243343,
-1.6383389968659443e-14,
-0.1032347187369913
],
[
-1.0233133270762265e-14,
1.6383389968659443e-14,
-1.0000000000000004,
0.019379555384188604
],
[
0.0,
0.0,
0.0,
1.0
]
],
"at_element": 0,
"to_element": 15
},
{
"pose": [
[
-0.4378347825778788,
-0.8986267367956775,
-0.02776132347229492,
0.35373557513254517
],
[
-0.896825785116258,
0.43871401609243343,
-0.0568640768381517,
-0.08744090857316719
],
[
0.06327886152253859,
-1.6656814816329302e-14,
-0.9979958846029433,
0.019379555384187425
],
[
0.0,
0.0,
0.0,
1.0
]
],
"at_element": 15,
"to_element": 0
},
{
"pose": [
[
-0.7050075874506565,
0.7044719191936251,
-0.08175338956065206,
0.32317805252234977
],
[
0.6964150134158285,
0.709472770796244,
0.10795608638577,
-0.11954952678278627
],
[
0.13405383517839672,
0.019175572125775413,
-0.9907885075572953,
-0.04926457133997818
],
[
0.0,
0.0,
0.0,
1.0
]
],
"at_element": 1,
"to_element": 11
},
{
"pose": [
[
0.04461080173585863,
-0.7044719191936248,
-0.7083284488400385,
0.2978170454130358
],
[
-0.017299392279912673,
-0.7094727707962445,
0.7045204883645653,
-0.1450905646777018
],
[
-0.998854647781763,
-0.019175572125776197,
-0.04383708519529517,
-0.04995489242696152
],
[
0.0,
0.0,
0.0,
1.0
]
],
"at_element": 11,
"to_element": 1
},
{
"pose": [
[
0.30509142618857543,
-0.9488074646426246,
-0.08175338956065327,
0.3148003815486974
],
[
-0.9436820725336474,
-0.31274531074161427,
0.10795608638576784,
-0.1084867368947636
],
[
-0.12799752983874724,
0.04421273173607696,
-0.9907885075572958,
-0.1507955312842509
],
[
0.0,
0.0,
0.0,
1.0
]
],
"at_element": 1,
"to_element": 15
},
{
"pose": [
[
-0.31463264922366396,
0.9488074646426247,
-0.02776132347230518,
0.3489575271035023
],
[
0.9481333489412122,
0.3127453107416137,
-0.056864076838135866,
-0.09722788038417782
],
[
-0.04527083683809054,
-0.04421273173607765,
-0.9979958846029444,
-0.15238719320678182
],
[
0.0,
0.0,
0.0,
1.0
]
],
"at_element": 15,
"to_element": 1
},
{
"pose": [
[
0.045782568857644756,
-0.4609876976181896,
0.8862247452161759,
0.3378065864374946
],
[
-0.01865838570747108,
0.8866056117221254,
0.462149709407706,
-0.0541588968489188
],
[
-0.9987771628504462,
-0.03769392401324756,
0.03198979619968323,
0.0419748825984713
],
[
0.0,
0.0,
0.0,
1.0
]
],
"at_element": 12,
"to_element": 15
},
{
"pose": [
[
0.8869721819559768,
0.4609876976181897,
-0.027761323472305,
0.3544018575738676
],
[
0.45901739185806745,
-0.886605611722125,
-0.056864076838135616,
-0.08607614885711629
],
[
-0.05082698503817473,
0.03769392401324788,
-0.9979958846029438,
0.04333184047918201
],
[
0.0,
0.0,
0.0,
1.0
]
],
"at_element": 15,
"to_element": 12
},
{
"pose": [
[
0.006217457377535429,
0.9974179542346311,
0.07154556446183177,
-0.2105523628794285
],
[
0.9978903312040572,
-0.001564837949775022,
-0.06490329861916108,
-0.3537347710047523
],
[
-0.06462375811739504,
0.07179816050982463,
-0.9953234620133247,
0.2866621660420353
],
[
0.0,
0.0,
0.0,
1.0
]
],
"at_element": 2,
"to_element": 6
},
{
"pose": [
[
-0.07175700181861489,
-0.9974179542346312,
0.0028908926660444756,
-0.24645921680013938
],
[
-0.06196094929526208,
0.0015648379497774645,
-0.998077347726428,
-0.35367843714046443
],
[
0.9954957425586678,
-0.0717981605098224,
-0.0619132513681242,
0.2840774461156928
],
[
0.0,
0.0,
0.0,
1.0
]
],
"at_element": 6,
"to_element": 2
},
{
"pose": [
[
-0.3800154725293343,
-0.03274956927134687,
0.9244001873381723,
-0.24736907828076413
],
[
0.9238886124597027,
-0.06197479296737951,
0.37760952954597926,
-0.44882355582779937
],
[
0.04492296078390323,
0.9975402702393482,
0.05380833434716381,
0.3142251711028881
],
[
0.0,
0.0,
0.0,
1.0
]
],
"at_element": 4,
"to_element": 6
},
{
"pose": [
[
-0.9994594081062695,
0.03274956927134652,
0.0028908926660418006,
-0.24619009488951252
],
[
-0.0008561495368215981,
0.061974792967381176,
-0.998077347726428,
-0.4465924653673601
],
[
-0.03286576571199731,
-0.9975402702393481,
-0.061913251368124644,
0.2783137549565444
],
[
0.0,
0.0,
0.0,
1.0
]
],
"at_element": 6,
"to_element": 4
},
{
"pose": [
[
0.886113495734531,
0.4579127699496568,
0.07154556446183147,
-0.19178133593163937
],
[
0.46225219135637463,
-0.8843700997967887,
-0.06490329861916092,
-0.3707631022024273
],
[
0.03355270873355776,
0.0905837827784372,
-0.9953234620133247,
0.025524474729443136
],
[
0.0,
0.0,
0.0,
1.0
]
],
"at_element": 2,
"to_element": 12
},
{
"pose": [
[
0.07015408814569934,
-0.4579127699496579,
0.8862247452161766,
-0.20826623230464747
],
[
-0.06562905362561708,
0.8843700997967877,
0.4621497094077044,
-0.33892570781803466
],
[
-0.9953749199355243,
-0.09058378277843873,
0.031989796199683784,
0.022263451298404544
],
[
0.0,
0.0,
0.0,
1.0
]
],
"at_element": 12,
"to_element": 2
},
{
"pose": [
[
-0.9961197974684173,
0.058861361291829076,
-0.06542697638094302,
-0.2762125939842791
],
[
0.0628979437761874,
-0.04384049918829036,
-0.9970565978416918,
-0.37704172080540665
],
[
-0.061556459938882764,
-0.9973030385884695,
0.039968130579230654,
-0.016168162614057558
],
[
0.0,
0.0,
0.0,
1.0
]
],
"at_element": 10,
"to_element": 12
},
{
"pose": [
[
-0.4595008608407576,
-0.058861361291828784,
0.8862247452161758,
-0.278331577976231
],
[
0.8857175942281459,
0.043840499188290694,
0.46214970940770594,
-0.37546348146570485
],
[
-0.0660552962396535,
0.9973030385884695,
0.03198979619968412,
0.019734322947167194
],
[
0.0,
0.0,
0.0,
1.0
]
],
"at_element": 12,
"to_element": 10
},
{
"pose": [
[
-0.01334312567411211,
-0.9977681452917265,
-0.06542697638094469,
-0.28009120001328314
],
[
0.040924543549132886,
0.06483303506428162,
-0.9970565978416915,
-0.43614868165792525
],
[
0.9990731418332393,
-0.015981420633394472,
0.0399681305792321,
-0.01379879387951555
],
[
0.0,
0.0,
0.0,
1.0
]
],
"at_element": 10,
"to_element": 13
},
{
"pose": [
[
0.06561071743779157,
0.9977681452917266,
0.012408142423682756,
-0.24417135937712667
],
[
0.9963710980732379,
-0.0648330350642834,
-0.055148095966080016,
-0.43848268309749466
],
[
-0.05422055589560856,
0.015981420633396606,
-0.9984010844910527,
-0.013223459735005313
],
[
0.0,
0.0,
0.0,
1.0
]
],
"at_element": 13,
"to_element": 10
},
{
"pose": [
[
-0.7509017915166234,
0.6595666686944573,
-0.033441128037506304,
-0.17307830561413073
],
[
0.6603614803375547,
0.7492410904773439,
-0.05060141921640236,
0.48351604496452244
],
[
-0.008319542266160508,
-0.06007992915788561,
-0.9981588988376873,
0.30024344889604093
],
[
0.0,
0.0,
0.0,
1.0
]
],
"at_element": 3,
"to_element": 5
},
{
"pose": [
[
-0.024298819543810968,
-0.6595666686944575,
-0.7512532042634316,
-0.19682225466046915
],
[
-0.058635462771676805,
-0.7492410904773439,
0.6596966506250217,
0.4565438780554056
],
[
-0.9979836921885691,
0.06007992915788529,
-0.020468322795355487,
0.30240628526170527
],
[
0.0,
0.0,
0.0,
1.0
]
],
"at_element": 5,
"to_element": 3
},
{
"pose": [
[
0.6549633656607233,
0.08149609025163035,
-0.7512532042634333,
-0.24599073255107753
],
[
0.7489749194849287,
0.06194270850290007,
0.6596966506250201,
0.499720106784529
],
[
0.1002973560215944,
-0.994746946784469,
-0.020468322795350824,
0.3010666619880742
],
[
0.0,
0.0,
0.0,
1.0
]
],
"at_element": 5,
"to_element": 6
},
{
"pose": [
[
0.9966694687875675,
-0.08149609025162835,
0.0028908926660419915,
-0.24892459394026198
],
[
-0.002169981268242069,
-0.06194270850290162,
-0.9980773477264275,
0.4974901676517796
],
[
0.0815184713301446,
0.994746946784469,
-0.061913251368131084,
0.3368775781948398
],
[
0.0,
0.0,
0.0,
1.0
]
],
"at_element": 6,
"to_element": 5
},
{
"pose": [
[
0.065006020164883,
0.9973243746634802,
-0.03344112803750619,
-0.1848502355331887
],
[
0.9964925851265684,
-0.06664851206932343,
-0.05060141921640285,
0.4657033575410518
],
[
-0.0526948302027031,
-0.03003443924968993,
-0.9981588988376877,
-0.05112796991562754
],
[
0.0,
0.0,
0.0,
1.0
]
],
"at_element": 3,
"to_element": 10
},
{
"pose": [
[
0.03260985224967605,
-0.9973243746634801,
-0.06542697638094241,
-0.22075411217982654
],
[
0.03789612828899447,
0.0666485120693242,
-0.9970565978416918,
0.4681027172847925
],
[
0.998749458571547,
0.03003443924968885,
0.03996813057922988,
-0.05004672410496974
],
[
0.0,
0.0,
0.0,
1.0
]
],
"at_element": 10,
"to_element": 3
},
{
"pose": [
[
-0.9509319096423876,
0.3075877016063244,
-0.033441128037508816,
-0.18175486224951232
],
[
0.30897606932434785,
0.9497227410977165,
-0.05060141921641791,
0.4703871194339786
],
[
0.016195425550386493,
-0.058451012500885004,
-0.9981588988376868,
0.04126348245585647
],
[
0.0,
0.0,
0.0,
1.0
]
],
"at_element": 3,
"to_element": 14
},
{
"pose": [
[
0.9495563130161128,
-0.3075877016063237,
0.061095124451835174,
-0.1928275139329988
],
[
-0.30242907365522015,
-0.9497227410977167,
-0.08101463108528559,
0.4361986617903756
],
[
0.08294253323411026,
0.05845101250088544,
-0.9948386880888429,
0.04336762283139701
],
[
0.0,
0.0,
0.0,
1.0
]
],
"at_element": 14,
"to_element": 3
},
{
"pose": [
[
0.9976437434480608,
-0.02064635368744868,
-0.06542697638094298,
-0.22670826905003422
],
[
-0.06453173363617112,
0.041398019931647045,
-0.997056597841692,
0.37736596433659825
],
[
0.023294130437729533,
0.9989293929128084,
0.03996813057922921,
-0.04640943972410391
],
[
0.0,
0.0,
0.0,
1.0
]
],
"at_element": 10,
"to_element": 11
},
{
"pose": [
[
0.7055809922633101,
0.020646353687448882,
-0.708328448840039,
-0.22596500325158622
],
[
0.7084751833482201,
-0.04139801993164638,
0.7045204883645647,
0.37587564150262653
],
[
-0.01477761606040312,
-0.9989293929128084,
-0.04383708519529472,
-0.08237075589916637
],
[
0.0,
0.0,
0.0,
1.0
]
],
"at_element": 11,
"to_element": 10
},
{
"pose": [
[
-0.06356060109161854,
-0.9958309900532919,
-0.06542697638094341,
-0.2231780901119173
],
[
0.04413677644832947,
0.06269039531779286,
-0.9970565978416918,
0.43116316537669497
],
[
0.9970015019816281,
-0.06626125251139803,
0.039968130579230654,
-0.048565960788827967
],
[
0.0,
0.0,
0.0,
1.0
]
],
"at_element": 10,
"to_element": 14
},
{
"pose": [
[
0.06773496156118342,
0.9958309900532918,
0.06109512445183747,
-0.18732817301341395
],
[
0.9947394351713499,
-0.06269039531779308,
-0.08101463108527074,
0.42890631105355825
],
[
-0.07684680277857191,
0.06626125251139839,
-0.9948386880888438,
-0.04618055560149843
],
[
0.0,
0.0,
0.0,
1.0
]
],
"at_element": 14,
"to_element": 10
},
{
"pose": [
[
0.4169107743307032,
0.10166058769462105,
0.9032444470665502,
-0.3576633298480253
],
[
-0.9064397101763839,
-0.027264621636812647,
0.42145425875455894,
-0.47496302472505425
],
[
0.06747190572621092,
-0.9944454561797675,
0.08078227912783587,
-0.40438197359361705
],
[
0.0,
0.0,
0.0,
1.0
]
],
"at_element": 7,
"to_element": 9
},
{
"pose": [
[
0.9858490247940411,
-0.10166058769462138,
-0.13329225492211602,
-0.36132308532795243
],
[
-0.13117504023626336,
0.027264621636814756,
-0.9909842325819397,
-0.47398150523253274
],
[
0.10437820237795271,
0.9944454561797672,
0.013543468970748207,
-0.3685821883447354
],
[
0.0,
0.0,
0.0,
1.0
]
],
"at_element": 9,
"to_element": 7
},
{
"pose": [
[
0.09654359992249528,
-0.4181253426395575,
0.9032444470665502,
-0.25450196055793073
],
[
-0.01615391267680083,
0.9067057730503736,
0.4214542587545589,
-0.42682788415766504
],
[
-0.9951976609795843,
-0.0552796432665503,
0.0807822791278352,
-0.39515566663289675
],
[
0.0,
0.0,
0.0,
1.0
]
],
"at_element": 7,
"to_element": 13
},
{
"pose": [
[
0.9083045941996256,
0.4181253426395572,
0.012408142423682728,
-0.23944943325811557
],
[
0.4181427132313085,
-0.9067057730503738,
-0.05514809596607924,
-0.4594693244386626
],
[
-0.011808282153351675,
0.05527964326655081,
-0.9984010844910527,
-0.3931655974968313
],
[
0.0,
0.0,
0.0,
1.0
]
],
"at_element": 13,
"to_element": 7
},
{
"pose": [
[
-0.4212398659563421,
-0.08189288230687175,
0.9032444470665489,
0.33134653684811716
],
[
0.906717212671201,
-0.01549851681324288,
0.4214542587545624,
-0.15347071598617187
],
[
-0.020515154760588072,
0.9965206228694228,
0.08078227912783009,
-0.34275990931849687
],
[
0.0,
0.0,
0.0,
1.0
]
],
"at_element": 7,
"to_element": 8
},
{
"pose": [
[
0.7044298209751776,
0.08189288230686947,
-0.7050334624316441,
0.3342946728555414
],
[
0.7064239024311756,
0.015498516813234997,
0.707619294571946,
-0.15291277084867433
],
[
0.06887595657984036,
-0.996520622869423,
-0.04693347207642784,
-0.3786345573668262
],
[
0.0,
0.0,
0.0,
1.0
]
],
"at_element": 8,
"to_element": 7
},
{
"pose": [
[
-0.09011520232095749,
0.4195577661706397,
0.903244447066549,
0.3587942085473928
],
[
0.0022366717190442365,
-0.9068469027775663,
0.42145425875456155,
-0.14066362022363973
],
[
0.9959288366195018,
0.03999969710683396,
0.08078227912783464,
-0.340305108202563
],
[
0.0,
0.0,
0.0,
1.0
]
],
"at_element": 7,
"to_element": 15
},
{
"pose": [
[
-0.9073040227867213,
-0.4195577661706418,
-0.027761323472305095,
0.3436901446753304
],
[
-0.4176064794613277,
0.906846902777565,
-0.05686407683813518,
-0.10801716567996797
],
[
0.04903303526142972,
-0.03999969710683681,
-0.9979958846029442,
-0.3417450958006452
],
[
0.0,
0.0,
0.0,
1.0
]
],
"at_element": 15,
"to_element": 7
},
{
"pose": [
[
-0.009310998527795045,
-0.7091129121360462,
-0.7050334624316433,
0.3170442371249591
],
[
-0.07541110875161505,
-0.7025582528348471,
0.7076192945719467,
-0.1355990661620449
],
[
-0.9971090562136459,
0.059755997318959087,
-0.046933472076430505,
-0.37978290405788284
],
[
0.0,
0.0,
0.0,
1.0
]
],
"at_element": 8,
"to_element": 15
},
{
"pose": [
[
-0.7045482146460966,
0.709112912136046,
-0.027761323472305362,
0.34257220392264676
],
[
0.7093506736015647,
0.7025582528348471,
-0.056864076838136504,
-0.11030706619297856
],
[
-0.02081910420753297,
-0.05975599731895827,
-0.997995884602944,
-0.3819341116997322
],
[
0.0,
0.0,
0.0,
1.0
]
],
"at_element": 15,
"to_element": 8
},
{
"pose": [
[
0.7076474921837272,
0.04650638297837656,
-0.7050334624316426,
-0.23897656855483232
],
[
0.7063134883848201,
-0.019904523987429146,
0.7076192945719475,
0.42246104197162637
],
[
0.01887545845134081,
-0.9987196635027782,
-0.046933472076432725,
-0.4167967315537898
],
[
0.0,
0.0,
0.0,
1.0
]
],
"at_element": 8,
"to_element": 9
},
{
"pose": [
[
0.9899850156037948,
-0.04650638297837752,
-0.13329225492211658,
-0.2406507724915104
],
[
-0.13249173822853316,
0.01990452398742848,
-0.9909842325819396,
0.42317759377125685
],
[
0.04874021113142494,
0.9987196635027782,
0.013543468970753425,
-0.3808433788053818
],
[
0.0,
0.0,
0.0,
1.0
]
],
"at_element": 9,
"to_element": 8
},
{
"pose": [
[
0.023261078697539017,
-0.7087924513349981,
-0.705033462431643,
-0.19025277657692674
],
[
-0.04307029278543478,
-0.7052800038487388,
0.7076192945719469,
0.37355854706115454
],
[
-0.9988012175088714,
0.013906009551524656,
-0.046933472076430505,
-0.4135532305682255
],
[
0.0,
0.0,
0.0,
1.0
]
],
"at_element": 8,
"to_element": 14
},
{
"pose": [
[
-0.7027664239978593,
0.7087924513349984,
0.06109512445183744,
-0.1647363048880303
],
[
0.7042845630292067,
0.7052800038487387,
-0.08101463108527097,
0.3989485709208267
],
[
-0.10051172856946085,
-0.013906009551524337,
-0.9948386880888442,
-0.4140538458024294
],
[
0.0,
0.0,
0.0,
1.0
]
],
"at_element": 14,
"to_element": 8
}
],
"nstatus": 0
}