{
"contact_id_pairs": [
[
0,
18
],
[
0,
19
],
[
8,
18
],
[
8,
32
],
[
15,
18
],
[
15,
19
],
[
18,
31
],
[
31,
32
],
[
8,
17
],
[
8,
23
],
[
10,
16
],
[
10,
23
],
[
16,
23
],
[
17,
23
],
[
2,
17
],
[
3,
17
],
[
3,
43
],
[
3,
47
],
[
5,
43
],
[
5,
47
],
[
43,
46
],
[
46,
47
],
[
4,
25
],
[
6,
26
],
[
6,
45
],
[
6,
49
],
[
25,
26
],
[
25,
27
],
[
26,
27
],
[
26,
48
],
[
5,
20
],
[
6,
42
],
[
19,
20
],
[
19,
21
],
[
7,
9
],
[
7,
13
],
[
7,
26
],
[
9,
26
],
[
21,
26
],
[
7,
11
],
[
7,
12
],
[
7,
24
],
[
10,
12
],
[
10,
25
],
[
10,
35
],
[
11,
24
],
[
12,
24
],
[
12,
36
],
[
25,
36
],
[
11,
34
],
[
16,
22
],
[
22,
34
],
[
12,
27
],
[
12,
37
],
[
14,
20
],
[
15,
20
],
[
20,
30
],
[
3,
23
],
[
4,
44
],
[
22,
23
],
[
22,
24
],
[
23,
24
],
[
30,
31
],
[
28,
32
],
[
29,
32
],
[
33,
36
],
[
33,
37
],
[
33,
34
],
[
33,
35
],
[
38,
40
],
[
40,
43
],
[
39,
41
],
[
40,
46
],
[
41,
48
],
[
42,
48
],
[
38,
40
],
[
40,
43
],
[
38,
47
],
[
39,
49
],
[
44,
49
],
[
47,
49
],
[
39,
41
],
[
39,
45
]
],
"contact_t_bound_pairs": [
[
[
0.6,
0.9
],
[
0.1,
0.4
]
],
[
[
0.6,
0.9
],
[
0.1,
0.4
]
],
[
[
0.6,
0.9
],
[
0.1,
0.4
]
],
[
[
0.6,
0.9
],
[
0.6,
0.9
]
],
[
[
0.1,
0.4
],
[
0.1,
0.4
]
],
[
[
0.1,
0.4
],
[
0.1,
0.4
]
],
[
[
0.1,
0.4
],
[
0.1,
0.4
]
],
[
[
0.1,
0.4
],
[
0.6,
0.9
]
],
[
[
0.1,
0.4
],
[
0.1,
0.4
]
],
[
[
0.1,
0.4
],
[
0.1,
0.4
]
],
[
[
0.1,
0.4
],
[
0.6,
0.9
]
],
[
[
0.1,
0.4
],
[
0.1,
0.4
]
],
[
[
0.6,
0.9
],
[
0.1,
0.4
]
],
[
[
0.1,
0.4
],
[
0.1,
0.4
]
],
[
[
0.6,
0.9
],
[
0.6,
0.9
]
],
[
[
0.6,
0.9
],
[
0.6,
0.9
]
],
[
[
0.6,
0.9
],
[
0.1,
0.4
]
],
[
[
0.6,
0.9
],
[
0.1,
0.4
]
],
[
[
0.1,
0.4
],
[
0.1,
0.4
]
],
[
[
0.1,
0.4
],
[
0.1,
0.4
]
],
[
[
0.1,
0.4
],
[
0.1,
0.4
]
],
[
[
0.1,
0.4
],
[
0.1,
0.4
]
],
[
[
0.6,
0.9
],
[
0.6,
0.9
]
],
[
[
0.6,
0.9
],
[
0.6,
0.9
]
],
[
[
0.6,
0.9
],
[
0.1,
0.4
]
],
[
[
0.6,
0.9
],
[
0.6,
0.9
]
],
[
[
0.6,
0.9
],
[
0.6,
0.9
]
],
[
[
0.6,
0.9
],
[
0.6,
0.9
]
],
[
[
0.6,
0.9
],
[
0.6,
0.9
]
],
[
[
0.6,
0.9
],
[
0.1,
0.4
]
],
[
[
0.6,
0.9
],
[
0.6,
0.9
]
],
[
[
0.1,
0.4
],
[
0.1,
0.4
]
],
[
[
0.6,
0.9
],
[
0.6,
0.9
]
],
[
[
0.6,
0.9
],
[
0.6,
0.9
]
],
[
[
0.6,
0.9
],
[
0.6,
0.9
]
],
[
[
0.6,
0.9
],
[
0.1,
0.4
]
],
[
[
0.6,
0.9
],
[
0.1,
0.4
]
],
[
[
0.6,
0.9
],
[
0.1,
0.4
]
],
[
[
0.1,
0.4
],
[
0.1,
0.4
]
],
[
[
0.1,
0.4
],
[
0.1,
0.4
]
],
[
[
0.1,
0.4
],
[
0.6,
0.9
]
],
[
[
0.1,
0.4
],
[
0.1,
0.4
]
],
[
[
0.6,
0.9
],
[
0.6,
0.9
]
],
[
[
0.6,
0.9
],
[
0.1,
0.4
]
],
[
[
0.6,
0.9
],
[
0.1,
0.4
]
],
[
[
0.1,
0.4
],
[
0.1,
0.4
]
],
[
[
0.6,
0.9
],
[
0.1,
0.4
]
],
[
[
0.6,
0.9
],
[
0.1,
0.4
]
],
[
[
0.1,
0.4
],
[
0.1,
0.4
]
],
[
[
0.6,
0.9
],
[
0.1,
0.4
]
],
[
[
0.1,
0.4
],
[
0.1,
0.4
]
],
[
[
0.1,
0.4
],
[
0.1,
0.4
]
],
[
[
0.1,
0.4
],
[
0.1,
0.4
]
],
[
[
0.1,
0.4
],
[
0.6,
0.9
]
],
[
[
0.1,
0.4
],
[
0.1,
0.4
]
],
[
[
0.6,
0.9
],
[
0.1,
0.4
]
],
[
[
0.1,
0.4
],
[
0.6,
0.9
]
],
[
[
0.1,
0.4
],
[
0.6,
0.9
]
],
[
[
0.1,
0.4
],
[
0.1,
0.4
]
],
[
[
0.6,
0.9
],
[
0.6,
0.9
]
],
[
[
0.6,
0.9
],
[
0.6,
0.9
]
],
[
[
0.6,
0.9
],
[
0.6,
0.9
]
],
[
[
0.1,
0.4
],
[
0.6,
0.9
]
],
[
[
0.1,
0.4
],
[
0.1,
0.4
]
],
[
[
0.6,
0.9
],
[
0.1,
0.4
]
],
[
[
0.6,
0.9
],
[
0.6,
0.9
]
],
[
[
0.6,
0.9
],
[
0.1,
0.4
]
],
[
[
0.1,
0.4
],
[
0.6,
0.9
]
],
[
[
0.1,
0.4
],
[
0.6,
0.9
]
],
[
[
0.6,
0.9
],
[
0.1,
0.4
]
],
[
[
0.1,
0.4
],
[
0.6,
0.9
]
],
[
[
0.6,
0.9
],
[
0.1,
0.4
]
],
[
[
0.6,
0.9
],
[
0.6,
0.9
]
],
[
[
0.6,
0.9
],
[
0.6,
0.9
]
],
[
[
0.6,
0.9
],
[
0.6,
0.9
]
],
[
[
0.6,
0.9
],
[
0.1,
0.4
]
],
[
[
0.1,
0.4
],
[
0.6,
0.9
]
],
[
[
0.1,
0.4
],
[
0.6,
0.9
]
],
[
[
0.1,
0.4
],
[
0.1,
0.4
]
],
[
[
0.6,
0.9
],
[
0.1,
0.4
]
],
[
[
0.6,
0.9
],
[
0.1,
0.4
]
],
[
[
0.6,
0.9
],
[
0.1,
0.4
]
],
[
[
0.6,
0.9
],
[
0.6,
0.9
]
]
],
"line_pt_pairs": [
[
[
41.60575398722176,
0.46642043593580074,
1.3717772693387489
],
[
41.262788444199686,
0.00935529216363101,
1.2279699005812286
]
],
[
[
41.216695708148876,
0.7505360040642521,
1.3748091496590915
],
[
40.819762955351976,
0.3684545047515056,
1.3887046708657247
]
],
[
[
41.207108269349526,
0.39313129331242785,
1.569522084657628
],
[
40.93989888827899,
0.025956651483020277,
0.667275110531465
]
],
[
[
40.48418296718692,
0.0875889902563285,
0.673448321313349
],
[
41.086246850464754,
0.09727789932954672,
0.6741853678887314
]
],
[
[
40.71170670287949,
0.021522298985185824,
0.39949247234776614
],
[
40.7117066978348,
0.02152228968939767,
0.39949246658407456
]
],
[
[
40.87217523548551,
0.025791821172671266,
0.7286507419043312
],
[
40.872175250649065,
0.025791786304981804,
0.7286507446904039
]
],
[
[
41.25039616353049,
0.04967485292798387,
0.425888420314624
],
[
40.672158968538994,
-0.020681341269767554,
0.20546552438100227
]
],
[
[
40.111666111084126,
0.16944660668462083,
0.6569240157671081
],
[
40.98847514198521,
-0.45717161939405415,
0.7211082961534014
]
],
[
[
40.750989362256696,
0.4627084630280695,
1.277155027952129
],
[
41.51717538630571,
-0.08619303032090826,
1.4707948354279148
]
],
[
[
41.425158086493454,
0.1187915079527859,
1.2416400804168681
],
[
40.76304581621679,
-0.42182668604301343,
0.684711558028373
]
],
[
[
41.00218238632356,
0.4306822502365929,
1.1686109948403827
],
[
40.04711235965335,
-0.08676202323907484,
0.6258008715536811
]
],
[
[
40.32485383981535,
-0.008735887281203041,
0.6087965124722237
],
[
40.29041151584978,
0.5538259550734138,
0.9542682901958079
]
],
[
[
40.3149492754912,
-0.42058838263896325,
0.6061271503141736
],
[
40.17338935505738,
0.1884031743044833,
0.7141029554015009
]
],
[
[
40.9059662625653,
-0.26238580031032177,
0.8268606058073802
],
[
40.320673411386274,
-0.5591599136742204,
0.4233004300045132
]
],
[
[
41.378211748127605,
-0.5322457040555444,
1.085991178086457
],
[
40.742913030356924,
-0.2116687086094478,
1.0711378813459553
]
],
[
[
41.323150202642715,
0.1807631288461089,
1.235184974377643
],
[
41.207180085984355,
-0.5347626191344493,
1.1649385362643552
]
],
[
[
40.043647590471444,
0.38063590902396205,
0.8663829851115414
],
[
40.99003121845718,
0.3624263632262267,
1.1762375530382547
]
],
[
[
40.7954767330452,
0.40732036329147786,
1.3852511431364865
],
[
41.052102993911134,
0.025869359086341272,
0.6128034535424222
]
],
[
[
41.347901634481794,
-0.05078296167203898,
1.5552182304034716
],
[
41.1442964689225,
0.36920018041145436,
0.6664511542822749
]
],
[
[
41.428359764541725,
0.14102422041079662,
1.323245627774736
],
[
40.850536628266376,
-0.30554637239156957,
0.5855845159313532
]
],
[
[
41.306908183508526,
-0.5483098687874054,
1.2260101989389374
],
[
40.85058342327834,
0.08247284996685439,
0.6443555955974292
]
],
[
[
40.88889829428222,
-0.27755139723890376,
0.6847111922428878
],
[
40.88889837487275,
-0.27755139076090296,
0.68471116246259
]
],
[
[
40.052866789231985,
0.43189559959702795,
1.0356929433611413
],
[
40.76394270643862,
0.014828882983320748,
0.5501865030605083
]
],
[
[
40.93351313579822,
0.43711083703387665,
1.3960468496382612
],
[
40.62950513826317,
0.01431239899660815,
0.40065367669291907
]
],
[
[
40.12971614551127,
0.022096620852435578,
0.7454248640852813
],
[
40.82452542163763,
0.1664766560626275,
0.5658575900142897
]
],
[
[
40.079963783047674,
-0.07602105995716947,
0.7348484570844969
],
[
40.81605430153877,
0.012433951273432243,
0.30688090224888004
]
],
[
[
40.9095142968943,
-0.4027071257752102,
0.8066215481153294
],
[
40.688667947631586,
0.07307261370326784,
0.20545223444419344
]
],
[
[
40.243971763193976,
-0.33827726426474974,
0.7116989807796377
],
[
40.77878718224071,
0.09009747439029339,
0.25150651225275483
]
],
[
[
41.676211751869715,
0.26636090841822296,
1.6436044890636634
],
[
41.65903404862979,
0.02681493663844471,
1.1934000458442262
]
],
[
[
41.46880012168192,
0.43928119364836343,
1.7593515527421502
],
[
41.73546524515708,
0.2601771902723823,
1.3741336917249216
]
],
[
[
41.78770080287746,
-0.17916878813903894,
1.3449908936187793
],
[
41.21409328596876,
-0.5323917959733286,
1.110208604134734
]
],
[
[
41.26657278644424,
0.0984074820569938,
1.5115318733533862
],
[
41.71655502211627,
-0.3284980604594282,
1.2976321867635947
]
],
[
[
41.78243175090793,
0.329040538905629,
1.4460842579930948
],
[
41.34628414011844,
-0.08539567967180542,
1.4905047043456126
]
],
[
[
39.84515509968022,
0.38021894900748954,
1.1508956863006277
],
[
39.84567349210976,
-0.3008266464147474,
0.6141706060075798
]
],
[
[
40.32461595442226,
0.547415097659589,
0.8727532763229837
],
[
39.815188406238356,
0.1512246660442276,
1.0575482084427843
]
],
[
[
40.262004098061595,
-0.08545226678285477,
0.6802595037287693
],
[
39.73463303014137,
0.2157074156310545,
0.9904151226701015
]
],
[
[
40.32186634078028,
0.05541601030330134,
0.6219618333921887
],
[
39.77553747389222,
-0.28438256943697915,
0.72696795873613
]
],
[
[
39.796127055311835,
-0.038185290607146614,
0.874143163824211
],
[
40.32482642888722,
-0.3400024702114063,
0.5629923942539505
]
],
[
[
40.791295759119464,
0.14501004743330326,
0.013747488141674227
],
[
41.08131585398607,
0.14501004743330326,
0.013747488141674227
]
],
[
[
40.907677208602934,
0.17081717360326615,
0.2137446783778508
],
[
40.79129575911947,
-0.14501004743330323,
0.01374748814167423
]
],
[
[
41.03513965837897,
0.21672870401361666,
0.04626536963625929
],
[
41.08131585398607,
-0.1372880128236983,
0.06374748814167423
]
],
[
[
40.88131112542381,
-0.03186784764262013,
0.08925921390553102
],
[
40.881317624221616,
-0.031865417543314074,
0.08926030040318976
]
],
[
[
41.232414164457914,
0.09439306169827824,
0.42589477823308114
],
[
40.88279102512833,
-0.10956856055117511,
0.03355590747230966
]
],
[
[
40.87627836520934,
0.04628322618356737,
0.8366703327458268
],
[
41.05161453472908,
0.12032120163383708,
-0.1706726383133531
]
],
[
[
40.69459663856103,
0.0141913087987808,
0.6931035732761899
],
[
40.82855101015936,
0.047572284090260736,
-0.04517380692007993
]
],
[
[
40.77884824477566,
-0.06767253367491399,
0.20545071517319174
],
[
40.77884846763819,
-0.06767327686332786,
0.20544993897826633
]
],
[
[
40.84431012468242,
0.1056691194332072,
0.6577366275803821
],
[
41.053912800013826,
-0.029488345955471548,
-0.02974337060978388
]
],
[
[
40.855348100604786,
0.038964515633326355,
0.9082403416407641
],
[
40.81549524518399,
0.11872955342920241,
-0.11265012024710921
]
],
[
[
40.493376181124944,
-0.021406226121042024,
0.47136806807279324
],
[
41.07432061682292,
-0.04767927547619295,
-0.031323580932141666
]
],
[
[
40.816061085470295,
0.05214013164905155,
0.20548896618166418
],
[
40.81605934860028,
0.05213962937913909,
0.20548875276635237
]
]
],
"contact_t_pairs": [
[
0.8649635081474452,
0.33011055280308443
],
[
0.7706610942567048,
0.10037732172057416
],
[
0.7613659706021932,
0.15775427076354834
],
[
0.8806681386649043,
0.8257883679228781
],
[
0.11969562457609119,
0.35828947444328074
],
[
0.1533791531540745,
0.16267181454411764
],
[
0.1017248236100127,
0.1921596233684515
],
[
0.2850273394789376,
0.8661448171113727
],
[
0.12030822605334986,
0.10124221541290403
],
[
0.1695198918235724,
0.10316832150065988
],
[
0.10209627145503052,
0.8985903541397448
],
[
0.18604298059745772,
0.319699441319441
],
[
0.8669279952623175,
0.24681904655223771
],
[
0.2570638208682132,
0.22530506222876523
],
[
0.8331859050347796,
0.7535805230114342
],
[
0.8997607692784831,
0.8998166650354741
],
[
0.69801154288414,
0.1640368039109018
],
[
0.6001467265004499,
0.2323221644888779
],
[
0.25000046266740894,
0.10140719729450284
],
[
0.2499965921906906,
0.17293979480534155
],
[
0.39930501867148727,
0.33436005549002423
],
[
0.10015952384714649,
0.3141093052818903
],
[
0.7500018765441779,
0.842196693893271
],
[
0.899935972422238,
0.8999961306032473
],
[
0.849489774071217,
0.2455328612507387
],
[
0.7722644536794088,
0.7526581124457736
],
[
0.8999919402240174,
0.7931954444402293
],
[
0.7864364839980262,
0.7460067733628946
],
[
0.8699285207043183,
0.8804829016786521
],
[
0.8398996008067439,
0.3703070347586905
],
[
0.7500037376108998,
0.8997863953403594
],
[
0.10057108325070897,
0.10482252446006479
],
[
0.65689509231779,
0.6277108833483063
],
[
0.899960563476606,
0.7500420470052178
],
[
0.8332357256898208,
0.8999458429547722
],
[
0.7711411959692352,
0.2240739762828262
],
[
0.855479302815474,
0.13306950614941387
],
[
0.8531746439246296,
0.10003504726217823
],
[
0.249964965685911,
0.21583469017856957
],
[
0.22233758843368148,
0.10078995764971442
],
[
0.10417398674209888,
0.8486134530285304
],
[
0.20007464905889716,
0.23534093851386773
],
[
0.837559139720818,
0.700710062021197
],
[
0.8997734557630683,
0.1000293396848441
],
[
0.8588004172833128,
0.1520426635689449
],
[
0.1599515181121743,
0.2890877754492658
],
[
0.7629297566738424,
0.12513075120804523
],
[
0.6628085402974395,
0.20114562258534716
],
[
0.13273694818330184,
0.2949413996557518
],
[
0.8921261560549778,
0.10033079393677105
],
[
0.1700069157658689,
0.20447216761703602
],
[
0.11980602286727486,
0.399358014285459
],
[
0.21769185748606548,
0.1185596528494893
],
[
0.17952864869651172,
0.8999041077551962
],
[
0.287742668549908,
0.2150878203608312
],
[
0.8984961207812655,
0.13326142171706007
],
[
0.10628556858103419,
0.8896414446956054
],
[
0.3736210377854882,
0.7396612456867663
],
[
0.24999852665400882,
0.38875675954056593
],
[
0.8820435323818513,
0.8080279210419027
],
[
0.7864119092451826,
0.6781686326751726
],
[
0.7865890466059958,
0.7986598577041647
],
[
0.21983490459931698,
0.8735633499765793
],
[
0.3814200763469895,
0.31370516751558564
],
[
0.855411749058197,
0.14945680302911257
],
[
0.8674914849869305,
0.8406117666978249
],
[
0.6264296032167574,
0.1007256668640672
],
[
0.25090736684425907,
0.8979266820140533
],
[
0.3636826168510828,
0.7974057219812208
],
[
0.8722151088459922,
0.19757692893458015
],
[
0.30332926650504,
0.785778462775774
],
[
0.600027062485276,
0.22981277799409777
],
[
0.6384606678468979,
0.8868211659595931
],
[
0.7516533225344815,
0.7069621920993081
],
[
0.8300422839234983,
0.7594070836065338
],
[
0.8722151088459922,
0.19757692893458015
],
[
0.30332926650504,
0.785778462775774
],
[
0.10007451766058002,
0.8789374278981142
],
[
0.32484157854688267,
0.2442267553523494
],
[
0.6692518986008927,
0.25022783475369287
],
[
0.6856511295816882,
0.24681236401017118
],
[
0.600027062485276,
0.22981277799409858
],
[
0.6000030943656381,
0.7615143153198517
]
],
"half_couplers": [
{
"pose": [
[
-0.19713942431256215,
0.7888618467656258,
-0.5820936643696077,
41.30910130795569
],
[
0.42582803137820335,
-0.4659116385914568,
-0.775626735432442,
0.07107576572670841
],
[
-0.8830665518941792,
-0.4007784072808185,
-0.24406993502513785,
1.2473891431607906
],
[
0.0,
0.0,
0.0,
1.0
]
],
"at_element": 0,
"to_element": 18
},
{
"pose": [
[
-0.5802078346996336,
-0.7888129939400945,
-0.2028125468121425,
41.28068942072545
],
[
-0.7796772199408146,
0.46592564276960535,
0.4183500067109988,
0.08785790552911936
],
[
-0.23550435507337336,
0.4008582742079733,
-0.8853532304907912,
1.2618268395919223
],
[
0.0,
0.0,
0.0,
1.0
]
],
"at_element": 18,
"to_element": 0
},
{
"pose": [
[
0.13096224564997427,
-0.8026718660238475,
-0.5818649033135701,
41.34144378654402
],
[
-0.38570478956215737,
0.49942622788035695,
-0.7757610832041071,
0.1141781120897423
],
[
0.9132801900419869,
0.326023493630432,
-0.244188402832485,
1.2609505251699007
],
[
0.0,
0.0,
0.0,
1.0
]
],
"at_element": 0,
"to_element": 19
},
{
"pose": [
[
0.21427260693139583,
0.8026993761180063,
-0.5565617319746182,
41.370359425694225
],
[
0.7520689593363894,
-0.49916579205958067,
-0.43037866169248173,
0.09619866034612601
],
[
-0.62328126100622,
-0.32635444476411635,
-0.7106428400126195,
1.2492011810304764
],
[
0.0,
0.0,
0.0,
1.0
]
],
"at_element": 19,
"to_element": 0
},
{
"pose": [
[
0.31584755464480885,
0.5156674738323119,
0.7964467205383523,
41.33433732811861
],
[
0.10823596927253945,
0.8143546998577925,
-0.5701854064908699,
0.04479354477943172
],
[
-0.9426161982379297,
0.2662958491057015,
0.20139817171102892,
1.4245857879181525
],
[
0.0,
0.0,
0.0,
1.0
]
],
"at_element": 8,
"to_element": 18
},
{
"pose": [
[
0.8325153285325755,
-0.5154954545296082,
-0.20293512292752713,
41.3157820500653
],
[
-0.40241289950624554,
-0.8144491210623739,
0.41801493694807457,
0.015471172640326221
],
[
-0.3807651324232225,
-0.2663401313359276,
-0.885483398133859,
1.4150114284313213
],
[
0.0,
0.0,
0.0,
1.0
]
],
"at_element": 18,
"to_element": 8
},
{
"pose": [
[
-0.5971959397335935,
0.09662833279348831,
0.7962537126238478,
41.42574498192701
],
[
-0.7944317757908175,
-0.20815700590161557,
-0.5705688516804291,
-0.020691593429961117
],
[
0.11061267187605067,
-0.9733106524618057,
0.20107513676438338,
1.4476874367732597
],
[
0.0,
0.0,
0.0,
1.0
]
],
"at_element": 8,
"to_element": 32
},
{
"pose": [
[
0.6838519929430988,
-0.09681243879263923,
-0.7231692771701335,
41.42226612722062
],
[
-0.6968028457913342,
0.20725939706700502,
-0.6866653744179325,
-0.013196069641559754
],
[
0.21636137789552445,
0.9734838951017335,
0.07427556888174613,
1.4827661458889463
],
[
0.0,
0.0,
0.0,
1.0
]
],
"at_element": 32,
"to_element": 8
},
{
"pose": [
[
-0.26048177796647076,
0.9522645853054198,
-0.1591898329684504,
41.30926908709713
],
[
0.13610047670668346,
-0.1270185735232101,
-0.9825186727082302,
0.09511782754130117
],
[
-0.9558378019243849,
-0.27759402290616003,
-0.09651764014486908,
1.2267767830934273
],
[
0.0,
0.0,
0.0,
1.0
]
],
"at_element": 15,
"to_element": 18
},
{
"pose": [
[
-0.2285249578269879,
-0.9522120181244755,
-0.20265393208493968,
41.27495204671962
],
[
-0.8994632364737449,
0.1268677078580004,
0.41817516776469793,
0.09969257758009356
],
[
-0.3724811805747369,
0.2778432242149714,
-0.8854721412192932,
1.2367823417975168
],
[
0.0,
0.0,
0.0,
1.0
]
],
"at_element": 18,
"to_element": 15
},
{
"pose": [
[
0.5706211257149743,
-0.8056048218483132,
-0.15934993537031356,
41.30536280435848
],
[
-0.17125609788031582,
0.07304005092463717,
-0.982515394230408,
0.07101639556091516
],
[
0.8031580665264983,
0.5879336884170475,
-0.0962865421424135,
1.224410635187737
],
[
0.0,
0.0,
0.0,
1.0
]
],
"at_element": 15,
"to_element": 19
},
{
"pose": [
[
-0.20109470959380893,
0.805856789438457,
-0.5569162887627945,
41.33436422647824
],
[
0.899618145515622,
-0.07303836453213286,
-0.4305259452872785,
0.06837977175759344
],
[
-0.3876185109517026,
-0.587588488844373,
-0.7102757617610016,
1.2032489561925417
],
[
0.0,
0.0,
0.0,
1.0
]
],
"at_element": 19,
"to_element": 15
},
{
"pose": [
[
0.6659947261063923,
-0.7178489207241946,
-0.20283971951661794,
41.32718993492919
],
[
-0.6038878518062619,
-0.6784705787701428,
0.4183265903383686,
-0.008060250624416725
],
[
-0.4379160732826435,
-0.15611086047554767,
-0.8853580699368444,
1.4648085563546562
],
[
0.0,
0.0,
0.0,
1.0
]
],
"at_element": 18,
"to_element": 31
},
{
"pose": [
[
-0.11963225147151535,
0.7178546799800198,
0.6858372859787071,
41.35304120337348
],
[
0.34106947965199635,
0.678471761405161,
-0.6506517340526302,
0.016373473793133697
],
[
-0.9323946237821045,
0.15607923438613322,
-0.3260054265432799,
1.4704289901396619
],
[
0.0,
0.0,
0.0,
1.0
]
],
"at_element": 31,
"to_element": 18
},
{
"pose": [
[
-0.6745397878016295,
-0.2732073916082322,
0.6858234436377622,
41.39483002589063
],
[
-0.7364710980020177,
0.18479114604618574,
-0.6507400050332233,
-0.02327226893527444
],
[
0.05105287925509111,
-0.9440391694805694,
-0.3258583281215961,
1.4505646147693194
],
[
0.0,
0.0,
0.0,
1.0
]
],
"at_element": 31,
"to_element": 32
},
{
"pose": [
[
0.6346655184752982,
0.272826336004279,
-0.723025220888567,
41.4046647583271
],
[
-0.7028554121357053,
-0.1851331076136642,
-0.686818754910533,
-0.029921243838451815
],
[
-0.3212381504274182,
0.9440823707959954,
0.07425986710319266,
1.4845587973751018
],
[
0.0,
0.0,
0.0,
1.0
]
],
"at_element": 32,
"to_element": 31
},
{
"pose": [
[
0.05177303619804818,
0.6027457252676465,
0.7962519346252256,
40.843167843636905
],
[
-0.267153564638915,
0.776621612859274,
-0.5705154190208894,
0.3966710980852194
],
[
-0.9622621917250812,
-0.18318422724524813,
0.20123372795086958,
1.3004514896828532
],
[
0.0,
0.0,
0.0,
1.0
]
],
"at_element": 8,
"to_element": 17
},
{
"pose": [
[
0.7450677736309176,
-0.6027943946445555,
0.2855046943252801,
40.821458144228394
],
[
-0.4657045765188641,
-0.7765863695338167,
-0.42430279054428993,
0.3687014185542729
],
[
0.4774863978230723,
0.1831734927313174,
-0.8593335856665656,
1.3070468277514042
],
[
0.0,
0.0,
0.0,
1.0
]
],
"at_element": 17,
"to_element": 8
},
{
"pose": [
[
0.13018898249008548,
-0.5907451821866638,
0.7962857267096034,
40.880873134170216
],
[
0.4864993165989873,
-0.6617323293475064,
-0.5704636178101468,
0.3696587412537534
],
[
0.8639266425958364,
0.4616605398120661,
0.20124686877941056,
1.3099808271681617
],
[
0.0,
0.0,
0.0,
1.0
]
],
"at_element": 8,
"to_element": 23
},
{
"pose": [
[
-0.7601025392180807,
0.5907601904220798,
-0.2706409564103217,
40.90214914096975
],
[
0.6483603075277764,
0.6617632524103397,
-0.3764283588968505,
0.3934914318484709
],
[
-0.04327864943263497,
-0.4615970051589989,
-0.8860333872555424,
1.293353806752274
],
[
0.0,
0.0,
0.0,
1.0
]
],
"at_element": 23,
"to_element": 8
},
{
"pose": [
[
-0.5427103863381078,
0.29472611429655277,
-0.7865125263544106,
40.904673297622075
],
[
0.8223328941915102,
0.37707100088622925,
-0.42612917222512686,
0.3778531192289701
],
[
0.17097967040369616,
-0.8780398498031354,
-0.4470033271311644,
1.113192105144765
],
[
0.0,
0.0,
0.0,
1.0
]
],
"at_element": 10,
"to_element": 16
},
{
"pose": [
[
-0.10125865819001145,
-0.2947266326308723,
0.9502015029243142,
40.894058789895205
],
[
0.9260051464283395,
-0.3770682320857033,
-0.01827613580579679,
0.36427298681685116
],
[
0.36367726479639606,
0.8780408648632644,
0.3110998018327603,
1.1448153110366244
],
[
0.0,
0.0,
0.0,
1.0
]
],
"at_element": 16,
"to_element": 10
},
{
"pose": [
[
-0.5233741836168391,
-0.32802032191353125,
-0.7864363498307734,
40.824498311882536
],
[
0.07573379338556988,
0.9013764381498158,
-0.42636241542587094,
0.33441537530609367
],
[
0.8487307326018301,
-0.2827068891274044,
-0.44691493416204664,
1.0676249816056513
],
[
0.0,
0.0,
0.0,
1.0
]
],
"at_element": 10,
"to_element": 23
},
{
"pose": [
[
0.9050478487824317,
0.3281329610269915,
-0.2705866798309767,
40.83632194882963
],
[
0.21420777013010317,
-0.9013056437464897,
-0.3765144987468806,
0.30194241260262966
],
[
-0.3674281189976912,
0.2828018678127582,
-0.886013363856005,
1.0778202083544497
],
[
0.0,
0.0,
0.0,
1.0
]
],
"at_element": 23,
"to_element": 10
},
{
"pose": [
[
0.26953269399022295,
0.1562142632767864,
0.9502364078582043,
40.8640940518302
],
[
-0.45343987015814086,
0.8911075788269228,
-0.01787644003116623,
0.364849543990894
],
[
-0.8495554196291971,
-0.4260567883582075,
0.31101640161340105,
1.1350045845071186
],
[
0.0,
0.0,
0.0,
1.0
]
],
"at_element": 16,
"to_element": 23
},
{
"pose": [
[
0.9499713905110196,
-0.1559339675246354,
-0.2706269664733833,
40.85847817170236
],
[
-0.25352218410869964,
-0.8910472845018576,
-0.37651193732287014,
0.3327561296737427
],
[
-0.18243042338194138,
0.4262855082616488,
-0.8860021478928783,
1.150364855747285
],
[
0.0,
0.0,
0.0,
1.0
]
],
"at_element": 23,
"to_element": 16
},
{
"pose": [
[
0.953233244057101,
-0.09920735232786318,
0.28548955089192063,
40.86144606019852
],
[
0.03290143312343963,
-0.9049172414541462,
-0.42431389538576564,
0.3092631106764886
],
[
0.3004394749742436,
0.41386312636319006,
-0.8593331336065699,
1.1866827886286129
],
[
0.0,
0.0,
0.0,
1.0
]
],
"at_element": 17,
"to_element": 23
},
{
"pose": [
[
-0.9575699261361552,
0.09914653492411689,
-0.27061005371593194,
40.86501859499555
],
[
0.1999438935111859,
0.9047835732148254,
-0.3760174531696636,
0.34185220864166516
],
[
0.20756270379619318,
-0.4141698326208145,
-0.8862172835933977,
1.1717797288657228
],
[
0.0,
0.0,
0.0,
1.0
]
],
"at_element": 23,
"to_element": 17
},
{
"pose": [
[
0.956635502158011,
-0.12188673058091623,
-0.26456027842286794,
40.984473179348484
],
[
-0.21609419157522983,
-0.9059916400285628,
-0.36398138491659526,
0.08720655705397184
],
[
-0.19532489953494953,
0.4053674544245628,
-0.8930427820183151,
0.8177826229554296
],
[
0.0,
0.0,
0.0,
1.0
]
],
"at_element": 2,
"to_element": 17
},
{
"pose": [
[
-0.9505907304967822,
0.12186850673820238,
0.2855264088643895,
40.988865284927016
],
[
-0.011242343678023674,
0.9056103587988245,
-0.42396165834293265,
0.11986631603933426
],
[
-0.3102432477947248,
-0.40622400852444096,
-0.8594947248797491,
0.8031496092132175
],
[
0.0,
0.0,
0.0,
1.0
]
],
"at_element": 17,
"to_element": 2
},
{
"pose": [
[
0.008272889881570156,
-0.01382415525695957,
0.9998702175904826,
41.02589642995977
],
[
-0.44639184917013236,
0.8946934020464403,
0.01606341585829754,
0.09630669053751661
],
[
-0.8947993497357256,
-0.44646680623087565,
0.001230709764528326,
0.6741114869070092
],
[
0.0,
0.0,
0.0,
1.0
]
],
"at_element": 3,
"to_element": 17
},
{
"pose": [
[
0.9582835332546988,
0.013799110122275651,
0.2854859969468271,
41.02639331925811
],
[
0.13930703882894063,
-0.8947124970611671,
-0.4243619876182158,
0.06408439281317925
],
[
0.2495720714054409,
0.4464293137355611,
-0.8593105661005183,
0.6901898391715985
],
[
0.0,
0.0,
0.0,
1.0
]
],
"at_element": 17,
"to_element": 3
},
{
"pose": [
[
6.554875004871619e-05,
-0.016528727154459303,
0.9998633891097397,
40.90443050726849
],
[
0.07074893480651108,
0.9973579647004235,
0.01648267188209599,
0.09435196062738971
],
[
-0.9974941523272731,
0.07073818931300285,
0.0012347654078227466,
0.6739627883306092
],
[
0.0,
0.0,
0.0,
1.0
]
],
"at_element": 3,
"to_element": 43
},
{
"pose": [
[
0.9851201382421295,
0.01692098323001836,
0.17103214188080876,
40.905039950067334
],
[
0.0045940752253129345,
-0.9973785824699517,
0.07221397166098634,
0.05842817904446343
],
[
0.17180572662932928,
-0.07035370321993725,
-0.9826154633123831,
0.6714290113311668
],
[
0.0,
0.0,
0.0,
1.0
]
],
"at_element": 43,
"to_element": 3
},
{
"pose": [
[
-4.071749528145041e-05,
-0.016115542541099627,
0.9998701353829366,
40.84550963588026
],
[
0.07843061041708002,
0.9967900599435806,
0.016069092920174236,
0.09340375731998093
],
[
-0.9969195743347053,
0.07842107934910729,
0.001223365044138447,
0.6738906574028432
],
[
0.0,
0.0,
0.0,
1.0
]
],
"at_element": 3,
"to_element": 47
},
{
"pose": [
[
0.9991139320306498,
0.01609325340902097,
-0.03888904751941131,
40.84608939897237
],
[
0.019084123589904765,
-0.9967860837725679,
0.07780295254135043,
0.05749570186460144
],
[
-0.03751195874730132,
-0.0784761772263368,
-0.9962099891884646,
0.671064859828923
],
[
0.0,
0.0,
0.0,
1.0
]
],
"at_element": 47,
"to_element": 3
},
{
"pose": [
[
-0.4708187357829261,
-0.7008152559436998,
0.5358989597604514,
40.8721752392764
],
[
-0.041775342876517685,
-0.5890456276129141,
-0.80701924965744,
0.025791812455732768
],
[
0.8812403410893742,
-0.4023471456673635,
0.2480569201010301,
0.7286507426008506
],
[
0.0,
0.0,
0.0,
1.0
]
],
"at_element": 5,
"to_element": 43
},
{
"pose": [
[
-0.7756284042082409,
0.6075748992504986,
0.17103602072699298,
40.89405871474469
],
[
0.6248732346091761,
0.7773776124522375,
0.07223218345810015,
0.053791209767338435
],
[
-0.08907311184888249,
0.16290116469444127,
-0.9826134495755445,
0.734518505336398
],
[
0.0,
0.0,
0.0,
1.0
]
],
"at_element": 43,
"to_element": 5
},
{
"pose": [
[
-0.7928839984042217,
0.5034771328113764,
0.34328667584188294,
40.872175239276345
],
[
-0.5730363275192426,
-0.42441356556777277,
-0.701072387635763,
0.025791812455867723
],
[
-0.2072783935141181,
-0.7525848138901594,
0.6250214120205169,
0.72865074260084
],
[
0.0,
0.0,
0.0,
1.0
]
],
"at_element": 5,
"to_element": 47
},
{
"pose": [
[
-0.7519293878265456,
-0.6580943606309579,
-0.03891025865406825,
40.84845595596591
],
[
-0.6588715298071512,
0.7482119429472731,
0.07789220526247033,
0.05275906490238548
],
[
-0.022147300792199415,
0.08420629986406687,
-0.9962021863712316,
0.731687754643145
],
[
0.0,
0.0,
0.0,
1.0
]
],
"at_element": 47,
"to_element": 5
},
{
"pose": [
[
-0.4322746790375429,
0.8855659849146179,
0.17003378554038,
40.946290977653206
],
[
0.9016864232483232,
0.4265872449197867,
0.0706039418261597,
0.07584696135313643
],
[
-0.010009794834815067,
0.18383745220696623,
-0.9829056898672508,
0.4344332288784495
],
[
0.0,
0.0,
0.0,
1.0
]
],
"at_element": 43,
"to_element": 46
},
{
"pose": [
[
0.3668525535353744,
-0.8854138713597677,
0.2854145763066145,
40.914392886837085
],
[
-0.8848744814589151,
-0.4267980368931863,
-0.18665633599462672,
0.060477861805957545
],
[
0.2870824899351955,
-0.18408072171694573,
-0.9400520899741553,
0.42787077723723643
],
[
0.0,
0.0,
0.0,
1.0
]
],
"at_element": 46,
"to_element": 43
},
{
"pose": [
[
-0.7270120791214725,
0.6239799216662683,
0.2865353279594534,
40.86530382884071
],
[
0.5970419445527961,
0.7805842783065701,
-0.1850110831956484,
0.09213181205548995
],
[
-0.33910817338437843,
0.036568317133401154,
-0.9400363848947237,
0.5888789583072179
],
[
0.0,
0.0,
0.0,
1.0
]
],
"at_element": 46,
"to_element": 47
},
{
"pose": [
[
0.7804437783508705,
-0.6240124942429864,
-0.03893476418400457,
40.84282994787506
],
[
-0.6202299992335568,
-0.7805615473187748,
0.07770726412673852,
0.06401945624117271
],
[
-0.07888128348448285,
-0.036497642060377006,
-0.9962156720509239,
0.5875691478882561
],
[
0.0,
0.0,
0.0,
1.0
]
],
"at_element": 47,
"to_element": 46
},
{
"pose": [
[
0.8211207174021988,
0.0030187211762626176,
-0.5707465766654743,
40.71170669909596
],
[
-0.5697884416639827,
-0.05382324767564639,
-0.8200269445303464,
0.021522292013327265
],
[
-0.03319486705845298,
0.9985459154851647,
-0.042475351309502196,
0.3994924680249866
],
[
0.0,
0.0,
0.0,
1.0
]
],
"at_element": 4,
"to_element": 25
},
{
"pose": [
[
0.39150967131402004,
-0.3276169030937539,
0.8598763527826812,
40.699896784127056
],
[
-0.7619534709446427,
-0.6393346442729155,
0.10333499285254921,
-0.0015245419404645508
],
[
0.51589445178544,
-0.695642420672922,
-0.49993453289137535,
0.3744155973083532
],
[
0.0,
0.0,
0.0,
1.0
]
],
"at_element": 25,
"to_element": 4
},
{
"pose": [
[
0.1650188712427354,
0.33284735958645156,
-0.9284295381719072,
40.73001971116511
],
[
0.72810893747012,
-0.6760885085602228,
-0.11296771117866522,
-0.013641217113297376
],
[
-0.6653015461502447,
-0.6573560403686428,
-0.3539164998710185,
0.22752192711847435
],
[
0.0,
0.0,
0.0,
1.0
]
],
"at_element": 6,
"to_element": 26
},
{
"pose": [
[
-0.901437358501453,
-0.3328495435437924,
-0.2768065571127471,
40.71075343710001
],
[
-0.43276088961670117,
0.6760906132925342,
0.596338406473947,
0.025492798774841126
],
[
-0.011344651430733654,
0.6573527698126891,
-0.7534976011265739,
0.2655714919738972
],
[
0.0,
0.0,
0.0,
1.0
]
],
"at_element": 26,
"to_element": 6
},
{
"pose": [
[
-0.23993274869042924,
-0.28363863257064786,
-0.9284295354087504,
40.759189579397585
],
[
-0.5449963351807321,
0.8307931682849065,
-0.11296772180892312,
-0.010092014585574653
],
[
0.8033749253900238,
0.478886038264408,
-0.3539165037265053,
0.2386414242478483
],
[
0.0,
0.0,
0.0,
1.0
]
],
"at_element": 6,
"to_element": 45
},
{
"pose": [
[
0.9548728822058112,
0.25988588737851803,
0.14379535586884304,
40.778848299495735
],
[
0.2775497039959923,
-0.9531313604824301,
-0.12044405953242038,
-0.0676727161520917
],
[
0.1057541518792714,
0.15491912472768632,
-0.9822505404192474,
0.20545052459183083
],
[
0.0,
0.0,
0.0,
1.0
]
],
"at_element": 45,
"to_element": 6
},
{
"pose": [
[
0.335700373757466,
-0.1591313562362523,
-0.9284301107361332,
40.80384413204327
],
[
-0.6631589637954662,
-0.7399046962941558,
-0.11296561042891295,
-0.004658734947105024
],
[
-0.668973428318959,
0.6536193478350104,
-0.353915668399853,
0.2556636530080124
],
[
0.0,
0.0,
0.0,
1.0
]
],
"at_element": 6,
"to_element": 49
},
{
"pose": [
[
-0.17914474353530507,
-0.01842974594695934,
-0.9836500929334581,
40.81605977820099
],
[
0.5244545970718915,
0.8441284692219418,
-0.11133060252770183,
0.0521397536115273
],
[
0.8323788419186483,
-0.5358241053866013,
-0.14155561314486453,
0.20548880555289842
],
[
0.0,
0.0,
0.0,
1.0
]
],
"at_element": 49,
"to_element": 6
},
{
"pose": [
[
-0.458321990358737,
0.22484744283122776,
0.8598747470450934,
40.74243931696498
],
[
0.5875675885843048,
0.8025515641063328,
0.10332141983008139,
0.003587737222797014
],
[
-0.6668622661380914,
0.5525890103890383,
-0.49994010001042377,
0.3496811070550615
],
[
0.0,
0.0,
0.0,
1.0
]
],
"at_element": 25,
"to_element": 26
},
{
"pose": [
[
0.9342486825679274,
-0.22485194252892637,
-0.2768049910335081,
40.73433997873786
],
[
-0.01646922149229517,
-0.8025603004104369,
0.5963436332757706,
-0.02532080386392231
],
[
-0.35624172111577523,
-0.5525744910381563,
-0.7534940397842524,
0.32977678717412506
],
[
0.0,
0.0,
0.0,
1.0
]
],
"at_element": 26,
"to_element": 25
},
{
"pose": [
[
-0.25587542426860255,
0.44174976803278176,
0.8598749384057811,
40.658852222314096
],
[
0.9346426907787642,
0.34024457517898066,
0.10332797121354043,
-0.006456811932969134
],
[
-0.24692267581004773,
0.8301149146378821,
-0.49993841687406615,
0.3982791579943419
],
[
0.0,
0.0,
0.0,
1.0
]
],
"at_element": 25,
"to_element": 27
},
{
"pose": [
[
0.6205111463996327,
-0.4417525048958244,
0.6479356770637641,
40.64294768830176
],
[
-0.7841482108535247,
-0.34024754982285943,
0.5189828400388179,
-0.018706807690527794
],
[
-0.008803443021335566,
-0.8301122389519417,
-0.5575268335543722,
0.36839228220799236
],
[
0.0,
0.0,
0.0,
1.0
]
],
"at_element": 27,
"to_element": 25
},
{
"pose": [
[
0.9583620282687366,
0.07014620700640876,
-0.276806308481666,
40.71739375897724
],
[
0.2285649776660491,
-0.7695058226210061,
0.5963378572058686,
0.011187239170388136
],
[
-0.1711732273375473,
-0.634775786081182,
-0.7534981271694481,
0.2836472163805678
],
[
0.0,
0.0,
0.0,
1.0
]
],
"at_element": 26,
"to_element": 27
},
{
"pose": [
[
-0.7584583251794765,
-0.0701464489041024,
0.6479355250887907,
40.71486759521873
],
[
0.3721862228270635,
0.769504336311574,
0.5189802423362642,
0.03889936863207688
],
[
-0.5349938172574206,
0.6347775611218691,
-0.5575294282748715,
0.3065073807604261
],
[
0.0,
0.0,
0.0,
1.0
]
],
"at_element": 27,
"to_element": 26
},
{
"pose": [
[
-0.8589765564086984,
0.43073337016392377,
-0.27681770060363264,
40.72402553630892
],
[
0.1979463402606444,
0.7779718537061574,
0.5963028100037953,
-0.0030999125152999032
],
[
0.4722038986684368,
0.4574150835600346,
-0.7535216781314888,
0.3016996815456781
],
[
0.0,
0.0,
0.0,
1.0
]
],
"at_element": 26,
"to_element": 48
},
{
"pose": [
[
0.49318378611884384,
-0.43077458269681135,
0.7557797377621807,
40.70850399246782
],
[
-0.6273175455589571,
-0.7780169274789033,
-0.03409336577946381,
-0.03113532112181669
],
[
0.6026959848409215,
-0.4572995948595128,
-0.6539377878651431,
0.28521781413181935
],
[
0.0,
0.0,
0.0,
1.0
]
],
"at_element": 48,
"to_element": 26
},
{
"pose": [
[
0.7223433564883389,
-0.5847056029897343,
0.3692417002040423,
40.872175246858234
],
[
0.4593082294832619,
0.006495789917984274,
-0.8882532043523924,
0.02579179502177385
],
[
0.5169681089449444,
0.8112195526155376,
0.2732522859705576,
0.7286507439938961
],
[
0.0,
0.0,
0.0,
1.0
]
],
"at_element": 5,
"to_element": 20
},
{
"pose": [
[
0.5761857887401125,
0.6690041453242448,
-0.469513993820111,
40.89631337239645
],
[
0.7389590211178085,
-0.18096556108717432,
0.6489923195300652,
0.019259839963481754
],
[
0.34921268871927397,
-0.7208917527891278,
-0.5986364329023706,
0.7026453000651551
],
[
0.0,
0.0,
0.0,
1.0
]
],
"at_element": 20,
"to_element": 5
},
{
"pose": [
[
0.3583880018215253,
-0.09785482533640294,
-0.9284301122371874,
41.19224222245435
],
[
-0.5232709074179493,
-0.8446455820453098,
-0.11296635862652085,
0.042599054264118766
],
[
-0.7731400892466838,
0.5263062548457144,
-0.3539154256456023,
0.4037202508973214
],
[
0.0,
0.0,
0.0,
1.0
]
],
"at_element": 6,
"to_element": 42
},
{
"pose": [
[
-0.7783000186378501,
0.09785526535461672,
-0.6202204672781282,
41.19576578438374
],
[
0.3945316201586272,
0.8446466518773796,
-0.3618243139526992,
0.07301328956112042
],
[
0.48846072685870134,
-0.5263044561037938,
-0.6959955012799717,
0.384768827356126
],
[
0.0,
0.0,
0.0,
1.0
]
],
"at_element": 42,
"to_element": 6
},
{
"pose": [
[
-0.266311612272482,
0.7868406417717823,
-0.5567404508610825,
41.048790582094774
],
[
0.9026755373305823,
0.0010371934323035736,
-0.43032057647145894,
-0.1523258103745239
],
[
-0.33801627101927517,
-0.6171553521488361,
-0.7105380157600789,
0.8386796636111334
],
[
0.0,
0.0,
0.0,
1.0
]
],
"at_element": 19,
"to_element": 20
},
{
"pose": [
[
-0.4001630952139221,
-0.7869225518930457,
-0.46970458221200095,
41.020468165170726
],
[
-0.7605699017742281,
-0.0007704991253683069,
0.6492555974700863,
-0.15236069119732276
],
[
-0.5112757785617802,
0.6170512974244805,
-0.5982012826823517,
0.8608992740718305
],
[
0.0,
0.0,
0.0,
1.0
]
],
"at_element": 20,
"to_element": 19
},
{
"pose": [
[
-0.6315299386482311,
0.5397045205105278,
-0.5566767168936232,
40.90834172922954
],
[
0.7749309648321276,
0.46299850567123124,
-0.4302492109121816,
-0.2608717019197028
],
[
0.02553304398832279,
-0.7031012830927763,
-0.7106311626842594,
0.6593797179053855
],
[
0.0,
0.0,
0.0,
1.0
]
],
"at_element": 19,
"to_element": 21
},
{
"pose": [
[
0.3937862536407116,
-0.3309611117128342,
0.8575529890201642,
40.88889835472851
],
[
0.24088348864550574,
-0.863172755849148,
-0.4437430996170614,
-0.2775513923801308
],
[
0.887078086383371,
0.38131028847067794,
-0.26018249857518194,
0.6847111699064123
],
[
0.0,
0.0,
0.0,
1.0
]
],
"at_element": 21,
"to_element": 19
},
{
"pose": [
[
-0.459164995777384,
0.3599638024044719,
0.8121536600984257,
40.84225472023838
],
[
-0.6986970951527313,
0.41827059708352476,
-0.5804068201188947,
-0.3526740856525121
],
[
-0.5486254422444242,
-0.833951898237486,
0.059450446156475656,
0.7104046512126602
],
[
0.0,
0.0,
0.0,
1.0
]
],
"at_element": 7,
"to_element": 9
},
{
"pose": [
[
0.6702498331270947,
-0.3599585990946329,
-0.6489953529347734,
40.82929290128862
],
[
-0.7377337928901787,
-0.4182677703457711,
-0.5299065229999045,
-0.3677355883594503
],
[
-0.0807094295666409,
0.8339555619023156,
-0.5458975258702137,
0.7404345718703982
],
[
0.0,
0.0,
0.0,
1.0
]
],
"at_element": 9,
"to_element": 7
},
{
"pose": [
[
-0.4583666454084119,
0.36075472747402165,
0.8122536826522757,
40.78780967580982
],
[
-0.6979582074425428,
0.4196915720794846,
-0.5802700448834517,
-0.3137645215898092
],
[
-0.5502311869029524,
-0.8328955582368027,
0.059419104913935095,
0.7064191585066191
],
[
0.0,
0.0,
0.0,
1.0
]
],
"at_element": 7,
"to_element": 13
},
{
"pose": [
[
0.5409040113588792,
-0.3607881728441223,
-0.7597728244887896,
40.774817366111705
],
[
-0.8216105656804487,
-0.4199092336896,
-0.3855286160902537,
-0.3288851559495808
],
[
-0.17994145953094476,
0.8327713550537222,
-0.5235579636906125,
0.7364332725458353
],
[
0.0,
0.0,
0.0,
1.0
]
],
"at_element": 13,
"to_element": 7
},
{
"pose": [
[
-0.2833229626023428,
-0.5100400714679634,
0.8121497548846432,
40.861758089541695
],
[
-0.3032541677778777,
-0.755750217055581,
-0.5804123699110738,
-0.3666123164926331
],
[
0.9098159201660401,
-0.4107319502028021,
0.05944961307716423,
0.7118323392036873
],
[
0.0,
0.0,
0.0,
1.0
]
],
"at_element": 7,
"to_element": 26
},
{
"pose": [
[
-0.8143919712711147,
0.5100422973340817,
-0.2768078251410529,
40.880126382263015
],
[
0.27062188801170506,
0.755745085684604,
0.5963330941617703,
-0.3393953508069123
],
[
0.5133512548520045,
0.41073862783252185,
-0.7535013395795187,
0.7266242444329293
],
[
0.0,
0.0,
0.0,
1.0
]
],
"at_element": 26,
"to_element": 7
},
{
"pose": [
[
0.102297590739714,
-0.7538852143164892,
-0.6489932869944274,
40.86026068606203
],
[
-0.7717997552360126,
0.35145330768214444,
-0.5299110400217295,
-0.3424502272087565
],
[
0.627582935353154,
0.5551014827527134,
-0.5458955972521284,
0.7664827866365937
],
[
0.0,
0.0,
0.0,
1.0
]
],
"at_element": 9,
"to_element": 26
},
{
"pose": [
[
0.5958456921569961,
0.753887298505912,
-0.2768065250123416,
40.88742192190812
],
[
0.7217078062219935,
-0.3514536315083252,
0.59633731003338,
-0.35511247705009374
],
[
0.3522864652185598,
-0.555098447170471,
-0.753498480670495,
0.746483547409666
],
[
0.0,
0.0,
0.0,
1.0
]
],
"at_element": 26,
"to_element": 9
},
{
"pose": [
[
-0.3316680719072378,
0.3054154562804405,
0.8925904375145108,
40.88889831442703
],
[
-0.055513704858868654,
0.9381880292740278,
-0.3416452111471173,
-0.2775513956196305
],
[
-0.9417613915691054,
-0.16286381056553445,
-0.294212271256479,
0.6847111847988567
],
[
0.0,
0.0,
0.0,
1.0
]
],
"at_element": 21,
"to_element": 26
},
{
"pose": [
[
0.5996893618995265,
-0.7508334433309002,
