{
"contact_id_pairs": [
[
0,
21
],
[
0,
22
],
[
16,
21
],
[
21,
22
],
[
0,
1
],
[
0,
2
],
[
1,
2
],
[
1,
3
],
[
1,
17
],
[
1,
25
],
[
1,
26
],
[
17,
25
],
[
2,
23
],
[
2,
41
],
[
2,
42
],
[
41,
42
],
[
3,
10
],
[
3,
23
],
[
9,
23
],
[
10,
23
],
[
4,
31
],
[
4,
32
],
[
18,
32
],
[
31,
32
],
[
4,
5
],
[
4,
6
],
[
4,
7
],
[
6,
7
],
[
5,
19
],
[
5,
36
],
[
19,
35
],
[
35,
36
],
[
6,
13
],
[
6,
33
],
[
13,
33
],
[
14,
33
],
[
7,
33
],
[
7,
45
],
[
33,
46
],
[
45,
46
],
[
8,
37
],
[
8,
38
],
[
15,
37
],
[
37,
38
],
[
8,
9
],
[
8,
20
],
[
9,
20
],
[
20,
21
],
[
10,
11
],
[
10,
24
],
[
10,
25
],
[
24,
25
],
[
11,
27
],
[
11,
28
],
[
12,
27
],
[
12,
28
],
[
12,
13
],
[
12,
31
],
[
13,
30
],
[
30,
31
],
[
14,
15
],
[
14,
34
],
[
15,
35
],
[
34,
35
],
[
16,
38
],
[
19,
38
],
[
19,
39
],
[
38,
39
],
[
17,
28
],
[
17,
29
],
[
18,
28
],
[
18,
29
],
[
20,
22
],
[
20,
41
],
[
22,
40
],
[
40,
41
],
[
24,
43
],
[
26,
42
],
[
26,
43
],
[
42,
43
],
[
27,
29
],
[
27,
44
],
[
29,
44
],
[
43,
44
],
[
30,
32
],
[
30,
45
],
[
32,
44
],
[
32,
45
],
[
34,
36
],
[
34,
46
],
[
34,
47
],
[
36,
46
],
[
37,
39
],
[
39,
40
],
[
39,
47
],
[
40,
47
]
],
"contact_t_bound_pairs": [
[
[
0.6,
0.9
],
[
0.1,
0.4
]
],
[
[
0.6,
0.9
],
[
0.6,
0.9
]
],
[
[
0.1,
0.4
],
[
0.1,
0.4
]
],
[
[
0.1,
0.4
],
[
0.6,
0.9
]
],
[
[
0.1,
0.4
],
[
0.1,
0.4
]
],
[
[
0.1,
0.4
],
[
0.1,
0.4
]
],
[
[
0.1,
0.4
],
[
0.1,
0.4
]
],
[
[
0.1,
0.4
],
[
0.6,
0.9
]
],
[
[
0.6,
0.9
],
[
0.6,
0.9
]
],
[
[
0.6,
0.9
],
[
0.1,
0.4
]
],
[
[
0.6,
0.9
],
[
0.6,
0.9
]
],
[
[
0.6,
0.9
],
[
0.1,
0.4
]
],
[
[
0.6,
0.9
],
[
0.6,
0.9
]
],
[
[
0.6,
0.9
],
[
0.1,
0.4
]
],
[
[
0.6,
0.9
],
[
0.6,
0.9
]
],
[
[
0.1,
0.4
],
[
0.6,
0.9
]
],
[
[
0.1,
0.4
],
[
0.6,
0.9
]
],
[
[
0.1,
0.4
],
[
0.1,
0.4
]
],
[
[
0.1,
0.4
],
[
0.1,
0.4
]
],
[
[
0.6,
0.9
],
[
0.1,
0.4
]
],
[
[
0.6,
0.9
],
[
0.1,
0.4
]
],
[
[
0.6,
0.9
],
[
0.6,
0.9
]
],
[
[
0.1,
0.4
],
[
0.6,
0.9
]
],
[
[
0.1,
0.4
],
[
0.6,
0.9
]
],
[
[
0.1,
0.4
],
[
0.1,
0.4
]
],
[
[
0.1,
0.4
],
[
0.6,
0.9
]
],
[
[
0.1,
0.4
],
[
0.6,
0.9
]
],
[
[
0.6,
0.9
],
[
0.6,
0.9
]
],
[
[
0.6,
0.9
],
[
0.6,
0.9
]
],
[
[
0.6,
0.9
],
[
0.6,
0.9
]
],
[
[
0.6,
0.9
],
[
0.1,
0.4
]
],
[
[
0.1,
0.4
],
[
0.6,
0.9
]
],
[
[
0.1,
0.4
],
[
0.1,
0.4
]
],
[
[
0.1,
0.4
],
[
0.1,
0.4
]
],
[
[
0.1,
0.4
],
[
0.1,
0.4
]
],
[
[
0.6,
0.9
],
[
0.1,
0.4
]
],
[
[
0.1,
0.4
],
[
0.6,
0.9
]
],
[
[
0.1,
0.4
],
[
0.1,
0.4
]
],
[
[
0.6,
0.9
],
[
0.6,
0.9
]
],
[
[
0.1,
0.4
],
[
0.6,
0.9
]
],
[
[
0.6,
0.9
],
[
0.1,
0.4
]
],
[
[
0.6,
0.9
],
[
0.6,
0.9
]
],
[
[
0.1,
0.4
],
[
0.1,
0.4
]
],
[
[
0.1,
0.4
],
[
0.6,
0.9
]
],
[
[
0.1,
0.4
],
[
0.6,
0.9
]
],
[
[
0.1,
0.4
],
[
0.1,
0.4
]
],
[
[
0.6,
0.9
],
[
0.1,
0.4
]
],
[
[
0.1,
0.4
],
[
0.6,
0.9
]
],
[
[
0.1,
0.4
],
[
0.6,
0.9
]
],
[
[
0.1,
0.4
],
[
0.1,
0.4
]
],
[
[
0.1,
0.4
],
[
0.6,
0.9
]
],
[
[
0.1,
0.4
],
[
0.6,
0.9
]
],
[
[
0.1,
0.4
],
[
0.1,
0.4
]
],
[
[
0.1,
0.4
],
[
0.6,
0.9
]
],
[
[
0.6,
0.9
],
[
0.1,
0.4
]
],
[
[
0.6,
0.9
],
[
0.6,
0.9
]
],
[
[
0.1,
0.4
],
[
0.6,
0.9
]
],
[
[
0.1,
0.4
],
[
0.6,
0.9
]
],
[
[
0.6,
0.9
],
[
0.1,
0.4
]
],
[
[
0.1,
0.4
],
[
0.6,
0.9
]
],
[
[
0.1,
0.4
],
[
0.6,
0.9
]
],
[
[
0.1,
0.4
],
[
0.1,
0.4
]
],
[
[
0.6,
0.9
],
[
0.6,
0.9
]
],
[
[
0.1,
0.4
],
[
0.6,
0.9
]
],
[
[
0.6,
0.9
],
[
0.1,
0.4
]
],
[
[
0.1,
0.4
],
[
0.1,
0.4
]
],
[
[
0.1,
0.4
],
[
0.6,
0.9
]
],
[
[
0.1,
0.4
],
[
0.6,
0.9
]
],
[
[
0.1,
0.4
],
[
0.1,
0.4
]
],
[
[
0.1,
0.4
],
[
0.6,
0.9
]
],
[
[
0.6,
0.9
],
[
0.1,
0.4
]
],
[
[
0.6,
0.9
],
[
0.6,
0.9
]
],
[
[
0.6,
0.9
],
[
0.1,
0.4
]
],
[
[
0.6,
0.9
],
[
0.6,
0.9
]
],
[
[
0.1,
0.4
],
[
0.1,
0.4
]
],
[
[
0.1,
0.4
],
[
0.6,
0.9
]
],
[
[
0.6,
0.9
],
[
0.6,
0.9
]
],
[
[
0.1,
0.4
],
[
0.1,
0.4
]
],
[
[
0.1,
0.4
],
[
0.6,
0.9
]
],
[
[
0.1,
0.4
],
[
0.6,
0.9
]
],
[
[
0.6,
0.9
],
[
0.1,
0.4
]
],
[
[
0.6,
0.9
],
[
0.6,
0.9
]
],
[
[
0.1,
0.4
],
[
0.6,
0.9
]
],
[
[
0.1,
0.4
],
[
0.6,
0.9
]
],
[
[
0.6,
0.9
],
[
0.1,
0.4
]
],
[
[
0.6,
0.9
],
[
0.6,
0.9
]
],
[
[
0.1,
0.4
],
[
0.1,
0.4
]
],
[
[
0.1,
0.4
],
[
0.6,
0.9
]
],
[
[
0.6,
0.9
],
[
0.1,
0.4
]
],
[
[
0.6,
0.9
],
[
0.1,
0.4
]
],
[
[
0.6,
0.9
],
[
0.6,
0.9
]
],
[
[
0.1,
0.4
],
[
0.1,
0.4
]
],
[
[
0.6,
0.9
],
[
0.1,
0.4
]
],
[
[
0.1,
0.4
],
[
0.6,
0.9
]
],
[
[
0.1,
0.4
],
[
0.1,
0.4
]
],
[
[
0.6,
0.9
],
[
0.1,
0.4
]
]
],
"line_pt_pairs": [
[
[
-1.8369701987210297e-16,
14.0,
0.1
],
[
0.7071067902465838,
14.292893227873488,
0.0
]
],
[
[
0.18489738128107544,
14.005837956917947,
0.1415950521323258
],
[
-0.7071067449463989,
14.292893182573305,
0.0
]
],
[
[
0.13228401360632142,
14.110365340430977,
0.026555330000661886
],
[
-0.02792181058065761,
13.864635337442639,
0.6730693188224635
]
],
[
[
-0.0006654380659629453,
14.14197530393641,
0.5460168751954783
],
[
-0.05033924515678723,
14.114918421467939,
0.05069415675824807
]
],
[
[
6.123233995736766e-17,
16.0,
0.1
],
[
-0.7071067811865475,
15.707106781186548,
0.0
]
],
[
[
-0.15611668041274843,
16.010696675142697,
0.06147020514218053
],
[
0.7071067540064384,
15.707106808366657,
0.0
]
],
[
[
-0.066336889108241,
15.70371330104351,
0.6078638188606235
],
[
-0.07963346494626163,
15.956660038134952,
0.014327871124530467
]
],
[
[
0.08446709424132094,
16.21538357171117,
0.5167143563260052
],
[
-0.1417551289105495,
15.882960081740606,
0.051913071239392775
]
],
[
[
0.48326272047843655,
14.404752468495046,
0.5691025075966061
],
[
0.7594624052050941,
15.018099557616967,
0.39388836819407125
]
],
[
[
0.0024771312527002956,
14.246506945391161,
0.5062320836138362
],
[
0.5816548309007423,
14.565868807515997,
0.574137716129421
]
],
[
[
-0.489280415433535,
14.578562979501791,
0.4677232938099243
],
[
0.08981798528873484,
14.102070662194771,
0.45396893166799085
]
],
[
[
-0.7918757228137852,
15.016617771879352,
0.40470599180511924
],
[
-0.374833620671706,
14.496080686019518,
0.5042174742460203
]
],
[
[
-0.46899049910820517,
15.553497961994855,
0.4216050584703637
],
[
-0.7695558024369124,
14.893360590317252,
0.49910765107082244
]
],
[
[
0.04446108547201298,
15.770716129325717,
0.5087567535380768
],
[
-0.6002346146804366,
15.389555517747612,
0.4678561278653616
]
],
[
[
0.5565014708962429,
15.376187714676414,
0.4590089383598715
],
[
-0.10806398718715371,
15.692301978561234,
0.6039698825760816
]
],
[
[
0.7231050032762574,
14.912696504434235,
0.49221057051415534
],
[
0.410039304297119,
15.534367628780938,
0.42631015314685256
]
],
[
[
0.5319858755425853,
14.275068555217306,
0.11205298530314892
],
[
1.0,
15.0,
0.0
]
],
[
[
-1.0,
15.0,
0.0
],
[
-0.5092738022596899,
14.158406599839612,
0.06676788013918018
]
],
[
[
-0.6125920968318509,
15.80404813639524,
-0.03346166050826507
],
[
-0.9494347104350142,
14.811688795599645,
0.1395908362179227
]
],
[
[
0.9434165496616936,
14.834270134004852,
-0.053958447943203945
],
[
0.5797620531847794,
15.836481252791874,
0.0531370442084603
]
],
[
[
0.4034263107776651,
14.547688996356438,
0.530901111945855
],
[
0.9181174503845358,
14.089723047251672,
0.45946128204093334
]
],
[
[
0.6295415926327707,
14.274498960377443,
-0.06496700228662566
],
[
0.5537811952660526,
14.4747561854814,
0.569957609441817
]
],
[
[
0.8817242677113966,
14.217548510267488,
0.6120627992850705
],
[
0.5536936263132618,
14.287464054733736,
-0.040317665530065404
]
],
[
[
0.08389180104185663,
14.33308987174044,
0.4717514962356407
],
[
-0.07896894328796514,
13.729876178889766,
0.536353319004149
]
],
[
[
-0.3558557925860509,
14.564680448934817,
0.4304194503835462
],
[
-0.9284700344177963,
14.081577629456984,
0.42538164755742597
]
],
[
[
-0.5815087716717843,
14.255908368097474,
-0.05469150427523018
],
[
-0.3958553627370929,
14.499905371691382,
0.5415493415999358
]
],
[
[
-0.9449451954818243,
14.221840495910934,
0.5099408014801408
],
[
-0.5717458088502296,
14.30559162434922,
-0.028408710653867783
]
],
[
[
-0.6615012024900093,
14.94443403373781,
0.43945864476075935
],
[
-1.279404133837132,
15.046190118566045,
0.5601225953087272
]
],
[
[
-0.9518360091218439,
14.923526894015996,
-0.0694110734353724
],
[
-0.6581019182183017,
15.000087087140457,
0.5332356679677791
]
],
[
[
-1.2282079467312847,
15.013078968166475,
0.677339775067243
],
[
-0.8688268115532274,
14.892393928088204,
-0.05262447105309044
]
],
[
[
-0.42743796314042254,
15.411584671620446,
0.5156133364308052
],
[
-0.8632253374542751,
15.973017649924378,
0.4807242943731963
]
],
[
[
-0.6425235900221815,
15.810080840308963,
-0.02512850162672926
],
[
-0.4989335440524059,
15.426423480191325,
0.5621251269295016
]
],
[
[
-0.8743990158548693,
15.902297884134384,
0.6088487710246342
],
[
-0.5861560380975491,
15.674160853671243,
-0.06785383749966267
]
],
[
[
-0.06981539126127229,
15.590002692588362,
0.5676252338222293
],
[
0.11832992579488712,
16.2577567532987,
0.44079105701699983
]
],
[
[
0.3164970679468259,
15.405817754421347,
0.5342229458385611
],
[
1.0028107705132971,
15.889888862660564,
0.518469701933992
]
],
[
[
0.6811792154940128,
15.757098193153206,
0.000906500312197046
],
[
0.40562374895371917,
15.410394527793954,
0.5825353261075555
]
],
[
[
0.8342382079615003,
15.79829329827467,
0.628903701792226
],
[
0.548718258460512,
15.706649864816141,
-0.05038176959466585
]
],
[
[
0.5965304670298286,
14.97772379053933,
0.45792759734506766
],
[
1.2762621344100809,
14.915784610043557,
0.4008073941672996
]
],
[
[
0.9716322975837101,
14.944485651789444,
-0.08503971658477678
],
[
0.6265171032438082,
14.934826478805846,
0.5090221401124491
]
],
[
[
1.2779188466189375,
14.954528550118425,
0.5407652016212382
],
[
0.8117480944230077,
14.984101753189998,
-0.0789237960818321
]
],
[
[
0.8023421670379776,
14.010693105582048,
0.5523423321227335
],
[
1.2523329410701578,
15.19999985455061,
0.423856310839969
]
],
[
[
-0.16546027354310747,
13.821770151782754,
0.559446317864313
],
[
0.9843603499937573,
14.167584587791605,
0.49607630090743543
]
],
[
[
-1.0039368816244791,
14.261707241376428,
0.3464903771092445
],
[
0.08788211376870562,
13.812656309696415,
0.6215681494574753
]
],
[
[
-1.3094770328693512,
15.058713736921844,
0.5856213151071271
],
[
-0.8272738237572745,
14.032738960742277,
0.3688853265164237
]
],
[
[
-0.790755112748193,
15.97655114331199,
0.42522753120225093
],
[
-1.2982388299207925,
14.842116741703391,
0.6163158590699696
]
],
[
[
0.1920608129355288,
16.216513100345203,
0.3623640540080733
],
[
-0.9734367134859434,
15.876077160178374,
0.5442166779372888
]
],
[
[
0.9601367739347958,
15.7492476024192,
0.5748678330948969
],
[
-0.02159613142603117,
16.24621218879088,
0.395768993310468
]
],
[
[
1.2988023664927606,
14.861228323337315,
0.4467211499526149
],
[
0.8968697906678238,
15.947149264556142,
0.5679309682044247
]
]
],
"contact_t_pairs": [
[
0.8999999701579738,
0.10000021451561157
],
[
0.8465655125233342,
0.8999998896059603
],
[
0.10000005470196693,
0.27564386295778315
],
[
0.1643978646293205,
0.8672821488147141
],
[
0.10000002937243285,
0.12903874470114135
],
[
0.18163884314961917,
0.10000008644779039
],
[
0.10000004018362846,
0.17799283245897513
],
[
0.2709516985896077,
0.8999996413498047
],
[
0.8266936655807239,
0.8999999647977754
],
[
0.8520184210094969,
0.10000041010227986
],
[
0.8999999817612202,
0.8999998654181242
],
[
0.8556276017512578,
0.16192357281713501
],
[
0.7632018954312184,
0.6656090872774103
],
[
0.8252428287557338,
0.15215521412631328
],
[
0.8999998796759314,
0.8999999093145542
],
[
0.10000005470435348,
0.8710225631579908
],
[
0.17451416772087902,
0.8680024907772732
],
[
0.10000078108316517,
0.337316510854924
],
[
0.10000035978275859,
0.10000024514929383
],
[
0.8999999614422665,
0.29910865489662436
],
[
0.8689067235131155,
0.10000017560711476
],
[
0.8999999650417586,
0.8628067593102993
],
[
0.1000000572049736,
0.8999999045640578
],
[
0.1780250288285619,
0.7909735619289214
],
[
0.10000001721408422,
0.10000006635400802
],
[
0.13109332809242358,
0.8999998093220125
],
[
0.1828575975433018,
0.8999999035644531
],
[
0.8386067759924639,
0.8609494748756625
],
[
0.8930043104820711,
0.8999999669833059
],
[
0.8623231946034561,
0.8999998939429775
],
[
0.8776017431262562,
0.10000045052628694
],
[
0.16532326152605006,
0.7744787858238813
],
[
0.15589096142113296,
0.14754479488945807
],
[
0.1000001599146734,
0.1923075095178504
],
[
0.1000000949272341,
0.22633787844455178
],
[
0.8999999610420439,
0.10000009546580446
],
[
0.1088046903384241,
0.8659689458147771
],
[
0.23941652667279856,
0.14849648848072114
],
[
0.8999993805402589,
0.8739332413686421
],
[
0.10000003812844652,
0.8999997186531828
],
[
0.8999998459681465,
0.20448534458735806
],
[
0.8529607944115588,
0.8201884371777374
],
[
0.10000013459759206,
0.1350401123904816
],
[
0.10000013749913676,
0.8999996318730186
],
[
0.1877532635085491,
0.8999998817433701
],
[
0.10000011266700035,
0.19010226306477584
],
[
0.7799593810930819,
0.10000013192988152
],
[
0.26181338728106374,
0.8999996553554945
],
[
0.10000006985982159,
0.8999998511568076
],
[
0.131997579563678,
0.10000008183540275
],
[
0.16399504689160166,
0.8999997245154264
],
[
0.16884458091068127,
0.8189373984863422
],
[
0.14410971581719637,
0.10000021420346937
],
[
0.10000013821563629,
0.777686853888952
],
[
0.8999999071271209,
0.13763290728366587
],
[
0.8269281478425139,
0.8999996339024958
],
[
0.2011441796223977,
0.8999999376458684
],
[
0.10000013887908138,
0.8021911670788019
],
[
0.795742320665805,
0.10000011564454153
],
[
0.1337282928444406,
0.8999998404603702
],
[
0.10000003811432975,
0.7814340823094386
],
[
0.2652592458411658,
0.10000004399077857
],
[
0.8999998608136229,
0.7786339039590642
],
[
0.14063818209115048,
0.8999999029831748
],
[
0.8999999824830771,
0.13492960783967883
],
[
0.10000003669201409,
0.10000020974466234
],
[
0.15859659321049216,
0.8999999349566402
],
[
0.20772900487042653,
0.8089911602556
],
[
0.10000002442143602,
0.1000002481472373
],
[
0.13475786255735706,
0.8999999181863511
],
[
0.8526162922297353,
0.2822311912286769
],
[
0.8999999574429486,
0.7830549827948511
],
[
0.7457642733701713,
0.21909687317673807
],
[
0.8999987500822919,
0.8999999278175396
],
[
0.10000018946439065,
0.1689666364019323
],
[
0.10000005090003254,
0.880039287688416
],
[
0.899999488245608,
0.8999999341940148
],
[
0.21986193347149144,
0.11979905968480105
],
[
0.14775971388365716,
0.8121848230948914
],
[
0.10000003872982195,
0.832978906173438
],
[
0.7986147382822794,
0.1893391618073549
],
[
0.8999996551598988,
0.8267396700899697
],
[
0.10000008726192343,
0.8505246784506556
],
[
0.10000009542815162,
0.8999999583005495
],
[
0.8371180184419241,
0.1876145284168099
],
[
0.8999994300309847,
0.8646348939627546
],
[
0.21877934973971025,
0.10000005225493812
],
[
0.10000016643801088,
0.8999999171012328
],
[
0.7221625776082624,
0.1492476198645861
],
[
0.7997511099149652,
0.10000006535658838
],
[
0.8999999044228212,
0.8999998585314629
],
[
0.10000018626520847,
0.1399501869488259
],
[
0.8514396611943983,
0.2132912352355266
],
[
0.18236403032307877,
0.8085223924331201
],
[
0.10000046075170947,
0.10000005417655583
],
[
0.8999999727388416,
0.20235098733119525
]
],
"half_couplers": [
{
"pose": [
[
-0.009669613380661524,
0.4008486137765816,
0.9160932744052114,
0.6363960901204261
],
[
0.3439215984763048,
-0.8589117293587236,
0.3794582655200838,
14.263603896345613
],
[
0.9389485782930672,
0.318733478008508,
-0.12955515164603892,
0.010000002984202616
],
[
0.0,
0.0,
0.0,
1.0
]
],
"at_element": 0,
"to_element": 21
},
{
"pose": [
[
0.9091404896044218,
-0.40084861376491787,
-0.11306617091144375,
0.6219655366443109
],
[
0.41587123206809407,
0.8589117293554832,
0.2988674614502867,
14.29452472584614
],
[
-0.022686747232636667,
-0.31873347803190816,
0.9475728370324287,
-0.0014744049125400144
],
[
0.0,
0.0,
0.0,
1.0
]
],
"at_element": 21,
"to_element": 0
},
{
"pose": [
[
0.21797489622364552,
0.33654131576131247,
0.9160932744005578,
0.598612222293829
],
[
-0.20010553811601645,
-0.903310134081948,
0.3794582655314712,
14.247953305569332
],
[
0.9552197224888054,
-0.26602771368881406,
-0.12955515164559017,
0.015343448747666577
],
[
0.0,
0.0,
0.0,
1.0
]
],
"at_element": 0,
"to_element": 22
},
{
"pose": [
[
-0.8287138961163487,
-0.3365413157610304,
-0.4471836548550224,
0.5864967266657028
],
[
-0.41826608973901025,
0.9033101340815597,
0.09531148849951301,
14.280472492568853
],
[
0.3718692734794038,
0.2660277136904894,
-0.8893494807950983,
0.024920452970363098
],
[
0.0,
0.0,
0.0,
1.0
]
],
"at_element": 22,
"to_element": 0
},
{
"pose": [
[
0.14897549133283827,
-0.8297605835958444,
0.5378695723805389,
0.5787873135896199
],
[
-0.24428630725878597,
0.4961971711153259,
0.8331341833480451,
14.347561739350752
],
[
-0.9581912664327545,
-0.25551074593416223,
-0.12877793151065386,
0.10084768064331533
],
[
0.0,
0.0,
0.0,
1.0
]
],
"at_element": 16,
"to_element": 21
},
{
"pose": [
[
-0.5465468100444022,
0.8297605831824929,
-0.11306617101032981,
0.6086587040433918
],
[
-0.8151482113780187,
-0.4961971723654903,
0.29886746163426464,
14.329698635490306
],
[
0.19188532491440016,
0.2555107448487067,
0.9475728369626022,
0.11004607037717284
],
[
0.0,
0.0,
0.0,
1.0
]
],
"at_element": 21,
"to_element": 16
},
{
"pose": [
[
0.8264102289844364,
0.5515996504696247,
-0.11306617103130064,
0.6170867450822134
],
[
-0.5011617887915335,
0.8121053516336993,
0.2988674610980193,
14.307420820561127
],
[
0.25667682966166194,
-0.19032268243615522,
0.9475728371292333,
0.03941324808213072
],
[
0.0,
0.0,
0.0,
1.0
]
],
"at_element": 21,
"to_element": 22
},
{
"pose": [
[
0.704105534881709,
-0.5515996505481182,
-0.44718365496084084,
0.5972291481625533
],
[
-0.5756740552528785,
-0.8121053517443158,
0.09531148816877696,
14.278185013907725
],
[
-0.41573402297340084,
0.19032268173666286,
-0.8893494807773359,
0.04626486791545744
],
[
0.0,
0.0,
0.0,
1.0
]
],
"at_element": 22,
"to_element": 21
},
{
"pose": [
[
0.4001563590433921,
0.025455862097272297,
0.9160932744006041,
0.07071069979410494
],
[
-0.844693985946503,
-0.3774963507449409,
0.3794582655313516,
14.029289331390336
],
[
0.35548130530724786,
-0.9256611173961762,
-0.1295551516456135,
0.08999999706275673
],
[
0.0,
0.0,
0.0,
1.0
]
],
"at_element": 0,
"to_element": 1
},
{
"pose": [
[
-0.3367837669896201,
-0.025455862097283843,
-0.9412378516491807,
0.0697942885644437
],
[
-0.8750706500159058,
0.3774963507448834,
0.3028990964909532,
14.042879202896415
],
[
0.3476032965508541,
0.925661117396199,
-0.14941032082088213,
0.1233238043492778
],
[
0.0,
0.0,
0.0,
1.0
]
],
"at_element": 1,
"to_element": 0
},
{
"pose": [
[
0.21587410050145062,
0.3378927127515949,
0.9160932744006243,
0.12843805936362976
],
[
-0.19447426506215398,
-0.9045392113935811,
0.37945826553128736,
14.053200787077298
],
[
0.9568584707056862,
-0.2600717780168508,
-0.12955515164565656,
0.08183611568503808
],
[
0.0,
0.0,
0.0,
1.0
]
],
"at_element": 0,
"to_element": 2
},
{
"pose": [
[
0.9137324970236658,
-0.3378927127515702,
-0.22565779080785486,
0.116263417338184
],
[
0.24901368905122492,
0.9045392113935908,
-0.3461228072759155,
14.085792318889329
],
[
0.32106869443780495,
0.2600717780168498,
0.9106467831882776,
0.09120678477254784
],
[
0.0,
0.0,
0.0,
1.0
]
],
"at_element": 2,
"to_element": 0
},
{
"pose": [
[
0.25258819508211316,
-0.22421086130628431,
-0.9412378516493345,
0.09569693281436559
],
[
0.3376265495341908,
-0.8912129096882264,
0.30289909649036956,
14.034543491018402
],
[
-0.9067565917900995,
-0.39429562421784464,
-0.14941032082109773,
0.12743554122929024
],
[
0.0,
0.0,
0.0,
1.0
]
],
"at_element": 1,
"to_element": 2
},
{
"pose": [
[
0.9480548776944675,
0.22421086130574702,
-0.2256577908078144,
0.10376852518285642
],
[
-0.2931527790901099,
0.8912129096884723,
-0.3461228072756144,
14.06662716117893
],
[
0.12350464360287627,
0.3942956242175938,
0.9106467831884021,
0.14163018609540454
],
[
0.0,
0.0,
0.0,
1.0
]
],
"at_element": 2,
"to_element": 1
},
{
"pose": [
[
0.11587609946937216,
-0.31724444233835003,
-0.9412378516491957,
-0.056792651869197575
],
[
-0.12591516117738358,
-0.9446679361186465,
0.302899096490911,
14.08361605789829
],
[
-0.9852502736652438,
0.08341734996249899,
-0.14941032082087324,
0.10322963224518807
],
[
0.0,
0.0,
0.0,
1.0
]
],
"at_element": 1,
"to_element": 3
},
{
"pose": [
[
-0.943095012355371,
0.3172444423382785,
-0.09963815271218569,
-0.04537184663218419
],
[
0.3235074009287529,
0.9446679361186334,
-0.054272018699184923,
14.117624119418743
],
[
0.07690747177449812,
-0.08341734996292012,
-0.9935425438854735,
0.1002266062495608
],
[
0.0,
0.0,
0.0,
1.0
]
],
"at_element": 3,
"to_element": 1
},
{
"pose": [
[
0.2964688445794115,
0.16179471813558638,
-0.9412378516491859,
-0.552516779543046
],
[
0.9528872743793302,
0.016061745574313502,
0.3028990964909551,
14.243144693639078
],
[
0.06412539683838042,
-0.9866937161614702,
-0.1494103208208457,
0.02453931945695969
],
[
0.0,
0.0,
0.0,
1.0
]
],
"at_element": 1,
"to_element": 17
},
{
"pose": [
[
0.849281784166379,
-0.1617947181355775,
0.5025364865028221,
-0.5583464393083747
],
[
0.5069122716601187,
-0.01606174557432083,
-0.8618479965570982,
14.24256596948161
],
[
0.14751406686668928,
0.9866937161614717,
0.06837478017452847,
0.060091089774884254
],
[
0.0,
0.0,
0.0,
1.0
]
],
"at_element": 17,
"to_element": 1
},
{
"pose": [
[
-0.010718008568355364,
-0.33757433391097086,
-0.9412378516490363,
-0.5751065658812132
],
[
-0.46894172052136324,
-0.8296660774668092,
0.3028990964913934,
14.250414297023351
],
[
-0.8831640770812592,
0.44463217268367244,
-0.149410320820901,
0.020953459391784175
],
[
0.0,
0.0,
0.0,
1.0
]
],
"at_element": 1,
"to_element": 25
},
{
"pose": [
[
0.8996474030025929,
0.3375743339112374,
0.27690814244993706,
-0.5629433546414289
],
[
-0.42333143084540065,
0.8296660774665766,
0.3639295255397813,
14.280308168520591
],
[
-0.10688802519027096,
-0.444632172683904,
0.8893127577434808,
0.004932824832016666
],
[
0.0,
0.0,
0.0,
1.0
]
],
"at_element": 25,
"to_element": 1
},
{
"pose": [
[
0.2318765156243049,
-0.24556992512265755,
-0.9412378516491907,
-0.6179063160545847
],
[
0.2578854943614647,
-0.9174678245818355,
0.3028990964909222,
14.264187654772233
],
[
-0.9379383526116599,
-0.31296677576433957,
-0.14941032082088235,
0.014159507795753555
],
[
0.0,
0.0,
0.0,
1.0
]
],
"at_element": 1,
"to_element": 26
},
{
"pose": [
[
-0.7876123186415702,
0.24556992512296355,
0.5651214448232802,
-0.6090657977392626
],
[
0.37705330937105447,
0.9174678245821131,
0.1268211052975835,
14.297216500234008
],
[
-0.48733729327477654,
0.3129667757632861,
-0.815201913547771,
0.025426313011620273
],
[
0.0,
0.0,
0.0,
1.0
]
],
"at_element": 26,
"to_element": 1
},
{
"pose": [
[
0.3362208976729564,
-0.796500211990793,
0.502536486502834,
-0.5801211203109449
],
[
0.2676825022709125,
-0.4307715273883739,
-0.8618479965570904,
14.27990945737108
],
[
0.9029405218207754,
0.42429153124957536,
0.06837478017453824,
0.05712844115750218
],
[
0.0,
0.0,
0.0,
1.0
]
],
"at_element": 17,
"to_element": 25
},
{
"pose": [
[
0.5375028306375258,
0.7965002119908434,
0.2769081424501433,
-0.5514471083913984
],
[
-0.8258275798441151,
0.43077152738847047,
0.3639295255406133,
14.295417234676076
],
[
0.17058580077327318,
-0.4242915312493827,
0.8893127577430762,
0.04185394374838743
],
[
0.0,
0.0,
0.0,
1.0
]
],
"at_element": 25,
"to_element": 17
},
{
"pose": [
[
-0.171395945337127,
0.9590109443494745,
-0.22565779078046921,
0.01001462492769849
],
[
-0.9060717767143438,
-0.24337817843729015,
-0.3461228072552564,
13.922823736385958
],
[
-0.3868557423170882,
0.14513810966963858,
0.9106467832029159,
0.5199760316922584
],
[
0.0,
0.0,
0.0,
1.0
]
],
"at_element": 2,
"to_element": 23
},
{
"pose": [
[
-0.11434754132300862,
-0.9590109443511314,
-0.25927330832180506,
-0.02450979034483571
],
[
0.13626059597121593,
0.24337817843847187,
-0.9603125075961161,
13.931585356208867
],
[
0.9840516702790316,
-0.14513810965670682,
0.10284570650409208,
0.5147510565250445
],
[
0.0,
0.0,
0.0,
1.0
]
],
"at_element": 23,
"to_element": 2
},
{
"pose": [
[
0.9384417862200527,
-0.26154459528558305,
-0.22565779080948536,
7.530607111507978e-05
],
[
0.17372372137420253,
0.9219647883310311,
-0.3461228072658829,
13.907578417654726
],
[
0.29857508688438045,
0.28561399432558904,
0.9106467831916868,
0.5600863629661184
],
[
0.0,
0.0,
0.0,
1.0
]
],
"at_element": 2,
"to_element": 41
},
{
"pose": [
[
0.13073722488441708,
0.26154459528533863,
0.9562960852719986,
0.009490929637995249
],
[
-0.25934701801899024,
-0.9219647883339888,
0.28761094088528855,
13.87438762134165
],
[
0.9568944049758985,
-0.2856139943162656,
-0.05270430700169837,
0.5498042393650512
],
[
0.0,
0.0,
0.0,
1.0
]
],
"at_element": 41,
"to_element": 2
},
{
"pose": [
[
0.9385727378671718,
0.2610742752172738,
-0.225657790807888,
-0.011901208885343132
],
[
-0.32774311246971033,
0.8790810284108368,
-0.3461228072762794,
13.889208367308708
],
[
0.10800772176649287,
0.39881921757598504,
0.9106467831881311,
0.6084178421490898
],
[
0.0,
0.0,
0.0,
1.0
]
],
"at_element": 2,
"to_element": 42
},
{
"pose": [
[
-0.3472300968748234,
-0.2610742752169087,
0.9007061022577044,
-0.021299884782705183
],
[
-0.29997385725856457,
-0.8790810284109898,
-0.3704486880113015,
13.8575614435868
],
[
0.8885082693963623,
-0.39881921757588623,
0.2269279332881674,
0.5940603472771018
],
[
0.0,
0.0,
0.0,
1.0
]
],
"at_element": 42,
"to_element": 2
},
{
"pose": [
[
0.28430492576859256,
0.06832646981983842,
0.9562960852715408,
-0.05047814828922716
],
[
-0.8724724596333728,
-0.3950591776726424,
0.2876109408870049,
13.856351614301195
],
[
0.39744498533131334,
-0.9161112048537416,
-0.05270430700064188,
0.5531093127020095
],
[
0.0,
0.0,
0.0,
1.0
]
],
"at_element": 41,
"to_element": 42
},
{
"pose": [
[
0.4290221566284329,
-0.06832646982435586,
0.900706102257129,
-0.052937901752524844
],
[
0.8406521371418582,
0.395059177676659,
-0.3704486880153156,
13.87057374787602
],
[
-0.33052076098289945,
0.9161112048516727,
0.22692793328389893,
0.5860893234477909
],
[
0.0,
0.0,
0.0,
1.0
]
],
"at_element": 42,
"to_element": 41
},
{
"pose": [
[
0.7698818076536333,
-0.6303604054571493,
-0.09963815271206222,
-0.009334221167945644
],
[
-0.636774814178037,
-0.7691374285619301,
-0.054272018699033205,
14.137253494611302
],
[
-0.04242450085151588,
0.10523010603928978,
-0.9935425438854943,
0.45957604323416174
],
[
0.0,
0.0,
0.0,
1.0
]
],
"at_element": 3,
"to_element": 10
},
{
"pose": [
[
-0.08095403336019169,
0.6303604054557367,
0.7720700769466435,
0.013378438798530692
],
[
-0.0696856574815633,
0.7691374285629191,
-0.6352727958326114,
14.164966461243063
],
[
-0.9942788108091609,
-0.10523010604052357,
-0.018337697745926862,
0.4557844732116734
],
[
0.0,
0.0,
0.0,
1.0
]
],
"at_element": 10,
"to_element": 3
},
{
"pose": [
[
-0.2617643892041872,
-0.9599748137705286,
-0.09963815268659755,
-0.005632857574419841
],
[
-0.9619099232080583,
0.26792507836423507,
-0.054272018733283856,
14.13926959455589
],
[
0.07879533094305909,
0.08163644596476155,
-0.9935425438861771,
0.4964842164635186
],
[
0.0,
0.0,
0.0,
1.0
]
],
"at_element": 3,
"to_element": 23
},
{
"pose": [
[
-0.10595144408498713,
0.9599748137742345,
-0.259273308335875,
0.02895618300928531
],
[
-0.07756313654023606,
-0.2679250783595788,
-0.9603125075911771,
14.129615933568136
],
[
-0.9913416420923449,
-0.08163644593646607,
0.10284570651473923,
0.49354275768678213
],
[
0.0,
0.0,
0.0,
1.0
]
],
"at_element": 23,
"to_element": 3
},
{
"pose": [
[
-0.4483735055791871,
-0.20029373576140164,
0.8711163061895766,
0.06039510959565499
],
[
0.8628011978160344,
0.1576358296693935,
0.48033846218230136,
14.278443246504537
],
[
-0.23352792668511096,
0.9669712325706404,
0.10213394557623612,
0.5130226712966705
],
[
0.0,
0.0,
0.0,
1.0
]
],
"at_element": 9,
"to_element": 23
},
{
"pose": [
[
-0.9448067374048028,
0.20029373564763314,
-0.25927330833467516,
0.06760568668367799
],
[
0.23011047977420018,
-0.1576358298867806,
-0.9603125075901038,
14.272768354577961
],
[
-0.23321534266119565,
-0.9669712325587674,
0.10284570652778424,
0.47821169434958277
],
[
0.0,
0.0,
0.0,
1.0
]
],
"at_element": 23,
"to_element": 9
},
{
"pose": [
[
-0.6290103161757623,
-0.09085052812401817,
0.7720700769256994,
0.031908122887786036
],
[
-0.7679472899035437,
-0.08176450803796631,
-0.6352727958563255,
14.149719912297938
],
[
0.1208427990170331,
-0.9925022653701586,
-0.01833769780622907,
0.45534436841252124
],
[
0.0,
0.0,
0.0,
1.0
]
],
"at_element": 10,
"to_element": 23
},
{
"pose": [
[
0.96152146784233,
0.0908505281537612,
-0.25927330833025203,
0.035178742869900595
],
[
-0.2666729326224248,
0.08176450797881363,
-0.9603125075940322,
14.152663435456647
],
[
-0.06604554401991834,
0.992502265372309,
0.10284570650225444,
0.49107446054779935
],
[
0.0,
0.0,
0.0,
1.0
]
],
"at_element": 23,
"to_element": 10
},
{
"pose": [
[
-0.12161977870720397,
0.38207556583219954,
-0.9160932765942644,
-0.6144098364147085
],
[
0.5708493465706409,
-0.7281088193185536,
-0.37945825956278045,
15.745503112901593
],
[
-0.811997323238866,
-0.5691008778982393,
-0.12955515361563297,
0.013109327648688452
],
[
0.0,
0.0,
0.0,
1.0
]
],
"at_element": 4,
"to_element": 31
},
{
"pose": [
[
0.9021096275416002,
-0.38207556583118296,
0.20054047444727172,
-0.6281645602097703
],
[
0.4274943397257073,
0.7281088193188218,
-0.5358228594718902,
15.771715036924238
],
[
0.05870953414256555,
0.5691008778985785,
0.820169117545784,
0.03359696435480916
],
[
0.0,
0.0,
0.0,
1.0
]
],
"at_element": 31,
"to_element": 4
},
{
"pose": [
[
-0.26928385480472006,
-0.29708469183371494,
-0.9160932765933704,
-0.6363960783486832
],
[
0.3428395152543367,
0.8593442244107707,
-0.3794582595648991,
15.736396113306926
],
[
0.8999707063686474,
-0.41625495774815413,
-0.12955515361574999,
0.010000003495824139
],
[
0.0,
0.0,
0.0,
1.0
]
],
"at_element": 4,
"to_element": 32
},
{
"pose": [
[
0.8784339405002517,
0.2970846918342182,
0.3742919957131971,
-0.6257010263221252
],
[
0.4168546443809316,
-0.8593442244097143,
-0.2962426529582026,
15.705459712201804
],
[
0.23363650749668258,
0.41625495774997645,
-0.8787182668599296,
0.024985186346959523
],
[
0.0,
0.0,
0.0,
1.0
]
],
"at_element": 32,
"to_element": 4
},
{
"pose": [
[
-0.3790626681597893,
-0.8693333442555382,
-0.3171293587371932,
-0.6462763774612401
],
[
0.2823434860137537,
0.21771010084152542,
-0.9342828628938744,
15.70481214554779
],
[
0.8812455103506529,
-0.44369116348768395,
0.16292483521477785,
-0.01615640093618279
],
[
0.0,
0.0,
0.0,
1.0
]
],
"at_element": 18,
"to_element": 32
},
{
"pose": [
[
0.3227460898553062,
0.8693333442530327,
0.3742919957104999,
-0.6149803633820213
],
[
0.9299691406500152,
-0.21771010084033526,
-0.2962426529565979,
15.696974578490028
],
[
-0.1760464680752865,
0.44369116349317717,
-0.8787182668616191,
-0.00018351206548192223
],
[
0.0,
0.0,
0.0,
1.0
]
],
"at_element": 32,
"to_element": 18
},
{
"pose": [
[
0.5403087064832819,
0.817220912485758,
0.2005404744541809,
-0.6169609679489177
],
[
-0.6378531400492217,
0.5532063222790626,
-0.5358228594599357,
15.74178022771373
],
[
-0.5488259044794724,
0.1615943847614112,
0.8201691175519047,
0.0794173425266713
],
[
0.0,
0.0,
0.0,
1.0
]
],
"at_element": 31,
"to_element": 32
},
{
"pose": [
[
0.43824135148566545,
-0.8172209124819937,
0.37429199570671445,
-0.6464064410371629
],
[
-0.7785904286233133,
-0.5532063222847263,
-0.29624265297281727,
15.721847524541067
],
[
0.44915638958405435,
-0.16159438476105972,
-0.8787182668577638,
0.07359489839357858
],
[
0.0,
0.0,
0.0,
1.0
]
],
"at_element": 32,
"to_element": 31
},
{
"pose": [
[
0.40015635512838144,
-0.02545584471336787,
-0.9160932765937635,
-0.07071069029085038
],
[
-0.8857199646289553,
-0.2674164794966569,
-0.379458259563943,
15.970710673076766
],
[
-0.23531900838659658,
0.9632447386119185,
-0.1295551536157702,
0.08999999827859158
],
[
0.0,
0.0,
0.0,
1.0
]
],
"at_element": 4,
"to_element": 5
},
{
"pose": [
[
-0.3367837805561569,
0.025455844713364595,
0.9412378472650956,
-0.06979427969249506
],
[
-0.9049362104547285,
0.2674164794966605,
-0.33102701022944875,
15.980337668320688
],
[
-0.2601290836529776,
-0.9632447386119174,
-0.06702561729906709,
0.05532318054916799
],
[
0.0,
0.0,
0.0,
1.0
]
],
"at_element": 5,
"to_element": 4
},
{
"pose": [
[
0.030410137760475187,
-0.39981037017826426,
-0.9160932765932236,
-0.09269698126246557
],
[
-0.3879295550754378,
0.8399536234500198,
-0.3794582595650742,
15.961603653170043
],
[
0.9211872143165915,
0.36691903514413327,
-0.12955515361627468,
0.08689066719075765
],
[
0.0,
0.0,
0.0,
1.0
]
],
"at_element": 4,
"to_element": 6
},
{
"pose": [
[
0.9163662604867152,
0.39981037017945414,
-0.020604478604455342,
-0.07830380482709524
],
[
0.3752849548079618,
-0.8399536234489244,
0.39196825528326845,
15.931365316194434
],
[
0.1394061667803102,
-0.36691903514534546,
-0.9197479776067083,
0.07368157907237978
],
[
0.0,
0.0,
0.0,
1.0
]
],
"at_element": 6,
"to_element": 4
},
{
"pose": [
[
-0.28463061531909384,
-0.2824155119726125,
-0.9160932765937766,
-0.1292998472143492
],
[
0.38784266234870124,
0.8399937490904317,
-0.3794582595639107,
15.946442249671048
],
[
0.8766775245695226,
-0.4633054932614636,
-0.1295551536157724,
0.08171424024566983
],
[
0.0,
0.0,
0.0,
1.0
]
],
"at_element": 4,
"to_element": 7
},
{
"pose": [
[
0.8858636020945974,
0.2824155119725028,
-0.3680858012492387,
-0.11913288477949867
],
[
0.043048293775201585,
-0.8399937490906622,
-0.5408857050169269,
15.916202462795102
],
[
-0.4619442854793518,
0.463305493261113,
-0.7562773942324656,
0.09839324457142012
],
[
0.0,
0.0,
0.0,
1.0
]
],
"at_element": 7,
"to_element": 4
},
{
"pose": [
[
0.41094941637650173,
0.9114252754018786,
-0.020604478601081777,
-0.07748748770350276
],
[
0.8419579538428037,
-0.37076635609876085,
0.3919682552785186,
15.915836148733579
],
[
0.3496103275657797,
-0.17842723038778746,
-0.9197479776088073,
0.11012055129402695
],
[
0.0,
0.0,
0.0,
1.0
]
],
"at_element": 6,
"to_element": 7
},
{
"pose": [
[
-0.1838934753591137,
-0.9114252754014417,
-0.36808580124714585,
-0.11029880998648686
],
[
-0.7549668623785045,
0.37076635610088504,
-0.5408857050191177,
15.929183742584677
],
[
0.6294507339186312,
0.17842723038560562,
-0.7562773942319172,
0.11654393400915311
],
[
0.0,
0.0,
0.0,
1.0
]
],
"at_element": 7,
"to_element": 6
},
{
"pose": [
[
-0.33555964280458195,
-0.03835415227599587,
0.9412378472649999,
0.6147455674327228
],
[
-0.9390858434106677,
0.09240615349629044,
-0.3310270102298228,
15.739589615493015
],
[
-0.07427990863306533,
-0.9949824429602816,
-0.06702561729856549,
0.006577046983996146
],
[
0.0,
0.0,
0.0,
1.0
]
],
"at_element": 5,
"to_element": 19
},
{
"pose": [
[
-0.9398656733617079,
0.038354152275589,
-0.33938396402830284,
0.61612751483914
],
[
-0.3415145014895117,
-0.09240615349563996,
0.9353229111213466,
15.736260107823473
],
[
0.004512350686037198,
0.9949824429603575,
0.09994787087239565,
0.04242749145735476
],
[
0.0,
0.0,
0.0,
1.0
]
],
"at_element": 19,
"to_element": 5
},
{
"pose": [
[
-0.14500925197693104,
0.3050305422705621,
0.941237847264557,
0.5882609092121717
],
[
-0.21685047765076532,
0.918366478504188,
-0.33102701023096565,
15.748904091375145
],
[
-0.9653746356641683,
-0.2521098559000496,
-0.06702561729913725,
0.008463021471045622
],
[
0.0,
0.0,
0.0,
1.0
]
],
"at_element": 5,
"to_element": 36
},
{
"pose": [
[
0.8712622078491734,
-0.3050305422746522,
-0.3845237748870872,
0.5772702836920066
],
[
-0.3759924679569845,
-0.9183664785061618,
-0.12342072433674738,
15.715814217881423
],
[
-0.31548665457258196,
0.25210985588791057,
-0.9148271920700528,
0.017546849587017833
],
[
0.0,
0.0,
0.0,
1.0
]
],
"at_element": 36,
"to_element": 5
},
{
"pose": [
[
0.4703782730344117,
-0.8145936442289203,
-0.33938396402748855,
0.6242727296578526
],
[
0.2607662036044937,
-0.2391067522866157,
0.9353229111214195,
15.713812358832858
],
[
-0.8430570961179702,
-0.5284554435265042,
0.09994787087447998,
0.04002874265006088
],
[
0.0,
0.0,
0.0,
1.0
]
],
"at_element": 19,
"to_element": 35
},
{
"pose": [
[
0.44086062528155967,
0.814593644229159,
-0.376933818936177,
0.6536235446950023
],
[
-0.8472942081000101,
0.2391067522840974,
-0.47425782643234066,
15.722427670418167
],
[
-0.296199989865849,
0.5284554435272758,
0.7956132290314567,
0.05906964493080816
],
[
0.0,
0.0,
0.0,
1.0
]
],
"at_element": 35,
"to_element": 19
},
{
"pose": [
[
-0.6837196933560592,
0.6248586056672527,
-0.3769338189134437,
0.6356234870342392
],
[
-0.43701165775297945,
-0.7642645647962463,
-0.474257826487657,
15.69978001241298
],
[
-0.5844212452547295,
-0.1595349426313267,
0.7956132290092534,
0.09706327479025251
],
[
0.0,
0.0,
0.0,
1.0
]
],
"at_element": 35,
"to_element": 36
},
{
"pose": [
[
-0.6794800876112927,
-0.6248586056768571,
-0.3845237748843681,
0.613109064143479
],
[
-0.6329826220633336,
0.7642645647757721,
-0.12342072432912865,
15.727317403200976
],
[
0.3709983971738657,
0.1595349426917928,
-0.9148271920722237,
0.10281151468470315
],
[
0.0,
0.0,
0.0,
1.0
]
],
"at_element": 36,
"to_element": 35
},
{
"pose": [
[
-0.8697649059979295,
-0.49303596598609467,
-0.020604478604691376,
-0.06840970509923903
],
[
-0.46068889919984346,
0.7963206797538069,
0.3919682552841126,
15.743145411077034
],
[
-0.17684667497142603,
0.3504124872783406,
-0.9197479776063426,
0.5153369293300405
],
[
0.0,
0.0,
0.0,
1.0
]
],
"at_element": 6,
"to_element": 13
},
{
"pose": [
[
-0.13464726856550735,
0.4930359659805264,
-0.859526409901114,
-0.05066040937309575
],
[
0.3280739706528673,
-0.7963206797597033,
-0.5081740300006546,
15.714477865070485
],
[
-0.9350067287714618,
-0.35041248727277674,
-0.05452986260203141,
0.5027220791123456
],
[
0.0,
0.0,
0.0,
1.0
]
],
"at_element": 13,
"to_element": 6
},
{
"pose": [
[
-0.32775134934093986,
-0.9445393101752766,
-0.020604478610383947,
-0.06766654881836065
],
[
-0.8717552379507933,
0.293945049200536,
0.391968255290974,
15.729008015202549
],
[
-0.3641728409842626,
0.146430186724278,
-0.9197479776032913,
0.5485101291719069
],
[
0.0,
0.0,
0.0,
1.0
]
],
"at_element": 6,
"to_element": 33
},
{
"pose": [
[
0.19150819718855994,
0.9445393101790845,
0.2667772515339462,
-0.03363363391075594
],
[
0.1308038116262752,
-0.2939450491685216,
0.9468298004041449,
15.718416812973999
],
[
0.9727358188499204,
-0.14643018676398006,
-0.17984222844104303,
0.5432340691590689
],
[
0.0,
0.0,
0.0,
1.0
]
],
"at_element": 33,
"to_element": 6
},
{
"pose": [
[
-0.4701430040434773,
0.20044926157071358,
-0.859526409882053,
-0.020008545742411635
],
[
0.8279934181493951,
-0.23703597766268047,
-0.5081740300278819,
15.732600031985383
],
[
-0.30560179196178855,
-0.9505966751621076,
-0.05452986264874249,
0.504666687088222
],
[
0.0,
0.0,
0.0,
1.0
]
],
"at_element": 13,
"to_element": 33
},
{
"pose": [
[
-0.9426823386535133,
-0.20044926159932056,
0.26677725149463244,
-0.02723097935950362
],
[
0.21754832639880503,
0.23703597764807172,
0.9468298004295713,
15.741140730012274
],
[
-0.2530271409786354,
0.9505966751597178,
-0.1798422283654979,
0.5389178553298725
],
[
0.0,
0.0,
0.0,
1.0
]
],
"at_element": 33,
"to_element": 13
},
{
"pose": [
[
-0.38326245442954,
0.26092843361234946,
-0.886017067305845,
-0.04160741548870213
],
[
-0.9003150847014489,
0.10867712252703776,
0.42145228828215664,
15.660690539857587
],
[
0.20625867080844734,
0.9592213694303567,
0.1932659440886666,
0.5894737825070786
],
[
0.0,
0.0,
0.0,
1.0
]
],
"at_element": 14,
"to_element": 33
},
{
"pose": [
[
0.9277641136687046,
-0.2609284336092496,
0.2667772515090939,
-0.051000841594212296
],
[
-0.30282439147856305,
-0.10867712254470963,
0.9468298004187661,
15.656778162407075
],
[
-0.21806223266343247,
-0.959221369429198,
-0.17984222840093333,
0.5549418040333796
],
[
0.0,
0.0,
0.0,
1.0
]
],
"at_element": 33,
"to_element": 14
},
{
"pose": [
[
-0.10471824844741318,
-0.9238760367857273,
-0.36808580126813356,
0.059853055303611805
],
[
-0.7840924114530097,
0.30437106372463474,
-0.540885704995925,
16.179214336823705
],
[
0.6117460083596057,
0.23197267990052656,
-0.7562773942382899,
0.4661417964332547
],
[
0.0,
0.0,
0.0,
1.0
]
],
"at_element": 7,
"to_element": 33
},
{
"pose": [
[
0.27437741660455894,
0.9238760367789849,
0.26677725150950243,
0.09311261060983708
],
[
0.10426689126008576,
-0.3043710637238837,
0.9468298004153382,
16.16825697260523
],
[
0.9559526393312412,
-0.2319726799283648,
-0.17984222841837427,
0.45779077544091973
],
[
0.0,
0.0,
0.0,
1.0
]
],
"at_element": 33,
"to_element": 7
},
{
"pose": [
[
0.875034852154988,
0.3143673813231253,
-0.3680858012395195,
0.03030575531810136
],
[
0.07349364568220383,
-0.8378790712934825,
-0.540885705054875,
16.135795894357965
],
[
-0.4784482119920995,
0.44624187549849165,
-0.7562773942100551,
