{
"line_pt_pairs": [
[
[
6.9988785940822815,
2.495797179699978,
1.236271057200769
],
[
6.9988785940822815,
2.495797179699978,
0.23627105720076913
]
],
[
[
6.399126686995577,
2.2338066063207087,
1.2635652898104832
],
[
6.416037149171259,
2.112541804184607,
0.27108915204600426
]
],
[
[
6.500652372698662,
3.0848009899131834,
1.3348729670473483
],
[
6.432430445001114,
2.925147785248768,
0.3500599782918115
]
],
[
[
6.258650262887154,
2.1095990096706108,
0.9294094333963981
],
[
7.2099068458794395,
2.4124853304330496,
0.9874679384480614
]
],
[
[
7.053664373318666,
2.368037129820494,
0.9423211730527444
],
[
6.431729780946796,
3.1578216324174875,
1.0553878334162663
]
],
[
[
6.423962082484955,
3.1751962157653812,
1.0204802472703787
],
[
6.549969665952197,
2.1838963161376808,
0.9824460796462895
]
],
[
[
6.304312787470165,
2.086023898454556,
0.2034480820197908
],
[
7.125356215888069,
2.6551574861548493,
0.15901107038345763
]
],
[
[
7.010778990423093,
2.4755653670878948,
0.21004479691390487
],
[
6.4092110097953165,
3.2710711089506486,
0.13733592987000082
]
],
[
[
6.433121180552589,
3.231126890145045,
0.17645262483646185
],
[
6.487477754838437,
2.2151471246171868,
0.15748822444353938
]
],
[
[
6.444373725817864,
3.12620799332932,
0.6411627741501222
],
[
6.26232551201794,
2.1429967747981533,
0.6287471546845141
]
],
[
[
7.063468559301202,
2.373110343225936,
0.5736549179599719
],
[
6.381970147382632,
3.108704353878379,
0.684596868016395
]
],
[
[
6.181875350901382,
2.1273582844127046,
0.5911403648874265
],
[
7.146359398140216,
2.3907502298848247,
0.6110201456259414
]
],
[
[
6.443650205659454,
2.1120703886591747,
0.8840041238377625
],
[
6.452575197674356,
2.2822432682926475,
-0.10136968114935307
]
],
[
[
6.408221235520455,
3.1753573269351754,
0.9192609624620216
],
[
6.406700593545683,
3.002241310577961,
-0.06563930280781427
]
],
[
[
6.989997475922829,
2.5450335051076003,
0.8776451070358129
],
[
6.93420227289928,
2.467653245891621,
-0.11779408789435908
]
]
],
"contact_id_pairs": [
[
0,
4
],
[
3,
4
],
[
0,
10
],
[
0,
14
],
[
10,
11
],
[
10,
14
],
[
1,
3
],
[
3,
5
],
[
1,
11
],
[
1,
12
],
[
9,
11
],
[
11,
12
],
[
2,
4
],
[
2,
5
],
[
4,
5
],
[
2,
9
],
[
2,
10
],
[
9,
10
],
[
9,
13
],
[
10,
13
],
[
6,
8
],
[
6,
12
],
[
8,
12
],
[
6,
7
],
[
6,
14
],
[
7,
14
],
[
7,
8
],
[
8,
13
]
],
"contact_t_pairs": [
[
0.27884809775186187,
0.13356533524213737
],
[
0.8352894137787547,
2.4860301359080233e-16
],
[
0.6478024923715002,
0.13352610857987415
],
[
0.7211519022481395,
0.3641869377150827
],
[
0,
0.9146640916792892
],
[
0.1697444711418769,
0.28985446864594117
],
[
0.3314371376584163,
0.1647105862212458
],
[
0.30578355151337433,
0.983125469341707
],
[
0.6685628623415837,
0.22730001535714706
],
[
0.6435539326854754,
0.2624959591576793
],
[
0.9933846628498856,
0.0853359083207106
],
[
0.2643506393254372,
0.29779145634689896
],
[
0.29228296211288834,
0.8769389919698946
],
[
0.32825065799466624,
0.14873833508869755
],
[
1,
0.016874530658293935
],
[
0.7077170378871113,
0.15038882214186533
],
[
0.6707403275622024,
0.8553888099123591
],
[
0.07491568845186243,
0.9219311688193038
],
[
0.006615337150114491,
0.28356125987728187
],
[
1,
0.2426993445492667
],
[
0.2259170764613948,
0.999999999999999
],
[
0.20178850992559486,
0.6947839384197276
],
[
0.9760455500943723,
0.7375040408423227
],
[
0.7982114900744047,
0.08530570763877203
],
[
0.761861643263956,
0.710145531354059
],
[
0.04900357912651123,
0.6709465135459404
],
[
0.9509964208734895,
0
],
[
0.18203107626405798,
0.7573006554507333
]
],
"half_couplers": [
{
"pose": [
[
-0.6186758860251056,
0.785646325041396,
-1.496846051250941e-15,
6.9988785940822815
],
[
0.785646325041396,
0.6186758860251054,
-3.083968614152346e-15,
2.495797179699978
],
[
-1.496846051250941e-15,
-3.083968614152346e-15,
-1.0,
0.957422959448907
],
[
0.0,
0.0,
0.0,
1.0
]
],
"at_element": 0,
"to_element": 4
},
{
"pose": [
[
-0.0691490867382889,
-0.7856463250413996,
-0.6147993621924182,
6.970595470989836
],
[
0.08781128714250386,
-0.6186758860251009,
0.7807235912289531,
2.473524961678906
],
[
-0.993734160454212,
1.2434497875801753e-14,
0.11176948754630045,
0.9574229594489072
],
[
0.0,
0.0,
0.0,
1.0
]
],
"at_element": 4,
"to_element": 0
},
{
"pose": [
[
-0.3081587772961367,
-0.012209884896738243,
0.9512565829922851,
7.053224816447962
],
[
0.9409687561965252,
-0.1511213967542524,
0.3028863207624403,
2.3625967469818723
],
[
0.14005701638016588,
0.9884398019878864,
0.058058505051661546,
0.9779050880458727
],
[
0.0,
0.0,
0.0,
1.0
]
],
"at_element": 3,
"to_element": 4
},
{
"pose": [
[
0.7885890329941248,
0.012209884896738354,
-0.6147993621924145,
7.053664373318666
],
[
0.6063274672498419,
0.15112139675424685,
0.7807235912289556,
2.3680371298204945
],
[
0.10244188352321149,
-0.9884398019878873,
0.11176948754630156,
0.9423211730527444
],
[
0.0,
0.0,
0.0,
1.0
]
],
"at_element": 4,
"to_element": 3
},
{
"pose": [
[
-0.6796189305222726,
0.7335653408359493,
0.0,
6.9988785940822815
],
[
0.7335653408359493,
0.6796189305222726,
0.0,
2.495797179699978
],
[
0.0,
0.0,
-1.0,
0.5884685648292688
],
[
0.0,
0.0,
0.0,
1.0
]
],
"at_element": 0,
"to_element": 10
},
{
"pose": [
[
-0.07473431627140448,
-0.7335653408359488,
-0.675497352101164,
6.972470728354351
],
[
0.0806665349148607,
-0.6796189305222731,
0.7291166020744496,
2.4713313489630195
],
[
-0.993935456715513,
-7.771561172376096e-16,
0.10996503027656002,
0.5884685648292688
],
[
0.0,
0.0,
0.0,
1.0
]
],
"at_element": 10,
"to_element": 0
},
{
"pose": [
[
0.5848666495248549,
0.8111294608590978,
2.2885905394453146e-14,
6.9988785940822815
],
[
0.8111294608590978,
-0.5848666495248549,
-4.4716793007904886e-14,
2.495797179699978
],
[
-2.2885905394453146e-14,
4.4716793007904886e-14,
-1.0,
0.5151191549526295
],
[
0.0,
0.0,
0.0,
1.0
]
],
"at_element": 0,
"to_element": 14
},
{
"pose": [
[
-0.5821991867445324,
-0.8111294608590965,
-0.0557952030235259,
6.9696775917944915
],
[
-0.8074300575017191,
0.5848666495248566,
-0.07738025921602387,
2.5168526254641335
],
[
0.09539816139095933,
-4.4603210014315664e-14,
-0.9954391949301697,
0.5151191549526263
],
[
0.0,
0.0,
0.0,
1.0
]
],
"at_element": 14,
"to_element": 0
},
{
"pose": [
[
0.737182892789154,
-0.016269907293199493,
-0.675497352101165,
7.063468559301202
],
[
0.6710713700353541,
0.1343584641854889,
0.7291166020744484,
2.373110343225936
],
[
0.07889612726799311,
-0.9907992194276232,
0.10996503027656224,
0.5736549179599719
],
[
0.0,
0.0,
0.0,
1.0
]
],
"at_element": 10,
"to_element": 11
},
{
"pose": [
[
-0.2636395507856697,
0.016269907293201546,
0.9644840472388339,
7.064054275908255
],
[
0.9552865989650065,
-0.13435846418548936,
0.26339194547211864,
2.368273438973602
],
[
0.13387195785302192,
0.9907992194276231,
0.019879780738516484,
0.6093236864794037
],
[
0.0,
0.0,
0.0,
1.0
]
],
"at_element": 11,
"to_element": 10
},
{
"pose": [
[
-0.14357398294606938,
-0.7232494996371044,
-0.6754973521011614,
6.947787971786055
],
[
0.016221385695365964,
-0.6841972283088606,
0.7291166020744525,
2.497973359539267
],
[
-0.9895066336650424,
0.09372467150730202,
0.1099650302765578,
0.592486700599748
],
[
0.0,
0.0,
0.0,
1.0
]
],
"at_element": 10,
"to_element": 14
},
{
"pose": [
[
-0.6883291774973916,
0.7232494996371069,
-0.05579520302354929,
6.973824986997446
],
[
0.7251802867274769,
0.6841972283088569,
-0.07738025921598005,
2.522604491188867
],
[
-0.017790310498104814,
-0.09372467150730573,
-0.995439194930172,
0.5891126081199843
],
[
0.0,
0.0,
0.0,
1.0
]
],
"at_element": 14,
"to_element": 10
},
{
"pose": [
[
-0.9555110186809701,
-0.2944702522297628,
0.01691046217568217,
6.4047314421755654
],
[
-0.2942982700446943,
0.9479891223065758,
-0.12126480213610319,
2.193614947402005
],
[
0.019677942675887086,
-0.1208465743831737,
-0.9924761377644791,
0.9346218395155442
],
[
0.0,
0.0,
0.0,
1.0
]
],
"at_element": 1,
"to_element": 3
},
{
"pose": [
[
-0.0916416055380207,
0.2944702522297584,
0.9512565829922841,
6.415332292318633
],
[
0.09785959678741192,
-0.9479891223065775,
0.30288632076244354,
2.1594875931217885
],
[
0.9909719044710699,
0.12084657438317041,
0.0580585050516621,
0.9389722837985868
],
[
0.0,
0.0,
0.0,
1.0
]
],
"at_element": 3,
"to_element": 1
},
{
"pose": [
[
0.30482577861327,
0.04682048703989089,
0.9512565829922867,
6.549528879235012
],
[
-0.95199932582066,
0.04423980483687173,
0.30288632076243416,
2.2022166645381684
],
[
-0.027902120525550522,
-0.9979231842488394,
0.05805850505166954,
0.9471627692666529
],
[
0.0,
0.0,
0.0,
1.0
]
],
"at_element": 3,
"to_element": 5
},
{
"pose": [
[
0.9909237765348519,
-0.046820487039895886,
0.12600758346724195,
6.547843347121802
],
[
0.12396511068081442,
-0.04423980483687595,
-0.9912998996277004,
2.200624036685511
],
[
0.051987695003725964,
0.9979231842488391,
-0.03803416762409162,
0.9830878883739249
],
[
0.0,
0.0,
0.0,
1.0
]
],
"at_element": 5,
"to_element": 3
},
{
"pose": [
[
0.9656859288672218,
0.25916157712295207,
0.016910462175681946,
6.41043239399127
],
[
0.2592660997319738,
-0.9581627926885192,
-0.1212648021361017,
2.152733463103311
],
[
-0.015224201707189857,
0.12148802266265536,
-0.9924761377644788,
0.6000326023409432
],
[
0.0,
0.0,
0.0,
1.0
]
],
"at_element": 1,
"to_element": 11
},
{
"pose": [
[
0.051047032871127884,
-0.25916157712294996,
0.9644840472388329,
6.401102589650493
],
[
-0.11202118445966704,
0.9581627926885201,
0.2633919454721221,
2.1872272776634665
],
[
-0.9923938001959237,
-0.12148802266265328,
0.019879780738514374,
0.5956590393545876
],
[
0.0,
0.0,
0.0,
1.0
]
],
"at_element": 11,
"to_element": 1
},
{
"pose": [
[
0.02518522321170713,
-0.9995397644920293,
0.016910462175678202,
6.410009481432265
],
[
-0.9922514670135741,
-0.02705316935778601,
-0.12126480213610535,
2.1557661660096947
],
[
0.12166647336545233,
-0.013725349792172936,
-0.9924761377644784,
0.6248533682556611
],
[
0.0,
0.0,
0.0,
1.0
]
],
"at_element": 1,
"to_element": 12
},
{
"pose": [
[
-0.02899316672515284,
0.9995397644920294,
0.008924992014899352,
6.445992979998881
],
[
0.9850427996107336,
0.027053169357785678,
0.17017287963346941,
2.1567400819211873
],
[
0.16985311071127251,
0.013725349792172437,
-0.9853738049871159,
0.6253474817688176
],
[
0.0,
0.0,
0.0,
1.0
]
],
"at_element": 12,
"to_element": 1
},
{
"pose": [
[
0.9831234865012629,
-0.018073686449043752,
-0.18204821379992409,
6.263529822329802
],
[
-0.18223503576877884,
-0.009278550145882303,
-0.9832112185311671,
2.1495010484985118
],
[
0.016081107796203656,
0.9997936038829874,
-0.01241561946561176,
0.6288292881932066
],
[
0.0,
0.0,
0.0,
1.0
]
],
"at_element": 9,
"to_element": 11
},
{
"pose": [
[
0.26352203793978557,
0.018073686449035675,
0.9644840472388354,
6.264180473133344
],
[
-0.9646442824003085,
0.00927855014587542,
0.26339194547211187,
2.149835075323927
],
[
-0.004188550161537907,
-0.9997936038829875,
0.01987978073852581,
0.5928368240339642
],
[
0.0,
0.0,
0.0,
1.0
]
],
"at_element": 11,
"to_element": 9
},
{
"pose": [
[
-0.023727860654790156,
-0.26307320511702575,
0.9644840472388345,
6.4368373254081535
],
[
0.16135180833165547,
0.9510995095196497,
0.26339194547211653,
2.1969861135914304
],
[
-0.9866116675657408,
0.1618709725087762,
0.01987978073851515,
0.5963955976353025
],
[
0.0,
0.0,
0.0,
1.0
]
],
"at_element": 11,
"to_element": 12
},
{
"pose": [
[
0.9647345921376465,
0.26307320511702226,
0.008924992014902409,
6.446307992029456
],
[
0.2577807479792307,
-0.9510995095196506,
0.17017287963347416,
2.1627464183159724
],
[
0.053256480397011766,
-0.1618709725087783,
-0.9853738049871152,
0.5905682234045642
],
[
0.0,
0.0,
0.0,
1.0
]
],
"at_element": 12,
"to_element": 11
},
{
"pose": [
[
0.6399543342997025,
-0.7653784806174363,
-0.0682219276975465,
6.480712265590171
],
[
-0.7642821010160418,
-0.6248069496307544,
-0.15965320466441305,
3.038137078343053
],
[
0.07956959266911916,
0.15431155854587394,
-0.9848129887555372,
1.0470289095666332
],
[
0.0,
0.0,
0.0,
1.0
]
],
"at_element": 2,
"to_element": 4
},
{
"pose": [
[
0.19030902673166172,
0.7653784806174344,
-0.6147993621924106,
6.508265678812871
],
[
0.00932468721534363,
0.624806949630758,
0.7807235912289594,
3.060629955401346
],
[
0.9816799501633837,
-0.15431155854586787,
0.11176948754629545,
1.0414737362173336
],
[
0.0,
0.0,
0.0,
1.0
]
],
"at_element": 4,
"to_element": 2
},
{
"pose": [
[
-0.14126890024841976,
0.9876177734345571,
-0.06822192769754898,
6.4782584800422764
],
[
0.9787126459351655,
0.12896670472245597,
-0.15965320466441685,
3.0323947204311317
],
[
-0.14887798530739652,
-0.08932369601174377,
-0.9848129887555364,
1.0116074554866494
],
[
0.0,
0.0,
0.0,
1.0
]
],
"at_element": 2,
"to_element": 5
},
{
"pose": [
[
0.09345171215615156,
-0.9876177734345568,
0.12600758346723528,
6.442704240658423
],
[
-0.02630775686253206,
-0.1289667047224632,
-0.9912998996277015,
3.0277519191211644
],
[
0.9952761824860202,
0.08932369601173862,
-0.03803416762408274,
1.0148231085014872
],
[
0.0,
0.0,
0.0,
1.0
]
],
"at_element": 5,
"to_element": 2
},
{
"pose": [
[
-0.7729588272538788,
0.15670480406837756,
-0.6147993621924144,
6.431729780946796
],
[
-0.6246181321942421,
-0.01796838982044191,
0.7807235912289553,
3.1578216324174875
],
[
0.11129618279386111,
0.9874820207726073,
0.11176948754630411,
1.0553878334162663
],
[
0.0,
0.0,
0.0,
1.0
]
],
"at_element": 4,
"to_element": 5
},
{
"pose": [
[
-0.9795742408264096,
-0.15670480406837972,
0.12600758346724197,
6.426088401315351
],
[
-0.13039035994034232,
0.017968389820444797,
-0.9912998996277003,
3.15846849521755
],
[
0.1530773031640916,
-0.9874820207726069,
-0.03803416762409206,
1.0198384385427433
],
[
0.0,
0.0,
0.0,
1.0
]
],
"at_element": 5,
"to_element": 4
},
{
"pose": [
[
0.17252709762330798,
0.9826393891794221,
-0.06822192769754847,
6.452370552109604
],
[
0.9703531426483218,
-0.18145421679560947,
-0.15965320466441413,
2.971811696818899
],
[
-0.16926068397062255,
-0.038654857911831424,
-0.9848129887555368,
0.6379040357725267
],
[
0.0,
0.0,
0.0,
1.0
]
],
"at_element": 2,
"to_element": 9
},
{
"pose": [
[
0.03575302344347653,
-0.982639389179422,
-0.18204821379992325,
6.416995709371463
],
[
-0.01923712456550908,
0.1814542167956107,
-0.9832112185311671,
2.9783440162577497
],
[
0.9991754872659262,
0.03865485791183143,
-0.012415619465609096,
0.6392956037625278
],
[
0.0,
0.0,
0.0,
1.0
]
],
"at_element": 9,
"to_element": 2
},
{
"pose": [
[
0.6989225578603155,
-0.7119361113858634,
-0.06822192769754687,
6.454893174567884
],
[
-0.7120505368695583,
-0.6837359776874083,
-0.15965320466441368,
2.977715147120218
],
[
0.06701709526507219,
0.16016268641796289,
-0.9848129887555368,
0.6743191803819479
],
[
0.0,
0.0,
0.0,
1.0
]
],
"at_element": 2,
"to_element": 10
},
{
"pose": [
[
0.19196432118775653,
0.7119361113858682,
-0.6754973521011702,
6.480522443773014
],
[
0.02990139453722168,
0.6837359776874021,
0.7291166020744431,
3.0023292285765883
],
[
0.9809462808919014,
-0.1601626864179697,
0.1099650302765649,
0.6685534205880921
],
[
0.0,
0.0,
0.0,
1.0
]
],
"at_element": 10,
"to_element": 2
},
{
"pose": [
[
-0.9755296860685727,
-0.12328941337847786,
-0.18204821379992425,
6.430735458549611
],
[
0.17901394500892495,
0.035351198661421446,
-0.9832112185311671,
3.0525500479994627
],
[
0.12765515693184404,
-0.9917409002869609,
-0.012415619465606875,
0.6402326494702998
],
[
0.0,
0.0,
0.0,
1.0
]
],
"at_element": 9,
"to_element": 10
},
{
"pose": [
[
-0.7269821509866026,
0.1232894133784817,
-0.6754973521011629,
6.435173931852615
],
[
-0.6834758761892079,
-0.03535119866142877,
0.729116602074452,
3.051277389243222
],
[
0.06601271706487372,
0.9917409002869599,
0.10996503027655158,
0.6759357596465829
],
[
0.0,
0.0,
0.0,
1.0
]
],
"at_element": 10,
"to_element": 9
},
{
"pose": [
[
0.0322857199941482,
0.9827594212912506,
-0.1820482137999319,
6.443169415506001
],
[
0.006642840418002671,
-0.18235013689504487,
-0.9832112185311656,
3.119703719628961
],
[
-0.9994566048386695,
0.030534364863947006,
-0.012415619465614425,
0.6410806406414297
],
[
0.0,
0.0,
0.0,
1.0
]
],
"at_element": 9,
"to_element": 13
},
{
"pose": [
[
-0.18488268580717104,
-0.9827594212912495,
-0.0015206419747746391,
6.407790040366266
],
[
-0.9678735828892974,
0.18235013689505197,
-0.1731160163572117,
3.1262683312319877
],
[
0.17040868532372833,
-0.030534364863942468,
-0.9849002652698364,
0.6399814023886379
],
[
0.0,
0.0,
0.0,
1.0
]
],
"at_element": 13,
"to_element": 9
},
{
"pose": [
[
-0.16377596430214902,
-0.7189441986838909,
-0.6754973521011602,
6.381970147382632
],
[
-0.002949433802617085,
-0.6843831393449484,
0.7291166020744534,
3.108704353878379
],
[
-0.9864931496757314,
0.12140410931731538,
0.10996503027655735,
0.684596868016395
],
[
0.0,
0.0,
0.0,
1.0
]
],
"at_element": 10,
"to_element": 13
},
{
"pose": [
[
-0.6950661312614486,
0.7189441986838947,
-0.0015206419747720579,
6.407852176709884
],
[
0.7082729441825153,
0.6843831393449435,
-0.17311601635721421,
3.133342183234299
],
[
-0.12342005393077117,
-0.12140410931732185,
-0.984900265269836,
0.6802263136346336
],
[
0.0,
0.0,
0.0,
1.0
]
],
"at_element": 13,
"to_element": 10
},
{
"pose": [
[
-0.567207800216087,
0.06452131450770476,
0.8210434284179039,
6.489800518466178
],
[
0.8221050645003547,
-0.015173077283831216,
0.5691335877002928,
2.214600894703791
],
[
0.049179002601675514,
0.9978009709856654,
-0.044437011636333734,
0.1934090022642294
],
[
0.0,
0.0,
0.0,
1.0
]
],
"at_element": 6,
"to_element": 8
},
{
"pose": [
[
-0.9964856932614312,
-0.06452131450770483,
0.053415944244042446,
6.487477754838437
],
[
-0.05450091477368078,
0.01517307728382955,
-0.9983984314964496,
2.2151471246171877
],
[
0.06360749495237805,
-0.9978009709856654,
-0.018636225099156523,
0.15748822444353938
],
[
0.0,
0.0,
0.0,
1.0
]
],
"at_element": 8,
"to_element": 6
},
{
"pose": [
[
0.11381431575359646,
0.5594050323167605,
0.8210434284179032,
6.469989917474816
],
[
-0.08691721899202468,
-0.8176382796775628,
0.5691335877002934,
2.2008685170652065
],
[
0.9896927293722192,
-0.13613836132625992,
-0.044437011636332846,
0.19448120365614882
],
[
0.0,
0.0,
0.0,
1.0
]
],
"at_element": 6,
"to_element": 12
},
{
"pose": [
[
-0.8288463997244713,
-0.5594050323167613,
0.00892499201490228,
6.449851146761933
],
[
-0.5500080314351484,
0.8176382796775626,
0.17017287963347374,
2.230303772183145
],
[
-0.10249298034800038,
0.13613836132625964,
-0.9853738049871157,
0.19938223079318168
],
[
0.0,
0.0,
0.0,
1.0
]
],
"at_element": 12,
"to_element": 6
},
{
"pose": [
[
0.017191278689904554,
0.9984243570934771,
0.05341594424404783,
6.486175673002665
],
[
0.0195795443368606,
0.05307742862074538,
-0.9983984314964496,
2.239484361015655
],
[
-0.9996604930578017,
0.01820960552804074,
-0.018636225099150527,
0.15794250622274192
],
[
0.0,
0.0,
0.0,
1.0
]
],
"at_element": 8,
"to_element": 12
},
{
"pose": [
[
0.05539988880865676,
-0.9984243570934768,
0.008924992014901656,
6.4502324233349295
],
[
-0.983983728324946,
-0.05307742862075071,
0.17017287963347172,
2.237573575030635
],
[
-0.1694310323161829,
-0.018209605528036577,
-0.9853738049871155,
0.15728696091958994
],
[
0.0,
0.0,
0.0,
1.0
]
],
"at_element": 12,
"to_element": 8
},
{
"pose": [
[
0.570833829882639,
0.00603550439466044,
0.8210434284179007,
6.959679085883418
],
[
-0.8176834468988818,
-0.08649127134545087,
0.5691335877002965,
2.5403128675441993
],
[
0.07444809822340581,
-0.9962343261842315,
-0.04443701163634284,
0.16797794874709965
],
[
0.0,
0.0,
0.0,
1.0
]
],
"at_element": 6,
"to_element": 7
},
{
"pose": [
[
-0.7987988090690441,
-0.006035504394658497,
-0.6015679806277747,
6.959461808142814
],
[
-0.5997415065212931,
0.0864912713454683,
0.7955057418627564,
2.5434265473282034
],
[
0.0472291010442335,
0.99623432618423,
-0.07270886704389601,
0.20384231555911125
],
[
0.0,
0.0,
0.0,
1.0
]
],
"at_element": 7,
"to_element": 6
},
{
"pose": [
[
-0.0183618899889888,
-0.5705703546871436,
0.8210434284179003,
6.929834283035702
],
[
-0.051472442303808874,
0.8206324067660674,
0.5691335877002979,
2.5196249488166123
],
[
-0.9985055977205705,
-0.031810742171770545,
-0.04443701163633551,
0.16959322731279447
],
[
0.0,
0.0,
0.0,
1.0
]
],
"at_element": 6,
"to_element": 14
},
{
"pose": [
[
0.8193511857999245,
0.5705703546871486,
-0.05579520302354862,
6.950374761824664
],
[
0.5661932077029939,
-0.8206324067660635,
-0.07738025921597995,
2.490082259810354
],
[
-0.08993823368986104,
0.031810742171775916,
-0.9954391949301717,
0.17073841102146925
],
[
0.0,
0.0,
0.0,
1.0
]
],
"at_element": 14,
"to_element": 6
},
{
"pose": [
[
0.029123054946064486,
0.798290556347769,
-0.6015679806277741,
6.981300006284425
],
[
0.11280028497477956,
0.5953542729946555,
0.795505741862756,
2.51454799565486
],
[
0.9931907890129756,
-0.09102459707669447,
-0.072708867043906,
0.20648180219451995
],
[
0.0,
0.0,
0.0,
1.0
]
],
"at_element": 7,
"to_element": 14
},
{
"pose": [
[
0.5996824851248593,
-0.7982905563477711,
-0.055795203023548554,
6.952561878981591
],
[
-0.7997284446052155,
-0.5953542729946524,
-0.07738025921597844,
2.493115489969358
],
[
0.02855401764718439,
0.09102459707669844,
-0.9954391949301722,
0.2097586497504363
],
[
0.0,
0.0,
0.0,
1.0
]
],
"at_element": 14,
"to_element": 7
},
{
"pose": [
[
0.7837009845282997,
0.15468914484472235,
-0.6015679806277776,
6.438689993933985
],
[
0.605357040728562,
0.02671081997521163,
0.7955057418627535,
3.2320884803836836
],
[
0.13912447696121596,
-0.9876020456456437,
-0.07270886704390134,
0.14089892458938572
],
[
0.0,
0.0,
0.0,
1.0
]
],
"at_element": 7,
"to_element": 8
},
{
"pose": [
[
0.9865181221689371,
-0.15468914484472246,
0.05341594424404281,
6.433121180552589
],
[
0.04987087408178707,
-0.026710819975206634,
-0.9983984314964495,
3.231126890145045
],
[
0.1558681832530063,
0.9876020456456439,
-0.018636225099162962,
0.17645262483646185
],
[
0.0,
0.0,
0.0,
1.0
]
],
"at_element": 8,
"to_element": 7
},
{
"pose": [
[
-0.011949337091481604,
0.9985008513985316,
0.05341594424403401,
6.443015766271868
],
[
0.01802244654357349,
0.05362614479908556,
-0.99839843149645,
3.046186999963503
],
[
-0.9997661750447742,
-0.010967513409844976,
-0.018636225099163628,
0.17300051462223565
],
[
0.0,
0.0,
0.0,
1.0
]
],
"at_element": 8,
"to_element": 13
},
{
"pose": [
[
0.05471505646886454,
-0.9985008513985321,
-0.0015206419747743755,
6.407069652356253
],
[
-0.9834404310758207,
-0.0536261447990769,
-0.1731160163572168,
3.044256454278837
],
[
0.17277494355667639,
0.010967513409834082,
-0.9849002652698353,
0.1733953460195738
],
[
0.0,
0.0,
0.0,
1.0
]
],
"at_element": 13,
"to_element": 8
}
],
"nstatus": 0
}