{
"contact_id_pairs": [
[
0,
19
],
[
0,
22
],
[
0,
40
],
[
12,
22
],
[
12,
23
],
[
12,
40
],
[
13,
40
],
[
19,
40
],
[
22,
39
],
[
22,
40
],
[
23,
39
],
[
0,
1
],
[
0,
2
],
[
0,
37
],
[
1,
37
],
[
1,
12
],
[
1,
20
],
[
12,
14
],
[
12,
27
],
[
14,
20
],
[
14,
27
],
[
2,
5
],
[
2,
21
],
[
2,
22
],
[
3,
21
],
[
3,
22
],
[
8,
21
],
[
3,
28
],
[
4,
27
],
[
10,
27
],
[
10,
28
],
[
26,
27
],
[
27,
28
],
[
4,
6
],
[
4,
9
],
[
4,
29
],
[
6,
9
],
[
6,
29
],
[
29,
31
],
[
5,
7
],
[
5,
24
],
[
6,
23
],
[
6,
24
],
[
7,
24
],
[
7,
25
],
[
7,
32
],
[
32,
33
],
[
8,
34
],
[
33,
34
],
[
9,
35
],
[
32,
35
],
[
10,
34
],
[
10,
35
],
[
11,
17
],
[
11,
18
],
[
13,
18
],
[
13,
30
],
[
17,
25
],
[
18,
25
],
[
11,
14
],
[
11,
16
],
[
11,
28
],
[
11,
29
],
[
14,
15
],
[
14,
29
],
[
15,
43
],
[
16,
29
],
[
16,
44
],
[
28,
44
],
[
29,
44
],
[
15,
42
],
[
20,
26
],
[
20,
42
],
[
26,
42
],
[
16,
17
],
[
17,
31
],
[
17,
45
],
[
31,
45
],
[
18,
19
],
[
18,
38
],
[
19,
24
],
[
19,
38
],
[
36,
38
],
[
36,
39
],
[
36,
37
],
[
36,
40
],
[
41,
45
],
[
44,
45
],
[
41,
42
],
[
41,
43
]
],
"contact_t_bound_pairs": [
[
[
0.6,
0.9
],
[
0.6,
0.9
]
],
[
[
0.6,
0.9
],
[
0.6,
0.9
]
],
[
[
0.1,
0.4
],
[
0.1,
0.4
]
],
[
[
0.6,
0.9
],
[
0.6,
0.9
]
],
[
[
0.6,
0.9
],
[
0.6,
0.9
]
],
[
[
0.6,
0.9
],
[
0.1,
0.4
]
],
[
[
0.6,
0.9
],
[
0.6,
0.9
]
],
[
[
0.6,
0.9
],
[
0.1,
0.4
]
],
[
[
0.6,
0.9
],
[
0.1,
0.4
]
],
[
[
0.6,
0.9
],
[
0.6,
0.9
]
],
[
[
0.6,
0.9
],
[
0.1,
0.4
]
],
[
[
0.1,
0.4
],
[
0.6,
0.9
]
],
[
[
0.6,
0.9
],
[
0.1,
0.4
]
],
[
[
0.6,
0.9
],
[
0.6,
0.9
]
],
[
[
0.1,
0.4
],
[
0.1,
0.4
]
],
[
[
0.1,
0.4
],
[
0.1,
0.4
]
],
[
[
0.1,
0.4
],
[
0.6,
0.9
]
],
[
[
0.6,
0.9
],
[
0.6,
0.9
]
],
[
[
0.1,
0.4
],
[
0.6,
0.9
]
],
[
[
0.1,
0.4
],
[
0.1,
0.4
]
],
[
[
0.1,
0.4
],
[
0.1,
0.4
]
],
[
[
0.1,
0.4
],
[
0.6,
0.9
]
],
[
[
0.6,
0.9
],
[
0.1,
0.4
]
],
[
[
0.1,
0.4
],
[
0.6,
0.9
]
],
[
[
0.1,
0.4
],
[
0.1,
0.4
]
],
[
[
0.1,
0.4
],
[
0.1,
0.4
]
],
[
[
0.1,
0.4
],
[
0.6,
0.9
]
],
[
[
0.1,
0.4
],
[
0.1,
0.4
]
],
[
[
0.6,
0.9
],
[
0.6,
0.9
]
],
[
[
0.1,
0.4
],
[
0.6,
0.9
]
],
[
[
0.1,
0.4
],
[
0.6,
0.9
]
],
[
[
0.1,
0.4
],
[
0.6,
0.9
]
],
[
[
0.1,
0.4
],
[
0.1,
0.4
]
],
[
[
0.1,
0.4
],
[
0.1,
0.4
]
],
[
[
0.1,
0.4
],
[
0.1,
0.4
]
],
[
[
0.1,
0.4
],
[
0.1,
0.4
]
],
[
[
0.6,
0.9
],
[
0.6,
0.9
]
],
[
[
0.1,
0.4
],
[
0.6,
0.9
]
],
[
[
0.6,
0.9
],
[
0.1,
0.4
]
],
[
[
0.6,
0.9
],
[
0.6,
0.9
]
],
[
[
0.6,
0.9
],
[
0.1,
0.4
]
],
[
[
0.6,
0.9
],
[
0.1,
0.4
]
],
[
[
0.6,
0.9
],
[
0.1,
0.4
]
],
[
[
0.6,
0.9
],
[
0.1,
0.4
]
],
[
[
0.6,
0.9
],
[
0.1,
0.4
]
],
[
[
0.6,
0.9
],
[
0.6,
0.9
]
],
[
[
0.1,
0.4
],
[
0.1,
0.4
]
],
[
[
0.6,
0.9
],
[
0.6,
0.9
]
],
[
[
0.1,
0.4
],
[
0.1,
0.4
]
],
[
[
0.1,
0.4
],
[
0.1,
0.4
]
],
[
[
0.1,
0.4
],
[
0.6,
0.9
]
],
[
[
0.6,
0.9
],
[
0.1,
0.4
]
],
[
[
0.6,
0.9
],
[
0.6,
0.9
]
],
[
[
0.6,
0.9
],
[
0.6,
0.9
]
],
[
[
0.6,
0.9
],
[
0.6,
0.9
]
],
[
[
0.6,
0.9
],
[
0.6,
0.9
]
],
[
[
0.1,
0.4
],
[
0.1,
0.4
]
],
[
[
0.6,
0.9
],
[
0.6,
0.9
]
],
[
[
0.6,
0.9
],
[
0.1,
0.4
]
],
[
[
0.6,
0.9
],
[
0.6,
0.9
]
],
[
[
0.1,
0.4
],
[
0.1,
0.4
]
],
[
[
0.1,
0.4
],
[
0.6,
0.9
]
],
[
[
0.1,
0.4
],
[
0.6,
0.9
]
],
[
[
0.6,
0.9
],
[
0.6,
0.9
]
],
[
[
0.1,
0.4
],
[
0.1,
0.4
]
],
[
[
0.6,
0.9
],
[
0.1,
0.4
]
],
[
[
0.6,
0.9
],
[
0.6,
0.9
]
],
[
[
0.1,
0.4
],
[
0.1,
0.4
]
],
[
[
0.6,
0.9
],
[
0.1,
0.4
]
],
[
[
0.1,
0.4
],
[
0.1,
0.4
]
],
[
[
0.6,
0.9
],
[
0.6,
0.9
]
],
[
[
0.1,
0.4
],
[
0.6,
0.9
]
],
[
[
0.6,
0.9
],
[
0.1,
0.4
]
],
[
[
0.1,
0.4
],
[
0.1,
0.4
]
],
[
[
0.6,
0.9
],
[
0.6,
0.9
]
],
[
[
0.6,
0.9
],
[
0.1,
0.4
]
],
[
[
0.6,
0.9
],
[
0.1,
0.4
]
],
[
[
0.1,
0.4
],
[
0.1,
0.4
]
],
[
[
0.1,
0.4
],
[
0.1,
0.4
]
],
[
[
0.6,
0.9
],
[
0.1,
0.4
]
],
[
[
0.1,
0.4
],
[
0.1,
0.4
]
],
[
[
0.6,
0.9
],
[
0.1,
0.4
]
],
[
[
0.6,
0.9
],
[
0.1,
0.4
]
],
[
[
0.6,
0.9
],
[
0.6,
0.9
]
],
[
[
0.1,
0.4
],
[
0.1,
0.4
]
],
[
[
0.6,
0.9
],
[
0.1,
0.4
]
],
[
[
0.6,
0.9
],
[
0.6,
0.9
]
],
[
[
0.6,
0.9
],
[
0.6,
0.9
]
],
[
[
0.1,
0.4
],
[
0.6,
0.9
]
],
[
[
0.1,
0.4
],
[
0.6,
0.9
]
]
],
"line_pt_pairs": [
[
[
39.896064958266855,
0.04597260958395526,
0.6526798623035605
],
[
40.37488365941393,
-0.24177304085318344,
1.0646978850561024
]
],
[
[
40.37488365757459,
0.36309170965187243,
0.751273744641217
],
[
39.89606495415219,
-0.17377337112815747,
1.1251328553222901
]
],
[
[
40.37488365887909,
0.020584519488062853,
0.7942346351737564
],
[
39.89606495705152,
0.10065443848883081,
1.5154914181992123
]
],
[
[
40.37488365816796,
0.33109645186633047,
1.515491412107726
],
[
39.89606495491025,
0.10065415847531854,
1.0154914533374138
]
],
[
[
39.896064958113456,
0.36036956676863036,
1.5154913004299886
],
[
39.89606495846691,
-0.38396307550195047,
1.0730989997751923
]
],
[
[
41.6038351964863,
0.20541829294343725,
1.5206617355312186
],
[
41.156584440593996,
-0.13690825671814158,
1.3684980473723352
]
],
[
[
41.15658444120522,
0.08001233901505217,
1.3684980441341623
],
[
41.603835192756314,
-0.2549480107681487,
1.3401016218414477
]
],
[
[
41.60383519612673,
0.11861331473302128,
1.3401016518670896
],
[
41.15658444045572,
-0.3039646391979111,
1.2338609294413958
]
],
[
[
41.15658444219339,
0.5940320315564103,
1.5206617364126158
],
[
41.60383520097548,
0.15169387426278805,
1.5206617438990098
]
],
[
[
41.60383519906703,
0.46526051795226236,
1.5206617775813753
],
[
41.60383519287821,
-0.30173365851431844,
1.34010169940576
]
],
[
[
40.3748836355961,
-0.192111313385092,
1.013440760281307
],
[
40.86606240809496,
0.1566448435599001,
0.8554495803911092
]
],
[
[
40.80718858675768,
-0.20552540961807178,
1.3346780110443826
],
[
40.835125437994165,
0.04561956326431664,
0.6239971340027172
]
],
[
[
40.279455875143455,
0.36309169518699985,
0.8930149525514289
],
[
40.86606242181672,
-0.19843061250040012,
0.8037150464748286
]
],
[
[
40.3748836282076,
-0.1369081255519544,
0.6993350593202007
],
[
40.874965442288115,
-0.03590022207814058,
0.5029937415498885
]
],
[
[
40.56309569444138,
0.31233564869795155,
1.5102101315567003
],
[
40.764931546635744,
-0.0359003525452175,
0.5921943159752496
]
],
[
[
40.374883388600786,
0.31233569107174525,
1.493154226416083
],
[
40.8451214728304,
0.008123010979075604,
0.5293193957999222
]
],
[
[
40.82564819702978,
-0.16086288492058995,
1.0409058893749843
],
[
40.82564814357224,
-0.16086277908718447,
1.0409059621756465
]
],
[
[
41.156584486652896,
-0.472519004959298,
1.7338606334988205
],
[
40.80048198123415,
0.06108897249490314,
0.8020445001035577
]
],
[
[
41.15658449333706,
0.20804807982003412,
1.3684980471022425
],
[
40.80048197443871,
-0.32457816810347434,
0.5758562893414895
]
],
[
[
41.15658445784957,
-0.06805327078759196,
1.3684980337141655
],
[
40.79425229028617,
0.06031066515794789,
0.7270699178390435
]
],
[
[
40.563095447928816,
0.3123356726029886,
1.4079007738259406
],
[
40.79425229934374,
0.0016358875728564569,
0.7279055460844482
]
],
[
[
40.09668835485324,
0.3123360871382397,
1.2330818421796839
],
[
41.0630954163868,
0.3123354619109532,
1.603548902396219
]
],
[
[
41.15658443973734,
0.3630917153862198,
1.3684980312334938
],
[
41.156584438577845,
-0.33069064130463277,
1.2338609175289503
]
],
[
[
41.622490300073835,
-0.16086289712277899,
1.241887372014473
],
[
40.70768441913177,
-0.16086290650268972,
0.8346780544442571
]
],
[
[
41.063095432218965,
-0.16086288716546246,
1.3346780334571362
],
[
40.37488365582714,
-0.160862922987973,
1.064697795101196
]
],
[
[
40.37488365757709,
-0.4324052305640253,
0.9041624910077289
],
[
40.37488365760404,
0.21460495002012697,
1.1334668445706888
]
],
[
[
40.37488364454553,
-0.019913721177069164,
1.027438163830717
],
[
40.374883645043774,
0.41500164412947577,
1.2859289025898688
]
],
[
[
41.063095337431804,
0.3123354552081573,
1.495582491506225
],
[
39.93810712321998,
-0.08965340190662327,
0.7405534342948666
]
],
[
[
41.15658444142887,
0.3630917019454939,
1.3882427417936183
],
[
40.563095443049505,
-0.3912989315120367,
0.8346780604507373
]
],
[
[
40.56309544363814,
0.31233547545447393,
1.2854715908766234
],
[
41.15658444754072,
-0.13690826240508783,
1.368498034396617
]
],
[
[
40.374881011204806,
-0.04887436686035073,
0.699335133045457
],
[
40.97141065753841,
-0.6608488173577202,
0.8346790488804041
]
],
[
[
41.0473478842575,
0.1444173682829238,
1.0758562498484938
],
[
40.61756969366152,
-0.33736208672591533,
0.8554495808873727
]
],
[
[
41.05666339917742,
-0.0030733902682142256,
1.0758560149672922
],
[
41.05666340715936,
-0.00307343504258674,
1.075856025667003
]
],
[
[
40.874965416074815,
0.15240194899607065,
1.0029936261989156
],
[
40.866062281813285,
0.0361949411718938,
0.8347308373488976
]
],
[
[
40.72684106612787,
0.2186727335660977,
0.9324660284699523
],
[
41.2942522689162,
0.13028502842908196,
1.2270698873861121
]
],
[
[
41.65658431188778,
0.33102144873069833,
1.605217836104618
],
[
40.7942523457346,
-0.01302022555035017,
0.7629731155930196
]
],
[
[
41.4253431132343,
0.3123354495718626,
1.5206617251112864
],
[
40.5630954539741,
0.3123354553656885,
1.285471587483984
]
],
[
[
41.15658443980414,
0.34321092394082175,
1.5206617281205235
],
[
41.15658444582182,
-0.13690825786402755,
1.3684980447792918
]
],
[
[
40.791295759119464,
-0.14501004743330323,
0.013747488141674195
],
[
41.08131585398607,
-0.1372880128236983,
0.0862525118583258
]
],
[
[
41.05042279516896,
-0.10305550789491873,
0.33625250480304475
],
[
41.08131585398607,
0.14501004743330323,
0.013747488141674195
]
],
[
[
40.791295759119464,
0.14501004743330323,
0.0862525118583258
],
[
41.030331318693605,
-0.10498986812394942,
0.2637474832649764
]
],
[
[
40.78477687495737,
0.07124583878930356,
0.3362520890437803
],
[
40.86930281331128,
-0.1949702613439667,
0.26374593043559075
]
],
[
[
40.794252299282135,
0.09779316844349654,
1.2151723752509798
],
[
40.831315948349776,
0.05060686376777625,
0.23140585934443592
]
],
[
[
40.73434057990096,
0.1387743445831444,
0.8148795683830339
],
[
40.78829286767481,
-0.06314826239925797,
0.2318835900201584
]
],
[
[
40.52840555123669,
-0.2488116284695961,
0.8554496147210499
],
[
41.04129573076881,
0.10498991819696282,
0.2637474783195656
]
],
[
[
40.855029430692625,
-0.00765885925675001,
1.0758560986564274
],
[
40.871439053845656,
-0.08526788391077808,
0.20536376132133063
]
]
],
"contact_t_pairs": [
[
0.8999999791454174,
0.8999999679627247
],
[
0.8999999928940283,
0.8932252384564686
],
[
0.39999998005683673,
0.10000003660925194
],
[
0.899999986727141,
0.8518285788582916
],
[
0.8999999667552299,
0.8999999885537874
],
[
0.8999999671435049,
0.39999995141766276
],
[
0.8999999815282059,
0.881641725210662
],
[
0.8999999934506102,
0.39999998236116596
],
[
0.8999999654181513,
0.10000001362231946
],
[
0.8999999726725958,
0.8999999804971512
],
[
0.8999999566235739,
0.1000000169135595
],
[
0.3999999823292338,
0.6000000306384611
],
[
0.6314458786424089,
0.20840576814960818
],
[
0.8999999928201741,
0.8999999748404263
],
[
0.1000000104399963,
0.3999999797961811
],
[
0.14819605615206996,
0.10000001707278316
],
[
0.10000001479084406,
0.6000000347951542
],
[
0.6521776049635856,
0.7463290059168487
],
[
0.32112325119116675,
0.6000000347944577
],
[
0.39999748768462434,
0.3953022283087664
],
[
0.3431522061976308,
0.38022927739913015
],
[
0.10000001083731555,
0.8999999919218201
],
[
0.6000000466601516,
0.10000000753528866
],
[
0.10000001084313466,
0.6000000883551824
],
[
0.3761575843907584,
0.12111368782960312
],
[
0.10000001042186606,
0.10000003181064676
],
[
0.10000001268849533,
0.8999999946121111
],
[
0.10000000963685719,
0.3999999924828318
],
[
0.8195752990860274,
0.8999999917470851
],
[
0.23627547354459347,
0.6035982799043992
],
[
0.39999995889392354,
0.73579703356916
],
[
0.16998841063647702,
0.6000000382101691
],
[
0.1000000205027116,
0.17586736903335462
],
[
0.3999991291366159,
0.10000000730139487
],
[
0.1000002177004682,
0.2386920800459024
],
[
0.22311401548130577,
0.10000000828986234
],
[
0.8999999538003406,
0.8999998065537058
],
[
0.1000000546842125,
0.8999999603056832
],
[
0.6056553766029523,
0.10000003134995376
],
[
0.8588463613718317,
0.6516094806246744
],
[
0.8999999890835342,
0.10000000838359568
],
[
0.6901373711105971,
0.10000001772262043
],
[
0.6000000105655658,
0.1000000069989694
],
[
0.899999987403369,
0.1000000090311274
],
[
0.8999999900431145,
0.39999994069634376
],
[
0.8315595022574175,
0.8003700789795748
],
[
0.20965006411314993,
0.1000011653896974
],
[
0.6000000456772547,
0.8999999860728762
],
[
0.10000017899720608,
0.25505972079908157
],
[
0.20823369205012177,
0.10000010418674433
],
[
0.22893592754182907,
0.6861111425963068
],
[
0.8999999255901997,
0.10000003568050948
],
[
0.8999997349822222,
0.8999999419521327
],
[
0.6000003118594955,
0.8677955305747856
],
[
0.600000149439049,
0.6000000306997355
],
[
0.7554251767557384,
0.8999999633092644
],
[
0.10000052654356804,
0.1000010928241681
],
[
0.8999999675324639,
0.6000000988351528
],
[
0.8999998583624597,
0.10000014826329977
],
[
0.8999994471349796,
0.8999998493730108
],
[
0.3875941843643885,
0.26441992399318454
],
[
0.39999994529540267,
0.6034689502463422
],
[
0.1000000333223697,
0.6526029444362
],
[
0.722385844425152,
0.6891210545352441
],
[
0.22815185787390665,
0.1146144278886158
],
[
0.7884372834074026,
0.16058693444116426
],
[
0.8091720785935489,
0.6205592859833935
],
[
0.22897514733317162,
0.10000004374507347
],
[
0.8999999856093257,
0.10000001487819513
],
[
0.3662282965387499,
0.10000001170080082
],
[
0.8999996308849857,
0.6000001678367747
],
[
0.1000001474917893,
0.8272738116741731
],
[
0.8622685290021658,
0.39999972336790496
],
[
0.2822153915928421,
0.10000031013607104
],
[
0.7583226698840867,
0.7265476405748496
],
[
0.7983711558523485,
0.39999993508277737
],
[
0.8465812167006594,
0.15041753307159378
],
[
0.38277103917742233,
0.10000018619778635
],
[
0.3607025642733436,
0.39999996362296125
],
[
0.899999994843565,
0.3999999658421422
],
[
0.15362746551476825,
0.10000002895334241
],
[
0.8999999934596741,
0.39999996663728343
],
[
0.8999999915833109,
0.39999997424173184
],
[
0.7904038210475234,
0.6000000124851251
],
[
0.2945913508518011,
0.10000004221101196
],
[
0.8999999913122553,
0.39999998173399065
],
[
0.6000201915863196,
0.8999983198805196
],
[
0.6140973913590686,
0.6672722625987596
],
[
0.100005933508084,
0.8999995628038936
],
[
0.36066293420295287,
0.8647029670883736
]
],
"half_couplers": [
{
"pose": [
[
-0.16226353309984853,
-0.7720186654554424,
0.6145386285778559,
40.32700177931366
],
[
0.8136822448646637,
-0.4570008915615431,
-0.3592650685830119,
-0.21299846980865414
],
[
0.558204039951303,
0.44174355150964273,
0.7023324600797629,
1.0234960741883843
],
[
0.0,
0.0,
0.0,
1.0
]
],
"at_element": 0,
"to_element": 19
},
{
"pose": [
[
-0.2996184634344299,
0.8218596043384376,
-0.4845364456115326,
40.83048551865065
],
[
0.8886812376513158,
0.42518159727549254,
0.1716574122628742,
0.047474267450963156
],
[
0.34709427280742705,
-0.37916671807389346,
-0.8577634672153831,
0.7912127499761649
],
[
0.0,
0.0,
0.0,
1.0
]
],
"at_element": 19,
"to_element": 0
},
{
"pose": [
[
0.12026074664028918,
-0.938211788631584,
0.32449343982620654,
40.32700178589675
],
[
0.9833433102684902,
0.1574510483528666,
0.09080254138949535,
-0.2129984737647571
],
[
-0.13628384705359597,
0.30816847185477464,
0.941519466600115,
1.02349607985306
],
[
0.0,
0.0,
0.0,
1.0
]
],
"at_element": 0,
"to_element": 22
},
{
"pose": [
[
0.26601871156633417,
0.9639678651783925,
2.8550163344576163e-09,
41.15658443870165
],
[
0.18364389633458672,
-0.05067877431596668,
-0.9816855816262573,
-0.25661219560585774
],
[
-0.946313354251983,
0.2611467341117708,
-0.19050831694998815,
1.2482367632396623
],
[
0.0,
0.0,
0.0,
1.0
]
],
"at_element": 22,
"to_element": 0
},
{
"pose": [
[
0.1770467394073273,
-0.702012909804941,
0.6898060064485039,
40.087592429176524
],
[
0.8915481338657492,
-0.1824827965660234,
-0.41453824185223653,
-0.06912564485234174
],
[
0.41688892653287635,
0.6883879018581331,
0.5935703155563148,
0.8174870631876345
],
[
0.0,
0.0,
0.0,
1.0
]
],
"at_element": 0,
"to_element": 40
},
{
"pose": [
[
-0.3593564255534911,
0.7020129562190198,
0.6148502002228277,
40.81519932382779
],
[
-0.743762767959737,
0.18248275006685966,
-0.6430528679081577,
0.12001004672526806
],
[
-0.5636310002211457,
-0.6883878668517254,
0.4565547506718579,
0.10400201549694899
],
[
0.0,
0.0,
0.0,
1.0
]
],
"at_element": 40,
"to_element": 0
},
{
"pose": [
[
-0.5231257631517967,
-0.46351840238263486,
0.7151853791706735,
40.80740175936345
],
[
-0.7964100702260639,
-0.03290092122455879,
-0.603861349504248,
-0.1422783742786537
],
[
0.3034311058038814,
-0.8854762673472538,
-0.351939403868633,
0.8126450382677537
],
[
0.0,
0.0,
0.0,
1.0
]
],
"at_element": 12,
"to_element": 22
},
{
"pose": [
[
0.7896478597429845,
0.6135603129304597,
1.8214672325989056e-08,
41.15658443874965
],
[
0.11688832535651761,
-0.150434433454133,
-0.981685591534623,
-0.22789192355070545
],
[
-0.6023233160011928,
0.7751859284249232,
-0.1905082658923669,
1.2538102900049704
],
[
0.0,
0.0,
0.0,
1.0
]
],
"at_element": 22,
"to_element": 12
},
{
"pose": [
[
-0.6846942344229392,
0.12486647985205446,
0.7180544321688584,
40.807401747647795
],
[
-0.6694590901284462,
0.2817364829811906,
-0.6873493149787686,
-0.1422783630639801
],
[
-0.28812901969842986,
-0.9513321798229817,
-0.10931034553451946,
0.8126450400512435
],
[
0.0,
0.0,
0.0,
1.0
]
],
"at_element": 12,
"to_element": 23
},
{
"pose": [
[
0.2558082539697737,
-0.23259199632539668,
-0.9383299528664224,
40.79916501769704
],
[
-0.905850594977694,
-0.3966664250090641,
-0.14862855327656954,
-0.16086290556469854
],
[
-0.3376341759648947,
0.888007156793173,
-0.31216414384841107,
0.8753989908622831
],
[
0.0,
0.0,
0.0,
1.0
]
],
"at_element": 23,
"to_element": 12
},
{
"pose": [
[
0.6862758380925615,
-0.11585876616530622,
0.7180544689318528,
40.80740174787556
],
[
0.6731033690140776,
-0.2729154132989413,
-0.6873492793374895,
-0.1422783632820052
],
[
0.2756035715883426,
0.9550360849132983,
-0.10931032815442698,
0.8126450400165706
],
[
0.0,
0.0,
0.0,
1.0
]
],
"at_element": 12,
"to_element": 40
},
{
"pose": [
[
0.11172424521855762,
0.4555795921975718,
0.8831562309146882,
40.886909971336216
],
[
-0.81929571592706,
0.5451767847513117,
-0.17758604458624666,
0.045010093355982383
],
[
-0.5623808521757389,
-0.7037254496899457,
0.43416387293828784,
0.1572504917978655
],
[
0.0,
0.0,
0.0,
1.0
]
],
"at_element": 40,
"to_element": 12
},
{
"pose": [
[
-0.5131038642053476,
-0.42535880622434646,
0.7455161369849339,
40.82495725164265
],
[
0.48667723177048045,
0.5712745778961632,
0.6609013759448399,
-0.04600101429131915
],
[
-0.7070146367747714,
0.7019367796439786,
-0.0861107471183391,
0.5226278769536961
],
[
0.0,
0.0,
0.0,
1.0
]
],
"at_element": 13,
"to_element": 40
},
{
"pose": [
[
-0.5816607266595621,
0.5325692544254982,
0.6148502161523071,
41.00203948224911
],
[
-0.760700557153145,
-0.08841748611169908,
-0.6430528831259387,
-0.07540030942111281
],
[
-0.2881066840751262,
-0.8417555092723518,
0.4565547077852544,
0.24273948466550233
],
[
0.0,
0.0,
0.0,
1.0
]
],
"at_element": 40,
"to_element": 13
},
{
"pose": [
[
-0.7915172824804735,
-0.24966697634440996,
-0.5578232627434665,
40.83048550941556
],
[
-0.6075547937652591,
0.4202665831980984,
0.6739830647871276,
0.04747427072268845
],
[
0.0661631627688711,
0.8723774412317388,
-0.48433463217323647,
0.7912127336275185
],
[
0.0,
0.0,
0.0,
1.0
]
],
"at_element": 19,
"to_element": 40
},
{
"pose": [
[
-0.7832996073043073,
0.1608168138491467,
0.6004828703471288,
40.88690997873282
],
[
-0.6215731914384756,
-0.18799572654053254,
-0.7604632630755318,
0.04501008562010919
],
[
-0.009407065531079561,
-0.9689146294622174,
0.24721639899526848,
0.1572504972901817
],
[
0.0,
0.0,
0.0,
1.0
]
],
"at_element": 40,
"to_element": 19
},
{
"pose": [
[
0.9942963801899886,
0.1066522777116636,
5.99788448074623e-10,
41.15658443869379
],
[
0.02031814274308142,
-0.18942169474751225,
-0.9816855884826119,
-0.261312381643271
],
[
-0.10469900389477249,
0.9760864271251262,
-0.19050828161932487,
1.247324633555405
],
[
0.0,
0.0,
0.0,
1.0
]
],
"at_element": 22,
"to_element": 39
},
{
"pose": [
[
0.9792433251814548,
-0.16184133466069348,
0.12202414713003698,
41.053512101471505
],
[
-0.15858976196559663,
-0.2368792166241076,
0.9585079676931456,
-0.07824894898286829
],
[
-0.12622122439297953,
-0.9579643099441619,
-0.25762877049340305,
0.3040019987436413
],
[
0.0,
0.0,
0.0,
1.0
]
],
"at_element": 39,
"to_element": 22
},
{
"pose": [
[
0.9893673320258853,
0.14543754070012307,
0.0004517467006457665,
41.15658443869379
],
[
0.027263585502985688,
-0.18241304289786142,
-0.9828439238690266,
-0.2613123866762766
],
[
-0.1428599986892863,
0.9724059869909499,
-0.18443865440480245,
1.2473246325786875
],
[
0.0,
0.0,
0.0,
1.0
]
],
"at_element": 22,
"to_element": 40
},
{
"pose": [
[
0.40644627602853023,
0.23051031088956922,
0.8841190085481331,
41.00642775807432
],
[
-0.6834317491457961,
0.7189274106153128,
0.12674550297931297,
-0.0799898716925136
],
[
-0.6064012441956707,
-0.6557502381544024,
0.44974343374682746,
0.24599798266265374
],
[
0.0,
0.0,
0.0,
1.0
]
],
"at_element": 40,
"to_element": 22
},
{
"pose": [
[
0.05325249346908523,
-0.4031610950241683,
-0.9135782962605004,
40.79916504690699
],
[
-0.9913889806571808,
-0.13094994857393294,
-1.1556036572102357e-08,
-0.16086290556469823
],
[
-0.11963302625462952,
0.9057114564956091,
-0.4066628783178534,
0.8753990038645636
],
[
0.0,
0.0,
0.0,
1.0
]
],
"at_element": 23,
"to_element": 39
},
{
"pose": [
[
0.8556616881293538,
0.5092792134335669,
-0.09207474263940033,
41.05351210157318
],
[
0.24971899589650168,
-0.2504544074356483,
0.9353678489687901,
-0.078248948166425
],
[
0.453302877286332,
-0.8233512449498973,
-0.3414809348754144,
0.3040019976821999
],
[
0.0,
0.0,
0.0,
1.0
]
],
"at_element": 39,
"to_element": 23
},
{
"pose": [
[
-0.7308269764577555,
0.048817230425544034,
0.6808148121884499,
40.08759243026459
],
[
-0.5307979800347049,
-0.667729236789369,
-0.5219110754982725,
-0.0691256455062141
],
[
0.42912170170324865,
-0.7428018203735542,
0.513906626515987,
0.8174870641239032
],
[
0.0,
0.0,
0.0,
1.0
]
],
"at_element": 0,
"to_element": 1
},
{
"pose": [
[
0.8069561339274727,
-3.90764292312884e-08,
-0.5906113763862201,
40.08759242085088
],
[
-0.4846717770100809,
0.5714638234661236,
-0.662210213632627,
0.04097264473513462
],
[
0.33751306120906965,
0.8206272591557494,
0.46114621872439243,
0.9755892225043288
],
[
0.0,
0.0,
0.0,
1.0
]
],
"at_element": 1,
"to_element": 0
},
{
"pose": [
[
-0.6036844007011011,
-0.3996658091164708,
0.6898060490988963,
40.19841305372309
],
[
0.12325360901965215,
-0.9016465748197819,
-0.4145382997738396,
-0.1357231954818552
],
[
0.787638046448864,
-0.16522921999159745,
0.5935702255396452,
0.9128469446970473
],
[
0.0,
0.0,
0.0,
1.0
]
],
"at_element": 0,
"to_element": 2
},
{
"pose": [
[
0.7327751187310905,
0.3996658091164771,
-0.5507339343021346,
40.27509507952032
],
[
-0.4225539091703183,
0.9016465748197885,
0.09209586288550585,
0.037271552463094805
],
[
0.5333749330569618,
0.16522921999154744,
0.8295845259209372,
0.9445487090732918
],
[
0.0,
0.0,
0.0,
1.0
]
],
"at_element": 2,
"to_element": 0
},
{
"pose": [
[
0.014349256562505408,
-0.979801667489836,
0.19945623886015756,
40.32700178586139
],
[
0.9858282484779197,
0.04720760165207494,
0.1609785912760323,
-0.2129984737435059
],
[
-0.16714294283355263,
0.19431967149621227,
0.9665935557050563,
1.0234960798226305
],
[
0.0,
0.0,
0.0,
1.0
]
],
"at_element": 0,
"to_element": 37
},
{
"pose": [
[
0.4683033098491285,
0.8805646517094581,
0.0727867030724127,
41.156584445220055
],
[
0.19664990145682476,
-0.02356096669246277,
-0.9801906432452503,
-0.08889632760394867
],
[
-0.8614063072913805,
0.473340020501454,
-0.18419663067035352,
1.3837144169417883
],
[
0.0,
0.0,
0.0,
1.0
]
],
"at_element": 37,
"to_element": 0
},
{
"pose": [
[
-0.38881777182484445,
-0.7387458450024346,
-0.5505227668360335,
40.32700178223349
],
[
0.7023880377917876,
0.14900376720871877,
-0.6960236502624116,
0.30940519596899996
],
[
0.5962145458475203,
-0.6573069707900933,
0.46095093173849455,
0.788659659612412
],
[
0.0,
0.0,
0.0,
1.0
]
],
"at_element": 1,
"to_element": 37
},
{
"pose": [
[
0.6502369554571805,
0.75965263528269,
0.010944197816232404,
41.15658444221121
],
[
0.21907270791257094,
-0.17368645313802733,
-0.9601250776040509,
0.15116326091912302
],
[
-0.7274606865017723,
0.62670638237088,
-0.27935651037692666,
1.4597962578583186
],
[
0.0,
0.0,
0.0,
1.0
]
],
"at_element": 37,
"to_element": 1
},
{
"pose": [
[
-0.7067697520845913,
-0.3894287027598195,
-0.5906113806938447,
40.303924614115545
],
[
0.7002806735363887,
-0.26661701977782926,
-0.6622101955091075,
0.2835304219945095
],
[
0.10041661122397633,
-0.8816238711784028,
0.4611462392329574,
0.8066781904006722
],
[
0.0,
0.0,
0.0,
1.0
]
],
"at_element": 1,
"to_element": 12
},
{
"pose": [
[
0.57683943070994,
0.38942848307166267,
0.7180541259200006,
40.33811653982579
],
[
0.6756223542255874,
0.26661778490712595,
-0.6873495408028527,
0.30693945483151125
],
[
-0.45911948951107195,
0.8816237368309234,
-0.10931093727240437,
0.884084960419171
],
[
0.0,
0.0,
0.0,
1.0
]
],
"at_element": 12,
"to_element": 1
},
{
"pose": [
[
-0.12104783227859883,
-0.7995473916488796,
-0.5882783276716264,
40.32700178015022
],
[
0.6356519305777022,
0.3927531806521055,
-0.6645987979529414,
0.30940519363318175
],
[
0.7624264196979877,
-0.4543884985286576,
0.4606919219515142,
0.7886596612390161
],
[
0.0,
0.0,
0.0,
1.0
]
],
"at_element": 1,
"to_element": 20
},
{
"pose": [
[
0.5202272264626928,
0.801314876753719,
0.2953948224666537,
40.701789566820906
],
[
0.8297291775787008,
-0.392309442781394,
-0.39704255814600586,
0.1259157907740624
],
[
-0.2022699303443463,
0.45165005191821206,
-0.8689643870037305,
0.9999036135205064
],
[
0.0,
0.0,
0.0,
1.0
]
],
"at_element": 20,
"to_element": 1
},
{
"pose": [
[
0.16657753416580823,
-0.6757586321717801,
0.7180544520832413,
40.66202752780879
],
[
0.017232940029966337,
-0.7261225690471007,
-0.6873492856607636,
-0.0031205785741942327
],
[
0.9858777565647592,
0.1268711384270006,
-0.10931039907105955,
0.8347755536829186
],
[
0.0,
0.0,
0.0,
1.0
]
],
"at_element": 12,
"to_element": 14
},
{
"pose": [
[
-0.7090878069875814,
0.6757586302578901,
0.2013572834876422,
40.71373164536798
],
[
0.5933397721309156,
0.7261225719523903,
-0.34741031261158484,
0.0524370200656787
],
[
-0.3809755855552633,
-0.12687113199316102,
-0.9158391338426186,
0.8250683004978512
],
[
0.0,
0.0,
0.0,
1.0
]
],
"at_element": 14,
"to_element": 12
},
{
"pose": [
[
-0.5989454596084849,
0.35448856113514765,
0.7180544522797097,
40.467828876581194
],
[
-0.5302723650025394,
0.49634884829652604,
-0.6873492850867933,
0.18277382612605528
],
[
-0.6000629594709166,
-0.7924491660788375,
-0.10931040138962311,
0.8643386763810451
],
[
0.0,
0.0,
0.0,
1.0
]
],
"at_element": 12,
"to_element": 27
},
{
"pose": [
[
0.49058257276168615,
-0.3544885563984346,
-0.7960317849716045,
40.388102369761356
],
[
-0.8202009229462768,
-0.4963488498377886,
-0.28444378225368194,
0.07114212695230467
],
[
-0.29427739515735946,
0.7924491672323583,
-0.5342519368726153,
1.0425650309085834
],
[
0.0,
0.0,
0.0,
1.0
]
],
"at_element": 27,
"to_element": 12
},
{
"pose": [
[
0.8223293727481695,
-0.5321932612761127,
0.20135723321474508,
40.643829528243806
],
[
-0.44804431902298564,
-0.8237489022185154,
-0.34741046945223075,
0.1730421230793442
],
[
0.3507573105536519,
0.1954688689947471,
-0.9158390854004228,
1.1430061116693686
],
[
0.0,
0.0,
0.0,
1.0
]
],
"at_element": 14,
"to_element": 20
},
{
"pose": [
[
-0.7934179997362749,
0.5321933105113624,
0.2953949186114154,
40.65447226638197
],
[
0.40471643894233356,
0.82374876385008,
-0.3970422875529777,
0.18951535524552265
],
[
-0.454634448479572,
-0.19546931805892603,
-0.8689644779582497,
1.1390971450604015
],
[
0.0,
0.0,
0.0,
1.0
]
],
"at_element": 20,
"to_element": 14
},
{
"pose": [
[
-0.9760063355305413,
-0.08286662029843879,
0.20135728505459885,
40.63235611241166
],
[
-0.1502598982792991,
0.9255960459090735,
-0.34741030895266034,
0.19283769659391717
],
[
-0.15758678870177947,
-0.36933058773651906,
-0.9158391348860662,
1.195190979115608
],
[
0.0,
0.0,
0.0,
1.0
]
],
"at_element": 14,
"to_element": 27
},
{
"pose": [
[
0.599555268114152,
0.08286662029840754,
-0.7960317856196993,
40.63534188165951
],
[
-0.24972723512270883,
-0.9255960459091679,
-0.284443786775668,
0.15948752254490212
],
[
-0.7603747684625882,
0.36933058773629074,
-0.5342519334993856,
1.2084983386674037
],
[
0.0,
0.0,
0.0,
1.0
]
],
"at_element": 27,
"to_element": 14
},
{
"pose": [
[
0.1333126966276269,
-0.8383306289981322,
-0.5286108979215869,
40.32700178350722
],
[
0.9910127031242747,
0.11869299215749207,
0.06169113274223048,
0.028591512255882627
],
[
0.0110248430459704,
-0.5320843261141016,
0.8466195856106296,
0.8663603212927893
],
[
0.0,
0.0,
0.0,
1.0
]
],
"at_element": 2,
"to_element": 5
},
{
"pose": [
[
0.27851944985821553,
0.8249358076597005,
-0.4918412643236785,
41.2013095197962
],
[
-0.09464427289124988,
-0.48603814647345467,
-0.8687976644659765,
-0.10267559898660825
],
[
-0.9557559195001428,
0.2885270063849939,
-0.05729562746798522,
1.3837144174174292
],
[
0.0,
0.0,
0.0,
1.0
]
],
"at_element": 5,
"to_element": 2
},
{
"pose": [
[
-0.7364406882305439,
-0.39287052150190366,
-0.5507339339947602,
40.087592415440795
],
[
0.4141955760082358,
-0.9055166351860704,
0.0920958642746923,
0.06862647462459819
],
[
-0.5348804890194897,
-0.16028841734860033,
0.8295845259707733,
1.2269887386429807
],
[
0.0,
0.0,
0.0,
1.0
]
],
"at_element": 2,
"to_element": 21
},
{
"pose": [
[
0.33965190208438834,
0.25480072433206746,
0.9053801280624129,
40.193329068288755
],
[
-0.14111332742722618,
0.9655152398783837,
-0.21878608361823085,
0.3123360246155063
],
[
-0.9299051641070039,
-0.05345009300684908,
0.36389486575752295,
1.2701285509929134
],
[
0.0,
0.0,
0.0,
1.0
]
],
"at_element": 21,
"to_element": 2
},
{
"pose": [
[
0.07856706610171604,
-0.8598155504164249,
-0.5045239690899421,
40.32700178350444
],
[
0.9968766421330142,
0.07182732019122284,
0.03282981029116461,
0.028591512256348563
],
[
0.008011023266405404,
-0.5055275020572549,
0.8627733005662479,
0.8663603212969864
],
[
0.0,
0.0,
0.0,
1.0
]
],
"at_element": 2,
"to_element": 22
},
{
"pose": [
[
0.4595257935719421,
0.88816442455329,
-9.420384472491605e-10,
41.15658443904164
],
[
0.16920271341855747,
-0.08754348849547822,
-0.9816855807201404,
-0.05317775992755838
],
[
-0.8718982089750352,
0.4511098453591599,
-0.19050832161918918,
1.287715751114881
],
[
0.0,
0.0,
0.0,
1.0
]
],
"at_element": 22,
"to_element": 2
},
{
"pose": [
[
0.7217269018363712,
-0.2201292848832631,
-0.6562418586942287,
40.194772371389426
],
[
-0.5276832596984278,
-0.7885436074663696,
-0.31583121530014313,
0.24441383544290102
],
[
-0.4479516230573503,
0.5742317276681139,
-0.6852716733818627,
1.3274126354212066
],
[
0.0,
0.0,
0.0,
1.0
]
],
"at_element": 3,
"to_element": 21
},
{
"pose": [
[
0.28225511247735635,
0.22012925749786355,
0.9337425563150874,
40.213733478020146
],
[
-0.6149788757643353,
0.7885435830461409,
-6.22966777386047e-07,
0.3123360114146573
],
[
-0.7362968381325761,
-0.5742317717004112,
0.3579453010248601,
1.2779504740619
],
[
0.0,
0.0,
0.0,
1.0
]
],
"at_element": 21,
"to_element": 3
},
{
"pose": [
[
-0.017967853664889066,
-0.9026400276389597,
-0.4300210887138157,
40.32700178285201
],
[
-0.9973138221280333,
0.046725446200360454,
-0.056408092236405166,
0.3080522201255906
],
[
0.0710091291810476,
0.4278524432340144,
-0.9010549319501191,
1.4654914110197623
],
[
0.0,
0.0,
0.0,
1.0
]
],
"at_element": 3,
"to_element": 22
},
{
"pose": [
[
-0.11208398214071402,
0.9935209887246665,
-0.018794305282204438,
41.15658443962139
],
[
0.17082392045303257,
0.0006326695970697571,
-0.9853013690898013,
0.2937134576474691
],
[
-0.9789056998243171,
-0.11364701796677956,
-0.1697880624741397,
1.3550343155801459
],
[
0.0,
0.0,
0.0,
1.0
]
],
"at_element": 22,
"to_element": 3
},
{
"pose": [
[
-0.09561943600272205,
0.6966600567931833,
0.711000484336994,
41.201309523746545
],
[
-0.09668108893261723,
0.7043965188516084,
-0.7031915182029281,
0.5497982102144424
],
[
-0.9907117090765228,
-0.13597907742978077,
-1.4494824762678604e-07,
1.5206617371612554
],
[
0.0,
0.0,
0.0,
1.0
]
],
"at_element": 8,
"to_element": 21
},
{
"pose": [
[
-0.1866797674949643,
-0.5004798531169186,
0.8453819143038808,
40.96645470502655
],
[
0.596029242674049,
-0.7417462095514464,
-0.3075088657152204,
0.31233552443368523
],
[
0.7809608225035529,
0.4464666585985222,
0.43676963776623123,
1.5665021943785302
],
[
0.0,
0.0,
0.0,
1.0
]
],
"at_element": 21,
"to_element": 8
},
{
"pose": [
[
-0.04807327628288016,
-0.7966154789087654,
-0.6025717707214537,
40.327001783227885
],
[
-0.8523905056628898,
0.3471993199102896,
-0.3910026318448451,
0.3080522203064898
],
[
0.5206912578132967,
0.4948296787954323,
-0.6957184797172031,
1.4654914114122666
],
[
0.0,
0.0,
0.0,
1.0
]
],
"at_element": 3,
"to_element": 28
},
{
"pose": [
[
-0.11317838404630853,
0.8368422419677354,
-0.5356171351283305,
40.919188846538475
],
[
0.6441416754130577,
-0.34864492472142805,
-0.6808290669926251,
0.06133545423336295
],
[
-0.7564867185752338,
-0.4220684524154863,
-0.4995858946115983,
1.1668168734177047
],
[
0.0,
0.0,
0.0,
1.0
]
],
"at_element": 28,
"to_element": 3
},
{
"pose": [
[
0.9302717029063214,
-0.36687131091402175,
-7.451184613760375e-09,
39.89606495840314
],
[
-0.1874413339025241,
-0.4752929904626493,
-0.8596291756111551,
-0.24966708113977398
],
[
0.31537327901490847,
0.7996886984604066,
-0.5109184675054186,
1.1529174983074781
],
[
0.0,
0.0,
0.0,
1.0
]
],
"at_element": 4,
"to_element": 27
},
{
"pose": [
[
-0.48139264045672947,
0.3668712760607682,
-0.7960317785840216,
40.05060595392559
],
[
0.8325793632646723,
0.4752929223071557,
-0.2844437411343703,
-0.04945451287756539
],
[
0.2739940320150969,
-0.7996887549579945,
-0.5342519682826088,
0.816056346247193
],
[
0.0,
0.0,
0.0,
1.0
]
],
"at_element": 27,
"to_element": 4
},
{
"pose": [
[
0.3719241330356664,
0.4895247477854556,
0.7886938319596863,
40.49093713266332
],
[
-0.10604544880293545,
-0.8216753924420428,
0.5600034930635693,
-0.10970878725132144
],
[
0.9221858825930116,
-0.29191620503288485,
-0.25368903639169527,
0.9761113194368815
],
[
0.0,
0.0,
0.0,
1.0
]
],
"at_element": 10,
"to_element": 27
},
{
"pose": [
[
-0.35594791751997,
-0.48952474582288785,
-0.7960317853203062,
40.38405438642083
],
[
-0.4939041184756636,
0.8216753942066352,
-0.2844437876068809,
0.06969567251294045
],
[
0.7933220038332319,
0.29191620335707263,
-0.534251933502929,
1.0398482512956089
],
[
0.0,
0.0,
0.0,
1.0
]
],
"at_element": 27,
"to_element": 10
},
{
"pose": [
[
-0.16036879670396753,
-0.6562723553877287,
0.7372845072274099,
40.57135512440521
],
[
-0.24347321030145433,
0.7501727181480422,
0.6147858885920219,
-0.05260886494309239
],
[
-0.9565577060006498,
-0.08091655269610137,
-0.28008903332789314,
0.9502442948196252
],
[
0.0,
0.0,
0.0,
1.0
]
],
"at_element": 10,
"to_element": 28
},
{
"pose": [
[
0.43945432769939874,
0.7211062040858042,
-0.5356171545938685,
40.7198969969654
],
[
0.28046199451349685,
-0.6766187135525508,
-0.6808290432289172,
-0.19198668830491664
],
[
-0.8533586370921552,
0.14897301399734847,
-0.4995859061270296,
0.9809314913728691
],
[
0.0,
0.0,
0.0,
1.0
]
],
"at_element": 28,
"to_element": 10
},
{
"pose": [
[
-0.9302718169728861,
-0.36687102167650754,
-2.7512847305954935e-08,
40.37488364463022
],
[
0.18744113608935897,
-0.4752930037900649,
0.859629211375316,
0.054016850532773206
],
[
-0.3153730601168965,
0.799688823232045,
0.5109184073315929,
1.071378593676634
],
[
0.0,
0.0,
0.0,
1.0
]
],
"at_element": 26,
"to_element": 27
},
{
"pose": [
[
-0.4813927869064174,
0.36687105804374376,
-0.7960317904985555,
40.38810236591872
],
[
0.8325792052572971,
0.47529315283605733,
-0.28444381842516403,
0.07114212557922675
],
[
0.27399425484414774,
-0.7996887179628234,
-0.5342519093792513,
1.042565028329622
],
[
0.0,
0.0,
0.0,
1.0
]
],
"at_element": 27,
"to_element": 26
},
{
"pose": [
[
0.0852713704929483,
-0.5992183236441133,
-0.7960315282596494,
40.950596492945316
],
[
-0.9265902933575532,
0.24601204539577137,
-0.284444197999805,
0.27213656125481767
],
[
0.36627751996241564,
0.7618500338841808,
-0.5342520980219494,
1.420079570304946
],
[
0.0,
0.0,
0.0,
1.0
]
],
"at_element": 27,
"to_element": 28
},
{
"pose": [
[
-0.47539840699938685,
0.6640179593820285,
-0.5771278058113061,
41.05220909273365
],
[
0.6603682446812823,
-0.16411464520911112,
-0.7327893044009649,
0.2304190060159122
],
[
-0.5813003836563397,
-0.7294837440587795,
-0.3604765333762763,
1.2908887776960585
],
[
0.0,
0.0,
0.0,
1.0
]
],
"at_element": 28,
"to_element": 27
},
{
"pose": [
[
-0.02416673136530112,
-0.999707941898591,
3.72729413999906e-09,
39.89606495825484
],
[
-0.5107692823198591,
0.01234722693903878,
-0.8596291562210833,
0.06263715807244177
],
[
0.8593780945157801,
-0.020774428795962918,
-0.5109185001295489,
1.3385347654313262
],
[
0.0,
0.0,
0.0,
1.0
]
],
"at_element": 4,
"to_element": 6
},
{
"pose": [
[
0.13169029096830687,
0.7470294207669408,
0.6516169977627131,
41.20130951962588
],
[
0.9386657514641992,
0.11735737959066406,
-0.32424350800557744,
0.0465163015910543
],
[
-0.31869150332701507,
0.6543502807856216,
-0.6857561051444931,
1.3656584016975573
],
[
0.0,
0.0,
0.0,
1.0
]
],
"at_element": 6,
"to_element": 4
},
{
"pose": [
[
-0.0042991478171001685,
-0.9999907586213207,
4.8395039198290135e-08,
39.896064958148806
],
[
-0.5109137402118066,
0.002196472387603343,
-0.8596291791068014,
0.2859361405000076
],
[
0.859621234841735,
-0.0036956976345630665,
-0.5109184616239313,
1.4712519740554981
],
[
0.0,
0.0,
0.0,
1.0
]
],
"at_element": 4,
"to_element": 9
},
{
"pose": [
[
0.0046107656251999085,
0.9999891638965086,
-0.000642596227337533,
41.6038351975898
],
[
0.22977160067648078,
-0.0016848436131056133,
-0.9732431211288202,
0.2821850825883603
],
[
-0.9732336576397866,
0.004339745564119091,
-0.2297768792666517,
1.477563516948387
],
[
0.0,
0.0,
0.0,
1.0
]
],
"at_element": 9,
"to_element": 4
},
{
"pose": [
[
0.19328966779101242,
-0.9811417350848143,
6.598236013122261e-09,
39.89606495819231
],
[
-0.5012834718252165,
-0.09875527453929123,
-0.8596291506373702,
0.19429852209783072
],
[
0.8434180370374451,
0.16615742964258085,
-0.5109185095242426,
1.4167873778128839
],
[
0.0,
0.0,
0.0,
1.0
]
],
"at_element": 4,
"to_element": 29
},
{
"pose": [
[
-0.4297316046009576,
0.7903989151412867,
0.4365779460194513,
40.622444348948335
],
[
-0.2907489901423619,
0.33662411283373783,
-0.895627842013688,
0.267411097944349
],
[
-0.854865938459524,
-0.5118141865974172,
0.08514966623153164,
1.2937742359169007
],
[
0.0,
0.0,
0.0,
1.0
]
],
"at_element": 29,
"to_element": 4
},
{
"pose": [
[
-0.22379609938619272,
-0.6509099393840364,
0.7254181943614286,
41.55911009693837
],
[
-0.9065533478222739,
-0.13427749772087516,
-0.400163193157551,
-0.22145196031477454
],
[
0.35787753974195224,
-0.7471852544161256,
-0.5600338044541213,
1.3429412653826243
],
[
0.0,
0.0,
0.0,
1.0
]
],
"at_element": 6,
"to_element": 9
},
{
"pose": [
[
0.32994901286152156,
0.9439987547193543,
1.251411561598026e-07,
41.60383519349709
],
[
0.21631585517769392,
-0.07560717714300114,
-0.9733914965537811,
-0.22503409249547926
],
[
-0.9188803511396086,
0.32116959048573546,
-0.22914841137737474,
1.3581577421519995
],
[
0.0,
0.0,
0.0,
1.0
]
],
"at_element": 9,
"to_element": 6
},
{
"pose": [
[
-0.021685413678130816,
0.6004361068034234,
0.7993786490020585,
41.20130954081789
],
[
0.05566890012493059,
0.7990513771649009,
-0.5986801067429548,
0.04651628571968913
],
[
-0.9982137628747105,
0.03151790439770913,
-0.050753377324942894,
1.3656584003520549
],
[
0.0,
0.0,
0.0,
1.0
]
],
"at_element": 6,
"to_element": 29
},
{
"pose": [
[
-0.10748427642532321,
-0.6004359864957535,
0.7924164034408904,
41.097235523592325
],
[
0.041586432178097765,
-0.7990514739985044,
-0.5998227326131563,
-0.0919838707867084
],
[
0.9933366493691961,
-0.031517741379878395,
0.11085545993901191,
1.3601953867489398
],
[
0.0,
0.0,
0.0,
1.0
]
],
"at_element": 29,
"to_element": 6
},
{
"pose": [
[
0.5450858820307671,
-0.27378370177551636,
0.7924164724769645,
40.92254524980647
],
[
0.7778914382325436,
-0.18734385424111033,
-0.599822632619502,
0.04024859021462307
],
[
0.3126760168852823,
0.9433688382176828,
0.11085550750672724,
1.335757002794729
],
[
0.0,
0.0,
0.0,
1.0
]
],
"at_element": 29,
"to_element": 31
},
{
