{
"contact_id_pairs": [
[
0,
1
],
[
1,
2
],
[
2,
3
],
[
2,
18
],
[
3,
18
],
[
0,
25
],
[
0,
26
],
[
25,
31
],
[
26,
31
],
[
1,
25
],
[
1,
29
],
[
8,
24
],
[
8,
25
],
[
25,
29
],
[
2,
31
],
[
11,
12
],
[
11,
30
],
[
11,
31
],
[
12,
30
],
[
30,
31
],
[
3,
26
],
[
3,
27
],
[
3,
28
],
[
4,
27
],
[
4,
28
],
[
4,
6
],
[
4,
7
],
[
5,
6
],
[
5,
7
],
[
5,
17
],
[
6,
17
],
[
6,
20
],
[
6,
21
],
[
15,
20
],
[
15,
21
],
[
15,
28
],
[
7,
27
],
[
20,
27
],
[
8,
9
],
[
8,
10
],
[
8,
19
],
[
9,
10
],
[
9,
11
],
[
10,
19
],
[
9,
24
],
[
23,
24
],
[
10,
13
],
[
10,
22
],
[
10,
23
],
[
10,
29
],
[
22,
29
],
[
12,
16
],
[
13,
14
],
[
13,
15
],
[
13,
16
],
[
14,
15
],
[
14,
22
],
[
14,
30
],
[
21,
30
],
[
22,
30
],
[
16,
17
],
[
16,
18
],
[
16,
19
],
[
17,
19
]
],
"contact_t_bound_pairs": [
[
[
0.6,
0.9
],
[
0.6,
0.9
]
],
[
[
0.6,
0.9
],
[
0.6,
0.9
]
],
[
[
0.6,
0.9
],
[
0.6,
0.9
]
],
[
[
0.6,
0.9
],
[
0.1,
0.4
]
],
[
[
0.6,
0.9
],
[
0.1,
0.4
]
],
[
[
0.1,
0.4
],
[
0.6,
0.9
]
],
[
[
0.1,
0.4
],
[
0.1,
0.4
]
],
[
[
0.6,
0.9
],
[
0.6,
0.9
]
],
[
[
0.1,
0.4
],
[
0.6,
0.9
]
],
[
[
0.1,
0.4
],
[
0.1,
0.4
]
],
[
[
0.1,
0.4
],
[
0.6,
0.9
]
],
[
[
0.1,
0.4
],
[
0.6,
0.9
]
],
[
[
0.1,
0.4
],
[
0.1,
0.4
]
],
[
[
0.1,
0.4
],
[
0.6,
0.9
]
],
[
[
0.1,
0.4
],
[
0.1,
0.4
]
],
[
[
0.1,
0.4
],
[
0.1,
0.4
]
],
[
[
0.1,
0.4
],
[
0.6,
0.9
]
],
[
[
0.1,
0.4
],
[
0.1,
0.4
]
],
[
[
0.1,
0.4
],
[
0.6,
0.9
]
],
[
[
0.6,
0.9
],
[
0.1,
0.4
]
],
[
[
0.1,
0.4
],
[
0.6,
0.9
]
],
[
[
0.1,
0.4
],
[
0.1,
0.4
]
],
[
[
0.1,
0.4
],
[
0.6,
0.9
]
],
[
[
0.1,
0.4
],
[
0.1,
0.4
]
],
[
[
0.1,
0.4
],
[
0.6,
0.9
]
],
[
[
0.6,
0.9
],
[
0.6,
0.9
]
],
[
[
0.6,
0.9
],
[
0.6,
0.9
]
],
[
[
0.6,
0.9
],
[
0.6,
0.9
]
],
[
[
0.6,
0.9
],
[
0.6,
0.9
]
],
[
[
0.6,
0.9
],
[
0.1,
0.4
]
],
[
[
0.6,
0.9
],
[
0.1,
0.4
]
],
[
[
0.1,
0.4
],
[
0.6,
0.9
]
],
[
[
0.1,
0.4
],
[
0.6,
0.9
]
],
[
[
0.1,
0.4
],
[
0.6,
0.9
]
],
[
[
0.1,
0.4
],
[
0.6,
0.9
]
],
[
[
0.1,
0.4
],
[
0.1,
0.4
]
],
[
[
0.1,
0.4
],
[
0.6,
0.9
]
],
[
[
0.1,
0.4
],
[
0.6,
0.9
]
],
[
[
0.6,
0.9
],
[
0.6,
0.9
]
],
[
[
0.6,
0.9
],
[
0.6,
0.9
]
],
[
[
0.6,
0.9
],
[
0.1,
0.4
]
],
[
[
0.6,
0.9
],
[
0.6,
0.9
]
],
[
[
0.6,
0.9
],
[
0.6,
0.9
]
],
[
[
0.6,
0.9
],
[
0.1,
0.4
]
],
[
[
0.1,
0.4
],
[
0.1,
0.4
]
],
[
[
0.6,
0.9
],
[
0.1,
0.4
]
],
[
[
0.1,
0.4
],
[
0.1,
0.4
]
],
[
[
0.1,
0.4
],
[
0.6,
0.9
]
],
[
[
0.1,
0.4
],
[
0.1,
0.4
]
],
[
[
0.1,
0.4
],
[
0.1,
0.4
]
],
[
[
0.6,
0.9
],
[
0.1,
0.4
]
],
[
[
0.6,
0.9
],
[
0.1,
0.4
]
],
[
[
0.6,
0.9
],
[
0.6,
0.9
]
],
[
[
0.6,
0.9
],
[
0.6,
0.9
]
],
[
[
0.6,
0.9
],
[
0.1,
0.4
]
],
[
[
0.6,
0.9
],
[
0.6,
0.9
]
],
[
[
0.1,
0.4
],
[
0.1,
0.4
]
],
[
[
0.1,
0.4
],
[
0.1,
0.4
]
],
[
[
0.1,
0.4
],
[
0.1,
0.4
]
],
[
[
0.1,
0.4
],
[
0.1,
0.4
]
],
[
[
0.6,
0.9
],
[
0.6,
0.9
]
],
[
[
0.6,
0.9
],
[
0.6,
0.9
]
],
[
[
0.6,
0.9
],
[
0.6,
0.9
]
],
[
[
0.6,
0.9
],
[
0.6,
0.9
]
]
],
"line_pt_pairs": [
[
[
13.726677877141716,
-0.6863054147017603,
1.1939674303705048
],
[
14.70219933841978,
-0.36330660179325364,
0.5138348795547188
]
],
[
[
14.85554291918861,
-0.7136804794264939,
1.6620399777353312
],
[
14.499285173891957,
-0.3472096731449002,
0.526739084906759
]
],
[
[
14.951815873032078,
0.0803884311081781,
1.9597348177523728
],
[
14.621791249204058,
-0.5356957532486657,
0.7841174113473743
]
],
[
[
13.596326700725157,
0.1608470969826837,
1.2358778902651035
],
[
14.802644176647014,
-0.477560538065801,
0.9102953494972226
]
],
[
[
13.741601571794012,
0.24126875060101835,
1.4084194454007675
],
[
14.642618545465268,
0.4934588131133841,
0.8910142801331908
]
],
[
[
14.511137327344638,
0.5362135377262582,
1.6495159764637195
],
[
14.443841870035158,
0.3263268058198261,
0.7908893736338011
]
],
[
[
14.747987821478207,
1.1200288986432017,
2.5164494552637695
],
[
14.381045106807505,
0.2908422112136118,
0.8121585588290635
]
],
[
[
13.820175686842482,
1.1509563963073746,
1.9605644884028808
],
[
14.55507248419002,
0.3286468989330269,
0.9049154137288572
]
],
[
[
15.08086902401798,
-0.8452896889343916,
1.8326533076864684
],
[
14.975937301523574,
-0.17729726613125826,
0.9072819968423732
]
],
[
[
15.568633224454622,
-0.8348791218437059,
2.459549585050213
],
[
14.888206403902322,
-0.1440494969763087,
0.835250061353494
]
],
[
[
15.939715871957313,
0.3116714396618241,
2.7486307178408134
],
[
14.93183849644169,
-0.4237843293910656,
0.9360031576128623
]
],
[
[
14.98670873712651,
0.032574444443642485,
2.1742085466120002
],
[
14.918436215196753,
-0.25984035095528196,
0.8731228503222225
]
],
[
[
14.921242112785848,
-0.020661490193568867,
2.1164746657031546
],
[
15.190407953414322,
0.3887858835094884,
1.37127836970627
]
],
[
[
15.84978360600582,
0.18766508072778634,
2.64539525019688
],
[
15.04526149615881,
0.371721191641327,
1.3499817578337643
]
],
[
[
15.724497104190148,
1.116238317262139,
3.3137294177390473
],
[
15.289579790503756,
0.15458841984326324,
1.4873925575292166
]
],
[
[
14.776559203277833,
1.1241576056403872,
2.508286581834633
],
[
15.410637127789506,
0.1845740490333248,
1.556889746610614
]
],
[
[
15.12012756271679,
0.36553292451853897,
1.6785610646031999
],
[
15.0,
0.0,
0.0
]
],
[
[
14.333249796797713,
0.3784566599416099,
1.09490284370156
],
[
15.230845943434387,
0.057340835445419215,
0.22811574813739155
]
],
[
[
14.58956600032156,
-0.502202783013364,
1.0105286486262137
],
[
15.0421787201913,
0.16695492684103536,
0.2838193452359255
]
],
[
[
15.010830175018059,
-0.3992410921739245,
1.2856710164496372
],
[
15.090936953318991,
0.2728196204938187,
0.20960887624634716
]
],
[
[
13.808509201402424,
1.0726775389847525,
1.7395645158524717
],
[
14.979800718612376,
1.03944949942949,
2.449523054570412
]
],
[
[
15.898174145294716,
1.012220734679196,
3.1068858098680328
],
[
14.565056852989333,
0.9999786615793018,
2.2669654973092266
]
],
[
[
15.68884174020108,
1.1391577952516525,
3.1903249624243504
],
[
15.889276685864106,
0.115653929252803,
2.443537689207947
]
],
[
[
15.864153689095083,
0.3336498809495205,
2.515787524928976
],
[
15.651491042924475,
-0.8619576120095754,
2.366276050737643
]
],
[
[
15.811726308020186,
-0.6011361328502444,
2.466531992574618
],
[
14.891846854641365,
-0.8548241898679413,
1.5127928220375617
]
],
[
[
15.192861563335958,
-0.6221908023768429,
1.6395683394567302
],
[
13.68654308995825,
-0.6134035819308834,
1.067744800901432
]
],
[
[
13.821263745152885,
-0.9136144135390132,
1.0509473030768615
],
[
13.899836671292013,
0.3218273901486124,
1.1462945084422718
]
],
[
[
13.84137494727663,
-0.08498899583420538,
1.0557222755900768
],
[
13.954038353238229,
1.2149838576682666,
1.8638385117110283
]
],
[
[
15.027287300742245,
1.1090212273560012,
2.475095799052809
],
[
13.578397749012915,
0.012166182372735417,
1.033931431144958
]
],
[
[
16.005700824499947,
0.3553961559603054,
2.612972662897581
],
[
14.711120377780086,
-0.8013464804544608,
1.3865802570024595
]
],
[
[
15.850076386059142,
1.1196547612397165,
3.2102533773123865
],
[
14.838554319222599,
-0.1637864018603307,
1.5924779248988365
]
],
[
[
15.166638550120759,
0.12802734964971205,
2.0095352068511825
],
[
13.709939905216107,
-0.7960872501590016,
0.9299300897911751
]
]
],
"contact_t_pairs": [
[
0.8315345444057655,
0.8999997109612812
],
[
0.6566062628248408,
0.8961380725592217
],
[
0.8494375103485184,
0.8999999172361244
],
[
0.8680057130987754,
0.1000000517406203
],
[
0.8828952860812577,
0.12208693949669427
],
[
0.11722522724414336,
0.8999997472564276
],
[
0.13670113991389632,
0.2226252981457385
],
[
0.7852476075523754,
0.7861702862339288
],
[
0.1691906342963383,
0.8999996987486961
],
[
0.164432092730576,
0.26577770960395536
],
[
0.12198505328137813,
0.8999999005346594
],
[
0.10000015009892224,
0.7800201919016354
],
[
0.29329982938588733,
0.10000004056558388
],
[
0.19166646999338505,
0.8594676469326115
],
[
0.12455924705332426,
0.16892609337300898
],
[
0.10000008267781181,
0.10000013720512585
],
[
0.31940306871475627,
0.8999999883966462
],
[
0.2424432200707669,
0.14552834420698463
],
[
0.2927188521853986,
0.8116963109992135
],
[
0.8221334880491183,
0.10000005913259606
],
[
0.24158156105091574,
0.7474485941126643
],
[
0.21104228702179298,
0.10000006094265762
],
[
0.10000025024606772,
0.8999999588007043
],
[
0.16921951661162968,
0.2970723790207277
],
[
0.14677233351051056,
0.7861778250747298
],
[
0.7458525265994755,
0.8697758651591174
],
[
0.7870159346037908,
0.8842791989722776
],
[
0.6898854942892736,
0.8573437818835493
],
[
0.7342489998072995,
0.8999999116583924
],
[
0.7918871287227204,
0.13443589482670149
],
[
0.8938573675989225,
0.10000043694465018
],
[
0.12404193536950624,
0.7726956506137534
],
[
0.10700389310041161,
0.8999999362988172
],
[
0.11621900732264795,
0.8999997614539983
],
[
0.10000004599567772,
0.8027893249973067
],
[
0.16122192445822012,
0.10000010182951935
],
[
0.18283926381140816,
0.848688529119771
],
[
0.10000069194630891,
0.8999997501262588
],
[
0.8999998766303483,
0.8873128495995131
],
[
0.7595916233543074,
0.8999999682810411
],
[
0.7271183241146648,
0.10000011181190167
],
[
0.7616931355590424,
0.8506681921239477
],
[
0.8999999520821446,
0.8999999202710116
],
[
0.8827085384505743,
0.11887967983595196
],
[
0.21926366877835438,
0.3999990560012992
],
[
0.8017760443405355,
0.10000018952001143
],
[
0.1386379646454185,
0.10000061354999035
],
[
0.10000006495840122,
0.8614845547086064
],
[
0.12773142760806272,
0.10000020902651675
],
[
0.1966535053321978,
0.18385870929577694
],
[
0.8999998493876682,
0.1000000782145139
],
[
0.8107426603157506,
0.10000007667696018
],
[
0.6377913317259131,
0.82668531657271
],
[
0.7077186334840194,
0.8304858080449834
],
[
0.8999998112715565,
0.11393659015816283
],
[
0.8999992769380848,
0.8999998668585584
],
[
0.10000052962528606,
0.10000182818410713
],
[
0.2505475519540395,
0.21252242431800933
],
[
0.10000079564638385,
0.10000012003115243
],
[
0.17837352767486836,
0.11043748191978821
],
[
0.7468335676706394,
0.782045270368659
],
[
0.7847933939264986,
0.8960565657081833
],
[
0.709576631581817,
0.7428721024444842
],
[
0.8010529256586567,
0.8078868789011222
]
],
"half_couplers": [
{
"pose": [
[
0.6054936967622564,
0.08185039280462615,
0.7916298986135536,
14.537857671003618
],
[
-0.21552969319158177,
-0.940661706584593,
0.2621116272089122,
-0.4177207439662821
],
[
0.7661098710589228,
-0.3293266872925568,
-0.5519235440738068,
0.6284137195923691
],
[
0.0,
0.0,
0.0,
1.0
]
],
"at_element": 0,
"to_element": 1
},
{
"pose": [
[
-0.9546851329701287,
-0.08185039233768643,
-0.286141241627233,
14.534911051393905
],
[
-0.168869867651542,
0.940661705502133,
0.29434422637648083,
-0.3838568596973119
],
[
0.24506991795232316,
0.32932669050045904,
-0.9118578103185038,
0.6402695023355318
],
[
0.0,
0.0,
0.0,
1.0
]
],
"at_element": 1,
"to_element": 0
},
{
"pose": [
[
-0.05075037341537447,
-0.9568425102658465,
-0.28614124160343174,
14.621621852446971
],
[
-0.954968489645443,
-0.03737189290592502,
0.29434422944051364,
-0.4730534528795305
],
[
-0.2923347112172992,
0.28819394887606764,
-0.9118578093369147,
0.9165943013134572
],
[
0.0,
0.0,
0.0,
1.0
]
],
"at_element": 1,
"to_element": 2
},
{
"pose": [
[
-0.1619432644647787,
0.9568425103822229,
-0.2413022781076388,
14.656068242737755
],
[
0.8920146599317642,
0.03737189300773325,
-0.45045886391527196,
-0.4717080623955841
],
[
-0.42200026725265194,
-0.2881939484764801,
-0.859569672859755,
0.9062193011095263
],
[
0.0,
0.0,
0.0,
1.0
]
],
"at_element": 2,
"to_element": 1
},
{
"pose": [
[
0.9253847088174452,
-0.2922949733275726,
-0.24130227776439606,
14.671480578213899
],
[
-0.37358697489101933,
-0.8108758134093232,
-0.4504588631823612,
-0.442936584616997
],
[
-0.06399931936067016,
0.5069951319245599,
-0.8595696733401945,
0.9611212949333285
],
[
0.0,
0.0,
0.0,
1.0
]
],
"at_element": 2,
"to_element": 3
},
{
"pose": [
[
-0.4188329724419697,
0.29229498016357525,
0.8597340203612971,
14.68201232921532
],
[
-0.36805671557483055,
0.8108758140239387,
-0.45498864639821857,
-0.41371972172386245
],
[
-0.8301284209781594,
-0.5069951270004377,
-0.23204039709093216,
0.9428536305204835
],
[
0.0,
0.0,
0.0,
1.0
]
],
"at_element": 3,
"to_element": 2
},
{
"pose": [
[
0.473330215390084,
0.8471904849491335,
-0.24130227808793797,
14.665352614086082
],
[
0.7186122780660297,
-0.5297954382284482,
-0.4504588632107016,
-0.4543761606633615
],
[
-0.5094653089382317,
0.0398130109885981,
-0.8595696732345166,
0.9392921925744693
],
[
0.0,
0.0,
0.0,
1.0
]
],
"at_element": 2,
"to_element": 18
},
{
"pose": [
[
-0.32979978835521084,
-0.8471904846228178,
0.41653377097831257,
14.634827295726996
],
[
-0.5831686992501197,
0.5297954387053374,
0.6158173928543611,
-0.43528697740528904
],
[
-0.74239232742249,
-0.03981301158634376,
-0.6687813964911435,
0.9378576806867948
],
[
0.0,
0.0,
0.0,
1.0
]
],
"at_element": 18,
"to_element": 2
},
{
"pose": [
[
0.22225002425073304,
0.4598503509544941,
0.8597340178494609,
14.661378713734006
],
[
0.7423259341013427,
0.4918714617240961,
-0.4549886511793125,
-0.40279999459990734
],
[
-0.6321053189786633,
0.7393240966372121,
-0.2320403970227014,
0.9484225997907825
],
[
0.0,
0.0,
0.0,
1.0
]
],
"at_element": 3,
"to_element": 18
},
{
"pose": [
[
0.7842431202269307,
-0.45985035110948236,
0.41653377169350114,
14.64482410206773
],
[
-0.6154928145528543,
-0.49187146168073603,
0.6158173921040732,
-0.42050736617662343
],
[
-0.0783027688561114,
-0.7393240965696587,
-0.6687813967365752,
0.9218069338715188
],
[
0.0,
0.0,
0.0,
1.0
]
],
"at_element": 18,
"to_element": 3
},
{
"pose": [
[
0.6015278422853483,
0.10717443057933403,
0.791629898617737,
13.841033602121575
],
[
-0.175886100918638,
-0.9488738453593042,
0.26211162716805536,
-0.648441805458972
],
[
0.7792485703927674,
-0.2969041377667925,
-0.5519235440872092,
1.1142387375449854
],
[
0.0,
0.0,
0.0,
1.0
]
],
"at_element": 0,
"to_element": 25
},
{
"pose": [
[
-0.33837387494632454,
-0.10717442455948774,
-0.934888636937123,
13.837175318008333
],
[
-0.3156084262582207,
0.9488738472619224,
0.005453737907828049,
-0.6142823061963929
],
[
0.8865068764700128,
0.2969041338592319,
-0.35489927200359395,
1.1249272992816857
],
[
0.0,
0.0,
0.0,
1.0
]
],
"at_element": 25,
"to_element": 0
},
{
"pose": [
[
-0.15497978686196845,
0.5910189246725357,
0.7916298985909631,
13.860032772908898
],
[
0.9599079429035913,
-0.09936919091702423,
0.26211162707345115,
-0.6421511087863321
],
[
0.23357655450582965,
0.8005138315953171,
-0.5519235441705397,
1.100992535381441
],
[
0.0,
0.0,
0.0,
1.0
]
],
"at_element": 0,
"to_element": 26
},
{
"pose": [
[
0.8041715266240519,
-0.5910189239542913,
0.0632833887766246,
13.83875606626079
],
[
-0.005272783066797071,
0.09936918710541343,
0.9950366638535185,
-0.6385738136513466
],
[
-0.5943739172657834,
-0.8005138325987385,
0.07679355631956852,
1.072174003098699
],
[
0.0,
0.0,
0.0,
1.0
]
],
"at_element": 26,
"to_element": 0
},
{
"pose": [
[
0.16103789996203366,
-0.31630686199399405,
-0.9348886371281505,
14.010028585904166
],
[
-0.8845303844590345,
-0.46645070014320256,
0.005453742262786554,
-0.6152906585446178
],
[
-0.43780451544561616,
0.8260591464244122,
-0.35489927143346,
1.190545273864049
],
[
0.0,
0.0,
0.0,
1.0
]
],
"at_element": 25,
"to_element": 31
},
{
"pose": [
[
-0.6225616251107646,
0.31630686231645466,
-0.7157981501729129,
14.021425359499492
],
[
0.7590925542048348,
0.46645070053964166,
-0.4540949659673158,
-0.5984840897948569
],
[
0.19025119471431612,
-0.8260591460770815,
-0.5305004901903287,
1.1607817429525022
],
[
0.0,
0.0,
0.0,
1.0
]
],
"at_element": 31,
"to_element": 25
},
{
"pose": [
[
-0.8087084095675008,
-0.584795623412992,
0.06328338748687118,
13.834557548364883
],
[
0.09621765963974196,
-0.02538107181217053,
0.9950366642325881,
-0.7045892311368916
],
[
-0.5802868861763586,
0.8107834976309494,
0.07679355247070097,
1.0670791572310185
],
[
0.0,
0.0,
0.0,
1.0
]
],
"at_element": 26,
"to_element": 31
},
{
"pose": [
[
-0.3816373757828302,
0.584795623663366,
-0.7157981502838421,
13.855610208538938
],
[
0.8905916926907629,
0.02538107197825057,
-0.45409496594372933,
-0.7036755117874021
],
[
-0.24738502443720523,
-0.8107834974451625,
-0.5305004900608421,
1.037890926729625
],
[
0.0,
0.0,
0.0,
1.0
]
],
"at_element": 31,
"to_element": 26
},
{
"pose": [
[
0.9501915395980939,
0.1235282472393385,
-0.286141241714963,
14.796962712578004
],
[
0.20985108925320708,
-0.9323754579219325,
0.2943442301185962,
-0.6534209178249499
],
[
-0.23043124444277632,
-0.3397304484423547,
-0.9118578090830336,
1.4753600760486376
],
[
0.0,
0.0,
0.0,
1.0
]
],
"at_element": 1,
"to_element": 25
},
{
"pose": [
[
-0.3327521728572229,
-0.12352824634092954,
-0.9348886371192731,
14.792515689547505
],
[
-0.36145022063233734,
0.9323754580144126,
0.0054537415825292035,
-0.6198553550529308
],
[
0.8709935300928657,
0.3397304485152147,
-0.35489927146729894,
1.487590389081874
],
[
0.0,
0.0,
0.0,
1.0
]
],
"at_element": 25,
"to_element": 1
},
{
"pose": [
[
-0.5400586109850687,
-0.7914921897693619,
-0.2861412417582937,
14.812084799146694
],
[
-0.8356332263541677,
0.46376565793568814,
0.29434422965705065,
-0.6689765185961641
],
[
-0.10026867763066509,
0.39807226486352776,
-0.9118578092184213,
1.5235502378332417
],
[
0.0,
0.0,
0.0,
1.0
]
],
"at_element": 1,
"to_element": 29
},
{
"pose": [
[
0.05094714762138364,
0.7914921897346386,
-0.6090521338426719,
14.840578551217957
],
[
0.6991157422096576,
-0.46376565788724533,
-0.5442045512112614,
-0.6856721017571838
],
[
-0.7131911154409348,
-0.3980722649890062,
-0.5769721871135887,
1.5092196195755099
],
[
0.0,
0.0,
0.0,
1.0
]
],
"at_element": 29,
"to_element": 1
},
{
"pose": [
[
-0.7440414493036884,
-0.6618306906010357,
-0.09155576823239074,
15.0703758360184
],
[
-0.5789264611087833,
0.5702104629963594,
0.582841471171654,
-0.7784903463891355
],
[
-0.3335363163826805,
0.4866622698217252,
-0.807411518858778,
1.7401160377048224
],
[
0.0,
0.0,
0.0,
1.0
]
],
"at_element": 8,
"to_element": 24
},
{
"pose": [
[
0.3115869940827205,
0.6618306906171476,
-0.6818311243084493,
15.094201760269266
],
[
0.7996884949198113,
-0.5702104632085039,
-0.1880381310809868,
-0.7990179397683413
],
[
-0.513236647377583,
-0.48666226955124936,
-0.7069285530970195,
1.7225961817481967
],
[
0.0,
0.0,
0.0,
1.0
]
],
"at_element": 24,
"to_element": 8
},
{
"pose": [
[
0.9715517960364105,
0.21841393936949527,
-0.09155576829191872,
15.050092567713204
],
[
0.23012336157175073,
-0.7793196125372714,
0.5828414707050915,
-0.6493676252951671
],
[
0.055949495773799006,
-0.5873297988386552,
-0.8074115191888225,
1.5612420600973005
],
[
0.0,
0.0,
0.0,
1.0
]
],
"at_element": 8,
"to_element": 25
},
{
"pose": [
[
-0.2797831081265274,
-0.21841393875778936,
-0.9348886370918028,
15.042229654893498
],
[
-0.6266029018278576,
0.7793196135881231,
0.0054537416299972885,
-0.6213120799757883
],
[
0.7273858782159357,
0.5873297976717742,
-0.3548992715389323,
1.5823859624048446
],
[
0.0,
0.0,
0.0,
1.0
]
],
"at_element": 25,
"to_element": 8
},
{
"pose": [
[
-0.17582384549426733,
0.3083329553077882,
-0.9348886372326778,
14.904150818857829
],
[
0.8614692071778776,
0.5077805252125077,
0.005453741764038678,
-0.6205065868529122
],
[
0.4763998115448064,
-0.8044188752671554,
-0.35489927116577413,
1.52996894036271
],
[
0.0,
0.0,
0.0,
1.0
]
],
"at_element": 25,
"to_element": 29
},
{
"pose": [
[
0.7307436533773569,
-0.30833295521998294,
-0.6090521338719908,
14.893050814192659
],
[
-0.6678325718723286,
-0.5077805253764636,
-0.5442045516116104,
-0.638786715865719
],
[
-0.14146861487660206,
0.8044188751973159,
-0.5769721867050275,
1.5589280675868769
],
[
0.0,
0.0,
0.0,
1.0
]
],
"at_element": 29,
"to_element": 25
},
{
"pose": [
[
-0.9310321862618776,
-0.2737741384891789,
-0.241302277732592,
14.910708254379005
],
[
-0.14242046003594888,
0.8813644106171147,
-0.45045886411601976,
0.0036494489832282345
],
[
0.3359992272425307,
-0.3850253196765817,
-0.8595696728598379,
1.8133007987877843
],
[
0.0,
0.0,
0.0,
1.0
]
],
"at_element": 2,
"to_element": 31
},
{
"pose": [
[
0.6424023114447777,
0.2737741382319107,
-0.7157981499597365,
14.92056413881526
],
[
-0.13036309684417474,
-0.881364410775564,
-0.45409496627846346,
-0.028079719524935556
],
[
-0.7551984727418369,
0.3850253194968055,
-0.5305004902116297,
1.8271617320407254
],
[
0.0,
0.0,
0.0,
1.0
]
],
"at_element": 31,
"to_element": 2
},
{
"pose": [
[
0.47142253400015155,
0.8804240862008427,
-0.05112947168010848,
14.979881479288911
],
[
0.8548296158459768,
-0.47043555930792147,
-0.21899021076583058,
0.0033329407275346154
],
[
-0.2168573778073867,
0.05952993344574026,
-0.9743865068413304,
2.044099869412104
],
[
0.0,
0.0,
0.0,
1.0
]
],
"at_element": 11,
"to_element": 12
},
{
"pose": [
[
-0.3657438678715379,
-0.880424086282488,
0.30180266965024194,
14.948158733779628
],
[
-0.7536069708613778,
0.47043555922926916,
0.4590935831415891,
0.020283303355015297
],
[
-0.546175756129385,
-0.059529932859787665,
-0.835552649753565,
2.0419549338587144
],
[
0.0,
0.0,
0.0,
1.0
]
],
"at_element": 12,
"to_element": 11
},
{
"pose": [
[
0.7130215661474232,
0.6992753558787741,
-0.05112947163123864,
14.96490228411325
],
[
0.6751458548498281,
-0.7044298135683482,
-0.21899021082038622,
-0.06082373854437158
],
[
-0.18915158177443492,
0.12162489225761353,
-0.9743865068316335,
1.75863778255617
],
[
0.0,
0.0,
0.0,
1.0
]
],
"at_element": 11,
"to_element": 30
},
{
"pose": [
[
-0.5634792280167513,
-0.6992753559290179,
-0.4398921870003951,
14.939706537643302
],
[
-0.43846672204252024,
0.7044298134946749,
-0.5581447585717748,
-0.03544227065810407
],
[
0.7001700459566467,
-0.1216248923954413,
-0.7035405406192767,
1.7542554889118125
],
[
0.0,
0.0,
0.0,
1.0
]
],
"at_element": 30,
"to_element": 11
},
{
"pose": [
[
0.9009963136560155,
0.43080322645436175,
-0.051129471489374405,
14.970156527067507
],
[
0.4107543302956014,
-0.8850560250464288,
-0.21899021136212213,
-0.03831954014920723
],
[
-0.13959413641583526,
0.1763077213440377,
-0.9743865067173243,
1.8587691408154905
],
[
0.0,
0.0,
0.0,
1.0
]
],
"at_element": 11,
"to_element": 31
},
{
"pose": [
[
-0.5495831042107246,
-0.4308032264005973,
-0.7157981501016465,
14.954647608319227
],
[
-0.10234058188139564,
0.8850560250053368,
-0.45409496573066077,
-0.006457517917950281
],
[
0.8291470417641741,
-0.1763077216816901,
-0.5305004904890576,
1.8524220617680518
],
[
0.0,
0.0,
0.0,
1.0
]
],
"at_element": 31,
"to_element": 11
},
{
"pose": [
[
-0.5100896750804882,
-0.8054338412298302,
0.3018026686065622,
15.000032028702133
],
[
-0.6626653369340049,
0.591699021130809,
0.4590935848157587,
0.09919147506711602
],
[
-0.5483458530912981,
0.034184730430457555,
-0.8355526492106726,
1.898341661286136
],
[
0.0,
0.0,
0.0,
1.0
]
],
"at_element": 12,
"to_element": 30
},
{
"pose": [
[
0.39720421944876494,
0.8054338411672834,
-0.4398921862850175,
15.02902765591362
],
[
0.581692956558274,
-0.5916990210788391,
-0.5581447596679892,
0.07789030376686834
],
[
-0.709832453711854,
-0.034184732803672735,
-0.703540540196903,
1.8971110105632243
],
[
0.0,
0.0,
0.0,
1.0
]
],
"at_element": 30,
"to_element": 12
},
{
"pose": [
[
-0.8953650590477671,
-0.06939938718669664,
-0.4398921868986756,
15.018470221012162
],
[
0.21203842074092272,
0.8021933285990392,
-0.5581447587148778,
0.0644948011144573
],
[
0.3916134818492385,
-0.5930173594502144,
-0.7035405405693484,
1.8802260017393941
],
[
0.0,
0.0,
0.0,
1.0
]
],
"at_element": 30,
"to_element": 31
},
{
"pose": [
[
0.6948501517906346,
0.06939938695961242,
-0.7157981500717657,
15.02096859949192
],
[
-0.38766431971846116,
-0.8021933289602237,
-0.45409496604668176,
0.03561583502354533
],
[
-0.6057224131347253,
0.593017358988204,
-0.5305004902588695,
1.9015746313053286
],
[
0.0,
0.0,
0.0,
1.0
]
],
"at_element": 31,
"to_element": 30
},
{
"pose": [
[
0.46305482618262617,
0.21549395812907746,
0.8597340181467995,
13.88775075968136
],
[
0.8860629721702485,
-0.08875661615539654,
-0.4549886508886449,
0.006619583920847452
],
[
-0.021740223039410922,
0.9724631700473325,
-0.23204039649097652,
1.1572231518154754
],
[
0.0,
0.0,
0.0,
1.0
]
],
"at_element": 3,
"to_element": 26
},
{
"pose": [
[
0.9744524446938404,
-0.21549395798059634,
0.06328338726755112,
13.879992968330894
],
[
-0.04499221705689317,
0.08875661689171266,
0.9950366643306381,
0.009814825735316751
],
[
-0.2200412084917352,
-0.9724631700130317,
0.07679355138097199,
1.1222144376798089
],
[
0.0,
0.0,
0.0,
1.0
]
],
"at_element": 26,
"to_element": 3
},
{
"pose": [
[
0.5084786090090806,
-0.04803043814277136,
0.8597340177008258,
13.850910699718064
],
[
0.7197655359356181,
-0.5243309068829642,
-0.45498865190969406,
0.026116089629877354
],
[
0.4726384214804199,
0.8501589128504751,
-0.23204039614126493,
1.1671662062470838
],
[
0.0,
0.0,
0.0,
1.0
]
],
"at_element": 3,
"to_element": 27
},
{
"pose": [
[
0.9961449656513988,
0.04803043884067077,
0.07340493411308432,
13.852641294738797
],
[
-0.08769492339519364,
0.5243309071396367,
0.84698683592417,
0.04500836873984235
],
[
0.002192673729670337,
-0.8501589126527455,
0.5265216191373503,
1.136533948450923
],
[
0.0,
0.0,
0.0,
1.0
]
],
"at_element": 27,
"to_element": 3
},
{
"pose": [
[
0.4795408990568514,
-0.175778111876516,
0.8597340178897622,
13.716958750193546
],
[
0.5627366015631684,
-0.69015421794776,
-0.4549886511881943,
0.09700617371883496
],
[
0.6733261047908975,
0.7019894663269838,
-0.2320403968559661,
1.203319554712565
],
[
0.0,
0.0,
0.0,
1.0
]
],
"at_element": 3,
"to_element": 28
},
{
"pose": [
[
-0.7608234329558017,
0.17577811196127802,
-0.6246997352494055,
13.723286763879075
],
[
0.5477556970437717,
0.6901542178646412,
-0.47291738382061743,
0.12185173206071735
],
[
0.3480106323396467,
-0.7019894663874763,
-0.6213689635470905,
1.1780479273107
],
[
0.0,
0.0,
0.0,
1.0
]
],
"at_element": 28,
"to_element": 3
},
{
"pose": [
[
0.06764028067542283,
0.534085783902346,
0.8427201005455884,
13.894071228537536
],
[
0.8453926844837275,
-0.4792443074042303,
0.235873065105018,
0.28394423107361755
],
[
0.5298452617996565,
0.6964748877411562,
-0.4839284340627208,
1.3208643934418278
],
[
0.0,
0.0,
0.0,
1.0
]
],
"at_element": 4,
"to_element": 27
},
{
"pose": [
[
0.8422375500741761,
-0.5340857841819201,
0.07340493430167541,
13.87484413331422
],
[
0.23008301940484813,
0.4792443070418544,
0.8469868348147573,
0.3011970324181379
],
[
-0.4875425247366614,
-0.6964748877761182,
0.5265216208957099,
1.295791288379804
],
[
0.0,
0.0,
0.0,
1.0
]
],
"at_element": 27,
"to_element": 4
},
{
"pose": [
[
-0.3616455457172534,
-0.39879234059487817,
0.8427201008316634,
13.873845935552321
],
[
-0.41784447643912964,
0.8773653121489533,
0.2358730644797733,
0.27828327456411983
],
[
-0.8334377557875452,
-0.26682349619294843,
-0.4839284338692986,
1.3324786819240537
],
[
0.0,
0.0,
0.0,
1.0
]
],
"at_element": 4,
"to_element": 28
},
{
"pose": [
[
0.6713530444072467,
0.39879234023109655,
-0.6246997351833333,
13.88820246419018
],
[
0.08111261592261107,
-0.8773653124312626,
-0.4729173839906754,
0.2466981136688124
],
[
-0.7366857086324617,
0.2668234958083683,
-0.6213689634840875,
1.3420843307158168
],
[
0.0,
0.0,
0.0,
1.0
]
],
"at_element": 28,
"to_element": 4
},
{
"pose": [
[
-0.3343656769752752,
-0.42192704282797044,
0.8427200986041036,
14.413627358115733
],
[
-0.4751832753618489,
0.8476819863605636,
0.2358730692898079,
0.429365345909146
],
[
-0.8138798737389022,
-0.3215786381746356,
-0.48392843540392994,
1.0225114956103263
],
[
0.0,
0.0,
0.0,
1.0
]
],
"at_element": 4,
"to_element": 6
},
{
"pose": [
[
0.886480816021047,
0.4219270502161576,
-0.1900771609703561,
14.428829904361663
],
[
0.31136365107770403,
-0.8476819806824119,
-0.4295205890453976,
0.39882233020570745
],
[
-0.3423513394368721,
0.32157864344859033,
-0.8828265608054304,
1.0340983663344654
],
[
0.0,
0.0,
0.0,
1.0
]
],
"at_element": 6,
"to_element": 4
},
{
"pose": [
[
-0.044835254764597376,
-0.5364817170188447,
0.8427201001724747,
14.450716287421775
],
[
-0.8650340913061447,
0.4428091210366184,
0.2358730658742746,
0.4397463483469763
],
[
-0.49970573421599446,
-0.7184061870775401,
-0.48392843433752075,
1.0012133356888768
],
[
0.0,
0.0,
0.0,
1.0
]
],
"at_element": 4,
"to_element": 7
},
{
"pose": [
[
0.6931536691963522,
0.5364817158487286,
0.4813786030139248,
14.470029638128254
],
[
0.7167920689236832,
-0.4428091179096221,
-0.5386364404904369,
0.4238052126618902
],
[
-0.07580976723179905,
0.7184061898787526,
-0.6914806038755925,
1.0270759702543093
],
[
0.0,
0.0,
0.0,
1.0
]
],
"at_element": 7,
"to_element": 4
},
{
"pose": [
[
0.48854569433372297,
0.8692296069724114,
-0.07591439198576208,
14.464711167515263
],
[
0.8379802742031858,
-0.491660381944498,
-0.23676809090868667,
0.39141572594022905
],
[
-0.24312993356296994,
0.052057268356857325,
-0.968595827069727,
1.0571619381604815
],
[
0.0,
0.0,
0.0,
1.0
]
],
"at_element": 5,
"to_element": 6
},
{
"pose": [
[
-0.4564105106299863,
-0.8692296085074374,
-0.19007717769496332,
14.433391766747812
],
[
-0.7574840960670528,
0.4916603800285547,
-0.4295205640195322,
0.4091308481548246
],
[
0.4668054091288524,
-0.05205726082098844,
-0.8828265693803403,
1.0552862526847342
],
[
0.0,
0.0,
0.0,
1.0
]
],
"at_element": 6,
"to_element": 5
},
{
"pose": [
[
0.8306576966415582,
-0.5515839019545851,
-0.07591436039838349,
14.461725705123577
],
[
-0.552375524818164,
-0.7992635054034729,
-0.23676809014732236,
0.38210441475113766
],
[
0.06992188921932045,
0.23860647106628796,
-0.9685958297315211,
1.0190702521279125
],
[
0.0,
0.0,
0.0,
1.0
]
],
"at_element": 5,
"to_element": 7
},
{
"pose": [
[
-0.6811973438075207,
0.5515839100150076,
0.48137861294633166,
14.481582739533302
],
[
0.26654953264759906,
0.7992635039064375,
-0.5386364246581832,
0.4108779213146046
],
[
-0.6818515420785706,
-0.2386064574477401,
-0.6914806092937928,
1.0104804144539958
],
[
0.0,
0.0,
0.0,
1.0
]
],
"at_element": 7,
"to_element": 5
},
{
"pose": [
[
-0.9911369419423899,
0.10901637693444313,
-0.0759143720067234,
14.457846920879751
],
[
0.12412292520981907,
0.9636048707959731,
-0.23676814062629642,
0.3700069362398783
],
[
0.047339853764512566,
-0.24409236476867407,
-0.9685958164823918,
0.9695806213037919
],
[
0.0,
0.0,
0.0,
1.0
]
],
"at_element": 5,
"to_element": 17
},
{
"pose": [
[
0.7090839766598598,
-0.10901637112152521,
0.6966457814928139,
14.453918937963813
],
[
0.09670688348606887,
-0.9636048707385685,
-0.24922566435926882,
0.33528716673245046
],
[
0.6984609457447505,
0.24409236759145278,
-0.6727341401719911,
0.9783755448851534
],
[
0.0,
0.0,
0.0,
1.0
]
],
"at_element": 17,
"to_element": 5
},
{
"pose": [
[
-0.97818707786245,
-0.08378969914490694,
-0.19007716070093128,
14.419993372483052
],
[
0.006110187616502026,
0.9030363934949612,
-0.42952059046209257,
0.3788542689693179
],
[
0.2076359947364927,
-0.42131289837936303,
-0.882826560174176,
0.9930564809538353
],
[
0.0,
0.0,
0.0,
1.0
]
],
"at_element": 6,
"to_element": 17
},
{
"pose": [
[
0.7125053961983426,
0.08378969869904582,
0.6966457828625433,
14.423009803661213
],
[
0.34987404627952134,
-0.9030363927659775,
-0.24922565092743965,
0.3463449371821492
],
[
0.608213952592538,
0.4213129000305281,
-0.6727341437296219,
1.008223755407159
],
[
0.0,
0.0,
0.0,
1.0
]
],
"at_element": 17,
"to_element": 6
},
{
"pose": [
[
0.9322792923244276,
-0.30777588295131,
-0.19007716058644722,
14.702471536980712
],
[
-0.3608636825551419,
-0.8278221223874849,
-0.4295205889111976,
1.0171749771518055
],
[
-0.025153999996149007,
0.4690250948077531,
-0.8828265609533801,
2.3050459140373776
],
[
0.0,
0.0,
0.0,
1.0
]
],
"at_element": 6,
"to_element": 20
},
{
"pose": [
[
0.4175976902801022,
0.3077758820639923,
0.8549188122228071,
14.713561062351339
],
[
-0.5604661702011369,
0.8278221223980909,
-0.024252952982891568,
1.0470023773419794
],
[
-0.7151851796093052,
-0.4690250953712942,
0.5181945761768973,
2.2881463908359203
],
[
0.0,
0.0,
0.0,
1.0
]
],
"at_element": 20,
"to_element": 6
},
{
"pose": [
[
-0.9387551274399748,
0.28741865572799613,
-0.19007716076548598,
14.70872352246361
],
[
0.34276664860839495,
0.8354777598979654,
-0.42952059009743276,
1.0313026949812014
],
[
0.035353009870813926,
-0.4683667676675934,
-0.8828265603376944,
2.3340836943696655
],
[
0.0,
0.0,
0.0,
1.0
]
],
"at_element": 6,
"to_element": 21
},
{
"pose": [
[
0.448987968471392,
-0.28741865611697004,
-0.8460498332154243,
14.698368667141018
],
[
-0.5494693351719341,
-0.8354777600206738,
-0.007769312488878827,
1.0012028696691258
],
[
-0.7046227741661812,
0.46836676721000603,
-0.5330472000673137,
2.3509575820690247
],
[
0.0,
0.0,
0.0,
1.0
]
],
"at_element": 21,
"to_element": 6
},
{
"pose": [
[
0.8350972479974224,
-0.3450047266678665,
0.42846741412149697,
14.850251110229785
],
[
0.006586555410412059,
-0.772559945415098,
-0.6349076689000113,
1.0149601373948314
],
[
0.5500629088340326,
0.5330317713955253,
-0.6428902915801351,
2.3977161860749887
],
[
0.0,
0.0,
0.0,
1.0
]
],
"at_element": 15,
"to_element": 20
},
{
"pose": [
[
0.38740877957375264,
0.3450047267481723,
0.8549188125375383,
14.862671287484472
],
[
-0.6344784670812323,
0.7725599453557047,
-0.024252951206816198,
1.0427723113114322
],
[
-0.668843413901509,
-0.5330317714296302,
0.5181945757407784,
2.378527031340847
],
[
0.0,
0.0,
0.0,
1.0
]
],
"at_element": 20,
"to_element": 15
},
{
"pose": [
[
-0.8397667465067322,
0.33347786493819986,
0.42846741423095125,
14.839967024893845
],
[
-0.017219355758125388,
0.7723961070469967,
-0.6349076685675795,
1.0301992067628987
],
[
-0.5426742164952864,
-0.5405522800015777,
-0.6428902918354911,
2.413146854552089
],
[
0.0,
0.0,
0.0,
1.0
]
],
"at_element": 15,
"to_element": 21
},
{
"pose": [
[
0.4159233019361126,
-0.33347786525620116,
-0.8460498332194909,
14.82796181406264
],
[
-0.6350936080490488,
-0.7723961074475836,
-0.00776931239315648,
1.0023929290787643
],
[
-0.6508947041740335,
0.5405522792329972,
-0.5330472000622546,
2.432606749097422
],
[
0.0,
0.0,
0.0,
1.0
]
],
"at_element": 21,
"to_element": 15
},
{
"pose": [
[
0.8979701631959238,
-0.10032577477258336,
0.42846741407739136,
14.878786466524078
],
[
0.2202099619146295,
-0.7405402245727255,
-0.634907669242808,
0.9726761364548976
],
[
0.38099495886880613,
0.66448093629995,
-0.6428902912709902,
2.354900553136356
],
[
0.0,
0.0,
0.0,
1.0
]
],
"at_element": 15,
"to_element": 28
},
{
"pose": [
[
-0.7743932977916588,
0.10032577499949416,
-0.6246997352377457,
14.882398198029586
],
[
0.4774403879364665,
0.7405402243335105,
-0.4729173840229921,
0.9993356111654526
],
[
0.41516947901120477,
-0.6644809365322866,
-0.621368963404787,
2.3309792155089486
],
[
0.0,
0.0,
0.0,
1.0
]
],
"at_element": 28,
"to_element": 15
},
{
"pose": [
[
0.7283885806233719,
0.4875702157874887,
0.48137860390176385,
13.954543676246868
],
[
0.6846611615490253,
-0.49102940433663456,
-0.5386364432000017,
1.0006059331823198
],
[
-0.026252037707746256,
0.7219178684267007,
-0.6914806011468722,
1.767550388746288
],
[
0.0,
0.0,
0.0,
1.0
]
],
"at_element": 7,
"to_element": 27
},
{
"pose": [
[
0.8699925286981602,
-0.4875702157646685,
0.07340493654091243,
13.936991087567803
],
[
0.20372392796316166,
0.4910293985244234,
0.8469868304525187,
1.018283053100439
],
[
-0.4490095335119749,
-0.7219178723954253,
0.5265216276008243,
1.7415612553813729
],
[
0.0,
0.0,
0.0,
1.0
]
],
"at_element": 27,
"to_element": 7
},
{
"pose": [
[
-0.20645459454892667,
-0.47590999606105344,
0.8549188125423409,
13.925639163594262
],
[
0.9004862052350654,
-0.4342077711626715,
-0.024252951228596276,
1.069354712037207
],
[
0.3827546140427177,
0.7648354640778061,
0.5181945757318355,
1.8105608609774562
],
[
0.0,
0.0,
0.0,
1.0
]
],
"at_element": 20,
"to_element": 27
},
{
"pose": [
[
0.8764253484079322,
0.4759099960229235,
0.0734049341222755,
13.942771984490442
],
[
-0.3067195990890649,
0.43420777118086584,
0.846986835187412,
1.084986247488939
],
[
0.37121650852659827,
-0.7648354640912031,
0.5265216203212515,
1.7830266861719057
],
[
0.0,
0.0,
0.0,
1.0
]
],
"at_element": 27,
"to_element": 20
},
{
"pose": [
[
0.7962070099166164,
0.5980568021845615,
-0.09155576836233456,
14.986430486718405
],
[
0.5298066286551252,
-0.6161174850578484,
0.582841471447496,
-0.24409659082156412
],
[
0.29216319684849335,
-0.5125693182065897,
-0.8074115186449227,
0.999819242089519
],
[
0.0,
0.0,
0.0,
1.0
]
],
"at_element": 8,
"to_element": 9
},
{
"pose": [
[
-0.7162069282566976,
-0.5980568021798365,
-0.3596883335382645,
14.964881763366423
],
[
-0.6978806118595786,
0.6161174850759318,
0.365187480856353,
-0.22189711881485308
],
[
0.003207414473687775,
0.5125693181903663,
-0.8586398584635222,
1.0182877460757456
],
[
0.0,
0.0,
0.0,
1.0
]
],
"at_element": 9,
"to_element": 8
},
{
"pose": [
[
-0.47868361257479264,
-0.8732007445366327,
-0.09155576875880783,
15.00116376658709
],
[
-0.7367518849592326,
0.34277175861455034,
0.5828414720190269,
-0.33788824010898266
],
[
-0.4775548754450775,
0.34645054659642094,
-0.8074115181873973,
1.1297490114768987
],
[
0.0,
0.0,
0.0,
1.0
]
],
"at_element": 8,
"to_element": 10
},
{
"pose": [
[
0.16655921274983676,
0.8732007446613925,
-0.45801581650740425,
15.032626265962074
],
[
0.8779556405986817,
-0.3427717583148411,
-0.33421761599698885,
-0.35023872915788534
],
[
-0.44883395792777653,
-0.3464505465785006,
-0.823723313368236,
1.1172659711303166
],
[
0.0,
0.0,
0.0,
1.0
]
],
"at_element": 10,
"to_element": 8
},
{
"pose": [
[
0.9135107598664156,
-0.39637814378391945,
-0.09155576846216916,
15.004571245811384
],
[
-0.2735863888844752,
-0.7651446315738379,
0.5828414712345791,
-0.3595801579444827
],
[
-0.30107902521669716,
-0.5073835431940521,
-0.8074115187872992,
1.1597988709617193
],
[
0.0,
0.0,
0.0,
1.0
]
],
"at_element": 8,
"to_element": 19
},
{
"pose": [
[
-0.9159221437278151,
0.3963781437349834,
0.06301582180890919,
15.018840861805042
],
[
0.3675001267477493,
0.7651446314514142,
0.5286750890683878,
-0.3320349457627639
],
[
0.16133903269026878,
0.5073835434168992,
-0.8464819291634524,
1.1780646821127538
],
[
0.0,
0.0,
0.0,
1.0
]
],
"at_element": 19,
"to_element": 8
},
{
"pose": [
[
-0.2846081282978259,
-0.8886070648807606,
-0.3596883339098004,
15.05035678598967
],
[
-0.9193147559926073,
0.14662360949985853,
0.3651874813729051,
-0.30867893874138114
],
[
-0.27176937414112934,
0.4346021184730153,
-0.8586398580881893,
1.2223317877586002
],
[
0.0,
0.0,
0.0,
1.0
]
],
"at_element": 9,
"to_element": 10
},
{
"pose": [
[
-0.02447439879539348,
0.888607064864768,
-0.458015816403785,
15.082346647044808
],
[
0.9310209998753124,
-0.14662360930778218,
-0.33421761620945745,
-0.3139573897855252
],
[
-0.364144067087159,
-0.43460211857051556,
-0.8237233133396442,
1.20668610818766
],
[
0.0,
0.0,
0.0,
1.0
]
],
"at_element": 10,
"to_element": 9
},
{
"pose": [
[
-0.3602773456326418,
0.8607116456335702,
-0.35968833355371704,
14.956249118562145
],
[
0.7945075384659144,
0.48517612792346865,
0.3651874809108653,
-0.21313249256612252
],
[
0.48883331059240637,
-0.15420631622583295,
-0.8586398584338648,
0.9976800915561157
],
[
0.0,
0.0,
0.0,
1.0
]
],
"at_element": 9,
"to_element": 11
},
{
"pose": [
[
0.5065187461896381,
-0.8607116456194583,
-0.05112947147703315,
14.925263472833027
],
[
-0.8465503012533377,
-0.4851761278834763,
-0.21899021069417596,
-0.2305988481014537
],
[
0.1636806256291805,
0.15420631643042504,
-0.9743865068680906,
1.0032315236854465
],
[
0.0,
0.0,
0.0,
1.0
]
],
"at_element": 11,
"to_element": 9
},
{
"pose": [
[
0.3310079405437043,
0.8250183364822893,
-0.45801581606426167,
15.050053906878517
],
[
0.7958744991882881,
-0.5048587587642941,
-0.3342176165924947,
-0.3375216473338952
],
[
-0.506968958456834,
-0.25389442326875233,
-0.8237233133730162,
1.1486088933967684
],
[
0.0,
0.0,
0.0,
1.0
]
],
"at_element": 10,
"to_element": 19
},
{
"pose": [
[
-0.5615814728490278,
-0.8250183364906921,
0.06301582187711091,
15.020353243175164
],
[
-0.682363747017159,
0.50485875880134,
0.5286750896517377,
-0.3193467298216615
],
[
-0.46798073262626877,
0.25389442316778343,
-0.8464819287940406,
1.157749093738681
],
[
0.0,
0.0,
0.0,
1.0
]
],
"at_element": 19,
"to_element": 10
},
{
"pose": [
[
-0.6437951688783166,
-0.6753903190216872,
-0.35968833384017895,
15.419440343445133
],
[
-0.7632246288804754,
0.5330349605388359,
0.36518748159489567,
-0.6834052837945062
],
[
-0.05491763286232362,
0.50962893149344,
-0.85863985802294,
2.103399712289537
],
[
0.0,
0.0,
0.0,
1.0
]
],
"at_element": 9,
"to_element": 24
},
{
"pose": [
[
0.28098796155691896,
0.6753903190267427,
-0.681831124564611,
15.443775395033668
],
[
0.8249335685814798,
-0.5330349602817073,
-0.18803813056107455,
-0.7026111161761269
],
[
-0.49043895938996573,
-0.5096289317556779,
