{
"contact_id_pairs": [
[
0,
25
],
[
10,
25
],
[
24,
25
],
[
0,
1
],
[
1,
4
],
[
2,
3
],
[
3,
4
],
[
6,
18
],
[
6,
19
],
[
6,
28
],
[
18,
22
],
[
18,
28
],
[
19,
22
],
[
28,
29
],
[
29,
37
],
[
6,
7
],
[
7,
22
],
[
17,
22
],
[
22,
23
],
[
5,
8
],
[
5,
9
],
[
10,
11
],
[
10,
44
],
[
11,
31
],
[
13,
14
],
[
13,
15
],
[
13,
33
],
[
33,
43
],
[
16,
18
],
[
16,
31
],
[
18,
32
],
[
19,
20
],
[
19,
32
],
[
19,
35
],
[
20,
34
],
[
32,
34
],
[
14,
20
],
[
14,
21
],
[
20,
27
],
[
20,
36
],
[
21,
27
],
[
29,
36
],
[
11,
24
],
[
11,
30
],
[
16,
23
],
[
16,
24
],
[
16,
28
],
[
24,
30
],
[
1,
2
],
[
2,
27
],
[
12,
13
],
[
13,
25
],
[
13,
26
],
[
13,
27
],
[
13,
30
],
[
25,
27
],
[
26,
27
],
[
27,
30
],
[
3,
15
],
[
3,
26
],
[
15,
26
],
[
40,
42
],
[
41,
44
]
],
"contact_t_bound_pairs": [
[
[
0.6,
0.9
],
[
0.1,
0.4
]
],
[
[
0.1,
0.4
],
[
0.1,
0.4
]
],
[
[
0.6,
0.9
],
[
0.1,
0.4
]
],
[
[
0.1,
0.4
],
[
0.6,
0.9
]
],
[
[
0.6,
0.9
],
[
0.6,
0.9
]
],
[
[
0.6,
0.9
],
[
0.6,
0.9
]
],
[
[
0.6,
0.9
],
[
0.1,
0.4
]
],
[
[
0.1,
0.4
],
[
0.1,
0.4
]
],
[
[
0.1,
0.4
],
[
0.1,
0.4
]
],
[
[
0.1,
0.4
],
[
0.1,
0.4
]
],
[
[
0.1,
0.4
],
[
0.1,
0.4
]
],
[
[
0.1,
0.4
],
[
0.1,
0.4
]
],
[
[
0.1,
0.4
],
[
0.1,
0.4
]
],
[
[
0.1,
0.4
],
[
0.6,
0.9
]
],
[
[
0.6,
0.9
],
[
0.6,
0.9
]
],
[
[
0.6,
0.9
],
[
0.1,
0.4
]
],
[
[
0.6,
0.9
],
[
0.6,
0.9
]
],
[
[
0.1,
0.4
],
[
0.6,
0.9
]
],
[
[
0.6,
0.9
],
[
0.1,
0.4
]
],
[
[
0.1,
0.4
],
[
0.6,
0.9
]
],
[
[
0.1,
0.4
],
[
0.1,
0.4
]
],
[
[
0.6,
0.9
],
[
0.6,
0.9
]
],
[
[
0.6,
0.9
],
[
0.1,
0.4
]
],
[
[
0.6,
0.9
],
[
0.6,
0.9
]
],
[
[
0.6,
0.9
],
[
0.6,
0.9
]
],
[
[
0.6,
0.9
],
[
0.6,
0.9
]
],
[
[
0.6,
0.9
],
[
0.1,
0.4
]
],
[
[
0.1,
0.4
],
[
0.1,
0.4
]
],
[
[
0.6,
0.9
],
[
0.6,
0.9
]
],
[
[
0.6,
0.9
],
[
0.1,
0.4
]
],
[
[
0.6,
0.9
],
[
0.6,
0.9
]
],
[
[
0.6,
0.9
],
[
0.6,
0.9
]
],
[
[
0.6,
0.9
],
[
0.1,
0.4
]
],
[
[
0.6,
0.9
],
[
0.6,
0.9
]
],
[
[
0.6,
0.9
],
[
0.6,
0.9
]
],
[
[
0.1,
0.4
],
[
0.6,
0.9
]
],
[
[
0.1,
0.4
],
[
0.1,
0.4
]
],
[
[
0.1,
0.4
],
[
0.6,
0.9
]
],
[
[
0.1,
0.4
],
[
0.1,
0.4
]
],
[
[
0.1,
0.4
],
[
0.6,
0.9
]
],
[
[
0.6,
0.9
],
[
0.1,
0.4
]
],
[
[
0.1,
0.4
],
[
0.6,
0.9
]
],
[
[
0.1,
0.4
],
[
0.1,
0.4
]
],
[
[
0.1,
0.4
],
[
0.6,
0.9
]
],
[
[
0.1,
0.4
],
[
0.6,
0.9
]
],
[
[
0.1,
0.4
],
[
0.1,
0.4
]
],
[
[
0.1,
0.4
],
[
0.6,
0.9
]
],
[
[
0.1,
0.4
],
[
0.6,
0.9
]
],
[
[
0.1,
0.4
],
[
0.1,
0.4
]
],
[
[
0.1,
0.4
],
[
0.6,
0.9
]
],
[
[
0.1,
0.4
],
[
0.1,
0.4
]
],
[
[
0.1,
0.4
],
[
0.6,
0.9
]
],
[
[
0.1,
0.4
],
[
0.1,
0.4
]
],
[
[
0.1,
0.4
],
[
0.6,
0.9
]
],
[
[
0.1,
0.4
],
[
0.1,
0.4
]
],
[
[
0.6,
0.9
],
[
0.6,
0.9
]
],
[
[
0.1,
0.4
],
[
0.6,
0.9
]
],
[
[
0.6,
0.9
],
[
0.1,
0.4
]
],
[
[
0.1,
0.4
],
[
0.1,
0.4
]
],
[
[
0.1,
0.4
],
[
0.6,
0.9
]
],
[
[
0.1,
0.4
],
[
0.6,
0.9
]
],
[
[
0.6,
0.9
],
[
0.6,
0.9
]
],
[
[
0.6,
0.9
],
[
0.6,
0.9
]
]
],
"line_pt_pairs": [
[
[
39.69929422255938,
-0.011431198133639492,
0.9163454012377199
],
[
40.159844806373194,
-0.4137513246008154,
0.9899509679877002
]
],
[
[
40.11876594678837,
0.3130517029203891,
0.857171657701095
],
[
39.810334158488,
-0.20899339007244744,
0.9949021531187564
]
],
[
[
40.300155443417665,
0.07464072355098389,
0.7507526781308467
],
[
39.80260185790775,
0.546033897659783,
1.1386585629983756
]
],
[
[
40.25928572883151,
0.3792476909153406,
1.3775548604400147
],
[
39.77444457723033,
0.4779961058964237,
1.0655847792515656
]
],
[
[
39.84604604537704,
0.5506497546703597,
1.0815056916534116
],
[
39.81603534619913,
-0.22849890799177164,
0.9391736412692041
]
],
[
[
41.74220452043633,
0.21748419622426288,
1.5735937608119641
],
[
41.20760088606922,
0.30664777566525436,
1.6232541274095769
]
],
[
[
41.20703087928099,
0.11381999641133518,
1.4565512590397311
],
[
41.656831590058246,
-0.1156228871283223,
1.7811213135640167
]
],
[
[
41.66856187270673,
-0.007189687718393249,
1.7841579398168534
],
[
41.24162599996708,
-0.22086916172332358,
1.3037248858542876
]
],
[
[
41.20894240420433,
0.3664233448230537,
1.6190588292569927
],
[
41.7646782211573,
0.2237602699787963,
1.6114370940204972
]
],
[
[
41.66234855408473,
0.28352026190357477,
1.7223988839077014
],
[
41.65751079736309,
0.060766939906003764,
1.3952227217129523
]
],
[
[
39.924905242791354,
-0.21086916711755987,
0.9776056326016352
],
[
40.64487424058235,
-0.09003664001712908,
0.671660363557439
]
],
[
[
40.62919545429651,
-0.21086528874423127,
1.2846676652195912
],
[
40.41611591599886,
-0.07616830839127281,
0.7102676726463826
]
],
[
[
40.299926426730856,
0.27761098245420257,
1.08190033073257
],
[
40.41778688645286,
0.10105213791174149,
0.40907457222282867
]
],
[
[
40.21160581734802,
0.18108725990395821,
0.9543840571704358
],
[
40.51464248458595,
0.3586492175568378,
0.629370758847165
]
],
[
[
40.7252368689343,
0.3639218131307964,
1.4983842127301235
],
[
40.42496743079629,
0.36485135883253406,
0.5922803275176143
]
],
[
[
40.168666543999464,
0.3623366974568584,
1.465473220383151
],
[
40.424967719299495,
0.29944126517024877,
0.5530017000690768
]
],
[
[
40.65052937434375,
-0.3006510547701184,
1.2264858929041933
],
[
41.03463777942678,
0.0940040127483705,
0.9544095276131004
]
],
[
[
41.242059391647025,
-0.4305706964037747,
1.5232341173384538
],
[
41.16793313672737,
0.09329061751700045,
0.6270923235568293
]
],
[
[
41.452506685709366,
-0.00837218649487447,
1.761850761305828
],
[
40.85085066750576,
0.0933718568303663,
0.8154424144321677
]
],
[
[
41.33730017159059,
0.07820361088417921,
1.594509786147684
],
[
40.844588913932746,
0.4131301487760761,
0.7918283566193463
]
],
[
[
40.61351552234175,
0.4170467760397322,
1.5012622191903826
],
[
40.90929298480952,
0.33925135906188825,
0.7937982143900335
]
],
[
[
40.324555706463165,
0.657217936785321,
1.24396572849209
],
[
40.76051835207184,
0.3623594088001347,
1.4179791049984611
]
],
[
[
41.28292264301468,
0.24155320547856696,
1.445133587016937
],
[
41.261984327707864,
-0.46609244986019266,
1.355487580666033
]
],
[
[
41.520527369902474,
-0.4488886457064659,
1.4199952908107711
],
[
40.65132745842067,
-0.21134508245316658,
1.1063046620103931
]
],
[
[
40.78043137342167,
-0.21860271718563343,
1.2442936512486995
],
[
39.924896937298854,
-0.23420602105925442,
0.9243647411342818
]
],
[
[
39.94564035428891,
-0.30712626377548774,
1.0146665805073385
],
[
40.303098178628545,
0.30088304035107105,
0.8252295858202097
]
],
[
[
40.32488281023015,
0.2649563248307083,
0.7493375172799097
],
[
40.1529608804394,
0.3715355854093271,
1.3938535279640705
]
],
[
[
40.69125973206092,
0.4722799034950298,
1.4979187173993298
],
[
40.137186620767366,
0.18705760148070796,
0.7494038003338476
]
],
[
[
41.451959434828915,
0.17385677467595992,
1.5449742960653834
],
[
40.614906733511525,
-0.24416216864527032,
1.148633253049132
]
],
[
[
40.72542283641332,
0.5321234123747394,
1.376364755681017
],
[
41.540446165286845,
-0.02373640097588268,
1.5802885929264445
]
],
[
[
40.18412106436445,
0.28422795421545693,
0.7735771290119073
],
[
40.71380012278977,
-0.257934437750719,
1.2846750056899547
]
],
[
[
41.009525676091855,
-0.020210572554224867,
1.025793209170367
],
[
40.41607169819301,
-0.15160819864544828,
0.8054257663624155
]
],
[
[
40.94077292954318,
0.3640138596070495,
1.0404605324134835
],
[
40.9440961740116,
-0.06695502445340042,
0.8104181528310739
]
],
[
[
40.46007637157103,
0.39235074759018695,
0.61354937576977
],
[
40.47285531334278,
-0.021982350055674817,
0.7613601625749971
]
],
[
[
40.70394709112982,
0.4138897566298681,
0.6687590723947975
],
[
40.93535980228515,
0.25977889540924093,
1.0563444858558644
]
],
[
[
41.48324208921849,
0.7255694360039583,
1.6113171895922176
],
[
40.84969691132683,
0.13907634655437243,
0.9655530160400909
]
],
[
[
41.22338602852117,
0.39538592905231024,
1.6088054285482052
],
[
40.6131521541257,
0.44254142565607835,
1.3355197616430885
]
],
[
[
41.230252684286384,
0.6036880931289706,
1.587613167637835
],
[
41.22628883853737,
-0.007766472507318111,
1.5174650009226422
]
],
[
[
40.791295759119464,
-0.14501004743330323,
0.013747488141674195
],
[
41.08131585398607,
-0.1372880128236983,
0.0862525118583258
]
],
[
[
40.93568046095428,
-0.04610988786347073,
0.2819641082012789
],
[
41.08131585398607,
0.14501004743330323,
0.013747488141674195
]
],
[
[
40.791295759119464,
0.14501004743330323,
0.0862525118583258
],
[
41.016782470432496,
0.13141498802128118,
0.20171896215278817
]
],
[
[
40.754080839626305,
0.25379196190543574,
0.17334885742430006
],
[
40.76161503878443,
-0.1455020794937735,
0.1781906430499912
]
],
[
[
40.8551931870906,
0.23164382300515254,
1.1350572819625988
],
[
40.98167181404792,
0.06436034912450307,
-0.07696601381939763
]
],
[
[
40.449048800497266,
0.19757404825897734,
0.9265298107866959
],
[
40.633686930495045,
0.32858421425462486,
0.031252984913599284
]
],
[
[
40.526607980713486,
-0.16973496374329755,
0.8027094811833856
],
[
40.84391576737618,
0.04951087604393834,
0.06993769509827669
]
],
[
[
40.88612570433223,
-0.3012476787246779,
0.9407730640107547
],
[
41.24609602501172,
0.0023740045355145492,
0.15389143002974376
]
]
],
"contact_t_pairs": [
[
0.6069309922776432,
0.10001782016498842
],
[
0.10006272822436499,
0.18194230367275452
],
[
0.8999862050165481,
0.14906335208152208
],
[
0.3308561536039158,
0.8606893995444412
],
[
0.8993631339834468,
0.8999551214402817
],
[
0.8870047307004556,
0.8580317107380896
],
[
0.8997320346610974,
0.10000493930037214
],
[
0.3272917642862936,
0.19897968912242534
],
[
0.14740596053333177,
0.10453130053243598
],
[
0.10092788406659557,
0.21681415306509402
],
[
0.3429563069785905,
0.301706987186461
],
[
0.36530712523413233,
0.2859370504721765
],
[
0.17925997955875925,
0.14399219317790768
],
[
0.12377480078464351,
0.7488843563261666
],
[
0.6296782293029951,
0.6957348438964712
],
[
0.7708211866378565,
0.21394773686175841
],
[
0.871869069121908,
0.6180501620941486
],
[
0.16622099603537185,
0.827653063960183
],
[
0.8872245878855484,
0.2796850716896201
],
[
0.27074535750903783,
0.7105871015180828
],
[
0.14699554543947776,
0.37068371212353257
],
[
0.7147841231477833,
0.8997537240287488
],
[
0.899435599849011,
0.14998497902279975
],
[
0.7754709735596659,
0.8999838489520698
],
[
0.849835247894439,
0.8999941515389397
],
[
0.60000229879044,
0.7831528848724155
],
[
0.899994232996011,
0.14856207319432033
],
[
0.3920647228447255,
0.276178782078543
],
[
0.8776535115742068,
0.8027067639673399
],
[
0.7451739057631191,
0.1001015179366244
],
[
0.8964652074012496,
0.6297915960886117
],
[
0.8995187107661632,
0.8934579587606203
],
[
0.7405486540808063,
0.10758023649305654
],
[
0.6044028148679611,
0.745222938862782
],
[
0.8377231844677432,
0.6106133485430227
],
[
0.1829489261847562,
0.8901754397242766
],
[
0.1694496900746178,
0.22351185710393645
],
[
0.1000527217693136,
0.8999262833545849
],
[
0.1012561085936564,
0.1007772180300986
],
[
0.1923226659267001,
0.8999455335938917
],
[
0.7058899537139165,
0.14487395714070128
],
[
0.17633664713243818,
0.6047119437928017
],
[
0.17323414581759022,
0.21497029562244596
],
[
0.13497080994407526,
0.8384028736088573
],
[
0.22264252113014524,
0.8981929070693448
],
[
0.13947811932616583,
0.10012741879039966
],
[
0.18194545597617448,
0.8973777436322886
],
[
0.12644674338569595,
0.8999947080215851
],
[
0.1000688030735903,
0.3869361613344647
],
[
0.23939018944988047,
0.8999167067677878
],
[
0.33803986994596624,
0.3399942516900577
],
[
0.2759160887283325,
0.8999799128034314
],
[
0.3999961708966692,
0.10000194021696211
],
[
0.17560723493120275,
0.8011654163700298
],
[
0.22576266359280542,
0.16738715209272614
],
[
0.8528671957302859,
0.8446632398624192
],
[
0.29190393302865675,
0.7385084840413002
],
[
0.8693048921813924,
0.10004836796921876
],
[
0.10239111920537673,
0.13097541744853985
],
[
0.16491516412435142,
0.8999825303248765
],
[
0.16330896209887447,
0.8644502912951206
],
[
0.7463729664224589,
0.7905694066792444
],
[
0.6041556368645428,
0.8350850272013672
]
],
"half_couplers": [
{
"pose": [
[
-0.6601560546857865,
-0.07151843659070889,
0.7477159197779045,
39.978816645387546
],
[
-0.7118460434400183,
-0.258136963013472,
-0.6531772491177055,
-0.2556117517036295
],
[
0.23972733240181132,
-0.963457534899075,
0.1195005629514323,
0.9610189009024437
],
[
0.0,
0.0,
0.0,
1.0
]
],
"at_element": 0,
"to_element": 25
},
{
"pose": [
[
-0.8690839617837749,
0.07151843658931986,
0.48946724159849303,
39.98139250668029
],
[
0.49013251308750705,
0.2581369629476362,
0.8325475529810267,
-0.24631449853671786
],
[
-0.06680708783312489,
0.9634575349168173,
-0.259396205498976,
0.9957195052401254
],
[
0.0,
0.0,
0.0,
1.0
]
],
"at_element": 25,
"to_element": 0
},
{
"pose": [
[
0.16520643248186562,
-0.38131490035937243,
0.9095635114880856,
39.996947304947284
],
[
-0.9862587268303856,
-0.0631745750834789,
0.15265220867687723,
-0.19877833479764623
],
[
-0.0007472733915647733,
-0.9222840776175981,
-0.3865119943229893,
0.9469919142937355
],
[
0.0,
0.0,
0.0,
1.0
]
],
"at_element": 10,
"to_element": 25
},
{
"pose": [
[
-0.78423259703104,
0.381314900265869,
0.48946724158944577,
40.01067705431511
],
[
0.5503394817094158,
0.06317457495112677,
0.83254755296713,
-0.1965036503282332
],
[
0.28654090218634076,
0.9222840776653227,
-0.25939620556065024,
0.9801999772931189
],
[
0.0,
0.0,
0.0,
1.0
]
],
"at_element": 25,
"to_element": 10
},
{
"pose": [
[
0.1427460703097666,
0.3202554116942392,
-0.9365148320724411,
40.01046218299452
],
[
0.8937194512923466,
-0.4483010239801499,
-0.01708023067924158,
-0.2326454754245736
],
[
-0.42531059449868647,
-0.8345433860374801,
-0.35021170030179105,
0.9563620455597444
],
[
0.0,
0.0,
0.0,
1.0
]
],
"at_element": 24,
"to_element": 25
},
{
"pose": [
[
-0.8110846384275385,
-0.32025541170359345,
0.4894672415815292,
39.99892421581274
],
[
0.3254086105662171,
0.4483010240250356,
0.8325475530127204,
-0.21649435880562928
],
[
-0.48605652498061713,
0.8345433860097786,
-0.2593962054292631,
0.9864284670710255
],
[
0.0,
0.0,
0.0,
1.0
]
],
"at_element": 25,
"to_element": 24
},
{
"pose": [
[
-0.6624714626309598,
-0.045304133321110385,
0.7477159197874679,
39.85167021726006
],
[
-0.721515461325577,
-0.22972792674130504,
-0.6531772491011004,
-0.14454128769401028
],
[
0.2013628572198356,
-0.9721998843752061,
0.11950056298235445,
0.9406982559364545
],
[
0.0,
0.0,
0.0,
1.0
]
],
"at_element": 0,
"to_element": 1
},
{
"pose": [
[
0.8671208119781268,
0.045304133312516565,
-0.4960332982161537,
39.8533019761157
],
[
-0.49227856736408504,
0.22972792673488474,
-0.8395754235279016,
-0.13626697470273735
],
[
0.07591646427724319,
0.9721998843771238,
0.22150412020716204,
0.9757148351010804
],
[
0.0,
0.0,
0.0,
1.0
]
],
"at_element": 1,
"to_element": 0
},
{
"pose": [
[
0.6077240390773847,
0.620179376787445,
-0.4960332982119302,
39.84137376704243
],
[
-0.5178896998754444,
-0.16402245871873733,
-0.8395754235319078,
-0.1564564079943283
],
[
-0.6020479641111591,
0.7671207034381203,
0.2215041202014354,
0.9810413877050157
],
[
0.0,
0.0,
0.0,
1.0
]
],
"at_element": 1,
"to_element": 4
},
{
"pose": [
[
-0.7835457396381234,
-0.6201793767884691,
-0.03786310210762511,
39.81903776295387
],
[
-0.08232234958400325,
0.16402245869598997,
-0.9830155969272775,
-0.15054907465577178
],
[
0.6158563993772538,
-0.7671207034421562,
-0.17957372217698264,
0.9534132339650478
],
[
0.0,
0.0,
0.0,
1.0
]
],
"at_element": 4,
"to_element": 1
},
{
"pose": [
[
0.6438418525926095,
0.431664077084707,
-0.6317703644558873,
39.8588230592934
],
[
0.05134865372165623,
0.7994357453464298,
0.5985530927356166,
0.4927686990053923
],
[
0.7634336805584948,
-0.41781408977798523,
0.49254482209429806,
1.094827033074891
],
[
0.0,
0.0,
0.0,
1.0
]
],
"at_element": 2,
"to_element": 3
},
{
"pose": [
[
0.35583781189552954,
-0.4316640770864037,
-0.8288821244173055,
39.84327664608692
],
[
-0.5765434566470738,
-0.7994357453469871,
0.16881982010105318,
0.46397696235423413
],
[
-0.735511450776156,
0.41781408977516726,
-0.533342565489108,
1.109874637978789
],
[
0.0,
0.0,
0.0,
1.0
]
],
"at_element": 3,
"to_element": 2
},
{
"pose": [
[
-0.07007163465358301,
-0.5550174680386684,
-0.828882124423564,
39.82305861301395
],
[
-0.9772019890523158,
-0.1287483628493944,
0.1688198200917131,
0.4680948032458289
],
[
-0.2004151656167079,
0.821814741432366,
-0.5333425654823372,
1.0968653845389436
],
[
0.0,
0.0,
0.0,
1.0
]
],
"at_element": 3,
"to_element": 4
},
{
"pose": [
[
-0.8309765313471416,
0.5550174680557246,
-0.0378631021350066,
39.84304482722739
],
[
0.13078300802882284,
0.1287483629544609,
-0.9830155969502616,
0.47273103995486715
],
[
-0.5407160152623611,
-0.8218147414043868,
-0.17957372204538946,
1.0672717835942414
],
[
0.0,
0.0,
0.0,
1.0
]
],
"at_element": 4,
"to_element": 3
},
{
"pose": [
[
0.2890069837158127,
0.5957829188258141,
0.7493448318357051,
41.354246947488505
],
[
-0.5459052499027763,
0.7455736141699769,
-0.3822400345098689,
0.03872523025470609
],
[
-0.7864238179837099,
-0.2986012382574993,
0.5407170045587737,
1.5627803648194831
],
[
0.0,
0.0,
0.0,
1.0
]
],
"at_element": 6,
"to_element": 18
},
{
"pose": [
[
0.5996403526724113,
-0.5957829189375997,
-0.5342978204607425,
41.332789358248576
],
[
-0.6602698409660498,
-0.7455736141049918,
0.09035332346454072,
0.011872811616040514
],
[
-0.45218932379875304,
0.29860123819671974,
-0.8404535180423793,
1.5735347226620384
],
[
0.0,
0.0,
0.0,
1.0
]
],
"at_element": 18,
"to_element": 6
},
{
"pose": [
[
-0.5645789070064915,
-0.3460245373918406,
0.7493448320273638,
41.27333418510169
],
[
0.05790254898040367,
-0.9222471746484604,
-0.3822400341075014,
0.0799987477756346
],
[
0.8233455851493511,
-0.17241568483086042,
0.5407170045776053,
1.5043948196872394
],
[
0.0,
0.0,
0.0,
1.0
]
],
"at_element": 6,
"to_element": 19
},
{
"pose": [
[
-0.7983216285714476,
0.3460245373830396,
-0.49289917517062737,
41.285796423040644
],
[
0.19286985294155726,
0.9222471746591157,
0.33505427718442976,
0.1132139174728454
],
[
0.5705118729538706,
0.1724156847915294,
-0.8029875680585186,
1.510604452405852
],
[
0.0,
0.0,
0.0,
1.0
]
],
"at_element": 19,
"to_element": 6
},
{
"pose": [
[
0.43291174824151124,
-0.501068598763146,
0.7493448322154599,
41.25242831327139
],
[
0.9006863625753148,
0.20653482054764616,
-0.3822400347585274,
0.09066281166153924
],
[
0.03676267815770545,
0.8404008729379623,
0.5407170038567162,
1.489309427874247
],
[
0.0,
0.0,
0.0,
1.0
]
],
"at_element": 6,
"to_element": 28
},
{
"pose": [
[
-0.26517283615319576,
0.5010685990580405,
-0.8237800835201606,
41.27047456232194
],
[
0.8877505710142056,
-0.20653481923921446,
-0.41139068062582146,
0.08322435151460184
],
[
-0.3762742226494157,
-0.8404008730836954,
-0.3900565111490133,
1.459041948498879
],
[
0.0,
0.0,
0.0,
1.0
]
],
"at_element": 28,
"to_element": 6
},
{
"pose": [
[
-0.012432110727035983,
-0.8452048760638002,
-0.5342978196669409,
41.24616495963481
],
[
-0.9950033149558899,
-0.04248152578285991,
0.09035332419978012,
0.026521574861019817
],
[
-0.09906485678413449,
0.5327513842733178,
-0.8404535184679773,
1.4372740497683247
],
[
0.0,
0.0,
0.0,
1.0
]
],
"at_element": 18,
"to_element": 22
},
{
"pose": [
[
-0.5336363886258397,
0.8452048767131837,
-0.029341457268235227,
41.2766054069867
],
[
0.12180929656169293,
0.042481526275742754,
-0.9916439961984487,
0.028051566810721018
],
[
-0.8368958716623695,
-0.5327513832037749,
-0.12562349974804632,
1.4180867605275074
],
[
0.0,
0.0,
0.0,
1.0
]
],
"at_element": 22,
"to_element": 18
},
{
"pose": [
[
0.6348083949671,
0.5581613930569246,
-0.5342978204897038,
41.23271745531959
],
[
0.6994211053037297,
-0.7089755951510297,
0.09035332277206046,
0.02879563748196625
],
[
-0.3283723787638106,
-0.4310562199771584,
-0.8404535180984134,
1.4161210488118237
],
[
0.0,
0.0,
0.0,
1.0
]
],
"at_element": 18,
"to_element": 28
},
{
"pose": [
[
-0.09920803718263738,
-0.5581613926763105,
-0.8237800829614723,
41.21261505432445
],
[
-0.5728100144319794,
0.7089755958612296,
-0.41139068030237397,
0.054329670981191416
],
[
0.8136623702278509,
0.4310562193019097,
-0.3900565126700746,
1.4316457072442503
],
[
0.0,
0.0,
0.0,
1.0
]
],
"at_element": 28,
"to_element": 18
},
{
"pose": [
[
-0.13958371075472709,
-0.858817088417058,
-0.49289917461362026,
41.24897676161447
],
[
-0.9413790808269474,
-0.03929450339524676,
0.3350542764752193,
0.13824253522036667
],
[
-0.3071185664745009,
0.5107730911527821,
-0.8029875686963526,
1.4506211294982385
],
[
0.0,
0.0,
0.0,
1.0
]
],
"at_element": 19,
"to_element": 22
},
{
"pose": [
[
-0.5114413815543326,
0.8588170888604799,
-0.029341457274755123,
41.2799076890722
],
[
0.12287443515191898,
0.03929450329213646,
-0.9916439961987977,
0.13965775557352123
],
[
-0.8504878520119453,
-0.510773090415142,
-0.1256234997437684,
1.4322252619528297
],
[
0.0,
0.0,
0.0,
1.0
]
],
"at_element": 22,
"to_element": 19
},
{
"pose": [
[
-0.4466870739061872,
0.3490802662446298,
-0.8237800833497415,
41.348353403477105
],
[
0.8946902247727262,
0.17403192054266392,
-0.411390680896348,
0.12211656324216744
],
[
-0.00024433840770538007,
-0.9207908874173388,
-0.3900565112236076,
1.495917262423269
],
[
0.0,
0.0,
0.0,
1.0
]
],
"at_element": 28,
"to_element": 29
},
{
"pose": [
[
0.4728485745189015,
-0.34908026588865576,
0.8090470898177364,
41.335781057447576
],
[
0.815626998357645,
-0.17403191889609393,
-0.5517839167241482,
0.11584869384607568
],
[
0.3334168938814306,
0.9207908878634979,
0.2024285446818458,
1.529080127276121
],
[
0.0,
0.0,
0.0,
1.0
]
],
"at_element": 29,
"to_element": 28
},
{
"pose": [
[
-0.4999351475797442,
0.30904312747596985,
0.8090470898373536,
41.23862528297904
],
[
-0.8271695922961705,
0.10641886711278747,
-0.5517839163141839,
0.1821105893634263
],
[
-0.256622901930063,
-0.9450753250838276,
0.2024285457209306,
1.5047711564303898
],
[
0.0,
0.0,
0.0,
1.0
]
],
"at_element": 29,
"to_element": 37
},
{
"pose": [
[
0.9510262184658791,
-0.30904312755010704,
-0.006440272085730808,
41.22749489868296
],
[
-0.04130926176838223,
-0.10641886706336412,
-0.9934629180926187,
0.17827784635622265
],
[
0.30633752085345545,
0.9450753250651496,
-0.113973476170381,
1.5388086438186166
],
[
0.0,
0.0,
0.0,
1.0
]
],
"at_element": 37,
"to_element": 29
},
{
"pose": [
[
0.1170789742565509,
-0.6517475249889944,
0.749344832141888,
41.55374679691286
],
[
0.8801856598072768,
-0.28136410660285005,
-0.38224003425231246,
-0.0630394393443151
],
[
0.459962735508718,
0.7043148466320304,
0.5407170043165249,
1.7067367336152546
],
[
0.0,
0.0,
0.0,
1.0
]
],
"at_element": 6,
"to_element": 7
},
{
"pose": [
[
-0.421777573445272,
0.6517475248771025,
-0.6303402591895813,
41.57721990894898
],
[
0.906258827967781,
0.2813641067717034,
-0.31548244983045437,
-0.05290592759555903
],
[
-0.02825978183004285,
-0.7043148466681163,
-0.7093250182347905,
1.6813703752079794
],
[
0.0,
0.0,
0.0,
1.0
]
],
"at_element": 7,
"to_element": 6
},
{
"pose": [
[
-0.2597602532687615,
0.7315707544713898,
-0.6303402589268043,
41.296329690766456
],
[
0.9467479740371593,
0.06433582042616459,
-0.31548244937971864,
-0.1934902118095308
],
[
-0.19024427580950581,
-0.6787231640457352,
-0.7093250186687783,
1.3652832202831158
],
[
0.0,
0.0,
0.0,
1.0
]
],
"at_element": 7,
"to_element": 22
},
{
"pose": [
[
0.6811338408096826,
-0.73157075518015,
-0.02934145649068659,
41.269981713845326
],
[
-0.11181720595836864,
-0.06433581914877373,
-0.9916439960117339,
-0.19580730650877343
],
[
0.7235700403938194,
0.6787231634028715,
-0.12562350140353962,
1.3897278582606676
],
[
0.0,
0.0,
0.0,
1.0
]
],
"at_element": 22,
"to_element": 7
},
{
"pose": [
[
-0.061918204298000434,
-0.995536298442861,
-0.0712293089900373,
41.22973805172191
],
[
-0.8638788144220314,
0.01771289868636039,
0.503388167533676,
-0.34349394701946484
],
[
-0.49987951545277054,
0.09270238240096013,
-0.8611194680924883,
1.3742765357871474
],
[
0.0,
0.0,
0.0,
1.0
]
],
"at_element": 17,
"to_element": 22
},
{
"pose": [
[
-0.08970260335533808,
0.9955362985823564,
-0.029341457976994556,
41.26559298219683
],
[
0.12778277627972923,
-0.01771289803637388,
-0.991643996265493,
-0.3441318893606691
],
[
-0.9877373158069502,
-0.09270238102710143,
-0.12562349905326853,
1.3709377951888173
],
[
0.0,
0.0,
0.0,
1.0
]
],
"at_element": 22,
"to_element": 17
},
{
"pose": [
[
0.9312643318624194,
-0.3631608777118106,
-0.02934145702634336,
41.26434565484557
],
[
-0.07278052647503994,
-0.10651375474938196,
-0.991643996107073,
-0.38628741944836287
],
[
0.35700103524619853,
0.925618170169955,
-0.12562350052584392,
1.3655974459766709
],
[
0.0,
0.0,
0.0,
1.0
]
],
"at_element": 22,
"to_element": 23
},
{
"pose": [
[
0.19542936268313582,
0.3631608776621927,
-0.9110002970015374,
41.277425130347076
],
[
0.9626370862626068,
0.10651375524912021,
0.2489671867828555,
-0.3824512571885591
],
[
0.18744920472784643,
-0.9256181701319159,
-0.32877621381198097,
1.3322607048063755
],
[
0.0,
0.0,
0.0,
1.0
]
],
"at_element": 23,
"to_element": 22
},
{
"pose": [
[
0.061670317250009266,
-0.17709077024035502,
-0.9822604700719462,
41.597463068323975
],
[
0.74172939419408,
-0.6503834395058772,
0.1638257837002099,
0.2416248214167996
],
[
-0.6678579772367521,
-0.7386746514617804,
0.09124407667926204,
1.5870390745204648
],
[
0.0,
0.0,
0.0,
1.0
]
],
"at_element": 5,
"to_element": 8
},
{
"pose": [
[
0.1750148564492734,
0.17709077017650487,
0.9685084713828439,
41.603841107582724
],
[
0.717764914974153,
0.6503834393233214,
-0.24862604185023454,
0.26504880397581554
],
[
-0.6739312478689407,
0.7386746516378235,
-0.013282777328290418,
1.6136429225067532
],
[
0.0,
0.0,
0.0,
1.0
]
],
"at_element": 8,
"to_element": 5
},
{
"pose": [
[
0.1671004015795673,
0.08509891175094297,
-0.9822604700438436,
41.663620167608606
],
[
0.5438731666640242,
0.8230207112426369,
0.163825783833042,
0.23059084521752762
],
[
0.8223621066019481,
-0.5616004665992268,
0.09124407674329804,
1.5808936134867047
],
[
0.0,
0.0,
0.0,
1.0
]
],
"at_element": 5,
"to_element": 9
},
{
"pose": [
[
0.9962975498201617,
-0.0850989117310309,
-0.012221597462545492,
41.660555276464805
],
[
-0.07720158925615658,
-0.8230207112611743,
-0.5627404583388992,
0.2009492336176666
],
[
0.0378299727552899,
0.5616004665750777,
-0.8265432893103597,
1.6011200095870208
],
[
0.0,
0.0,
0.0,
1.0
]
],
"at_element": 9,
"to_element": 5
},
{
"pose": [
[
0.4116428599672135,
0.05695941042335989,
0.9095635114725286,
40.43952765157098
],
[
-0.20348006605476043,
-0.9671055608995909,
0.15265220861631512,
-0.12449999518634769
],
[
0.8883389097390498,
-0.2479162351305616,
-0.38651199438351846,
0.7589208117366668
],
[
0.0,
0.0,
0.0,
1.0
]
],
"at_element": 10,
"to_element": 11
},
{
"pose": [
[
-0.9388120266058557,
-0.056959410422919673,
-0.3396875097269253,
40.43747634619887
],
[
-0.13637166566726922,
0.9671055609013979,
0.2147314668993047,
-0.08967117905622969
],
[
0.31628270187182406,
0.2479162351236119,
-0.9156979812464332,
0.7678491328197612
],
[
0.0,
0.0,
0.0,
1.0
]
],
"at_element": 11,
"to_element": 10
},
{
"pose": [
[
-0.4127846665028956,
-0.0479899749766492,
0.9095635114723073,
40.57247099019219
],
[
0.22447283979706917,
0.9624496077183752,
0.15265220861875908,
-0.10218809062371202
],
[
-0.8827348204832144,
0.2671847954216078,
-0.3865119943830735,
0.7024275660179015
],
[
0.0,
0.0,
0.0,
1.0
]
],
"at_element": 10,
"to_element": 44
},
{
"pose": [
[
0.9224230753018666,
0.04798997497718675,
0.3831874638507058,
40.574199382439865
],
[
-0.059915035900570096,
-0.9624496077185334,
0.2647658230880153,
-0.13685138106197287
],
[
0.3815047294905797,
-0.2671847954209405,
-0.884910405901179,
0.692804720218911
],
[
0.0,
0.0,
0.0,
1.0
]
],
"at_element": 44,
"to_element": 10
},
{
"pose": [
[
-0.8850164682923465,
-0.3183680991885066,
-0.3396875097356975,
40.463958457287184
],
[
-0.4025305797687847,
0.8898648939312014,
0.21473146695307077,
-0.10641169025437539
],
[
0.23391234085090165,
0.32677549474816636,
-0.915697981230571,
0.8392371437661803
],
[
0.0,
0.0,
0.0,
1.0
]
],
"at_element": 11,
"to_element": 31
},
{
"pose": [
[
0.2368911135564954,
0.31836809910289676,
-0.9178912537940275,
40.47542668088653
],
[
0.4084572169366568,
-0.8898648939050764,
-0.20323181967317067,
-0.13846631382696903
],
[
-0.8815017312803898,
-0.3267754949027167,
-0.3408408333529891,
0.8274660698083416
],
[
0.0,
0.0,
0.0,
1.0
]
],
"at_element": 31,
"to_element": 11
},
{
"pose": [
[
0.6668721918114613,
0.3927591121712871,
0.6332627887338713,
40.46913705857127
],
[
0.18374383909327774,
-0.9102505808628183,
0.3710553619531256,
0.331985670202515
],
[
0.72216319581092,
-0.13108836655219921,
-0.679187867066863,
0.6781763002208897
],
[
0.0,
0.0,
0.0,
1.0
]
],
"at_element": 13,
"to_element": 14
},
{
"pose": [
[
-0.8641704132546262,
-0.3927591119507318,
-0.3145628344782662,
40.45499613072421
],
[
-0.4140566765313957,
0.9102505810737306,
0.0009737939776812976,
0.36475839882594846
],
[
0.28594853641014445,
0.13108836574848418,
-0.9492361533834917,
0.6828960153521545
],
[
0.0,
0.0,
0.0,
1.0
]
],
"at_element": 14,
"to_element": 13
},
{
"pose": [
[
0.39223120054889216,
0.6671828294296294,
0.633262787024667,
40.39342851430857
],
[
0.6026558443766152,
-0.7064869771292621,
0.371055365660525,
0.2876248426734167
],
[
0.6949536808699437,
0.2361000280835034,
-0.6791878666350608,
0.7593753310390103
],
[
0.0,
0.0,
0.0,
1.0
]
],
"at_element": 13,
"to_element": 15
},
{
"pose": [
[
-0.6943053410851607,
-0.6671828309352644,
0.26982802568640835,
40.369389548831876
],
[
-0.7046217010644146,
0.7064869769677953,
-0.06621487570022948,
0.3130799582163024
],
[
-0.14645255794867346,
-0.23610002431196891,
-0.9606291827704267,
0.7508685168852649
],
[
0.0,
0.0,
0.0,
1.0
]
],
"at_element": 15,
"to_element": 13
},
{
"pose": [
[
-0.4620146599659276,
0.6209031283877102,
0.6332627883706125,
40.484337070248486
],
[
0.885294299085849,
0.28030683583501914,
0.371055362163458,
0.34089199779103174
],
[
0.052881546712098215,
0.7320569533461958,
-0.6791878672906504,
0.6618739630324799
],
[
0.0,
0.0,
0.0,
1.0
]
],
"at_element": 13,
"to_element": 33
},
{
"pose": [
[
-0.7833493274148573,
-0.6209031285484172,
0.029036807632357442,
40.46197483765386
],
[
0.18728080106497533,
-0.28030683555878855,
-0.9414637430573095,
0.33079656361089294
],
[
0.592696999141342,
-0.7320569533156599,
0.3358614064030607,
0.6355084526980382
],
[
0.0,
0.0,
0.0,
1.0
]
],
"at_element": 33,
"to_element": 13
},
{
"pose": [
[
-0.2390902708421878,
-0.9705630871793736,
0.029036807563045552,
40.465086543835014
],
[
0.3197082056071499,
-0.10692372745165057,
-0.9414637432080439,
0.2299053564962656
],
[
0.9168546807733851,
-0.21581151570916962,
0.3358614059865246,
0.6715007709320222
],
[
0.0,
0.0,
0.0,
1.0
]
],
"at_element": 33,
"to_element": 43
},
{
"pose": [
[
-0.1342776588840755,
0.970563087184799,
0.19994200188785835,
40.50004193436531
],
[
0.9840937409837609,
0.10692372759470925,
0.14186904325411848,
0.23375627634356302
],
[
0.11631431245207277,
0.2158115156138914,
-0.9694825271490131,
0.6792733473939203
],
[
0.0,
0.0,
0.0,
1.0
]
],
"at_element": 43,
"to_element": 33
},
{
"pose": [
[
0.5972295822403348,
0.5022899856370313,
0.6253171966496571,
40.98764346489004
],
[
-0.02867316200777814,
-0.7657600755346956,
0.6424868531709991,
0.04571935109803906
],
[
0.8015576559908282,
-0.40164197620000847,
-0.4429323278748585,
0.987697115490119
],
[
0.0,
0.0,
0.0,
1.0
]
],
"at_element": 16,
"to_element": 18
},
{
"pose": [
[
-0.6798754366315749,
-0.5022899855829484,
-0.5342978205533939,
40.96955333031568
],
[
-0.6367478180507651,
0.7657600755054889,
0.09035332295725318,
0.07329844527568238
],
[
0.36376037012381485,
0.40164197632332904,
-0.8404535180380146,
1.0021623797951924
],
[
0.0,
0.0,
0.0,
1.0
]
],
"at_element": 18,
"to_element": 16
},
{
"pose": [
[
-0.6865169553111343,
-0.3710429539148613,
0.6253171966454019,
40.936756934795916
],
[
0.18303902477810177,
0.7441151516403897,
0.64248685317871,
-0.0065643966781585295
],
[
-0.7036982204600291,
0.5555355681226306,
-0.44293232786968084,
1.0237416851143966
],
[
0.0,
0.0,
0.0,
1.0
]
],
"at_element": 16,
"to_element": 31
},
{
"pose": [
[
0.14072232405977192,
0.37104295393169384,
-0.9178912538252338,
40.95012003207866
],
[
0.6363878287717207,
-0.7441151516486948,
-0.20323181955111128,
-0.033363674379225335
],
[
-0.7584245241963316,
-0.5555355681002643,
-0.34084083334173054,
1.0037340936414787
],
[
0.0,
0.0,
0.0,
1.0
]
],
"at_element": 31,
"to_element": 16
},
{
"pose": [
[
0.1828786984637213,
-0.8252764509890705,
-0.5342978205936272,
40.91314299856626
],
[
-0.958366910427268,
-0.2708673882248085,
0.09035332309530283,
0.08283780840652923
],
[
-0.21929032501756343,
0.4955296534407959,
-0.8404535179975965,
0.9134286063394584
],
[
0.0,
0.0,
0.0,
1.0
]
],
"at_element": 18,
"to_element": 32
},
{
"pose": [
[
-0.5646879718198059,
0.8252764509878283,
0.006802494172626905,
40.94286588098114
],
[
0.3852384645452743,
0.2708673882250171,
-0.8821690220309015,
0.09259327825009091
],
[
-0.7298758935030211,
-0.4955296534427505,
-0.470883788892837,
0.8955817750082555
],
[
0.0,
0.0,
0.0,
1.0
]
],
"at_element": 32,
"to_element": 18
},
{
"pose": [
[
-0.742830043857075,
0.4530495878483746,
-0.49289917518059767,
40.894097176322234
],
[
0.31849439203846547,
0.8867355601357064,
0.33505427714157476,
0.37947629845007286
],
[
0.5888674283600205,
0.09190276024817101,
-0.8029875680702803,
0.8724828215024127
],
[
0.0,
0.0,
0.0,
1.0
]
],
"at_element": 19,
"to_element": 20
},
{
"pose": [
[
0.804659209798795,
-0.45304958784919735,
0.3837572501408296,
40.877780250205596
],
[
-0.4511230394038652,
-0.8867355601352622,
-0.10093586929640601,
0.34753984158577644
],
[
0.38602015414353374,
-0.09190276024839993,
-0.9179010421901301,
0.869172873564849
],
[
0.0,
0.0,
0.0,
1.0
]
],
"at_element": 20,
"to_element": 19
},
{
"pose": [
[
-0.045977773969259284,
0.8688707886351867,
-0.49289917524510096,
40.97242351288161
],
[
0.9115632227451711,
0.23830888015610763,
0.3350542770614634,
0.32623300773596764
],
[
0.40858112442851513,
-0.43390371085669555,
-0.8029875680641141,
1.000085133854816
],
[
0.0,
0.0,
0.0,
1.0
]
],
"at_element": 19,
"to_element": 32
},
{
"pose": [
[
0.49499220071786254,
-0.8688707886113499,
0.006802494129223791,
40.94113044496902
],
[
-0.4061855414969643,
-0.23830888020746377,
-0.8821690220661131,
0.3176501251386777
],
[
0.7681119886496404,
0.4339037108762213,
-0.4708837888274975,
1.0157125188145824
],
[
0.0,
0.0,
0.0,
1.0
]
],
"at_element": 32,
"to_element": 19
},
{
"pose": [
[
0.3680878259574537,
0.7883918795980062,
-0.492899174847999,
41.03950410054506
],
[
0.9165279285193141,
-0.21843806441376534,
0.33505427658703735,
0.28063415316002255
],
[
0.15648612918086552,
-0.5750852599389856,
-0.8029875685058261,
1.1093668706985178
],
[
0.0,
0.0,
0.0,
1.0
]
],
"at_element": 19,
"to_element": 35
},
{
"pose": [
[
0.18200402092508716,
-0.7883918795211691,
-0.5876332024929997,
41.01110968984772
],
[
-0.810159681829896,
0.21843806469627614,
-0.5439909023403123,
0.28850133226162544
],
[
0.5572394694423414,
0.5750852599370148,
-0.5989667081723276,
1.1300789143654062
],
[
0.0,
0.0,
0.0,
1.0
]
],
"at_element": 35,
"to_element": 19
},
{
"pose": [
[
-0.808877480626579,
0.4454745724251313,
0.38375724964858265,
40.86129516009403
],
[
0.4427774829315973,
0.8909321245166584,
-0.10093587128960885,
0.35187575159205686
],
[
-0.38686602583317803,
0.08827431578256459,
-0.9179010421767495,
0.9086032201927314
],
[
0.0,
0.0,
0.0,
1.0
]
],
"at_element": 20,
"to_element": 34
},
{
"pose": [
[
-0.7524526475220386,
-0.4454745733617642,
0.48514680018034634,
40.84525078158379
],
[
0.3191471050666661,
-0.8909321240469312,
-0.32308679277988106,
0.3197876076130919
],
[
0.5761598203316863,
-0.08827431579671194,
0.812556155970762,
0.9054238995546915
],
[
0.0,
0.0,
0.0,
1.0
]
],
"at_element": 34,
"to_element": 20
},
{
"pose": [
[
-0.4879628349886178,
0.8728378988907415,
0.006802494385655999,
40.94138091355013
],
[
0.40809586091000294,
0.2350225205801263,
-0.8821690218593531,
0.2851685650491475
],
[
-0.7715892948829672,
-0.4276896270429761,
-0.4708837892111446,
0.9983745260918956
],
[
0.0,
0.0,
0.0,
1.0
]
],
"at_element": 32,
"to_element": 34
},
{
"pose": [
[
-0.052788125788128415,
-0.872837898605258,
0.485146798952785,
40.9099450030403
],
[
0.9167220614914672,
-0.23502252111313449,
-0.3230867941350444,
0.27670405297650935
],
[
0.39602282225979235,
0.42768962733269966,
0.8125561561648558,
1.0137780882532184
],
[
0.0,
0.0,
0.0,
1.0
]
],
"at_element": 34,
"to_element": 32
},
{
"pose": [
[
0.9378902621167762,
-0.1463286691305523,
-0.31456283444966326,
40.674356305702936
],
[
-0.15383511984966586,
-0.9880960518220645,
0.0009737938629749629,
0.364079324361866
],
[
-0.3109607887296465,
0.04747749955642125,
-0.9492361533930884,
1.3448451902054566
],
[
0.0,
0.0,
0.0,
1.0
]
],
"at_element": 14,
"to_element": 20
},
{
"pose": [
[
-0.911766578438425,
0.1463286691285762,
0.3837572501383488,
40.67962529226741
],
[
0.11609540323833954,
0.988096051824412,
-0.10093586932273571,
0.39965857791683923
],
[
-0.3939588351460276,
-0.04747749951365077,
-0.9179010421882723,
1.3431356256432685
],
[
0.0,
0.0,
0.0,
1.0
]
],
"at_element": 20,
"to_element": 14
},
{
"pose": [
[
0.7337122865840537,
-0.6022594986389961,
-0.31456283444600464,
40.695194094384455
],
[
-0.6342174108092408,
-0.7731541421682624,
0.0009737938596408313,
0.36401481670826424
],
[
-0.24379203502580285,
0.1987867418797423,
-0.9492361533943039,
1.4077260528088624
],
[
0.0,
0.0,
0.0,
1.0
]
],
"at_element": 14,
"to_element": 21
},
{
"pose": [
[
0.13696663839478684,
0.6022594986735778,
0.7864627367042146,
40.71688994980721
],
[
-0.3453964101900787,
0.7731541421573838,
-0.5319153995633958,
0.39186699758020843
],
[
-0.928408024413102,
-0.19878674181728245,
0.31391459265703225,
1.4005649396654507
],
[
0.0,
0.0,
0.0,
1.0
]
],
"at_element": 21,
"to_element": 14
},
{
"pose": [
[
0.8960156476369442,
0.22335248410249678,
0.3837572501399698,
40.64346479720094
],
[
0.28112347892482437,
-0.9543487517082734,
-0.10093586929364742,
0.40916951485013486
],
[
0.34369397548829866,
0.19832329151691777,
-0.9179010421907932,
1.4296271670942156
],
[
0.0,
0.0,
0.0,
1.0
]
],
"at_element": 20,
"to_element": 27
},
{
"pose": [
[
-0.7915111841626226,
-0.22335248410434466,
-0.5688793485352601,
40.63542178531947
],
[
-0.05882818562397997,
0.9543487517081295,
-0.2928441645130145,
0.44353599337788585
],
[
0.6083167677466026,
-0.1983232915155288,
-0.7685171319630897,
1.4224854664034405
],
[
0.0,
0.0,
0.0,
1.0
]
],
"at_element": 27,
"to_element": 20
},
{
"pose": [
[
0.9173595658365898,
-0.10574403024993849,
0.3837572501394646,
40.670400232444585
],
[
-0.07215498882712744,
-0.992272950288051,
-0.100935869313168,
0.40208495404967404
],
[
0.39146530440827143,
0.06490448515432437,
-0.9179010421888583,
1.3652008557399997
],
[
0.0,
0.0,
0.0,
1.0
]
],
"at_element": 20,
"to_element": 36
},
{
"pose": [
[
-0.3999936778617088,
0.10574403022619802,
-0.9103973076312255,
40.67420877881127
],
[
0.10220178138406849,
0.9922729502907266,
0.07035046555112708,
0.43782330760527327
],
[
0.9108017641356358,
-0.06490448515209228,
-0.40771013508932463,
1.3628632132217173
],
[
0.0,
0.0,
0.0,
1.0
]
],
"at_element": 36,
"to_element": 20
},
{
"pose": [
[
-0.17701347124977285,
0.5917284806509641,
0.7864627366777189,
40.63229735819287
],
[
-0.6810449230552514,
0.5032333657863213,
-0.5319153996079048,
0.4490802641137043
],
[
-0.7105237812886857,
-0.629772645282305,
0.3139145926479934,
1.3668000227797747
],
[
0.0,
0.0,
0.0,
1.0
]
],
"at_element": 21,
"to_element": 27
},
{
"pose": [
[
0.5711687071233869,
-0.5917284806516582,
-0.5688793485341852,
40.61098896788256
],
[
-0.8130181270243301,
-0.5032333657855335,
-0.29284416451419054,
0.4309586199374348
],
[
-0.11299483675305327,
0.6297726452822829,
-0.7685171319634372,
1.3894783993852096
],
[
0.0,
0.0,
0.0,
1.0
]
],
"at_element": 27,
"to_element": 21
},
{
"pose": [
[
-0.42099704671421767,
0.41012716697591056,
0.8090470898323662,
40.8691413175616
],
[
-0.7843920723526934,
0.2833082887216879,
-0.551783916376543,
0.43410495661282783
],
[
-0.4555113209220537,
-0.8669095226434547,
0.20242854557088408,
1.4123240014112568
],
[
0.0,
0.0,
0.0,
1.0
]
],
"at_element": 29,
"to_element": 36
},
{
"pose": [
[
0.05452017216610616,
-0.41012716696853324,
-0.9103973076307635,
40.85437031616728
],
[
-0.9564450980282472,
-0.2833082887174334,
0.07035046554029539,
0.4239014210640897
],
[
-0.2867757404047889,
0.8669095226483352,
-0.40771013509222565,
1.4435463217033
],
[
0.0,
0.0,
0.0,
1.0
]
],
"at_element": 36,
"to_element": 29
},
{
"pose": [
[
-0.933156011350484,
-0.1176106042542494,
-0.3396875097017924,
