{
"contact_id_pairs": [
[
0,
19
],
[
0,
22
],
[
0,
40
],
[
12,
22
],
[
12,
23
],
[
12,
40
],
[
13,
40
],
[
19,
40
],
[
22,
39
],
[
22,
40
],
[
23,
39
],
[
0,
1
],
[
0,
2
],
[
0,
37
],
[
1,
37
],
[
1,
12
],
[
1,
20
],
[
12,
14
],
[
12,
27
],
[
14,
20
],
[
14,
27
],
[
2,
5
],
[
2,
21
],
[
2,
22
],
[
3,
21
],
[
3,
22
],
[
8,
21
],
[
3,
28
],
[
4,
27
],
[
10,
27
],
[
10,
28
],
[
26,
27
],
[
27,
28
],
[
4,
6
],
[
4,
9
],
[
4,
29
],
[
6,
9
],
[
6,
29
],
[
29,
31
],
[
5,
7
],
[
5,
24
],
[
6,
23
],
[
6,
24
],
[
7,
24
],
[
7,
25
],
[
7,
32
],
[
32,
33
],
[
8,
34
],
[
33,
34
],
[
9,
35
],
[
32,
35
],
[
10,
34
],
[
10,
35
],
[
11,
17
],
[
11,
18
],
[
13,
18
],
[
13,
30
],
[
17,
25
],
[
18,
25
],
[
11,
14
],
[
11,
16
],
[
11,
28
],
[
11,
29
],
[
14,
15
],
[
14,
29
],
[
15,
43
],
[
16,
29
],
[
16,
44
],
[
28,
44
],
[
29,
44
],
[
15,
42
],
[
20,
26
],
[
20,
42
],
[
26,
42
],
[
16,
17
],
[
17,
31
],
[
17,
45
],
[
31,
45
],
[
18,
19
],
[
18,
38
],
[
19,
24
],
[
19,
38
],
[
36,
38
],
[
36,
39
],
[
36,
37
],
[
36,
40
],
[
41,
45
],
[
44,
45
],
[
41,
42
],
[
41,
43
]
],
"contact_t_bound_pairs": [
[
[
0.6,
0.9
],
[
0.1,
0.4
]
],
[
[
0.6,
0.9
],
[
0.1,
0.4
]
],
[
[
0.6,
0.9
],
[
0.6,
0.9
]
],
[
[
0.6,
0.9
],
[
0.1,
0.4
]
],
[
[
0.6,
0.9
],
[
0.1,
0.4
]
],
[
[
0.6,
0.9
],
[
0.6,
0.9
]
],
[
[
0.1,
0.4
],
[
0.6,
0.9
]
],
[
[
0.1,
0.4
],
[
0.6,
0.9
]
],
[
[
0.1,
0.4
],
[
0.1,
0.4
]
],
[
[
0.1,
0.4
],
[
0.6,
0.9
]
],
[
[
0.1,
0.4
],
[
0.1,
0.4
]
],
[
[
0.1,
0.4
],
[
0.1,
0.4
]
],
[
[
0.1,
0.4
],
[
0.1,
0.4
]
],
[
[
0.1,
0.4
],
[
0.1,
0.4
]
],
[
[
0.1,
0.4
],
[
0.1,
0.4
]
],
[
[
0.6,
0.9
],
[
0.1,
0.4
]
],
[
[
0.6,
0.9
],
[
0.6,
0.9
]
],
[
[
0.1,
0.4
],
[
0.1,
0.4
]
],
[
[
0.1,
0.4
],
[
0.1,
0.4
]
],
[
[
0.1,
0.4
],
[
0.6,
0.9
]
],
[
[
0.1,
0.4
],
[
0.1,
0.4
]
],
[
[
0.6,
0.9
],
[
0.1,
0.4
]
],
[
[
0.6,
0.9
],
[
0.6,
0.9
]
],
[
[
0.6,
0.9
],
[
0.6,
0.9
]
],
[
[
0.6,
0.9
],
[
0.6,
0.9
]
],
[
[
0.6,
0.9
],
[
0.6,
0.9
]
],
[
[
0.1,
0.4
],
[
0.6,
0.9
]
],
[
[
0.1,
0.4
],
[
0.6,
0.9
]
],
[
[
0.1,
0.4
],
[
0.6,
0.9
]
],
[
[
0.1,
0.4
],
[
0.6,
0.9
]
],
[
[
0.1,
0.4
],
[
0.6,
0.9
]
],
[
[
0.6,
0.9
],
[
0.6,
0.9
]
],
[
[
0.6,
0.9
],
[
0.6,
0.9
]
],
[
[
0.6,
0.9
],
[
0.6,
0.9
]
],
[
[
0.6,
0.9
],
[
0.1,
0.4
]
],
[
[
0.6,
0.9
],
[
0.6,
0.9
]
],
[
[
0.6,
0.9
],
[
0.1,
0.4
]
],
[
[
0.6,
0.9
],
[
0.6,
0.9
]
],
[
[
0.6,
0.9
],
[
0.6,
0.9
]
],
[
[
0.6,
0.9
],
[
0.1,
0.4
]
],
[
[
0.6,
0.9
],
[
0.6,
0.9
]
],
[
[
0.1,
0.4
],
[
0.6,
0.9
]
],
[
[
0.1,
0.4
],
[
0.6,
0.9
]
],
[
[
0.1,
0.4
],
[
0.6,
0.9
]
],
[
[
0.1,
0.4
],
[
0.6,
0.9
]
],
[
[
0.6,
0.9
],
[
0.6,
0.9
]
],
[
[
0.6,
0.9
],
[
0.1,
0.4
]
],
[
[
0.6,
0.9
],
[
0.6,
0.9
]
],
[
[
0.6,
0.9
],
[
0.6,
0.9
]
],
[
[
0.6,
0.9
],
[
0.6,
0.9
]
],
[
[
0.1,
0.4
],
[
0.6,
0.9
]
],
[
[
0.6,
0.9
],
[
0.1,
0.4
]
],
[
[
0.6,
0.9
],
[
0.1,
0.4
]
],
[
[
0.6,
0.9
],
[
0.1,
0.4
]
],
[
[
0.6,
0.9
],
[
0.6,
0.9
]
],
[
[
0.6,
0.9
],
[
0.6,
0.9
]
],
[
[
0.6,
0.9
],
[
0.1,
0.4
]
],
[
[
0.1,
0.4
],
[
0.1,
0.4
]
],
[
[
0.6,
0.9
],
[
0.1,
0.4
]
],
[
[
0.1,
0.4
],
[
0.6,
0.9
]
],
[
[
0.1,
0.4
],
[
0.6,
0.9
]
],
[
[
0.1,
0.4
],
[
0.1,
0.4
]
],
[
[
0.1,
0.4
],
[
0.1,
0.4
]
],
[
[
0.6,
0.9
],
[
0.1,
0.4
]
],
[
[
0.6,
0.9
],
[
0.1,
0.4
]
],
[
[
0.1,
0.4
],
[
0.1,
0.4
]
],
[
[
0.6,
0.9
],
[
0.1,
0.4
]
],
[
[
0.6,
0.9
],
[
0.1,
0.4
]
],
[
[
0.1,
0.4
],
[
0.1,
0.4
]
],
[
[
0.1,
0.4
],
[
0.1,
0.4
]
],
[
[
0.6,
0.9
],
[
0.1,
0.4
]
],
[
[
0.1,
0.4
],
[
0.1,
0.4
]
],
[
[
0.1,
0.4
],
[
0.1,
0.4
]
],
[
[
0.1,
0.4
],
[
0.1,
0.4
]
],
[
[
0.1,
0.4
],
[
0.6,
0.9
]
],
[
[
0.6,
0.9
],
[
0.1,
0.4
]
],
[
[
0.6,
0.9
],
[
0.6,
0.9
]
],
[
[
0.1,
0.4
],
[
0.6,
0.9
]
],
[
[
0.1,
0.4
],
[
0.6,
0.9
]
],
[
[
0.1,
0.4
],
[
0.6,
0.9
]
],
[
[
0.6,
0.9
],
[
0.1,
0.4
]
],
[
[
0.6,
0.9
],
[
0.6,
0.9
]
],
[
[
0.6,
0.9
],
[
0.1,
0.4
]
],
[
[
0.6,
0.9
],
[
0.6,
0.9
]
],
[
[
0.1,
0.4
],
[
0.6,
0.9
]
],
[
[
0.1,
0.4
],
[
0.1,
0.4
]
],
[
[
0.6,
0.9
],
[
0.1,
0.4
]
],
[
[
0.6,
0.9
],
[
0.1,
0.4
]
],
[
[
0.1,
0.4
],
[
0.6,
0.9
]
],
[
[
0.1,
0.4
],
[
0.6,
0.9
]
]
],
"line_pt_pairs": [
[
[
36.822617486160915,
0.8317369431670494,
1.8960163908942476
],
[
36.897588513447744,
-0.04433288625631799,
1.6638052412771842
]
],
[
[
37.144090631024085,
0.676687468014463,
1.9386528332803477
],
[
36.028264077054494,
0.7037964529326834,
1.497809713748774
]
],
[
[
36.8771339644985,
0.68513952166813,
1.9628693770075165
],
[
36.22078013558686,
0.2615173074357774,
1.043662912617587
]
],
[
[
35.74605067969651,
0.3935566371080214,
0.6695015116729223
],
[
36.32150834015975,
0.38279865939236996,
1.3270698680208934
]
],
[
[
35.66580603421373,
0.2958685841448032,
0.6728006438982204
],
[
35.85981684909371,
-0.2489966809123212,
0.8238747046213153
]
],
[
[
36.249908189629345,
0.3538593786115291,
1.1849118987490006
],
[
36.38030988620689,
-0.28808396574709655,
0.9247040355038944
]
],
[
[
36.48780208844327,
-0.3182524878168748,
1.0491422127977024
],
[
35.644309554931375,
-0.15155069624871875,
0.7843817264863424
]
],
[
[
36.31712232822616,
-0.19032936304809148,
1.0926458329214217
],
[
36.36845421211263,
-0.1893496557703608,
0.1
]
],
[
[
36.2702088029798,
0.334317735071342,
1.244435688040274
],
[
36.36845421211263,
0.2,
0.0
]
],
[
[
35.84864990604692,
-0.15287292583320874,
0.9435181948231727
],
[
35.96845421211263,
-0.2,
0.0
]
],
[
[
35.72929156189293,
0.4477245625210819,
1.0166627773455457
],
[
35.96845421211263,
0.2,
0.1
]
],
[
[
35.03264927392038,
0.1734274286884601,
0.9387438333159939
],
[
36.228242722015956,
-0.5191920065797294,
1.185671395004625
]
],
[
[
36.0084795736942,
0.9220559859900346,
1.5095635308781963
],
[
36.81643705551031,
-0.10868473642243699,
1.5520692304166288
]
],
[
[
36.9966051774568,
0.23329036053130672,
1.7312196332362653
],
[
36.066911754436255,
-0.6079019110787063,
0.9965795859947764
]
],
[
[
36.22286257088912,
0.8670664265645385,
1.617937359762758
],
[
35.00011269652199,
-0.0049461927362058206,
0.9156808568266442
]
],
[
[
35.124557698085724,
-0.011219711558542275,
0.9779526171820055
],
[
35.04187681352476,
0.7568152026414655,
1.3706819759922968
]
],
[
[
35.065502743219135,
-0.6205026144495877,
0.9980995288870932
],
[
35.21271210249107,
0.18060956808483963,
1.0103296573967984
]
],
[
[
36.31979954964165,
-0.3856670464250376,
1.1334557459127232
],
[
34.942310015890094,
-0.5414693779435981,
1.0245411202926564
]
],
[
[
37.144090600838275,
-0.5089584905504632,
1.5401368184693862
],
[
36.00848855016956,
-0.4301040175508665,
1.084159257580843
]
],
[
[
36.83944205033117,
0.20538769715643113,
1.7302650623620797
],
[
36.92608148828703,
-0.6451391100039331,
1.4350951210404104
]
],
[
[
35.0490183836843,
0.6823403061623374,
1.3093005502258184
],
[
36.26081191587427,
0.6632120789402757,
1.5658831883237294
]
],
[
[
36.15746170174853,
0.7054788692534214,
1.7096651371398675
],
[
36.33130857106944,
0.29155830656612136,
1.0559974025465932
]
],
[
[
36.97004339503598,
-0.026146148471051105,
1.8003765932687192
],
[
36.15711104592115,
0.443583258894621,
1.1115713144428752
]
],
[
[
36.804260535567266,
0.19561151726263618,
1.8003243092785877
],
[
36.282527413997464,
-0.3714761500097489,
0.9426811773517791
]
],
[
[
36.954483633010284,
-0.527485299752788,
1.5846622466972176
],
[
36.23863191777818,
-0.18922350354713427,
0.8688073135438671
]
],
[
[
36.04559769824093,
-0.5969107464921035,
1.1748208964215405
],
[
36.39791681715755,
-0.1527178544772092,
0.9670240776025607
]
],
[
[
35.12498154094073,
0.7011192794639904,
1.4647313796857524
],
[
35.79673328447838,
0.3366813185830636,
0.7753113252699154
]
],
[
[
36.11823949704937,
0.873073538940244,
1.6401080807554722
],
[
35.603499402352746,
0.1650234510845973,
0.6029936640399288
]
],
[
[
35.230742319057235,
-0.03953761304399343,
1.0766161259002136
],
[
35.84978013427014,
0.47280644874494043,
0.7131442613080017
]
],
[
[
35.11478904931671,
0.14031374458353732,
1.0867522311738533
],
[
35.88284534415465,
-0.19892916331088342,
0.7341359443680282
]
],
[
[
36.1816578506933,
-0.5689970781336566,
1.1518808347172331
],
[
35.80847433966529,
-0.16497878369448216,
0.7010610449339206
]
],
[
[
35.078915028434665,
-0.5855202041542993,
1.137888377757635
],
[
35.80586400008992,
-0.07542620970250764,
0.8096396090305034
]
],
[
[
35.956551082472394,
-0.16301726169449504,
0.05686285815552884
],
[
36.40757922566706,
-0.1523953299854083,
0.21507803573395906
]
],
[
[
36.344431844745934,
-0.20133423632564093,
0.16158733081689328
],
[
36.320046667178666,
0.21849953920201146,
0.08881619583861847
]
],
[
[
35.90026165096557,
0.2695629204690158,
0.1908638436388815
],
[
36.40215261995167,
0.16805558257432932,
0.12070326897819432
]
],
[
[
35.971060570649755,
0.28270577573603467,
0.2391066374207006
],
[
35.99453520363875,
-0.24811793354386794,
0.08329267200718425
]
],
[
[
37.33314231814149,
0.6021212839525873,
2.011705303930215
],
[
37.43769953606394,
-0.2940763391112528,
1.6426288334439105
]
],
[
[
36.75811471610582,
0.7605387011333056,
1.9025068737906077
],
[
37.41727596883644,
0.5006849821602836,
1.9470451455091768
]
],
[
[
37.490461358186536,
-0.14315928924978744,
1.6646861453604935
],
[
36.852689399491226,
-0.6196175283640419,
1.480124074297126
]
],
[
[
36.65709763306894,
0.14493607257271154,
1.7366350444674419
],
[
37.50782107046301,
-0.1732461128420119,
1.7467065273447542
]
],
[
[
37.44437743742738,
0.49667632811323065,
1.94830142547978
],
[
36.64409071463052,
-0.06993251774503438,
1.5402481895899751
]
],
[
[
34.52583011624481,
0.5717867381762062,
1.2425816481244634
],
[
34.503820121520086,
-0.3893001395351083,
1.1034265784621748
]
],
[
[
35.268058635459866,
0.7261592024838921,
1.3885613136350017
],
[
34.435041612531414,
0.38814853560016216,
1.2424011863119917
]
],
[
[
35.17227139216832,
0.15626306469771187,
1.013437830808358
],
[
34.44655117153798,
0.5137681212159515,
1.2969417026279646
]
],
[
[
35.36395066445546,
0.11166530617791809,
1.0433320996809605
],
[
34.62269849281444,
-0.4570235098299072,
1.0422375765132632
]
],
[
[
34.427776880835545,
-0.25563995259386146,
1.0829584681857627
],
[
35.22559673265513,
-0.579958240480736,
1.0707854929402694
]
]
],
"contact_t_pairs": [
[
0.810712194582261,
0.10000011409958051
],
[
0.8999999481975446,
0.12956198966273913
],
[
0.8371027303867422,
0.685893514445233
],
[
0.756254009018196,
0.3999999393881731
],
[
0.8376225095383814,
0.2697408471983883
],
[
0.8999999551366639,
0.8999999823207433
],
[
0.1000000435075955,
0.6632962677745273
],
[
0.1573789952871922,
0.7287386140771547
],
[
0.10000001771134714,
0.2866536600364657
],
[
0.19975391733088474,
0.7705021659554256
],
[
0.10000011547928694,
0.10000004367317109
],
[
0.17980153214212605,
0.2644190286575064
],
[
0.2061921141655993,
0.10000018591697916
],
[
0.10000012926128761,
0.10000002568793802
],
[
0.10000000816372374,
0.39999997553942707
],
[
0.8800009950979762,
0.2063099226860096
],
[
0.8999999923283406,
0.8999999606863014
],
[
0.12964417394963912,
0.10000003134925416
],
[
0.10000004161815503,
0.10000003271522832
],
[
0.21025153321935244,
0.750794677192009
],
[
0.12461464094846107,
0.11918435466118894
],
[
0.8999999444199184,
0.10000009771332832
],
[
0.8743406365370844,
0.869732966950496
],
[
0.7876441006003115,
0.7816970253956237
],
[
0.899999979349147,
0.7071921985418541
],
[
0.8109339702816234,
0.8999999774759052
],
[
0.10000003595072628,
0.8999981561738979
],
[
0.10000002680755816,
0.8999999503154948
],
[
0.10000012233435734,
0.8999999936618961
],
[
0.10000003745299865,
0.6777015416039935
],
[
0.2642757311895144,
0.8661354314487337
],
[
0.899999677491192,
0.7489286588345704
],
[
0.7949711635292311,
0.7329820665751008
],
[
0.899999888421538,
0.7788002338541677
],
[
0.8598513860899929,
0.1454282057380836
],
[
0.8197028825121617,
0.8999998684448963
],
[
0.7521231467345915,
0.10000003897624386
],
[
0.8999999732011276,
0.8120241410463783
],
[
0.7856699958183844,
0.8999997033982065
],
[
0.8374821920820551,
0.12843500358026855
],
[
0.8999998739249588,
0.857411570483896
],
[
0.1670446509732213,
0.8999999432321021
],
[
0.10000002555810436,
0.7664078074751175
],
[
0.15258054143566568,
0.8999999433257981
],
[
0.10000004806003833,
0.866168384828922
],
[
0.8999999427793919,
0.8999997517122907
],
[
0.8281963489718127,
0.10000096879936667
],
[
0.8999999599141225,
0.8999994765935848
],
[
0.8999972467541403,
0.8535629104698619
],
[
0.8999999145478985,
0.8999995654895097
],
[
0.10164817896249112,
0.8566558189843871
],
[
0.899999965856308,
0.10000018155688689
],
[
0.8754901572707109,
0.10000013268391435
],
[
0.8429014287929646,
0.20026520474458476
],
[
0.8999999295397092,
0.8999999521701082
],
[
0.7934770203270619,
0.7912170437153877
],
[
0.8999999359513616,
0.12514057881416155
],
[
0.10000001101282319,
0.39999944112281793
],
[
0.8804283135571631,
0.30767077139119703
],
[
0.10000005339917498,
0.88552395885532
],
[
0.14041719970226646,
0.8705381355565931
],
[
0.23268087852099892,
0.1354507768840102
],
[
0.21558218545330823,
0.25046316496195187
],
[
0.8999999764970915,
0.1000000653936879
],
[
0.8448008028756319,
0.100000382272575
],
[
0.24397862171365423,
0.10000020815296487
],
[
0.8999998343332531,
0.12635448018127823
],
[
0.7326004107300702,
0.25655697612761813
],
[
0.10000020095602903,
0.12568850612250507
],
[
0.2155923722183817,
0.10000001709139772
],
[
0.8680938211782872,
0.2572470364278836
],
[
0.1486066117518281,
0.14979757251896275
],
[
0.10000007723983752,
0.12635094561889854
],
[
0.10000027465122324,
0.10000007547034744
],
[
0.11813638051025581,
0.8999999861457592
],
[
0.7938237509646237,
0.1961667530693742
],
[
0.8827405078220665,
0.8447858258112851
],
[
0.10000011761027303,
0.899999879755259
],
[
0.19270909451063892,
0.8363255850000593
],
[
0.10000001769948974,
0.7416044743604083
],
[
0.8097899857963785,
0.10000036211953317
],
[
0.8999998582737088,
0.8999997781180739
],
[
0.8999998919964753,
0.10000037632070252
],
[
0.8095017669300623,
0.8875077777483101
],
[
0.10000007199099813,
0.8999999579213505
],
[
0.19964099397659676,
0.10473256628749276
],
[
0.8999997938728116,
0.10000017414846304
],
[
0.8591725509071759,
0.37558710050247773
],
[
0.15066979992033055,
0.8999998768183302
],
[
0.10000011263834475,
0.8790088566758814
]
],
"half_couplers": [
{
"pose": [
[
0.1793953836682537,
0.9803168847618213,
0.0824384726289728,
36.883397412222706
],
[
0.2663715686288948,
0.03226471501359374,
-0.9633302526087685,
0.12149644914792421
],
[
-0.947028766059776,
0.1947762655355355,
-0.2553404054185875,
1.7077599801817285
],
[
0.0,
0.0,
0.0,
1.0
]
],
"at_element": 0,
"to_element": 19
},
{
"pose": [
[
-0.17263428325417363,
-0.9803168847617921,
0.09579253465825577,
36.84810600401228
],
[
-0.33858787963462544,
-0.032264715013665235,
-0.940381431085076,
0.1203349193956428
],
[
0.9249625138403428,
-0.19477626553567134,
-0.32635341943073226,
1.700748034551146
],
[
0.0,
0.0,
0.0,
1.0
]
],
"at_element": 19,
"to_element": 0
},
{
"pose": [
[
-0.7052008912924266,
0.7041985523635106,
0.08243847262961151,
36.89009140683538
],
[
0.1246536391579563,
0.2376053338059736,
-0.9633302526089533,
0.043274142068587026
],
[
-0.6979635901428134,
-0.6690650971288876,
-0.2553404054176833,
1.6870263682679982
],
[
0.0,
0.0,
0.0,
1.0
]
],
"at_element": 0,
"to_element": 22
},
{
"pose": [
[
-0.1293443139402195,
-0.7041985523634922,
-0.6981220862431555,
36.86471826242346
],
[
-0.8836404910352311,
-0.23760533380591187,
0.4033896230073314,
0.034712928150344685
],
[
-0.44994391989930216,
0.669065097128929,
-0.5915254557071126,
1.711133610853845
],
[
0.0,
0.0,
0.0,
1.0
]
],
"at_element": 22,
"to_element": 0
},
{
"pose": [
[
0.9564434084772709,
-0.2800355416922399,
0.08243847262967675,
36.88537593780262
],
[
0.004482481928733101,
-0.2682810685910837,
-0.9633302526088263,
0.09837649694730105
],
[
0.2918833906479414,
0.9217403992582511,
-0.25534040541814207,
1.7016318035235596
],
[
0.0,
0.0,
0.0,
1.0
]
],
"at_element": 0,
"to_element": 40
},
{
"pose": [
[
-0.5948137606134176,
0.2800355416921408,
-0.7535095789531233,
36.89546596456438
],
[
0.8021305271898846,
0.2682810685914607,
-0.5334902863084778,
0.10804299551174792
],
[
0.05275611372155564,
-0.9217403992581714,
-0.38420232799969467,
1.668420357434572
],
[
0.0,
0.0,
0.0,
1.0
]
],
"at_element": 40,
"to_element": 0
},
{
"pose": [
[
0.3509753693873159,
-0.7047178972121703,
0.616594660560967,
36.61950065843388
],
[
0.3115308497989161,
-0.5330945038025088,
-0.7866122168127839,
0.14255418240729148
],
[
0.8830429319727339,
0.46816977194647447,
0.03243832499657917,
1.5417086365602588
],
[
0.0,
0.0,
0.0,
1.0
]
],
"at_element": 12,
"to_element": 22
},
{
"pose": [
[
-0.1264841414884439,
0.7047178972121999,
-0.6981220862433354,
36.64487050466336
],
[
0.7436982332003401,
0.5330945038029644,
0.4033896230070425,
0.1617455860040602
],
[
0.6564409340425262,
-0.46816977194591114,
-0.5915254557070979,
1.524854523488128
],
[
0.0,
0.0,
0.0,
1.0
]
],
"at_element": 22,
"to_element": 12
},
{
"pose": [
[
-0.5059275700364685,
0.6031984071955371,
0.6165946605621571,
36.685242947213325
],
[
-0.4274725314468152,
0.44554287697222905,
-0.7866122168119185,
0.05868435539949601
],
[
-0.7492025952540782,
-0.6615460878397486,
0.03243832499494603,
1.5451672615952625
],
[
0.0,
0.0,
0.0,
1.0
]
],
"at_element": 12,
"to_element": 23
},
{
"pose": [
[
0.6567991934280147,
-0.6031984071952412,
-0.452511327006776,
36.66352780134356
],
[
-0.7480486024985342,
-0.4455428769756833,
-0.4918483842366687,
0.042644809456825306
],
[
0.0950689634544285,
0.6615460878376922,
-0.743853927766968,
1.5689829242787712
],
[
0.0,
0.0,
0.0,
1.0
]
],
"at_element": 23,
"to_element": 12
},
{
"pose": [
[
-0.7192898018095144,
0.3200518795146664,
0.6165946605606957,
36.735641271081036
],
[
-0.5796162289997341,
0.21280565650538852,
-0.786612216812985,
-0.005610617938722334
],
[
-0.38297154997853033,
-0.923190417507916,
0.0324383249968635,
1.547818658555838
],
[
0.0,
0.0,
0.0,
1.0
]
],
"at_element": 12,
"to_element": 40
},
{
"pose": [
[
0.574273548794461,
-0.32005187951471287,
-0.753509578953125,
36.72411940105869
],
[
-0.8185974999801282,
-0.21280565650544858,
-0.5334902863085409,
-0.013271623141984636
],
[
0.010393468203626799,
0.923190417507886,
-0.3842023279996043,
1.5810535203930334
],
[
0.0,
0.0,
0.0,
1.0
]
],
"at_element": 40,
"to_element": 12
},
{
"pose": [
[
-0.7175203449393812,
-0.27540118153957976,
-0.6397802308642203,
36.90363579470602
],
[
0.21417140476395186,
0.7867858481515846,
-0.5788770495794658,
0.14917109677205234
],
[
0.6627934549914528,
-0.5523786910761451,
-0.5055517952351647,
1.6577555965496944
],
[
0.0,
0.0,
0.0,
1.0
]
],
"at_element": 13,
"to_element": 40
},
{
"pose": [
[
0.5969736205499252,
0.27540118153951904,
-0.7535095789531483,
36.913550241046714
],
[
-0.3104128598539912,
-0.7867858481517243,
-0.5334902863084187,
0.120846795367411
],
[
-0.7397745283562962,
0.5523786910759764,
-0.3842023279997282,
1.6776412370607536
],
[
0.0,
0.0,
0.0,
1.0
]
],
"at_element": 40,
"to_element": 13
},
{
"pose": [
[
0.9696364080518263,
-0.22500894756419676,
0.09579253465904726,
36.85307727802891
],
[
0.014042741994826316,
-0.33983167225423805,
-0.9403814310853628,
0.07153264278070952
],
[
0.2441475733600868,
0.9131732628854946,
-0.32635341942967333,
1.683811513557896
],
[
0.0,
0.0,
0.0,
1.0
]
],
"at_element": 19,
"to_element": 40
},
{
"pose": [
[
-0.6177331850741914,
0.22500894756429357,
-0.7535095789531172,
36.86117760019205
],
[
0.7745337623029872,
0.3398316722542998,
-0.5334902863085944,
0.08376658305862242
],
[
0.1360263324172007,
-0.9131732628854479,
-0.38420232799954523,
1.6509372758877454
],
[
0.0,
0.0,
0.0,
1.0
]
],
"at_element": 40,
"to_element": 19
},
{
"pose": [
[
0.6305415427487828,
-0.33917976880681067,
-0.698122086242903,
36.88875014572637
],
[
-0.044990697890001596,
-0.9139215771348461,
0.4033896230082346,
0.020826800585056704
],
[
-0.7748504371627827,
-0.22294491534797006,
-0.5915254557067942,
1.7314960531864654
],
[
0.0,
0.0,
0.0,
1.0
]
],
"at_element": 22,
"to_element": 39
},
{
"pose": [
[
0.08822921408763662,
0.3391797688065531,
0.9365749784260795,
36.90096062007675
],
[
0.20504385289217675,
0.9139215771348864,
-0.35029183438729095,
0.0537279845651797
],
[
-0.9747679847905395,
0.22294491534819783,
0.011087855869171048,
1.7395220718962179
],
[
0.0,
0.0,
0.0,
1.0
]
],
"at_element": 39,
"to_element": 22
},
{
"pose": [
[
-0.4482827032942711,
-0.5582724877930754,
-0.6981220862431665,
36.807656973775295
],
[
-0.8904659762175606,
0.21058764742717206,
0.40338962300733006,
0.06768414073575685
],
[
-0.07818544062731514,
0.8024865557281441,
-0.5915254557071006,
1.6627850405450646
],
[
0.0,
0.0,
0.0,
1.0
]
],
"at_element": 22,
"to_element": 40
},
{
"pose": [
[
-0.3472105179846636,
0.5582724877930967,
-0.7535095789531331,
36.82775478412703
],
[
0.8191708961905126,
-0.2105876474271362,
-0.5334902863085103,
0.060102985129933534
],
[
-0.45651275889645604,
-0.8024865557281384,
-0.3842023279996303,
1.633895523401565
],
[
0.0,
0.0,
0.0,
1.0
]
],
"at_element": 40,
"to_element": 22
},
{
"pose": [
[
-0.848142852315626,
0.2754763165805008,
-0.4525113270064674,
36.75208716316092
],
[
0.4950529890679635,
0.7162455618986983,
-0.49184838423572436,
0.13890268504851824
],
[
0.18861664847194465,
-0.6411747765341815,
-0.7438539277677798,
1.7145598970458895
],
[
0.0,
0.0,
0.0,
1.0
]
],
"at_element": 23,
"to_element": 39
},
{
"pose": [
[
0.21665666107709325,
-0.2754763165804323,
0.9365749784262887,
36.74217001396214
],
[
0.603562694193468,
-0.7162455618989252,
-0.35029183438672223,
0.1131178401352142
],
[
0.767314775948468,
0.6411747765339573,
0.01108785586947092,
1.7376421931950268
],
[
0.0,
0.0,
0.0,
1.0
]
],
"at_element": 39,
"to_element": 23
},
{
"pose": [
[
0.9294377163021559,
-0.35965181738104857,
0.08243847262984655,
36.836097391733354
],
[
-0.018145220213060392,
-0.26770426853644524,
-0.9633302526085153,
0.674218245573237
],
[
0.36853260710343205,
0.8938596057893405,
-0.2553404054192594,
1.8542644704126152
],
[
0.0,
0.0,
0.0,
1.0
]
],
"at_element": 0,
"to_element": 1
},
{
"pose": [
[
-0.07814932467753222,
0.3596518173809666,
-0.9298081809206744,
36.849044857473196
],
[
0.963236280110819,
0.26770426853818297,
0.022589672080582712,
0.6838555994744299
],
[
0.2570380355720094,
-0.8938596057888534,
-0.3673505865086897,
1.8220855238234641
],
[
0.0,
0.0,
0.0,
1.0
]
],
"at_element": 1,
"to_element": 0
},
{
"pose": [
[
-0.6694567419270894,
0.7382625338719024,
0.08243847262901022,
36.83807592077835
],
[
0.13626912864283647,
0.23113967419416193,
-0.9633302526093211,
0.6510982528815493
],
[
-0.7302454349513512,
-0.6336741134798348,
-0.25534040541648895,
1.8481362830218808
],
[
0.0,
0.0,
0.0,
1.0
]
],
"at_element": 0,
"to_element": 2
},
{
"pose": [
[
0.3986549001256168,
-0.7382625338718003,
-0.5440980625650339,
36.811498459580015
],
[
-0.9073333524888405,
-0.23113967419306625,
-0.35117038382427,
0.6427772214863323
],
[
0.13349328847247777,
0.633674113480354,
-0.7619951836053112,
1.8709485596724345
],
[
0.0,
0.0,
0.0,
1.0
]
],
"at_element": 2,
"to_element": 0
},
{
"pose": [
[
-0.9821636010556518,
0.16899277792819917,
0.08243847262962212,
36.83011459858045
],
[
-0.0350867573192194,
0.2660145557467658,
-0.9633302526089758,
0.7441298469827984
],
[
-0.18472568912367548,
-0.949040408591205,
-0.2553404054175954,
1.872795245916629
],
[
0.0,
0.0,
0.0,
1.0
]
],
"at_element": 0,
"to_element": 37
},
{
"pose": [
[
0.3306857288016528,
-0.1689927779281305,
0.928487151109294,
36.82403085831138
],
[
0.8917737748079143,
-0.2660145557466902,
-0.366027035471062,
0.7345533225608971
],
[
0.3088470225399022,
0.9490404085912383,
0.06273611024930248,
1.906960702106561
],
[
0.0,
0.0,
0.0,
1.0
]
],
"at_element": 37,
"to_element": 0
},
{
"pose": [
[
-0.21631919750958506,
0.2977629115286724,
-0.9298081809205472,
37.03250796651783
],
[
0.7739725110357991,
0.6328161335460809,
0.022589672081031464,
0.6793983667275952
],
[
0.5951239845189815,
-0.7147593928321311,
-0.36735058650898367,
1.8945685177282687
],
[
0.0,
0.0,
0.0,
1.0
]
],
"at_element": 1,
"to_element": 37
},
{
"pose": [
[
0.22192083891184688,
-0.2977629115284469,
0.9284871511091387,
37.02177920107461
],
[
0.682325399224852,
-0.6328161335464193,
-0.3660270354714349,
0.6565972199002676
],
[
0.6965509247925156,
0.7147593928319257,
0.06273611024942904,
1.9203221813886038
],
[
0.0,
0.0,
0.0,
1.0
]
],
"at_element": 37,
"to_element": 1
},
{
"pose": [
[
0.07009799307121323,
-0.36130737338248914,
-0.9298081809205783,
36.1621621531741
],
[
-0.9689744965857858,
-0.2461262515084477,
0.022589672080909062,
0.700543401718593
],
[
-0.2370120172769956,
0.899376923351854,
-0.36735058650891284,
1.5507104494104667
],
[
0.0,
0.0,
0.0,
1.0
]
],
"at_element": 1,
"to_element": 12
},
{
"pose": [
[
-0.6994769520916095,
0.36130737338248614,
0.6165946605607945,
36.17516921930127
],
[
-0.566271214771871,
0.2461262515081647,
-0.7866122168129155,
0.7094039472397959
],
[
-0.4359689264310268,
-0.8993769233519329,
0.03243832499667032,
1.5183328784636851
],
[
0.0,
0.0,
0.0,
1.0
]
],
"at_element": 12,
"to_element": 1
},
{
"pose": [
[
-0.3679963798843864,
0.005950721400439618,
-0.9298081809205598,
36.139846741011695
],
[
-0.04092389550683671,
0.9989068732829006,
0.022589672080943035,
0.7010855542328904
],
[
0.928926207601299,
0.04636429038595735,
-0.367350586508957,
1.5418940290839296
],
[
0.0,
0.0,
0.0,
1.0
]
],
"at_element": 1,
"to_element": 20
},
{
"pose": [
[
-0.2076101578202345,
-0.005950721400461323,
0.9781935449003288,
36.13963251501519
],
[
-0.044120732205213405,
-0.9989068732828956,
-0.015440838638656217,
0.6651249024144832
],
[
0.9772161395308273,
-0.04636429038606399,
0.2071206634246413,
1.540224914426726
],
[
0.0,
0.0,
0.0,
1.0
]
],
"at_element": 20,
"to_element": 1
},
{
"pose": [
[
-0.7048155388040207,
0.3507792480012394,
0.6165946605607955,
36.11322655401068
],
[
-0.5698978223213056,
0.23760827526436357,
-0.7866122168129147,
0.7884264564766154
],
[
-0.42243523571528846,
-0.9058124677313618,
0.0324383249966651,
1.5150741471830078
],
[
0.0,
0.0,
0.0,
1.0
]
],
"at_element": 12,
"to_element": 14
},
{
"pose": [
[
0.577074780387829,
-0.35077924800116206,
-0.7375219434105524,
36.10058754512011
],
[
-0.8166388390325003,
-0.23760827526457629,
-0.5259689288441315,
0.7798651372975188
],
[
0.00925766838836134,
0.9058124677313358,
-0.4235777011109987,
1.547711687453929
],
[
0.0,
0.0,
0.0,
1.0
]
],
"at_element": 14,
"to_element": 12
},
{
"pose": [
[
-0.47837536439624406,
0.6252743680232387,
0.6165946605606475,
36.08927535550151
],
[
-0.40706746008572714,
0.4642599522895082,
-0.7866122168130231,
0.8189818708512602
],
[
-0.7781086644409735,
-0.6272915282333112,
0.03243832499685162,
1.5138141026010483
],
[
0.0,
0.0,
0.0,
1.0
]
],
"at_element": 12,
"to_element": 27
},
{
"pose": [
[
0.6820423950016133,
-0.6252743680233105,
-0.3792758048089977,
36.066765470739874
],
[
-0.7157366244257232,
-0.464259952289523,
-0.5217123548046387,
0.802268506990659
],
[
0.15013079589522793,
0.6272915282332288,
-0.7641767352718127,
1.536396605154483
],
[
0.0,
0.0,
0.0,
1.0
]
],
"at_element": 27,
"to_element": 12
},
{
"pose": [
[
-0.647182063232137,
0.19291645865120016,
-0.73752194341055,
35.96577753505966
],
[
0.7296514541185226,
0.43699592834850487,
-0.5259689288442372,
0.6837244363699335
],
[
0.22082602322489148,
-0.8785316150192367,
-0.42357770111087256,
1.4702868533071796
],
[
0.0,
0.0,
0.0,
1.0
]
],
"at_element": 14,
"to_element": 20
},
{
"pose": [
[
-0.07694562168690688,
-0.19291645865121315,
0.9781935449003385,
35.95882651750823
],
[
0.8993309397040636,
-0.43699592834847034,
-0.01544083863866208,
0.6679789349798941
],
[
0.4304453881669798,
0.8785316150192513,
0.20712066342459534,
1.5019414291696136
],
[
0.0,
0.0,
0.0,
1.0
]
],
"at_element": 20,
"to_element": 14
},
{
"pose": [
[
0.5597819331115519,
0.3777639082150714,
-0.7375219434104786,
36.07049003432508
],
[
-0.12527846928331604,
-0.8412264802206073,
-0.5259689288443542,
0.7584008871078491
],
[
-0.819115066700597,
0.3868235238784261,
-0.423577701110851,
1.530425917795652
],
[
0.0,
0.0,
0.0,
1.0
]
],
"at_element": 14,
"to_element": 27
},
{
"pose": [
[
-0.8446563168156207,
-0.3777639082151546,
-0.3792758048089583,
36.056890531044715
],
[
-0.14196558674530158,
0.8412264802205192,
-0.5217123548046938,
0.7886850461513706
],
[
0.5161409484273971,
-0.38682352387853647,
-0.7641767352717952,
1.5165002682894149
],
[
0.0,
0.0,
0.0,
1.0
]
],
"at_element": 27,
"to_element": 14
},
{
"pose": [
[
-0.528231154024926,
0.6518658958947521,
-0.5440980625648535,
36.28641555495822
],
[
0.848983873834166,
0.3948490135412588,
-0.3511703838239037,
0.3038795524039699
],
[
-0.014079413589630385,
-0.6474296180086505,
-0.7619951836056085,
1.1355836101461503
],
[
0.0,
0.0,
0.0,
1.0
]
],
"at_element": 2,
"to_element": 5
},
{
"pose": [
[
0.7354201948267516,
-0.6518658958948165,
0.1850080830943093,
36.262948372029086
],
[
-0.12087043833984779,
-0.39484901354127144,
-0.9107604479999214,
0.28966498144924574
],
[
0.666743934487983,
0.6474296180085777,
-0.3691712550412767,
1.1588910869987135
],
[
0.0,
0.0,
0.0,
1.0
]
],
"at_element": 5,
"to_element": 2
},
{
"pose": [
[
0.8255031033626947,
-0.15000641536841186,
-0.5440980625649016,
36.30325713993434
],
[
-0.3864353330946555,
-0.8528464661714634,
-0.3511703838236779,
0.3147494052249657
],
[
-0.41135429944827695,
0.5001509576989392,
-0.761995183605678,
1.1591698118238227
],
[
0.0,
0.0,
0.0,
1.0
]
],
"at_element": 2,
"to_element": 21
},
{
"pose": [
[
-0.9640729048790391,
0.1500064153685532,
0.21922935347797054,
36.30866205519806
],
[
0.01400353567112965,
0.8528464661715555,
-0.5219739515793842,
0.3454785101855772
],
[
-0.2652684207869441,
-0.5001509576987402,
-0.8243067902463466,
1.1411487589322498
],
[
0.0,
0.0,
0.0,
1.0
]
],
"at_element": 21,
"to_element": 2
},
{
"pose": [
[
-0.4460049970105431,
0.7106594409103579,
-0.5440980625646472,
36.360160743249814
],
[
0.8903064850705205,
0.2898857088002518,
-0.3511703838235092,
0.3514759837447761
],
[
-0.09183629610889438,
-0.6410377796030068,
-0.7619951836059373,
1.2388618280971182
],
[
0.0,
0.0,
0.0,
1.0
]
],
"at_element": 2,
"to_element": 22
},
{
"pose": [
[
-0.08711321224814528,
-0.7106594409092095,
-0.6981220862416684,
36.33457659588504
],
[
-0.8678957816937338,
-0.28988570880024445,
0.4033896230093216,
0.34103993200754396
],
[
-0.4890482597556527,
0.6410377796042833,
-0.5915254557075107,
1.2619395557337538
],
[
0.0,
0.0,
0.0,
1.0
]
],
"at_element": 22,
"to_element": 2
},
{
"pose": [
[
-0.5984341899281762,
-0.4563343865356969,
0.6585100211766687,
36.263962562229736
],
[
0.5977196265324008,
-0.8016106891026353,
-0.012310612266057064,
0.38387445738609655
],
[
0.5334864275527303,
0.38623727264660407,
0.7524712624649118,
1.2613130188067487
],
[
0.0,
0.0,
0.0,
1.0
]
],
"at_element": 3,
"to_element": 21
},
{
"pose": [
[
-0.8623789296119007,
0.45633438653582675,
0.21922935347805036,
36.28040485147321
],
[
0.2914849858729605,
0.8016106891025183,
-0.5219739515792199,
0.41275747650490835
],
[
-0.4139312560946241,
-0.38623727264669366,
-0.8243067902464294,
1.2473964147969765
],
[
0.0,
0.0,
0.0,
1.0
]
],
"at_element": 21,
"to_element": 3
},
{
"pose": [
[
-0.23855306092150697,
-0.7137625579522348,
0.6585100211769467,
36.21270884502494
],
[
0.9448895455380545,
-0.32715775332173447,
-0.012310612266012266,
0.3848326275268669
],
[
0.22422351316904465,
0.6192825004042647,
0.7524712624646692,
1.2027460296177437
],
[
0.0,
0.0,
0.0,
1.0
]
],
"at_element": 3,
"to_element": 22
},
{
"pose": [
[
0.05628999525147438,
0.7137625579520065,
-0.6981220862430852,
36.2384042991432
],
[
0.8545435135154685,
0.327157753321792,
0.40338962300742887,
0.3966103075778241
],
[
0.5163204624486881,
-0.6192825004044972,
-0.5915254557071292,
1.180451857840175
],
[
0.0,
0.0,
0.0,
1.0
]
],
"at_element": 22,
"to_element": 3
},
{
"pose": [
[
0.32810533716177304,
-0.941394518188324,
0.07825119073172448,
36.28003334742508
],
[
-0.9360735247994868,
-0.3351434579411674,
-0.10698232923572731,
0.32088595673538767
],
[
0.1269379529353761,
-0.03814739472376214,
-0.9911768421328082,
1.11999207449788
],
[
0.0,
0.0,
0.0,
1.0
]
],
"at_element": 8,
"to_element": 21
},
{
"pose": [
[
-0.25634908172077475,
0.9413945181882191,
0.2192293534773268,
36.31392356359396
],
[
0.7843609223251558,
0.3351434579413831,
-0.5219739515802714,
0.332951126032389
],
[
-0.5648567002613554,
0.03814739472445691,
-0.8243067902459558,
1.1213653812555517
],
[
0.0,
0.0,
0.0,
1.0
]
],
"at_element": 21,
"to_element": 8
},
{
"pose": [
[
-0.6129302430860131,
0.4366704353632595,
0.6585100211767335,
35.80359646116945
],
[
-0.5889329948809783,
-0.8080880993840722,
-0.01231061226581448,
0.39248083904806114
],
[
0.5267584310203702,
-0.3953638254993735,
0.7524712624648591,
0.7352583649355213
],
[
0.0,
0.0,
0.0,
1.0
]
],
"at_element": 3,
"to_element": 28
},
{
"pose": [
[
-0.5627143235928747,
-0.4366704353632183,
0.7019056353265093,
35.78787632199226
],
[
0.09754388988430868,
0.8080880993841334,
0.5809292669335715,
0.42157201711048586
],
[
-0.8208762267051294,
0.39536382549929405,
-0.4121282153855914,
0.7494914658261426
],
[
0.0,
0.0,
0.0,
1.0
]
],
"at_element": 28,
"to_element": 3
},
{
"pose": [
[
-0.43655532126247953,
0.839098060414166,
0.32455183944417615,
35.68520713943592
],
[
-0.38137568795427335,
0.1541309752580331,
-0.9114802395572889,
0.24138199098334873
],
[
-0.8148447926536797,
-0.5216877298491814,
0.2527249026312788,
0.687908068452078
],
[
0.0,
0.0,
0.0,
1.0
]
],
"at_element": 4,
"to_element": 27
},
{
"pose": [
[
0.38995423948931507,
-0.8390980604141486,
-0.3792758048090117,
35.65497341508489
],
[
-0.8390827499777215,
-0.15413097525812058,
-0.5217123548046422,
0.23582846435785698
],
[
0.3793096753236518,
0.521687729849183,
-0.764176735271803,
0.706705112284822
],
[
0.0,
0.0,
0.0,
1.0
]
],
"at_element": 27,
"to_element": 4
},
{
"pose": [
[
-0.8591030242403981,
-0.44976400704926844,
0.24424236263184823,
35.75320783587226
],
[
-0.5042002602102703,
0.8256997744392897,
-0.25298612628917394,
0.422952096990946
],
[
-0.08788680984594514,
-0.3404882089792418,
-0.9361323027228634,
0.9249964652792213
],
[
0.0,
0.0,
0.0,
1.0
]
],
"at_element": 10,
"to_element": 27
},
{
"pose": [
[
0.8086174632355547,
0.4497640070492331,
-0.37927580480899875,
35.769399341348084
],
[
0.21456025106098747,
-0.8256997744391883,
-0.5217123548045609,
0.3932269028676291
],
[
-0.5478153857050223,
0.3404882089795349,
-0.7641767352718654,
0.937254041727622
],
[
0.0,
0.0,
0.0,
1.0
]
],
"at_element": 27,
"to_element": 10
},
{
"pose": [
[
0.6597853571298559,
0.7106538896066796,
0.24424236263172225,
35.79249644615296
],
[
0.7508240601551555,
-0.6101321583046841,
-0.252986126288766,
0.3822569726272204
],
[
-0.030765454801710196,
0.3502995840553698,
-0.9361323027230066,
0.7744110516083405
],
[
0.0,
0.0,
0.0,
1.0
]
],
"at_element": 10,
"to_element": 28
},
{
"pose": [
[
-0.04795339697823753,
-0.7106538896074204,
0.7019056353272086,
35.76691290421975
],
[
-0.538757771382055,
0.61013215830353,
0.5809292669330042,
0.4042217319637615
],
[
-0.8410948433403269,
-0.3502995840558775,
-0.41212821538520084,
0.7618002656421624
],
[
0.0,
0.0,
0.0,
1.0
]
],
"at_element": 28,
"to_element": 10
},
{
"pose": [
[
-0.7524919514604094,
-0.08827760867533205,
0.6526583538068519,
35.72955789347876
],
[
-0.4059425132833149,
0.8425190963550041,
-0.3540794376780061,
0.3731252322056086
],
[
-0.5186198404385728,
-0.5313836994900316,
-0.6698244732911429,
0.8442535530555391
],
[
0.0,
0.0,
0.0,
1.0
]
],
"at_element": 26,
"to_element": 27
},
{
"pose": [
[
0.9210629336222425,
0.08827760867673215,
-0.37927580480898904,
35.73273588827985
],
[
-0.1340812854891027,
-0.842519096356793,
-0.5217123548045626,
0.34279453625481476
],
[
-0.3656026274369186,
0.5313836994869618,
-0.7641767352718685,
0.8633833715867025
],
[
0.0,
0.0,
0.0,
1.0
]
],
"at_element": 27,
"to_element": 26
},
{
"pose": [
[
0.6260242990979049,
0.6813541229239202,
-0.3792758048090499,
35.709035965053246
],
[
0.4634722951816684,
-0.716246920023679,
-0.5217123548044746,
0.3101941367606662
],
[
-0.6271259909603599,
0.15082078348546396,
-0.7641767352718984,
0.8156320261861768
],
[
0.0,
0.0,
0.0,
1.0
]
],
"at_element": 27,
"to_element": 28
},
{
"pose": [
[
-0.2075693577361586,
-0.6813541229240816,
0.7019056353266829,
35.68448593614013
],
[
-0.3866672165791512,
0.7162469200235198,
0.5809292669333792,
0.33600139616354047
],
[
-0.8985563006022107,
-0.15082078348549044,
-0.4121282153855672,
0.8101977674495089
],
[
0.0,
0.0,
0.0,
1.0
]
],
"at_element": 28,
"to_element": 27
},
{
"pose": [
[
-0.9081021083343608,
0.2646066218977027,
0.3245518394441398,
35.84041574595828
],
[
-0.37501118867091565,
-0.1690277529525095,
-0.9114802395573105,
-0.19451009361138047
],
[
-0.1863254389779221,
-0.949427698342381,
0.2527249026312466,
0.8087672816923944
],
[
0.0,
0.0,
0.0,
1.0
]
],
"at_element": 4,
"to_element": 6
},
{
"pose": [
[
-0.22566945790502047,
-0.2646066218977668,
-0.937580199991823,
35.830889906089965
],
[
-0.9680365636399932,
0.1690277529524904,
0.18529660058378178,
-0.18842509355968615
],
[
0.10944636688775028,
0.9494276983423668,
-0.29429328635799346,
0.842946684143072
],
[
0.0,
0.0,
0.0,
1.0
]
],
"at_element": 6,
"to_element": 4
},
{
"pose": [
[
-0.18166108465996178,
-0.9282593138954363,
0.32455183944408683,
35.832626502304734
],
[
0.20214780882080602,
-0.3582457763679847,
-0.9114802395573076,
-0.17263456924685655
],
[
0.9623593474940185,
-0.09997304577171812,
0.2527249026313254,
0.8027018844132173
],
[
0.0,
0.0,
0.0,
1.0
]
],
"at_element": 4,
"to_element": 9
},
{
"pose": [
[
-0.3500091295600911,
0.9282593138954546,
0.12581039460604068,
35.86607283131776
],
[
0.9323147194436531,
0.358245776367938,
-0.04948967188450506,
-0.15972653167097078
],
[
-0.09101029135921951,
0.09997304577171595,
-0.9908191141605194,
0.8063040366688031
],
[
0.0,
0.0,
0.0,
1.0
]
],
"at_element": 9,
"to_element": 4
},
{
"pose": [
[
0.788980890080174,
0.5217041868738924,
0.32455183944409716,
35.82483725840938
],
[
0.11350684780100384,
0.39537320141711285,
-0.9114802395573164,
-0.15075904420327468
],
[
-0.603842157016696,
0.7559793469397388,
0.2527249026312802,
0.7966364869457586
],
[
0.0,
0.0,
0.0,
1.0
]
],
"at_element": 4,
"to_element": 29
},
{
"pose": [
[
-0.12852577787733344,
-0.5217041868740154,
0.8433895101429403,
35.80603961362913
],
[
-0.8395899175696558,
-0.39537320141705434,
-0.3725168478292066,
-0.16500482789230542
],
[
0.5277972098603829,
-0.7559793469396846,
-0.38720192698932054,
0.769397619437083
],
[
0.0,
0.0,
0.0,
1.0
]
],
"at_element": 29,
"to_element": 4
},
{
"pose": [
[
0.28387388408616154,
-0.20089546166394195,
-0.9375801999918023,
35.853391829891166
],
[
-0.08106815235031904,
-0.979332999794565,
0.18529660058372344,
-0.1928722117763393
],
[
-0.9554284759249863,
0.023407028777914354,
-0.2942932863580954,
0.8500097227022216
],
[
0.0,
0.0,
0.0,
1.0
]
],
"at_element": 6,
"to_element": 9
},
{
"pose": [
[
-0.9715002614986237,
0.2008954616639855,
0.12581039460601123,
35.86063034132302
],
[
0.19610621583766705,
0.9793329997945543,
-0.049489671884442796,
-0.1575856350867242
],
[
-0.13315252163566588,
-0.023407028777988753,
-0.9908191141605265,
0.8491663385660602
],
[
0.0,
0.0,
0.0,
1.0
]
],
"at_element": 9,
"to_element": 6
},
{
"pose": [
[
0.21635313997216432,
-0.27227685800939794,
-0.9375801999918276,
35.72865883088721
],
[
-0.3517524700710434,
-0.9175703622126661,
0.18529660058359715,
-0.16822087987295442
],
[
-0.910747779916649,
0.2897066498743989,
-0.29429328635809515,
0.810857782212761
],
[
0.0,
0.0,
0.0,
1.0
]
],
"at_element": 6,
"to_element": 29
},
{
"pose": [
[
-0.4632056204033814,
0.2722768580095989,
0.8433895101429346,
35.73846930240776
],
[
-0.13890942542671963,
0.917570362212635,
-0.37251684782918526,
-0.13515968630550532
],
[
-0.8752969351907597,
-0.2897066498743074,
-0.38720192698935296,
0.8004192937613899
],
[
0.0,
0.0,
0.0,
1.0
]
],
"at_element": 29,
"to_element": 6
},
{
"pose": [
[
-0.34124037806589147,
-0.41502908158160323,
0.843389510142839,
35.71822783527032
],
[
-0.9280059379609517,
0.0060147479232453005,
-0.372516847829241,
-0.12621922944328878
],
[
0.14953254992362536,
-0.9097882634156974,
-0.3872019269895073,
0.8097121945936265
],
[
0.0,
0.0,
0.0,
1.0
]
],
"at_element": 29,
"to_element": 31
},
{
"pose": [
[
-0.48807722856040314,
0.41502908158156615,
0.7678095339355702,
35.73316888731002
],
[
0.8424343001031894,
-0.006014747923525743,
0.5387655081917047,
-0.12643576044248045
],
[
0.22822153485253116,
0.9097882634157126,
