{"line_pt_pairs": [[[-0.3805567705772538, -0.6750861067685301, -0.291413773796037], [0.26282810986985483, 1.2185033918792503, -0.2720564438430735]], [[-0.04825984245485626, 1.1271521295671245, -0.1906692760098999], [0.7432686537577023, -0.6988731549386134, -0.3884426312153596]], [[-0.7485773366503062, -0.14112988118829167, -0.32927598600905833], [1.2441165478448817, -0.31003749563097416, -0.30395207480320996]], [[0.9263734482144691, -0.4234242584280803, -0.5768801373420567], [-0.05904042289342587, 0.29744486547338894, 1.0071991563909564]], [[0.2202313476735114, 0.8659994660494901, -0.7038001556774531], [0.19848048199447943, -0.09166562416074586, 1.0518776265009382]], [[-0.3566683005575605, -0.2412598607865412, -0.6879438111616705], [0.20750970593968954, 0.24915701192518225, 1.1671018669671571]]], "half_couplers": [{"pose": [[-0.01319350051035909, 0.9467522936055124, 0.3216924402235543, 0.0], [-0.005738745176214947, -0.32178683853836304, 0.9467947493238902, 0.0], [0.999896493817278, 0.010645426068852316, 0.00967866497648176, 0.0], [-0.21459717054273447, -0.18663919827611614, -0.2864205965636197, 1.0]], "at_element": 0, "to_element": 2}, {"pose": [[0.01319350051035909, 0.0843724019935017, 0.9963469422475939, 0.0], [0.005738745176214947, 0.9964108696966444, -0.08445380722134124, 0.0], [-0.999896493817278, 0.006832022557336426, 0.012661955602924185, 0.0], [-0.21412131986812488, -0.18643221865297743, -0.3224839158282176, 1.0]], "at_element": 2, "to_element": 0}, {"pose": [[0.9284237012212219, -0.18585856158300043, 0.3216924402235543, 0.0], [-0.31341103975741763, 0.07316572155652243, 0.9467947493238902, 0.0], [-0.19950676973191048, -0.9798486476366702, 0.00967866497648176, 0.0], [-0.2001210337744186, -0.14403350237225432, -0.2859850573329281, 1.0]], "at_element": 0, "to_element": 5}, {"pose": [[-0.9284237012212219, -0.24177515434155916, 0.28208900324862507, 0.0], [0.31341103975741763, -0.9174128530264265, 0.24520843635586176, 0.0], [0.19950676973191048, 0.3160671318644627, 0.9275228390644139, 0.0], [-0.2323158768243042, -0.133165383406938, -0.27906678377909727, 1.0]], "at_element": 5, "to_element": 0}, {"pose": [[-0.08463071248288916, -0.011419858953088724, 0.9963469422475939, 0.0], [-0.9566567534598361, -0.278703086645101, -0.08445380722134124, 0.0], [0.2786494187403316, -0.9603094169672527, 0.012661955602924185, 0.0], [-0.251987913158945, -0.183222515451904, -0.32296513888692524, 1.0]], "at_element": 2, "to_element": 5}, {"pose": [[0.08463071248288916, -0.9556481762399988, 0.28208900324862507, 0.0], [0.9566567534598361, 0.15710085550244238, 0.24520843635586176, 0.0], [-0.2786494187403316, 0.24911018535893908, 0.9275228390644139, 0.0], [-0.24882948644286218, -0.14751998903326513, -0.33336436326718016, 1.0]], "at_element": 5, "to_element": 2}, {"pose": [[-0.1256658516592725, -0.938467936388753, 0.3216924402235543, 0.0], [0.05282461868813734, 0.31747324661011245, 0.9467947493238902, 0.0], [-0.9906652579893991, 0.13597304900997975, 0.00967866497648176, 0.0], [0.10663953442807389, 0.7588142458430829, -0.27675564315843326, 1.0]], "at_element": 0, "to_element": 1}, {"pose": [[0.1256658516592725, -0.9097135558227223, 0.3957642481062793, 0.0], [-0.05282461868813734, -0.40449656951189067, -0.9130126422528689, 0.0], [0.9906652579893991, 0.09382841576777787, -0.09888667760272984, 0.0], [0.11246539108961295, 0.756365301658055, -0.23082849814324252, 1.0]], "at_element": 1, "to_element": 0}, {"pose": [[-0.9047326024868583, 0.15757403948058507, 0.3957642481062793, 0.0], [-0.3691521358644704, 0.17359324777517549, -0.9130126422528689, 0.0], [-0.21256909131869609, -0.9721295214160701, -0.09888667760272984, 0.0], [0.18061828985797607, 0.5991392296229034, -0.24785735752214424, 1.0]], "at_element": 1, "to_element": 4}, {"pose": [[0.9047326024868583, -0.4258411005972882, -0.010875432839515987, 0.0], [0.3691521358644704, 0.7965212453756989, -0.47883254510511786, 0.0], [0.21256909131869609, 0.4292007254272013, 0.8778388910891954, 0.0], [0.2144841545461583, 0.6129572972466146, -0.23990049152250942, 1.0]], "at_element": 4, "to_element": 1}, {"pose": [[0.022561151008630768, 0.9180749720943477, 0.3957642481062793, 0.0], [0.11731209572863283, 0.39069910069283537, -0.9130126422528689, 0.0], [-0.9928387918795891, 0.06702654945447019, -0.09888667760272984, 0.0], [0.5477393040728806, -0.24779459226413958, -0.3395871626967326, 1.0]], "at_element": 1, "to_element": 2}, {"pose": [[-0.022561151008630768, -0.08236361538346622, 0.9963469422475939, 0.0], [-0.11731209572863283, -0.9894975627264461, -0.08445380722134124, 0.0], [0.9928387918795891, -0.11878892296585482, 0.012661955602924185, 0.0], [0.5471308146940097, -0.25095857819006395, -0.31280963438894993, 1.0]], "at_element": 2, "to_element": 1}, {"pose": [[0.08314555117621933, 0.01948301807917132, 0.9963469422475939, 0.0], [0.9255211664908007, 0.3691586716079243, -0.08445380722134124, 0.0], [-0.3694555287136872, 0.9291621425688842, 0.012661955602924185, 0.0], [0.7559735070243705, -0.268660805927991, -0.31015558208432104, 1.0]], "at_element": 2, "to_element": 3}, {"pose": [[-0.08314555117621933, 0.8662139995270459, -0.4927069355539475, 0.0], [-0.9255211664908007, 0.11617872838385047, 0.36043456195073464, 0.0], [0.3694555287136872, 0.48597922804835025, 0.7920396468665065, 0.0], [0.7534354065549427, -0.29691325809054936, -0.29887758539543613, 1.0]], "at_element": 3, "to_element": 2}, {"pose": [[-0.8191814599293888, 0.2935670474780545, -0.4927069355539475, 0.0], [-0.4991734433622768, -0.7879802027927064, 0.36043456195073464, 0.0], [-0.28243160083426017, 0.5412075282567519, 0.7920396468665065, 0.0], [0.17964905752803623, 0.1228340936131696, 0.6234993987019049, 1.0]], "at_element": 3, "to_element": 4}, {"pose": [[0.8191814599293888, -0.5734313042278979, -0.010875432839515987, 0.0], [0.4991734433622768, 0.7221809102918728, -0.47883254510511786, 0.0], [0.28243160083426017, 0.386822016102359, 0.8778388910891954, 0.0], [0.20368493902414783, 0.13748051118675075, 0.6317863202455083, 1.0]], "at_element": 4, "to_element": 3}, {"pose": [[0.19205648766842492, -0.8487368150383879, -0.4927069355539475, 0.0], [0.9327826945834954, 0.0018360928446920222, 0.36043456195073464, 0.0], [-0.30500942646092366, -0.5288122989885532, 0.7920396468665065, 0.0], [0.09547503221853654, 0.18441071401521314, 0.758811407668275, 1.0]], "at_element": 3, "to_element": 5}, {"pose": [[-0.19205648766842492, 0.939968137646519, 0.28208900324862507, 0.0], [-0.9327826945834954, -0.26417658379475384, 0.24520843635586176, 0.0], [0.30500942646092366, -0.21603386952945158, 0.9275228390644139, 0.0], [0.08728934912619513, 0.1446543713653205, 0.771811283566747, 1.0]], "at_element": 5, "to_element": 3}]}