{
"line_pt_pairs": [
[
[
0.3860863539280359,
-0.1032347187369913,
0.450431615690049
],
[
0.3860863539280359,
-0.1032347187369913,
-0.149568384309951
]
],
[
[
-0.20321271815680939,
-0.3879097422073432,
0.4563769835226857
],
[
-0.19745502367281867,
-0.3682888045749285,
-0.1432744717083126
]
],
[
[
-0.15079134109633754,
0.4795716956946941,
0.4875792575632492
],
[
-0.1345452610824106,
0.4985774254313247,
-0.11189955534122631
]
],
[
[
-0.3738444038420097,
-0.4273246979280028,
0.38157461346117755
],
[
0.5264915517739426,
0.00393621540910738,
0.3231863299382674
]
],
[
[
0.4113828157563174,
-0.21247406592305768,
0.3681169047859067
],
[
-0.3000104465411767,
0.4893402890752704,
0.4052145795918778
]
],
[
[
-0.1795193418019673,
0.5501812907693494,
0.3750684444782771
],
[
-0.2417870019064503,
-0.44551359752999203,
0.3064067526867509
]
],
[
[
-0.3894714371538659,
-0.4734043889220537,
-0.3608350391609312
],
[
0.5038701629375437,
-0.02763174890639719,
-0.417646472513663
]
],
[
[
0.4328176462236189,
-0.15514550036200037,
-0.3698731150832784
],
[
-0.23568116098391884,
0.5874420679958706,
-0.4107760255230473
]
],
[
[
-0.17738714928515528,
0.5550659817173128,
-0.3701317472678284
],
[
-0.26491858067290175,
-0.4404426680843234,
-0.406198029157367
]
],
[
[
-0.1711626604970466,
0.532125104609795,
0.005716247995482102
],
[
-0.24079591338145684,
-0.4629835849721367,
-0.0643544735026328
]
],
[
[
0.47465733442745794,
-0.10176213918376793,
-0.005092840234524019
],
[
-0.26996816157985304,
0.5612735206043906,
0.07182649767960135
]
],
[
[
-0.3526506786497196,
-0.40435719350336274,
0.011374202186296749
],
[
0.5540273617151205,
0.013879379487273635,
-0.04351751060554049
]
],
[
[
-0.2022997475617493,
-0.4356534755211722,
0.0824241424134049
],
[
-0.20295846549028695,
-0.41565236968280994,
-0.5172420329341241
]
],
[
[
-0.24034016468016836,
0.4847530595544274,
0.1452076880220473
],
[
-0.2170447963695815,
0.4785958828383808,
-0.4543082959101256
]
],
[
[
0.3997577995852713,
-0.13721538965183108,
0.12807354146805616
],
[
0.3349465687840037,
-0.15015784816258745,
-0.46827534729566267
]
]
],
"contact_id_pairs": [
[
0,
3
],
[
3,
4
],
[
0,
11
],
[
0,
14
],
[
10,
11
],
[
1,
3
],
[
1,
5
],
[
1,
9
],
[
1,
11
],
[
9,
12
],
[
2,
5
],
[
4,
5
],
[
2,
9
],
[
2,
10
],
[
10,
13
],
[
6,
8
],
[
6,
12
],
[
6,
7
],
[
6,
14
],
[
7,
8
],
[
8,
13
]
],
"contact_t_pairs": [
[
0.19521867889784067,
0.8267789734029654
],
[
0.7480569449196071,
0.15398454541211967
],
[
0.8047813211021595,
0.7981419585810132
],
[
0.6388096728064571,
0.10216792654412166
],
[
0.07615428643899433,
0.8469442432019526
],
[
0.14313381592076868,
0.17322102659703473
],
[
0.24221264695567768,
0.9350988199748375
],
[
0.8568661840792314,
0.9051182861587546
],
[
0.7576567050609441,
0.15305575679804764
],
[
0.9651768833379517,
0.24090322137688863
],
[
0.19361303381921885,
0.06490118002516258
],
[
0.8460154545878812,
0.16718641217282565
],
[
0.8063869661807812,
0.03482311666204834
],
[
0.7094072089733858,
0.856711969791192
],
[
0.9238457135610056,
0.13326541653484808
],
[
0.14617345168163984,
0.96608182957853
],
[
0.19103658837588747,
0.7590967786231112
],
[
0.8538265483183601,
0.0877133661033868
],
[
0.8003944743918014,
0.897832073455876
],
[
0.9122866338966129,
0.033918170421469926
],
[
0.07920724919730214,
0.8667345834651521
]
],
"half_couplers": [
{
"pose": [
[
0.9018745997975053,
0.4319979238840041,
-3.5024959595103576e-16,
0.3860863539280359
],
[
0.4319979238840041,
-0.9018745997975053,
1.5419768783598994e-15,
-0.1032347187369913
],
[
3.5024959595103576e-16,
-1.5419768783598994e-15,
-1.0,
0.33330040835134456
],
[
0.0,
0.0,
0.0,
1.0
]
],
"at_element": 0,
"to_element": 3
},
{
"pose": [
[
-0.05265890983508914,
-0.43199792388400426,
0.9003359556159524,
0.3705344332599251
],
[
-0.025223617261045245,
0.9018745997975052,
0.4312609133371099,
-0.07076724273032163
],
[
-0.9982939488683923,
2.858824288409778e-15,
-0.058388283522910145,
0.33330040835134467
],
[
0.0,
0.0,
0.0,
1.0
]
],
"at_element": 3,
"to_element": 0
},
{
"pose": [
[
0.43095769407391127,
-0.0605857486840517,
0.9003359556159523,
0.2996581605173345
],
[
-0.9021857713532189,
-0.008652086190013009,
0.43126091333711003,
-0.10471697663380475
],
[
-0.01833848102473984,
-0.9981254973503851,
-0.05838828352291037,
0.33789685246992957
],
[
0.0,
0.0,
0.0,
1.0
]
],
"at_element": 3,
"to_element": 4
},
{
"pose": [
[
-0.7001778298504762,
0.0605857486840522,
-0.7113932622974939,
0.30183924765219294
],
[
-0.7123073441449562,
0.008652086190011232,
0.7018143549983284,
-0.10440550150494014
],
[
0.04867498395518016,
0.9981254973503852,
0.03709767480596948,
0.37382937337675076
],
[
0.0,
0.0,
0.0,
1.0
]
],
"at_element": 4,
"to_element": 3
},
{
"pose": [
[
0.9080470908195317,
0.41886809481528314,
-8.462644567934983e-17,
0.3860863539280359
],
[
0.41886809481528314,
-0.9080470908195317,
3.8549425340234585e-16,
-0.1032347187369913
],
[
8.462644567934983e-17,
-3.8549425340234585e-16,
-1.0,
-0.032437176971246706
],
[
0.0,
0.0,
0.0,
1.0
]
],
"at_element": 0,
"to_element": 11
},
{
"pose": [
[
-0.04984426011072807,
-0.41886809481528464,
0.9066780403648407,
0.3710071082894688
],
[
-0.022992387158265182,
0.908047090819531,
0.41823657299063494,
-0.07054503598640532
],
[
-0.9984923133739079,
-8.326672684688674e-16,
-0.05489171279183669,
-0.03243717697124668
],
[
0.0,
0.0,
0.0,
1.0
]
],
"at_element": 11,
"to_element": 0
},
{
"pose": [
[
-0.9806382104810538,
-0.19582824143753227,
1.6389147907370451e-15,
0.3860863539280359
],
[
-0.19582824143753227,
0.9806382104810538,
-1.6576246788652454e-14,
-0.1032347187369913
],
[
1.6389147907370451e-15,
-1.6576246788652454e-14,
-1.0,
0.06714581200617477
],
[
0.0,
0.0,
0.0,
1.0
]
],
"at_element": 0,
"to_element": 14
},
{
"pose": [
[
0.9746708451660306,
0.19582824143753133,
-0.10801871800211095,
0.39313617051753325
],
[
0.19463659028303995,
-0.980638210481054,
-0.02157076418461113,
-0.1385376938022584
],
[
-0.11015144713678378,
1.5971599043318463e-14,
-0.9939148146061978,
0.06714581200617596
],
[
0.0,
0.0,
0.0,
1.0
]
],
"at_element": 14,
"to_element": 0
},
{
"pose": [
[
-0.6632685429481975,
0.07488464883566348,
-0.7446254960073111,
0.4179509111147389
],
[
-0.7479236037494611,
-0.03152771485060035,
0.6630356597881581,
-0.05126913162899291
],
[
0.0261748522401532,
0.9966936804079067,
0.07691933791412642,
0.0007648970576860812
],
[
0.0,
0.0,
0.0,
1.0
]
],
"at_element": 10,
"to_element": 11
},
{
"pose": [
[
0.41512313894666475,
-0.0748846488356647,
0.9066780403648405,
0.4152550680749093
],
[
-0.9077908196326663,
0.0315277148505998,
0.41823657299063566,
-0.05013413571243
],
[
-0.05990498561655894,
-0.9966936804079067,
-0.054891712791836245,
-0.035116017962244776
],
[
0.0,
0.0,
0.0,
1.0
]
],
"at_element": 11,
"to_element": 10
},
{
"pose": [
[
0.9025304808369031,
0.43051904130021434,
0.00959615747331774,
-0.20238859737440984
],
[
0.4300253262823863,
-0.9022243770544842,
0.03270156272069169,
-0.3851013225320723
],
[
0.022736532630011845,
-0.025387566377903396,
-0.9994190920516639,
0.3705465825130309
],
[
0.0,
0.0,
0.0,
1.0
]
],
"at_element": 1,
"to_element": 3
},
{
"pose": [
[
-0.06362799779227979,
-0.43051904130021446,
0.9003359556159524,
-0.21788728532799215
],
[
-0.00227992900983498,
0.902224377054484,
0.43126091333711003,
-0.35262123978857374
],
[
-0.9979710816555037,
0.02538756637790382,
-0.05838828352291037,
0.37146053504810034
],
[
0.0,
0.0,
0.0,
1.0
]
],
"at_element": 3,
"to_element": 1
},
{
"pose": [
[
0.06264738033528716,
0.9979895888729868,
0.009596157473318084,
-0.20181813173547988
],
[
0.9974820438241743,
-0.06292996141721963,
0.0327015627206909,
-0.3831573029676438
],
[
0.03323970495467597,
0.007523327532022572,
-0.9994190920516637,
0.31113381730036155
],
[
0.0,
0.0,
0.0,
1.0
]
],
"at_element": 1,
"to_element": 5
},
{
"pose": [
[
-0.011811816381915419,
-0.9979895888729866,
-0.062267660104480094,
-0.2377457572882636
],
[
-0.0680551935607277,
0.06292996141722251,
-0.9956948882993417,
-0.3808918243343424
],
[
0.9976116336647101,
-0.00752332753201973,
-0.06866169179152326,
0.31086297750654496
],
[
0.0,
0.0,
0.0,
1.0
]
],
"at_element": 5,
"to_element": 1
},
{
"pose": [
[
0.07003407492160507,
0.9974984421599976,
0.009596157473316918,
-0.19827914445521824
],
[
0.9969888189892012,
-0.07031289075370162,
0.03270156272069215,
-0.3710972242501994
],
[
0.03329449144216452,
0.007277038012522115,
-0.9994190920516637,
-0.05744407069865788
],
[
0.0,
0.0,
0.0,
1.0
]
],
"at_element": 1,
"to_element": 9
},
{
"pose": [
[
-0.012168318746405005,
-0.9974984421599975,
-0.06963325288440764,
-0.23418899100744314
],
[
-0.06938871170721911,
0.07031289075370417,
-0.9951086895819321,
-0.36856596704628714
],
[
0.9975154829407402,
-0.007277038012518278,
-0.07007072149811244,
-0.05770604335679906
],
[
0.0,
0.0,
0.0,
1.0
]
],
"at_element": 9,
"to_element": 1
},
{
"pose": [
[
0.908651247068776,
0.4174455952122451,
0.009596157473318082,
-0.1988503623253214
],
[
0.4169563504366931,
-0.9083380481000114,
0.032701562720690136,
-0.3730438072505616
],
[
0.02236767826288314,
-0.02571313694896238,
-0.9994190920516639,
0.00204703776736731
],
[
0.0,
0.0,
0.0,
1.0
]
],
"at_element": 1,
"to_element": 11
},
{
"pose": [
[
-0.060614405532576354,
-0.4174455952122452,
0.9066780403648401,
-0.2138783850095082
],
[
0.000399232901908686,
0.9083380481000112,
0.4182365729906362,
-0.34034367830365897
],
[
-0.9981611765917479,
0.025713136948961157,
-0.054891712791837355,
0.0029727095430010283
],
[
0.0,
0.0,
0.0,
1.0
]
],
"at_element": 11,
"to_element": 1
},
{
"pose": [
[
-0.0014751213713368738,
-0.997571568414856,
-0.06963325288440864,
-0.23837106649270512
],
[
-0.07013843098479378,
0.06956505169639071,
-0.9951086895819319,
-0.4283307989834071
],
[
0.9975361770461917,
0.003416061006874249,
-0.07007072149811311,
-0.06191439259331005
],
[
0.0,
0.0,
0.0,
1.0
]
],
"at_element": 9,
"to_element": 12
},
{
"pose": [
[
0.06964022247729229,
0.9975715684148564,
-0.0010978632142296177,
-0.20245843483271272
],
[
0.9970202954790047,
-0.06956505169638905,
0.03333517639727057,
-0.4308351446936106
],
[
0.033177851290757655,
-0.0034160610068724555,
-0.999443625579215,
-0.062037370978572995
],
[
0.0,
0.0,
0.0,
1.0
]
],
"at_element": 12,
"to_element": 9
},
{
"pose": [
[
0.06326513398628064,
0.9976293749294879,
0.027076800023212153,
-0.1476458882571714
],
[
0.9974398031765582,
-0.06411284087141578,
0.031676216227717074,
0.4832514526889513
],
[
0.03333709436658404,
0.025003478021978845,
-0.9991313548407925,
0.37151234588646986
],
[
0.0,
0.0,
0.0,
1.0
]
],
"at_element": 2,
"to_element": 5
},
{
"pose": [
[
-0.029297931375982023,
-0.997629374929488,
-0.06226766010448265,
-0.183560586420154
],
[
-0.06694201259267857,
0.06411284087141622,
-0.9956948882993415,
0.4855595175736997
],
[
0.9973266256182725,
-0.025003478021979275,
-0.0686616917915257,
0.370612219658483
],
[
0.0,
0.0,
0.0,
1.0
]
],
"at_element": 5,
"to_element": 2
},
{
"pose": [
[
-0.7026357010736897,
-0.01492306719195341,
-0.7113932622974923,
-0.1904668784370529
],
[
-0.70912044921398,
-0.06785867391012745,
0.70181435499833,
0.3812717246571534
],
[
-0.05874742618402479,
0.9975833310760276,
0.03709767480596493,
0.3995021110010337
],
[
0.0,
0.0,
0.0,
1.0
]
],
"at_element": 4,
"to_element": 5
},
{
"pose": [
[
-0.9979479147584289,
0.01492306719195587,
-0.06226766010448298,
-0.1899296484892328
],
[
0.06314182282545834,
0.06785867391012235,
-0.9956948882993414,
0.38371463477576007
],
[
-0.010633420878601623,
-0.9975833310760279,
-0.0686616917915257,
0.36358914257393543
],
[
0.0,
0.0,
0.0,
1.0
]
],
"at_element": 5,
"to_element": 4
},
{
"pose": [
[
0.07067170701203396,
0.9971320658410842,
0.027076800023212572,
-0.13769071392157678
],
[
0.9969362043103599,
-0.07151798277878885,
0.03167621622771661,
0.49489766843706756
],
[
0.03352184904293677,
0.024755229967517185,
-0.9991313548407925,
0.004167356335553055
],
[
0.0,
0.0,
0.0,
1.0
]
],
"at_element": 2,
"to_element": 9
},
{
"pose": [
[
-0.02964546110667654,
-0.9971320658410842,
-0.06963325288441086,
-0.17358750738579834
],
[
-0.06814597609385109,
0.07151798277878818,
-0.9951086895819317,
0.49747231862106545
],
[
0.9972348131598641,
-0.024755229967518888,
-0.07007072149811555,
0.0032761670861593483
],
[
0.0,
0.0,
0.0,
1.0
]
],
"at_element": 9,
"to_element": 2
},
{
"pose": [
[
-0.7447218910794671,
0.6668254283150318,
0.027076800023210966,
-0.13926625481689933
],
[
0.6673742220590734,
0.744048563641206,
0.03167621622771612,
0.49305449738165974
],
[
0.0009760522881760714,
0.04166033000268636,
-0.9991313548407927,
0.06230466606200667
],
[
0.0,
0.0,
0.0,
1.0
]
],
"at_element": 2,
"to_element": 10
},
{
"pose": [
[
-0.029609438500915353,
-0.6668254283150323,
-0.7446254960073113,
-0.16327224101370882
],
[
0.08231311434237248,
-0.7440485636412058,
0.6630356597881583,
0.466268446955148
],
[
-0.9961665685812389,
-0.04166033000268432,
0.07691933791412542,
0.06080487726492064
],
[
0.0,
0.0,
0.0,
1.0
]
],
"at_element": 10,
"to_element": 2
},
{
"pose": [
[
0.045286132460709894,
0.6659444698340957,
-0.7446254960073129,
-0.21326173826713402
],
[
-0.06478903275126019,
0.7457788513255388,
0.6630356597881566,
0.5107805130496156
],
[
0.996870878018767,
0.018217244932900445,
0.0769193379141262,
0.06596876038739125
],
[
0.0,
0.0,
0.0,
1.0
]
],
"at_element": 10,
"to_element": 13
},
{
"pose": [
[
0.7449902917531763,
-0.6659444698340936,
0.03882561385097837,
-0.2372356977189253
],
[
-0.6661145525118201,
-0.7457788513255406,
-0.01026196119341037,
0.48393252083468474
],
[
0.035789218006195354,
-0.018217244932902617,
-0.9991933065536218,
0.06531294070402699
],
[
0.0,
0.0,
0.0,
1.0
]
],
"at_element": 13,
"to_element": 10
},
{
"pose": [
[
-0.44126043077732824,
0.08502951120832664,
0.8933416000914092,
-0.2588886119377054
],
[
0.894086714274201,
-0.043539645977362706,
0.44577264001565714,
-0.4082442634657281
],
[
0.07679960669540759,
0.9954266831122414,
-0.056811433352730534,
-0.3691393624690814
],
[
0.0,
0.0,
0.0,
1.0
]
],
"at_element": 6,
"to_element": 8
},
{
"pose": [
[
-0.9925261864267791,
-0.08502951120832582,
-0.08753143138774679,
-0.261949674665857
],
[
0.08406442409420208,
0.043539645977360375,
-0.9955086498016361,
-0.40667683604430394
],
[
0.08845870143080763,
-0.9954266831122418,
-0.036066281889542307,
-0.40497472686176883
],
[
0.0,
0.0,
0.0,
1.0
]
],
"at_element": 8,
"to_element": 6
},
{
"pose": [
[
-0.06438137764635288,
-0.4447424240596771,
0.8933416000914096,
-0.21881050561814658
],
[
0.0018419457406086137,
0.8951443239217688,
0.4457726400156565,
-0.3882455045821501
],
[
-0.9979236671450609,
0.03034494343645655,
-0.056811433352731866,
-0.3716881015693812
],
[
0.0,
0.0,
0.0,
1.0
]
],
"at_element": 6,
"to_element": 12
},
{
"pose": [
[
0.8956578425592472,
0.44474242405967707,
-0.0010978632142292699,
-0.20279977821932352
],
[
0.4445282953482291,
-0.8951443239217689,
0.03333517639726964,
-0.4204707005103715
],
[
0.013842821132718792,
-0.030344943436457328,
-0.9994436255792147,
-0.3727805195421461
],
[
0.0,
0.0,
0.0,
1.0
]
],
"at_element": 12,
"to_element": 6
},
{
"pose": [
[
0.4486914906204029,
-0.024834085265242056,
0.8933416000914094,
0.37328733772138323
],
[
-0.8918061549003002,
-0.07725629744825513,
0.4457726400156569,
-0.0927918743627228
],
[
0.05794590862850113,
-0.9967019277164189,
-0.05681143335273253,
-0.4093421492055127
],
[
0.0,
0.0,
0.0,
1.0
]
],
"at_element": 6,
"to_element": 7
},
{
"pose": [
[
-0.7432984682959722,
0.024834085265242056,
-0.6684988072075373,
0.37418136560734677
],
[
-0.6652782634544212,
0.07725629744825668,
0.7425875683578713,
-0.09001064511480267
],
[
0.0700872256829384,
0.9967019277164186,
-0.04090291043976779,
-0.37346084704137594
],
[
0.0,
0.0,
0.0,
1.0
]
],
"at_element": 7,
"to_element": 6
},
{
"pose": [
[
-0.06374511060571231,
-0.44483406616398574,
0.89334160009141,
0.3255542433036288
],
[
0.000561445675544503,
0.8951460429406062,
0.4457726400156562,
-0.1166104310184766
],
[
-0.9979660543588741,
0.02891738902095356,
-0.056811433352731866,
-0.4063065964987358
],
[
0.0,
0.0,
0.0,
1.0
]
],
"at_element": 6,
"to_element": 14
},
{
"pose": [
[
0.8890751431353794,
0.4448340661639852,
-0.10801871800211271,
0.34156819785174186
],
[
0.44525078769191034,
-0.8951460429406066,
-0.021570764184593742,
-0.14883554401216015
],
[
-0.10628793872560574,
-0.028917389020953817,
-0.993914814606198,
-0.4073476178337811
],
[
0.0,
0.0,
0.0,
1.0
]
],
"at_element": 14,
"to_element": 6
},
{
"pose": [
[
0.7380037652854128,
0.09197710142560056,
-0.6684988072075357,
-0.17704488036764648
],
[
0.6691645236741119,
0.027973980344977,
0.7425875683578723,
0.5223072127486726
],
[
0.08700162458570626,
-0.9953681074039914,
-0.040902910439774454,
-0.40718829356494984
],
[
0.0,
0.0,
0.0,
1.0
]
],
"at_element": 7,
"to_element": 8
},
{
"pose": [
[
0.9919064781180515,
-0.09197710142560243,
-0.08753143138774692,
-0.18035605529220008
],
[
-0.09044326726618197,
-0.027973980344976335,
-0.9955086498016363,
0.5213001496772934
],
[
0.08911539751166116,
0.9953681074039913,
-0.03606628188953365,
-0.3713550495634265
],
[
0.0,
0.0,
0.0,
1.0
]
],
"at_element": 8,
"to_element": 7
},
{
"pose": [
[
0.04261588844505959,
0.9952497850144207,
-0.08753143138774688,
-0.18432027318368108
],
[
0.0324299535943221,
-0.08894282590514901,
-0.9955086498016361,
0.4762144800144048
],
[
-0.9985650625582234,
0.03958584530808923,
-0.036066281889538976,
-0.3729884582450732
],
[
0.0,
0.0,
0.0,
1.0
]
],
"at_element": 8,
"to_element": 13
},
{
"pose": [
[
-0.08927730471874917,
-0.9952497850144206,
0.038825613850978026,
-0.22014926333082455
],
[
-0.9959838682792364,
0.08894282590514913,
-0.010261961193410885,
0.4794164215581234
],
[
0.006759954858160423,
-0.03958584530808911,
-0.9991933065536216,
-0.37441354859210535
],
[
0.0,
0.0,
0.0,
1.0
]
],
"at_element": 13,
"to_element": 8
}
],
"nstatus": 0
}