{
"contact_id_pairs": [
[
1,
7
],
[
1,
8
],
[
7,
8
],
[
7,
11
],
[
0,
5
],
[
0,
7
],
[
11,
12
],
[
11,
13
],
[
9,
13
],
[
9,
14
],
[
10,
12
],
[
10,
14
],
[
2,
6
],
[
2,
8
],
[
6,
8
],
[
6,
10
],
[
1,
2
],
[
1,
4
],
[
2,
4
],
[
2,
9
],
[
0,
3
],
[
0,
6
],
[
3,
4
],
[
3,
5
]
],
"contact_t_bound_pairs": [
[
[
0.6,
0.9
],
[
0.1,
0.4
]
],
[
[
0.6,
0.9
],
[
0.1,
0.4
]
],
[
[
0.1,
0.4
],
[
0.1,
0.4
]
],
[
[
0.1,
0.4
],
[
0.6,
0.9
]
],
[
[
0.1,
0.4
],
[
0.6,
0.9
]
],
[
[
0.1,
0.4
],
[
0.6,
0.9
]
],
[
[
0.1,
0.4
],
[
0.1,
0.4
]
],
[
[
0.1,
0.4
],
[
0.6,
0.9
]
],
[
[
0.1,
0.4
],
[
0.1,
0.4
]
],
[
[
0.1,
0.4
],
[
0.6,
0.9
]
],
[
[
0.1,
0.4
],
[
0.6,
0.9
]
],
[
[
0.1,
0.4
],
[
0.1,
0.4
]
],
[
[
0.1,
0.4
],
[
0.1,
0.4
]
],
[
[
0.1,
0.4
],
[
0.6,
0.9
]
],
[
[
0.1,
0.4
],
[
0.6,
0.9
]
],
[
[
0.1,
0.4
],
[
0.6,
0.9
]
],
[
[
0.1,
0.4
],
[
0.6,
0.9
]
],
[
[
0.1,
0.4
],
[
0.1,
0.4
]
],
[
[
0.6,
0.9
],
[
0.1,
0.4
]
],
[
[
0.6,
0.9
],
[
0.6,
0.9
]
],
[
[
0.6,
0.9
],
[
0.1,
0.4
]
],
[
[
0.6,
0.9
],
[
0.6,
0.9
]
],
[
[
0.6,
0.9
],
[
0.6,
0.9
]
],
[
[
0.6,
0.9
],
[
0.1,
0.4
]
]
],
"line_pt_pairs": [
[
[
13.825917194611213,
1.9891660584943138,
0.0
],
[
14.93594462264062,
4.103605584309835,
0.0
]
],
[
[
15.702942781377551,
2.771369597645331,
0.9556792104455307
],
[
13.716340669222784,
2.1104594982139306,
0.7958778732590841
]
],
[
[
14.786598007917544,
4.085263630545354,
0.7801632788096845
],
[
15.591889892192489,
2.531839116176234,
1.0003779894643698
]
],
[
[
14.723251833784717,
4.00710005559274,
0.028838512379713577
],
[
15.61260418564809,
2.6536136262797703,
0.1
]
],
[
[
15.446240203112097,
2.7190066018607943,
1.078026984881396
],
[
15.498985975114163,
2.7747204703855237,
-0.019294229935497183
]
],
[
[
15.701190052883444,
2.882168864518559,
0.14805587149446128
],
[
13.758474137740349,
2.14576795122694,
-0.05601897468165567
]
],
[
[
14.923938857903847,
3.9544522164316054,
0.9837253079320967
],
[
14.778689474070202,
3.9037472559314645,
-0.10546320815361793
]
],
[
[
13.917164200938243,
2.133355283055187,
0.9881712971494722
],
[
13.974522336737529,
2.189494809875026,
-0.10889679457598779
]
],
[
[
13.833037418125596,
1.8970024691074505,
0.8562612542970981
],
[
15.06047700967459,
4.157178199021891,
0.846682040088448
]
],
[
[
15.494206215723237,
2.6876631553186305,
1.9688621931333603
],
[
15.548611823217632,
2.7057424491979876,
0.8703572231411497
]
],
[
[
14.915010770644123,
3.951342992483115,
1.8654430338518937
],
[
14.885958732563044,
3.9819713682300426,
0.7662533860773754
]
],
[
[
13.954584906767034,
2.0965797211139168,
1.867704194378379
],
[
13.940025370424818,
2.1094258115086775,
0.7678755722943161
]
],
[
[
13.800993082160513,
1.8825421564911375,
1.734528191446704
],
[
14.999339294772378,
4.203694011095066,
1.7326597007870728
]
],
[
[
15.705814603644518,
2.729794114722226,
1.8718371999955787
],
[
13.772711867587766,
1.9903085003045022,
1.744415995970857
]
],
[
[
14.871172127383783,
4.1276292447837175,
1.7448559491305262
],
[
15.60695932960302,
2.547082903503373,
1.8471355711393231
]
]
],
"contact_t_pairs": [
[
0.8999999999966456,
0.16175914069918784
],
[
0.8541925635399676,
0.13800445439406786
],
[
0.12181817992929735,
0.10000000000718873
],
[
0.10000000000133062,
0.8999999999981051
],
[
0.11004983501920866,
0.8999999999750973
],
[
0.10000000000164251,
0.899999999998811
],
[
0.12181817993299278,
0.10000000000528553
],
[
0.100000000003211,
0.8999999999895655
],
[
0.10000000000349145,
0.10000000000739531
],
[
0.12181817993362701,
0.8999999999890916
],
[
0.12181817993285743,
0.8999999999951562
],
[
0.10000000000319152,
0.10000000001294046
],
[
0.10000000000545854,
0.17126247531890484
],
[
0.14608365397236925,
0.8689533363100825
],
[
0.12181817992926362,
0.8999999999944702
],
[
0.10000000000132937,
0.8999999999981086
],
[
0.10000000000300524,
0.8863911061891813
],
[
0.12006054140778381,
0.12790394504212313
],
[
0.8651133159487803,
0.10000000000159315
],
[
0.8999999999947034,
0.8999999999979842
],
[
0.8899501649845991,
0.10000000001417857
],
[
0.8999999999986211,
0.8999999999988191
],
[
0.8999999999969649,
0.8999999999985898
],
[
0.8851951598314782,
0.10000000000465625
]
],
"half_couplers": [
{
"pose": [
[
-0.06208547082111893,
-0.31782009032374126,
-0.9461161580374413,
13.915000880444925
],
[
-0.054345237219784626,
0.9476150967912904,
-0.31475740424135956,
2.1765505081592877
],
[
0.9965901813205089,
0.031875045409257896,
-0.07610513764334459,
0.8118580069782648
],
[
0.0,
0.0,
0.0,
1.0
]
],
"at_element": 1,
"to_element": 7
},
{
"pose": [
[
0.9467161235021304,
0.3178200903237673,
0.05214375981545026,
13.926442403697244
],
[
0.31531089709686316,
-0.9476150967912831,
0.05103593347062761,
2.142436364672823
],
[
0.06563245898997197,
-0.03187504540921221,
-0.9973346288017328,
0.810710505343464
],
[
0.0,
0.0,
0.0,
1.0
]
],
"at_element": 7,
"to_element": 1
},
{
"pose": [
[
-0.3082474872272942,
0.09923558897161,
-0.9461161580374349,
14.006002030462158
],
[
0.9473921583862909,
-0.05810227795341527,
-0.3147574042414075,
2.2068251055425683
],
[
-0.08620664038357989,
-0.9933662079908302,
-0.07610513764322624,
0.8191780965771251
],
[
0.0,
0.0,
0.0,
1.0
]
],
"at_element": 1,
"to_element": 8
},
{
"pose": [
[
-0.8731547581893309,
-0.0992355889713245,
0.4772348123647789,
14.002429549258991
],
[
0.47369933812450166,
0.05810227795451772,
0.8787679229221474,
2.2089167875490068
],
[
-0.1149334821178773,
0.9933662079907946,
-0.003724447643514983,
0.8549392800667095
],
[
0.0,
0.0,
0.0,
1.0
]
],
"at_element": 8,
"to_element": 1
},
{
"pose": [
[
-0.47468706306719777,
-0.8786086844943798,
0.05214375981547136,
13.924151464645451
],
[
-0.8773892228657146,
0.4770571088390654,
0.0510359334705394,
2.140194098034472
],
[
-0.06971616567006071,
-0.02152427553176966,
-0.9973346288017364,
0.8545284589569692
],
[
0.0,
0.0,
0.0,
1.0
]
],
"at_element": 7,
"to_element": 8
},
{
"pose": [
[
-0.01713806867618306,
0.8786086844943821,
0.477234812365047,
13.955781377289318
],
[
0.013544465640077497,
-0.47705710883905983,
0.8787679229219976,
2.123020042115142
],
[
0.9997613885585777,
0.02152427553179126,
-0.0037244476444626695,
0.8553033328761641
],
[
0.0,
0.0,
0.0,
1.0
]
],
"at_element": 8,
"to_element": 7
},
{
"pose": [
[
-0.8549109893854505,
-0.5161474871975235,
0.05214375981526591,
13.922900014518248
],
[
-0.5138939318120476,
0.8563342573676892,
0.0510359334712584,
2.138969235737246
],
[
-0.0709945566557349,
0.016834818627193503,
-0.9973346288017102,
0.8784644879754664
],
[
0.0,
0.0,
0.0,
1.0
]
],
"at_element": 7,
"to_element": 11
},
{
"pose": [
[
0.8563974435363759,
0.5161474871975339,
-0.013235942128590564,
13.941481324059067
],
[
0.5162898970623674,
-0.8563342573676556,
0.011678263994103098,
2.1081412024691772
],
[
-0.005306684057862115,
-0.016834818628586275,
-0.9998442018564955,
0.8778584345048064
],
[
0.0,
0.0,
0.0,
1.0
]
],
"at_element": 11,
"to_element": 7
},
{
"pose": [
[
-0.8758518295505779,
-0.1297277602798386,
0.4648163948116312,
13.948075529932646
],
[
0.459800122832031,
0.06810380260551874,
0.8854070923108295,
2.2218597794684056
],
[
-0.14651764302142833,
0.9892080571262272,
-8.881784197001252e-16,
0.0
],
[
0.0,
0.0,
0.0,
1.0
]
],
"at_element": 0,
"to_element": 5
},
{
"pose": [
[
-0.342285446504786,
0.12972776027984467,
-0.9305973250143129,
13.952745729303038
],
[
0.9332359966391123,
-0.06810380260551185,
-0.3527498357868825,
2.2194080425744405
],
[
-0.10913866266370736,
-0.989208057126227,
-0.09775567517301953,
-0.035611490058961956
],
[
0.0,
0.0,
0.0,
1.0
]
],
"at_element": 5,
"to_element": 0
},
{
"pose": [
[
0.019922018604469405,
-0.8851829371881439,
0.46481639481164383,
13.936919937415977
],
[
-0.010458557363622778,
0.4646987190250965,
0.885407092310823,
2.200610011079339
],
[
-0.9997468338297427,
-0.022500405494235487,
8.659739592076221e-15,
0.0
],
[
0.0,
0.0,
0.0,
1.0
]
],
"at_element": 0,
"to_element": 7
},
{
"pose": [
[
0.46231179524568644,
0.8851829371881373,
0.05214375981546263,
13.968786523157531
],
[
0.8839968518220024,
-0.46469871902510973,
0.051035933470554046,
2.183880857192975
],
[
0.06940727588300187,
0.022500405494220346,
-0.997334628801736,
0.0008100145978626461
],
[
0.0,
0.0,
0.0,
1.0
]
],
"at_element": 7,
"to_element": 0
},
{
"pose": [
[
0.45881549433753344,
0.8884329755202517,
-0.01323594212878679,
13.952811290549157
],
[
0.8885211398840301,
-0.4586870415972657,
0.0116782639947996,
2.098144608465061
],
[
0.004304199692005003,
-0.017118582855486893,
-0.999844201856485,
1.733725073397887
],
[
0.0,
0.0,
0.0,
1.0
]
],
"at_element": 11,
"to_element": 12
},
{
"pose": [
[
-0.0155391260618567,
-0.8884329755202451,
0.45874326542138744,
13.920827703428033
],
[
0.007217552977201447,
0.4586870415972778,
0.8885685706796963,
2.114657341963799
],
[
-0.9998532104715447,
0.017118582855508824,
-0.0007152836948101093,
1.734341342380731
],
[
0.0,
0.0,
0.0,
1.0
]
],
"at_element": 12,
"to_element": 11
},
{
"pose": [
[
-0.9335724952688154,
-0.35814411333082224,
-0.013235942128786296,
13.953128953132765
],
[
-0.3582953899102293,
0.9335352332500065,
0.011678263994814824,
2.0978643301534343
],
[
0.00817371681881388,
0.01564488310390996,
-0.9998442018564846,
1.757721332166441
],
[
0.0,
0.0,
0.0,
1.0
]
],
"at_element": 11,
"to_element": 13
},
{
"pose": [
[
0.051784922256730814,
0.3581441133308161,
-0.9322291112775594,
13.966022141213612
],
[
0.03659193996066018,
-0.9335352332500086,
-0.3566132333646184,
2.064257061753991
],
[
-0.9979876511043511,
-0.015644883103939855,
-0.06144823737003602,
1.7571581163746586
],
[
0.0,
0.0,
0.0,
1.0
]
],
"at_element": 13,
"to_element": 11
},
{
"pose": [
[
-0.9327349969186822,
-0.35715426529739586,
0.049459643174850985,
15.499646776472867
],
[
-0.35678340921096435,
0.9340425396970646,
0.01643572170788389,
2.6894710847066294
],
[
-0.05206749883476013,
-0.0023162072737217387,
-0.9986408817733019,
1.859011696130304
],
[
0.0,
0.0,
0.0,
1.0
]
],
"at_element": 9,
"to_element": 13
},
{
"pose": [
[
0.05822125785802412,
0.3571542652973644,
-0.9322291112775491,
15.512504330024548
],
[
0.019787264223427914,
-0.9340425396970764,
-0.35661323336464545,
2.655845553274985
],
[
-0.9981075840348983,
0.002316207273686449,
-0.061448237370030245,
1.8590950795921644
],
[
0.0,
0.0,
0.0,
1.0
]
],
"at_element": 13,
"to_element": 9
},
{
"pose": [
[
0.42449621537133553,
-0.9040778212258215,
0.049459643174860055,
15.500833807806387
],
[
-0.9054090101451492,
-0.42422210149863937,
0.01643572170789871,
2.689865541993499
],
[
0.006122702295060966,
-0.05175810823098183,
-0.998640881773301,
1.8350443170408657
],
[
0.0,
0.0,
0.0,
1.0
]
],
"at_element": 9,
"to_element": 14
},
{
"pose": [
[
0.07168700208502132,
0.9040778212258173,
0.4213125525066176,
15.53338060937307
],
[
-0.031141359188281537,
0.42422210149864736,
-0.90502255460733,
2.7051375376486484
],
[
-0.9969409157417347,
0.051758108230986755,
0.05856542283959776,
1.8369076089373277
],
[
0.0,
0.0,
0.0,
1.0
]
],
"at_element": 14,
"to_element": 9
},
{
"pose": [
[
0.45913644861775915,
0.887973075944912,
-0.026410943709064254,
14.911471704241746
],
[
0.8882761692248886,
-0.45846500420319836,
0.02784397795068836,
3.955074085470905
],
[
0.012616209328828471,
-0.03624439705517201,
-0.9992633161205702,
1.731541751558963
],
[
0.0,
0.0,
0.0,
1.0
]
],
"at_element": 10,
"to_element": 12
},
{
"pose": [
[
-0.03253356462860335,
-0.8879730759449118,
0.4587432654213992,
14.879504673505387
],
[
0.015991720395671816,
0.4584650042031988,
0.8885685706796902,
3.9715788256234297
],
[
-0.9993427000040291,
0.03624439705516985,
-0.0007152836948018937,
1.7328465498530448
],
[
0.0,
0.0,
0.0,
1.0
]
],
"at_element": 12,
"to_element": 10
},
{
"pose": [
[
0.4207041732692526,
-0.9068133549117104,
-0.02641094370905825,
14.912105566835923
],
[
-0.9064682362772157,
-0.4213550160047399,
0.02784397795070304,
3.9544058300579055
],
[
-0.03637767466879524,
0.012226603838089035,
-0.9992633161205697,
1.7555240690709337
],
[
0.0,
0.0,
0.0,
1.0
]
],
"at_element": 10,
"to_element": 14
},
{
"pose": [
[
0.013611482438163458,
0.9068133549116983,
0.42131255250659916,
14.944750847615229
],
[
-0.058259129238506624,
0.42135501600476555,
-0.9050225546073394,
3.9695746106352305
],
[
-0.9982086963186639,
-0.01222660383810742,
0.058565422839585324,
1.7550839113327295
],
[
0.0,
0.0,
0.0,
1.0
]
],
"at_element": 14,
"to_element": 10
},
{
"pose": [
[
0.06728845144538109,
-0.8871081260742508,
0.4566305256496916,
14.867127196349434
],
[
0.17415046386893468,
-0.4401994523478181,
-0.8808496228567709,
3.9299211790999626
],
[
0.9824173656019712,
0.1387934249368893,
0.12486995218214281,
0.8021847498763551
],
[
0.0,
0.0,
0.0,
1.0
]
],
"at_element": 2,
"to_element": 6
},
{
"pose": [
[
-0.4422706394493836,
0.8871081260741761,
-0.1320448943889811,
14.899063088889951
],
[
0.8967160389629921,
0.4401994523479271,
-0.046095418634682854,
3.9457683593854043
],
[
0.0172344697497512,
-0.13879342493702196,
-0.9901713782203041,
0.7971881865783325
],
[
0.0,
0.0,
0.0,
1.0
]
],
"at_element": 6,
"to_element": 2
},
{
"pose": [
[
-0.880380661379299,
0.12813451570271214,
0.4566305256495444,
14.904237988886722
],
[
-0.4676117457307962,
-0.07377802631888608,
-0.8808496228568682,
3.85833370131606
],
[
-0.07917794089230248,
-0.9890087707993905,
0.12486995218199559,
0.8123330484005891
],
[
0.0,
0.0,
0.0,
1.0
]
],
"at_element": 2,
"to_element": 8
},
{
"pose": [
[
-0.8693839656633671,
-0.1281345157026792,
0.47723481236502174,
14.89962514632118
],
[
0.47151218486463453,
0.0737780263188983,
0.8787679229220118,
3.860989710263679
],
[
-0.14780994476562237,
0.9890087707993938,
-0.0037244476443980545,
0.8479373641512626
],
[
0.0,
0.0,
0.0,
1.0
]
],
"at_element": 8,
"to_element": 2
},
{
"pose": [
[
-0.4663820879570557,
-0.8746724494910249,
-0.1320448943889436,
14.906244842329386
],
[
-0.878555275043657,
0.4754112336428922,
-0.04609541863469114,
3.948275430430093
],
[
0.1030940188652126,
0.09451066091988716,
-0.9901713782203081,
0.8510423453026795
],
[
0.0,
0.0,
0.0,
1.0
]
],
"at_element": 6,
"to_element": 8
},
{
"pose": [
[
0.08482358143981183,
0.8746724494910261,
0.47723481236503706,
14.937733050512904
],
[
-0.041846105786395194,
-0.47541123364289817,
0.8787679229220031,
3.9311606260179484
],
[
0.9955168825601289,
-0.09451066091984667,
-0.0037244476444631136,
0.8476399615093659
],
[
0.0,
0.0,
0.0,
1.0
]
],
"at_element": 8,
"to_element": 6
},
{
"pose": [
[
0.810378915000169,
0.5708328651969931,
-0.1320448943887664,
14.90941391952029
],
[
0.5702323481873072,
-0.820189174191922,
-0.04609541863528406,
3.949381720381524
],
[
-0.13461457277701597,
-0.03794151485331117,
-0.9901713782203043,
0.8748064563220773
],
[
0.0,
0.0,
0.0,
1.0
]
],
"at_element": 6,
"to_element": 10
},
{
"pose": [
[
-0.8206413967521748,
-0.5708328651970263,
-0.026410943708867048,
14.888863936371207
],
[
-0.57141441304042,
0.820189174191899,
0.02784397795005671,
3.978908530655292
],
[
0.005767712398490695,
0.037941514853317135,
-0.9992633161205926,
0.8761723508569061
],
[
0.0,
0.0,
0.0,
1.0
]
],
"at_element": 10,
"to_element": 6
},
{
"pose": [
[
-0.30535583978137426,
0.1078055036297429,
-0.9461161580369237,
15.504282570156105
],
[
0.9453999669589883,
-0.08453803255604986,
-0.3147574042425308,
2.705278587700205
],
[
-0.11391537905548699,
-0.9905711960473562,
-0.0761051376449382,
0.9396990767264058
],
[
0.0,
0.0,
0.0,
1.0
]
],
"at_element": 1,
"to_element": 2
},
{
"pose": [
[
0.8831005245338095,
-0.10780550363096694,
0.4566305256495498,
15.500401572025183
],
[
0.4657867140277787,
0.08453803255419146,
-0.880849622856859,
2.708321956872318
],
[
0.05635779097263177,
0.9905711960473815,
0.12486995218204056,
0.9753596397860215
],
[
0.0,
0.0,
0.0,
1.0
]
],
"at_element": 2,
"to_element": 1
},
{
"pose": [
[
0.06178074357100305,
0.3178794665029919,
-0.9461161580374723,
15.464430256230404
],
[
0.05525370454459119,
-0.9475625597338677,
-0.31475740424126575,
2.692020373285725
],
[
-0.9965591642536399,
-0.03283047618256202,
-0.07610513764335014,
0.9364933753852381
],
[
0.0,
0.0,
0.0,
1.0
]
],
"at_element": 1,
"to_element": 4
},
{
"pose": [
[
-0.9469178290490485,
-0.3178794665029278,
0.04795070181812592,
15.452986595435453
],
[
-0.3155311032026688,
0.9475625597338878,
0.050648971384115796,
2.7261326254386655
],
[
-0.06153655775832457,
0.03283047618259882,
-0.997564740702517,
0.9376752725279003
],
[
0.0,
0.0,
0.0,
1.0
]
],
"at_element": 4,
"to_element": 1
},
{
"pose": [
[
0.11647543605812327,
0.8819988865299656,
0.45663052564953527,
15.483266740229283
],
[
-0.07995829965745727,
0.4665946980290343,
-0.8808496228568656,
2.741375397843361
],
[
-0.9899697687863798,
0.06608594352125913,
0.12486995218204666,
0.9706739573648605
],
[
0.0,
0.0,
0.0,
1.0
]
],
"at_element": 2,
"to_element": 4
},
{
"pose": [
[
0.4688056040146493,
-0.8819988865298093,
0.04795070181589032,
15.451514780312388
],
[
-0.8830198579134706,
-0.4665946980287994,
0.05064897138035233,
2.724577988713356
],
[
-0.02229879312729658,
-0.06608594352500544,
-0.9975647407028156,
0.9682948633979584
],
[
0.0,
0.0,
0.0,
1.0
]
],
"at_element": 4,
"to_element": 2
},
{
"pose": [
[
-0.10340474158851709,
-0.8836266306885678,
0.456630525649547,
15.511360703760728
],
[
0.08685743662737294,
-0.4653597829802787,
-0.8808496228568583,
2.6871815676213737
],
[
0.9908396667067453,
-0.05142227068612665,
0.12486995218205554,
0.978356518397735
],
[
0.0,
0.0,
0.0,
1.0
]
],
"at_element": 2,
"to_element": 9
},
{
"pose": [
[
-0.4655724661478382,
0.8836266306885707,
0.04945964317485924,
15.543171262468084
],
[
0.8849690047885816,
0.46535978298027403,
0.016435721707898126,
2.7039345198100158
],
[
-0.00849348741844927,
0.05142227068611924,
-0.998640881773301,
0.9802077201425852
],
[
0.0,
0.0,
0.0,
1.0
]
],
"at_element": 9,
"to_element": 2
},
{
"pose": [
[
0.8842919993003079,
0.04442273165604091,
0.4648163948116284,
14.813786287323413
],
[
-0.4642309991020922,
-0.023320813844136756,
0.885407092310831,
3.8709118633437942
],
[
0.05017209828318411,
-0.9987405872166519,
-1.3988810110276972e-14,
0.0
],
[
0.0,
0.0,
0.0,
1.0
]
],
"at_element": 0,
"to_element": 3
},
{
"pose": [
[
0.8348952065976156,
-0.044422731656038605,
0.5486133564839086,
14.812187068983665
],
[
0.5498724625682091,
0.02332081384415352,
-0.8349229991746664,
3.8717514126422525
],
[
0.024295450386813633,
0.9987405872166516,
0.04389727254215181,
0.035954661142751185
],
[
0.0,
0.0,
0.0,
1.0
]
],
"at_element": 3,
"to_element": 0
},
{
"pose": [
[
0.08499031178977734,
0.8813185383368458,
0.46481639481163106,
14.824941879836148
],
[
-0.04461777036022685,
-0.46267000708254713,
0.8854070923108297,
3.8921616317253678
],
[
0.9953822891080384,
-0.09599009599975145,
0.0,
0.0
],
[
0.0,
0.0,
0.0,
1.0
]
],
"at_element": 0,
"to_element": 6
},
{
"pose": [
[
-0.45369789491423695,
-0.8813185383368468,
-0.13204489438896982,
14.793214412453738
],
[
-0.8853313938447752,
0.462670007082547,
-0.04609541863464722,
3.9088177519815384
],
[
0.10171795919727118,
0.09599009599974287,
-0.9901713782203072,
0.0034556434562397903
],
[
0.0,
0.0,
0.0,
1.0
]
],
"at_element": 6,
"to_element": 0
},
{
"pose": [
[
0.08088702255183866,
0.8321542373083066,
0.548613356483898,
15.523668950459054
],
[
0.0007453140719608231,
0.5503662689119876,
-0.8349229991746734,
2.788962269215175
],
[
-0.9967229976726895,
0.06794332471794357,
0.04389727254214759,
0.09288385123775537
],
[
0.0,
0.0,
0.0,
1.0
]
],
"at_element": 3,
"to_element": 4
},
{
"pose": [
[
0.5524672438479661,
-0.8321542373083135,
0.04795070181812748,
15.49371139791388
],
[
-0.8333856560690538,
-0.5503662689119753,
0.05064897138407332,
2.769149083532972
],
[
-0.015757307301210655,
-0.06794332471796523,
-0.9975647407025197,
0.09043789154773954
],
[
0.0,
0.0,
0.0,
1.0
]
],
"at_element": 4,
"to_element": 3
},
{
"pose": [
[
-0.8301285143163271,
0.0995491577384208,
0.5486133564839073,
15.510502231038915
],
[
-0.5502108157470347,
0.013101285591905487,
-0.8349229991746676,
2.809000419467309
],
[
-0.09030342160710386,
-0.9949463912741281,
0.04389727254214437,
0.09183031678759879
],
[
0.0,
0.0,
0.0,
1.0
]
],
"at_element": 3,
"to_element": 5
},
{
"pose": [
[
0.3522479011573594,
-0.09954915773842588,
-0.9305973250143186,
15.506918461360089
],
[
-0.9356259453799772,
-0.013101285591930356,
-0.35274983578686847,
2.808528773185968
],
[
0.022923927718851878,
0.9949463912741273,
-0.09775567517301598,
0.12764838687589936
],
[
0.0,
0.0,
0.0,
1.0
]
],
"at_element": 5,
"to_element": 3
}
],
"contact_residues": [
1.4968167794232706e-13,
1.3975466419580018e-13,
1.69572435797543e-13,
1.8214745890655428e-13,
1.7598276286916186e-13,
2.262472052739846e-13,
1.939791244978693e-13,
1.8834377193408994e-13,
1.9643423523251076e-13,
2.0338082512428142e-13,
1.8982356655596313e-13,
1.970619178882786e-13,
1.497032030062311e-13,
1.3808101292615708e-13,
1.513129627537851e-13,
2.0921422815393596e-13,
1.5825522413608845e-13,
1.9334095484721963e-13,
1.5765088486876023e-13,
2.090221788571241e-13,
2.12795097027098e-13,
1.8645586423015855e-13,
1.7935236767618304e-13,
1.7599839015729705e-13
],
"collision_dists": [],
"collision_id_pairs": [],
"collision_t_pairs": [],
"collision_dual_t_pairs": [],
"clamp_dist": 0.024,
"clamp_gap": 0.016,
"radius": [
0.01,
0.01,
0.01,
0.01,
0.01,
0.01,
0.01,
0.01,
0.01,
0.01,
0.01,
0.01,
0.01,
0.01,
0.01
],
"boundary_vertices": [
true,
true,
false,
false,
false,
false,
false,
true,
false,
false,
false,
false,
false,
false,
false,
false,
false,
false,
false,
false,
false,
false,
false,
false,
false,
false,
false,
false,
false,
false
],
"nstatus": 0,
"config": {
"weights": [
1.0,
10.0,
0.0
],
"shape_deviation": 0.3,
"length_deviation_ratio": 0.1
}
}