{
"contact_id_pairs": [
[
0,
7
],
[
0,
31
],
[
7,
17
],
[
7,
18
],
[
7,
31
],
[
8,
14
],
[
8,
18
],
[
8,
30
],
[
18,
30
],
[
30,
31
],
[
1,
7
],
[
7,
22
],
[
9,
22
],
[
16,
22
],
[
3,
16
],
[
3,
45
],
[
16,
17
],
[
4,
24
],
[
5,
25
],
[
5,
44
],
[
25,
26
],
[
6,
25
],
[
12,
20
],
[
12,
25
],
[
20,
25
],
[
6,
10
],
[
6,
35
],
[
9,
10
],
[
9,
11
],
[
9,
24
],
[
9,
34
],
[
10,
23
],
[
11,
35
],
[
24,
35
],
[
34,
35
],
[
10,
21
],
[
10,
33
],
[
21,
33
],
[
11,
12
],
[
11,
36
],
[
12,
26
],
[
13,
14
],
[
13,
19
],
[
19,
29
],
[
5,
41
],
[
18,
20
],
[
19,
20
],
[
3,
21
],
[
3,
22
],
[
4,
23
],
[
4,
43
],
[
29,
30
],
[
27,
28
],
[
27,
31
],
[
32,
35
],
[
32,
36
],
[
32,
33
],
[
32,
34
],
[
37,
39
],
[
37,
42
],
[
38,
40
],
[
39,
41
],
[
37,
39
],
[
37,
42
],
[
37,
38
],
[
37,
45
],
[
38,
40
],
[
38,
44
]
],
"contact_t_bound_pairs": [
[
[
0.6,
0.9
],
[
0.6,
0.9
]
],
[
[
0.6,
0.9
],
[
0.6,
0.9
]
],
[
[
0.6,
0.9
],
[
0.1,
0.4
]
],
[
[
0.6,
0.9
],
[
0.1,
0.4
]
],
[
[
0.6,
0.9
],
[
0.6,
0.9
]
],
[
[
0.1,
0.4
],
[
0.1,
0.4
]
],
[
[
0.1,
0.4
],
[
0.1,
0.4
]
],
[
[
0.1,
0.4
],
[
0.1,
0.4
]
],
[
[
0.1,
0.4
],
[
0.1,
0.4
]
],
[
[
0.1,
0.4
],
[
0.6,
0.9
]
],
[
[
0.6,
0.9
],
[
0.1,
0.4
]
],
[
[
0.1,
0.4
],
[
0.1,
0.4
]
],
[
[
0.1,
0.4
],
[
0.1,
0.4
]
],
[
[
0.1,
0.4
],
[
0.1,
0.4
]
],
[
[
0.6,
0.9
],
[
0.6,
0.9
]
],
[
[
0.6,
0.9
],
[
0.1,
0.4
]
],
[
[
0.6,
0.9
],
[
0.6,
0.9
]
],
[
[
0.6,
0.9
],
[
0.6,
0.9
]
],
[
[
0.6,
0.9
],
[
0.6,
0.9
]
],
[
[
0.6,
0.9
],
[
0.1,
0.4
]
],
[
[
0.6,
0.9
],
[
0.6,
0.9
]
],
[
[
0.6,
0.9
],
[
0.1,
0.4
]
],
[
[
0.1,
0.4
],
[
0.1,
0.4
]
],
[
[
0.1,
0.4
],
[
0.1,
0.4
]
],
[
[
0.1,
0.4
],
[
0.1,
0.4
]
],
[
[
0.1,
0.4
],
[
0.1,
0.4
]
],
[
[
0.1,
0.4
],
[
0.1,
0.4
]
],
[
[
0.6,
0.9
],
[
0.1,
0.4
]
],
[
[
0.6,
0.9
],
[
0.6,
0.9
]
],
[
[
0.6,
0.9
],
[
0.1,
0.4
]
],
[
[
0.6,
0.9
],
[
0.1,
0.4
]
],
[
[
0.1,
0.4
],
[
0.1,
0.4
]
],
[
[
0.6,
0.9
],
[
0.1,
0.4
]
],
[
[
0.1,
0.4
],
[
0.1,
0.4
]
],
[
[
0.1,
0.4
],
[
0.1,
0.4
]
],
[
[
0.6,
0.9
],
[
0.1,
0.4
]
],
[
[
0.6,
0.9
],
[
0.1,
0.4
]
],
[
[
0.1,
0.4
],
[
0.1,
0.4
]
],
[
[
0.1,
0.4
],
[
0.6,
0.9
]
],
[
[
0.1,
0.4
],
[
0.6,
0.9
]
],
[
[
0.6,
0.9
],
[
0.1,
0.4
]
],
[
[
0.1,
0.4
],
[
0.6,
0.9
]
],
[
[
0.1,
0.4
],
[
0.1,
0.4
]
],
[
[
0.1,
0.4
],
[
0.6,
0.9
]
],
[
[
0.1,
0.4
],
[
0.1,
0.4
]
],
[
[
0.6,
0.9
],
[
0.6,
0.9
]
],
[
[
0.6,
0.9
],
[
0.6,
0.9
]
],
[
[
0.1,
0.4
],
[
0.6,
0.9
]
],
[
[
0.1,
0.4
],
[
0.6,
0.9
]
],
[
[
0.1,
0.4
],
[
0.6,
0.9
]
],
[
[
0.1,
0.4
],
[
0.1,
0.4
]
],
[
[
0.1,
0.4
],
[
0.6,
0.9
]
],
[
[
0.1,
0.4
],
[
0.6,
0.9
]
],
[
[
0.1,
0.4
],
[
0.1,
0.4
]
],
[
[
0.6,
0.9
],
[
0.6,
0.9
]
],
[
[
0.6,
0.9
],
[
0.1,
0.4
]
],
[
[
0.1,
0.4
],
[
0.6,
0.9
]
],
[
[
0.1,
0.4
],
[
0.6,
0.9
]
],
[
[
0.6,
0.9
],
[
0.1,
0.4
]
],
[
[
0.6,
0.9
],
[
0.6,
0.9
]
],
[
[
0.6,
0.9
],
[
0.1,
0.4
]
],
[
[
0.6,
0.9
],
[
0.6,
0.9
]
],
[
[
0.6,
0.9
],
[
0.1,
0.4
]
],
[
[
0.6,
0.9
],
[
0.6,
0.9
]
],
[
[
0.1,
0.4
],
[
0.1,
0.4
]
],
[
[
0.1,
0.4
],
[
0.6,
0.9
]
],
[
[
0.6,
0.9
],
[
0.1,
0.4
]
],
[
[
0.6,
0.9
],
[
0.6,
0.9
]
]
],
"line_pt_pairs": [
[
[
41.222295180511395,
0.3808592814646916,
1.6666459593626533
],
[
41.47177224036688,
0.007160288620712438,
1.2771432060465644
]
],
[
[
41.49952481694961,
0.7424778027213328,
1.3758522836071283
],
[
40.82965508246476,
0.36678088924076496,
1.352167890756373
]
],
[
[
41.272811044563475,
0.7458211613053228,
1.393820951737387
],
[
41.23368949221677,
0.02978963502144189,
0.5897056526794292
]
],
[
[
40.562851335290446,
0.38173563604955574,
0.5124834258642684
],
[
41.132425573099596,
0.23854809420049355,
0.6958273928204927
]
],
[
[
40.64798928287845,
0.049119487797407435,
0.6035809099923027
],
[
40.64798922393781,
0.04911942008257672,
0.6035808039125624
]
],
[
[
41.249386030530175,
-0.15244518184039224,
0.4260695934894824
],
[
40.66354123564397,
-0.006914839994894853,
0.23955649912851165
]
],
[
[
40.0516345975854,
0.3078424136315624,
0.6639541807476391
],
[
40.97678117972791,
-0.3324317424809488,
0.7158492751130117
]
],
[
[
40.70924100232075,
0.568733314903561,
1.2847305995666098
],
[
41.484574634710114,
0.008460610534544428,
1.411243419797701
]
],
[
[
41.57538185367267,
-0.009825070689018604,
1.4482663548755788
],
[
40.64705376582044,
-0.21306776431331395,
0.6952058208352166
]
],
[
[
40.99669510886298,
0.5124546737577973,
1.140978653276131
],
[
39.94457781859321,
0.015612127410161334,
0.5742630104481363
]
],
[
[
40.32304593914667,
0.10462332681823144,
0.5515832986301079
],
[
40.26305682498145,
0.45045679317991705,
1.1625213061435162
]
],
[
[
40.27242421929174,
-0.3055320183913864,
0.42355040392846344
],
[
40.129376412423106,
0.23325148096117482,
0.8223093905722921
]
],
[
[
41.01064852608843,
-0.2489352944260834,
0.7047907934711711
],
[
40.18025539275462,
-0.21122979065162953,
0.41858564459758607
]
],
[
[
41.58311255066138,
-0.23380593174271366,
1.2193511066747054
],
[
40.72016373587152,
-0.2934913962660224,
0.9071945477281149
]
],
[
[
41.372974775947455,
0.04091257165951912,
1.495431375697961
],
[
41.47604065197398,
-0.25787829751793584,
1.092880109084255
]
],
[
[
40.32008415767475,
0.7575576366066324,
0.9135670487115047
],
[
40.65082847488942,
0.3646687155531224,
1.1819010022404548
]
],
[
[
40.640936036556006,
0.4597818125900856,
1.2756841081608112
],
[
41.150236233305485,
0.2617674599113274,
0.5813786264164642
]
],
[
[
41.29910803121171,
0.22467141210563907,
1.5229915222719597
],
[
40.90265547166171,
0.30638852380488585,
0.6500037800008607
]
],
[
[
41.44111466742152,
0.08089882612947702,
1.5160040718224497
],
[
40.877321508930834,
-0.2673866327721884,
0.5633730547792026
]
],
[
[
41.5874621285672,
-0.21340628335384193,
1.3414485205453872
],
[
40.863251015755615,
-0.19583342501266437,
0.5853676011572329
]
],
[
[
40.91232216765758,
-0.2111356225264286,
0.6849099667057792
],
[
40.91232249116748,
-0.2111355019468322,
0.6849096729225775
]
],
[
[
40.07637897452809,
0.36524459705648005,
1.1891122971944323
],
[
40.73495629911151,
0.4085875904804738,
0.4131497914293532
]
],
[
[
40.789530506370085,
0.48715722390960225,
1.4139155001284083
],
[
40.70074801458616,
0.361844105500163,
0.4022723257772254
]
],
[
[
40.166945081759316,
0.22130235795415107,
0.5806730516221453
],
[
40.82006143058146,
0.015071702351781993,
0.6523800939403016
]
],
[
[
40.05116928957973,
0.20061293206026026,
0.7038564551402604
],
[
40.81227886726619,
-0.040744948787214914,
0.5751420876796699
]
],
[
[
40.89864745940799,
-0.2441959134722498,
0.771045408732591
],
[
40.74682455174102,
-0.04698003502985962,
0.20546518664716398
]
],
[
[
40.324364979063944,
-0.2513261283666122,
0.7361874750125033
],
[
40.816012683009205,
-0.0926074883116087,
0.22096185247277253
]
],
[
[
41.655806952372444,
0.3632923866086168,
1.6738581101499639
],
[
41.744072576186106,
0.06411834225480524,
1.1921628386398606
]
],
[
[
41.563613495652774,
0.3654171571537923,
1.761852457732464
],
[
41.69430921402111,
0.23538699909736513,
1.3815962944114446
]
],
[
[
41.79827234910476,
0.06157235231805118,
1.322320924441716
],
[
41.42370161161316,
-0.3362209430359559,
1.196346725405559
]
],
[
[
41.209099426966915,
-0.02089567031913059,
1.4157250264093526
],
[
41.83418189078169,
0.0330228327457119,
1.249359630533599
]
],
[
[
41.705170484823725,
0.4009029133432161,
1.6264742131724945
],
[
41.213189436427314,
-0.03558446550855444,
1.3452204925618605
]
],
[
[
39.721745024322686,
0.38311206786788843,
1.2089718368932756
],
[
39.84451368639104,
-0.21642400058944086,
0.5980532243313629
]
],
[
[
40.32263317657569,
0.46309629365727395,
1.0695768984780538
],
[
39.68390516002278,
0.25664431883692485,
1.1599062750530462
]
],
[
[
40.18811341086139,
0.1071464563297669,
0.5707150936857075
],
[
39.61605567201745,
0.2389231296432093,
1.1072302830598366
]
],
[
[
40.30766551427737,
0.22417923547217836,
0.6944064842473627
],
[
39.62672767573663,
-0.04238458863550036,
0.8217889261565531
]
],
[
[
39.752749617527726,
-0.08351813258998993,
0.8034240620279578
],
[
40.31493306506742,
-0.2202895465056341,
0.5073254349930694
]
],
[
[
40.791295759119464,
0.14501004743330326,
0.013747488141674227
],
[
41.08131585398607,
0.14501004743330326,
0.013747488141674227
]
],
[
[
40.934780027850444,
0.19360700498317235,
0.0966317180414496
],
[
40.79129575911947,
-0.14501004743330323,
0.01374748814167423
]
],
[
[
41.00116822524348,
0.21851146377112107,
0.04617752751489889
],
[
41.08131585398607,
-0.1372880128236983,
0.06374748814167423
]
],
[
[
40.88113481160152,
-0.04764669703023804,
0.037561805912371356
],
[
40.881326161562164,
-0.047594205680347196,
0.03761341533148674
]
],
[
[
41.09418242144843,
-0.03272909682636946,
0.6457173059686954
],
[
41.024743013976774,
-0.12731512388971528,
-0.07373315293139814
]
],
[
[
41.04882649241858,
0.21673305525578276,
0.8437902407040136
],
[
40.96071326065629,
0.09199458537062506,
-0.11455261390586828
]
],
[
[
40.67253965755796,
0.09822379581770302,
0.7264898504057217
],
[
40.605201250894986,
0.010190752754935434,
0.009259577667736564
]
],
[
[
40.81514280640192,
-0.034175573138548576,
0.20546087677832606
],
[
40.8151415125178,
-0.03417547108573938,
0.20545634589028913
]
],
[
[
40.92500581317448,
0.29329525063719575,
0.8914403605426134
],
[
40.83256338487417,
0.16293107938044005,
-0.1304079678902895
]
]
],
"contact_t_pairs": [
[
0.7289551258182674,
0.8689829193644119
],
[
0.637725729783031,
0.64617307859208
],
[
0.6366305000290173,
0.18880055890010247
],
[
0.8943113191004616,
0.10309767907589364
],
[
0.8438074887424316,
0.7178445249858537
],
[
0.16593160214594693,
0.3798847614048252
],
[
0.38939681129595455,
0.3944134880536958
],
[
0.1245145736143987,
0.3942948750761383
],
[
0.15672118932360074,
0.238535205896371
],
[
0.1023443928397934,
0.8957870841661033
],
[
0.8649149687340822,
0.27621528970044235
],
[
0.11888707101410598,
0.1074897728399408
],
[
0.21679262099813612,
0.3940651797876212
],
[
0.22649269419348034,
0.29696788939095037
],
[
0.8953571899666586,
0.8668602296158856
],
[
0.61234527493621,
0.25582199932286276
],
[
0.6762126274271131,
0.8190714991793127
],
[
0.74999891706334,
0.7700801569636192
],
[
0.8231815817489156,
0.899975507682161
],
[
0.783499675941728,
0.24646123390718372
],
[
0.8609407914276764,
0.8999086441453865
],
[
0.8773463706110828,
0.10022563437186635
],
[
0.11484832243097456,
0.25000505985607496
],
[
0.1640992987079987,
0.1781055960348821
],
[
0.24999251413106213,
0.13922694088134174
],
[
0.2603351603546626,
0.1840569972280889
],
[
0.18991757111549887,
0.11287263513850146
],
[
0.654345205136401,
0.32839177977584993
],
[
0.7861882469202736,
0.7522934056842719
],
[
0.7665659854077784,
0.18668577580000129
],
[
0.8413157717179032,
0.14591789342398065
],
[
0.10277840514203243,
0.24687049041579548
],
[
0.8291125951905765,
0.24411062840737302
],
[
0.1395931166507081,
0.21142995974792508
],
[
0.2846802454099572,
0.39421745435682864
],
[
0.716686948001426,
0.27803647089212485
],
[
0.8917554690868742,
0.10172193934739236
],
[
0.1096035033880748,
0.291049998052984
],
[
0.12662150047714502,
0.8986260278904968
],
[
0.22132624633467962,
0.8871442176190091
],
[
0.6012774739637532,
0.3770912133485849
],
[
0.14803703545950128,
0.8511430445199156
],
[
0.18396354060622602,
0.23102007050742257
],
[
0.11562198093499336,
0.7235957663882818
],
[
0.32956046441803405,
0.3983414950374478
],
[
0.8848239240848564,
0.7499398534222599
],
[
0.8987012763009633,
0.7500692012788738
],
[
0.10373499166636291,
0.838030100587051
],
[
0.24731680644895382,
0.8513028424725314
],
[
0.24997800948962814,
0.7408366391435228
],
[
0.2499972360473578,
0.17870839246512205
],
[
0.1387783499025108,
0.8442803098065845
],
[
0.36772954072572783,
0.7374097108836051
],
[
0.11977295409029991,
0.10561834509771026
],
[
0.6424053959558519,
0.7643514629744066
],
[
0.7662671136257518,
0.1254583747746879
],
[
0.13662761777021365,
0.8971372291609561
],
[
0.3240564954950929,
0.7763514692934673
],
[
0.7793572237575657,
0.2015898915685947
],
[
0.6262932753679893,
0.8612725956735583
],
[
0.6633658705946828,
0.18785718593178063
],
[
0.8986888004468332,
0.8052970024263321
],
[
0.7793572237575657,
0.2015898915685947
],
[
0.6262932753679893,
0.8612725956735583
],
[
0.3997760023302495,
0.1919336610836531
],
[
0.18582515921217616,
0.8633903349569112
],
[
0.6633658705946828,
0.18785718593178063
],
[
0.6000447629554971,
0.7580156735360923
]
],
"half_couplers": [
{
"pose": [
[
-0.6919867634505676,
0.5874873464730271,
0.4195389575990408,
41.40415276206712
],
[
0.24559539160274127,
0.7380668691201759,
-0.6284426786355595,
0.10844948511794897
],
[
-0.6788499265910725,
-0.3318371806190837,
-0.6550166888912627,
1.3827159308125623
],
[
0.0,
0.0,
0.0,
1.0
]
],
"at_element": 0,
"to_element": 7
},
{
"pose": [
[
0.0959105186397401,
-0.5874881757420384,
0.8035289763148235,
41.38299268567587
],
[
0.34366954767224,
-0.7380655923702639,
-0.5806465563162236,
0.08186590462077892
],
[
0.9341800760115868,
0.33183855219432146,
0.1311135418656767,
1.3946680794280484
],
[
0.0,
0.0,
0.0,
1.0
]
],
"at_element": 7,
"to_element": 0
},
{
"pose": [
[
-0.8929707762764705,
-0.16306299483878792,
0.4195398103045812,
41.38139312057186
],
[
-0.4153542879723746,
0.6576798604623622,
-0.628440941222936,
0.14254181853408132
],
[
-0.17344742194440424,
-0.7354370543128851,
-0.6550178096543842,
1.4182500317516507
],
[
0.0,
0.0,
0.0,
1.0
]
],
"at_element": 0,
"to_element": 31
},
{
"pose": [
[
0.7073618239792515,
0.1630631743231948,
-0.6877860504229422,
41.38726557617245
],
[
-0.4417085652585485,
-0.6576795113994383,
-0.6102058699018154,
0.11885651998397999
],
[
-0.5518448997263462,
0.7354373266737555,
-0.39319097800048675,
1.4447356306600443
],
[
0.0,
0.0,
0.0,
1.0
]
],
"at_element": 31,
"to_element": 0
},
{
"pose": [
[
0.012219610158725969,
-0.595005186412647,
0.8036289624382761,
41.20284204039811
],
[
0.23642306379021472,
-0.779181878361054,
-0.5804995567111036,
0.21204662296850418
],
[
0.97157337141135,
0.1970898997305315,
0.13115165034642984,
1.3652725195704105
],
[
0.0,
0.0,
0.0,
1.0
]
],
"at_element": 7,
"to_element": 17
},
{
"pose": [
[
-0.6901982852621609,
0.594875381922293,
-0.41200680456028765,
41.224257566391294
],
[
0.6209447677626925,
0.7792433999178284,
0.08489593083675671,
0.24009964846615894
],
[
0.371556082455003,
-0.19723844368507232,
-0.9072172143006225,
1.3581709486182376
],
[
0.0,
0.0,
0.0,
1.0
]
],
"at_element": 17,
"to_element": 7
},
{
"pose": [
[
-0.23854043500364375,
0.5453811176637768,
0.8035284048271614,
41.40263064584584
],
[
-0.5158907526732315,
0.629845509887448,
-0.5806473671522737,
0.06767509360332286
],
[
-0.8227728679134476,
-0.5530407491048289,
0.13111345337169034,
1.3978724467105965
],
[
0.0,
0.0,
0.0,
1.0
]
],
"at_element": 7,
"to_element": 18
},
{
"pose": [
[
0.6830260246638311,
-0.5453807387186197,
-0.4858346421022861,
41.38298890130226
],
[
-0.7163944529164464,
-0.6298445562156958,
-0.3001246788186519,
0.04499140366083278
],
[
-0.14231808550732092,
0.5530422089137378,
-0.8209079593336543,
1.4177900249495827
],
[
0.0,
0.0,
0.0,
1.0
]
],
"at_element": 18,
"to_element": 7
},
{
"pose": [
[
-0.5029445541333684,
0.3184144429703393,
0.8035291021335045,
41.363473327604765
],
[
-0.7800543068636192,
0.2331626631563588,
-0.580646579989371,
0.09597101121901035
],
[
-0.3722392427070338,
-0.9188293720913165,
0.1311126659448698,
1.3914830646995295
],
[
0.0,
0.0,
0.0,
1.0
]
],
"at_element": 7,
"to_element": 31
},
{
"pose": [
[
0.6523532415079802,
-0.31841360542872155,
-0.6877848676526064,
41.35200458283556
],
[
-0.7571550746444592,
-0.233161735095756,
-0.6102063570852732,
0.08757283820904652
],
[
0.03393289310056108,
0.9188298978401928,
-0.3931922908715366,
1.42457776970025
],
[
0.0,
0.0,
0.0,
1.0
]
],
"at_element": 31,
"to_element": 7
},
{
"pose": [
[
-0.5902185317336877,
0.255867540954798,
-0.7656199359237418,
41.42134288673826
],
[
0.5670430900520448,
0.8064521998893119,
-0.1676215478926194,
-0.043549456466555767
],
[
0.5745469683344943,
-0.533072838155757,
-0.6210709543990989,
1.323309813949379
],
[
0.0,
0.0,
0.0,
1.0
]
],
"at_element": 8,
"to_element": 14
},
{
"pose": [
[
0.9455049687633896,
-0.25586686497740074,
0.20137651663085784,
41.41212793167077
],
[
-0.0938983713451034,
-0.8064518547957631,
-0.5837966270502172,
-0.07259352638789869
],
[
0.31177467809698506,
0.5330736846845002,
-0.7865297176804011,
1.342508283827203
],
[
0.0,
0.0,
0.0,
1.0
]
],
"at_element": 14,
"to_element": 8
},
{
"pose": [
[
0.6290235418134208,
-0.13474302271386268,
-0.7656198153616658,
41.21389385642654
],
[
-0.3972918787209148,
-0.9022541593001907,
-0.16762038995275047,
-0.08896712750551986
],
[
-0.668197984841997,
0.4096117061992219,
-0.6210714155374217,
1.1550269842074332
],
[
0.0,
0.0,
0.0,
1.0
]
],
"at_element": 8,
"to_element": 18
},
{
"pose": [
[
-0.8636020397869291,
0.13474294733190997,
-0.4858352138535919,
41.218747041240405
],
[
0.3096153046664156,
0.9022540842476487,
-0.30012652427727776,
-0.056469656554310944
],
[
0.39790687351713067,
-0.40961189631497147,
-0.8209069462521772,
1.1402735495622829
],
[
0.0,
0.0,
0.0,
1.0
]
],
"at_element": 18,
"to_element": 8
},
{
"pose": [
[
0.632503685048009,
0.11732611855713895,
-0.765619794875371,
41.45979147763948
],
[
-0.02006529896157585,
-0.9856473805102304,
-0.16762047927059387,
-0.03513174802588961
],
[
-0.7742974055091955,
0.1213829609032387,
-0.6210714166857874,
1.3544993435737116
],
[
0.0,
0.0,
0.0,
1.0
]
],
"at_element": 8,
"to_element": 30
},
{
"pose": [
[
-0.24254535312854708,
-0.1173262341940088,
0.9630193697146495,
41.45556623894905
],
[
-0.14696588975884214,
0.9856473416706932,
0.08306831589052259,
0.000364119111113859
],
[
-0.9589435744209042,
-0.12138316451365237,
-0.25630713694610874,
1.3501280034255299
],
[
0.0,
0.0,
0.0,
1.0
]
],
"at_element": 30,
"to_element": 8
},
{
"pose": [
[
-0.8608603631829821,
-0.15127326341294867,
-0.4858351931229984,
41.352756333090355
],
[
0.0017574968469230151,
0.9538976875005406,
-0.3001268281676166,
0.026315114786291956
],
[
0.5088382319610993,
-0.25922114411736874,
-0.8209068474176502,
1.3667066058448807
],
[
0.0,
0.0,
0.0,
1.0
]
],
"at_element": 18,
"to_element": 30
},
{
"pose": [
[
0.22295766191657462,
0.15127325225645805,
0.9630193581358834,
41.358203601175184
],
[
0.2884076612803894,
-0.9538976142644291,
0.08306842008493234,
-0.008034209088934277
],
[
0.9311878982823342,
0.2592214201264714,
-0.25630714668175925,
1.3760410224500985
],
[
0.0,
0.0,
0.0,
1.0
]
],
"at_element": 30,
"to_element": 18
},
{
"pose": [
[
0.1241571777323982,
0.23912084419588253,
0.9630193233204483,
41.27307311220085
],
[
0.7074468254130861,
-0.7018679359172937,
0.08306858458011679,
-0.015377413860128747
],
[
0.6957758147783466,
0.6709714020748172,
-0.2563072241808291,
1.3986984609788968
],
[
0.0,
0.0,
0.0,
1.0
]
],
"at_element": 30,
"to_element": 31
},
{
"pose": [
[
-0.6853987736887523,
-0.239121145026075,
-0.6877860125266964,
41.26446021601573
],
[
0.3674644937089578,
0.7018678469137722,
-0.6102060072892145,
0.009903156966283307
],
[
0.6286480469143076,
-0.670971387966763,
-0.39319083107415165,
1.3745307628758268
],
[
0.0,
0.0,
0.0,
1.0
]
],
"at_element": 31,
"to_element": 30
},
{
"pose": [
[
0.48149555195222227,
-0.09039154836259133,
-0.8717748570788437,
40.920144456491734
],
[
-0.8667186384447833,
0.09869300685386706,
-0.48893608188654275,
0.4175319185447962
],
[
0.13023377143677478,
0.9910040657750887,
-0.03082379591481388,
1.3553672977051316
],
[
0.0,
0.0,
0.0,
1.0
]
],
"at_element": 1,
"to_element": 7
},
{
"pose": [
[
-0.58836261164645,
0.09039092379998176,
0.8035290399924291,
40.923400006205675
],
[
-0.8081524418121826,
-0.09869036826209499,
-0.5806460557045907,
0.4139774275550228
],
[
0.026815443490186774,
-0.9910043855134436,
0.1311153686016504,
1.3196753748575607
],
[
0.0,
0.0,
0.0,
1.0
]
],
"at_element": 7,
"to_element": 1
},
{
"pose": [
[
0.016415377695115918,
0.5950416509867033,
0.8035272048699692,
40.80141814693425
],
[
-0.19856048476263125,
0.7895696805908119,
-0.5806491654885525,
0.5021241341119765
],
[
-0.9799511565715692,
-0.1500171759590946,
0.13111284319738636,
1.2997713382096183
],
[
0.0,
0.0,
0.0,
1.0
]
],
"at_element": 7,
"to_element": 22
},
{
"pose": [
[
0.7989965389533118,
-0.5950432026339956,
-0.08676472635643198,
40.77998729649607
],
[
-0.6013197897071199,
-0.7895679392388562,
-0.12246215673705735,
0.473687345277907
],
[
0.004363627758413695,
0.1500201863923123,
-0.9886733041948701,
1.305174205122323
],
[
0.0,
0.0,
0.0,
1.0
]
],
"at_element": 22,
"to_element": 7
},
{
"pose": [
[
0.43209709361386683,
0.39039557501839245,
-0.8129473517371884,
40.76860384390794
],
[
0.1064558856844891,
-0.9172226893774345,
-0.38388759096167413,
0.4047428759117054
],
[
-0.8955217730985552,
0.0793336819849261,
-0.43788916498257247,
1.0181188837068065
],
[
0.0,
0.0,
0.0,
1.0
]
],
"at_element": 9,
"to_element": 22
},
{
"pose": [
[
-0.9165513264276457,
-0.39039036614900013,
-0.08676997200514283,
40.754544417783265
],
[
-0.3790845739413202,
0.9172243838323035,
-0.12245127807899274,
0.43777568737383915
],
[
0.12739133339223438,
-0.07933972347759143,
-0.9886741912556676,
1.0152621507467896
],
[
0.0,
0.0,
0.0,
1.0
]
],
"at_element": 22,
"to_element": 9
},
{
"pose": [
[
0.7945335701253459,
-0.1909080026762547,
0.5764291287383343,
40.75628881027106
],
[
-0.07096659873794695,
-0.9719805713874681,
-0.22409263867619328,
0.41493300836289565
],
[
0.6030589919795901,
0.13714190956616729,
-0.7858192850987473,
1.1184289890072316
],
[
0.0,
0.0,
0.0,
1.0
]
],
"at_element": 16,
"to_element": 22
},
{
"pose": [
[
-0.9777672184763824,
0.19090073927629472,
-0.0867650518165156,
40.76316495717014
],
[
0.20063745469355834,
0.9719826109737649,
-0.12245168736572394,
0.4499432516225528
],
[
0.06095800396214442,
-0.13713756490614384,
-0.9886745723667443,
1.1134899618245762
],
[
0.0,
0.0,
0.0,
1.0
]
],
"at_element": 22,
"to_element": 16
},
{
"pose": [
[
-0.26802588649720205,
-0.2666753020642566,
0.9257680095122786,
41.07282372433265
],
[
0.15200949605757128,
-0.9605959442997278,
-0.2326983990130511,
0.25353164094134606
],
[
0.951343911146601,
0.07835633391022964,
0.29800175781434,
0.6766417649155332
],
[
0.0,
0.0,
0.0,
1.0
]
],
"at_element": 3,
"to_element": 16
},
{
"pose": [
[
-0.7724205873152461,
0.2666480801674917,
0.5764245290014658,
41.08242812205368
],
[
0.16435649222171844,
0.9606016959262061,
-0.22412345983468307,
0.2881310453597363
],
[
-0.6134764704176867,
-0.07837846085939372,
-0.785813869257326,
0.6738182988323385
],
[
0.0,
0.0,
0.0,
1.0
]
],
"at_element": 16,
"to_element": 3
},
{
"pose": [
[
0.2481854664648393,
0.2852271957636916,
0.9257696371303237,
40.911627428538274
],
[
-0.22059227301758222,
0.9472027156995265,
-0.23269306920572075,
0.2940554213685517
],
[
-0.9432619060052021,
-0.14646659062128337,
0.2980008632725931,
0.624753237717973
],
[
0.0,
0.0,
0.0,
1.0
]
],
"at_element": 3,
"to_element": 45
},
{
"pose": [
[
0.9542938004284732,
-0.28519537350629426,
-0.0893696894611741,
40.90135700634443
],
[
-0.2948719431986559,
-0.9471959998645039,
-0.12597727951869242,
0.2599452277062244
],
[
-0.04872247508111674,
0.14657195083400987,
-0.9879993844384125,
0.6300290781581829
],
[
0.0,
0.0,
0.0,
1.0
]
],
"at_element": 45,
"to_element": 3
},
{
"pose": [
[
-0.7586212592378296,
0.3037655978850214,
0.5763855017034738,
40.98533126074912
],
[
0.210560561341922,
0.951495619731623,
-0.2243219464049594,
0.3258820068969035
],
[
-0.6165695703161034,
-0.048811342668382454,
-0.7857858600071177,
0.8061859741134189
],
[
0.0,
0.0,
0.0,
1.0
]
],
"at_element": 16,
"to_element": 17
},
{
"pose": [
[
0.8590285749307087,
-0.3038437292669502,
-0.4120059412650112,
40.97438503890761
],
[
-0.29583119833938226,
-0.9514622392488694,
0.08487349039960529,
0.2916035692937445
],
[
-0.4177963732987646,
0.04897545782000535,
-0.9072197060192861,
0.8079521434448071
],
[
0.0,
0.0,
0.0,
1.0
]
],
"at_element": 17,
"to_element": 16
},
{
"pose": [
[
-0.883625932905256,
0.23150955314790914,
-0.40695028873140165,
40.647989238673034
],
[
0.3407358265764828,
0.9140966982060658,
-0.21983248808128844,
0.049119437011357736
],
[
0.32109859418028724,
-0.3329122303701446,
-0.886603146670154,
0.6035808304326123
],
[
0.0,
0.0,
0.0,
1.0
]
],
"at_element": 4,
"to_element": 24
},
{
"pose": [
[
0.16144171370844018,
-0.29719491658809843,
0.9410694738589045,
40.63728467263103
],
[
-0.01711788370934314,
-0.9542781063609107,
-0.2984296797866257,
0.014748017292830075
],
[
0.986733779259733,
0.03206988111028444,
-0.15914764086651356,
0.604736074842736
],
[
0.0,
0.0,
0.0,
1.0
]
],
"at_element": 24,
"to_element": 4
},
{
"pose": [
[
-0.3464060494005887,
0.14215639478780204,
-0.9272509953403185,
40.76712938561638
],
[
-0.22840053429736565,
0.9459248891219362,
0.2303460441864168,
-0.032647284847555295
],
[
0.9098549581506685,
0.291577885925163,
-0.2952055073470985,
0.27253544945653374
],
[
0.0,
0.0,
0.0,
1.0
]
],
"at_element": 5,
"to_element": 25
},
{
"pose": [
[
0.9588622663155285,
-0.14217072460291166,
-0.24570437379528168,
40.762010561002626
],
[
-0.058478609356612754,
-0.9459102611034493,
0.3191144468477113,
-0.06670645314807636
],
[
-0.27778302051055087,
-0.2916183516260372,
-0.9153116029587669,
0.26203706122626946
],
[
0.0,
0.0,
0.0,
1.0
]
],
"at_element": 25,
"to_element": 5
},
{
"pose": [
[
-0.20230468103046362,
-0.3150800015392033,
-0.9272526131875918,
40.79037682358468
],
[
-0.9716091268826146,
-0.05402702463230735,
0.2303405851511694,
-0.03842220616475614
],
[
-0.12267241169702908,
0.9475260805061966,
-0.29520468520841403,
0.27993664449877287
],
[
0.0,
0.0,
0.0,
1.0
]
],
"at_element": 5,
"to_element": 44
},
{
"pose": [
[
-0.7091515101895305,
0.5158207180326603,
-0.4806590501011909,
40.81514248750965
],
[
0.7015692877612362,
0.4485345971056276,
-0.5537303040916978,
-0.0341755479864873
],
[
-0.07003334967071151,
-0.7298943088198203,
-0.6799629606723712,
0.2054597600900698
],
[
0.0,
0.0,
0.0,
1.0
]
],
"at_element": 44,
"to_element": 5
},
{
"pose": [
[
-0.9688347392659586,
0.03147884129228855,
-0.245699675503156,
40.76793692512434
],
[
-0.050192765003574155,
0.9463685834008349,
0.3191663996933152,
-0.07440471900395397
],
[
0.24256944228974356,
0.3215518417033122,
-0.9152947496650738,
0.28411432471452247
],
[
0.0,
0.0,
0.0,
1.0
]
],
"at_element": 25,
"to_element": 26
},
{
"pose": [
[
0.738217878890256,
-0.031477361658109757,
0.6738275291124693,
40.766802997718514
],
[
-0.23890541122328346,
-0.9463649058728176,
0.21752624995748726,
-0.10849385219411437
],
[
0.630839573722991,
-0.3215628097827514,
-0.706143605500763,
0.27253148360381146
],
[
0.0,
0.0,
0.0,
1.0
]
],
"at_element": 26,
"to_element": 25
},
{
"pose": [
[
-0.11465596160519076,
-0.5587014104080648,
0.8214053472411953,
40.86330859371137
],
[
-0.08545190426109472,
-0.8182466620152165,
-0.5684807579497386,
-0.25389979342982316
],
[
0.9897231847979222,
-0.13537035904878075,
0.04607475843086328,
0.7094841534416183
],
[
0.0,
0.0,
0.0,
1.0
]
],
"at_element": 6,
"to_element": 25
},
{
"pose": [
[
-0.7921399733841994,
0.5587021727713869,
-0.2456952272784539,
40.88343091217488
],
[
0.478119114532457,
0.8182479694111745,
0.31917451789450374,
-0.22442982694715635
],
[
0.37936311745553103,
0.13535930959864173,
-0.9152931128438584,
0.714359772185898
],
[
0.0,
0.0,
0.0,
1.0
]
],
"at_element": 25,
"to_element": 6
},
{
"pose": [
[
0.3179377133453041,
0.08208843782217273,
-0.9445512684913798,
40.91527926776685
],
[
0.3673109012093322,
-0.9291087395642832,
0.0428911636360878,
-0.2446048805711726
],
[
-0.874069969902609,
-0.3605806961571636,
-0.3255506861815345,
0.6719206122519326
],
[
0.0,
0.0,
0.0,
1.0
]
],
"at_element": 12,
"to_element": 20
},
{
"pose": [
[
-0.6989015302112818,
-0.07281179167613594,
0.711501998634747,
40.91232224853669
],
[
0.19494989882780922,
0.9377421775364428,
0.2874615546751207,
-0.21113559238091936
],
[
-0.6881360243551818,
0.33961456308898397,
-0.6411947914031451,
0.6849098932584923
],
[
0.0,
0.0,
0.0,
1.0
]
],
"at_element": 20,
"to_element": 12
},
{
"pose": [
[
0.31920285603746235,
0.07702219850514522,
-0.9445512784571101,
40.874381595256416
],
[
0.3524915189350152,
-0.934831547014916,
0.04289181489030702,
-0.24274784769926372
],
[
-0.87969271099425,
-0.3466375046689733,
-0.32555057146387334,
0.6578247292543974
],
[
0.0,
0.0,
0.0,
1.0
]
],
"at_element": 12,
"to_element": 25
},
{
"pose": [
[
-0.9662812990094991,
-0.07701976831083937,
-0.24569983002407544,
40.87160694994621
],
[
-0.15566620732075448,
0.9348296186360227,
0.3191576663957806,
-0.20907066189472504
],
[
0.20510602887991083,
0.3466432451529571,
-0.9152977534698421,
0.670312406172525
],
[
0.0,
0.0,
0.0,
1.0
]
],
"at_element": 25,
"to_element": 12
},
{
"pose": [
[
-0.17333000226867257,
0.9044556750847634,
0.3897648549067843,
40.91232224853263
],
[
0.9281056352520374,
0.2824144323485924,
-0.2426149587610676,
-0.21113559238243212
],
[
-0.32950969655983436,
0.3196905069097095,
-0.888381303081542,
0.684909893262178
],
[
0.0,
0.0,
0.0,
1.0
]
],
"at_element": 20,
"to_element": 25
},
{
"pose": [
[
0.07685748230464673,
-0.9662939411533007,
-0.2457009293922439,
40.877509620417804
],
[
-0.9348549289684587,
-0.15551005110945226,
0.31915965563854376,
-0.21673815002348926
],
[
-0.34661100559152647,
0.2051649173088739,
-0.9152967647208603,
0.692301404588647
],
[
0.0,
0.0,
0.0,
1.0
]
],
"at_element": 25,
"to_element": 20
},
{
"pose": [
[
0.17735456698699847,
-0.5420583891405404,
0.8214122353186715,
40.29248278139904
],
[
0.33137047339895953,
-0.7530167487080499,
-0.568471094713273,
0.1411565385290655
],
[
0.926681696661914,
0.3730127061207433,
0.0460711856183047,
0.6774642984608688
],
[
0.0,
0.0,
0.0,
1.0
]
],
"at_element": 6,
"to_element": 10
},
{
"pose": [
[
0.836020532340454,
0.542051607495395,
-0.08514531294699704,
40.31200452292705
],
[
-0.43824792906866505,
0.7530187891841538,
0.49081713071433997,
0.1682763961777446
],
[
0.3301642351500389,
-0.37301844183269184,
0.8670921634292981,
0.6640307137855375
],
[
0.0,
0.0,
0.0,
1.0
]
],
"at_element": 10,
"to_element": 6
},
{
"pose": [
[
-0.562145053620486,
-0.09635788807937778,
0.8214061699883337,
40.22733618939171
],
[
-0.7933047454062596,
-0.21794137789925916,
-0.5684796713298392,
0.18624310105464853
],
[
0.23379589304761256,
-0.9711934478795945,
0.04607349769460589,
0.6738099710223202
],
[
0.0,
0.0,
0.0,
1.0
]
],
"at_element": 6,
"to_element": 35
},
{
"pose": [
[
0.3861793594926479,
0.09636103415282604,
-0.9173767238157103,
40.23080626607576
],
[
-0.907486651402305,
0.21794091037879482,
-0.3591235680234501,
0.1940914742125487
],
[
0.16532839994531978,
0.9711932406479464,
0.17161063338633875,
0.7087844761360301
],
[
0.0,
0.0,
0.0,
1.0
]
],
"at_element": 35,
"to_element": 6
},
{
"pose": [
[
0.5662164631321118,
0.1360830464012624,
-0.8129454602618269,
40.30824720473385
],
[
-0.3453545507180422,
-0.8563634588860771,
-0.38389042783457594,
0.1873481358474616
],
[
-0.7484177651395649,
0.4981194944657621,
-0.4378901894958058,
0.7701509897158394
],
[
0.0,
0.0,
0.0,
1.0
]
],
"at_element": 9,
"to_element": 10
},
{
"pose": [
[
0.9870327860532849,
-0.1360786650725631,
-0.08514033220489256,
40.303346007178774
],
[
0.16040205992423368,
0.8563652351648824,
0.4908255934372802,
0.2181921943427969
],
[
0.006120329072265361,
-0.4981176376249539,
0.8670878621333493,
0.7522103182501476
],
[
0.0,
0.0,
0.0,
1.0
]
],
"at_element": 10,
"to_element": 9
},
{
"pose": [
[
-0.5673998192725,
0.13107100457619353,
-0.8129439321680932,
40.169532860871286
],
[
0.6914118958377262,
0.6120219560140389,
-0.38389935614797677,
0.1218429032493446
],
[
0.44722146122879136,
-0.7799035306473084,
-0.4378851989965489,
0.695433475538894
],
[
0.0,
0.0,
0.0,
1.0
]
],
"at_element": 9,
"to_element": 11
},
{
"pose": [
[
-0.969154590096351,
-0.1310699562982434,
-0.20871043828987212,
40.164810297486866
],
[
-0.08651801493662564,
-0.6120185445003925,
0.7860966443631769,
0.09979125526304161
],
[
-0.23076831148708388,
0.7799063839613045,
0.5818006691898889,
0.7235341600379583
],
[
0.0,
0.0,
0.0,
1.0
]
],
"at_element": 11,
"to_element": 9
},
{
"pose": [
[
0.5760332701336126,
-0.08548626264563619,
-0.8129438914205935,
40.190177781482774
],
[
-0.6404963975563956,
-0.6651208470495276,
-0.38389923617714894,
0.1315920776243119
],
[
-0.5078878187321054,
0.741826366287287,
-0.4378853798250677,
0.7065537180856867
],
[
0.0,
0.0,
0.0,
1.0
]
],
"at_element": 9,
"to_element": 24
},
{
"pose": [
[
-0.327240313398679,
0.0854717661954782,
0.9410676673173719,
40.193257621558935
],
[
-0.6845143022229838,
0.6651133241192978,
-0.29843665346461623,
0.15555484882880508
],
[
-0.6514245522997393,
-0.7418347816477758,
-0.15914524623337245,
0.6798273135942736
],
[
0.0,
0.0,
0.0,
1.0
]
],
"at_element": 24,
"to_element": 9
},
{
"pose": [
[
0.550000151503192,
0.19136409361073894,
-0.8129450270608746,
40.11153223886192
],
[
-0.2590529011738092,
-0.8862943231505349,
-0.3838931715263603,
0.09445320345504787
],
[
-0.7939719313300052,
0.4217370702554794,
-0.4378885883788548,
0.6641918448856892
],
[
0.0,
0.0,
0.0,
1.0
]
],
"at_element": 9,
"to_element": 34
},
{
"pose": [
[
0.6678017334903816,
-0.19136245673514674,
-0.7193199947864165,
40.1046399506924
],
[
0.4324579555410559,
0.8862975046275685,
0.16570108623722182,
0.12637503090208452
],
[
0.6058225494618793,
-0.4217311269555927,
0.6746272267854851,
0.6490022599091485
],
[
0.0,
0.0,
0.0,
1.0
]
],
"at_element": 34,
"to_element": 9
},
{
"pose": [
[
-0.9456785036055049,
-0.31375699532971274,
-0.08513938982705689,
40.31688035366688
],
[
0.23423127710441996,
-0.8391750557872222,
0.4908369735162019,
0.14016753893562622
],
[
-0.22545038621498387,
0.4442316666179741,
0.8670815127364507,
0.614374532682987
],
[
0.0,
0.0,
0.0,
1.0
]
],
"at_element": 10,
"to_element": 23
},
{
"pose": [
[
-0.04565722678864881,
0.31375563724702243,
0.9484054079019609,
40.328180235091615
],
[
-0.45398982882043243,
0.8391713867486261,
-0.2994739036877542,
0.17039009486682322
],
[
-0.8898363068393896,
-0.4442395567237374,
0.10412762972589451,
0.5983754043254947
],
[
0.0,
0.0,
0.0,
1.0
]
],
"at_element": 23,
"to_element": 10
},
{
"pose": [
[
-0.9155375903096523,
0.3438473163870541,
-0.20871019079914674,
40.15382148090257
],
[
-0.3662113145605289,
-0.4979347871778821,
0.786098098716672,
0.1411801670026759
],
[
0.16637365722326494,
0.7961343923807954,
0.5817987929264008,
0.7541665022002927
],
[
0.0,
0.0,
0.0,
1.0
]
],
"at_element": 11,
"to_element": 35
},
{
"pose": [
[
-0.20045262916982765,
-0.3438520467839994,
-0.9173791546472798,
40.14144135060482
],
[
0.7893631423657042,
0.4979365705708444,
-0.35911697420574207,
0.15910817285858045
],
[
0.580279736793768,
-0.7961312339122244,
0.17161143742756368,
0.7255018921898808
],
[
0.0,
0.0,
0.0,
1.0
]
],
"at_element": 35,
"to_element": 11
},
{
"pose": [
[
-0.28979010063157795,
-0.17437926705098944,
0.9410704377456022,
40.15741494764169
],
[
-0.9541061044394057,
-0.024950536363705922,
-0.2984275660970766,
0.16692103324455096
],
[
0.07551979242159945,
-0.9843624037710517,
-0.159145904737368,
0.685888815428712
],
[
0.0,
0.0,
0.0,
1.0
]
],
"at_element": 24,
"to_element": 35
},
{
"pose": [
[
0.35778754972189186,
0.1743769411304366,
-0.917377104393824,
40.16369485448386
],
[
-0.9329573534212974,
0.024951860041052654,
-0.35912112354694553,
0.16781965687083886
],
[
-0.03973217790574102,
0.9843627822517895,
0.1716137143598453,
0.7213389488128152
],
[
0.0,
0.0,
0.0,
1.0
]
],
"at_element": 35,
"to_element": 24
},
{
"pose": [
[
0.5763232413568986,
-0.3878542765032378,
-0.7193195268238087,
40.02525987337864
],
[
0.6845489117151091,
0.7098853075819845,
0.16569742770752627,
0.14466067202794544
],
[
0.4463679076070969,
-0.5879046778835674,
0.6746286243416306,
0.7234503694629042
],
[
0.0,
0.0,
0.0,
1.0
]
],
"at_element": 34,
"to_element": 35
},
{
"pose": [
[
0.08929527405114279,
0.38786414808188335,
-0.9173809223353441,
40.0392279329926
],
[
-0.6058854428691317,
-0.7098881066450464,
-0.3591123865354517,
0.11909512330882782
],
[
-0.7905246258981485,
0.5878947853796854,
0.17161158810513388,
0.7446228662265604
],
[
0.0,
0.0,
0.0,
1.0
]
],
"at_element": 35,
"to_element": 34
},
{
"pose": [
[
-0.8165065775982154,
0.5710235943498254,
-0.08514143195093232,
40.280052524002286
],
[
-0.5331117946016062,
-0.6891117796852531,
0.49083273072980615,
0.35247765834174166
],
[
0.2216051064292161,
0.4461580547236925,
0.8670837139571164,
0.9894345946529648
],
[
0.0,
0.0,
0.0,
1.0
]
],
"at_element": 10,
"to_element": 21
},
{
"pose": [
[
-0.5059345093572603,
-0.5710252556450715,
0.6464985921538494,
40.25948748966484
],
[
-0.7234053333140305,
0.689111575873276,
0.04254362149919563,
0.3772955299859878
],
[
-0.46980314598163886,
-0.4461562432746302,
-0.7617280424225066,
0.9733664205468998
],
[
0.0,
0.0,
0.0,
1.0
]
],
"at_element": 21,
"to_element": 10
},
{
"pose": [
[
-0.9400950356170352,
0.3301095747443423,
-0.08514101638056001,
40.26955031850416
],
[
-0.32789616169791447,
-0.8071973592055697,
0.49083248714335265,
0.41302221183953614
],
[
0.0933029000191338,
0.48934659695727295,
0.8670838926507376,
1.0963906081032275
],
[
0.0,
0.0,
0.0,
1.0
]
],
"at_element": 10,
"to_element": 33
},
{
"pose": [
[
-0.04150736388700382,
-0.33010916156944986,
-0.9430297345211691,
40.257660524016416
],
[
0.505495109721994,
0.807196212442127,
-0.3048097253471972,
0.442095598396449
],
[
0.8618305127983699,
-0.4893487673091651,
0.13336397992973792,
1.078765377843303
],
[
0.0,
0.0,
0.0,
1.0
]
],
"at_element": 33,
"to_element": 10
},
{
"pose": [
[
0.6885773708787623,
0.32848368439595166,
0.6464980072663429,
40.14856135655438
],
[
0.3973554245944305,
-0.9166781193361455,
0.04254282637210177,
0.36999514098307607
],
[
0.6066052018068022,
0.22759546264371733,
-0.7617285832400675,
1.1040640880647905
],
[
0.0,
0.0,
0.0,
1.0
]
],
"at_element": 21,
"to_element": 33
},
{
"pose": [
[
0.05287630794705356,
-0.32848066507749096,
-0.9430294527363063,
40.13673138860158
],
[
0.2584425415583361,
0.9166776606053612,
-0.3048106285219561,
0.4030084467877767
],
[
0.9645784305958516,
-0.22760166787027597,
0.13336390820575306,
1.0958672633543327
],
[
0.0,
0.0,
0.0,
1.0
]
],
"at_element": 33,
"to_element": 21
},
{
"pose": [
[
-0.9367059907999031,
-0.28110853461821805,
-0.20871003465183224,
40.25431129134607
],
[
0.010315628239888325,
-0.6180152042441747,
0.7860984640215543,
-0.23731044327103817
],
[
-0.34996496197989213,
0.7341901654801899,
0.5817983553591262,
0.47404186514605084
],
[
0.0,
0.0,
0.0,
1.0
]
],
"at_element": 11,
"to_element": 12
},
{
"pose": [
[
-0.16970664196016072,
0.28110928072483676,
-0.944551336860507,
40.26443564309312
],
[
0.7849963843647474,
0.6180139608910267,
0.04288846789124573,
-0.2150521473396358
],
[
0.5958022593183747,
-0.7341909264177469,
-0.3255508429676859,
0.4475993973770931
],
[
0.0,
0.0,
0.0,
1.0
]
],
"at_element": 12,
"to_element": 11
},
{
"pose": [
[
0.9315502968341784,
-0.29774881760090355,
-0.2087095735356141,
40.2407639851511
],
[
0.3409168558998421,
0.5155880829778119,
0.7860945401506304,
-0.18628508889262071
],
[
-0.1264505509340323,
-0.8034392138230052,
0.5818038224865414,
0.5118062336345627
],
[
0.0,
0.0,
0.0,
1.0
]
],
"at_element": 11,
"to_element": 36
},
{
"pose": [
[
0.40395590266656756,
0.2977437838983577,
0.8649672062284943,
40.25148741225369
],
[
0.8305968584643744,
-0.5155867279065993,
-0.21042619778838928,
-0.2048541015808297
],
[
0.38331251924500287,
0.8034419488403965,
-0.45557935360768376,
0.5407418772090289
],
[
0.0,
0.0,
0.0,
1.0
]
],
"at_element": 36,
"to_element": 11
},
{
"pose": [
[
0.32538067759037914,
0.04416392329395273,
-0.9445511963520621,
40.51135184048063
],
[
0.2555891099448615,
-0.9658338014498822,
0.04288676782485676,
-0.226263824362049
],
[
-0.9103854247122036,
-0.25537152514749084,
-0.32555147460182887,
0.532702084521042
],
[
0.0,
0.0,
0.0,
1.0
]
],
"at_element": 12,
"to_element": 26
},
{
"pose": [
[
-0.7375671523135134,
-0.04416799700721074,
0.6738277850226316,
40.50976100828471
],
[
0.14089007800540457,
0.9658325966080306,
0.217525587573095,
-0.19147472380723365
],
[
-0.6604125087759664,
0.25537537737565896,
-0.706143565348063,
0.5419004198607162
],
[
0.0,
0.0,
0.0,
1.0
]
],
"at_element": 26,
"to_element": 12
},
{
"pose": [
[
0.3122437808746503,
-0.14811647286300153,
-0.9383844264328597,
41.45536416636661
],
[
-0.5801842592402398,
-0.8118952141810878,
-0.06490290070328064,
-0.2426415909707675
],
[
-0.7522566361521562,
0.5647014004378503,
-0.33944407743923444,
1.173140375089013
],
[
0.0,
0.0,
0.0,
1.0
]
],
"at_element": 13,
