{
"line_pt_pairs": [
[
[
0.3860863539280359,
-0.1032347187369913,
0.4117882994022065
],
[
0.3860863539280359,
-0.1032347187369913,
-0.18821170059779335
]
],
[
[
-0.2626907064141198,
-0.386355374641857,
0.3992731464863615
],
[
-0.26937989801746237,
-0.4299381670083902,
-0.19910448922977175
]
],
[
[
-0.1999621342609271,
0.42933060399563594,
0.4210406502222613
],
[
-0.1847895917162273,
0.4417804600058835,
-0.1786382597270993
]
],
[
[
-0.40918534636595816,
-0.4152799851776984,
0.35695222681691213
],
[
0.5027797753581252,
-0.012314497237623623,
0.2798910025339094
]
],
[
[
0.3953699501705248,
-0.21574048184861674,
0.3348121443014925
],
[
-0.3632165087154026,
0.43582663355211226,
0.3374348381994481
]
],
[
[
-0.2261132311089768,
0.5187360111320283,
0.3092332766108617
],
[
-0.30684785951848276,
-0.47703269162920753,
0.2653401065637512
]
],
[
[
-0.38453344071428586,
-0.5367094290451073,
-0.41673019033904757
],
[
0.4911797478842782,
-0.056244131989446,
-0.4644744008755197
]
],
[
[
0.41833401226778383,
-0.2441961422422177,
-0.41293461863353687
],
[
-0.3166136390409109,
0.43252796500413215,
-0.45648266689593553
]
],
[
[
-0.20394565669514686,
0.5001117510358519,
-0.40592971288774354
],
[
-0.2880688969766065,
-0.49493629678393575,
-0.45886989587361565
]
],
[
[
-0.14598988837766308,
0.4986638969602706,
-0.0569825565343988
],
[
-0.23883902868855078,
-0.4922559892952275,
-0.1542287192706222
]
],
[
[
0.48506870354809345,
-0.08805269929584071,
-0.012535592941116828
],
[
-0.27668856740099396,
0.5596411122464422,
0.0022490831131074685
]
],
[
[
-0.377331053080908,
-0.4279823829537504,
0.008155701107457182
],
[
0.523278174936381,
0.0021906047841210308,
-0.05392665573227892
]
],
[
[
-0.19728626497293159,
-0.41200662001538196,
0.013690288835904
],
[
-0.18626760412747914,
-0.3800438155184563,
-0.585356427407382
]
],
[
[
-0.2464585475576202,
0.48545997727247714,
0.09683322472949908
],
[
-0.240136967273477,
0.48775142107895697,
-0.5031290965107542
]
],
[
[
0.4219326499484788,
-0.11130869144225825,
0.03682950110318157
],
[
0.4045820427802972,
-0.14983365246910585,
-0.5616809698234142
]
]
],
"contact_id_pairs": [
[
0,
3
],
[
3,
4
],
[
0,
11
],
[
0,
14
],
[
10,
11
],
[
1,
3
],
[
1,
5
],
[
1,
9
],
[
1,
11
],
[
9,
12
],
[
2,
5
],
[
4,
5
],
[
2,
9
],
[
2,
10
],
[
10,
13
],
[
6,
8
],
[
6,
12
],
[
6,
7
],
[
6,
14
],
[
7,
8
],
[
8,
13
]
],
"contact_t_pairs": [
[
0.20134535218213798,
0.8560873427304156
],
[
0.7473827602876936,
0.1594078285360816
],
[
0.7586470277097631,
0.8304391288526284
],
[
0.7986546478178504,
0.17415566720212897
],
[
0.0716284529382454,
0.8949493255332283
],
[
0.08554205342398737,
0.14391265726958433
],
[
0.21795047245875318,
0.9155634121124622
],
[
0.9144579465760126,
0.9367225961402836
],
[
0.660880926576742,
0.10505067446677173
],
[
0.9070501975424466,
0.26442428843600396
],
[
0.19121429874209203,
0.08443658788753805
],
[
0.8405921714639184,
0.18607065183479252
],
[
0.8087857012579079,
0.06327740385971635
],
[
0.7038758677665247,
0.8546434523923261
],
[
0.9283715470617544,
0.15999939889874773
],
[
0.11526703443974562,
0.984142613183777
],
[
0.2427722747053836,
0.7355757115639964
],
[
0.7993450004713355,
0.13938188781254046
],
[
0.8847329655602545,
0.8258443327978503
],
[
0.8606181121874599,
0.16432060674285276
],
[
0.01585738681622264,
0.8400006011012523
]
],
"half_couplers": [
{
"pose": [
[
0.9146850634413409,
0.404167335044917,
-1.6274783701728872e-16,
0.3860863539280359
],
[
0.404167335044917,
-0.914685063441341,
7.709946490597953e-16,
-0.1032347187369913
],
[
1.6274783701728872e-16,
-7.709946490597953e-16,
-1.0,
0.2909810880929237
],
[
0.0,
0.0,
0.0,
1.0
]
],
"at_element": 0,
"to_element": 3
},
{
"pose": [
[
-0.07048675082216538,
-0.40416733504491786,
0.9119651217240837,
0.37153645135363245
],
[
-0.031145629653759305,
0.9146850634413405,
0.4029654879400738,
-0.07030633139501442
],
[
-0.997026362596298,
5.273559366969494e-16,
-0.07706122428300222,
0.2909810880929238
],
[
0.0,
0.0,
0.0,
1.0
]
],
"at_element": 3,
"to_element": 0
},
{
"pose": [
[
0.4063212071571032,
-0.056768771108524796,
0.9119651217240834,
0.27240166359428974
],
[
-0.9131071318778619,
-0.062082052503139806,
0.40296548794007453,
-0.11411052650036801
],
[
0.03374081101840187,
-0.996455280172585,
-0.07706122428300244,
0.2993579963011325
],
[
0.0,
0.0,
0.0,
1.0
]
],
"at_element": 3,
"to_element": 4
},
{
"pose": [
[
-0.6490946703076039,
0.05676877110852485,
-0.7585864588859275,
0.27444533000264354
],
[
-0.7560463695338869,
0.062082052503139695,
0.651567115400729,
-0.11187558283706805
],
[
0.08408326880475281,
0.9964552801725852,
0.0026226938979554415,
0.33523022224068044
],
[
0.0,
0.0,
0.0,
1.0
]
],
"at_element": 4,
"to_element": 3
},
{
"pose": [
[
0.9023498337562343,
0.43100438225161497,
6.550392530192343e-17,
0.3860863539280359
],
[
0.43100438225161497,
-0.9023498337562343,
-2.891185949375064e-16,
-0.1032347187369913
],
[
-6.550392530192343e-17,
2.891185949375064e-16,
-1.0,
-0.04339991722365126
],
[
0.0,
0.0,
0.0,
1.0
]
],
"at_element": 0,
"to_element": 11
},
{
"pose": [
[
-0.05602000437353216,
-0.43100438225161286,
0.9006092280172879,
0.3705700896704076
],
[
-0.026757767858433285,
0.9023498337562353,
0.4301729877378734,
-0.07074990176078005
],
[
-0.9980710300220239,
1.6375789613221059e-15,
-0.0620823568397364,
-0.04339991722365128
],
[
0.0,
0.0,
0.0,
1.0
]
],
"at_element": 11,
"to_element": 0
},
{
"pose": [
[
-0.41064758072619134,
-0.9117941458705062,
3.164460882205411e-14,
0.3860863539280359
],
[
-0.9117941458705062,
0.41064758072619134,
-4.89577511327837e-14,
-0.1032347187369913
],
[
3.164460882205411e-14,
-4.89577511327837e-14,
-1.0,
-0.06740448928850365
],
[
0.0,
0.0,
0.0,
1.0
]
],
"at_element": 0,
"to_element": 14
},
{
"pose": [
[
0.409628128208837,
0.9117941458705057,
-0.028917678613603837,
0.4189109433807421
],
[
0.9095305727217788,
-0.4106475807261931,
-0.06420826837812897,
-0.1180180317338249
],
[
-0.07041969798655429,
4.819755705653961e-14,
-0.9975174515443241,
-0.06740448928850012
],
[
0.0,
0.0,
0.0,
1.0
]
],
"at_element": 14,
"to_element": 0
},
{
"pose": [
[
-0.6458506514098312,
0.051017607055752257,
-0.7617572709490876,
0.4305052087155505
],
[
-0.7609910098418613,
0.03722108850764905,
0.6476938115422829,
-0.04165939359739153
],
[
0.061397223173047855,
0.9980039049726263,
0.014784676054223844,
-0.01147658946815962
],
[
0.0,
0.0,
0.0,
1.0
]
],
"at_element": 10,
"to_element": 11
},
{
"pose": [
[
0.4316250944748329,
-0.05101760705575187,
0.9006092280172886,
0.42866856810216614
],
[
-0.901978819701981,
-0.03722108850764916,
0.4301729877378718,
-0.042999357715128694
],
[
0.011575259332427479,
-0.9980039049726263,
-0.06208235683973662,
-0.04740486227377784
],
[
0.0,
0.0,
0.0,
1.0
]
],
"at_element": 11,
"to_element": 10
},
{
"pose": [
[
0.9130215368994566,
0.4077589737839598,
-0.011148652672237446,
-0.26326291359961623
],
[
0.4059674973221615,
-0.9109962205861484,
-0.07263798727755624,
-0.3900835361948415
],
[
-0.039775171599064636,
0.06179405615757531,
-0.9972960595268887,
0.3480866948042128
],
[
0.0,
0.0,
0.0,
1.0
]
],
"at_element": 1,
"to_element": 3
},
{
"pose": [
[
-0.0453016120842229,
-0.4077589737839601,
0.9119651217240837,
-0.2779420223614654
],
[
-0.0877764296777418,
0.9109962205861483,
0.4029654879400746,
-0.3572881510203076
],
[
-0.9951095730298244,
-0.061794056157576466,
-0.07706122428300288,
0.34586214125789777
],
[
0.0,
0.0,
0.0,
1.0
]
],
"at_element": 3,
"to_element": 1
},
{
"pose": [
[
0.07997953332413643,
0.9967341580345519,
-0.011148652672238153,
-0.2641486188844354
],
[
0.9940978383849086,
-0.08058045993116392,
-0.0726379872775548,
-0.3958542648292146
],
[
-0.07329912665035984,
-0.005273299198312688,
-0.9972960595268887,
0.2688564580732785
],
[
0.0,
0.0,
0.0,
1.0
]
],
"at_element": 1,
"to_element": 5
},
{
"pose": [
[
0.0017140544717424433,
-0.996734158034552,
-0.08073462840950513,
-0.3000309029712158
],
[
-0.04417555974164278,
0.08058045993116458,
-0.995768702761236,
-0.3929533800428489
],
[
0.9990223130334881,
0.005273299198312542,
-0.04389317004711146,
0.2690462960740967
],
[
0.0,
0.0,
0.0,
1.0
]
],
"at_element": 5,
"to_element": 1
},
{
"pose": [
[
-0.09229732815903136,
-0.9956690769318377,
-0.011148652672237098,
-0.268807690831966
],
[
-0.9930255287745642,
0.09286561261448045,
-0.07263798727755594,
-0.4262100054554057
],
[
0.07335872420306408,
0.0043666045664040795,
-0.9972960595268887,
-0.14791803754762303
],
[
0.0,
0.0,
0.0,
1.0
]
],
"at_element": 1,
"to_element": 9
},
{
"pose": [
[
0.0047038691766442264,
0.9956690769318377,
-0.09284914031088831,
-0.2329637761390713
],
[
0.09723043256680741,
-0.09286561261447979,
-0.9909198862554978,
-0.42955315146001416
],
[
-0.9952507807571117,
-0.004366604566402921,
-0.09724616273622377,
-0.1480752345573545
],
[
0.0,
0.0,
0.0,
1.0
]
],
"at_element": 9,
"to_element": 1
},
{
"pose": [
[
0.9010308941940948,
0.4336116179847858,
-0.011148652672237198,
-0.2671114655589862
],
[
0.43176315392812764,
-0.8990574518429295,
-0.07263798727755727,
-0.4151584108438532
],
[
-0.04151995445356334,
0.060635493189342325,
-0.9972960595268885,
0.003816780151483151
],
[
0.0,
0.0,
0.0,
1.0
]
],
"at_element": 1,
"to_element": 11
},
{
"pose": [
[
-0.029731854276517256,
-0.4336116179847854,
0.9006092280172887,
-0.28272144624669315
],
[
-0.08152851590928925,
0.8990574518429295,
0.43017298773787177,
-0.3827924204545007
],
[
-0.9962274428738193,
-0.0606354931893438,
-0.062082356839736175,
0.0016339076489561045
],
[
0.0,
0.0,
0.0,
1.0
]
],
"at_element": 11,
"to_element": 1
},
{
"pose": [
[
-0.02233998541640103,
-0.9954295365293943,
-0.09284914031088554,
-0.2302087194383001
],
[
-0.09557019578109649,
0.09457334033306108,
-0.9909198862554984,
-0.4001501816165177
],
[
0.9951719764593243,
-0.013263525290151623,
-0.09724616273622133,
-0.14518970765453515
],
[
0.0,
0.0,
0.0,
1.0
]
],
"at_element": 9,
"to_element": 12
},
{
"pose": [
[
0.093716515841481,
0.9954295365293943,
0.01836443474242062,
-0.19437266341935516
],
[
0.9940915689938287,
-0.09457334033305931,
0.0532713408282096,
-0.40355487817986324
],
[
0.05476465204784328,
0.013263525290153854,
-0.9984111937388103,
-0.14471221284665167
],
[
0.0,
0.0,
0.0,
1.0
]
],
"at_element": 12,
"to_element": 9
},
{
"pose": [
[
0.0812880793697085,
0.9963698042945527,
0.02528757090783266,
-0.19706092717810775
],
[
0.9964311232420747,
-0.08181970480129253,
0.020749760017079625,
0.43171119448207546
],
[
0.022743455914197186,
0.02351061454458454,
-0.9994648499156009,
0.3063734679858721
],
[
0.0,
0.0,
0.0,
1.0
]
],
"at_element": 2,
"to_element": 5
},
{
"pose": [
[
-0.027002460362227643,
-0.9963698042945528,
-0.08073462840950574,
-0.23293018765624376
],
[
-0.041835708520771175,
0.0818197048012923,
-0.9957687027612359,
0.43465669954566943
],
[
0.9987595509565611,
-0.023510614544584196,
-0.0438931700471108,
0.3055270871005162
],
[
0.0,
0.0,
0.0,
1.0
]
],
"at_element": 5,
"to_element": 2
},
{
"pose": [
[
-0.6507802350937939,
-0.03211962026821713,
-0.7585864588859281,
-0.24229188854752137
],
[
-0.7574596350546848,
-0.041414917495968595,
0.6515671154007281,
0.3319617345405636
],
[
-0.0523448839342488,
0.9986256228450319,
0.002622693897957773,
0.3370167602602602
],
[
0.0,
0.0,
0.0,
1.0
]
],
"at_element": 4,
"to_element": 5
},
{
"pose": [
[
-0.9962179730206662,
0.0321196202682163,
-0.08073462840950592,
-0.2411355760427733
],
[
0.08203350053488642,
0.04141491749597248,
-0.9957687027612359,
0.3334526795325593
],
[
-0.02864009463301756,
-0.9986256228450316,
-0.04389317004710902,
0.3010660458491004
],
[
0.0,
0.0,
0.0,
1.0
]
],
"at_element": 5,
"to_element": 4
},
{
"pose": [
[
-0.09499007501015333,
-0.9951569848054862,
0.025287570907831992,
-0.18769079879904663
],
[
-0.9952109829728331,
0.09552249384035705,
0.02074976001708037,
0.439399869519444
],
[
-0.023064800450316107,
-0.023195447039713546,
-0.9994648499156011,
-0.06397107749071014
],
[
0.0,
0.0,
0.0,
1.0
]
],
"at_element": 2,
"to_element": 9
},
{
"pose": [
[
0.0322740257232067,
0.9951569848054864,
-0.09284914031088776,
-0.15186514092714257
],
[
0.09462152077571973,
-0.09552249384035694,
-0.9909198862554981,
0.4359610591250572
],
[
-0.9949900276232462,
0.02319544703971277,
-0.09724616273622355,
-0.0631360412476665
],
[
0.0,
0.0,
0.0,
1.0
]
],
"at_element": 9,
"to_element": 2
},
{
"pose": [
[
0.7613979150077267,
-0.6477914431199813,
0.025287570907832596,
-0.18928254771105202
],
[
-0.6482588277524385,
-0.761137267317971,
0.020749760017078178,
0.43809375719841726
],
[
0.0058057956320407625,
-0.03219171508733224,
-0.9994648499156014,
-0.0010588628996284766
],
[
0.0,
0.0,
0.0,
1.0
]
],
"at_element": 2,
"to_element": 10
},
{
"pose": [
[
-0.009597206714902162,
0.6477914431199822,
-0.7617572709490881,
-0.1659621603807912
],
[
-0.03409965966932271,
0.7611372673179702,
0.6476938115422821,
0.4654945758938006
],
[
0.9993723564486401,
0.03219171508733004,
0.014784676054224621,
0.00010003364436757798
],
[
0.0,
0.0,
0.0,
1.0
]
],
"at_element": 10,
"to_element": 2
},
{
"pose": [
[
0.004956159151271899,
0.6478435742080544,
-0.7617572709490867,
-0.22212507256845085
],
[
-0.016994093387847298,
0.7617111836383617,
0.6476938115422837,
0.5132478065479928
],
[
0.999843306361748,
0.00973530059008304,
0.014784676054223844,
0.0011900796401502567
],
[
0.0,
0.0,
0.0,
1.0
]
],
"at_element": 10,
"to_element": 13
},
{
"pose": [
[
0.7617005295742887,
-0.6478435742080553,
0.010535967140238708,
-0.2454470985120671
],
[
-0.6479054617778626,
-0.761711183638361,
0.0038190730107998177,
0.4858266069041242
],
[
0.005551202091688032,
-0.00973530059008184,
-0.9999372020670889,
0.0008396139691611709
],
[
0.0,
0.0,
0.0,
1.0
]
],
"at_element": 13,
"to_element": 10
},
{
"pose": [
[
-0.47487612829232906,
0.08728730774072058,
0.8757131885985641,
-0.2835925784447557
],
[
0.8749394681078724,
-0.06028287876610161,
0.48046529705566127,
-0.4813276191022898
],
[
0.09472903422499779,
0.9943575314920927,
-0.04774421053647204,
-0.4222335238992536
],
[
0.0,
0.0,
0.0,
1.0
]
],
"at_element": 6,
"to_element": 8
},
{
"pose": [
[
-0.9926249071789024,
-0.08728730774072048,
-0.08412324028145965,
-0.2867349222152293
],
[
0.0790275715032505,
0.06028287876610139,
-0.9950480478197875,
-0.4791574349889299
],
[
0.09192625626214779,
-0.9943575314920928,
-0.05294018298587244,
-0.4580304029138871
],
[
0.0,
0.0,
0.0,
1.0
]
],
"at_element": 8,
"to_element": 6
},
{
"pose": [
[
0.06011690274417214,
0.47907449245287864,
0.8757131885985642,
-0.17193455792870788
],
[
-0.010385529463057708,
-0.876952244482553,
0.480465297055661,
-0.4200657759619066
],
[
0.9981373145926465,
-0.03797883065642352,
-0.047744210536472265,
-0.42832116093499967
],
[
0.0,
0.0,
0.0,
1.0
]
],
"at_element": 6,
"to_element": 12
},
{
"pose": [
[
-0.8775821204979102,
-0.4790744924528784,
0.018364434742420818,
-0.18918120568105554
],
[
-0.4776158761425096,
0.8769522444825532,
0.05327134082820921,
-0.38849555735397495
],
[
-0.04162567283557794,
0.037978830656423476,
-0.9984111937388105,
-0.42695392572482654
],
[
0.0,
0.0,
0.0,
1.0
]
],
"at_element": 12,
"to_element": 6
},
{
"pose": [
[
0.48268244401814964,
-0.012002897616839925,
0.8757131885985647,
0.31546351843878806
],
[
-0.8736101937195427,
-0.07719020504260454,
0.4804652970556602,
-0.1526518959436894
],
[
0.06182950481743271,
-0.996944132183083,
-0.04774421053646982,
-0.45489428633282747
],
[
0.0,
0.0,
0.0,
1.0
]
],
"at_element": 6,
"to_element": 7
},
{
"pose": [
[
-0.6780176106006635,
0.012002897616838593,
-0.7349476513086948,
0.31589562118498526
],
[
-0.7321790456692351,
0.07719020504260277,
0.6767241072463498,
-0.14987305864596537
],
[
0.0648534100742219,
0.9969441321830831,
-0.04354804826239844,
-0.41900442781090164
],
[
0.0,
0.0,
0.0,
1.0
]
],
"at_element": 7,
"to_element": 6
},
{
"pose": [
[
-0.021433080654707615,
-0.4823557135228973,
0.8757131885985648,
0.3902388856147482
],
[
-0.060103564928620595,
0.8749518042772914,
0.48046529705566,
-0.11162594193226347
],
[
-0.9979620155780079,
-0.04233563302620122,
-0.04774421053647182,
-0.4589710673153137
],
[
0.0,
0.0,
0.0,
1.0
]
],
"at_element": 6,
"to_element": 14
},
{
"pose": [
[
0.8754979917140966,
0.4823557135228959,
-0.02891767861363656,
0.4076037493480342
],
[
0.4799339938614477,
-0.8749518042772919,
-0.0642082683780771,
-0.1431243121775384
],
[
-0.05627280018608914,
0.04233563302620187,
-0.9975174515443261,
-0.45744697943172014
],
[
0.0,
0.0,
0.0,
1.0
]
],
"at_element": 14,
"to_element": 6
},
{
"pose": [
[
0.6707363675181284,
0.09982321936513361,
-0.7349476513086947,
-0.21417524795811255
],
[
0.7348939051575982,
0.04444581908173029,
0.6767241072463499,
0.3382048814078801
],
[
0.10021812935193553,
-0.9940120190630164,
-0.043548048262398886,
-0.4504128577185708
],
[
0.0,
0.0,
0.0,
1.0
]
],
"at_element": 7,
"to_element": 8
},
{
"pose": [
[
0.9914426888732036,
-0.09982321936513379,
-0.08412324028145977,
-0.2177688385793711
],
[
-0.08890417142172598,
-0.04444581908173162,
-0.9950480478197876,
0.3366048520798133
],
[
0.09558997323824399,
0.9940120190630164,
-0.05294018298587044,
-0.41462887587705965
],
[
0.0,
0.0,
0.0,
1.0
]
],
"at_element": 8,
"to_element": 7
},
{
"pose": [
[
0.014611964210236472,
0.9963482177163097,
-0.08412324028145929,
-0.205279631456524
],
[
0.051890955897883784,
-0.08477447272636729,
-0.9950480478197876,
0.4843328892408464
],
[
-0.9985458523262327,
0.010174371110776237,
-0.05294018298587155,
-0.4067692058474721
],
[
0.0,
0.0,
0.0,
1.0
]
],
"at_element": 8,
"to_element": 13
},
{
"pose": [
[
-0.0847302923986053,
-0.9963482177163097,
0.010535967140239537,
-0.24114841631903008
],
[
-0.9963928459474731,
0.08477447272636685,
0.0038190730107987786,
0.48738479144730995
],
[
-0.004698307646613959,
-0.01017437111077573,
-0.9999372020670889,
-0.4071354857504163
],
[
0.0,
0.0,
0.0,
1.0
]
],
"at_element": 13,
"to_element": 8
}
],
"nstatus": 0,
"opt_line_pos": [
[
0.3860863539280359,
-0.1032347187369913,
0.3704553648873813
],
[
-0.2637394841081007,
-0.39318858606498047,
0.30545536488738123
],
[
-0.19813231885282792,
0.43083206219152187,
0.3487191058202794
],
[
-0.2673867438487344,
-0.352624142655399,
0.34497021823862556
],
[
0.32108685289839084,
-0.1519370447509948,
0.3350689664786547
],
[
-0.23306210946138897,
0.43302959594262763,
0.30545536488738123
],
[
-0.19675600429088036,
-0.4336842114896822,
-0.4269678863967552
],
[
0.33583706972143523,
-0.16823471873699133,
-0.4178228318676516
],
[
-0.20998726189652023,
0.42864888962905706,
-0.40973179758893874
],
[
-0.1514707400743118,
0.44017024885926015,
-0.06272296289939891
],
[
0.4407463412480483,
-0.05036704683215336,
-0.011675355968586602
],
[
-0.244376541908932,
-0.36447710505426706,
-0.0010093497817091888
],
[
-0.19591927585482058,
-0.40804127372290216,
-0.06062821082847863
],
[
-0.24519619121257624,
0.485917555678256,
-0.022973249120825334
],
[
0.4195889044907202,
-0.1165126996675487,
-0.044018170915328676
]
],
"opt_line_orient": [
[
0.0,
0.0,
-1.0
],
[
-0.011148652672237632,
-0.07263798727755547,
-0.9972960595268888
],
[
0.025287570907832995,
0.02074976001707928,
-0.999464849915601
],
[
0.9119651217240834,
0.40296548794007475,
-0.07706122428300273
],
[
-0.7585864588859274,
0.651567115400729,
0.0026226938979556215
],
[
-0.08073462840950597,
-0.9957687027612359,
-0.043893170047110554
],
[
0.8757131885985641,
0.4804652970556613,
-0.04774421053647216
],
[
-0.7349476513086947,
0.6767241072463499,
-0.043548048262398664
],
[
-0.08412324028145964,
-0.9950480478197876,
-0.05294018298587211
],
[
-0.0928491403108877,
-0.9909198862554981,
-0.09724616273622338
],
[
-0.7617572709490875,
0.6476938115422829,
0.014784676054224299
],
[
0.9006092280172888,
0.43017298773787144,
-0.0620823568397361
],
[
0.01836443474242074,
0.053271340828209446,
-0.9984111937388103
],
[
0.010535967140238642,
0.003819073010799767,
-0.9999372020670888
],
[
-0.028917678613636085,
-0.06420826837807933,
-0.9975174515443263
]
],
"opt_edge_ids": [
[
0,
1
],
[
2,
3
],
[
4,
5
],
[
2,
0
],
[
0,
4
],
[
4,
2
],
[
6,
7
],
[
7,
8
],
[
8,
6
],
[
5,
3
],
[
1,
5
],
[
3,
1
],
[
3,
6
],
[
5,
8
],
[
1,
7
]
]
}