{
"contact_id_pairs": [
[
0,
17
],
[
1,
17
],
[
1,
20
],
[
5,
6
],
[
5,
17
],
[
5,
20
],
[
6,
17
],
[
16,
20
],
[
0,
3
],
[
0,
36
],
[
3,
36
],
[
4,
36
],
[
1,
4
],
[
1,
38
],
[
2,
37
],
[
2,
38
],
[
4,
38
],
[
37,
38
],
[
2,
7
],
[
6,
7
],
[
6,
19
],
[
6,
40
],
[
7,
40
],
[
19,
40
],
[
3,
5
],
[
3,
10
],
[
5,
10
],
[
5,
15
],
[
7,
14
],
[
7,
20
],
[
8,
14
],
[
8,
20
],
[
8,
25
],
[
14,
20
],
[
14,
25
],
[
18,
20
],
[
8,
22
],
[
9,
22
],
[
9,
47
],
[
22,
47
],
[
9,
13
],
[
9,
49
],
[
12,
21
],
[
12,
48
],
[
13,
48
],
[
13,
49
],
[
21,
25
],
[
25,
49
],
[
10,
21
],
[
10,
26
],
[
11,
21
],
[
21,
24
],
[
21,
26
],
[
23,
24
],
[
23,
26
],
[
24,
26
],
[
11,
12
],
[
11,
42
],
[
11,
43
],
[
12,
42
],
[
34,
42
],
[
42,
43
],
[
13,
51
],
[
14,
43
],
[
22,
51
],
[
35,
43
],
[
35,
51
],
[
43,
51
],
[
44,
51
],
[
51,
52
],
[
15,
23
],
[
16,
54
],
[
33,
41
],
[
41,
42
],
[
41,
53
],
[
41,
54
],
[
42,
53
],
[
53,
54
],
[
17,
19
],
[
18,
19
],
[
18,
44
],
[
19,
32
],
[
19,
41
],
[
19,
44
],
[
32,
44
],
[
41,
44
],
[
26,
27
],
[
27,
45
],
[
28,
29
],
[
28,
35
],
[
29,
35
],
[
35,
50
],
[
28,
51
],
[
28,
53
],
[
31,
34
],
[
31,
53
],
[
34,
53
],
[
51,
53
],
[
29,
30
],
[
29,
52
],
[
30,
52
],
[
30,
54
],
[
32,
52
],
[
32,
54
],
[
30,
31
],
[
30,
33
],
[
30,
50
],
[
31,
50
],
[
36,
37
],
[
37,
39
],
[
38,
40
],
[
39,
40
],
[
45,
46
],
[
46,
49
],
[
46,
47
],
[
47,
48
]
],
"contact_t_bound_pairs": [
[
[
0.6,
0.9
],
[
0.1,
0.4
]
],
[
[
0.1,
0.4
],
[
0.1,
0.4
]
],
[
[
0.1,
0.4
],
[
0.6,
0.9
]
],
[
[
0.1,
0.4
],
[
0.6,
0.9
]
],
[
[
0.1,
0.4
],
[
0.1,
0.4
]
],
[
[
0.1,
0.4
],
[
0.6,
0.9
]
],
[
[
0.6,
0.9
],
[
0.1,
0.4
]
],
[
[
0.1,
0.4
],
[
0.6,
0.9
]
],
[
[
0.1,
0.4
],
[
0.6,
0.9
]
],
[
[
0.1,
0.4
],
[
0.1,
0.4
]
],
[
[
0.6,
0.9
],
[
0.1,
0.4
]
],
[
[
0.1,
0.4
],
[
0.1,
0.4
]
],
[
[
0.6,
0.9
],
[
0.6,
0.9
]
],
[
[
0.6,
0.9
],
[
0.1,
0.4
]
],
[
[
0.1,
0.4
],
[
0.6,
0.9
]
],
[
[
0.1,
0.4
],
[
0.1,
0.4
]
],
[
[
0.6,
0.9
],
[
0.1,
0.4
]
],
[
[
0.6,
0.9
],
[
0.1,
0.4
]
],
[
[
0.6,
0.9
],
[
0.6,
0.9
]
],
[
[
0.1,
0.4
],
[
0.6,
0.9
]
],
[
[
0.1,
0.4
],
[
0.1,
0.4
]
],
[
[
0.1,
0.4
],
[
0.1,
0.4
]
],
[
[
0.6,
0.9
],
[
0.1,
0.4
]
],
[
[
0.1,
0.4
],
[
0.1,
0.4
]
],
[
[
0.1,
0.4
],
[
0.6,
0.9
]
],
[
[
0.1,
0.4
],
[
0.1,
0.4
]
],
[
[
0.6,
0.9
],
[
0.1,
0.4
]
],
[
[
0.6,
0.9
],
[
0.1,
0.4
]
],
[
[
0.1,
0.4
],
[
0.1,
0.4
]
],
[
[
0.1,
0.4
],
[
0.1,
0.4
]
],
[
[
0.6,
0.9
],
[
0.1,
0.4
]
],
[
[
0.6,
0.9
],
[
0.1,
0.4
]
],
[
[
0.6,
0.9
],
[
0.6,
0.9
]
],
[
[
0.1,
0.4
],
[
0.1,
0.4
]
],
[
[
0.1,
0.4
],
[
0.6,
0.9
]
],
[
[
0.1,
0.4
],
[
0.1,
0.4
]
],
[
[
0.1,
0.4
],
[
0.1,
0.4
]
],
[
[
0.6,
0.9
],
[
0.1,
0.4
]
],
[
[
0.6,
0.9
],
[
0.6,
0.9
]
],
[
[
0.1,
0.4
],
[
0.6,
0.9
]
],
[
[
0.1,
0.4
],
[
0.1,
0.4
]
],
[
[
0.1,
0.4
],
[
0.6,
0.9
]
],
[
[
0.1,
0.4
],
[
0.6,
0.9
]
],
[
[
0.1,
0.4
],
[
0.1,
0.4
]
],
[
[
0.1,
0.4
],
[
0.1,
0.4
]
],
[
[
0.1,
0.4
],
[
0.6,
0.9
]
],
[
[
0.6,
0.9
],
[
0.1,
0.4
]
],
[
[
0.1,
0.4
],
[
0.6,
0.9
]
],
[
[
0.6,
0.9
],
[
0.1,
0.4
]
],
[
[
0.6,
0.9
],
[
0.1,
0.4
]
],
[
[
0.1,
0.4
],
[
0.1,
0.4
]
],
[
[
0.1,
0.4
],
[
0.1,
0.4
]
],
[
[
0.1,
0.4
],
[
0.1,
0.4
]
],
[
[
0.1,
0.4
],
[
0.1,
0.4
]
],
[
[
0.1,
0.4
],
[
0.1,
0.4
]
],
[
[
0.1,
0.4
],
[
0.1,
0.4
]
],
[
[
0.6,
0.9
],
[
0.6,
0.9
]
],
[
[
0.6,
0.9
],
[
0.6,
0.9
]
],
[
[
0.6,
0.9
],
[
0.1,
0.4
]
],
[
[
0.6,
0.9
],
[
0.6,
0.9
]
],
[
[
0.1,
0.4
],
[
0.6,
0.9
]
],
[
[
0.6,
0.9
],
[
0.1,
0.4
]
],
[
[
0.6,
0.9
],
[
0.1,
0.4
]
],
[
[
0.6,
0.9
],
[
0.6,
0.9
]
],
[
[
0.6,
0.9
],
[
0.1,
0.4
]
],
[
[
0.1,
0.4
],
[
0.6,
0.9
]
],
[
[
0.1,
0.4
],
[
0.1,
0.4
]
],
[
[
0.6,
0.9
],
[
0.1,
0.4
]
],
[
[
0.1,
0.4
],
[
0.1,
0.4
]
],
[
[
0.1,
0.4
],
[
0.1,
0.4
]
],
[
[
0.6,
0.9
],
[
0.6,
0.9
]
],
[
[
0.6,
0.9
],
[
0.1,
0.4
]
],
[
[
0.1,
0.4
],
[
0.6,
0.9
]
],
[
[
0.6,
0.9
],
[
0.1,
0.4
]
],
[
[
0.6,
0.9
],
[
0.1,
0.4
]
],
[
[
0.6,
0.9
],
[
0.1,
0.4
]
],
[
[
0.1,
0.4
],
[
0.1,
0.4
]
],
[
[
0.1,
0.4
],
[
0.1,
0.4
]
],
[
[
0.6,
0.9
],
[
0.6,
0.9
]
],
[
[
0.6,
0.9
],
[
0.6,
0.9
]
],
[
[
0.6,
0.9
],
[
0.6,
0.9
]
],
[
[
0.6,
0.9
],
[
0.1,
0.4
]
],
[
[
0.6,
0.9
],
[
0.1,
0.4
]
],
[
[
0.6,
0.9
],
[
0.6,
0.9
]
],
[
[
0.1,
0.4
],
[
0.6,
0.9
]
],
[
[
0.1,
0.4
],
[
0.6,
0.9
]
],
[
[
0.6,
0.9
],
[
0.1,
0.4
]
],
[
[
0.1,
0.4
],
[
0.1,
0.4
]
],
[
[
0.6,
0.9
],
[
0.1,
0.4
]
],
[
[
0.6,
0.9
],
[
0.6,
0.9
]
],
[
[
0.1,
0.4
],
[
0.6,
0.9
]
],
[
[
0.6,
0.9
],
[
0.6,
0.9
]
],
[
[
0.1,
0.4
],
[
0.6,
0.9
]
],
[
[
0.1,
0.4
],
[
0.6,
0.9
]
],
[
[
0.6,
0.9
],
[
0.6,
0.9
]
],
[
[
0.6,
0.9
],
[
0.6,
0.9
]
],
[
[
0.6,
0.9
],
[
0.6,
0.9
]
],
[
[
0.6,
0.9
],
[
0.6,
0.9
]
],
[
[
0.6,
0.9
],
[
0.6,
0.9
]
],
[
[
0.6,
0.9
],
[
0.6,
0.9
]
],
[
[
0.6,
0.9
],
[
0.6,
0.9
]
],
[
[
0.6,
0.9
],
[
0.6,
0.9
]
],
[
[
0.6,
0.9
],
[
0.6,
0.9
]
],
[
[
0.6,
0.9
],
[
0.6,
0.9
]
],
[
[
0.1,
0.4
],
[
0.1,
0.4
]
],
[
[
0.1,
0.4
],
[
0.6,
0.9
]
],
[
[
0.1,
0.4
],
[
0.1,
0.4
]
],
[
[
0.1,
0.4
],
[
0.1,
0.4
]
],
[
[
0.6,
0.9
],
[
0.1,
0.4
]
],
[
[
0.1,
0.4
],
[
0.1,
0.4
]
],
[
[
0.6,
0.9
],
[
0.6,
0.9
]
],
[
[
0.6,
0.9
],
[
0.6,
0.9
]
],
[
[
0.6,
0.9
],
[
0.1,
0.4
]
],
[
[
0.1,
0.4
],
[
0.1,
0.4
]
],
[
[
0.6,
0.9
],
[
0.1,
0.4
]
],
[
[
0.1,
0.4
],
[
0.6,
0.9
]
]
],
"line_pt_pairs": [
[
[
19.01159608768511,
0.649673715694959,
1.2741363645494836
],
[
19.4117608432119,
-0.15771379087466134,
1.0858055427987807
]
],
[
[
19.53063274996783,
0.12922067410979568,
1.1052443838144468
],
[
18.58153893714078,
-0.12026652442950442,
0.9880189604520513
]
],
[
[
18.514794992257563,
0.037536501053376574,
1.1433694203691596
],
[
19.32776148013752,
-0.20272142513836386,
0.6976912947031386
]
],
[
[
19.678477793939983,
0.4526073500883795,
1.4649782581702684
],
[
18.937558425284767,
0.5306581595563556,
1.2413363261575854
]
],
[
[
19.04706066969434,
0.6475287504698733,
1.3870564828719167
],
[
18.64733846911444,
-0.29937963644860577,
0.9440687411597024
]
],
[
[
19.26902156627716,
-0.03239559421545991,
0.9327665238123118
],
[
19.67589543823813,
0.5709055414835933,
1.499567478085677
]
],
[
[
19.27200564150261,
-0.29914932128122945,
0.7253918083202348
],
[
19.355144616716387,
0.1632494447025944,
1.0485791487164682
]
],
[
[
19.84442651357599,
-0.3545241376460398,
1.151366501090573
],
[
19.191382451693325,
-0.1207964730800535,
0.6981738504340238
]
],
[
[
20.19875854171867,
-0.2757793050051932,
1.798035084919648
],
[
19.711309094971188,
-0.3307298256009868,
0.8860704885995245
]
],
[
[
20.421313052446276,
0.2070900977869399,
1.7049037628438344
],
[
20.108487950555666,
-0.560554499681694,
1.737879042843049
]
],
[
[
19.352556173161723,
0.5303831855042676,
1.3597805097443496
],
[
20.205511650553458,
0.397832042937684,
1.7046621010205263
]
],
[
[
20.148910118712617,
0.342365067157399,
1.9579793136991315
],
[
19.79024585890127,
-0.013539899654947882,
0.7018269773570833
]
],
[
[
20.241105601578024,
0.15483245643755036,
1.9757356131547836
],
[
19.78220728109633,
0.1233901355272844,
0.6645036197795503
]
],
[
[
20.38687019151717,
-0.046387389002152286,
2.08651066139883
],
[
19.933531528818616,
-0.036945995573052226,
0.5357794547003194
]
],
[
[
19.603882107241443,
-0.501192824077977,
1.1544675246754201
],
[
20.00868186879873,
0.05914156097576098,
0.7648121883358979
]
],
[
[
19.49229605905664,
0.2615962413128604,
1.4863184707597472
],
[
19.771216556601384,
0.5839402717726523,
0.932358794611318
]
],
[
[
19.24405249050143,
0.3457152340340364,
1.165225884714207
],
[
19.847583875145027,
0.27357769962028566,
0.6437376018405756
]
],
[
[
19.32832420860254,
0.06262645305264687,
1.3052191971553884
],
[
19.429310168140507,
-0.0008869771969779037,
0.46983059248152026
]
],
[
[
19.626550427307,
-0.3341295931446195,
1.0559866409689718
],
[
19.511308210983167,
0.2549185621520577,
0.788748997637559
]
],
[
[
19.013075460913413,
-0.386799932458449,
0.8028453241397194
],
[
19.680789630658904,
0.25573343046644104,
0.8117281722065386
]
],
[
[
19.813964639129804,
-0.46360490142340494,
0.9755411621362535
],
[
19.18161739600137,
0.4746028187489501,
1.109159788004976
]
],
[
[
19.956512394322107,
0.4592507163200331,
1.5412718326403336
],
[
20.394536559346548,
-0.0149579244170805,
2.017926443726127
]
],
[
[
20.189773933321298,
-0.41283981343819504,
1.9183646902537201
],
[
19.954140886936024,
0.026764063246527914,
0.6489029444057216
]
],
[
[
19.988475911749113,
0.3555769414119304,
1.858447221882173
],
[
19.67775578502607,
0.545009230876134,
0.772649183667601
]
],
[
[
20.077217923001548,
0.3434008869962273,
1.759105721146662
],
[
19.54390078349166,
0.4764384004643702,
0.8952256874072291
]
],
[
[
20.460626519864157,
0.09009657060914572,
2.0591752507115157
],
[
19.641129374543844,
-0.44991989120615716,
0.9457758189774756
]
],
[
[
19.886111645883876,
0.4483334435801799,
1.6190039040481694
],
[
20.377010280031143,
0.2569307951717973,
1.7651919817418944
]
],
[
[
20.354042453483803,
0.3475159329765475,
1.7409594991057686
],
[
20.193876116331463,
0.04461242809897494,
1.9745502494430978
]
],
[
[
19.883453717902505,
0.2103085962529265,
0.05
],
[
19.83572706782487,
-0.07315079122666626,
0.05
]
],
[
[
19.965861741046854,
-0.035854841185019595,
0.11780747581588541
],
[
19.48587042059814,
-0.06269053188061721,
-8.881784197001253e-17
]
],
[
[
19.541907155479826,
0.20032828895458044,
0.0
],
[
19.708025471472236,
-0.12035904666163086,
0.10630244591925
]
],
[
[
19.573567935337273,
0.07315708407725192,
-0.02575372557556914
],
[
19.838429178019734,
0.19348188186620896,
0.16327886249867762
]
],
[
[
19.627672905748376,
0.1921889965546158,
0.8970146777957181
],
[
19.726784311056065,
-0.06132681575390649,
0.15096680249833624
]
],
[
[
19.855028020679622,
0.35577962588863044,
0.7883393920794672
],
[
19.507939415378473,
-0.012634714941601012,
-0.12552284769146665
]
],
[
[
19.99067321657869,
0.0031124824436775233,
1.072820004741319
],
[
19.663136522520613,
0.20384110480876905,
-0.07533954057030563
]
],
[
[
20.02691314735258,
-0.010006309140553088,
0.8239536963120504
],
[
19.77226346314534,
-0.007648475372377869,
-0.07952772098142576
]
],
[
[
19.13249805618932,
0.5935289552458589,
1.2858268655506027
],
[
18.37505074838793,
0.28685887957952044,
1.331902680206763
]
],
[
[
18.29139880045978,
0.6683655503029452,
1.4599937614668275
],
[
18.770019553223733,
-0.3250542318519015,
0.9665059888250958
]
],
[
[
18.743888700197175,
0.020683494257994615,
1.0937979467625096
],
[
18.584035201341685,
-0.3579704866300689,
0.9165873080556819
]
],
[
[
18.313227394345734,
0.6341724382308208,
1.4890627757644113
],
[
18.555815029521288,
-0.35063150555524014,
0.9271228424403876
]
],
[
[
19.484214376149428,
-0.21712877262358,
0.7921265254391286
],
[
18.393408468902646,
-0.23783665857719788,
0.9740811208522981
]
],
[
[
19.404046966788734,
0.05044826634677167,
0.8080195206604629
],
[
19.855156196884405,
0.28122060920720593,
0.6076260988069929
]
],
[
[
19.56689163401611,
0.3044824009752422,
0.6383976068994887
],
[
19.958260235974542,
-0.02960662057094961,
0.9166054252074964
]
],
[
[
19.785613884350898,
0.028126056575357085,
0.987041634373516
],
[
20.00785716971213,
-0.052732216965202375,
0.6792029049482295
]
],
[
[
20.00416079503438,
-0.08972010532585603,
0.651376827118051
],
[
19.44583007510385,
0.20935829711559162,
0.8062802188554647
]
],
[
[
20.27753517177782,
0.3721821727631118,
1.7644116882381675
],
[
20.861823035791964,
0.03274698099629948,
2.0558911418783823
]
],
[
[
20.861877646793328,
0.32439359756911806,
1.984507848074087
],
[
20.653595102156526,
-0.27358111472982205,
1.959318424973986
]
],
[
[
20.72296516445914,
-0.18238257376410627,
2.0229160978034013
],
[
20.08484191693138,
-0.43690525484455844,
1.7334022847401072
]
],
[
[
20.142319302441575,
0.23631920273770798,
1.7227392216525694
],
[
20.65352695045899,
-0.44861839021294897,
1.9508678074271941
]
],
[
[
20.873451361935444,
0.1321082535809419,
1.9695325584557404
],
[
20.14230162296111,
-0.13774468193910547,
1.6968034852761475
]
],
[
[
19.504517969370404,
0.17761646575883094,
0.038520197590135696
],
[
19.993160364864945,
-0.04186264425119524,
0.16125066652579348
]
],
[
[
19.974011198434944,
-0.0794465568772097,
0.8687390330328696
],
[
19.81554884534481,
0.246120964289554,
-0.1194975358881132
]
],
[
[
20.19082166969109,
0.054192749715824474,
0.777055420066989
],
[
19.466390531723135,
-0.0339475795213207,
-0.09683273817748946
]
],
[
[
19.726450524790195,
0.2121282909497284,
0.9092707640635932
],
[
19.84723223803882,
0.13001757496596228,
-0.05116121058765465
]
],
[
[
19.81681846426874,
0.4588116922711047,
0.8851383033243864
],
[
19.630337277636386,
-0.2068621124843765,
-0.03886506816406151
]
]
],
"contact_t_pairs": [
[
0.7623958322869415,
0.20579496145638304
],
[
0.19440082927198427,
0.26224018094786344
],
[
0.11042277104921273,
0.6097173531467076
],
[
0.13492735805773515,
0.7904674611525029
],
[
0.16095734120335203,
0.33059954051168433
],
[
0.2796007429026462,
0.6556028248228744
],
[
0.7483670849991281,
0.39871407166392253
],
[
0.10003499779985014,
0.8421890208871501
],
[
0.14742001426543436,
0.8352394216781484
],
[
0.10036205426039561,
0.10058144886867582
],
[
0.8962371617141499,
0.16451444041991112
],
[
0.14022067853764417,
0.1987312536068969
],
[
0.8400176301809784,
0.7848028838572414
],
[
0.8857243571066138,
0.3372427628039423
],
[
0.10017713956598535,
0.6678850593856318
],
[
0.23828830890081684,
0.1546726333651563
],
[
0.7144966491818533,
0.10052054692525937
],
[
0.8168563811009694,
0.3913415497847328
],
[
0.8999050298743022,
0.898836781275838
],
[
0.26025889453493817,
0.8094721131064063
],
[
0.32340790056847213,
0.3999791966410389
],
[
0.21511091373383726,
0.17338339883147955
],
[
0.7197690543778094,
0.1023188188263254
],
[
0.26593780647230864,
0.26367754773270435
],
[
0.1006036024377879,
0.849235983461182
],
[
0.13483502126648092,
0.2633887401127868
],
[
0.8927961682089414,
0.3113778785244955
],
[
0.6819239803680041,
0.2977890214645027
],
[
0.19575691408899787,
0.30050934706521065
],
[
0.2784094602098598,
0.20473258097189712
],
[
0.8721439102354581,
0.3610094962671932
],
[
0.8999518805873722,
0.12645645990246882
],
[
0.6000480656905814,
0.712582207474998
],
[
0.3307626376280092,
0.14906968400315204
],
[
0.23056750537228934,
0.8999618762125615
],
[
0.22958414397504973,
0.2975049137539666
],
[
0.18631789697829715,
0.23839586214398667
],
[
0.7445418290035475,
0.1405184369847747
],
[
0.8165698016359438,
0.8999316739249191
],
[
0.1000462296851759,
0.8452412570492014
],
[
0.3448725172558988,
0.23265727815550097
],
[
0.39042944704394483,
0.8055146673973831
],
[
0.10009356981409906,
0.6132873788564684
],
[
0.16741923977855006,
0.10003585474091907
],
[
0.1728530793214947,
0.3825013763798499
],
[
0.2092644819716841,
0.7764382367532868
],
[
0.8996949134627504,
0.10003850844557977
],
[
0.30982672776414877,
0.8999895880135081
],
[
0.7519364837337053,
0.10408117419659806
],
[
0.7260837711510277,
0.14558796524917886
],
[
0.18675026751137214,
0.3551441077571656
],
[
0.18499857607517112,
0.13058179549752377
],
[
0.21979763395585694,
0.3466175405018154
],
[
0.3996138125326311,
0.3951276322155012
],
[
0.20897510086543095,
0.10162606539157505
],
[
0.10713749575510986,
0.3012564983367552
],
[
0.6030154513595659,
0.6001972104079999
],
[
0.8725031094717149,
0.7557371546416018
],
[
0.8470086490017261,
0.27094682973162515
],
[
0.8999371073329309,
0.6004191104860968
],
[
0.16683157274555765,
0.8812052352663131
],
[
0.8364719284560396,
0.39871753542689276
],
[
0.8984307369096037,
0.1679416701326785
],
[
0.8485538854550753,
0.600877890689736
],
[
0.8995105158343246,
0.10000420240046878
],
[
0.12810228884874406,
0.8976395058309354
],
[
0.2365766248314378,
0.25226618786186955
],
[
0.7750079341215282,
0.12281169698015171
],
[
0.14070802410840488,
0.19074657958023067
],
[
0.3999957993178957,
0.3615052886448918
],
[
0.848050965308751,
0.7845163967074943
],
[
0.8999816515288669,
0.2244404684396581
],
[
0.18181080341257455,
0.8999889509112546
],
[
0.6000099827573918,
0.27630882941778484
],
[
0.7433026446207582,
0.2554187274959872
],
[
0.8425145409549013,
0.28217834249727497
],
[
0.3996882308667202,
0.16567910538417865
],
[
0.39989696007798636,
0.3953659005672935
],
[
0.6009022059434788,
0.6000057855172767
],
[
0.8019053355844823,
0.7983687405431447
],
[
0.893660162261234,
0.8898755864984293
],
[
0.8999955708482609,
0.10007814133802319
],
[
0.6833502130523312,
0.10004468451812765
],
[
0.8242759025615477,
0.8001513802701357
],
[
0.20318747405606633,
0.6642816514337426
],
[
0.3587027067541635,
0.7632709888704553
],
[
0.8998208278194919,
0.16321612422833023
],
[
0.10477980822942741,
0.10033920368383557
],
[
0.8999967225239445,
0.2791985983429188
],
[
0.7905316119016146,
0.8459398675985507
],
[
0.30349178506178387,
0.820372018851858
],
[
0.7695145360517479,
0.6998620541028746
],
[
0.10001125388254775,
0.820895836217698
],
[
0.2751342253141158,
0.8998065457180988
],
[
0.6019903519344451,
0.84843716587672
],
[
0.8931129770390428,
0.7931813988743251
],
[
0.6442466291495419,
0.6000701445020739
],
[
0.7519742351470133,
0.8180045939230829
],
[
0.6000223815450524,
0.7654892549677634
],
[
0.8426517879878261,
0.8707934942388527
],
[
0.6512827682352434,
0.7836481952764719
],
[
0.8999599412484816,
0.8388230292719513
],
[
0.8999195563798975,
0.6427598048269924
],
[
0.8612374155622118,
0.6945369766785366
],
[
0.33595641573319923,
0.16910060616951308
],
[
0.39993700900188406,
0.7987620226368548
],
[
0.18898571077435977,
0.13133949748279947
],
[
0.3965930609003605,
0.3272608997260868
],
[
0.888240030317314,
0.3365932847943846
],
[
0.11645049545306306,
0.10197831554953687
],
[
0.7160136394633433,
0.7887036872745031
],
[
0.8997568208682282,
0.8785090510499987
],
[
0.8333357196882087,
0.39913438892320247
],
[
0.36114135003557,
0.10009434038720591
],
[
0.8974874654443458,
0.10060503182664708
],
[
0.3418518814214372,
0.7381261872433561
]
],
"half_couplers": [
{
"pose": [
[
0.02076439110640349,
-0.9003427866876285,
0.4346857560600941,
19.316680029526857
],
[
-0.21734067920357047,
-0.42844685786807846,
-0.8770383795172825,
0.03412484564573484
],
[
0.9758749249905496,
-0.0762637295345952,
-0.20457755089980667,
1.1305537309555729
],
[
0.0,
0.0,
0.0,
1.0
]
],
"at_element": 0,
"to_element": 17
},
{
"pose": [
[
-0.41840379933703953,
0.9003427866877706,
0.11967091191943932,
19.349106610253294
],
[
0.900426824881947,
0.42844685786774395,
-0.07526501854296377,
0.049555709122462675
],
[
-0.11903694272513005,
0.07626372953479912,
-0.9899565898685141,
1.133300431455428
],
[
0.0,
0.0,
0.0,
1.0
]
],
"at_element": 17,
"to_element": 0
},
{
"pose": [
[
-0.14034826038179204,
-0.241030235262536,
-0.9603159852345952,
19.34612812569734
],
[
0.06985425810155135,
0.9650885264273471,
-0.2524371580876586,
0.08072015582101155
],
[
0.9876349266975558,
-0.10251127668494926,
-0.11861150753419847,
1.0824556643010377
],
[
0.0,
0.0,
0.0,
1.0
]
],
"at_element": 1,
"to_element": 17
},
{
"pose": [
[
0.9631112596837338,
0.2410302352624679,
0.11967091191985958,
19.354806784904973
],
[
0.2508770877186329,
-0.9650885264273348,
-0.0752650185420319,
0.04597067961136577
],
[
0.09735187891473272,
0.10251127668522332,
-0.9899565898685336,
1.08614673830393
],
[
0.0,
0.0,
0.0,
1.0
]
],
"at_element": 17,
"to_element": 1
},
{
"pose": [
[
0.2695599657331923,
-0.07162843972006722,
-0.9603159852346461,
19.425831181169805
],
[
-0.9492156717421785,
-0.18779001500585069,
-0.25243715808721057,
0.10167160630578106
],
[
-0.16225607351641763,
0.9795939346930295,
-0.11861150753474048,
1.092300027729354
],
[
0.0,
0.0,
0.0,
1.0
]
],
"at_element": 1,
"to_element": 20
},
{
"pose": [
[
0.828732028383105,
0.07162843972059288,
-0.5550428737991487,
19.428411551779917
],
[
0.5353157795048615,
0.18779001500623094,
0.8235119467725177,
0.10843662642189031
],
[
0.163218385438427,
-0.979593934692918,
0.11728376600246138,
1.057010757032031
],
[
0.0,
0.0,
0.0,
1.0
]
],
"at_element": 20,
"to_element": 1
},
{
"pose": [
[
-0.8115017526042216,
-0.38325382619987375,
0.44111382910019215,
19.323919982883574
],
[
0.5831049846577421,
-0.481850045793357,
0.654071181322212,
0.0490062341376445
],
[
-0.03812456409679846,
0.7879955825206741,
0.6144993731000321,
1.0092434791170202
],
[
0.0,
0.0,
0.0,
1.0
]
],
"at_element": 5,
"to_element": 6
},
{
"pose": [
[
0.9120635769831699,
0.3832538261279274,
0.14579621496791273,
19.337724296162666
],
[
-0.3320980772261864,
0.4818500455162328,
0.8108830993051181,
0.06636185730605411
],
[
0.24052213753277546,
-0.7879955827251246,
0.5667557348297023,
0.9808608847598751
],
[
0.0,
0.0,
0.0,
1.0
]
],
"at_element": 6,
"to_element": 5
},
{
"pose": [
[
0.48523546738606893,
-0.7549603505795504,
0.4411138291228533,
19.33451090291311
],
[
0.40217919641569466,
0.6406580865425815,
0.6540711812318476,
0.06471015253162238
],
[
-0.7764009500000946,
-0.13997173000431457,
0.6144993731799487,
1.0239972984036754
],
[
0.0,
0.0,
0.0,
1.0
]
],
"at_element": 5,
"to_element": 17
},
{
"pose": [
[
0.6447586695050315,
0.7549603505708055,
0.11967091193814945,
19.361710120423922
],
[
0.7641285186971524,
-0.6406580865731186,
-0.07526501858211632,
0.04162894219580001
],
[
0.019846032646282277,
0.1399717299117123,
-0.9899565898632756,
1.0290401083015104
],
[
0.0,
0.0,
0.0,
1.0
]
],
"at_element": 17,
"to_element": 5
},
{
"pose": [
[
-0.769806331866649,
-0.4613207140390126,
0.44111382909239005,
19.382783803145124
],
[
0.6277303482105114,
-0.42207286072393724,
0.6540711812760306,
0.13628785152000553
],
[
-0.11555440862868382,
0.7804086743744251,
0.6144993731547883,
1.0912444917050736
],
[
0.0,
0.0,
0.0,
1.0
]
],
"at_element": 5,
"to_element": 20
},
{
"pose": [
[
0.6921781613450637,
0.4613207140393106,
-0.5550428737991575,
19.399396000265845
],
[
0.379054842684905,
0.4220728607243678,
0.8235119467725227,
0.15148673019221984
],
[
0.6141716528740875,
-0.780408674374016,
0.1172837660023851,
1.0631419107047386
],
[
0.0,
0.0,
0.0,
1.0
]
],
"at_element": 20,
"to_element": 5
},
{
"pose": [
[
0.26092640509436815,
-0.9542855310930803,
0.14579621487174205,
19.33422411403316
],
[
0.521075373077854,
0.26636263698955986,
0.8108830995820193,
0.046894695325278776
],
[
-0.8126486735953642,
-0.13560999506808286,
0.566755734458267,
0.9672545761611849
],
[
0.0,
0.0,
0.0,
1.0
]
],
"at_element": 6,
"to_element": 17
},
{
"pose": [
[
0.2738941364780806,
0.9542855310923521,
0.11967091188218644,
19.36858873171081
],
[
0.9609298219259166,
-0.26636263687839157,
-0.07526501849210367,
0.037302754672476436
],
[
-0.03994845849783203,
0.13560999529156298,
-0.9899565898768845,
0.9721380051642274
],
[
0.0,
0.0,
0.0,
1.0
]
],
"at_element": 17,
"to_element": 6
},
{
"pose": [
[
-0.15366978626072236,
0.6391326715417981,
0.7535881003296349,
19.30442675123639
],
[
0.938980648957464,
0.33196711309280413,
-0.09007317418770666,
0.3384989559376702
],
[
-0.30773517458035793,
0.6937631180688935,
-0.6511465260087956,
1.1130588054842956
],
[
0.0,
0.0,
0.0,
1.0
]
],
"at_element": 16,
"to_element": 20
},
{
"pose": [
[
0.5323878627334099,
-0.6391326715616953,
-0.5550428738003599,
19.28140873357878
],
[
0.46002816146900083,
-0.3319671130966786,
0.82351194677291,
0.32654333981731604
],
[
-0.7105893710643321,
-0.6937631180487094,
0.11728376599397639,
1.0880733018289193
],
[
0.0,
0.0,
0.0,
1.0
]
],
"at_element": 20,
"to_element": 16
},
{
"pose": [
[
-0.8476518980276362,
0.3041949264014218,
0.4346857560603745,
19.07058838165339
],
[
-0.3217120919575606,
0.3567982773811783,
-0.8770383795171759,
0.5306486379587321
],
[
-0.4218857542729263,
-0.8832669109671534,
-0.20457755089966922,
1.246372632120374
],
[
0.0,
0.0,
0.0,
1.0
]
],
"at_element": 0,
"to_element": 3
},
{
"pose": [
[
0.013955380195090017,
-0.3041949264017525,
-0.9525075821824429,
19.05963272895426
],
[
-0.9287770648450067,
-0.35679827738088776,
0.100340186744522,
0.5177984630499233
],
[
-0.37037604023681797,
0.8832669109671569,
-0.287508526497966,
1.2781837002130114
],
[
0.0,
0.0,
0.0,
1.0
]
],
"at_element": 3,
"to_element": 0
},
{
"pose": [
[
-0.8916556873155035,
-0.12648489536739072,
0.43468575606041815,
19.051757444592386
],
[
-0.451030230746857,
0.1654551655467884,
-0.8770383795172945,
0.5686426469514533
],
[
0.03901110393662352,
-0.9780726759488709,
-0.20457755089906837,
1.2552350963980348
],
[
0.0,
0.0,
0.0,
1.0
]
],
"at_element": 0,
"to_element": 36
},
{
"pose": [
[
0.3571560707855409,
0.12648489536765095,
-0.9254410366656907,
19.056312908528977
],
[
-0.9122690505823787,
-0.16545516554511108,
-0.3746862254526651,
0.5626836347106722
],
[
-0.20051114794584152,
0.9780726759491212,
0.05629493859279533,
1.2904612377465239
],
[
0.0,
0.0,
0.0,
1.0
]
],
"at_element": 36,
"to_element": 0
},
{
"pose": [
[
0.24421373815429215,
0.18190369974805348,
-0.9525075821822504,
19.014438321917392
],
[
0.8157026559366791,
-0.5697025750531401,
0.10034018674324252,
0.5225593860354504
],
[
-0.5243937711248623,
-0.8014674166775534,
-0.2875085264990489,
1.2645420477829523
],
[
0.0,
0.0,
0.0,
1.0
]
],
"at_element": 3,
"to_element": 36
},
{
"pose": [
[
0.33237017265668967,
-0.1819036997498325,
-0.9254410366660238,
19.007887036198806
],
[
-0.7314705793360059,
0.5697025750535544,
-0.3746862254516398,
0.5430772993540794
],
[
0.5953829523038178,
0.8014674166768552,
0.05629493859413781,
1.2934070024156525
],
[
0.0,
0.0,
0.0,
1.0
]
],
"at_element": 36,
"to_element": 3
},
{
"pose": [
[
0.8996787738419243,
0.251050579430574,
-0.35714382322233235,
18.991011351502465
],
[
-0.19769689403268464,
-0.49510186865116124,
-0.8460437800421193,
0.5147526139431781
],
[
-0.38922235545780387,
0.8317738552188939,
-0.39580072231639196,
1.3249404411451713
],
[
0.0,
0.0,
0.0,
1.0
]
],
"at_element": 4,
"to_element": 36
},
{
"pose": [
[
-0.28378247694943903,
-0.2510505794298195,
-0.9254410366654341,
18.981969603168782
],
[
0.7838905357987127,
0.4951018686501797,
-0.3746862254531216,
0.5325840266649655
],
[
0.5522527805829941,
-0.8317738552197058,
0.05629493859397461,
1.2949835699581804
],
[
0.0,
0.0,
0.0,
1.0
]
],
"at_element": 36,
"to_element": 4
},
{
"pose": [
[
-0.2789138037122374,
0.0005464445705596899,
-0.9603159852346013,
18.733377214497423
],
[
0.8699852276692046,
0.4235577703855894,
-0.25243715808761324,
-0.08035297116767845
],
[
0.40661135465716375,
-0.9058689290092246,
-0.11861150753424599,
1.0067729614846055
],
[
0.0,
0.0,
0.0,
1.0
]
],
"at_element": 1,
"to_element": 4
},
{
"pose": [
[
0.9340492443830326,
-0.0005464445706854226,
-0.3571438232222656,
18.733357533937472
],
[
-0.3237417758003918,
-0.4235577703856208,
-0.8460437800418904,
-0.09560768233235761
],
[
-0.15080872544085305,
0.9058689290092098,
-0.3958007223169415,
1.0393984256627642
],
[
0.0,
0.0,
0.0,
1.0
]
],
"at_element": 4,
"to_element": 1
},
{
"pose": [
[
-0.2789138922304386,
0.0004992225961892305,
-0.960315985234895,
18.689997242767728
],
[
0.8699135040442361,
0.4237050586184429,
-0.25243715808616796,
-0.09175621442275603
],
[
0.4067647184827446,
-0.9058000740107839,
-0.1186115075349452,
1.0014149710702385
],
[
0.0,
0.0,
0.0,
1.0
]
],
"at_element": 1,
"to_element": 38
},
{
"pose": [
[
0.9340492866422095,
-0.0004992225998924349,
-0.35714378183019685,
18.689979264599273
],
[
-0.3236985177249897,
-0.42370505862677765,
-0.8459865796315703,
-0.10701482040340708
],
[
-0.15090129139879488,
0.9058000740068829,
-0.39592300537263725,
1.0340349413667678
],
[
0.0,
0.0,
0.0,
1.0
]
],
"at_element": 38,
"to_element": 1
},
{
"pose": [
[
-0.331665430102386,
-0.4116704589673335,
0.8488377204675959,
18.596235649576382
],
[
-0.9381621262969522,
0.23858241397114632,
-0.2508590371616741,
0.013468149249432383
],
[
-0.09924649745447439,
-0.8795486711702347,
-0.46534317206304165,
1.098722660572808
],
[
0.0,
0.0,
0.0,
1.0
]
],
"at_element": 2,
"to_element": 37
},
{
"pose": [
[
0.8207131529113837,
0.4116704589659751,
0.39617843688545085,
18.61106245034273
],
[
0.5166192670473234,
-0.2385824139667887,
-0.8223034504738906,
0.004875320103594011
],
[
-0.2439968310321717,
0.8795486711720526,
-0.4084846159719293,
1.1304006511299214
],
[
0.0,
0.0,
0.0,
1.0
]
],
"at_element": 37,
"to_element": 2
},
{
"pose": [
[
-0.4382576379509291,
-0.2956429723327073,
0.8488377204672011,
18.708515401847514
],
[
-0.8261841138788272,
0.504469576336787,
-0.2508590371599949,
-0.019714153878870527
],
[
-0.354048093840271,
-0.8112371289955019,
-0.4653431720646668,
1.0371695334901176
],
[
0.0,
0.0,
0.0,
1.0
]
],
"at_element": 2,
"to_element": 38
},
{
"pose": [
[
0.8860268348142385,
0.2956429723332278,
-0.35714378182888257,
18.71916373857656
],
[
-0.17267644208271232,
-0.5044695763312796,
-0.8459865796251114,
-0.03788391410016174
],
[
-0.43027815926295615,
0.811237128998737,
-0.39592300538762415,
1.0663883106134033
],
[
0.0,
0.0,
0.0,
1.0
]
],
"at_element": 38,
"to_element": 2
},
{
"pose": [
[
0.00026179068482234946,
0.9340493676128254,
-0.357143823028928,
18.761460496776404
],
[
0.42365641168028256,
-0.32361268032042934,
-0.8460437801780795,
-0.02903411906557382
],
[
-0.9058229276783759,
-0.15108478413761106,
-0.39580072220028484,
1.0705432257899032
],
[
0.0,
0.0,
0.0,
1.0
]
],
"at_element": 4,
"to_element": 38
},
{
"pose": [
[
-0.0003100065975412125,
-0.9340493681475308,
-0.3571437830329794,
18.727820139064306
],
[
-0.42377062449082925,
0.323612679519216,
-0.8459865787783194,
-0.017379010996300244
],
[
0.9057694859701126,
0.1510847825480502,
-0.3959230061108425,
1.0759846364387249
],
[
0.0,
0.0,
0.0,
1.0
]
],
"at_element": 38,
"to_element": 4
},
{
"pose": [
[
0.917726445080222,
0.02864992402956315,
0.3961784368861061,
18.682363216482365
],
[
0.36852104982628264,
-0.4336003588257753,
-0.8223034504737856,
-0.14311573786217624
],
[
0.14822418100752865,
0.9006497158603113,
-0.4084846159715052,
1.0568851253891245
],
[
0.0,
0.0,
0.0,
1.0
]
],
"at_element": 37,
"to_element": 38
},
{
"pose": [
[
-0.9336099297653628,
-0.028649924027523255,
-0.3571437818256562,
18.681331384216556
],
[
0.3103182815955426,
0.4336003588398356,
-0.8459865796344263,
-0.12749954145489875
],
[
0.17909512319185106,
-0.900649715853607,
-0.3959230053706313,
1.0244480607726372
],
[
0.0,
0.0,
0.0,
1.0
]
],
"at_element": 38,
"to_element": 37
},
{
"pose": [
[
0.4303320162817318,
-0.30706494439572385,
0.8488377204661386,
19.246387623819984
],
[
-0.18340230684788947,
-0.9504911032281722,
-0.25085903716423047,
-0.1786728151937395
],
[
0.8838427176855461,
-0.04772612080761657,
-0.4653431720643215,
0.7423014333773559
],
[
0.0,
0.0,
0.0,
1.0
]
],
"at_element": 2,
"to_element": 7
},
{
"pose": [
[
-0.5333604027150196,
0.30706494439960835,
-0.7881863997409098,
19.257446490962078
],
[
0.13034047768361462,
0.9504911032270189,
0.2820957684253553,
-0.14444111593242995
],
[
0.835785882085166,
0.04772612080559181,
-0.5469773091271435,
0.744020277676575
],
[
0.0,
0.0,
0.0,
1.0
]
],
"at_element": 7,
"to_element": 2
},
{
"pose": [
[
-0.774636830344142,
-0.6153708189067915,
0.14579621501385248,
19.29364329928451
],
[
0.4499088666284752,
-0.3742333640021043,
0.8108830994642504,
-0.17880592961195987
],
[
-0.4444319889515848,
0.6937349238042245,
0.566755734590207,
0.8095041882594451
],
[
0.0,
0.0,
0.0,
1.0
]
],
"at_element": 6,
"to_element": 7
},
{
"pose": [
[
-0.008997472011949004,
0.6153708189068194,
-0.7881863997401535,
19.31580555685224
],
[
0.8833863066077319,
0.37423336400288554,
0.28209576842808914,
-0.16532811111838555
],
[
0.4685591518638226,
-0.6937349238037785,
-0.5469773091268242,
0.7845196885193226
],
[
0.0,
0.0,
0.0,
1.0
]
],
"at_element": 7,
"to_element": 6
},
{
"pose": [
[
-0.8412614318539327,
0.5205983739481808,
0.1457962150317418,
19.298893442931913
],
[
-0.19984305709858738,
-0.5500285007030508,
0.8108830994316293,
-0.14960590714894872
],
[
0.5023364965882556,
0.6530283159686606,
0.5667557346322776,
0.8299131475680888
],
[
0.0,
0.0,
0.0,
1.0
]
],
"at_element": 6,
"to_element": 19
},
{
"pose": [
[
0.4580543373872369,
-0.5205983739382304,
0.7205300528455493,
19.280147238114054
],
[
-0.465536343113164,
0.5500285007781315,
0.6933574558426436,
-0.1297999541406864
],
[
-0.7572728288018539,
-0.6530283159133543,
0.009585477234159034,
0.8063982785733702
],
[
0.0,
0.0,
0.0,
1.0
]
],
"at_element": 19,
"to_element": 6
},
{
"pose": [
[
0.9787317960602216,
-0.144317480120317,
0.14579621501415788,
19.28988974242774
],
[
-0.034653127239171445,
0.5841812730431734,
0.8108830994651468,
-0.19968230022105032
],
[
-0.20219602407880935,
-0.7986893671242776,
0.5667557345888459,
0.7949129324200772
],
[
0.0,
0.0,
0.0,
1.0
]
],
"at_element": 6,
"to_element": 40
},
{
"pose": [
[
-0.08114783853918617,
0.14431748012038653,
-0.9861985059977125,
19.295086740485523
],
[
-0.8114072505988343,
-0.5841812730428388,
-0.018722016496327654,
-0.22071917627283288
],
[
-0.5788206129502116,
0.79868936712451,
0.16450529738033115,
0.8236744316248708
],
[
0.0,
0.0,
0.0,
1.0
]
],
"at_element": 40,
"to_element": 6
},
{
"pose": [
[
-0.6134464600474909,
0.04945341160722992,
-0.7881863997403206,
19.37438560668766
],
[
-0.28869373824363787,
0.9149196155586411,
0.2820957684279265,
-0.18629419753944604
],
[
0.7350777959876876,
0.40059512871031566,
-0.5469773091266672,
0.8251724554765356
],
[
0.0,
0.0,
0.0,
1.0
]
],
"at_element": 7,
"to_element": 40
},
{
"pose": [
[
-0.15800907204451464,
-0.049453411606741854,
-0.9861985059976949,
19.372604404151158
],
[
0.40320166562767457,
-0.9149196155583301,
-0.01872201649572025,
-0.21924757905474443
],
[
-0.9013664903837396,
-0.4005951287110857,
0.16450529738050534,
0.8107439047218261
],
[
0.0,
0.0,
0.0,
1.0
]
],
"at_element": 40,
"to_element": 7
},
{
"pose": [
[
0.6734797877618808,
-0.16511032190508007,
0.7205300528615116,
19.19064590256601
],
[
-0.6964481697245568,
0.1849740126021493,
0.6933574558257629,
-0.21592601933692795
],
[
-0.2477598078049115,
-0.9687740687395905,
0.009585477255333541,
0.8052076092698361
],
[
0.0,
0.0,
0.0,
1.0
]
],
"at_element": 19,
"to_element": 40
},
{
"pose": [
[
-0.012291800854616453,
0.16511032190514247,
-0.9861985059977179,
19.19659334947425
],
[
-0.982565061845851,
-0.18497401260223278,
-0.018722016496311944,
-0.22258897721055848
],
[
-0.1855122930471445,
0.9687740687395638,
0.1645052973803005,
0.8401038669563696
],
[
0.0,
0.0,
0.0,
1.0
]
],
"at_element": 40,
"to_element": 19
},
{
"pose": [
[
0.07656172998966504,
-0.29473311213140885,
-0.9525075821820654,
19.60393863633734
],
[
-0.8349130932836876,
-0.5411579931842772,
0.10034018674604067,
0.46045954269404327
],
[
-0.5450306671779619,
0.7875788335310314,
-0.2875085264986861,
1.4424790741536455
],
[
0.0,
0.0,
0.0,
1.0
]
],
"at_element": 3,
"to_element": 5
},
{
"pose": [
[
0.8476738655850733,
0.294733112132606,
0.44111382909254604,
19.614553499076592
],
[
-0.5285252276237589,
0.5411579931852867,
0.6540711812768755,
0.47994943908317356
],
[
-0.04593583970401641,
-0.78757883352989,
0.6144993731537771,
1.4141142896413896
],
[
0.0,
0.0,
0.0,
1.0
]
],
"at_element": 5,
"to_element": 3
},
{
"pose": [
[
0.30216154251804395,
0.03778502493183414,
-0.9525075821819043,
19.57857591511061
],
[
0.4285866484131473,
-0.8979116502870776,
0.10034018676842546,
0.4631313326428601
],
[
-0.8514762985691978,
-0.4385509778459489,
-0.2875085264914079,
1.4348234935112614
],
[
0.0,
0.0,
0.0,
1.0
]
],
"at_element": 3,
"to_element": 10
},
{
"pose": [
[
0.3956831353047705,
-0.037785024903768755,
0.9176094748466845,
19.577215041724234
],
[
0.41643766865077003,
0.8979116502706515,
-0.14259851484832115,
0.4954707070631448
],
[
-0.818544149428788,
0.4385509778819983,
0.37102360468660867,
1.4506184375586748
],
[
0.0,
0.0,
0.0,
1.0
]
],
"at_element": 10,
"to_element": 3
},
{
"pose": [
[
0.8071731155806394,
0.3922883521940123,
0.44111382909261687,
19.63227700010825
],
[
-0.5884473158821654,
0.4753111047028371,
0.6540711812771174,
0.5062293480127574
],
[
0.0469182045150813,
-0.7875209219310146,
0.6144993731534685,
1.4388042439247437
],
[
0.0,
0.0,
0.0,
1.0
]
],
"at_element": 5,
"to_element": 10
},
{
"pose": [
[
-0.06405232552116069,
-0.39228835219432634,
0.9176094748464575,
19.61814764018781
],
[
0.86818489810947,
-0.47531110470255644,
-0.14259851486283115,
0.48910969193588677
],
[
0.4920897095957003,
0.7875209219310279,
0.37102360468159357,
1.4671690079780777
],
[
0.0,
0.0,
0.0,
1.0
]
],
"at_element": 10,
"to_element": 5
},
{
"pose": [
[
0.40318159873162607,
-0.80178749567919,
0.44111382909256314,
19.546478616552527
],
[
0.46729989423611384,
0.5948291340128716,
0.6540711812764832,
0.3790099176009758
],
[
-0.7868134513918321,
-0.05757701887029382,
0.6144993731541822,
1.319281686626788
],
[
0.0,
0.0,
0.0,
1.0
]
],
"at_element": 5,
"to_element": 15
},
{
"pose": [
[
0.4448647387333815,
0.8017874956790972,
0.39903906576214065,
19.57535552108688
],
[
0.6584123572299331,
-0.5948291340129745,
0.461163169796004,
0.3575867547184057
],
[
0.6071149249348128,
0.05757701887052394,
-0.7925253023212446,
1.3213553608687136
],
[
0.0,
0.0,
0.0,
1.0
]
],
"at_element": 15,
"to_element": 5
},
{
"pose": [
[
-0.5631436820437983,
-0.24825670713601924,
-0.7881863997406541,
19.716588623257696
],
[
-0.6890931356869928,
0.6675122678883493,
0.28209576843267326,
-0.3087703312933739
],
[
0.4560919246415366,
0.7019942874272791,
-0.5469773091237382,
1.0626509063102336
],
[
0.0,
0.0,
0.0,
1.0
]
],
"at_element": 7,
"to_element": 14
},
{
"pose": [
[
0.8234877169702781,
0.24825670714900205,
0.5101338915957395,
19.725528219279173
],
[
-0.236204946615712,
-0.6675122678299239,
0.7061406343575061,
-0.3328071038872919
],
[
0.5158247795456784,
-0.7019942874782437,
-0.4910486912257943,
1.0373724539715552
],
[
0.0,
0.0,
0.0,
1.0
]
],
"at_element": 14,
"to_element": 7
},
{
"pose": [
[
0.09763164908717581,
-0.6076432015261993,
-0.7881863997402576,
19.66261286881398
],
[
-0.8201959641236428,
-0.4976952459792525,
0.2820957684279214,
-0.28945214471811237
],
[
-0.5636901999607644,
0.6189258289719716,
-0.54697730912676,
1.0251933798502075
],
[
0.0,
0.0,
0.0,
1.0
]
],
"at_element": 7,
"to_element": 20
},
{
"pose": [
[
0.5680643870939277,
0.6076432015261288,
-0.5550428737986611,
19.684502555973655
],
[
0.2722636877201833,
0.4976952459801225,
0.8235119467729608,
-0.27152321338475927
],
[
0.7766436354368756,
-0.6189258289713411,
0.11728376600165746,
1.0028972482762752
],
[
0.0,
0.0,
0.0,
1.0
]
],
"at_element": 20,
"to_element": 7
},
{
"pose": [
[
0.5901451157698752,
0.6558534104355458,
-0.47072820858009384,
19.77363247519021
],
[
0.7230798091372972,
-0.6887231953593698,
-0.05306552357180333,
-0.3237040669070827
],
[
-0.35900464057018905,
-0.3090577036639651,
-0.8806809886985334,
1.0026707158887145
],
[
0.0,
0.0,
0.0,
1.0
]
],
"at_element": 8,
"to_element": 14
},
{
"pose": [
[
-0.556434826763599,
-0.6558534105033381,
0.510133891734027,
19.750018665250316
],
[
-0.16439514964877963,
0.6887231951564092,
0.7061406341696407,
-0.2989067899885396
],
[
-0.8144657870877816,
0.30905770397239196,
-0.4910486913522878,
1.0137982479856653
],
[
0.0,
0.0,
0.0,
1.0
]
],
"at_element": 14,
"to_element": 8
},
{
"pose": [
[
-0.5045516598821287,
0.72376969829466,
-0.4707282085669453,
19.760077495427
],
[
0.8350477181502232,
0.5476124164203133,
-0.05306552359499547,
-0.3252321293546328
],
[
0.21936939376835216,
-0.41985481444513917,
-0.8806809887041638,
0.9773108314322492
],
[
0.0,
0.0,
0.0,
1.0
]
],
"at_element": 8,
"to_element": 20
},
{
"pose": [
[
-0.4099815021098956,
-0.7237696982964579,
-0.5550428737994642,
19.7340002453347
],
[
-0.14815098685117772,
-0.5476124164209222,
0.823511946772274,
-0.3449624744772428
],
[
-0.8999813625974349,
0.4198548144412457,
0.11728376600268009,
0.9924381005406446
],
[
0.0,
0.0,
0.0,
1.0
]
],
"at_element": 20,
"to_element": 8
},
{
"pose": [
[
0.3212778346993391,
0.8217028091483256,
-0.47072820859669595,
19.9062654440759
],
[
0.9193460364674644,
-0.3898549928390538,
-0.053065523553668725,
-0.30875225859738964
],
[
-0.22711983216458176,
-0.4157133363222928,
-0.8806809886907518,
1.250812492919466
],
[
0.0,
0.0,
0.0,
1.0
]
],
"at_element": 8,
"to_element": 25
},
{
"pose": [
[
-0.1412021203696474,
-0.8217028091206722,
-0.5521471313756069,
19.87666743503235
],
[
-0.8459498462614463,
0.38985499282952685,
-0.36384329343293514,
-0.2947095518240408
],
[
0.5142283722368409,
0.4157133363858871,
-0.7501677166724541,
1.265786625845065
],
[
0.0,
0.0,
0.0,
1.0
]
],
"at_element": 25,
"to_element": 8
},
{
"pose": [
[
-0.6984185507938554,
0.5019710554682107,
0.5101338916197802,
19.737774744085318
],
[
0.673297611883721,
0.21917055020481047,
0.7061406345442806,
-0.31585514492393413
],
[
0.2426558339267561,
0.8366536496036167,
-0.4910486909322329,
1.0255840978619306
],
[
0.0,
