{
"contact_id_pairs": [
[
0,
5
],
[
0,
6
],
[
0,
27
],
[
6,
27
],
[
0,
1
],
[
0,
16
],
[
1,
15
],
[
15,
16
],
[
16,
22
],
[
22,
25
],
[
1,
13
],
[
9,
10
],
[
9,
13
],
[
10,
13
],
[
2,
6
],
[
2,
7
],
[
6,
7
],
[
6,
19
],
[
19,
26
],
[
2,
8
],
[
2,
9
],
[
2,
14
],
[
8,
14
],
[
9,
14
],
[
3,
4
],
[
3,
5
],
[
4,
5
],
[
4,
24
],
[
5,
24
],
[
3,
10
],
[
3,
21
],
[
10,
11
],
[
10,
12
],
[
11,
21
],
[
4,
20
],
[
11,
20
],
[
7,
18
],
[
8,
18
],
[
12,
13
],
[
12,
35
],
[
13,
14
],
[
13,
35
],
[
14,
15
],
[
16,
17
],
[
17,
18
],
[
17,
19
],
[
17,
34
],
[
19,
34
],
[
20,
21
],
[
20,
33
],
[
21,
22
],
[
22,
23
],
[
23,
33
],
[
24,
25
],
[
24,
26
],
[
24,
27
],
[
25,
26
],
[
26,
32
],
[
28,
34
],
[
29,
34
],
[
28,
31
],
[
28,
32
],
[
29,
30
],
[
29,
35
],
[
30,
31
],
[
31,
33
]
],
"contact_t_bound_pairs": [
[
[
0.6,
0.9
],
[
0.1,
0.4
]
],
[
[
0.6,
0.9
],
[
0.6,
0.9
]
],
[
[
0.6,
0.9
],
[
0.1,
0.4
]
],
[
[
0.6,
0.9
],
[
0.1,
0.4
]
],
[
[
0.1,
0.4
],
[
0.6,
0.9
]
],
[
[
0.1,
0.4
],
[
0.1,
0.4
]
],
[
[
0.6,
0.9
],
[
0.1,
0.4
]
],
[
[
0.1,
0.4
],
[
0.1,
0.4
]
],
[
[
0.1,
0.4
],
[
0.1,
0.4
]
],
[
[
0.1,
0.4
],
[
0.1,
0.4
]
],
[
[
0.1,
0.4
],
[
0.1,
0.4
]
],
[
[
0.1,
0.4
],
[
0.1,
0.4
]
],
[
[
0.1,
0.4
],
[
0.1,
0.4
]
],
[
[
0.1,
0.4
],
[
0.1,
0.4
]
],
[
[
0.6,
0.9
],
[
0.1,
0.4
]
],
[
[
0.6,
0.9
],
[
0.6,
0.9
]
],
[
[
0.1,
0.4
],
[
0.6,
0.9
]
],
[
[
0.1,
0.4
],
[
0.1,
0.4
]
],
[
[
0.1,
0.4
],
[
0.1,
0.4
]
],
[
[
0.1,
0.4
],
[
0.1,
0.4
]
],
[
[
0.1,
0.4
],
[
0.6,
0.9
]
],
[
[
0.1,
0.4
],
[
0.1,
0.4
]
],
[
[
0.1,
0.4
],
[
0.1,
0.4
]
],
[
[
0.6,
0.9
],
[
0.1,
0.4
]
],
[
[
0.6,
0.9
],
[
0.1,
0.4
]
],
[
[
0.6,
0.9
],
[
0.6,
0.9
]
],
[
[
0.1,
0.4
],
[
0.6,
0.9
]
],
[
[
0.1,
0.4
],
[
0.1,
0.4
]
],
[
[
0.6,
0.9
],
[
0.1,
0.4
]
],
[
[
0.1,
0.4
],
[
0.6,
0.9
]
],
[
[
0.1,
0.4
],
[
0.1,
0.4
]
],
[
[
0.6,
0.9
],
[
0.6,
0.9
]
],
[
[
0.6,
0.9
],
[
0.1,
0.4
]
],
[
[
0.6,
0.9
],
[
0.1,
0.4
]
],
[
[
0.6,
0.9
],
[
0.1,
0.4
]
],
[
[
0.1,
0.4
],
[
0.1,
0.4
]
],
[
[
0.1,
0.4
],
[
0.1,
0.4
]
],
[
[
0.6,
0.9
],
[
0.1,
0.4
]
],
[
[
0.6,
0.9
],
[
0.6,
0.9
]
],
[
[
0.6,
0.9
],
[
0.1,
0.4
]
],
[
[
0.6,
0.9
],
[
0.6,
0.9
]
],
[
[
0.6,
0.9
],
[
0.1,
0.4
]
],
[
[
0.6,
0.9
],
[
0.6,
0.9
]
],
[
[
0.6,
0.9
],
[
0.6,
0.9
]
],
[
[
0.6,
0.9
],
[
0.6,
0.9
]
],
[
[
0.6,
0.9
],
[
0.6,
0.9
]
],
[
[
0.6,
0.9
],
[
0.1,
0.4
]
],
[
[
0.6,
0.9
],
[
0.1,
0.4
]
],
[
[
0.6,
0.9
],
[
0.6,
0.9
]
],
[
[
0.6,
0.9
],
[
0.1,
0.4
]
],
[
[
0.6,
0.9
],
[
0.6,
0.9
]
],
[
[
0.6,
0.9
],
[
0.6,
0.9
]
],
[
[
0.6,
0.9
],
[
0.1,
0.4
]
],
[
[
0.6,
0.9
],
[
0.6,
0.9
]
],
[
[
0.6,
0.9
],
[
0.6,
0.9
]
],
[
[
0.6,
0.9
],
[
0.6,
0.9
]
],
[
[
0.6,
0.9
],
[
0.6,
0.9
]
],
[
[
0.6,
0.9
],
[
0.6,
0.9
]
],
[
[
0.6,
0.9
],
[
0.6,
0.9
]
],
[
[
0.1,
0.4
],
[
0.6,
0.9
]
],
[
[
0.1,
0.4
],
[
0.6,
0.9
]
],
[
[
0.1,
0.4
],
[
0.1,
0.4
]
],
[
[
0.6,
0.9
],
[
0.6,
0.9
]
],
[
[
0.6,
0.9
],
[
0.6,
0.9
]
],
[
[
0.1,
0.4
],
[
0.1,
0.4
]
],
[
[
0.1,
0.4
],
[
0.6,
0.9
]
]
],
"line_pt_pairs": [
[
[
29.201533347261172,
0.13197974192688375,
1.4309049805488832
],
[
28.129210314193607,
-0.6344992290117377,
0.621384038560803
]
],
[
[
29.604797632602633,
0.9062071836556157,
2.091695719062575
],
[
28.894464603611265,
-0.11965045448117838,
1.1252074070334044
]
],
[
[
29.59730379806085,
0.32851533223484325,
1.8037116567940743
],
[
28.81580002546886,
-0.6469042145434513,
1.2563766000491738
]
],
[
[
29.053228514811273,
0.7429898281570548,
1.909864957363457
],
[
28.060280143341416,
0.1440695144065612,
0.8307717811943353
]
],
[
[
28.145031295800237,
-0.011369147352777874,
0.8320246462101007
],
[
28.256627586169646,
0.754355705949297,
1.4291926847510712
]
],
[
[
28.223452704666208,
-0.6628170269671467,
0.7103917612742812
],
[
28.179053651458506,
0.30816192894367306,
0.9352120870873348
]
],
[
[
29.02616451508517,
-0.5178424891675136,
1.3668771695227826
],
[
28.227337928510998,
-0.4758413364339863,
0.7374641812184066
]
],
[
[
29.618923601851076,
-0.592608170693445,
1.7341302879565834
],
[
28.81268727519496,
-0.5416587953701757,
1.2160978637159106
]
],
[
[
29.440450979524844,
0.299340153387326,
1.8178731913880306
],
[
29.461954612016406,
-0.5124044953394705,
1.4120618928324642
]
],
[
[
29.507424150307987,
0.8537879176819745,
2.184776884687041
],
[
29.523343214482825,
0.14051450209294783,
1.734316966166998
]
],
[
[
29.627538024213898,
0.7822139755412696,
2.2681624320774176
],
[
28.86523478101283,
0.6882346780650377,
1.6966993400396029
]
],
[
[
28.275823104762225,
0.6357407953908366,
1.2101619260237175
],
[
29.03938237511634,
0.704947437770611,
1.7822257634203225
]
],
[
[
29.045205864609365,
0.7427828230600076,
1.982523957309761
],
[
29.227114523209224,
0.13453420798225318,
0.8207011623671002
]
],
[
[
29.540587704196366,
0.8077112850589723,
2.351050212606788
],
[
29.155239923233825,
0.09881165924947229,
0.807854763356491
]
],
[
[
29.5188736971871,
0.22565632315015027,
1.902641400814057
],
[
29.207049229850757,
0.2162091995378138,
0.9035874927161898
]
],
[
[
29.088259044309158,
0.10497282384811912,
1.4529018740850554
],
[
29.23844813942856,
0.26708649560499437,
0.9508671181356901
]
],
[
[
29.045985671432515,
0.1642383725069167,
1.4666633424617117
],
[
29.273973076369774,
-0.26911304291515636,
0.722915126213959
]
],
[
[
29.5359261459503,
0.28385710804634845,
1.810085610484821
],
[
28.987091363716075,
-0.40028215873145,
0.5297744204580012
]
],
[
[
29.5749753675433,
-0.6150038962305501,
1.811587749569209
],
[
29.10367462637445,
-0.05335012503332683,
0.7098896082935339
]
],
[
[
28.851258432186576,
-0.5011713682447886,
1.3366758289248104
],
[
29.064518656602626,
-0.24834043602600364,
0.5711510119105975
]
],
[
[
28.1954213862544,
0.6981694744541638,
1.4876269011582246
],
[
28.887553604424276,
0.29002387335853247,
0.5322415877702629
]
],
[
[
28.891790911157898,
0.7136426833540425,
1.8367515336160862
],
[
28.670002265169483,
0.2918293808881963,
0.5839491040632204
]
],
[
[
29.14543846950261,
-0.055809786438597686,
1.2734270907629284
],
[
28.67545001540752,
0.3953382987422968,
0.6345216215739615
]
],
[
[
28.204495380249416,
0.040345085748214285,
0.9714789020327539
],
[
28.884367653110594,
0.3171741181012114,
0.7026879803071525
]
],
[
[
28.10069567095218,
0.09498446574475765,
0.9770650876305844
],
[
28.750676561018068,
-0.2385296272740002,
0.5446860529073709
]
],
[
[
29.201533157892168,
0.06720009575575216,
1.2738375372517772
],
[
28.58885608483754,
-0.2641167568282887,
0.5331563466198613
]
],
[
[
29.020525150046097,
-0.5640897571704769,
1.2512179836106678
],
[
28.612773533141862,
-0.06182021013016567,
0.402215428374999
]
],
[
[
28.24035389835927,
-0.5449850366851089,
0.9333133098928993
],
[
28.800609318343703,
0.008388760232361753,
0.4207122557173921
]
],
[
[
28.86153027515761,
-0.2,
0.0
],
[
29.261530275157607,
-0.1893496557703608,
0.1
]
],
[
[
29.241907019088885,
-0.20087287116378835,
0.1490725996702084
],
[
29.261530275157607,
0.2,
0.0
]
],
[
[
28.86153027515761,
0.2,
0.1
],
[
29.314111215546387,
0.06511233604992486,
0.07980264424117807
]
],
[
[
28.904790047363544,
0.22699327938153485,
0.14355204091280888
],
[
28.917760096083473,
-0.2540292050128287,
0.039607165048253005
]
],
[
[
28.927645894667933,
-0.25188565398188106,
-0.03875715517538089
],
[
28.650528456856502,
-0.06766195945547118,
0.5494367515516952
]
],
[
[
28.79107197823077,
0.3403627085987656,
0.7936592880213669
],
[
28.87984904663956,
0.13484308326514546,
0.049413600474148535
]
],
[
[
28.99008449784304,
-0.3262989027575851,
0.7276495272484105
],
[
29.252581624335765,
-0.13005946726173367,
0.004504103467722763
]
],
[
[
29.151022060947746,
0.2124418497759351,
1.0984222867403546
],
[
29.30755190520329,
0.07802410879842715,
-0.07189137647621895
]
]
],
"contact_t_pairs": [
[
0.8999999517982965,
0.10000015644450488
],
[
0.8009754724173643,
0.8835003299696998
],
[
0.7597840168716641,
0.22043429436305673
],
[
0.8519061242199614,
0.16584433869028734
],
[
0.22425586940164266,
0.8999999872078783
],
[
0.10000001944505607,
0.18288213535654063
],
[
0.7373422358044777,
0.1437540918134414
],
[
0.100000150323709,
0.10000007749351245
],
[
0.35186329989288045,
0.10000005275056112
],
[
0.15616829238811752,
0.16537405257739743
],
[
0.3327109219416312,
0.37425703828338713
],
[
0.10000076835049491,
0.17863516344882321
],
[
0.2144517685604418,
0.16254114780585482
],
[
0.1535658083596089,
0.1000000569608261
],
[
0.8614278399049392,
0.10000001549419021
],
[
0.8999998424926606,
0.8749912868607649
],
[
0.16139142592335784,
0.8999998691166726
],
[
0.18497027815965844,
0.10000005337136286
],
[
0.3696197700411381,
0.24846932864559837
],
[
0.19176777476710447,
0.2143603221968936
],
[
0.10000006077077045,
0.8999997523403961
],
[
0.12603873020650844,
0.15902780158399485
],
[
0.10000004654533799,
0.13609704219085228
],
[
0.8715555558329683,
0.10000030089039831
],
[
0.864874773870194,
0.28557160178673113
],
[
0.8999999595880217,
0.8999999497025728
],
[
0.10000005146836807,
0.7541828577171955
],
[
0.12455396467246847,
0.10000017147065017
],
[
0.7301264384065576,
0.1656073403241184
],
[
0.10000004518219137,
0.8611221448857699
],
[
0.17506195975233751,
0.10000008079367749
],
[
0.8999999058245232,
0.899999902272528
],
[
0.7300472795831201,
0.10000002071870816
],
[
0.7752180037759856,
0.136349431375777
],
[
0.8999997958710096,
0.10000014395144632
],
[
0.10000043764453169,
0.21919029706944754
],
[
0.10000029145487654,
0.1000000717373242
],
[
0.8999999842317269,
0.31573147329756723
],
[
0.8736322834043481,
0.8862179924607633
],
[
0.8999999803313562,
0.14191340237342445
],
[
0.8391733854121908,
0.858094776774732
],
[
0.8999999848830358,
0.12171752617185742
],
[
0.8999998775563346,
0.8851778610970953
],
[
0.6443463595651103,
0.6287789354513361
],
[
0.6663738290461018,
0.7886365093381521
],
[
0.8709184692431644,
0.8384725733368593
],
[
0.8999999730317821,
0.10000014392803801
],
[
0.8999999230065526,
0.1302288577706322
],
[
0.7431763897553393,
0.8358622729080416
],
[
0.8999997880254242,
0.21163641603878774
],
[
0.8999999601642469,
0.8999999242228407
],
[
0.7917949363885698,
0.8407700627791075
],
[
0.8999996413076234,
0.10000008173226149
],
[
0.8675492910541998,
0.8834643881931015
],
[
0.8999998314751305,
0.7723259523971044
],
[
0.8142627639506083,
0.6571554119518357
],
[
0.8103445846478925,
0.7032441364798152
],
[
0.8999995038760036,
0.8999999080286131
],
[
0.899999952358465,
0.8701984316618959
],
[
0.10628534623740052,
0.8399690230387379
],
[
0.1581895758263289,
0.8999996369621885
],
[
0.1000001648350559,
0.10000014616039371
],
[
0.6731320695254815,
0.880981960360578
],
[
0.7291884138831166,
0.8999999164613389
],
[
0.10000006133437825,
0.10000045674459201
],
[
0.14875202312397995,
0.8999998235391848
]
],
"half_couplers": [
{
"pose": [
[
-0.5342408274046377,
0.48374358926572947,
-0.6932379664864854,
28.236442669188158
],
[
0.8407049330906856,
0.21835736333603406,
-0.4955151635963535,
-0.5578512949722835
],
[
-0.08832866924727223,
-0.847533009222204,
-0.5233410403052312,
0.7023361717798995
],
[
0.0,
0.0,
0.0,
1.0
]
],
"at_element": 0,
"to_element": 5
},
{
"pose": [
[
-0.8740775630249036,
-0.4837435892702667,
-0.044503411738494064,
28.21901279239945
],
[
0.07129290688396808,
-0.2183573633229554,
0.9732612102157782,
-0.5657189794717428
],
[
-0.48052651877339747,
0.8475330092229841,
0.22534875866743342,
0.7328738290274911
],
[
0.0,
0.0,
0.0,
1.0
]
],
"at_element": 5,
"to_element": 0
},
{
"pose": [
[
-0.37173333996101254,
0.6174426660153574,
-0.6932379664626555,
28.34262889926586
],
[
0.8679415597857316,
-0.033796027665661255,
-0.4955151635527746,
-0.48195111391865386
],
[
-0.3293808931285197,
-0.7858895486630864,
-0.523341040378059,
0.782498561608231
],
[
0.0,
0.0,
0.0,
1.0
]
],
"at_element": 0,
"to_element": 6
},
{
"pose": [
[
-0.053327245781474186,
-0.6174426659995947,
-0.7848061920376743,
28.32040096225832
],
[
-0.9985765431032768,
0.03379602756663613,
0.04126398047479879,
-0.4807344568683345
],
[
0.0010451895864569405,
0.7858895486797288,
-0.6183660120468302,
0.8107905866686517
],
[
0.0,
0.0,
0.0,
1.0
]
],
"at_element": 6,
"to_element": 0
},
{
"pose": [
[
0.3363861759946236,
0.6373895688075533,
-0.6932379664841184,
28.38679944581309
],
[
0.41973674340090383,
-0.7604510430431612,
-0.49551516361638487,
-0.45037872946052154
],
[
-0.8430097311650193,
-0.12429299541764266,
-0.5233410402894008,
0.8158439075034463
],
[
0.0,
0.0,
0.0,
1.0
]
],
"at_element": 0,
"to_element": 27
},
{
"pose": [
[
-0.4880621554550548,
-0.6373895688154536,
0.5962632555992496,
28.363853406526616
],
[
-0.2736140632917051,
0.7604510430368475,
0.5889393479070434,
-0.4230024742426008
],
[
-0.8288128116659207,
0.12429299541575478,
-0.5455461250059526,
0.8203184582259623
],
[
0.0,
0.0,
0.0,
1.0
]
],
"at_element": 27,
"to_element": 0
},
{
"pose": [
[
0.5157591859361413,
0.34361563261917905,
-0.7848061920896204,
28.345639253792907
],
[
0.5967067907045548,
-0.801397710150457,
0.041263980572339404,
-0.4820614499295237
],
[
-0.6147629364637718,
-0.4895814612353343,
-0.618366011974393,
0.8306763901226979
],
[
0.0,
0.0,
0.0,
1.0
]
],
"at_element": 6,
"to_element": 27
},
{
"pose": [
[
-0.7255332018937297,
-0.3436156326135055,
0.5962632555955908,
28.333269087984238
],
[
0.10446125909941245,
0.8013977101458538,
0.5889393479131338,
-0.4532111252867976
],
[
-0.6802127742825753,
0.48958146124685153,
-0.5455461250033766,
0.8483013270512181
],
[
0.0,
0.0,
0.0,
1.0
]
],
"at_element": 27,
"to_element": 6
},
{
"pose": [
[
0.7100993864480047,
-0.12320707440681905,
-0.6932379664893433,
28.9610586132012
],
[
-0.5937484866892364,
-0.6339774895001338,
-0.4955151636038493,
-0.039907666079033205
],
[
-0.3784462919892451,
0.7634740071693471,
-0.5233410402943484,
1.2493651579045095
],
[
0.0,
0.0,
0.0,
1.0
]
],
"at_element": 0,
"to_element": 1
},
{
"pose": [
[
-0.8844581398094733,
0.1232070744164267,
-0.45005979129279183,
28.965497915597066
],
[
0.41905568852454905,
0.6339774895249035,
-0.6499729784313475,
-0.017064677544603238
],
[
0.20524650749764864,
-0.7634740071472281,
-0.6123571764669471,
1.2218562505997574
],
[
0.0,
0.0,
0.0,
1.0
]
],
"at_element": 1,
"to_element": 0
},
{
"pose": [
[
0.6968504926924679,
0.1839035419890554,
-0.6932379664142353,
29.094301023103032
],
[
-0.2755582766825573,
-0.8237307560640121,
-0.4955151639112073,
0.05533182992879504
],
[
-0.6621684279592345,
0.536327445464141,
-0.5233410401028236,
1.349952870608895
],
[
0.0,
0.0,
0.0,
1.0
]
],
"at_element": 0,
"to_element": 16
},
{
"pose": [
[
-0.9490140181564017,
-0.18390354220058583,
0.2560310147398517,
29.087680494881837
],
[
-0.2909187723805533,
0.8237307560741756,
-0.4866558428438508,
0.08498614029474867
],
[
-0.12140288801850063,
-0.5363274453759983,
-0.835233027434394,
1.3306450805067045
],
[
0.0,
0.0,
0.0,
1.0
]
],
"at_element": 16,
"to_element": 0
},
{
"pose": [
[
-0.3962203628925258,
-0.800284704489926,
-0.4500597913486465,
29.08103908884037
],
[
-0.46919159316869075,
0.597824703682647,
-0.6499729783357007,
0.14979901913473115
],
[
0.7892202942963017,
-0.046368258822467256,
-0.6123571765274183,
1.3790630661920906
],
[
0.0,
0.0,
0.0,
1.0
]
],
"at_element": 1,
"to_element": 15
},
{
"pose": [
[
0.5334549805635175,
0.8002847044154602,
0.2738068216656347,
29.109849341278327
],
[
0.7451563703624484,
-0.5978247037638864,
0.2955462861852326,
0.12827732750207105
],
[
0.4002096543316252,
0.04636825906027944,
-0.9152498113255638,
1.3807323236847717
],
[
0.0,
0.0,
0.0,
1.0
]
],
"at_element": 15,
"to_element": 1
},
{
"pose": [
[
-0.09252523077459163,
0.9573238250928331,
0.2738068216457277,
29.10327797639808
],
[
0.955296584353899,
0.00779929173679339,
0.2955462856646626,
0.12118421539333506
],
[
0.2807980014029347,
0.28891220977665716,
-0.9152498114996181,
1.4026983230223924
],
[
0.0,
0.0,
0.0,
1.0
]
],
"at_element": 15,
"to_element": 16
},
{
"pose": [
[
-0.13408658864550516,
-0.9573238251661151,
0.25603101475158846,
29.068784429593784
],
[
-0.873558963104484,
-0.0077992917832756525,
-0.48665584248778704,
0.12090319738278608
],
[
0.4678840932594626,
-0.2889122095325781,
-0.8352330276382596,
1.3922884632012746
],
[
0.0,
0.0,
0.0,
1.0
]
],
"at_element": 16,
"to_element": 15
},
{
"pose": [
[
-0.5827168826845179,
0.771290577082665,
0.25603101440631665,
29.126206072067752
],
[
0.6116994803337179,
0.6236904971514415,
-0.48665584299630793,
0.011757913463255582
],
[
-0.5350371766465367,
-0.12696853730935617,
-0.8352330274478048,
1.2049656408033338
],
[
0.0,
0.0,
0.0,
1.0
]
],
"at_element": 16,
"to_element": 22
},
{
"pose": [
[
0.3739224953618634,
-0.7712905772813762,
-0.515065833519676,
29.09843959930095
],
[
-0.6054424479237489,
-0.6236904968665975,
0.49441845270013446,
-0.010694954122193595
],
[
-0.7025819594285465,
0.12696853750145304,
-0.7001839620915964,
1.2095365101414097
],
[
0.0,
0.0,
0.0,
1.0
]
],
"at_element": 22,
"to_element": 16
},
{
"pose": [
[
-0.3497913108365738,
-0.7825300160050843,
-0.5150658335730629,
29.07204117518445
],
[
-0.867001374058336,
0.06212093244131012,
0.4944184534719348,
0.0146452396382716
],
[
-0.35490091045838285,
0.6195060643800873,
-0.700183961507336,
1.1736503146422583
],
[
0.0,
0.0,
0.0,
1.0
]
],
"at_element": 22,
"to_element": 25
},
{
"pose": [
[
-0.15661976078387863,
0.7825300162285257,
-0.6025919218122527,
29.100212267399865
],
[
0.9433738497954322,
-0.062120931717070116,
-0.32586311445873817,
0.012408885156741142
],
[
-0.29243123987383124,
-0.61950606417047,
-0.7284889885247872,
1.1513480870891253
],
[
0.0,
0.0,
0.0,
1.0
]
],
"at_element": 25,
"to_element": 22
},
{
"pose": [
[
-0.4433311290022428,
-0.775179781777327,
-0.45005979156246856,
29.368462075641325
],
[
-0.4326319643961515,
0.6247917342736595,
-0.6499729780275791,
0.5648931430902586
],
[
0.7850395489657346,
-0.09344300245052334,
-0.6123571766973159,
1.7701345017215386
],
[
0.0,
0.0,
0.0,
1.0
]
],
"at_element": 1,
"to_element": 13
},
{
"pose": [
[
0.5917168952715768,
0.7751797817323991,
-0.22128583742181918,
29.396368584984245
],
[
0.6662708040689826,
-0.6247917342862073,
-0.4070853773017455,
0.5424006106633074
],
[
-0.4538219160589726,
0.09344300273933365,
-0.8861794816760427,
1.7734984542779706
],
[
0.0,
0.0,
0.0,
1.0
]
],
"at_element": 13,
"to_element": 1
},
{
"pose": [
[
-0.8713277079750781,
0.49033872616795754,
0.018866874009277418,
29.509016068956893
],
[
0.24797027847765435,
0.47316792157713383,
-0.8453536886901777,
0.78246002807909
],
[
-0.4234368504353533,
-0.7319016679926068,
-0.5338737510713822,
2.139730546723935
],
[
0.0,
0.0,
0.0,
1.0
]
],
"at_element": 9,
"to_element": 10
},
{
"pose": [
[
0.3542942207321982,
-0.49033872621408436,
-0.7962685091917886,
29.491363859767105
],
[
-0.8754858232836151,
-0.47316792177723954,
-0.09816664927773872,
0.7654259683757972
],
[
-0.3286338059073882,
0.7319016678323376,
-0.5969252635289175,
2.166079029226273
],
[
0.0,
0.0,
0.0,
1.0
]
],
"at_element": 10,
"to_element": 9
},
{
"pose": [
[
-0.40645194475023727,
0.9134773438234621,
0.01886687387942504,
29.51083802177411
],
[
0.48137034807413526,
0.23164569650469524,
-0.8453536888698365,
0.7008251722417608
],
[
-0.7765818724408495,
-0.3345136971965224,
-0.5338737507914932,
2.0881749584948253
],
[
0.0,
0.0,
0.0,
1.0
]
],
"at_element": 9,
"to_element": 13
},
{
"pose": [
[
0.3414552980679826,
-0.9134773438394197,
-0.2212858371278738,
29.477952833574275
],
[
-0.8835280223197555,
-0.23164569648090527,
-0.407085378118176,
0.6924859262007552
],
[
0.32060335805641077,
0.33451369716942103,
-0.8861794813743984,
2.100217452996873
],
[
0.0,
0.0,
0.0,
1.0
]
],
"at_element": 13,
"to_element": 9
},
{
"pose": [
[
-0.5578836908066809,
0.2339278709723614,
-0.7962685091815789,
29.510474310456576
],
[
0.5007304864322484,
0.860018772431724,
-0.09816664923666513,
0.7677819687552638
],
[
0.6618419505359567,
-0.4534814905234488,
-0.5969252635492919,
2.1804052404009493
],
[
0.0,
0.0,
0.0,
1.0
]
],
"at_element": 10,
"to_element": 13
},
{
"pose": [
[
0.946736673783786,
-0.23392787099918946,
-0.22128583705831625,
29.502052904150382
],
[
-0.30765111059134115,
-0.8600187725006783,
-0.4070853781436293,
0.7368212820985139
],
[
-0.095081358134639,
0.45348149037883984,
-0.8861794813800754,
2.1967305797800707
],
[
0.0,
0.0,
0.0,
1.0
]
],
"at_element": 13,
"to_element": 10
},
{
"pose": [
[
0.5404766885270007,
-0.6163094952571454,
-0.5727543585297018,
28.92409469135937
],
[
-0.6972511658239667,
0.05289309344362869,
-0.7148728085632317,
-0.5117382209474377
],
[
0.4708776496246204,
0.7857257325058447,
-0.40113503008606344,
1.3322220011580672
],
[
0.0,
0.0,
0.0,
1.0
]
],
"at_element": 2,
"to_element": 6
},
{
"pose": [
[
0.06512946261174879,
0.6163094952643774,
-0.7848061920925913,
28.94628184405058
],
[
0.9977472648790641,
-0.052893093442087924,
0.041263980569906544,
-0.513642373243387
],
[
-0.016079444214644467,
-0.7857257325002759,
-0.6183660119707852,
1.3039358609401004
],
[
0.0,
0.0,
0.0,
1.0
]
],
"at_element": 6,
"to_element": 2
},
{
"pose": [
[
0.6151039147676207,
-0.5418483356264472,
-0.5727543585311217,
28.89395052582064
],
[
-0.6982733785527637,
-0.03702912882961562,
-0.7148728085629137,
-0.5493621062298842
],
[
0.3661440465746457,
0.8396601841203193,
-0.40113503008460216,
1.3111101919329524
],
[
0.0,
0.0,
0.0,
1.0
]
],
"at_element": 2,
"to_element": 7
},
{
"pose": [
[
0.024589517293899577,
0.5418483356179771,
-0.8401165019372498,
28.913473840876346
],
[
0.9979029275412024,
0.03702912882745768,
0.05309040236217194,
-0.5480279112145855
],
[
0.059875728337539125,
-0.8396601841258804,
-0.5398015119928263,
1.2808564304346353
],
[
0.0,
0.0,
0.0,
1.0
]
],
"at_element": 7,
"to_element": 2
},
{
"pose": [
[
-0.6100520171349673,
0.10915941209562717,
-0.7848061920885276,
28.89724075321248
],
[
0.12430874146009997,
0.9913852029892505,
0.041263980546823315,
-0.5110638632374249
],
[
0.7825495979081223,
-0.07238509546101073,
-0.618366011977483,
1.2652953098456576
],
[
0.0,
0.0,
0.0,
1.0
]
],
"at_element": 6,
"to_element": 7
},
{
"pose": [
[
0.5313082776810834,
-0.10915941204939043,
-0.8401165019380301,
28.893311013383464
],
[
-0.11973632893494392,
-0.9913852029880776,
0.053090402423321845,
-0.5467537395709264
],
[
-0.8386743859214634,
0.07238509554679569,
-0.5398015119855974,
1.2679011739417854
],
[
0.0,
0.0,
0.0,
1.0
]
],
"at_element": 7,
"to_element": 6
},
{
"pose": [
[
0.5982769497157947,
0.1616908541044758,
-0.7848061920867659,
28.878405339165212
],
[
0.310766250144566,
-0.9495902388295101,
0.04126398054962044,
-0.5100735242633667
],
[
-0.7385722911197317,
-0.26857856582139894,
-0.6183660119795324,
1.2504544739988201
],
[
0.0,
0.0,
0.0,
1.0
]
],
"at_element": 6,
"to_element": 19
},
{
"pose": [
[
-0.9531306030285436,
-0.16169085411237272,
0.25573056381053955,
28.87258446601017
],
[
-0.07974482206378783,
0.9495902388264018,
0.30318169746808926,
-0.4758882615289787
],
[
-0.291860954778915,
0.2685785658276338,
-0.9179775253531601,
1.2601233063662862
],
[
0.0,
0.0,
0.0,
1.0
]
],
"at_element": 19,
"to_element": 6
},
{
"pose": [
[
-0.9183647388740881,
0.30200676337622295,
0.25573056381227893,
28.93008362729416
],
[
0.37282060213895435,
0.8769752886572025,
0.3031816975105255,
-0.4077200572187947
],
[
-0.13270646183767962,
0.37377300325148466,
-0.91797752533866,
1.0537227220992327
],
[
0.0,
0.0,
0.0,
1.0
]
],
"at_element": 19,
"to_element": 26
},
{
"pose": [
[
0.8734210297443163,
-0.30200676337631854,
-0.3820047377655653,
28.919211379539746
],
[
-0.09743116789832347,
-0.8769752886367579,
0.4705544714934116,
-0.439291180018242
],
[
-0.477119348090545,
-0.3737730032993763,
-0.7953935313303835,
1.0402668886928637
],
[
0.0,
0.0,
0.0,
1.0
]
],
"at_element": 26,
"to_element": 19
},
{
"pose": [
[
-0.8170702527595322,
0.06594427074402265,
-0.5727543585268584,
29.447436558618787
],
[
0.5372390991223986,
0.4475835317702105,
-0.714872808590632,
0.14146129628483214
],
[
0.2092136525889921,
-0.8918073419994612,
-0.40113503004129214,
1.6987504309100778
],
[
0.0,
0.0,
0.0,
1.0
]
],
"at_element": 2,
"to_element": 8
},
{
"pose": [
[
0.997542095035622,
-0.06594427072226268,
0.023688009432012783,
29.44506050511414
],
[
-0.00835421191575696,
-0.4475835318023911,
-0.8942031028813111,
0.12533430894464567
],
[
0.06956993442004111,
0.8918073419849193,
-0.447034326429844,
1.7308833506785195
],
[
0.0,
0.0,
0.0,
1.0
]
],
"at_element": 8,
"to_element": 2
},
{
"pose": [
[
-0.8165443642604071,
-0.07216471424773091,
-0.5727543585273809,
29.519153373309063
],
[
0.4544718207307547,
0.5314247187654959,
-0.7148728085797406,
0.23097331828001644
],
[
0.3559644158567553,
-0.84402607916021,
-0.40113503005995677,
1.7489781178576111
],
[
0.0,
0.0,
0.0,
1.0
]
],
"at_element": 2,
"to_element": 9
},
{
"pose": [
[
0.9972142673889832,
0.0721647142539775,
0.018866873946028203,
29.521751304122834
],
[
0.05445098032827628,
-0.5314247186766243,
-0.8453536887721971,
0.21184202030086208
],
[
-0.05097838421471604,
0.8440260792156322,
-0.5338737509437455,
1.7793630695797273
],
[
0.0,
0.0,
0.0,
1.0
]
],
"at_element": 9,
"to_element": 2
},
{
"pose": [
[
0.027529226969041254,
0.8192646619425065,
-0.5727543586518722,
29.49880405491176
],
[
0.4723012934738199,
-0.5156436326931477,
-0.7148728084393547,
0.20557469114029903
],
[
-0.8810071678740437,
-0.2508327286365246,
-0.40113503013238794,
1.7347262412444397
],
[
0.0,
0.0,
0.0,
1.0
]
],
"at_element": 2,
"to_element": 14
},
{
"pose": [
[
-0.4899406506765194,
-0.8192646618950271,
-0.2979321610445845,
29.4692849376665
],
[
-0.8567556075173152,
0.5156436327663254,
-0.00902623815236521,
0.22415396785078817
],
[
0.1610216997870329,
0.2508327286411685,
-0.9545443700740794,
1.7437640541453547
],
[
0.0,
0.0,
0.0,
1.0
]
],
"at_element": 14,
"to_element": 2
},
{
"pose": [
[
0.34081383577001123,
-0.9398323294895848,
0.023688009496622975,
29.442601343774893
],
[
-0.41315005829495177,
-0.1723596248228434,
-0.8942031028026052,
0.21816565073171734
],
[
0.844483841573425,
0.2949700869191803,
-0.44703432658385545,
1.7772920426438499
],
[
0.0,
0.0,
0.0,
1.0
]
],
"at_element": 8,
"to_element": 14
},
{
"pose": [
[
-0.1671873798325707,
0.9398323294776244,
-0.29793216089133656,
29.476435309499884
],
[
0.9849927343574584,
0.1723596248735677,
-0.00902623822310078,
0.22437059756929992
],
[
0.0428683249933654,
-0.2949700869276487,
-0.9545443701212417,
1.7666731189327258
],
[
0.0,
0.0,
0.0,
1.0
]
],
"at_element": 14,
"to_element": 8
},
{
"pose": [
[
-0.3579836479338747,
0.9335372241531221,
0.01886687394454245,
29.52129849913323
],
[
0.49285691008983673,
0.20608058371035187,
-0.845353688815693,
0.23213050949740058
],
[
-0.7930572324798851,
-0.29332412812123754,
-0.5338737508749252,
1.792176040020831
],
[
0.0,
0.0,
0.0,
1.0
]
],
"at_element": 9,
"to_element": 14
},
{
"pose": [
[
0.19936067447069938,
-0.9335372241697883,
-0.29793216100977504,
29.487691156628475
],
[
-0.9784933929443849,
-0.20608058371669769,
-0.009026238373278594,
0.22471160794636783
],
[
-0.05297170413318622,
0.29332412806373764,
-0.9545443700828553,
1.802735709398542
],
[
0.0,
0.0,
0.0,
1.0
]
],
"at_element": 14,
"to_element": 9
},
{
"pose": [
[
-0.6077229660675327,
0.4875690882344569,
-0.6268565870374981,
28.194452516571502
],
[
0.7844355617405677,
0.4916285967792522,
-0.37810338838156854,
0.22499875723583104
],
[
0.12382909993551627,
-0.7215107116509663,
-0.6812405206548389,
0.9765844906393184
],
[
0.0,
0.0,
0.0,
1.0
]
],
"at_element": 3,
"to_element": 4
},
{
"pose": [
[
-0.8655872335339858,
-0.48756908823707884,
0.11417147340139056,
28.176900027194485
],
[
0.380255407190161,
-0.4916285967041729,
0.7833946312078801,
0.20730012553260535
],
[
-0.3258290448158753,
0.7215107117003525,
0.6109482191282867,
1.002558879512086
],
[
0.0,
0.0,
0.0,
1.0
]
],
"at_element": 4,
"to_element": 3
},
{
"pose": [
[
0.40696248056336015,
-0.6644037618057459,
-0.6268565870373304,
28.15957502061541
],
[
-0.9044969720361142,
-0.19728926796267277,
-0.3781033884062045,
0.2039615699851653
],
[
0.12754123643440682,
0.720863777731359,
-0.6812405206413197,
0.9386811424195374
],
[
0.0,
0.0,
0.0,
1.0
]
],
"at_element": 3,
"to_element": 5
},
{
"pose": [
[
0.7460476443424492,
0.6644037618148133,
-0.04450341175019251,
28.183493559012437
],
[
-0.11764166547668348,
0.1972892679382845,
0.9732612102104183,
0.21106398451484776
],
[
0.6554184548171913,
-0.7208637777296767,
0.22534875868827176,
0.9127300431981454
],
[
0.0,
0.0,
0.0,
1.0
]
],
"at_element": 5,
"to_element": 3
},
{
"pose": [
[
-0.3289202346821669,
-0.9374307194827771,
0.11417147361154323,
28.156190930580856
],
[
0.6100933314484016,
-0.11865487228217608,
0.783394631208238,
0.0652033773880382
],
[
-0.720831191152838,
0.32732960063780275,
0.6109482190885552,
0.8917414807994621
],
[
0.0,
0.0,
0.0,
1.0
]
],
"at_element": 4,
"to_element": 5
},
{
"pose": [
[
0.34531593158468554,
0.9374307194325164,
-0.04450341175725531,
28.189967699838085
],
[
-0.19668156496519124,
0.11865487220674642,
0.973261210212574,
0.06947865678493412
],
[
0.917645503120156,
-0.32732960080908624,
0.22534875867756676,
0.8799473970688809
],
[
0.0,
0.0,
0.0,
1.0
]
],
"at_element": 5,
"to_element": 4
},
{
"pose": [
[
0.9755696539431573,
-0.18769316705614242,
0.11417147343212888,
28.158931056208484
],
[
0.02777664117471397,
0.6209036236244618,
0.7833946313162121,
0.08400491897423987
],
[
-0.21792730097507165,
-0.7610847293241718,
0.6109482189836327,
0.9064042929860601
],
[
0.0,
0.0,
0.0,
1.0
]
],
"at_element": 4,
"to_element": 24
},
{
"pose": [
[
0.6152530639793301,
0.18769316704367012,
0.7656598084718585,
28.165693871411417
],
[
0.6783298881237297,
-0.6209036235826255,
-0.39287052969141606,
0.061632999255003484
],
[
0.4016618355558498,
0.7610847293613783,
-0.5093307418474002,
0.9338271100179488
],
[
0.0,
0.0,
0.0,
1.0
]
],
"at_element": 24,
"to_element": 4
},
{
"pose": [
[
0.8758115828408667,
-0.48059704296442024,
-0.04450341173023653,
28.191035782079048
],
[
0.1465265670331462,
0.17689709390975883,
0.9732612102204438,
0.046120379879737994
],
[
-0.45987393545976996,
-0.8589143731828784,
0.22534875864891335,
0.8745390250415679
],
[
0.0,
0.0,
0.0,
1.0
]
],
"at_element": 5,
"to_element": 24
},
{
"pose": [
[
0.4275412728416901,
0.4805970429660873,
0.7656598084718568,
28.2083372774175
],
[
0.9024190628787179,
-0.17689709391573305,
-0.3928705297133712,
0.03975208383931054
],
[
-0.05336941980201826,
0.8589143731807154,
-0.509330741830468,
0.9054599456781635
],
[
0.0,
0.0,
0.0,
1.0
]
],
"at_element": 24,
"to_element": 5
},
{
"pose": [
[
0.61613555851815,
-0.476893900940314,
-0.626856587087874,
28.9539336328007
],
[
-0.7757403325076442,
-0.5052373343844514,
-0.37810338859235837,
0.6830977697214732
],
[
-0.13639615115705084,
0.7192408798101122,
-0.681240520491492,
1.8019555909907503
],
[
0.0,
0.0,
0.0,
1.0
]
],
"at_element": 3,
"to_element": 10
},
{
"pose": [
[
-0.37219439615358785,
0.47689390090513795,
-0.7962685092048705,
28.971101820375214
],
[
0.8573788806441393,
0.5052373343149383,
-0.09816664932520719,
0.701286321323679
],
[
0.35548950265411405,
-0.7192408798822658,
-0.5969252635036613,
1.7760629085387605
],
[
0.0,
0.0,
0.0,
1.0
]
],
"at_element": 10,
"to_element": 3
},
{
"pose": [
[
0.730145328394576,
0.2719165656826278,
-0.6268565870523671,
28.879401026968868
],
[
0.020070839899723164,
-0.9255457790120236,
-0.3781033884253708,
0.6381416642964086
],
[
-0.6829970430457927,
0.26348888451012936,
-0.6812405206168464,
1.7209567911879162
],
[
0.0,
0.0,
0.0,
1.0
]
],
"at_element": 3,
"to_element": 21
},
{
"pose": [
[
-0.9479885229603924,
-0.2719165656804818,
-0.16546643660847338,
28.869612028639935
],
[
-0.2105506982117812,
0.9255457790108322,
-0.3146957489985575,
0.6714613190276099
],
[
0.23871774927287065,
-0.26348888451652736,
-0.9346589987360798,
1.7114711894422843
],
[
0.0,
0.0,
0.0,
1.0
]
],
"at_element": 21,
"to_element": 3
},
{
"pose": [
[
0.0851407335557045,
-0.5989219622286209,
-0.7962685091411156,
28.94146517712321
],
[
-0.9951097612348837,
-0.010948611121957663,
-0.09816664917146212,
0.697632616663206
],
[
0.05007612789193361,
0.8007325465314361,
-0.5969252636139908,
1.7538457030611936
],
[
0.0,
0.0,
0.0,
1.0
]
],
"at_element": 10,
"to_element": 11
},
{
"pose": [
[
0.06447814591356016,
0.5989219623410521,
0.7982073989415865,
28.96302637346021
],
[
-0.9973194240217794,
0.01094861120039059,
0.07234704127778069,
0.6980267667692434
],
[
0.034590969463371035,
-0.8007325464462688,
0.5980224526665016,
1.7250193237743092
],
[
0.0,
0.0,
0.0,
1.0
]
],
"at_element": 11,
"to_element": 10
},
{
"pose": [
[
-0.5666641330758841,
0.21177398700923022,
-0.7962685091798939,
29.07102061529757
],
[
0.4664699297048659,
0.8790728716454046,
-0.09816664921570611,
0.7136046450816137
],
[
0.679188902269828,
-0.42706283467812606,
-0.596925263554986,
1.8509673563530527
],
[
0.0,
0.0,
0.0,
1.0
]
],
"at_element": 10,
"to_element": 12
},
{
"pose": [
[
0.9676124952791441,
-0.21177398700328154,
0.13739664263875678,
29.06339673423826
],
[
-0.12716131384075458,
-0.8790728718815812,
-0.45941363299771837,
0.6819579489501066
],
[
0.2180735179749284,
0.42706283419492624,
-0.8775313535181724,
1.8663416537440276
],
[
0.0,
0.0,
0.0,
1.0
]
],
"at_element": 12,
"to_element": 10
},
{
"pose": [
[
0.5772565556689847,
0.17216218286055307,
0.7982073989445788,
28.86774799809079
],
[
-0.37560042863532384,
0.9239535830098471,
0.07234704176555301,
0.6893910305445239
],
[
-0.7250511616059527,
-0.341569845325894,
0.5980224526034984,
1.6536361120827436
],
[
0.0,
0.0,
0.0,
1.0
]
],
"at_element": 11,
"to_element": 21
},
{
"pose": [
[
0.971072109154258,
-0.17216218269388162,
-0.16546643669572197,
28.86155015539177
],
[
-0.21743127831285247,
-0.923953583269379,
-0.3146957501697685,
0.6561286794160857
],
[
-0.0987045998621124,
0.341569844707862,
-0.9346589983262916,
1.665932634720361
],
[
0.0,
0.0,
0.0,
1.0
]
],
"at_element": 21,
"to_element": 11
},
{
"pose": [
[
0.8387516079683871,
-0.5324101941032047,
0.11417147343112033,
28.245467934352668
],
[
0.25356121162870193,
0.5674500538352055,
0.7833946313064745,
0.6777830643124484
],
[
-0.48187389645822243,
-0.6281240495454782,
0.6109482189963075,
1.3694757589976654
],
[
0.0,
0.0,
0.0,
1.0
]
],
"at_element": 4,
"to_element": 20
},
{
"pose": [
[
0.6396412304335061,
0.5324101941027093,
0.554435281656052,
28.264634707704822
],
[
0.7557157626219457,
-0.5674500538242906,
-0.32694666620037716,
0.6573548555914511
],
[
0.14054459240483597,
0.6281240495557586,
-0.7653152265017555,
1.392088232290331
],
[
0.0,
0.0,
0.0,
1.0
]
],
"at_element": 20,
"to_element": 4
},
{
"pose": [
[
0.5858263088940496,
0.1402586333803734,
0.7982073988443377,
28.352179365965174
],
[
-0.32438535766918464,
0.9431543063159382,
0.07234704007446655,
0.6426614899167226
],
[
-0.742685448583321,
-0.30130959201454466,
0.5980224529418774,
1.2673685601239884
],
[
0.0,
0.0,
0.0,
1.0
]
],
"at_element": 11,
"to_element": 20
},
{
"pose": [
[
0.820322518101882,
-0.14025863443626127,
0.5544352818508783,
28.34713005276639
],
[
0.05971460014780189,
-0.9431543060275103,
-0.3269466646885307,
0.6087079189024241
],
[
0.5687751162139355,
0.30130959242586614,
-0.7653152270064822,
1.2782157105009302
],
[
0.0,
0.0,
0.0,
1.0
]
],
"at_element": 20,
"to_element": 11
},
{
"pose": [
[
0.4581167979725085,
0.29040189837320984,
-0.8401165019428268,
29.538299734203957
],
[
0.6022766758772999,
-0.7965200655805509,
0.053090402350559535,
-0.5875132183116741
],
[
-0.6537520975948036,
-0.5303041792677015,
-0.5398015119852886,
1.6823268945494398
],
[
0.0,
0.0,
0.0,
1.0
]
],
"at_element": 7,
"to_element": 18
},
{
"pose": [
[
-0.8881633007281955,
-0.2904018983739638,
-0.35613577278952835,
29.527845259616562
],
[
-0.43061755962252724,
0.7965200655810882,
0.4244105352974147,
-0.558838478819289
],
[
0.16041966395780724,
0.5303041792664818,
-0.8324920473302835,
1.7014178564087648
],
[
0.0,
0.0,
0.0,
1.0
]
],
"at_element": 18,
"to_element": 7
},
{
"pose": [
[
-0.3558060458531278,
0.9342595656142932,
0.023688009467960403,
29.459804248428174
],
[
0.4103397012031903,
0.17894731213978488,
-0.8942031028208429,
-0.43123001766697955
],
[
-0.8396567080365871,
-0.30844273947710066,
-0.44703432654889363,
1.452643029086964
],
[
0.0,
0.0,
0.0,
1.0
]
],
"at_element": 8,
"to_element": 18
},
{
"pose": [
[
0.018065866055029467,
-0.9342595655859329,
-0.35613577269752894,
29.426170890167825
],
[
-0.8876111518612129,
-0.1789473121824563,
0.42441053539501794,
-0.43767212356731605
],
[
-0.46023914172448754,
0.30844273953824697,
-0.832492047319882,
1.463746972295049
],
[
0.0,
0.0,
0.0,
1.0
]
],
"at_element": 18,
"to_element": 8
},
{
"pose": [
[
-0.9805834400307583,
0.13992240602716366,
0.13739664271376567,
29.20412714139298
],
[
0.06206160657367697,
0.8860516188893305,
-0.45941363241973004,
0.21139719659209666
],
[
-0.18602277851633858,
-0.4419663436905193,
-0.8775313538090221,
0.9675180560527826
],
[
0.0,
0.0,
0.0,
1.0
]
],
"at_element": 12,
"to_element": 13
},
{
"pose": [
[
0.9651188002584666,
-0.1399224060311173,
-0.22128583704819701,
29.199085567352533
],
[
-0.22179725747812276,
-0.8860516189935748,
-0.40708537808922657,
0.17947168181789092
],
[
-0.13911030861457166,
0.44196634348027947,
-0.886179481407593,
0.9834426395976041
],
[
0.0,
0.0,
0.0,
1.0
]
],
"at_element": 13,
"to_element": 12
},
{
"pose": [
[
0.009405860359788742,
0.9904714495545024,
0.13739664263836676,
29.208923653771343
],
[
0.8864986449229411,
0.05531063844770334,
-0.45941363260606083,
0.195359081453454
],
[
-0.4626355826573237,
0.1261231179915496,
-0.8775313537232776,
0.936883464712845
],
[
0.0,
0.0,
0.0,
1.0
]
],
"at_element": 12,
"to_element": 35
},
{
"pose": [
[
0.04020459979044855,
-0.9904714494292731,
0.1317190116162627,
29.173235743719033
],
[
-0.9920415587041861,
-0.055310638429237,
-0.1131117990322834,
0.19336617081446728
],
[
0.1193194701608219,
-0.12612311898310138,
-0.9848125826260121,
0.9323390929491846
],
[
0.0,
0.0,
0.0,
1.0
]
],
"at_element": 35,
"to_element": 12
},
{
"pose": [
[
0.23698930734377532,
-0.9459749713982051,
-0.22128583708155106,
29.217214102284956
],
[
-0.9039144969017856,
-0.13122529202818178,
-0.40708537805098144,
0.2128215861509789
],
[
0.35605428026567754,
0.29649835787114176,
-0.8861794814168331,
1.0560416631067295
],
[
0.0,
0.0,
0.0,
1.0
]
],
"at_element": 13,
"to_element": 14
},
{
"pose": [
[
-0.12793662855918875,
0.9459749713998046,
-0.2979321609998614,
29.25129875049522
],
[
0.9913114796853283,
0.1312252920180207,
-0.009026238356605154,
0.21754979572285912
],
[
0.03055763925752944,
-0.2964983578705358,
-0.9545443700861072,
1.045358460558894
],
[
0.0,
0.0,
0.0,
1.0
]
],
"at_element": 14,
"to_element": 13
},
{
"pose": [
[
0.719459438272859,
0.6583393463134111,
-0.22128583726875262,
29.19377470715537
],
[
0.5452981558603025,
-0.7327560417043528,
-0.4070853774837926,
0.16970163254683257
],
[
-0.43014885550871296,
0.17221465803293035,
-0.8861794816306372,
0.9621743316099511
],
[
0.0,
0.0,
0.0,
1.0
]
],
"at_element": 13,
"to_element": 35
},
{
"pose": [
[
-0.7411068795515847,
-0.6583393462465442,
0.1317190125417992,
29.170074486362598
],
[
-0.67102481649331,
0.7327560418429282,
-0.1131117977613503,
0.19608085487054336
],
[
-0.022051955274609153,
-0.172214657698925,
-0.9848125826481959,
0.955974602808509
],
[
0.0,
0.0,
0.0,
1.0
]
],
"at_element": 35,
"to_element": 13
},
{
"pose": [
[
0.8291511072110509,
0.4730167744118947,
-0.2979321609622819,
29.23823171476532
],
[
0.4930506800845974,
-0.8699537653750795,
-0.009026238299386244,
0.2171539130557879
],
[
-0.26345676738092016,
-0.13941153910163995,
-0.9545443700983773,
1.003493005853799
],
[
0.0,
0.0,
0.0,
1.0
]
],
"at_element": 14,
"to_element": 15
},
{
"pose": [
[
-0.8374275822325135,
-0.47301677439059875,
0.27380682179471083,
29.22120310628706
],
[
-0.39475668311916357,
0.8699537654103728,
0.2955462860214457,
0.24847225706846654
],
[
-0.37799762651234126,
0.1394115389536582,
-0.9152498113398382,
1.0085118226173941
],
[
0.0,
0.0,
0.0,
1.0
]
],
"at_element": 15,
"to_element": 14
},
{
"pose": [
[
-0.964976524274521,
0.057170159217779,
0.2560310147112624,
29.192888525830533
],
[
-0.0775695223767801,
0.8701431262642862,
-0.48665584247315125,
-0.11499003443268388
],
[
-0.2506058195599277,
-0.4894716669124252,
-0.8352330276591491,
0.9874318868894278
],
[
0.0,
0.0,
0.0,
1.0
]
],
"at_element": 16,
"to_element": 17
},
{
"pose": [
[
0.9336296971514788,
-0.05717015922754441,
-0.35364835852967724,
29.190830395838397
],
[
-0.22026532201769905,
-0.8701431262676929,
-0.44083344669560326,
-0.14631525181865332
],
[
-0.28252216995003643,
0.48947166690522875,
