{
"contact_id_pairs": [
[
0,
24
],
[
0,
28
],
[
17,
28
],
[
1,
28
],
[
28,
33
],
[
1,
4
],
[
1,
30
],
[
4,
30
],
[
29,
30
],
[
2,
30
],
[
2,
27
],
[
27,
31
],
[
3,
15
],
[
3,
22
],
[
14,
22
],
[
15,
22
],
[
3,
19
],
[
4,
5
],
[
4,
19
],
[
5,
19
],
[
5,
26
],
[
5,
27
],
[
25,
27
],
[
26,
27
],
[
6,
33
],
[
16,
33
],
[
6,
21
],
[
7,
21
],
[
7,
8
],
[
7,
18
],
[
7,
22
],
[
18,
22
],
[
8,
9
],
[
8,
20
],
[
9,
23
],
[
23,
32
],
[
10,
29
],
[
16,
29
],
[
10,
21
],
[
11,
21
],
[
11,
18
],
[
12,
18
],
[
12,
19
],
[
18,
19
],
[
12,
20
],
[
13,
20
],
[
13,
32
],
[
26,
32
],
[
15,
23
],
[
15,
24
],
[
15,
25
],
[
23,
25
],
[
0,
24
],
[
0,
31
],
[
24,
31
],
[
1,
14
],
[
1,
28
],
[
1,
33
],
[
14,
28
],
[
14,
33
],
[
28,
33
],
[
0,
28
],
[
17,
28
],
[
2,
17
],
[
2,
30
],
[
17,
30
]
],
"contact_t_bound_pairs": [
[
[
0.6,
0.9
],
[
0.1,
0.4
]
],
[
[
0.1,
0.4
],
[
0.1,
0.4
]
],
[
[
0.6,
0.9
],
[
0.1,
0.4
]
],
[
[
0.6,
0.9
],
[
0.6,
0.9
]
],
[
[
0.6,
0.9
],
[
0.1,
0.4
]
],
[
[
0.1,
0.4
],
[
0.6,
0.9
]
],
[
[
0.1,
0.4
],
[
0.1,
0.4
]
],
[
[
0.6,
0.9
],
[
0.1,
0.4
]
],
[
[
0.6,
0.9
],
[
0.1,
0.4
]
],
[
[
0.6,
0.9
],
[
0.6,
0.9
]
],
[
[
0.1,
0.4
],
[
0.6,
0.9
]
],
[
[
0.6,
0.9
],
[
0.6,
0.9
]
],
[
[
0.6,
0.9
],
[
0.6,
0.9
]
],
[
[
0.6,
0.9
],
[
0.6,
0.9
]
],
[
[
0.1,
0.4
],
[
0.6,
0.9
]
],
[
[
0.6,
0.9
],
[
0.6,
0.9
]
],
[
[
0.1,
0.4
],
[
0.6,
0.9
]
],
[
[
0.1,
0.4
],
[
0.1,
0.4
]
],
[
[
0.1,
0.4
],
[
0.6,
0.9
]
],
[
[
0.1,
0.4
],
[
0.6,
0.9
]
],
[
[
0.6,
0.9
],
[
0.6,
0.9
]
],
[
[
0.6,
0.9
],
[
0.1,
0.4
]
],
[
[
0.6,
0.9
],
[
0.1,
0.4
]
],
[
[
0.6,
0.9
],
[
0.1,
0.4
]
],
[
[
0.6,
0.9
],
[
0.6,
0.9
]
],
[
[
0.6,
0.9
],
[
0.6,
0.9
]
],
[
[
0.1,
0.4
],
[
0.6,
0.9
]
],
[
[
0.6,
0.9
],
[
0.6,
0.9
]
],
[
[
0.1,
0.4
],
[
0.6,
0.9
]
],
[
[
0.1,
0.4
],
[
0.6,
0.9
]
],
[
[
0.1,
0.4
],
[
0.1,
0.4
]
],
[
[
0.6,
0.9
],
[
0.1,
0.4
]
],
[
[
0.1,
0.4
],
[
0.6,
0.9
]
],
[
[
0.1,
0.4
],
[
0.6,
0.9
]
],
[
[
0.1,
0.4
],
[
0.6,
0.9
]
],
[
[
0.6,
0.9
],
[
0.6,
0.9
]
],
[
[
0.6,
0.9
],
[
0.1,
0.4
]
],
[
[
0.1,
0.4
],
[
0.1,
0.4
]
],
[
[
0.1,
0.4
],
[
0.1,
0.4
]
],
[
[
0.6,
0.9
],
[
0.1,
0.4
]
],
[
[
0.1,
0.4
],
[
0.1,
0.4
]
],
[
[
0.6,
0.9
],
[
0.1,
0.4
]
],
[
[
0.6,
0.9
],
[
0.1,
0.4
]
],
[
[
0.1,
0.4
],
[
0.1,
0.4
]
],
[
[
0.1,
0.4
],
[
0.1,
0.4
]
],
[
[
0.6,
0.9
],
[
0.1,
0.4
]
],
[
[
0.1,
0.4
],
[
0.1,
0.4
]
],
[
[
0.1,
0.4
],
[
0.1,
0.4
]
],
[
[
0.1,
0.4
],
[
0.1,
0.4
]
],
[
[
0.1,
0.4
],
[
0.6,
0.9
]
],
[
[
0.1,
0.4
],
[
0.1,
0.4
]
],
[
[
0.1,
0.4
],
[
0.1,
0.4
]
],
[
[
0.6,
0.9
],
[
0.1,
0.4
]
],
[
[
0.6,
0.9
],
[
0.1,
0.4
]
],
[
[
0.1,
0.4
],
[
0.1,
0.4
]
],
[
[
0.6,
0.9
],
[
0.6,
0.9
]
],
[
[
0.6,
0.9
],
[
0.6,
0.9
]
],
[
[
0.6,
0.9
],
[
0.1,
0.4
]
],
[
[
0.6,
0.9
],
[
0.6,
0.9
]
],
[
[
0.6,
0.9
],
[
0.1,
0.4
]
],
[
[
0.6,
0.9
],
[
0.1,
0.4
]
],
[
[
0.1,
0.4
],
[
0.1,
0.4
]
],
[
[
0.6,
0.9
],
[
0.1,
0.4
]
],
[
[
0.6,
0.9
],
[
0.1,
0.4
]
],
[
[
0.6,
0.9
],
[
0.6,
0.9
]
],
[
[
0.1,
0.4
],
[
0.6,
0.9
]
]
],
"line_pt_pairs": [
[
[
5.560291887309285,
-19.91026597707253,
0.017704999999995405
],
[
5.035,
-19.65704744360429,
0.017704999999995405
]
],
[
[
5.579121027405631,
-19.875095366511736,
0.6574016652854402
],
[
5.729120975430314,
-19.813693968571247,
0.2477049999999954
]
],
[
[
5.039836232745015,
-19.517065084850042,
0.6750992753353953
],
[
5.6485545913632045,
-20.014638370851575,
0.5545349531822064
]
],
[
[
5.532900266527506,
-19.36091727379229,
0.8247561857801543
],
[
5.5593095974663855,
-19.405303654180543,
0.12909833164623574
]
],
[
[
5.4021048936318925,
-19.30587456085144,
0.8087636669041751
],
[
5.666418049966515,
-19.958788399809794,
0.5977050475123341
]
],
[
[
5.51554739379089,
-19.389495308409124,
0.7974693439150451
],
[
5.128081082521628,
-19.18575625871304,
0.5977059307680206
]
],
[
[
6.059981201675419,
-19.167816271392052,
0.40603294455782735
],
[
6.047143354050486,
-19.71335135769476,
0.6001051021162532
]
],
[
[
5.514718485304759,
-19.217089727699243,
0.418715076887359
],
[
6.075947793336884,
-19.261294593187152,
0.38647521948655417
]
],
[
[
5.351753743528557,
-18.788861402410504,
0.4688251358606407
],
[
5.672512073520059,
-19.275944672958808,
0.4452135067547552
]
],
[
[
5.114965430056182,
-18.91518988952055,
0.40829697827993966
],
[
5.441420424682702,
-18.827574718749805,
0.5240577937317967
]
],
[
[
6.063307040314101,
-19.17790978057419,
0.7133262236330449
],
[
6.016731516447465,
-19.713375612805304,
0.9040820690950283
]
],
[
[
5.521260385870066,
-19.16961428406585,
0.7077054535622576
],
[
6.071381384214193,
-19.273646876022546,
0.7077071342359038
]
],
[
[
5.465207654494188,
-18.811738514568244,
0.8762901537138823
],
[
5.586242893367795,
-19.275945421076244,
0.7270454585927703
]
],
[
[
5.045460301549241,
-18.814460857118632,
0.7191635495447956
],
[
5.540509738797875,
-18.810810308927362,
0.7227814527447844
]
],
[
[
5.487010180947168,
-19.39088745844911,
0.09770551228725566
],
[
5.689725718684533,
-19.894725729512594,
0.34464033129281485
]
],
[
[
5.035,
-19.32405436077672,
0.2477049999999954
],
[
5.674798055820362,
-19.37385951332487,
0.1879496926718128
]
],
[
[
6.09062192090576,
-19.687571130758602,
0.9000287090589382
],
[
6.0167274592118,
-19.68882161691772,
0.550454395740393
]
],
[
[
5.478710569980049,
-19.966260307431412,
0.7169488850163002
],
[
5.559725135826638,
-19.799115680826986,
-0.029889943698361603
]
],
[
[
5.620525437559585,
-19.206928213043057,
0.835357826915981
],
[
5.55919777736134,
-19.26587630060042,
0.34770576124629293
]
],
[
[
5.597854330265892,
-19.166492142404767,
0.7962731573273685
],
[
5.441691824928048,
-19.46918887452964,
0.7204292913142767
]
],
[
[
5.520771138501738,
-18.84723994974201,
0.9041517892830888
],
[
5.422964996853236,
-18.847233791491153,
0.4097436153914225
]
],
[
[
6.022782273500867,
-19.22925136054152,
0.7752832541786296
],
[
6.022666474568578,
-19.220056598463884,
0.3477098072857192
]
],
[
[
5.63045885809458,
-19.23107455525681,
0.46965329759948404
],
[
5.458810318955278,
-19.46918867401104,
0.10306556582175998
]
],
[
[
5.184259307148971,
-19.451308770726108,
0.2411798507936983
],
[
5.14389932462378,
-18.62519925411321,
0.45768901138692814
]
],
[
[
5.074093790735894,
-19.764018381936435,
0.0225383573303372
],
[
5.12899857392146,
-19.255931650064845,
0.2313331810537869
]
],
[
[
5.150917500346864,
-19.369878817047496,
0.13389831071497404
],
[
5.116363996062702,
-19.362880437941875,
0.7909340563097874
]
],
[
[
5.152724066977535,
-18.697943792380677,
0.7852857292326174
],
[
5.145810332891738,
-19.393795334815266,
0.5989400647907707
]
],
[
[
5.184998441876106,
-19.17408358954527,
0.6700616993732074
],
[
5.121690990280296,
-19.662136908355595,
0.612225653501817
]
],
[
[
5.469281518090178,
-19.931675745576666,
0.016349824317500605
],
[
5.711809213404328,
-19.75952185048354,
0.31530302285781575
]
],
[
[
6.113064179423214,
-19.625231178723094,
0.8990872464859598
],
[
5.6004930544760185,
-19.963692126762478,
0.6032487017188852
]
],
[
[
5.66378204034078,
-19.92329185596092,
0.6988875926327658
],
[
5.484823619138545,
-19.8760541829001,
0.4777062731016537
]
],
[
[
5.130542556874746,
-19.669419889743242,
-0.08695060262597526
],
[
5.0861811199650795,
-19.59845277778635,
0.7305426469551766
]
],
[
[
5.115978427334493,
-18.912384950291358,
0.8348570389135251
],
[
5.111558668782033,
-18.686928289829993,
0.3878373376282144
]
],
[
[
5.590806120396494,
-19.856001032741357,
0.21372935038583243
],
[
6.070770137506151,
-19.62685302991625,
0.6477047237819349
]
]
],
"contact_t_pairs": [
[
0.89961174851528,
0.13510397849726363
],
[
0.10000003136462723,
0.10000001844652599
],
[
0.7753537635999228,
0.3948216680832249
],
[
0.8999999678408301,
0.8999999815534053
],
[
0.7875725053983655,
0.13496797152988865
],
[
0.10000012770131182,
0.8488731334459321
],
[
0.1000004374586883,
0.39999221007853764
],
[
0.8999998698884576,
0.28104890644782543
],
[
0.8999951647916852,
0.1978037695193281
],
[
0.8149844191102765,
0.6000073563571365
],
[
0.15525710868363185,
0.8515383710333582
],
[
0.8999855992630607,
0.8594606328301077
],
[
0.8967298815806064,
0.8192732164609318
],
[
0.823037024397779,
0.6000739582812884
],
[
0.10000184479707903,
0.8999992394647249
],
[
0.7506844914272119,
0.6738632125391919
],
[
0.10324122851780762,
0.601518146537963
],
[
0.10000028780068536,
0.17019677670191208
],
[
0.21915972976803827,
0.8999992701363102
],
[
0.10003758733334528,
0.6706736502954935
],
[
0.8999958578479484,
0.7413695529096392
],
[
0.825238931612239,
0.10000655556843363
],
[
0.7778956744195555,
0.3999612023796086
],
[
0.7867140482848359,
0.15882250880152232
],
[
0.899955510986051,
0.8999994342273403
],
[
0.8999963023423685,
0.8650363193499951
],
[
0.10039953014998051,
0.8179585789401318
],
[
0.8999670904898782,
0.8999900057788099
],
[
0.22037860419013083,
0.8999979992460719
],
[
0.10000365240251681,
0.8515139798387601
],
[
0.17779504337130905,
0.10000091844733759
],
[
0.899998612525352,
0.20353740507229579
],
[
0.10001802537911827,
0.7936341196135922
],
[
0.16037666027517766,
0.8999833945463831
],
[
0.10052188441132855,
0.6708182536179103
],
[
0.8983350852403071,
0.8940281695252695
],
[
0.8999952494064919,
0.1352500629984603
],
[
0.10003329780249667,
0.10004355739311524
],
[
0.100042736055058,
0.10009011866242723
],
[
0.899464619211091,
0.15627119106610396
],
[
0.16445796108351787,
0.25137900936364316
],
[
0.8999993334256825,
0.20289507709895938
],
[
0.8522287432148379,
0.16877998658667745
],
[
0.10001248093732426,
0.10000096100868398
],
[
0.10000600044976005,
0.10001656339110267
],
[
0.8869294413202541,
0.3677780570772127
],
[
0.13910366950826028,
0.29397106549406554
],
[
0.2404413680238638,
0.21006645680552935
],
[
0.2211168226860651,
0.1298217104616225
],
[
0.13973608760488723,
0.8794937452776502
],
[
0.177007823417051,
0.15747416271164758
],
[
0.10174345983400182,
0.19395209390142618
],
[
0.89961174851528,
0.13510397849726363
],
[
0.8584446253244877,
0.1256172903742612
],
[
0.22271923383648554,
0.19369340032192434
],
[
0.7917417371124276,
0.8999833925145431
],
[
0.8999999678408301,
0.8999999815534053
],
[
0.8462135916737478,
0.22268833057303425
],
[
0.7849938296791584,
0.8444867143823369
],
[
0.8411526500120117,
0.17248803201552418
],
[
0.7298859087715578,
0.1000050936110989
],
[
0.10000003136462723,
0.10000001844652599
],
[
0.7753537635999228,
0.3948216680832249
],
[
0.7848090662160632,
0.19396435133313092
],
[
0.8149844191102765,
0.6000073563571365
],
[
0.30119675754969094,
0.8999968478003306
]
],
"half_couplers": [
{
"pose": [
[
0.39839310462410393,
0.17274743959620426,
-0.900800342085261,
5.087733134086087
],
[
0.8264508248430094,
0.3583577687412862,
0.43423351286960393,
-19.682467609422694
],
[
0.39782152820615097,
-0.9174628230591813,
1.1120682152920836e-10,
0.017704999999995405
],
[
0.0,
0.0,
0.0,
1.0
]
],
"at_element": 0,
"to_element": 24
},
{
"pose": [
[
-0.9799320790895218,
-0.17274743951397784,
0.09945573142183038,
5.081511645382794
],
[
0.156582701245891,
-0.3583577689382895,
0.9203594771132154,
-19.69537384303891
],
[
-0.12334900908327855,
0.9174628229977145,
0.37821553428599064,
0.0507473687050101
],
[
0.0,
0.0,
0.0,
1.0
]
],
"at_element": 24,
"to_element": 0
},
{
"pose": [
[
0.28520432682196306,
0.32744042222266034,
-0.9008003451690484,
5.507762682102773
],
[
0.5916451601082674,
0.6792622957128855,
0.4342335064724084,
-19.8849441157836
],
[
0.7540653131410392,
-0.6567994393401279,
4.752490179171787e-09,
0.017704999999995405
],
[
0.0,
0.0,
0.0,
1.0
]
],
"at_element": 0,
"to_element": 28
},
{
"pose": [
[
-0.7496786233505621,
-0.32744098351134143,
0.575121173326397,
5.4935342920953865
],
[
0.6098698346700019,
-0.6792631623720076,
0.4082405430673986,
-19.914460352891712
],
[
0.25698394200959473,
0.6567982632144405,
0.7089254509380405,
0.04624514968618007
],
[
0.0,
0.0,
0.0,
1.0
]
],
"at_element": 28,
"to_element": 0
},
{
"pose": [
[
-0.7499911815340083,
-0.6530172318216921,
0.10526976092476335,
5.541525518515616
],
[
-0.6234741723302594,
0.7510725361139847,
0.21718656020206514,
-19.836664092128167
],
[
-0.2208917926459027,
0.09725502783528275,
-0.9704371569052981,
0.13788458836982906
],
[
0.0,
0.0,
0.0,
1.0
]
],
"at_element": 17,
"to_element": 28
},
{
"pose": [
[
-0.4927517735100091,
0.6530172318220296,
0.575121017392196,
5.565036707310491
],
[
-0.5188745167298342,
-0.7510725361138353,
0.4082392452764836,
-19.863705657548977
],
[
0.6985448629766896,
-0.09725502783417153,
0.708926324782662,
0.13438302484400336
],
[
0.0,
0.0,
0.0,
1.0
]
],
"at_element": 28,
"to_element": 17
},
{
"pose": [
[
0.7809642446747435,
0.5236297550554596,
0.34045077200700663,
5.714120975803972
],
[
0.5088355819562187,
-0.8495085910472777,
0.1393610572295787,
-19.819834110339915
],
[
0.3621894519100242,
0.06439746390525748,
-0.9298772862951799,
0.28867467970404453
],
[
0.0,
0.0,
0.0,
1.0
]
],
"at_element": 1,
"to_element": 28
},
{
"pose": [
[
0.6285284354553313,
-0.5236296242564448,
0.5751208763600291,
5.687556439399103
],
[
0.3341786662088717,
0.8495087006441487,
0.4082396190728548,
-19.776737243168505
],
[
-0.7023365467316456,
-0.06439708169586988,
0.7089262239430296,
0.28540769748911576
],
[
0.0,
0.0,
0.0,
1.0
]
],
"at_element": 28,
"to_element": 1
},
{
"pose": [
[
0.8074552448309309,
0.13134626564538396,
0.5751210186526255,
5.6602896627172345
],
[
-0.42241411971656573,
0.8092634439532003,
0.40823888808525394,
-19.796092071104088
],
[
-0.4118037628034745,
-0.5725738701530292,
0.7089265294506066,
0.25179714388875163
],
[
0.0,
0.0,
0.0,
1.0
]
],
"at_element": 28,
"to_element": 33
},
{
"pose": [
[
-0.7027562152005269,
-0.13134643738936452,
0.6992008405187683,
5.655585890193121
],
[
0.48338179658695873,
-0.8092637040788151,
0.3338177586483373,
-19.82507339161993
],
[
0.5219920887574777,
0.5725734630995024,
0.6322055746581552,
0.27230212622703037
],
[
0.0,
0.0,
0.0,
1.0
]
],
"at_element": 33,
"to_element": 28
},
{
"pose": [
[
0.27906753991254996,
-0.8978945200075137,
0.34045078808490636,
5.59412104136329
],
[
-0.9593696412975892,
-0.24533319396425313,
0.1393610967803896,
-19.868955218876646
],
[
-0.04160768587283145,
-0.36550930888251637,
-0.9298772744811723,
0.6164319464380941
],
[
0.0,
0.0,
0.0,
1.0
]
],
"at_element": 1,
"to_element": 4
},
{
"pose": [
[
0.25412746387905416,
0.8978945109963687,
0.3594505240293747,
5.626473230860648
],
[
0.38910289691139016,
0.24533319008918908,
-0.8879248625057337,
-19.860115577198233
],
[
-0.8854480039604607,
0.36550933361988713,
-0.28702745394679985,
0.6296016753202507
],
[
0.0,
0.0,
0.0,
1.0
]
],
"at_element": 4,
"to_element": 1
},
{
"pose": [
[
-0.938746935144567,
0.053361653784571667,
0.3404507683381813,
5.59412108782688
],
[
0.10650367454414339,
0.9844975685643017,
0.13936105912188418,
-19.868955199857112
],
[
-0.32773641705687456,
0.16708402495856278,
-0.9298772873548258,
0.6164318195315299
],
[
0.0,
0.0,
0.0,
1.0
]
],
"at_element": 1,
"to_element": 30
},
{
"pose": [
[
0.7823839431028987,
-0.05336165184660762,
-0.6205061641006974,
5.592200065931933
],
[
0.06275325837316147,
-0.9844975721487608,
0.16378815279728418,
-19.904397154714353
],
[
-0.6196268184466448,
-0.16708400445702967,
-0.7669064749474293,
0.6104167878054291
],
[
0.0,
0.0,
0.0,
1.0
]
],
"at_element": 30,
"to_element": 1
},
{
"pose": [
[
-0.5735279079791402,
0.7361121217652851,
0.35945052922381615,
5.63998669994286
],
[
0.032423601453635265,
0.4588443676327252,
-0.8879248596365014,
-19.893496930962332
],
[
-0.8185441031721181,
-0.4975950064881428,
-0.28702745631771576,
0.6188109369126807
],
[
0.0,
0.0,
0.0,
1.0
]
],
"at_element": 4,
"to_element": 30
},
{
"pose": [
[
0.2703905559896873,
-0.7361121184099807,
-0.6205061614211078,
5.6134859717622625
],
[
-0.8732899205556862,
-0.45884437141316714,
0.16378814816188134,
-19.910015759604036
],
[
-0.4052822003091558,
0.49759500796574085,
-0.7669064781054749,
0.6367248246518596
],
[
0.0,
0.0,
0.0,
1.0
]
],
"at_element": 30,
"to_element": 4
},
{
"pose": [
[
-0.11594538772676133,
0.6490848886779983,
-0.7518280882986229,
5.651752645358903
],
[
0.7473938654499075,
-0.44152314546105265,
-0.4964470988031091,
-19.92984439542935
],
[
-0.6541858122527092,
-0.6194724524238742,
-0.43392949166335115,
0.6328339866365842
],
[
0.0,
0.0,
0.0,
1.0
]
],
"at_element": 29,
"to_element": 30
},
{
"pose": [
[
-0.4400692032720428,
-0.6490848902473434,
-0.6205061656294026,
5.62838339003975
],
[
-0.8821738801546415,
0.4415231465172951,
0.163788144449992,
-19.913948066166167
],
[
0.1676554249179366,
0.6194724500266829,
-0.76690647549328,
0.6551370938822528
],
[
0.0,
0.0,
0.0,
1.0
]
],
"at_element": 30,
"to_element": 29
},
{
"pose": [
[
0.30160756668089783,
-0.5686331256898212,
0.7653033673577112,
5.535932210645221
],
[
0.14047929917503735,
-0.7674181949562233,
-0.6255676466645496,
-19.922579560306794
],
[
0.9430262150248625,
0.29618521640749795,
-0.1515779514227764,
0.5768412312799543
],
[
0.0,
0.0,
0.0,
1.0
]
],
"at_element": 2,
"to_element": 30
},
{
"pose": [
[
-0.5400263582086096,
0.5686331257865804,
-0.6205061649154904,
5.55640567113738
],
[
0.6198731792314964,
0.7674181952126176,
0.1637881415916486,
-19.894948904627235
],
[
0.5693230841177825,
-0.29618521555741417,
-0.7669064766813647,
0.5661771738253201
],
[
0.0,
0.0,
0.0,
1.0
]
],
"at_element": 30,
"to_element": 2
},
{
"pose": [
[
0.6372962383782196,
0.09035629836310827,
0.7653033672309881,
5.134344085106721
],
[
0.7694730866962272,
-0.12874893415736355,
-0.6255676468644487,
-19.594316874592856
],
[
0.04200801589163933,
0.9875522524400722,
-0.15157795123759898,
0.6563808072674892
],
[
0.0,
0.0,
0.0,
1.0
]
],
"at_element": 2,
"to_element": 27
},
{
"pose": [
[
-0.9876810225307784,
-0.09035629834843037,
-0.12775733670253586,
5.131089717669937
],
[
0.11562103892639614,
0.12874893387857833,
-0.9849139492273983,
-19.589679717622438
],
[
0.10544179953953967,
-0.9875522524777606,
-0.11671578957435269,
0.6208120870848731
],
[
0.0,
0.0,
0.0,
1.0
]
],
"at_element": 27,
"to_element": 2
},
{
"pose": [
[
0.08033276034695991,
0.9885467669965251,
-0.1277573366807394,
5.128022647113833
],
[
0.10701747890493446,
-0.13598445414070426,
-0.9849139492569321,
-19.61332454814711
],
[
-0.9910065119987204,
0.06544858816485338,
-0.11671578934898919,
0.6180100909706383
],
[
0.0,
0.0,
0.0,
1.0
]
],
"at_element": 27,
"to_element": 31
},
{
"pose": [
[
0.14092948612581924,
-0.9885467669964303,
-0.05398304735023432,
5.092415648235111
],
[
0.9869398695212268,
0.13598445414222127,
0.08635926227721935,
-19.608426450790645
],
[
-0.07802931429748669,
-0.06544858816313184,
0.9948004364784511,
0.6156526629933826
],
[
0.0,
0.0,
0.0,
1.0
]
],
"at_element": 31,
"to_element": 27
},
{
"pose": [
[
0.9966987306076284,
-0.07182161167716046,
0.037858902536092476,
5.55658230273295
],
[
-0.0693228360358371,
-0.9955629547121014,
-0.06362976983188794,
-19.400719867421643
],
[
0.04226091349096264,
0.060795224327292,
-0.9972552110116566,
0.20093900062202674
],
[
0.0,
0.0,
0.0,
1.0
]
],
"at_element": 3,
"to_element": 15
},
{
"pose": [
[
-0.09700099482139812,
0.0718216116771735,
0.9926895099172514,
5.559169411077399
],
[
-0.05369188674144141,
0.9955629547120873,
-0.07727602799757918,
-19.364858388301172
],
[
-0.9938349904797091,
-0.06079522432750542,
-0.09271435917464443,
0.19874907716462376
],
[
0.0,
0.0,
0.0,
1.0
]
],
"at_element": 15,
"to_element": 3
},
{
"pose": [
[
0.6549304128843314,
0.7547402584857777,
0.03785890251949281,
5.554636123679777
],
[
0.7553289628442058,
-0.6522495000262505,
-0.06362976979529564,
-19.397448908230825
],
[
-0.023330498662810215,
0.07026899697823633,
-0.9972552110146213,
0.2522040155148298
],
[
0.0,
0.0,
0.0,
1.0
]
],
"at_element": 3,
"to_element": 22
},
{
"pose": [
[
-0.5447717374634102,
-0.754740258468357,
-0.3655008841414956,
5.527457039780058
],
[
-0.5634637453495351,
0.6522495000610654,
-0.5070297795462949,
-19.37396063702032
],
[
0.6210735558190926,
-0.07026899684219132,
-0.7805958662105641,
0.24967354633426592
],
[
0.0,
0.0,
0.0,
1.0
]
],
"at_element": 22,
"to_element": 3
},
{
"pose": [
[
-0.359080300841087,
0.8692554655542599,
0.3397885712497134,
5.507282108689936
],
[
-0.523245746890256,
0.11397449182835073,
-0.8445257270052391,
-19.44127221503483
],
[
-0.7728358337377562,
-0.4810454768694082,
0.4139082304984416,
0.12239944973244439
],
[
0.0,
0.0,
0.0,
1.0
]
],
"at_element": 14,
"to_element": 22
},
{
"pose": [
[
0.33287239954790404,
-0.8692554674248638,
-0.3655008864164387,
5.475975303413977
],
[
-0.8543597689222682,
-0.11397449335793364,
-0.5070297822720982,
-19.445377081041432
],
[
0.3990806320360703,
0.4810454731267973,
-0.7805958633748369,
0.1397246178024338
],
[
0.0,
0.0,
0.0,
1.0
]
],
"at_element": 22,
"to_element": 14
},
{
"pose": [
[
-0.11990985390554765,
0.013753684473289729,
0.9926895099172548,
5.515286478149627
],
[
-0.5438979210481707,
0.8355857029511731,
-0.07727602799750932,
-19.361442316387784
],
[
-0.8305399920628918,
-0.5491879179179047,
-0.09271435917466464,
0.2028476175082619
],
[
0.0,
0.0,
0.0,
1.0
]
],
"at_element": 15,
"to_element": 22
},
{
"pose": [
[
0.9307093745188405,
-0.0137536844731687,
-0.3655008841934056,
5.514791222082511
],
[
-0.2114647388328098,
-0.8355857029510327,
-0.5070297794550138,
-19.391530900271476
],
[
-0.2984337856428462,
0.5491879179181212,
-0.7805958662455488,
0.2226233109862913
],
[
0.0,
0.0,
0.0,
1.0
]
],
"at_element": 22,
"to_element": 15
},
{
"pose": [
[
0.47281018165908706,
0.880350632201871,
0.03785890253648363,
5.53562679829797
],
[
0.8803350142023532,
-0.4700654371046977,
-0.0636297698323059,
-19.36549977823303
],
[
-0.03822034652961371,
0.06341332053547927,
-0.9972552110116151,
0.7529356142913067
],
[
0.0,
0.0,
0.0,
1.0
]
],
"at_element": 3,
"to_element": 19
},
{
"pose": [
[
-0.15717719939066233,
-0.8803506322110394,
-0.44752440420309086,
5.503919749496347
],
[
-0.1629655419955166,
0.47006543708943294,
-0.8674564640234275,
-19.348569719675616
],
[
0.9740316011884911,
-0.06341332052135179,
-0.21735038685643238,
0.7506516956168999
],
[
0.0,
0.0,
0.0,
1.0
]
],
"at_element": 19,
"to_element": 3
},
{
"pose": [
[
0.7269040715796687,
-0.5851544999994533,
0.359450527682586,
5.428536285334863
],
[
0.07354997581393602,
-0.454070305959587,
-0.8879248607306456,
-19.371166132656327
],
[
0.682789039000092,
0.6718737741392773,
-0.287027454863074,
0.7876577442221757
],
[
0.0,
0.0,
0.0,
1.0
]
],
"at_element": 4,
"to_element": 5
},
{
"pose": [
[
0.0959707254261668,
0.5851544967149074,
-0.805222847934346,
5.449601876532282
],
[
0.7839311142727399,
0.45407031556339184,
0.42340542816461674,
-19.35481957886254
],
[
0.6133853828844276,
-0.6718737705093757,
-0.41514335905231436,
0.7634702548944491
],
[
0.0,
0.0,
0.0,
1.0
]
],
"at_element": 5,
"to_element": 4
},
{
"pose": [
[
0.9300977604189872,
0.07558753086939576,
0.35945052683318246,
5.460031693548325
],
[
0.3658154753356545,
-0.2788699984504672,
-0.8879248627948119,
-19.448966981359362
],
[
0.03312391988478244,
0.957349491638923,
-0.28702744954126236,
0.7625081169130439
],
[
0.0,
0.0,
0.0,
1.0
]
],
"at_element": 4,
"to_element": 19
},
{
"pose": [
[
-0.8910715062965693,
-0.07558753403581606,
-0.4475244075631484,
5.457308189439175
],
[
0.41200828547896085,
0.2788699795891444,
-0.8674564583773857,
-19.4389189803898
],
[
0.19037001697496825,
-0.957349496883105,
-0.21735040247171322,
0.7280137332712697
],
[
0.0,
0.0,
0.0,
1.0
]
],
"at_element": 19,
"to_element": 4
},
{
"pose": [
[
-0.3817741241867838,
-0.4537231302248801,
-0.8052228506446835,
5.476786198838562
],
[
-0.9058758272457303,
0.010808853656450568,
0.42340542544291604,
-19.369113745431942
],
[
-0.18340529903270875,
0.8910771514193199,
-0.41514335657114,
0.7774854940263425
],
[
0.0,
0.0,
0.0,
1.0
]
],
"at_element": 5,
"to_element": 19
},
{
"pose": [
[
-0.770621326397452,
0.4537231302836457,
-0.4475244041915952,
5.4931202527716705
],
[
0.49739566914660766,
-0.010808853681944841,
-0.8674564640351012,
-19.36950286467147
],
[
-0.39842228805079527,
-0.8910771513890885,
-0.21735038683351116,
0.7454066748558459
],
[
0.0,
0.0,
0.0,
1.0
]
],
"at_element": 19,
"to_element": 5
},
{
"pose": [
[
0.25759569004547367,
0.5340979516182348,
-0.8052228502391136,
5.16682931859293
],
[
0.8803656474003437,
0.21373856052572837,
0.4234054258293852,
-19.20613100760077
],
[
0.39824714355205326,
-0.8179579486878255,
-0.41514335696363336,
0.6176830995331547
],
[
0.0,
0.0,
0.0,
1.0
]
],
"at_element": 5,
"to_element": 26
},
{
"pose": [
[
0.8453681297588336,
-0.5340979519908935,
-0.009597023871248278,
5.147598435029412
],
[
-0.14600416758637774,
-0.21373855947359122,
-0.965918532404034,
-19.213826939286893
],
[
0.5138438558895697,
0.8179579487194237,
-0.25866829316955653,
0.6471347272987158
],
[
0.0,
0.0,
0.0,
1.0
]
],
"at_element": 26,
"to_element": 5
},
{
"pose": [
[
0.3544368841353315,
0.4753847452106802,
-0.8052228506354091,
5.195795109043309
],
[
0.9049442256773214,
0.04247109770961721,
0.4234054254170736,
-19.221361912710236
],
[
0.23547917865006812,
-0.8787522687767677,
-0.4151433566154856,
0.6326167982743802
],
[
0.0,
0.0,
0.0,
1.0
]
],
"at_element": 5,
"to_element": 27
},
{
"pose": [
[
0.8704524150366957,
-0.4753847453512182,
-0.12775733655701185,
5.178667281700194
],
[
-0.1677519553182102,
-0.04247109723207543,
-0.9849139492294853,
-19.22289212089323
],
[
0.46278707268429764,
0.8787522687238204,
-0.11671578971603469,
0.6642777156379117
],
[
0.0,
0.0,
0.0,
1.0
]
],
"at_element": 27,
"to_element": 5
},
{
"pose": [
[
0.13505667554164846,
-0.9894452623762869,
-0.05251444708609793,
5.124038478828177
],
[
0.9908318645890845,
0.13468143368416208,
0.0106361428956597,
-19.364434808213286
],
[
-0.0034511601753809545,
-0.05346946962425694,
0.9985635209196982,
0.6450035751522069
],
[
0.0,
0.0,
0.0,
1.0
]
],
"at_element": 25,
"to_element": 27
},
{
"pose": [
[
0.0683822762734021,
0.9894452623722343,
-0.12775733662224187,
5.159677917416257
],
[
0.10865276773904786,
-0.1346814337388096,
-0.9849139492710536,
-19.369285981762005
],
[
-0.9917249822175062,
0.05346946956160503,
-0.11671578929385706,
0.6469295249256038
],
[
0.0,
0.0,
0.0,
1.0
]
],
"at_element": 27,
"to_element": 25
},
{
"pose": [
[
-0.6400559846596734,
-0.7682683343947609,
-0.009597023894719614,
5.147284935246133
],
[
-0.1928111344973173,
0.172699899032827,
-0.9659185324280246,
-19.24537997633464
],
[
0.743742027127144,
-0.6163915243093072,
-0.25866829307910044,
0.6386849771792446
],
[
0.0,
0.0,
0.0,
1.0
]
],
"at_element": 26,
"to_element": 27
},
{
"pose": [
[
0.6272494155308177,
0.7682683343986292,
-0.1277573366840576,
5.174943793587828
],
[
0.010920505589244789,
-0.17269989901618543,
-0.9849139492551999,
-19.251597442067634
],
[
-0.778741878464182,
0.6163915243091485,
-0.11671578935997351,
0.6608760334687533
],
[
0.0,
0.0,
0.0,
1.0
]
],
"at_element": 27,
"to_element": 26
},
{
"pose": [
[
-0.7014914446142191,
0.7123330846073219,
-0.022165958289103727,
6.048427709956161
],
[
-0.2241574332524322,
-0.2500560867800419,
-0.94192642949539,
-19.658773578746423
],
[
-0.6765080917851152,
-0.6557846674313683,
0.3350869614162748,
0.5806892522814859
],
[
0.0,
0.0,
0.0,
1.0
]
],
"at_element": 6,
"to_element": 33
},
{
"pose": [
[
-0.060825656664120986,
-0.7123330845967376,
0.6992008410179977,
6.022773464244667
],
[
0.9088661660233636,
0.25005608675086344,
0.33381768337947004,
-19.649767959844436
],
[
-0.4126288062525081,
0.655784667453991,
0.6322056138495518,
0.6043069409109234
],
[
0.0,
0.0,
0.0,
1.0
]
],
"at_element": 33,
"to_element": 6
},
{
"pose": [
[
0.8391551425682383,
0.5030378856424993,
-0.20681279532370192,
6.024117178617616
],
[
0.5135157996415274,
-0.8580730009138415,
-0.0034998030283928047,
-19.68869656367794
],
[
-0.1792210094263569,
-0.10326476025749862,
-0.978374273511502,
0.585413119678375
],
[
0.0,
0.0,
0.0,
1.0
]
],
"at_element": 16,
"to_element": 33
},
{
"pose": [
[
0.5080069615737938,
-0.5030378835835508,
0.699200840011183,
6.005992427177469
],
[
0.3902261874228202,
0.8580730010005391,
0.3338176861752218,
-19.657779687791123
],
[
-0.7678883054468352,
0.10326476956692862,
0.6322056134868443,
0.5891338100769367
],
[
0.0,
0.0,
0.0,
1.0
]
],
"at_element": 33,
"to_element": 16
},
{
"pose": [
[
-0.008713721054643075,
0.9997163304446499,
-0.022165958306945732,
6.058692287805739
],
[
-0.33497455923991387,
-0.02380432939734778,
-0.9419264294858531,
-19.222587737737175
],
[
-0.9421868794073749,
-0.0007826520465363251,
0.3350869614419022,
0.42551769799188627
],
[
0.0,
0.0,
0.0,
1.0
]
],
"at_element": 6,
"to_element": 21
},
{
"pose": [
[
-0.02381565301285704,
-0.9997163304445834,
-0.0002707655587964146,
6.022687554770769
],
[
-0.9994854292470553,
0.02380432940038346,
0.02149954940522599,
-19.221730426018805
],
[
-0.021487005245052683,
0.0007826520393265854,
-0.9997688213088989,
0.42554588516557074
],
[
0.0,
0.0,
0.0,
1.0
]
],
"at_element": 21,
"to_element": 6
},
{
"pose": [
[
0.055300538164433144,
-0.07972540013005723,
0.9952817244643983,
6.019806392752078
],
[
-0.025866739372444474,
-0.9965869216816778,
-0.07839272496396507,
-19.256872651877895
],
[
0.998134641355044,
-0.02140953309019402,
-0.05717402924316084,
0.3897002662245481
],
[
0.0,
0.0,
0.0,
1.0
]
],
"at_element": 7,
"to_element": 21
},
{
"pose": [
[
-0.9968168273314304,
0.07972540018666044,
-0.00027076554117372884,
6.022678055619127
],
[
0.07970117240867305,
0.9965869216863673,
0.0214995497714123,
-19.220976166566135
],
[
0.0019839016065359392,
0.021409532661113968,
-0.9997688213010287,
0.3904714252386135
],
[
0.0,
0.0,
0.0,
1.0
]
],
"at_element": 21,
"to_element": 7
},
{
"pose": [
[
-0.07890364030849928,
-0.05646684393226936,
0.9952817244792532,
5.638401416839472
],
[
-0.9968595257971806,
0.011210111625886032,
-0.07839272431007643,
-19.226831534253883
],
[
-0.006730629501574437,
-0.998341539220754,
-0.057174029881132515,
0.4116101021140808
],
[
0.0,
0.0,
0.0,
1.0
]
],
"at_element": 7,
"to_element": 8
},
{
"pose": [
[
0.8335597657473989,
0.05646684482216588,
0.5495358153596278,
5.640435598762419
],
[
0.550908649575245,
-0.011210113335351046,
-0.8344902594891019,
-19.22723537137021
],
[
-0.040960673216164145,
0.9983415391512256,
-0.0404523726725714,
0.44757471690640344
],
[
0.0,
0.0,
0.0,
1.0
]
],
"at_element": 8,
"to_element": 7
},
{
"pose": [
[
-0.0666261427816599,
0.0705354245342225,
0.995281724429729,
5.570843465943308
],
[
-0.12380827842024138,
0.9892047769784867,
-0.07839272541223646,
-19.221510375701993
],
[
-0.9900669004126206,
-0.12844712176113296,
-0.05717402923204573,
0.4154909733943422
],
[
0.0,
0.0,
0.0,
1.0
]
],
"at_element": 7,
"to_element": 18
},
{
"pose": [
[
0.9897858031281946,
-0.07053542518034932,
-0.12389034555001442,
5.568304077549978
],
[
-0.08539953614131908,
-0.9892047772090165,
-0.11908328167172821,
-19.257123333682912
],
[
-0.11415333176356339,
0.1284471196309515,
-0.9851245374600057,
0.4201152757009925
],
[
0.0,
0.0,
0.0,
1.0
]
],
"at_element": 18,
"to_element": 7
},
{
"pose": [
[
-0.09104597255538005,
0.033539823015905024,
0.9952817245149772,
5.614502274467581
],
[
-0.5508710350679222,
0.8309005256457339,
-0.07839272418304516,
-19.22494913367589
],
[
-0.8296093861599212,
-0.5554092155822632,
-0.057174029433425755,
0.4129829900424981
],
[
0.0,
0.0,
0.0,
1.0
]
],
"at_element": 7,
"to_element": 22
},
{
"pose": [
[
0.9302065275708788,
-0.03353982160852649,
-0.36550088430945815,
5.613293846530506
],
[
-0.22918360682393568,
-0.8309005234820783,
-0.5070297766802067,
-19.254886185827512
],
[
-0.2866891878458261,
0.555409218904113,
-0.780595867993563,
0.4329941877301854
],
[
0.0,
0.0,
0.0,
1.0
]
],
"at_element": 22,
"to_element": 7
},
{
"pose": [
[
-0.5304452677663594,
-0.8386173144793178,
-0.12389034570850418,
5.565330628471738
],
[
-0.8310726757053163,
0.5432654785649942,
-0.11908327966408314,
-19.25998141005571
],
[
0.16717064814219604,
0.039794718934112405,
-0.9851245376827611,
0.3964716444181399
],
[
0.0,
0.0,
0.0,
1.0
]
],
"at_element": 18,
"to_element": 22
},
{
"pose": [
[
0.4038936789063444,
0.8386173143697242,
-0.365500883964471,
5.595521959853716
],
[
0.6691662140882568,
-0.5432654786786535,
-0.5070297797948776,
-19.279539685099124
],
[
-0.6237679649214825,
-0.03979471969198964,
-0.7805958661319874,
0.3950389819421073
],
[
0.0,
0.0,
0.0,
1.0
]
],
"at_element": 22,
"to_element": 18
},
{
"pose": [
[
-0.7900650848569408,
0.27167544921015074,
0.549535815017054,
5.383835358318211
],
[
-0.5033161986336927,
0.22427396352320317,
-0.8344902596666556,
-18.837578509325947
],
[
-0.3499570914882625,
-0.9358918952432785,
-0.04045237366360821,
0.4664635473414859
],
[
0.0,
0.0,
0.0,
1.0
]
],
"at_element": 8,
"to_element": 9
},
{
"pose": [
[
-0.30217226218315263,
-0.2716754492762366,
0.9137200743267444,
5.3740512523100605
],
[
0.9431673580516393,
-0.22427396348338968,
0.2452274943992664,
-18.845655500601115
],
[
0.13830133286778978,
0.9358918952336356,
0.3240047866359177,
0.5001687111368257
],
[
0.0,
0.0,
0.0,
1.0
]
],
"at_element": 9,
"to_element": 8
},
{
"pose": [
[
0.15761423664376562,
-0.8204682445902143,
0.5495358150532642,
5.4031958932480375
],
[
0.056000898244046915,
-0.5481695959862369,
-0.8344902596388682,
-18.86697819061695
],
[
0.9859115841712497,
0.16230204451989516,
-0.04045237374492383,
0.46503838164098255
],
[
0.0,
0.0,
0.0,
1.0
]
],
"at_element": 8,
"to_element": 20
},
{
"pose": [
[
-0.5377463088421168,
0.8204682445684236,
-0.19406382192847843,
5.4327472351334345
],
[
0.8363672003925376,
0.5481695959812449,
1.2219138983596278e-05,
-18.8472344074185
],
[
0.10638991227662231,
-0.16230204464691184,
-0.9809889055790613,
0.4591926426525885
],
[
0.0,
0.0,
0.0,
1.0
]
],
"at_element": 20,
"to_element": 8
},
{
"pose": [
[
-0.31135484469344066,
-0.2611011039147395,
0.9137200743227807,
5.14778130129153
],
[
0.9348785978440517,
-0.2566427152784314,
0.24522749435504576,
-18.906382647451654
],
[
0.17047043139226042,
0.9305701103243208,
0.3240047866805644,
0.4199334735901524
],
[
0.0,
0.0,
0.0,
1.0
]
],
"at_element": 9,
"to_element": 23
},
{
"pose": [
[
0.9641564924833447,
0.261101103905198,
-0.04720668958634035,
5.1571850941553725
],
[
-0.022191583663054903,
0.2566427152677899,
0.9662515460864742,
-18.897139427494707
],
[
0.2644045983275248,
-0.9305701103299326,
0.25323798716582224,
0.38641814779512845
],
[
0.0,
0.0,
0.0,
1.0
]
],
"at_element": 23,
"to_element": 9
},
{
"pose": [
[
-0.0010826914404853394,
0.9988845560111397,
-0.047206689586046124,
5.148002518806906
],
[
-0.25356997322957153,
0.045389628346667266,
0.9662515460866834,
-18.70918560770183
],
[
0.967316440703661,
0.013016351292894135,
0.25323798716507917,
0.43567762603052473
],
[
0.0,
0.0,
0.0,
1.0
]
],
"at_element": 23,
"to_element": 32
},
{
"pose": [
[
0.04638661097642782,
-0.9988845560111486,
-0.008827575235154178,
5.112027038686093
],
[
-0.8917207809838554,
-0.04538962834637261,
0.45030415321216105,
-18.710820344831806
],
[
-0.45020254451042896,
-0.013016351293236916,
-0.892831587431441,
0.43520883363168594
],
[
0.0,
0.0,
0.0,
1.0
]
],
"at_element": 32,
"to_element": 23
},
{
"pose": [
[
0.7798621500431637,
-0.6206013869784274,
-0.0816636112996868,
6.02138929009551
],
[
0.14876779834463896,
0.3104881618334461,
-0.9388638045728338,
-19.659826485801684
],
[
0.6080157638628647,
0.7200354295739481,
0.3344634674407909,
0.8850055783453489
],
[
0.0,
0.0,
0.0,
1.0
]
],
"at_element": 10,
"to_element": 29
},
{
"pose": [
[
-0.22272952911261457,
0.620601387167332,
-0.7518280887990659,
6.0437389024829145
],
[
0.8106401050909559,
-0.310488162073284,
-0.4964470981186999,
-19.67100804326794
],
[
-0.5415294792339534,
-0.7200354293077094,
-0.4339294915792955,
0.8590750646688401
],
[
0.0,
0.0,
0.0,
1.0
]
],
"at_element": 29,
"to_element": 10
},
{
"pose": [
[
0.7764286184247269,
0.5953041818720657,
-0.20681279345509662,
6.083230014213173
],
[
0.6078677479652015,
-0.7940305739169009,
-0.00349980983934204,
-19.687696221012953
],
[
-0.16629913251362516,
-0.12299747448963233,
-0.9783742738821315,
0.8650596376706409
],
[
0.0,
0.0,
0.0,
1.0
]
],
"at_element": 16,
"to_element": 29
},
{
"pose": [
[
-0.28349154386644004,
-0.5953041822379962,
-0.7518280888382486,
6.061784740666506
],
[
-0.35079299718165113,
0.7940305736627788,
-0.49644709810519827,
-19.6590920160036
],
[
0.8925115224379666,
0.12299747435906536,
-0.4339294915268548,
0.8694905060534593
],
[
0.0,
0.0,
0.0,
1.0
]
],
"at_element": 29,
"to_element": 16
},
{
"pose": [
[
-0.03125493528794743,
0.9961697564251815,
-0.0816636112594869,
6.058647497473286
],
[
-0.33300684770567673,
-0.08741393290035093,
-0.9388638046681855,
-19.23147924749459
],
[
-0.9424062650477629,
-0.0021495857013168473,
0.33446346718294717,
0.7324099603315576
],
[
0.0,
0.0,
0.0,
1.0
]
],
"at_element": 10,
"to_element": 21
},
{
"pose": [
[
-0.08743993981594134,
-0.9961697564225566,
-0.00027076559736830333,
6.022770683171993
],
[
-0.9959400452350676,
0.08741393293248478,
0.021499549447516475,
-19.228331055714097
],
[
-0.02139353225055842,
0.002149585611051783,
-0.9997688213079785,
0.7324873771422152
],
[
0.0,
0.0,
0.0,
1.0
]
],
"at_element": 21,
"to_element": 10
},
{
"pose": [
[
-0.003919005388134167,
-0.1857738516867869,
0.9825847125954199,
6.016074760165691
],
[
-0.020707422701871217,
-0.9823664896973439,
-0.18581518389185842,
-19.263187919775724
],
[
0.9997778973561149,
-0.021075007690979336,
3.0018924130903457e-06,
0.7077069652687388
],
[
0.0,
0.0,
0.0,
1.0
]
],
"at_element": 11,
"to_element": 21
},
{
"pose": [
[
-0.9825924906665731,
0.18577385168982144,
-0.00027076556129058873,
6.0227641774637934
],
[
0.18572519834788462,
0.9823664896954719,
0.021499549344931413,
-19.227814484120078
],
[
0.004260045105378745,
0.02107500775146857,
-0.9997688213101947,
0.708465842364435
],
[
0.0,
0.0,
0.0,
1.0
]
],
"at_element": 21,
"to_element": 11
},
{
"pose": [
[
-0.02614685041676923,
0.18396636838941416,
0.9825847126405403,
5.611732163606971
],
[
-0.13827969825398878,
0.9728059634761141,
-0.1858151836532611,
-19.186723272025283
],
[
-0.990048012605484,
-0.14072999938506253,
3.00189821933472e-06,
0.7077057299624188
],
[
0.0,
0.0,
0.0,
1.0
]
],
"at_element": 11,
"to_element": 18
},
{
"pose": [
[
0.9750936149035487,
-0.18396636794191265,
-0.12389034522750632,
5.60510895109236
],
[
-0.19866487184766216,
-0.9728059630909283,
-0.11908327703117176,
-19.221746524897107
],
[
-0.09861394864866664,
0.14073000263267116,
-0.9851245380615212,
0.7127723337338006
],
[
0.0,
0.0,
0.0,
1.0
]
],
"at_element": 18,
"to_element": 11
},
{
"pose": [
[
0.2303128491403953,
-0.942824335030873,
0.24091132143264937,
5.574139288801453
],
[
-0.2429070217379029,
-0.29543041447751084,
-0.9239680995532625,
-19.22952442099704
],
[
0.9423121405942169,
0.15428267393080064,
-0.2970600717254115,
0.7419700275875623
],
[
0.0,
0.0,
0.0,
1.0
]
],
"at_element": 12,
"to_element": 18
},
{
"pose": [
[
-0.3094082364030466,
0.9428243347163894,
-0.12389034309644384,
5.6080823572153635
],
[
0.9479135214122321,
0.29543041333828146,
-0.11908327673789604,
-19.218888489812844
],
[
-0.07567363589665055,
-0.15428267803408802,
-0.9851245383649785,
0.7364156234544629
],
[
0.0,
0.0,
0.0,
1.0
]
],
"at_element": 18,
"to_element": 12
},
{
"pose": [
[
-0.9666203676126075,
-0.08721696923211877,
0.2409113222628429,
5.56835736400415
],
[
-0.2559264653228124,
0.2842263144349356,
-0.9239680982209854,
-19.207348983093205
],
[
0.012112359961584121,
-0.954781965927665,
-0.29706007519601885,
0.7490995347593353
],
[
0.0,
0.0,
0.0,
1.0
]
],
"at_element": 12,
"to_element": 19
},
{
"pose": [
[
0.8900084877030949,
0.08721697029605793,
-0.4475244037019953,
5.571497224709629
],
[
-0.40833158739606923,
-0.2842263152096931,
-0.8674564637357465,
-19.217581292792634
],
[
-0.20285513686139733,
0.9547819655998413,
-0.21735038903633708,
0.7834722306389971
],
[
0.0,
0.0,
0.0,
1.0
]
],
"at_element": 19,
"to_element": 12
},
{
"pose": [
[
0.43252079176092795,
0.8930716359531861,
-0.12389034567067751,
5.614391906113077
],
[
0.8870204015056098,
-0.446109829293164,
-0.11908327977029744,
-19.21282375752618
],
[
-0.16161860043734752,
-0.058387269707736014,
-0.9851245376746784,
0.7865865339941446
],
[
0.0,
0.0,
0.0,
1.0
]
],
"at_element": 18,
"to_element": 19
},
{
"pose": [
[
-0.04631372985218318,
-0.8930716356906334,
-0.4475244037502708,
5.582237929658584
],
[
-0.22023919375882972,
0.4461098298422006,
-0.8674564641817037,
-19.196762106511443
],
[
0.9743457989644331,
0.05838726952871914,
-0.21735038715709942,
0.7886886978394454
],
[
0.0,
0.0,
0.0,
1.0
]
],
"at_element": 19,
"to_element": 18
},
{
"pose": [
[
0.26093186352233266,
