{
"contact_id_pairs": [
[
4,
3
],
[
0,
2
],
[
0,
3
],
[
3,
12
],
[
0,
6
],
[
2,
14
],
[
3,
10
],
[
1,
18
],
[
3,
1
],
[
1,
2
],
[
1,
19
],
[
2,
11
],
[
4,
5
],
[
5,
9
],
[
5,
6
],
[
5,
8
],
[
7,
9
],
[
7,
10
],
[
7,
11
],
[
8,
7
],
[
12,
17
],
[
13,
17
],
[
13,
14
],
[
13,
16
],
[
15,
17
],
[
17,
18
],
[
15,
16
],
[
16,
19
]
],
"contact_t_bound_pairs": [
[
[
0.1,
0.4
],
[
0.6,
0.9
]
],
[
[
0.1,
0.4
],
[
0.6,
0.9
]
],
[
[
0.6,
0.9
],
[
0.6,
0.9
]
],
[
[
0.6,
0.9
],
[
0.1,
0.4
]
],
[
[
0.1,
0.4
],
[
0.6,
0.9
]
],
[
[
0.6,
0.9
],
[
0.6,
0.9
]
],
[
[
0.1,
0.4
],
[
0.6,
0.9
]
],
[
[
0.6,
0.9
],
[
0.6,
0.9
]
],
[
[
0.1,
0.4
],
[
0.6,
0.9
]
],
[
[
0.1,
0.4
],
[
0.1,
0.4
]
],
[
[
0.1,
0.4
],
[
0.1,
0.4
]
],
[
[
0.1,
0.4
],
[
0.1,
0.4
]
],
[
[
0.6,
0.9
],
[
0.1,
0.4
]
],
[
[
0.1,
0.4
],
[
0.6,
0.9
]
],
[
[
0.6,
0.9
],
[
0.1,
0.4
]
],
[
[
0.6,
0.9
],
[
0.6,
0.9
]
],
[
[
0.6,
0.9
],
[
0.1,
0.4
]
],
[
[
0.6,
0.9
],
[
0.1,
0.4
]
],
[
[
0.1,
0.4
],
[
0.6,
0.9
]
],
[
[
0.1,
0.4
],
[
0.1,
0.4
]
],
[
[
0.6,
0.9
],
[
0.6,
0.9
]
],
[
[
0.1,
0.4
],
[
0.6,
0.9
]
],
[
[
0.6,
0.9
],
[
0.1,
0.4
]
],
[
[
0.6,
0.9
],
[
0.6,
0.9
]
],
[
[
0.6,
0.9
],
[
0.1,
0.4
]
],
[
[
0.1,
0.4
],
[
0.1,
0.4
]
],
[
[
0.1,
0.4
],
[
0.1,
0.4
]
],
[
[
0.1,
0.4
],
[
0.6,
0.9
]
]
],
"line_pt_pairs": [
[
[
20.45677226131327,
5.422580388186745,
-0.1279255291767828
],
[
20.45677226131327,
2.6536136262797703,
-0.1279255291767828
]
],
[
[
20.435588764185223,
5.654080835405137,
2.05550267179715
],
[
20.43781090602244,
2.408041339984505,
2.0553255695565174
]
],
[
[
20.47913103522639,
5.287987321995674,
2.3659939927295017
],
[
20.413676085298995,
5.098555649489101,
-0.43070298119367567
]
],
[
[
20.480988252478916,
2.776010234151137,
2.3626816388157126
],
[
20.414093285357197,
2.947676976731729,
-0.4036926832785425
]
],
[
[
20.154751388773214,
2.9951315420126425,
-0.05675457101373293
],
[
22.87885629914586,
2.6536136262797703,
0.09999999999999998
]
],
[
[
22.573945216673792,
2.384417137388962,
0.12251707560227877
],
[
22.87885629914586,
5.422580388186745,
0.09999999999999998
]
],
[
[
23.141178221601134,
5.089222117754293,
0.167052375462476
],
[
20.154666222126778,
5.15195722246454,
-0.12088547418437842
]
],
[
[
22.760402639211225,
5.611320315145834,
2.250548151021401
],
[
22.741843063578305,
2.4460209720836525,
2.2539960031861703
]
],
[
[
22.792112196788626,
5.285078473241683,
2.5199331278352752
],
[
22.814819562601905,
5.104274137971655,
-0.16698433319469405
]
],
[
[
22.79689632544351,
2.795900245037754,
2.5180016477811202
],
[
22.62558858754188,
2.7002710232496456,
-0.14876564681352356
]
],
[
[
23.02367633842763,
2.763279223898207,
2.315215738195121
],
[
20.191354636546173,
2.756577424728329,
2.058095647042572
]
],
[
[
20.187661902339016,
5.306223197312824,
2.058524222332579
],
[
23.040659433150765,
5.293584230527966,
2.3121101343041617
]
],
[
[
20.682422337058757,
2.997105984313983,
-0.08881146240841656
],
[
18.03468822348068,
2.6536136262797703,
0.09999999999999998
]
],
[
[
18.35914300588411,
2.429974567174653,
0.15161257691444216
],
[
18.03468822348068,
5.422580388186745,
0.09999999999999998
]
],
[
[
17.780880236939883,
5.102930541161121,
0.17751889280245692
],
[
20.71349288602485,
5.079208941529179,
-0.18483617220641738
]
],
[
[
18.11690612687198,
5.588854804611528,
2.245368087151135
],
[
18.13193684048767,
2.4689709724448043,
2.2716373322970433
]
],
[
[
18.161518095128645,
5.29775401060567,
2.543462616351284
],
[
18.09639624650263,
5.108226201051432,
-0.16701597289524894
]
],
[
[
18.15032495386884,
2.7883399160625353,
2.5450114687306855
],
[
18.31079472875468,
2.7164425712173994,
-0.1939941860890616
]
],
[
[
17.884028151303337,
2.7458335363922295,
2.2605971927865056
],
[
20.723961867514564,
2.7311795613263854,
2.0724497945702205
]
],
[
[
20.7241212381803,
5.331322489013161,
2.0690581610708607
],
[
17.869073518169078,
5.3128660812728805,
2.2922313399819703
]
]
],
"contact_t_pairs": [
[
0.10000000000222362,
0.8696831988631503
],
[
0.10959298576332581,
0.8914362972650305
],
[
0.8999999999990118,
0.8999999999973076
],
[
0.8801888640094867,
0.10000000000276812
],
[
0.1000000000009697,
0.8999999999975721
],
[
0.899999999997572,
0.8999999999972691
],
[
0.10000000000360787,
0.8999999999971102
],
[
0.899999999997311,
0.8999999999971054
],
[
0.11141069936639267,
0.8807563118626139
],
[
0.11928617547265973,
0.11133006092702999
],
[
0.10000000000282405,
0.10000000000285499
],
[
0.10000000000349307,
0.1000000000028139
],
[
0.8999999999982183,
0.10000000000216376
],
[
0.10829605780376218,
0.8999999999968163
],
[
0.8921401893957261,
0.10000000000256754
],
[
0.8999999999986426,
0.8999999999970886
],
[
0.8924179142140946,
0.10000000000528743
],
[
0.8999999999967372,
0.10000000000492473
],
[
0.10000000000353913,
0.89999999999557
],
[
0.10000000000536595,
0.10871374635372087
],
[
0.8999999999983107,
0.8999999999973541
],
[
0.10000000000248195,
0.8764315503095723
],
[
0.8920281291322448,
0.10000000000277881
],
[
0.899999999998586,
0.8999999999971381
],
[
0.8999999999962585,
0.10000000000439063
],
[
0.11104994545288463,
0.1000000000048031
],
[
0.10000000000404743,
0.10933267754968692
],
[
0.10000000000458421,
0.8999999999956311
]
],
"half_couplers": [
{
"pose": [
[
0.0637612201233767,
0.1208626758787449,
0.990619362009348,
20.427161879816534
],
[
0.05113087037559445,
0.9909398460846269,
-0.12419281596135084,
2.9609797504385957
],
[
-0.9966544741800001,
0.05856991566670775,
0.057003719841623335,
-0.04107911391201107
],
[
0.0,
0.0,
0.0,
1.0
]
],
"at_element": 4,
"to_element": 3
},
{
"pose": [
[
0.9923759634428095,
-0.12086267587713072,
-0.02412800780783985,
20.422810823484653
],
[
-0.11918234338928156,
-0.9909398460849383,
0.0619176103010963,
2.925305915977043
],
[
-0.0313929324083449,
-0.05856991566477364,
-0.9977895814117457,
-0.043187630876098004
],
[
0.0,
0.0,
0.0,
1.0
]
],
"at_element": 3,
"to_element": 4
},
{
"pose": [
[
-0.023397969460857482,
0.9997262300375584,
-2.361894013702681e-11,
20.45677226131327
],
[
-2.361894013702681e-11,
-2.417843703028666e-11,
-1.0000000000000002,
5.119121053269952
],
[
-0.9997262300375584,
-0.02339796946085726,
2.417799294107681e-11,
-0.1279255291767828
],
[
0.0,
0.0,
0.0,
1.0
]
],
"at_element": 0,
"to_element": 2
},
{
"pose": [
[
0.0015807856861296266,
-0.9997262300381193,
-0.023344508784381983,
20.420782117025446
],
[
-0.9977151583210868,
4.8339998670599016e-11,
-0.06756080858255747,
5.119121053271693
],
[
0.06754231246369569,
0.02339796943688832,
-0.997442013880149,
-0.12708320227689102
],
[
0.0,
0.0,
0.0,
1.0
]
],
"at_element": 2,
"to_element": 0
},
{
"pose": [
[
-0.02417439208438621,
0.9997077566805965,
-4.823919041996305e-14,
20.45677226131327
],
[
-4.823919041996305e-14,
-4.973799150320701e-14,
-1.0000000000000002,
2.9305103024732038
],
[
-0.9997077566805965,
-0.02417439208438582,
4.929390229335695e-14,
-0.1279255291767828
],
[
0.0,
0.0,
0.0,
1.0
]
],
"at_element": 0,
"to_element": 3
},
{
"pose": [
[
-0.0014968205884371422,
-0.999707756680597,
-0.024128007807827017,
20.42078278206955
],
[
-0.998081263993384,
9.736655925962623e-14,
0.06191761030085994,
2.9305103024732073
],
[
-0.06189951529289375,
0.024174392084363373,
-0.9977895814117608,
-0.12705525106166887
],
[
0.0,
0.0,
0.0,
1.0
]
],
"at_element": 3,
"to_element": 0
},
{
"pose": [
[
0.9920057596487457,
0.12386449072651605,
-0.02412800780785345,
20.422108047360098
],
[
0.12514555878822733,
-0.9902044226573667,
0.06191761030089721,
2.927109389291357
],
[
-0.016222266774324444,
-0.06444213906173707,
-0.9977895814117577,
-0.0722502331734437
],
[
0.0,
0.0,
0.0,
1.0
]
],
"at_element": 3,
"to_element": 12
},
{
"pose": [
[
0.07812079800904714,
-0.12386449072650527,
-0.9892192521658144,
20.41764892569362
],
[
-0.05500978032193201,
0.9902044226573679,
-0.12833209036995213,
2.9627567485096113
],
[
0.9954250674899455,
0.06444213906173715,
0.07054180126552834,
-0.06993031616705225
],
[
0.0,
0.0,
0.0,
1.0
]
],
"at_element": 12,
"to_element": 3
},
{
"pose": [
[
-0.9953844431805117,
0.09596775643007929,
-5.898059818321144e-16,
20.456772261313265
],
[
-5.898059818321144e-16,
-1.2212453270876722e-14,
-1.0,
5.145683711993362
],
[
-0.09596775643007929,
-0.9953844431805116,
1.2101430968414206e-14,
-0.1279255291767828
],
[
0.0,
0.0,
0.0,
1.0
]
],
"at_element": 0,
"to_element": 6
},
{
"pose": [
[
-0.020808134489585406,
-0.09596775643012234,
-0.9951669263318754,
20.453317422081465
],
[
-0.9997814745346664,
6.417089082333405e-14,
0.020904620955388753,
5.145683711993363
],
[
-0.0020061695720468564,
0.9953844431805074,
-0.09594678503149279,
-0.09209168921899388
],
[
0.0,
0.0,
0.0,
1.0
]
],
"at_element": 6,
"to_element": 0
},
{
"pose": [
[
-0.9997274409147578,
-0.00027891156797845015,
-0.023344508784025386,
20.420221580291894
],
[
0.0012992539496429474,
0.9977143123573716,
-0.06756080858331569,
5.117498816740218
],
[
0.023309994019830374,
-0.06757272471637009,
-0.9974420138801061,
-0.15103328379456743
],
[
0.0,
0.0,
0.0,
1.0
]
],
"at_element": 2,
"to_element": 14
},
{
"pose": [
[
0.12288616115330031,
0.00027891156810576356,
0.9924207341673905,
20.420231621108343
],
[
0.06709477432449976,
-0.9977143123573049,
-0.008027588413383462,
5.0815811014924375
],
[
0.9901501313716772,
0.06757272471735484,
-0.12262399528201251,
-0.1486006657045404
],
[
0.0,
0.0,
0.0,
1.0
]
],
"at_element": 14,
"to_element": 2
},
{
"pose": [
[
-0.9996768560796194,
-0.008001415999197957,
-0.02412800780785304,
20.474298755766505
],
[
-0.009482715809974026,
0.998036215593144,
0.061917610300968554,
2.7931769084098157
],
[
0.023585197044657204,
0.062126401042738005,
-0.9977895814117532,
2.086044206596306
],
[
0.0,
0.0,
0.0,
1.0
]
],
"at_element": 3,
"to_element": 10
},
{
"pose": [
[
0.09008471457402012,
0.008001415999192619,
-0.9959019638207997,
20.4745868067425
],
[
0.06259520208519663,
-0.9980362155931388,
-0.0023564890068786225,
2.757247604645336
],
[
-0.9939650823223273,
-0.06212640104282566,
-0.09040865786768038,
2.08380765615857
],
[
0.0,
0.0,
0.0,
1.0
]
],
"at_element": 10,
"to_element": 3
},
{
"pose": [
[
-0.9978123932025773,
-0.06610566795091692,
0.0006845700171846311,
20.437588691838716
],
[
-0.0006866792982268555,
9.18617399436883e-06,
-0.99999976419355,
2.732645289535297
],
[
0.06610564607419475,
-0.997812627992038,
-5.455947193500066e-05,
2.055343279780581
],
[
0.0,
0.0,
0.0,
1.0
]
],
"at_element": 1,
"to_element": 18
},
{
"pose": [
[
0.0051379610855961655,
0.06610566795155648,
0.9977993996894172,
20.43996849588522
],
[
0.9999867457477806,
-9.186175157660514e-06,
-0.0051486157729884185,
2.732644958833012
],
[
-0.0003311867246416078,
0.9978126279919955,
-0.06610483896857078,
2.0912645343923937
],
[
0.0,
0.0,
0.0,
1.0
]
],
"at_element": 18,
"to_element": 1
},
{
"pose": [
[
0.0008100155506969298,
0.9997085490851779,
-0.02412800780868536,
20.473535437407794
],
[
0.9980810284578528,
0.0006856872751324072,
0.06191761030171695,
2.7951357459999913
],
[
0.061916108625479624,
-0.02413186107553817,
-0.9977895814116864,
2.054477940881961
],
[
0.0,
0.0,
0.0,
1.0
]
],
"at_element": 3,
"to_element": 1
},
{
"pose": [
[
0.024131892799948984,
-0.9997085490850761,
0.0006845700139089805,
20.437545929634204
],
[
-3.802361809696064e-05,
-0.0006856872785434565,
-0.9999997641935525,
2.7951110612580807
],
[
0.9997087827483043,
0.02413186107966442,
-5.455946797883193e-05,
2.055346687880868
],
[
0.0,
0.0,
0.0,
1.0
]
],
"at_element": 1,
"to_element": 3
},
{
"pose": [
[
0.023444413046825208,
-0.9997249075925134,
0.000684569960352821,
20.435853834986343
],
[
-3.849508515108013e-05,
-0.0006856609137149139,
-0.9999997641935923,
5.266873198563207
],
[
0.9997251412338386,
0.023444381165903583,
-5.455941311671708e-05,
2.055481545948197
],
[
0.0,
0.0,
0.0,
1.0
]
],
"at_element": 1,
"to_element": 2
},
{
"pose": [
[
-0.0022678282890100654,
0.9997249075941067,
-0.023344508793430613,
20.471843931662995
],
[
0.9977149227167247,
0.0006856608559407951,
-0.06756080859160153,
5.266897882354008
],
[
-0.06752621671034113,
-0.023444381099649945,
-0.9974420138793247,
2.054637548228194
],
[
0.0,
0.0,
0.0,
1.0
]
],
"at_element": 2,
"to_element": 1
},
{
"pose": [
[
-0.9969585812292228,
-0.07793021671538096,
0.0006845700172060584,
20.435810978368952
],
[
-0.0006867399454235645,
1.044856364096347e-06,
-0.99999976419355,
5.329476885853906
],
[
0.07793019762365588,
-0.9969588162615354,
-5.455947129218153e-05,
2.0554849615730864
],
[
0.0,
0.0,
0.0,
1.0
]
],
"at_element": 1,
"to_element": 19
},
{
"pose": [
[
0.006425008673586863,
0.07793021671531197,
-0.9969381127162552,
20.438616466171027
],
[
-0.999979232771905,
-1.0448563620979456e-06,
-0.006444689582930707,
5.3294768482390795
],
[
-0.0005032777129904131,
0.9969588162615408,
0.07792859160751475,
2.091375478962609
],
[
0.0,
0.0,
0.0,
1.0
]
],
"at_element": 19,
"to_element": 1
},
{
"pose": [
[
0.9996728868176055,
-0.010447644298583596,
-0.023344508783977314,
20.472585540233425
],
[
-0.012004119182184187,
-0.9976429412709424,
-0.06756080857214833,
5.269044154744355
],
[
-0.022583633109285982,
0.06781893880674356,
-0.9974420138808631,
2.086324295327415
],
[
0.0,
0.0,
0.0,
1.0
]
],
"at_element": 2,
"to_element": 11
},
{
"pose": [
[
0.08802618457623768,
0.010447644307426441,
0.9960633702518007,
20.47296165542822
],
[
-0.0684769337754014,
0.9976429412721799,
-0.004412626260302158,
5.3049593006343025
],
[
-0.9937616919411161,
-0.06781893878718036,
0.08853412433695407,
2.0838828135304506
],
[
0.0,
0.0,
0.0,
1.0
]
],
"at_element": 11,
"to_element": 2
},
{
"pose": [
[
-0.12472979350996871,
0.05581897727075952,
0.9906193620091457,
22.606445808103743
],
[
-0.9921729245625253,
-0.013001239487981708,
-0.12419281596300819,
2.687765417853666
],
[
0.005946963595481913,
-0.9983562538233648,
0.05700371984152808,
0.08432454289834741
],
[
0.0,
0.0,
0.0,
1.0
]
],
"at_element": 4,
"to_element": 5
},
{
"pose": [
[
-0.9934349624666257,
-0.05581897727081546,
0.09985598192083789,
22.604436324921657
],
[
0.09928022567250679,
0.013001239488056315,
0.9949745748320359,
2.688233462475314
],
[
-0.056836714712856534,
0.9983562538233607,
-0.00737416520258205,
0.12026536804200216
],
[
0.0,
0.0,
0.0,
1.0
]
],
"at_element": 5,
"to_element": 4
},
{
"pose": [
[
-0.06064357145621879,
-0.9931521233505238,
0.09985598192086581,
22.606965884886197
],
[
-0.0013115543290266318,
0.10011930514669554,
0.9949745748320329,
2.7134382404146247
],
[
-0.9981586231988764,
0.060207845180579866,
-0.0073741652025729465,
0.1200785650812827
],
[
0.0,
0.0,
0.0,
1.0
]
],
"at_element": 5,
"to_element": 9
},
{
"pose": [
[
0.09769624538223431,
0.9931521233505132,
-0.06406483842624615,
22.64271936133259
],
[
0.9943325077171636,
-0.10011930514671952,
-0.035762953371250183,
2.7098339454287608
],
[
-0.04193218018551516,
-0.060207845180713204,
-0.9973047215588542,
0.1179110826544309
],
[
0.0,
0.0,
0.0,
1.0
]
],
"at_element": 9,
"to_element": 5
},
{
"pose": [
[
0.9903985487438856,
0.09560071924745307,
0.09985598192083894,
22.845968647539276
],
[
-0.09867919518521735,
-0.016970912627432666,
0.9949745748320356,
5.094884675370831
],
[
0.09681493213137646,
-0.9952750828810906,
-0.007374165202602034,
0.10242868750982388
],
[
0.0,
0.0,
0.0,
1.0
]
],
"at_element": 5,
"to_element": 6
},
{
"pose": [
[
-0.022434152859630574,
-0.09560071924749614,
-0.9951669263318752,
22.84252702164603
],
[
-0.9996374267439678,
0.01697091262747996,
0.020904620955390085,
5.095495628225478
],
[
0.014890394157604459,
0.9952750828810857,
-0.0959467850314919,
0.13825859049705128
],
[
0.0,
0.0,
0.0,
1.0
]
],
"at_element": 6,
"to_element": 5
},
{
"pose": [
[
-0.014307842500122625,
0.9948990242821654,
0.09985598192089801,
22.84836519089824
],
[
0.008846301879874952,
-0.09973634433280187,
0.99497457483203,
5.118764063102843
],
[
0.9998585042825019,
0.015119295668906796,
-0.007374165202541416,
0.10225170756025842
],
[
0.0,
0.0,
0.0,
1.0
]
],
"at_element": 5,
"to_element": 8
},
{
"pose": [
[
-0.10052282153787218,
-0.9948990242821604,
0.008431715867488643,
22.81254882602051
],
[
-0.9927463752049875,
0.09973634433286316,
-0.06713639948995254,
5.122354571499184
],
[
0.0659529898292944,
-0.015119295668831526,
-0.9977081787933058,
0.10170741291612564
],
[
0.0,
0.0,
0.0,
1.0
]
],
"at_element": 8,
"to_element": 5
},
{
"pose": [
[
0.06389858404767634,
-0.9979391725596751,
-0.00586334611063094,
22.743839741436197
],
[
0.000712373270516431,
0.005920963571415694,
-0.9999822171992407,
2.7865504775470384
],
[
0.9979561430649273,
0.06389327086084245,
0.0010892463805440844,
2.2536250760588032
],
[
0.0,
0.0,
0.0,
1.0
]
],
"at_element": 7,
"to_element": 9
},
{
"pose": [
[
0.003619992859577037,
0.9979391725596828,
-0.06406483842633556,
22.779765551652442
],
[
0.9993427606965276,
-0.005920963571564464,
-0.035762953371150666,
2.786337322858438
],
[
-0.036068577670037086,
-0.06389327086071021,
-0.9973047215588529,
2.2513249183075557
],
[
0.0,
0.0,
0.0,
1.0
]
],
"at_element": 9,
"to_element": 7
},
{
"pose": [
[
-0.995887135357507,
0.09041258099295474,
-0.005863346110490927,
22.74369902114166
],
[
0.005740842910566632,
-0.001614932805037439,
-0.9999822171992417,
2.7625509064001985
],
[
-0.09042044211402202,
-0.9959030862439516,
0.0010892463803838792,
2.253651217969682
],
[
0.0,
0.0,
0.0,
1.0
]
],
"at_element": 7,
"to_element": 10
},
{
"pose": [
[
0.002200830767201234,
-0.09041258099295807,
-0.9959019638207999,
22.740444168225537
],
[
-0.9999959194674723,
0.0016149328050214518,
-0.0023564890068777933,
2.762609043981186
],
[
0.0018213710051528942,
0.9959030862439512,
-0.09040865786767593,
2.2895037290786
],
[
0.0,
0.0,
0.0,
1.0
]
],
"at_element": 10,
"to_element": 7
},
{
"pose": [
[
-0.9960564471511957,
0.08852782195968152,
-0.005863346110545321,
22.758546681647868
],
[
0.005743888698177879,
-0.001604066056830833,
-0.9999822171992402,
5.294790380828414
],
[
-0.08853565288153728,
-0.9960724128853083,
0.0010892463815342923,
2.2508929362378898
],
[
0.0,
0.0,
0.0,
1.0
]
],
"at_element": 7,
"to_element": 11
},
{
"pose": [
[
0.004537309882262752,
-0.08852782196221831,
0.9960633702519424,
22.75535968005695
],
[
0.9999889777899829,
0.0016040660602668622,
-0.004412626272332076,
5.2948481272065075
],
[
-0.0012071112530732675,
0.9960724128850773,
0.08853412433475949,
2.28675154310588
],
[
0.0,
0.0,
0.0,
1.0
]
],
"at_element": 11,
"to_element": 7
},
{
"pose": [
[
0.006433858891812361,
0.9999437542318501,
0.008431715867689607,
22.794382933370077
],
[
0.9977266361876735,
-0.005853486578802469,
-0.06713639949015285,
5.266998039713711
],
[
-0.06708326841612491,
0.00884449363078417,
-0.9977081787932907,
2.2512413817178607
],
[
0.0,
0.0,
0.0,
1.0
]
],
"at_element": 8,
"to_element": 7
},
{
"pose": [
[
-0.008837960461064664,
-0.9999437542318511,
-0.005863346109498624,
22.758384958213433
],
[
0.0011410434432085337,
0.005853486579796785,
-0.9999822171992463,
5.267208765230572
],
[
0.9999602934490694,
-0.008844493630008443,
0.0010892463813920727,
2.2509229799471067
],
[
0.0,
0.0,
0.0,
1.0
]
],
"at_element": 7,
"to_element": 8
},
{
"pose": [
[
-0.06557187315441859,
0.13094121045538937,
-0.9892192521658172,
18.29946163484296
],
[
-0.042553578238048714,
-0.9908178780989081,
-0.12833209036993126,
2.687962862083772
],
[
-0.9969400796588326,
0.033679843290243615,
0.07054180126552978,
0.08111885375883937
],
[
0.0,
0.0,
0.0,
1.0
]
],
"at_element": 12,
"to_element": 17
},
{
"pose": [
[
-0.9896646231361119,
-0.13094121045538046,
0.058466512785840176,
18.29474775126567
],
[
-0.13264135056080892,
0.9908178780989085,
-0.026195506503615785,
2.723632305702103
],
[
-0.054499594808233624,
-0.03367984329025514,
-0.9979456209241473,
0.07990637940016013
],
[
0.0,
0.0,
0.0,
1.0
]
],
"at_element": 17,
"to_element": 12
},
{
"pose": [
[
-0.05683157637908676,
0.9925500052783511,
-0.10777132711539272,
18.326697527642963
],
[
0.0110561581230737,
0.10856485072893318,
0.9940278841932766,
2.7292351492832894
],
[
0.9983225597440065,
0.055300634789750946,
-0.01714370140970045,
0.14645131922286983
],
[
0.0,
0.0,
0.0,
1.0
]
],
"at_element": 13,
"to_element": 17
},
{
"pose": [
[
0.10689318923135005,
-0.9925500052786294,
0.058466512785900246,
18.290965727449862
],
[
-0.9937441665869453,
-0.10856485072729627,
-0.02619550650355095,
2.725326814656771
],
[
0.03234775835152269,
-0.05530063478797428,
-0.9979456209241455,
0.14446049637032926
],
[
0.0,
0.0,
0.0,
1.0
]
],
"at_element": 17,
"to_element": 13
},
{
"pose": [
[
0.9865607777333291,
-0.12281356964777292,
-0.10777132711709751,
18.069720213348766
],
[
0.10479972514075493,
-0.030423396539210668,
0.9940278841931147,
5.099463138922335
],
[
-0.1253588826076199,
-0.991963327978101,
-0.017143701408371737,
0.10557270648975821
],
[
0.0,
0.0,
0.0,
1.0
]
],
"at_element": 13,
"to_element": 14
},
{
"pose": [
[
0.004232434884388514,
0.12281356964772133,
0.9924207341673861,
18.07414150185653
],
[
0.9995048648042086,
0.030423396539299263,
-0.008027588413292042,
5.100558381197861
],
[
-0.03117870631809594,
0.9919633279781046,
-0.12262399528205359,
0.14128338630056259
],
[
0.0,
0.0,
0.0,
1.0
]
],
"at_element": 14,
"to_element": 13
},
{
"pose": [
[
-0.029346287671483395,
-0.9937424900100484,
-0.10777132711686799,
18.06713370172148
],
[
-0.02041736569188418,
-0.10719933126991643,
0.9940278841931379,
5.123319806081304
],
[
-0.9993607589745087,
0.0313714348398525,
-0.017143701408461,
0.10516125769151717
],
[
0.0,
0.0,
0.0,
1.0
]
],
"at_element": 13,
"to_element": 16
},
{
"pose": [
[
-0.10909516606417458,
0.9937424900100629,
-0.023960556964110747,
18.102908431365414
],
[
0.9917890425842542,
0.10719933126966863,
-0.06973376789722821,
5.127178982007398
],
[
-0.06672885246457387,
-0.031371434840249596,
-0.9972778415892061,
0.10403188603716151
],
[
0.0,
0.0,
0.0,
1.0
]
],
"at_element": 16,
"to_element": 13
},
{
"pose": [
[
-0.05838898039822649,
-0.9982822841093624,
0.004817489122994678,
18.130433769126043
],
[
0.00812399831146049,
-0.005300719570483281,
-0.9999529504049032,
2.78095935567315
],
[
0.9982608514909774,
-0.0583470959468399,
0.008419547201562683,
2.269010407782354
],
[
0.0,
0.0,
0.0,
1.0
]
],
"at_element": 15,
"to_element": 17
},
{
"pose": [
[
-0.003761398151693962,
0.998282284109361,
0.058466512785882864,
18.166371931358128
],
[
0.999642785104288,
0.005300719570406898,
-0.026195506503575026,
2.7811501815777064
],
[
-0.02646042465432808,
0.05834709594687017,
-0.9979456209241464,
2.271110903236685
],
[
0.0,
0.0,
0.0,
1.0
]
],
"at_element": 17,
"to_element": 15
},
{
"pose": [
[
-0.9982834671989627,
0.00343307440657296,
0.05846651278584031,
18.16814511361675
],
[
0.0019035977585129212,
0.9996550263738948,
-0.026195506503625506,
2.7803557198392754
],
[
-0.05853627450386366,
-0.026039244334785053,
-0.9979456209241475,
2.24084504016781
],
[
0.0,
0.0,
0.0,
1.0
]
],
"at_element": 17,
"to_element": 18
},
{
"pose": [
[
0.06621610060727401,
-0.0034330744066274933,
0.9977993996893793,
18.168021522938098
],
[
0.025754999534859758,
-0.9996550263738928,
-0.005148615772309118,
2.7443681388855747
],
[
0.9974728607933785,
0.02603924433485073,
-0.06610483896919495,
2.241782452963973
],
[
0.0,
0.0,
0.0,
1.0
]
],
"at_element": 18,
"to_element": 17
},
{
"pose": [
[
0.024301055312010766,
-0.9996930781541278,
0.004817489122745489,
18.11840919823361
],
[
0.008534225684569019,
-0.004611287076168313,
-0.9999529504049008,
5.276866421382229
],
[
0.9996682578249085,
0.02434102549660444,
0.008419547201971134,
2.247995011665832
],
[
0.0,
0.0,
0.0,
1.0
]
],
"at_element": 15,
"to_element": 16
},
{
"pose": [
[
-0.00629612584428485,
0.9996930781541425,
-0.023960556964487362,
18.154398149051378
],
[
0.9975549797611681,
0.004611287075851012,
-0.06973376789762253,
5.2770324277169784
],
[
-0.06960187607420026,
-0.0243410254960551,
-0.9972778415891694,
2.247118734747863
],
[
0.0,
0.0,
0.0,
1.0
]
],
"at_element": 16,
"to_element": 15
},
{
"pose": [
[
0.9996423344638851,
0.011878335639170288,
-0.02396055696425707,
18.155005910265743
],
[
0.010181583950609448,
-0.9975136775819147,
-0.06973376789806315,
5.278801229649377
],
[
-0.024729304394804218,
0.06946487011034763,
-0.9972778415891441,
2.2724147574142055
],
[
0.0,
0.0,
0.0,
1.0
]
],
"at_element": 16,
"to_element": 19
},
{
"pose": [
[
0.07728715647799955,
-0.011878335632895549,
-0.9969381127161994,
18.154578290182677
],
[
0.07017783848182017,
0.997513677581471,
-0.006444689589787472,
5.314711722046989
],
[
0.9945359553226645,
-0.06946487011779004,
0.07792859160766219,
2.269914022089884
],
[
0.0,
0.0,
0.0,
1.0
]
],
"at_element": 19,
"to_element": 16
}
],
"contact_residues": [
1.9145820840818414e-13,
5.483195521040583e-13,
2.319206045815329e-13,
1.881413455451441e-13,
2.380145095732891e-13,
1.7487203118334471e-13,
2.254230577082649e-13,
2.956599365329038e-13,
4.411781001395662e-13,
4.3892251319948476e-13,
2.966383432642114e-13,
2.3565062716865074e-13,
4.336792484739695e-13,
4.1844857585875937e-13,
2.538078965979258e-13,
2.5834171645307804e-13,
2.958974782477495e-13,
2.989405818908231e-13,
2.9797916637899667e-13,
3.073405655898226e-13,
4.919229382871256e-13,
1.9152806782160284e-13,
2.5570107370931554e-13,
2.5842577933573274e-13,
2.9936629924194153e-13,
3.0564587982456773e-13,
3.052043671499769e-13,
3.0717168142246933e-13
],
"collision_dists": [
0.025000001,
0.025000001,
0.025000001,
0.025000001,
0.025000001,
0.025000001,
0.025000001,
0.025000001,
0.025000001,
0.025000001,
0.025000001,
0.025000001,
0.025000001,
0.025000001,
0.025000001,
0.025000001,
0.025000001,
0.025000001,
0.025000001,
0.025000001,
0.025000001,
0.025000001,
0.025000001,
0.025000001,
0.025000001,
0.025000001,
0.025000001,
0.025000001,
0.025000001,
0.025000001,
0.025000001,
0.025000001,
0.025000001,
0.025000001,
0.025000001,
0.025000001,
0.025000001,
0.025000001,
0.025000001,
0.025000001,
0.025000001,
0.025000001,
0.025000001,
0.025000001,
0.025000001,
0.025000001,
0.025000001,
0.025000001,
0.025,
0.025,
0.025,
0.025,
0.025,
0.025,
0.025,
0.025,
0.025,
0.025,
0.025,
0.025,
0.025,
0.025,
0.025,
0.025,
0.025,
0.025,
0.025,
0.025,
0.025,
0.025,
0.025,
0.025,
0.025,
0.025,
0.025,
0.025,
0.025,
0.025,
0.025,
0.025,
0.025,
0.025,
0.025,
0.025,
0.025,
0.025,
0.025,
0.025,
0.025,
0.025,
0.025,
0.025,
0.025,
0.025,
0.025,
0.025
],
"collision_id_pairs": [
[
0,
2
],
[
0,
3
],
[
0,
4
],
[
0,
6
],
[
0,
12
],
[
0,
14
],
[
1,
2
],
[
1,
3
],
[
1,
10
],
[
1,
11
],
[
1,
18
],
[
1,
19
],
[
2,
6
],
[
2,
11
],
[
2,
14
],
[
2,
19
],
[
3,
4
],
[
3,
10
],
[
3,
12
],
[
3,
18
],
[
4,
5
],
[
4,
9
],
[
4,
12
],
[
5,
6
],
[
5,
8
],
[
5,
9
],
[
6,
8
],
[
6,
14
],
[
7,
8
],
[
7,
9
],
[
7,
10
],
[
7,
11
],
[
8,
11
],
[
9,
10
],
[
10,
18
],
[
11,
19
],
[
12,
13
],
[
12,
17
],
[
13,
14
],
[
13,
16
],
[
13,
17
],
[
14,
16
],
[
15,
16
],
[
15,
17
],
[
15,
18
],
[
15,
19
],
[
16,
19
],
[
17,
18
]
],
"collision_t_pairs": [
[
[
0.10959298576337824,
0.8904070142366218
],
[
0.8914362972649789,
0.10856370273502106
]
],
[
[
0.8999999999989537,
0.1000000000010463
],
[
0.8999999999972497,
0.10000000000275025
]
],
[
[
0.8901068019892807,
0.10989319801071934
],
[
0.10900541777375118,
0.8909945822262489
]
],
[
[
0.10000000000103267,
0.8999999999989673
],
[
0.8999999999975182,
0.10000000000248171
]
],
[
[
0.88633783784782,
0.11366216215217986
],
[
0.08374453834465827,
0.9162554616553418
]
],
[
[
0.12324816127133754,
0.8767518387286624
],
[
0.9114147163845543,
0.08858528361544571
]
],
[
[
0.11928617547269972,
0.8807138245273003
],
[
0.11133006092708604,
0.8886699390729139
]
],
[
[
0.880756311862574,
0.11924368813742607
],
[
0.11141069936644996,
0.8885893006335501
]
],
[
[
0.8924485550395503,
0.10755144496044967
],
[
0.9138667549839582,
0.08613324501604178
]
],
[
[
0.10749849157269578,
0.8925015084273042
],
[
0.08620839972644585,
0.9137916002735541
]
],
[
[
0.8999999999972649,
0.10000000000273514
],
[
0.8999999999970465,
0.10000000000295353
]
],
[
[
0.1000000000028692,
0.8999999999971308
],
[
0.10000000000291308,
0.8999999999970869
]
],
[
[
0.8793856690078191,
0.12061433099218095
],
[
0.9103995660548478,
0.08960043394515214
]
],
[
[
0.10000000000354779,
0.8999999999964522
],
[
0.10000000000286538,
0.8999999999971346
]
],
[
[
0.8999999999975049,
0.10000000000249507
],
[
0.8999999999972083,
0.1000000000027917
]
],
[
[
0.09767552293967946,
0.9023244770603206
],
[
0.08829633632765586,
0.9117036636723441
]
],
[
[
0.8696831988630991,
0.13031680113690097
],
[
0.10000000000229074,
0.8999999999977094
]
],
[
[
0.10000000000366334,
0.8999999999963366
],
[
0.8999999999970579,
0.10000000000294214
]
],
[
[
0.8801888640094332,
0.11981113599056673
],
[
0.10000000000283726,
0.8999999999971627
]
],
[
[
0.09757804560815005,
0.9024219543918499
],
[
0.9119489414358886,
0.08805105856411147
]
],
[
[
0.8999999999981543,
0.10000000000184571
],
[
0.10000000000221598,
0.899999999997784
]
],
[
[
0.9113768287939635,
0.08862317120603648
],
[
0.9123352051793142,
0.08766479482068583
]
],
[
[
0.07947130847983462,
0.9205286915201654
],
[
0.11757668043068006,
0.88242331956932
]
],
[
[
0.8921401893956752,
0.1078598106043248
],
[
0.10000000000262413,
0.8999999999973759
]
],
[
[
0.899999999998595,
0.10000000000140509
],
[
0.8999999999970266,
0.10000000000297345
]
],
[
[
0.1082960578038106,
0.8917039421961894
],
[
0.8999999999967482,
0.10000000000325174
]
],
[
[
0.11038811526484293,
0.8896118847351571
],
[
0.8882170674990246,
0.11178293250097539
]
],
[
[
0.9859947658930247,
0.014005234106975246
],
[
0.8233526079703475,
0.1766473920296526
]
],
[
[
0.10871374635376767,
0.8912862536462324
],
[
0.10000000000543481,
0.8999999999945653
]
],
[
[
0.8924179142140529,
0.1075820857859472
],
[
0.10000000000535188,
0.8999999999946482
]
],
[
[
0.8999999999966903,
0.10000000000330973
],
[
0.10000000000498278,
0.8999999999950172
]
],
[
[
0.1000000000035868,
0.8999999999964131
],
[
0.8999999999955126,
0.10000000000448746
]
],
[
[
0.08487209488751037,
0.9151279051124895
],
[
0.9136485298392913,
0.08635147016070864
]
],
[
[
0.08459393902149537,
0.9154060609785046
],
[
0.08519302747294158,
0.9148069725270584
]
],
[
[
0.8910742177509652,
0.10892578224903489
],
[
0.9210742370748466,
0.07892576292515338
]
],
[
[
0.10668000500193586,
0.8933199949980641
],
[
0.08130709585295297,
0.9186929041470471
]
],
[
[
0.889978342567352,
0.11002165743264804
],
[
0.08791731664308879,
0.9120826833569112
]
],
[
[
0.8999999999982519,
0.10000000000174815
],
[
0.8999999999972987,
0.10000000000270133
]
],
[
[
0.8920281291321903,
0.10797187086780974
],
[
0.10000000000283923,
0.8999999999971608
]
],
[
[
0.8999999999985364,
0.10000000000146361
],
[
0.8999999999970766,
0.10000000000292342
]
],
[
[
0.10000000000253477,
0.8999999999974653
],
[
0.8764315503095222,
0.1235684496904778
]
],
[
[
0.11007339939339439,
0.8899266006066056
],
[
0.8883528865077277,
0.11164711349227235
]
],
[
[
0.10000000000409938,
0.8999999999959006
],
[
0.10933267754974842,
0.8906673224502515
]
],
[
[
0.8999999999962108,
0.10000000000378918
],
[
0.10000000000445247,
0.8999999999955476
]
],
[
[
0.9115939043195814,
0.08840609568041853
],
[
0.08624362644757429,
0.9137563735524258
]
],
[
[
0.08801119596475347,
0.9119888040352465
],
[
0.912049718229845,
0.08795028177015493
]
],
[
[
0.10000000000465187,
0.8999999999953482
],
[
0.8999999999955691,
0.1000000000044309
]
],
[
[
0.11104994545294888,
0.8889500545470511
],
[
0.10000000000486928,
0.8999999999951307
]
]
],
"collision_dual_t_pairs": [
[
[
4.859092860583913e-13,
5.980489684099543e-14
],
[
5.97356494109103e-14,
4.905294110520038e-13
]
],
[
[
5.916763197718232e-14,
5.325087574245981e-13
],
[
5.916763064334065e-14,
5.325088654675176e-13
]
],
[
[
5.98252262548938e-14,
4.845714070741038e-13
],
[
4.885135467726704e-13,
5.976568282340212e-14
]
],
[
[
5.325087553839435e-13,
5.916763200238548e-14
],
[
5.916763085012288e-14,
5.325088487180408e-13
]
],
[
[
6.007963152847216e-14,
4.685025765784142e-13
],
[
6.358756353909688e-13,
5.8117904428066e-14
]
],
[
[
4.320803160543681e-13,
6.073617752553126e-14
],
[
5.842670701024977e-14,
6.011148784182864e-13
]
],
[
[
4.463852267698682e-13,
6.046381096559784e-14
],
[
4.783427716629581e-13,
5.992155668528593e-14
]
],
[
[
6.046048015421995e-14,
4.4656685100556363e-13
],
[
4.779723145719533e-13,
5.99273750606219e-14
]
],
[
[
5.966835052472507e-14,
4.951150648987321e-13
],
[
5.826999797709822e-14,
6.182204857217742e-13
]
],
[
[
4.953263964074399e-13,
5.966528274251311e-14
],
[
6.176569304061203e-13,
5.827500956835072e-14
]
],
[
[
5.91676306405877e-14,
5.325088656903394e-13
],
[
5.91676304837465e-14,
5.325088783944894e-13
]
],
[
[
5.325088756546604e-13,
5.916763051757043e-14
],
[
5.325088773667175e-13,
5.916763049643855e-14
]
],
[
[
6.055423305426751e-14,
4.415178754195796e-13
],
[
5.849159171095819e-14,
5.943318457124509e-13
]
],
[
[
5.325089162492728e-13,
5.91676300164153e-14
],
[
5.325088716461432e-13,
5.916763056705909e-14
]
],
[
[
5.916763084822295e-14,
5.325088488715862e-13
],
[
5.916763061298054e-14,
5.325088679260018e-13
]
],
[
[
5.451751265393766e-13,
5.901528352887712e-14
],
[
6.031446942891702e-13,
5.840760156327703e-14
]
],
[
[
6.123018184959289e-14,
4.086267427380059e-13
],
[
5.325088357639788e-13,
5.916763101004016e-14
]
],
[
[
5.325089235118151e-13,
5.916762992675668e-14
],
[
5.91676304899245e-14,
5.325088778938383e-13
]
],
[
[
6.049943165250078e-14,
4.4445329309703165e-13
],
[
5.325088703053868e-13,
5.916763058361563e-14
]
],
[
[
5.457290406953448e-13,
5.900880001125164e-14
],
[
5.839264177185232e-14,
6.047445851875559e-13
]
],
[
[
5.916763135617647e-14,
5.325088077272089e-13
],
[
5.325088319963779e-13,
5.916763105655614e-14
]
],
[
[
5.842903206594282e-14,
6.008688807730629e-13
],
[
5.83676593013008e-14,
6.074372239248216e-13
]
],
[
[
6.700514963637043e-13,
5.784823031345806e-14
],
[
4.5290846162073675e-13,
6.034608074169772e-14
]
],
[
[
5.96888998494619e-14,
4.937046939134234e-13
],
[
5.325088575705277e-13,
5.916763074083164e-14
]
],
[
[
5.91676316878242e-14,
5.325087808626574e-13
],
[
5.916763047139048e-14,
5.325088793957915e-13
]
],
[
[
4.917201253141153e-13,
5.971803907203429e-14
],
[
5.916763025827515e-14,
5.325088966581203e-13
]
],
[
[
4.823963241187755e-13,
5.985854775653924e-14
],
[
5.995256067600437e-14,
4.763761695282978e-13
]
],
[
[
5.400750306938842e-14,
3.800977239866368e-12
],
[
6.467537975422647e-14,
3.014588917768945e-13
]
],
[
[
4.898384487493984e-13,
5.974591248054923e-14
],
[
5.325090349806065e-13,
5.91676285506254e-14
]
],
[
[
5.967032978553759e-14,
4.949788283926721e-13
],
[
5.325090300781138e-13,
5.916762861115176e-14
]
],
[
[
5.916763019634001e-14,
5.32508901674247e-13
],
[
5.32509007023763e-13,
5.916762889576651e-14
]
],
[
[
5.32508919441156e-13,
5.91676299770079e-14
],
[
5.916762929049969e-14,
5.325089750486828e-13
]
],
[
[
6.274176225224584e-13,
5.818960040262971e-14
],
[
5.828406770529124e-14,
6.166411799063159e-13
]
],
[
[
6.29487857685686e-13,
5.81718571213536e-14
],
[
6.2505973800713e-13,
5.820996552345943e-14
]
],
[
[
5.975992037366981e-14,
4.888988855710207e-13
],
[
5.781445129220584e-14,
6.746169958843941e-13
]
],
[
[
4.985411083112388e-13,
5.961898895838356e-14
],
[
6.560412231631542e-13,
5.795510483150691e-14
]
],
[
[
5.98332431143515e-14,
4.84046095171321e-13
],
[
6.056897890457747e-13,
5.83838443614137e-14
]
],
[
[
5.916763142771467e-14,
5.325088019317747e-13
],
[
5.916763067969783e-14,
5.325088625225478e-13
]
],
[
[
5.969639868401076e-14,
4.931922626990148e-13
],
[
5.3250887094366e-13,
5.916763057573156e-14
]
],
[
[
5.916763164505638e-14,
5.325087843275101e-13
],
[
5.91676305092857e-14,
5.325088763258141e-13
]
],
[
[
5.325088521113424e-13,
5.916763080822102e-14
],
[
6.076383424262053e-14,
4.306860170529105e-13
]
],
[
[
4.837771884890618e-13,
5.983735437746157e-14
],
[
5.994341390464497e-14,
4.769544593690863e-13
]
],
[
[
5.325089517064731e-13,
5.916762957868166e-14
],
[
4.870564213228131e-13,
5.978756567089742e-14
]
],
[
[
5.916762982091633e-14,
5.325089320848184e-13
],
[
5.325089731434791e-13,
5.916762931402264e-14
]
],
[
[
5.84151237092231e-14,
6.023437242697205e-13
],
[
6.174461199427197e-13,
5.827688679439257e-14
]
],
[
[
6.050634477290954e-13,
5.838967061047513e-14
],
[
5.838561855199022e-14,
6.054989093900456e-13
]
],
[
[
5.325089854263874e-13,
5.916762916239009e-14
],
[
5.916762931917959e-14,
5.3250897272658e-13
]
],
[
[
4.795220497165565e-13,
5.990310221279533e-14
],
[
5.325089992692549e-13,
5.916762899149975e-14
]
]
],
"clamp_dist": 0.024,
"clamp_gap": 0.016,
"radius": [
0.01,
0.01,
0.01,
0.01,
0.01,
0.01,
0.01,
0.01,
0.01,
0.01,
0.01,
0.01,
0.01,
0.01,
0.01,
0.01,
0.01,
0.01,
0.01,
0.01
],
"boundary_vertices": [
true,
true,
false,
false,
false,
false,
false,
false,
false,
true,
false,
true,
false,
false,
false,
false,
false,
false,
false,
false,
false,
false,
false,
false,
false,
true,
false,
true,
false,
false,
false,
false,
false,
false,
false,
false,
false,
false,
false,
false
],
"nstatus": 0,
"config": {
"weights": [
1.0,
10.0,
0.0
],
"shape_deviation": 0.3599999999999999,
"length_deviation_ratio": 0.4
}
}