{
"contact_id_pairs": [
[
0,
3
],
[
3,
4
],
[
0,
17
],
[
0,
18
],
[
8,
17
],
[
17,
18
],
[
1,
16
],
[
1,
18
],
[
1,
26
],
[
9,
16
],
[
9,
18
],
[
16,
18
],
[
16,
26
],
[
1,
2
],
[
1,
4
],
[
1,
22
],
[
2,
4
],
[
2,
6
],
[
2,
23
],
[
6,
7
],
[
6,
23
],
[
7,
23
],
[
3,
5
],
[
3,
6
],
[
5,
19
],
[
13,
17
],
[
13,
19
],
[
17,
19
],
[
7,
16
],
[
7,
19
],
[
7,
27
],
[
15,
16
],
[
15,
27
],
[
16,
19
],
[
16,
27
],
[
8,
11
],
[
8,
12
],
[
9,
10
],
[
10,
12
],
[
10,
14
],
[
14,
15
],
[
11,
13
],
[
11,
14
],
[
20,
25
],
[
25,
26
],
[
20,
21
],
[
21,
22
],
[
21,
23
],
[
23,
24
],
[
24,
27
],
[
25,
27
]
],
"contact_t_bound_pairs": [
[
[
0.6,
0.9
],
[
0.1,
0.4
]
],
[
[
0.1,
0.4
],
[
0.1,
0.4
]
],
[
[
0.1,
0.4
],
[
0.1,
0.4
]
],
[
[
0.1,
0.4
],
[
0.1,
0.4
]
],
[
[
0.1,
0.4
],
[
0.1,
0.4
]
],
[
[
0.1,
0.4
],
[
0.1,
0.4
]
],
[
[
0.6,
0.9
],
[
0.1,
0.4
]
],
[
[
0.6,
0.9
],
[
0.6,
0.9
]
],
[
[
0.6,
0.9
],
[
0.1,
0.4
]
],
[
[
0.6,
0.9
],
[
0.1,
0.4
]
],
[
[
0.6,
0.9
],
[
0.6,
0.9
]
],
[
[
0.1,
0.4
],
[
0.6,
0.9
]
],
[
[
0.1,
0.4
],
[
0.1,
0.4
]
],
[
[
0.1,
0.4
],
[
0.1,
0.4
]
],
[
[
0.1,
0.4
],
[
0.6,
0.9
]
],
[
[
0.1,
0.4
],
[
0.1,
0.4
]
],
[
[
0.1,
0.4
],
[
0.6,
0.9
]
],
[
[
0.6,
0.9
],
[
0.1,
0.4
]
],
[
[
0.6,
0.9
],
[
0.6,
0.9
]
],
[
[
0.1,
0.4
],
[
0.6,
0.9
]
],
[
[
0.1,
0.4
],
[
0.6,
0.9
]
],
[
[
0.6,
0.9
],
[
0.6,
0.9
]
],
[
[
0.6,
0.9
],
[
0.1,
0.4
]
],
[
[
0.6,
0.9
],
[
0.6,
0.9
]
],
[
[
0.6,
0.9
],
[
0.1,
0.4
]
],
[
[
0.6,
0.9
],
[
0.6,
0.9
]
],
[
[
0.6,
0.9
],
[
0.1,
0.4
]
],
[
[
0.6,
0.9
],
[
0.1,
0.4
]
],
[
[
0.1,
0.4
],
[
0.6,
0.9
]
],
[
[
0.1,
0.4
],
[
0.6,
0.9
]
],
[
[
0.1,
0.4
],
[
0.1,
0.4
]
],
[
[
0.1,
0.4
],
[
0.6,
0.9
]
],
[
[
0.1,
0.4
],
[
0.1,
0.4
]
],
[
[
0.6,
0.9
],
[
0.6,
0.9
]
],
[
[
0.6,
0.9
],
[
0.1,
0.4
]
],
[
[
0.6,
0.9
],
[
0.1,
0.4
]
],
[
[
0.6,
0.9
],
[
0.1,
0.4
]
],
[
[
0.1,
0.4
],
[
0.1,
0.4
]
],
[
[
0.1,
0.4
],
[
0.6,
0.9
]
],
[
[
0.6,
0.9
],
[
0.1,
0.4
]
],
[
[
0.1,
0.4
],
[
0.6,
0.9
]
],
[
[
0.6,
0.9
],
[
0.1,
0.4
]
],
[
[
0.6,
0.9
],
[
0.6,
0.9
]
],
[
[
0.6,
0.9
],
[
0.1,
0.4
]
],
[
[
0.1,
0.4
],
[
0.6,
0.9
]
],
[
[
0.1,
0.4
],
[
0.1,
0.4
]
],
[
[
0.1,
0.4
],
[
0.6,
0.9
]
],
[
[
0.6,
0.9
],
[
0.1,
0.4
]
],
[
[
0.1,
0.4
],
[
0.6,
0.9
]
],
[
[
0.1,
0.4
],
[
0.6,
0.9
]
],
[
[
0.6,
0.9
],
[
0.6,
0.9
]
]
],
"line_pt_pairs": [
[
[
20.956769927801925,
17.22678139785727,
1.8953446145997452
],
[
18.19921921492342,
16.581327223539677,
2.150283240795928
]
],
[
[
18.204705449844198,
14.473510435765565,
2.1498368934762895
],
[
20.956771902813543,
14.417235161712341,
1.8633096289816595
]
],
[
[
18.53260220051692,
14.543165551134352,
2.3282356522796825
],
[
18.03468822348068,
14.27992516303447,
0.3
]
],
[
[
18.5346881103366,
16.548893596413052,
2.3118913077416345
],
[
18.03468822348068,
17.048891924941444,
0.3
]
],
[
[
18.40258158441628,
17.183604751062415,
2.079255719147885
],
[
18.52850682816696,
14.010584302361647,
2.079255894708205
]
],
[
[
17.88674694618973,
16.87367980948468,
0.7999999702087095
],
[
20.45677226131327,
17.048891924941444,
0.07207447082321722
]
],
[
[
18.188909513118556,
13.779925487639824,
0.7069405308605099
],
[
18.111973578134716,
17.35675329812368,
0.4687197843513628
]
],
[
[
20.45677226131327,
14.27992516303447,
0.07207447082321722
],
[
17.942339084201773,
14.12535856720479,
0.7999999681031058
]
],
[
[
20.39143287757881,
17.210404587780445,
1.8513299473409461
],
[
23.37885504793403,
16.548898204960135,
2.079255378429704
]
],
[
[
23.065762581137882,
14.743093750893049,
2.0792627256114393
],
[
20.351740478265725,
14.481916391097718,
1.851330588850497
]
],
[
[
22.378856415408247,
14.779922932488807,
2.260782494802332
],
[
22.87885629914586,
14.27992516303447,
0.3
]
],
[
[
22.378856316591907,
16.671866336851668,
2.183821259068977
],
[
22.87885629914586,
17.048891924941444,
0.3
]
],
[
[
23.028000081218707,
17.20617762957258,
2.0792620018089827
],
[
22.397231281588585,
14.367019623385728,
2.079255822845446
]
],
[
[
23.0694120251045,
16.897971992457684,
0.7999999554876909
],
[
19.956772276532284,
17.006522052662465,
0.250585572571758
]
],
[
[
22.679631012705084,
13.779925656373328,
0.7153978979375178
],
[
22.838966157978035,
17.32243019611461,
0.7038928852097646
]
],
[
[
19.956772264810116,
14.420399186052734,
0.29800931656559765
],
[
22.99338830463894,
14.102794078619421,
0.7999998089279768
]
],
[
[
20.76648796280817,
14.524318683852153,
2.4484213981807272
],
[
20.100674190136644,
14.276784710192006,
-0.2691812743032034
]
],
[
[
20.82296326941734,
17.166882295955055,
2.457810713754044
],
[
20.180218774468408,
16.904414123073987,
-0.1792157833148274
]
],
[
[
20.657829355321947,
17.528665470989676,
1.9630110446473152
],
[
20.689136788077512,
13.99570992686593,
1.9236869764225268
]
],
[
[
20.27281361708707,
17.426018495622753,
0.37917129505779434
],
[
20.16343529303366,
13.872152728491253,
0.16794654467880896
]
],
[
[
17.847769734097643,
11.88783648492229,
2.079313065001129
],
[
20.956677894934813,
11.978924618110678,
1.8514483487774944
]
],
[
[
18.534687379636775,
12.010934411379196,
2.290484171137858
],
[
18.03468822348068,
11.510958401127496,
0.3
]
],
[
[
18.534688106219445,
14.779921597213935,
2.0792563118713283
],
[
18.53301351199959,
11.64765569036423,
2.079259030393471
]
],
[
[
18.12622617102559,
11.174868354893482,
0.4580862453041349
],
[
18.19000447796148,
14.71660428851273,
0.7220123360336471
]
],
[
[
20.45677226131327,
11.510958401127496,
0.07207447082321722
],
[
17.874424544874135,
12.01095466690902,
0.5110123445640286
]
],
[
[
20.92780645449212,
12.010955900065724,
2.718570239305105
],
[
19.984933746133613,
12.010940432426608,
-0.0904339219874973
]
],
[
[
20.55113019417645,
14.77992485377922,
1.8669339042044653
],
[
20.91747225801851,
11.706014843319803,
2.483430636953783
]
],
[
[
20.300809377173557,
14.738345510213037,
0.32834952903670983
],
[
19.95677233319876,
11.25134894077976,
0.1720675136274324
]
]
],
"contact_t_pairs": [
[
0.8999932305350826,
0.10000018680680507
],
[
0.12139003028239188,
0.1815126301890291
],
[
0.10000075226979321,
0.20286222695505085
],
[
0.10844589266701629,
0.10536506561792909
],
[
0.10000072950763939,
0.2192718528866462
],
[
0.19286186266762617,
0.1168534292386645
],
[
0.8811906318743817,
0.20449424876823685
],
[
0.8999998842074396,
0.879200188472891
],
[
0.8662798848955787,
0.1131080236485434
],
[
0.8999967367536951,
0.2104167672201069
],
[
0.8758546148567076,
0.8533694377029476
],
[
0.1872147567006106,
0.863353559153954
],
[
0.19575898136863734,
0.10000008942836074
],
[
0.10000104227108392,
0.10516945146151702
],
[
0.11252709022679405,
0.8561512270368494
],
[
0.12119910264478331,
0.1000009957481861
],
[
0.11844101887641062,
0.8415425272095349
],
[
0.8115258662242871,
0.15372896288384374
],
[
0.8001244402120263,
0.8915645625008726
],
[
0.10000008066757751,
0.8999999630346038
],
[
0.10865440264869144,
0.8452617847745035
],
[
0.899999989019475,
0.8385051184318039
],
[
0.7816765315745051,
0.10000000916017165
],
[
0.8999989958477483,
0.8999992741518513
],
[
0.8999999986453034,
0.11508302206241451
],
[
0.8886920247699973,
0.8120798559147164
],
[
0.8999999989813754,
0.12182117008378131
],
[
0.8032601702532481,
0.13201819185223407
],
[
0.10000001994604155,
0.8489405687616042
],
[
0.11594831617562243,
0.8909671070728997
],
[
0.10000000127428041,
0.13932214158316103
],
[
0.10000000993719267,
0.7703561250269537
],
[
0.10000000114072964,
0.10000167144458066
],
[
0.8325174128227151,
0.8743170550682244
],
[
0.7854194842466716,
0.11755838961405822
],
[
0.6852174646118233,
0.10000003140291751
],
[
0.842349160755981,
0.19456890521855444
],
[
0.22930179147465116,
0.12407126702591699
],
[
0.10000019890724994,
0.8758331828381746
],
[
0.78073557824607,
0.1728631411258345
],
[
0.10000012378816099,
0.8999999910317176
],
[
0.7585410843605263,
0.1000000013028708
],
[
0.791578850997685,
0.8999988859992623
],
[
0.8999742182408501,
0.3004391803054711
],
[
0.1000020316706484,
0.8999991951511918
],
[
0.20004323270865726,
0.13357253868759184
],
[
0.10000103615327671,
0.8999910370131285
],
[
0.8999996082590123,
0.10902082769519918
],
[
0.22087322873915827,
0.8999932782287207
],
[
0.18247694167405226,
0.8999998142713937
],
[
0.8999979681850969,
0.7810341917888639
]
],
"half_couplers": [
{
"pose": [
[
0.14819788850586735,
-0.19390716790198143,
-0.9697615150533844,
18.474992953354082
],
[
-0.2558214679644876,
0.9396972313028855,
-0.22699006588435972,
16.645877010350826
],
[
0.9552972115372772,
0.2817252628322922,
0.08965552917237607,
2.1247876523782234
],
[
0.0,
0.0,
0.0,
1.0
]
],
"at_element": 0,
"to_element": 3
},
{
"pose": [
[
0.9525897597130153,
0.19390716792076163,
-0.23446270475034914,
18.484688028247625
],
[
0.24899135753151946,
-0.939697231330594,
0.23446197411142627,
16.59889352266898
],
[
-0.17486009711912803,
-0.28172526272694404,
-0.9434271687718789,
2.1107018011324836
],
[
0.0,
0.0,
0.0,
1.0
]
],
"at_element": 3,
"to_element": 0
},
{
"pose": [
[
0.017996297683899543,
0.9719585245035931,
-0.23446270474101177,
18.473993108929967
],
[
0.9713597059387964,
0.038573364204127936,
0.23446197400105354,
16.609588408654258
],
[
0.23693132960452373,
-0.23196707141052172,
-0.9434271688016298,
2.0676677609699965
],
[
0.0,
0.0,
0.0,
1.0
]
],
"at_element": 3,
"to_element": 4
},
{
"pose": [
[
0.23178461100333214,
-0.9719585245037319,
0.03965502170674784,
18.42543860661666
],
[
0.009198712986436264,
-0.03857336420327995,
-0.9992134302807556,
16.607661463775166
],
[
0.972723638954779,
0.23196707141008144,
5.5284682831668874e-08,
2.079255751014301
],
[
0.0,
0.0,
0.0,
1.0
]
],
"at_element": 4,
"to_element": 3
},
{
"pose": [
[
0.07798334821791109,
-0.231260029650493,
-0.9697615150575821,
20.681012782091972
],
[
0.05989596896667379,
0.9720534876743956,
-0.22699006586541842,
17.162235494869833
],
[
0.9951537922865327,
-0.040383360262574,
0.08965552917492536,
1.9208386690019912
],
[
0.0,
0.0,
0.0,
1.0
]
],
"at_element": 0,
"to_element": 17
},
{
"pose": [
[
0.9439075036945123,
0.2312600296543452,
-0.23570622213566134,
20.6925746898089
],
[
0.21412049904301264,
-0.9720534876666937,
-0.09625190390111225,
17.11363741789958
],
[
-0.25137827344216834,
0.040383360425911966,
-0.9670460939593035,
1.922857646019176
],
[
0.0,
0.0,
0.0,
1.0
]
],
"at_element": 17,
"to_element": 0
},
{
"pose": [
[
-0.22504539393354084,
-0.09443079258655479,
-0.969761515054486,
20.657724879169248
],
[
0.9738432011193987,
0.010243516298139799,
-0.2269900658781604,
17.156784543747747
],
[
0.03136861971491817,
-0.9954787269376099,
0.08965552917615316,
1.922991661492893
],
[
0.0,
0.0,
0.0,
1.0
]
],
"at_element": 0,
"to_element": 18
},
{
"pose": [
[
0.9954919961418308,
0.09443079258867834,
0.008860644932913789,
20.661128065028567
],
[
0.009871552651489118,
-0.010243516295310728,
-0.9998988062909946,
17.15641537825785
],
[
-0.09433047262577474,
0.9954787269374374,
-0.011129517025291191,
1.9588676616184464
],
[
0.0,
0.0,
0.0,
1.0
]
],
"at_element": 18,
"to_element": 0
},
{
"pose": [
[
0.039051311485551965,
0.22466655901876276,
0.9736528808204326,
20.690177273961627
],
[
-0.1633041347632651,
0.9627304571194855,
-0.21559644362495406,
17.144253466924454
],
[
-0.98580259415386,
-0.1505822173869658,
0.07428486498839992,
1.874122656723165
],
[
0.0,
0.0,
0.0,
1.0
]
],
"at_element": 8,
"to_element": 17
},
{
"pose": [
[
0.945498553200901,
-0.22466655906039712,
-0.23570622209641406,
20.682027493077197
],
[
-0.25275608398946514,
-0.9627304570908615,
-0.09625190385613805,
17.10933041336365
],
[
-0.20529697489567017,
0.1505822175078515,
-0.9670460939733454,
1.8795850276305706
],
[
0.0,
0.0,
0.0,
1.0
]
],
"at_element": 17,
"to_element": 8
},
{
"pose": [
[
-0.03377650686661893,
0.9712372132256862,
-0.23570622229693458,
20.699002368902125
],
[
0.9952933824173386,
0.011254059132019156,
-0.09625190423730025,
17.116262195242243
],
[
-0.09083077947558657,
-0.23784789635112547,
-0.9670460938865331,
1.9492288716254562
],
[
0.0,
0.0,
0.0,
1.0
]
],
"at_element": 17,
"to_element": 18
},
{
"pose": [
[
0.23794908008379445,
-0.9712372131765568,
0.008860644915102078,
20.661487736200094
],
[
-0.008701915321815412,
-0.011254059122823845,
-0.9998988062914125,
17.115827500311067
],
[
0.9712386483027783,
0.23784789655217792,
-0.011129517001942979,
1.9584158924236335
],
[
0.0,
0.0,
0.0,
1.0
]
],
"at_element": 18,
"to_element": 17
},
{
"pose": [
[
0.10497195079141353,
-0.01064516922207108,
0.9944182067517059,
20.629800626496543
],
[
0.09166821852726052,
-0.9955819688663476,
-0.02033423173481172,
14.4239211914637
],
[
0.990241297492224,
0.09329106945704976,
-0.10353235774614822,
1.8973517522270282
],
[
0.0,
0.0,
0.0,
1.0
]
],
"at_element": 1,
"to_element": 16
},
{
"pose": [
[
-0.9714423479187002,
0.010645169154871171,
-0.23703680103280847,
20.63033287554616
],
[
0.032412570220168385,
0.9955819688449609,
-0.08812473320534982,
14.473699409863904
],
[
0.23505146236925586,
-0.09329106969295405,
-0.9674955226530089,
1.892687281220573
],
[
0.0,
0.0,
0.0,
1.0
]
],
"at_element": 16,
"to_element": 1
},
{
"pose": [
[
-0.021275642784186033,
-0.10334300713958855,
0.9944182067417443,
20.681564938847785
],
[
-0.9997416672589131,
0.01015469197615948,
-0.02033423166087106,
14.422862695633922
],
[
-0.00799660993723983,
-0.9945939398097177,
-0.10353235785635029,
1.8919623886088481
],
[
0.0,
0.0,
0.0,
1.0
]
],
"at_element": 1,
"to_element": 18
},
{
"pose": [
[
0.9946063099657968,
0.1033430072505711,
0.008860644933053538,
20.68535485610124
],
[
0.009962901511489174,
-0.010154692081115746,
-0.9998988062910217,
14.422490290729733
],
[
-0.10324257246743518,
0.9945939397971144,
-0.011129517022776092,
1.9284373164525603
],
[
0.0,
0.0,
0.0,
1.0
]
],
"at_element": 18,
"to_element": 1
},
{
"pose": [
[
0.0017198653145436005,
-0.1054963134195212,
0.9944182067511584,
20.588765259947465
],
[
-0.9779989677852248,
-0.2076163240914628,
-0.02033423177263749,
14.42476029783627
],
[
0.20860263918353117,
-0.9725050076095437,
-0.10353235774397618,
1.9016240877704365
],
[
0.0,
0.0,
0.0,
1.0
]
],
"at_element": 1,
"to_element": 26
},
{
"pose": [
[
0.9876235635413376,
0.10549631341950065,
0.11606129670481889,
20.592566420996956
],
[
0.09226537847520817,
0.20761632409144282,
-0.9738493527777197,
14.43224096762268
],
[
-0.12683373633515693,
0.9725050076095503,
0.19531311656315464,
1.9366646312315248
],
[
0.0,
0.0,
0.0,
1.0
]
],
"at_element": 26,
"to_element": 1
},
{
"pose": [
[
-0.08931033293129809,
-0.08986475553935915,
-0.9919415255666796,
20.623151545075537
],
[
0.06044705926723749,
0.9935965457878589,
-0.09545709624945777,
14.508034979363305
],
[
0.9941679020455466,
-0.06848525323225711,
-0.08330637809957797,
1.8741245463252942
],
[
0.0,
0.0,
0.0,
1.0
]
],
"at_element": 9,
"to_element": 16
},
{
"pose": [
[
0.967335454029297,
0.08986475573946767,
-0.2370368010538018,
20.626389581192004
],
[
0.07071022341161526,
-0.9935965457506295,
-0.08812473306341136,
14.472233385337438
],
[
-0.24343825435418578,
0.0684852535098167,
-0.9674955226607944,
1.8765922292479353
],
[
0.0,
0.0,
0.0,
1.0
]
],
"at_element": 16,
"to_element": 9
},
{
"pose": [
[
-0.0961095423338243,
0.08255280553781047,
-0.9919415255801218,
20.688673797514195
],
[
0.9953633254485021,
0.011823415499707224,
-0.09545709611139852,
14.514340355020218
],
[
0.0038478857158589785,
-0.9965165533716727,
-0.0833063780977179,
1.8796273117552178
],
[
0.0,
0.0,
0.0,
1.0
]
],
"at_element": 9,
"to_element": 18
},
{
"pose": [
[
0.9965473010696513,
-0.08255280553782696,
0.00886064493293582,
20.684546161608484
],
[
0.007911006494532725,
-0.011823415499702339,
-0.9998988062909993,
14.513749184871283
],
[
0.08264921479988357,
0.9965165533716716,
-0.011129517024901725,
1.9294530866581352
],
[
0.0,
0.0,
0.0,
1.0
]
],
"at_element": 18,
"to_element": 9
},
{
"pose": [
[
0.03195184152612707,
-0.9709750947634336,
-0.2370368013035759,
20.641837799349553
],
[
-0.9960457631234904,
-0.011263616778800944,
-0.08812473376302685,
14.477976671198233
],
[
0.08289703002420108,
0.23891524917049975,
-0.9674955225358748,
1.9396460750427191
],
[
0.0,
0.0,
0.0,
1.0
]
],
"at_element": 16,
"to_element": 18
},
{
"pose": [
[
-0.23901643135477846,
0.970975094692729,
0.008860644946758256,
20.68485873881944
],
[
0.008689540666249718,
0.011263616713927505,
-0.9998988062906823,
14.478475727637745
],
[
-0.9709766410297604,
-0.23891524946090759,
-0.011129517042359094,
1.9290604703850314
],
[
0.0,
0.0,
0.0,
1.0
]
],
"at_element": 18,
"to_element": 16
},
{
"pose": [
[
-0.08582693731390578,
0.9677020676242514,
-0.23703680125048893,
20.636148936888784
],
[
0.993882991958386,
0.06656297471193817,
-0.08812473372070204,
14.475861685314312
],
[
-0.06950061242292493,
-0.2431503212279326,
-0.9674955225527357,
1.9164262672505863
],
[
0.0,
0.0,
0.0,
1.0
]
],
"at_element": 16,
"to_element": 26
},
{
"pose": [
[
0.22379116113086428,
-0.967702067579889,
0.11606129674145338,
20.58776443332203
],
[
0.21722524828209278,
-0.06656297463121996,
-0.973849352783595,
14.472533577838545
],
[
0.9501214173506893,
0.24315032142658516,
0.19531311651209093,
1.9285836326116892
],
[
0.0,
0.0,
0.0,
1.0
]
],
"at_element": 26,
"to_element": 16
},
{
"pose": [
[
0.10529706928382421,
-0.006705019150331205,
0.99441820675128,
18.479914963540416
],
[
0.12890242165863894,
-0.9914487806786358,
-0.020334231762836913,
14.467882849706152
],
[
0.9860510599815692,
0.13032405000244585,
-0.10353235774473624,
2.1211838683877438
],
[
0.0,
0.0,
0.0,
1.0
]
],
"at_element": 1,
"to_element": 2
},
{
"pose": [
[
-0.9715984678112357,
0.006705019141211141,
-0.23654060975903238,
18.480236860676996
],
[
0.03728748526385424,
0.991448780679684,
-0.1250558224612741,
14.51548070391537
],
[
0.2336793974434989,
-0.1303240499949409,
-0.9635401295241206,
2.114927221294736
],
[
0.0,
0.0,
0.0,
1.0
]
],
"at_element": 2,
"to_element": 1
},
{
"pose": [
[
0.01979873842514135,
0.10363609401376817,
0.9944182067793923,
18.514387479907615
],
[
0.9997847780343823,
0.004112981346558686,
-0.020334232102143635,
14.467177942924641
],
[
-0.006197383924997524,
0.9946067782807497,
-0.10353235740807754,
2.1175948141320657
],
[
0.0,
0.0,
0.0,
1.0
]
],
"at_element": 1,
"to_element": 4
},
{
"pose": [
[
-0.9938244509665775,
-0.10363609368629662,
0.03965502170503412,
18.51039263636834
],
[
-0.039441147653925916,
-0.004112981664315729,
-0.9992134302808238,
14.467019400494237
],
[
0.10371767705036009,
-0.9946067783135577,
5.527101643032495e-08,
2.0792558694540686
],
[
0.0,
0.0,
0.0,
1.0
]
],
"at_element": 4,
"to_element": 1
},
{
"pose": [
[
0.02023055634367288,
0.10355266646228978,
0.9944182067211839,
18.538253434362897
],
[
0.9997932366556749,
-5.449846492600052e-05,
-0.02033423142110069,
14.466689923049227
],
[
-0.0020514696183554504,
0.9946239703015743,
-0.10353235810092354,
2.1151100461362757
],
[
0.0,
0.0,
0.0,
1.0
]
],
"at_element": 1,
"to_element": 22
},
{
"pose": [
[
-0.9946238280726596,
-0.10355266681279178,
-0.000534627016958597,
18.534520645129984
],
[
0.0005318427220494526,
5.449880326136025e-05,
-0.9999998570865894,
14.466691887580868
],
[
0.10355268115025962,
-0.9946239702650642,
8.679238679976109e-07,
2.0792565837262496
],
[
0.0,
0.0,
0.0,
1.0
]
],
"at_element": 22,
"to_element": 1
},
{
"pose": [
[
0.06744575501722061,
-0.9692778807261422,
-0.23654060975907637,
18.47362876176394
],
[
-0.9914037183711466,
-0.03846697892768658,
-0.12505582246357516,
14.51198709135838
],
[
0.11211483991881432,
0.24294172442628198,
-0.9635401295238115,
2.0880093551022156
],
[
0.0,
0.0,
0.0,
1.0
]
],
"at_element": 2,
"to_element": 4
},
{
"pose": [
[
-0.24275063169515176,
0.9692778807262334,
0.03965502170553381,
18.508553032281704
],
[
-0.009633912943011913,
0.03846697892837292,
-0.9992134302808038,
14.513373103775237
],
[
-0.9700408849801183,
-0.24294172442580897,
5.528623703288105e-08,
2.0792558668893606
],
[
0.0,
0.0,
0.0,
1.0
]
],
"at_element": 4,
"to_element": 2
},
{
"pose": [
[
0.034676408093786915,
-0.9710026194049247,
-0.2365406092629514,
18.128532128997406
],
[
-0.9921372738891278,
-0.004967006867988122,
-0.1250558219461359,
14.329539167156376
],
[
0.12025463185076668,
0.23901724195452606,
-0.9635401297127633,
0.6822699576564311
],
[
0.0,
0.0,
0.0,
1.0
]
],
"at_element": 2,
"to_element": 6
},
{
"pose": [
[
0.2381039848865456,
0.9710026195309021,
-0.02145705583890878,
18.177082231624993
],
[
0.06964066159645738,
0.004967006975399757,
0.9975597762009625,
14.329787517359597
],
[
0.9687397331758182,
-0.23901724144051367,
-0.06643860068222329,
0.6703191025622437
],
[
0.0,
0.0,
0.0,
1.0
]
],
"at_element": 6,
"to_element": 2
},
{
"pose": [
[
0.030089443170529195,
-0.9711555823353927,
-0.23654061027335613,
18.134209058367052
],
[
-0.9921496673538756,
-0.000280542425366459,
-0.12505582299733828,
14.332540482964736
],
[
0.1213823009309081,
0.23844654787761518,
-0.9635401293282841,
0.7053947363813274
],
[
0.0,
0.0,
0.0,
1.0
]
],
"at_element": 2,
"to_element": 23
},
{
"pose": [
[
0.237769751627826,
0.9711555821998106,
0.017954953995730993,
18.183088649345933
],
[
-0.07643895784896282,
0.0002805422895183485,
0.9970742234252113,
14.332554603044347
],
[
0.968309160823033,
-0.2384465484299797,
0.07430082508305613,
0.693393394917958
],
[
0.0,
0.0,
0.0,
1.0
]
],
"at_element": 23,
"to_element": 2
},
{
"pose": [
[
0.9616489422760797,
-0.2734426934004022,
-0.021457055837902833,
18.181215913413936
],
[
0.002417766352729167,
-0.06977569276643303,
0.9975597762063324,
14.137608557222245
],
[
-0.2742726129695797,
-0.9593541817936158,
-0.06643860060191775,
0.6831184369929046
],
[
0.0,
0.0,
0.0,
1.0
]
],
"at_element": 6,
"to_element": 7
},
{
"pose": [
[
0.07591816334968837,
0.2734426931019186,
-0.958887650385998,
18.193782494859942
],
[
-0.995819712100578,
0.06977569243471493,
-0.05894449708987204,
14.140815232501373
],
[
0.05078910774498696,
0.9593541819028184,
0.27759686633685565,
0.7272073914670625
],
[
0.0,
0.0,
0.0,
1.0
]
],
"at_element": 7,
"to_element": 6
},
{
"pose": [
[
0.26881449406689306,
0.9629529365344041,
-0.021457161958847948,
18.18055008506067
],
[
0.06976315489115237,
0.0027534623348193232,
0.9975597830029055,
14.168563576765173
],
[
0.9606622038985365,
-0.2696554476826652,
-0.06643846427987299,
0.6810567979500332
],
[
0.0,
0.0,
0.0,
1.0
]
],
"at_element": 6,
"to_element": 23
},
{
"pose": [
[
-0.26907089776892557,
-0.9629529935143409,
0.01795506211614112,
18.180135536576117
],
[
0.07638973917242498,
-0.00275374389261418,
0.9970742322634474,
14.16856239134448
],
[
-0.960086173071456,
0.26965524132926455,
0.07430068035127746,
0.68117288380272
],
[
0.0,
0.0,
0.0,
1.0
]
],
"at_element": 23,
"to_element": 6
},
{
"pose": [
[
0.03518604754420385,
0.2815961937745124,
-0.958887650202006,
18.19378242952272
],
[
-0.9953374346688537,
-0.07634747859213631,
-0.05894449643052935,
14.14081522848498
],
[
-0.08980720018485389,
0.9564907977415834,
0.2775968671124136,
0.7272074103821129
],
[
0.0,
0.0,
0.0,
1.0
]
],
"at_element": 7,
"to_element": 23
},
{
"pose": [
[
0.9593649997432742,
-0.28159619474256214,
0.01795495402657918,
18.17970460783625
],
[
0.003749081303802221,
0.07634747780038875,
0.9970742234271712,
14.144632063367066
],
[
-0.28214312264693786,
-0.9564907975197818,
0.0743008250493008,
0.6793896232685276
],
[
0.0,
0.0,
0.0,
1.0
]
],
"at_element": 23,
"to_element": 7
},
{
"pose": [
[
-0.9721230402800809,
0.0020086417369585413,
-0.2344627047421084,
18.14384993299142
],
[
-0.05454352060273868,
0.9705939352514587,
0.23446197391761833,
16.939730555650176
],
[
0.22803902937188442,
0.24071430828153914,
-0.9434271688220925,
0.7392430884012584
],
[
0.0,
0.0,
0.0,
1.0
]
],
"at_element": 3,
"to_element": 5
},
{
"pose": [
[
0.2796914322757569,
-0.0020086426053013418,
0.9600878439322205,
18.14374950124396
],
[
-0.23165309450453145,
-0.9705939355523092,
0.06545422885921115,
16.891201022635332
],
[
0.9317239647653215,
-0.2407143070612205,
-0.2719321162680606,
0.7272074136022377
],
[
0.0,
0.0,
0.0,
1.0
]
],
"at_element": 5,
"to_element": 3
},
{
"pose": [
[
-0.05166277034791644,
-0.970751357572225,
-0.23446270477767076,
18.084688714242283
],
[
-0.9721129742467104,
-0.004893672538206939,
0.2344619740390833,
16.998891590014157
],
[
-0.22875166329710797,
0.24003719241145005,
-0.9434271687830682,
0.5011911510193502
],
[
0.0,
0.0,
0.0,
1.0
]
],
"at_element": 3,
"to_element": 6
},
{
"pose": [
[
0.23912631921280592,
0.9707513575651338,
-0.021457055836839378,
18.119667227476906
],
[
0.06964585325060468,
0.004893672561209872,
0.9975597762008346,
16.99906792084145
],
[
0.9684875108047242,
-0.24003719243965865,
-0.06643860068481189,
0.4925420319143653
],
[
0.0,
0.0,
0.0,
1.0
]
],
"at_element": 6,
"to_element": 3
},
{
"pose": [
[
0.04495583549282456,
-0.2760621415253356,
0.960087843309969,
20.19976972631931
],
[
-0.9957042259415868,
0.06548922232549259,
0.06545422981952653,
17.03137071315841
],
[
-0.08094484107839917,
-0.9589060724469564,
-0.2719321182338432,
0.14486702174788463
],
[
0.0,
0.0,
0.0,
1.0
]
],
"at_element": 5,
"to_element": 19
},
{
"pose": [
[
0.9606490911888559,
0.2760621435571701,
-0.030708573601611444,
20.260226029006883
],
[
-0.013075455507708555,
-0.065489223763185,
-0.9977676052238625,
17.0170288831371
],
[
-0.2774569445180479,
0.9589060717638177,
-0.05930252501532296,
0.3548629124498016
],
[
0.0,
0.0,
0.0,
1.0
]
],
"at_element": 19,
"to_element": 5
},
{
"pose": [
[
-0.1685249232014394,
0.05437359559073713,
-0.9841965567723168,
20.303233904566284
],
[
0.11968597626801553,
0.992218328107051,
0.03432282699924975,
16.994439565249976
],
[
0.9784041176041325,
-0.11201027395280923,
-0.17372127441478113,
0.31173977509637185
],
[
0.0,
0.0,
0.0,
1.0
]
],
"at_element": 13,
"to_element": 17
},
{
"pose": [
[
0.9703020606775971,
-0.05437359562190255,
-0.2357062221154853,
20.301003412569234
],
[
-0.07898329180146328,
-0.9922183280913139,
-0.0962519039597808,
16.953737179939598
],
[
-0.22863847152439937,
0.11201027407708537,
-0.9670460939583816,
0.3163346159710656
],
[
0.0,
0.0,
0.0,
1.0
]
],
"at_element": 17,
"to_element": 13
},
{
"pose": [
[
0.024529120093671364,
0.17537235454725908,
-0.9841965553323078,
20.268036254560116
],
[
0.9980027993040458,
0.05303164734861321,
0.03432283439316608,
16.995667046531416
],
[
0.05821284092636797,
-0.9830728262138277,
-0.17372128111212692,
0.3055270114229983
],
[
0.0,
0.0,
0.0,
1.0
]
],
"at_element": 13,
"to_element": 19
},
{
"pose": [
[
0.9840231289029804,
-0.17537236182542792,
-0.03070857358718769,
20.25948902166908
],
[
-0.04058878805166749,
-0.053031653290479985,
-0.9977676052236689,
16.993082409550098
],
[
0.17335233505345504,
0.9830728245949277,
-0.059302525026048825,
0.3534396488159717
],
[
0.0,
0.0,
0.0,
1.0
]
],
"at_element": 19,
"to_element": 13
},
{
"pose": [
[
-0.007245463735962909,
0.9717973451684153,
-0.2357062221895525,
20.306672216975322
],
[
0.9952295977546463,
-0.01592541159112426,
-0.09625190397482254,
16.956052066720552
],
[
-0.09729106335309538,
-0.23527919837774258,
-0.9670460939388312,
0.3395923607561758
],
[
0.0,
0.0,
0.0,
1.0
]
],
"at_element": 17,
"to_element": 19
},
{
"pose": [
[
0.23380954529038478,
-0.9717973451488069,
-0.030708573604682488,
20.25837368851771
],
[
-0.0648551248854739,
0.015925411572221493,
-0.9977676052279632,
16.9568435629605
],
[
0.9701169565094679,
0.2352791984600126,
-0.059302524944734536,
0.3512857854383212
],
[
0.0,
0.0,
0.0,
1.0
]
],
"at_element": 19,
"to_element": 17
},
{
"pose": [
[
-0.27181780470625516,
0.08154480227396695,
-0.9588876504923669,
20.20532889344913
],
[
-0.0903107238090816,
-0.9941677521709191,
-0.05894449684662427,
14.26446850036851
],
[
-0.9581017974149468,
0.07057567403519115,
0.2775968660210819,
0.1448670350704383
],
[
0.0,
0.0,
0.0,
1.0
]
],
"at_element": 7,
"to_element": 16
},
{
"pose": [
[
-0.9680723114766001,
-0.08154480184592686,
-0.23703680103363955,
20.201251639947095
],
[
-0.06216519853612762,
0.9941677521642731,
-0.08812473346115936,
14.314177051465286
],
[
0.24284045759163886,
-0.07057567462337903,
-0.9674955226295048,
0.14133823973416365
],
[
0.0,
0.0,
0.0,
1.0
]
],
"at_element": 16,
"to_element": 7
},
{
"pose": [
[
-0.038235152941170636,
-0.2811984119477486,
-0.9588876504563137,
20.16522796829107
],
[
0.9961062503937879,
0.06555825005786597,
-0.058944497417304786,
14.262003426511022
],
[
0.0794380954328191,
-0.9574077339187388,
0.27759686602444156,
0.15647620653412292
],
[
0.0,
0.0,
0.0,
1.0
]
],
"at_element": 7,
"to_element": 19
},
{
"pose": [
[
0.9591581916586215,
0.2811984119477917,
-0.030708573594408428,
20.175361128128724
],
[
-0.012724850014373207,
-0.06555825005781135,
-0.9977676052275246,
14.259640994156188
],
[
-0.28258386642955197,
0.9574077339187299,
-0.059302524957438374,
0.19097699027043435
],
[
0.0,
0.0,
0.0,
1.0
]
],
"at_element": 19,
"to_element": 7
},
{
"pose": [
[
-0.0367960101629472,
-0.2813903504723923,
-0.9588876494653127,
20.205328940398026
],
[
0.9957578097521878,
0.07065359268005555,
-0.05894450066737955,
14.264468503254541
],
[
0.08433527111247224,
-0.9569887880756102,
0.2775968687574858,
0.14486702147878727
],
[
0.0,
0.0,
0.0,
1.0
]
],
"at_element": 7,
"to_element": 27
},
{
"pose": [
[
0.9545669666989314,
0.28139035360081277,
-0.09808860783807025,
20.25287739942305
],
[
-0.08133160232744506,
-0.07065359476213073,
-0.9941796819539408,
14.252529680466457
],
[
-0.28668288499673555,
0.9569887870020202,
-0.04455765930062228,
0.30657598395895674
],
[
0.0,
0.0,
0.0,
1.0
]
],
"at_element": 27,
"to_element": 7
},
{
"pose": [
[
0.1475301003733286,
0.12284984786878395,
0.9813983820867306,
20.260433898968436
],
[
-0.1375341029372088,
0.9851640092978778,
-0.10264621431591159,
14.3886386721533
],
[
-0.9794484366280304,
-0.11983233980335792,
0.16223738879851246,
0.34820837079021183
],
[
0.0,
0.0,
0.0,
1.0
]
],
"at_element": 15,
"to_element": 16
},
{
"pose": [
[
0.9637019610139714,
-0.1228498485345541,
-0.23703680105178404,
20.253574244903355
],
[
-0.14726135264589724,
-0.9851640093441931,
-0.08812473381392591,
14.333629371090797
],
[
-0.22269401508510872,
0.11983233874005678,
-0.9674955225929276,
0.35489953404311286
],
[
0.0,
0.0,
0.0,
1.0
]
],
"at_element": 16,
"to_element": 15
},
{
"pose": [
[
0.0966714423194901,
-0.1658669538342082,
0.9813983828525651,
20.260433872256957
],
[
0.9943289535563111,
-0.027815197956161608,
-0.10264622195809708,
14.388638674947101
],
[
0.044323406451680536,
0.9857557853689829,
0.1622373793307169,
0.34820836637447106
],
[
0.0,
0.0,
0.0,
1.0
]
],
"at_element": 15,
"to_element": 27
},
{
"pose": [
[
-0.9812577548306549,
0.16586694547435357,
-0.09808860781818407,
20.266405097737227
],
[
0.10408205556274061,
0.027815205864940573,
-0.9941796819652499,
14.389640024948193
],
[
-0.1621731922807721,
-0.9857557865524801,
-0.04455765909206755,
0.3127210662790544
],
[
0.0,
0.0,
0.0,
1.0
]
],
"at_element": 27,
"to_element": 15
},
{
"pose": [
[
-0.005523651547355124,
0.9714849686071942,
-0.23703680103279753,
20.21218640336194
],
[
0.9959835128149062,
-0.01583898829242747,
-0.08812473347903907,
14.31824234051488
],
[
-0.08936627705383463,
-0.23657151607949548,
-0.9674955226280821,
0.18596985220430903
],
[
0.0,
0.0,
0.0,
1.0
]
],
"at_element": 16,
"to_element": 19
},
{
"pose": [
[
0.23510410306513385,
-0.9714849686072027,
-0.030708573594375344,
20.177182282912394
],
[
-0.06487628540841528,
0.015838988292459888,
-0.9977676052275284,
14.318813043996563
],
[
0.9698026233793888,
0.2365715160794586,
-0.05930252495738819,
0.194493893348919
],
[
0.0,
0.0,
0.0,
1.0
]
],
"at_element": 19,
"to_element": 16
},
{
"pose": [
[
-0.06233496216589596,
-0.9694987918754254,
-0.23703680103280664,
20.24354485287217
],
[
-0.9924456292770976,
0.08535633707016332,
-0.0881247334790301,
14.32990067792647
],
[
0.10566941572925301,
0.229752885235539,
-0.9674955226280806,
0.31396330877102196
],
[
0.0,
0.0,
0.0,
1.0
]
],
"at_element": 16,
"to_element": 27
},
{
"pose": [
[
-0.22461237180604532,
0.9694987918754298,
-0.09808860781836554,
20.2603649363163
],
[
0.0657347373081657,
-0.08535633707019419,
-0.9941796819654816,
14.328419808920716
],
[
-0.9722284848443237,
-0.22975288523551046,
-0.04455765908650289,
0.30997726697955574
],
[
0.0,
0.0,
0.0,
1.0
]
],
"at_element": 27,
"to_element": 16
},
{
"pose": [
[
0.1227024469338015,
0.19220868131911284,
0.9736528808266453,
22.438466722874768
],
[
0.220750154808863,
0.9512032078683154,
-0.21559644359981772,
16.757128861319774
],
[
-0.9675812517139429,
0.2413882353525003,
0.07428486497992215,
2.007508433352142
],
[
0.0,
0.0,
0.0,
1.0
]
],
"at_element": 8,
"to_element": 11
},
{
"pose": [
[
0.9484824917990513,
-0.1922086814788362,
0.2518666026189855,
22.42885633054876
],
[
-0.24319278534328828,
-0.9512032080343136,
0.18992031534884252,
16.709568907500348
],
[
0.20307198700863688,
-0.24138823457119396,
-0.9489433535796361,
1.9954390740045957
],
[
0.0,
0.0,
0.0,
1.0
]
],
"at_element": 11,
"to_element": 8
},
{
"pose": [
[
-0.21619740438362967,
0.072517239176767,
0.9736528808358558,
22.90788543560134
],
[
-0.9763496708889556,
-0.01610880758094635,
-0.2155964435544992,
16.65318524137703
],
[
4.9928045116831576e-05,
-0.9972370612549954,
0.07428486499072795,
2.0433227429335066
],
[
0.0,
0.0,
0.0,
1.0
]
],
"at_element": 8,
"to_element": 12
},
{
"pose": [
[
0.9735011488903275,
-0.07251723917667793,
-0.2168796051531934,
22.905272086428653
],
[
-0.2162805341546554,
0.01610880758143407,
-0.976198359384035,
16.65376576456631
],
[
0.0742848817390829,
0.9972370612549942,
-2.1245367733957465e-06,
2.079260799574812
],
[
0.0,
0.0,
0.0,
1.0
]
],
"at_element": 12,
"to_element": 8
},
{
"pose": [
[
0.10528696661888215,
0.07047456626312676,
-0.9919415255801215,
22.443432450847496
],
[
-0.25532107670898585,
-0.9621325743316977,
-0.09545709611141778,
14.68320531439936
],
[
-0.9611065510381035,
0.26331396643528887,
-0.08330637809770058,
2.02699747831751
],
[
0.0,
0.0,
0.0,
1.0
]
],
"at_element": 9,
"to_element": 10
},
{
"pose": [
[
-0.9682414652462688,
-0.07047456626313202,
0.23987872037298721,
22.440892034496382
],
[
-0.12945885662949913,
0.9621325743317001,
-0.2398777060296319,
14.717887575722475
],
[
-0.21388985347122283,
-0.2633139664352788,
-0.9407002103019748,
2.017505726309968
],
[
0.0,
0.0,
0.0,
1.0
]
],
"at_element": 10,
"to_element": 9
},
{
"pose": [
[
-0.26500553302580077,
-0.9339326886542243,
0.23987872045849176,
22.42885650323561
],
[
-0.9483704509341586,
0.2074901778192838,
-0.23987770614098933,
14.729923056090191
],
[
0.17425715268146733,
-0.291062809667628,
-0.9407002102517756,
2.064703855308245
],
[
0.0,
0.0,
0.0,
1.0
]
],
"at_element": 10,
"to_element": 12
},
{
"pose": [
[
0.28413547819813745,
0.9339326886314783,
-0.21687960516077553,
22.475551835803643
],
[
-0.0631236030738338,
-0.20749017777761125,
-0.9761983593823502,
14.719548836433464
],
[
-0.9567039462467439,
0.29106280977031984,
-2.1245494061794545e-06,
2.0792565900676814
],
[
0.0,
0.0,
0.0,
1.0
]
],
"at_element": 12,
"to_element": 10
},
{
"pose": [
[
0.10172525282144473,
0.9654585296379276,
0.2398787203729919,
22.769224113761098
],
[
0.9698684480563867,
-0.04258966558522603,
-0.23987770602962352,
14.389556884832132
],
[
-0.22137562287458168,
0.2570524225419972,
-0.9407002103019759,
0.7299298399080616
],
[
0.0,
0.0,
0.0,
1.0
]
],
"at_element": 10,
"to_element": 14
},
{
"pose": [
[
0.2566532741945846,
-0.9654585296379286,
0.04493244256178991,
22.707174186408707
],
[
-0.014682335215963183,
0.042589665585239245,
0.9989847593521854,
14.392294118565534
],
[
-0.9663920145974954,
-0.25705242254199173,
-0.003244408649951014,
0.7134091052987056
],
[
0.0,
0.0,
0.0,
1.0
]
],
"at_element": 14,
"to_element": 10
},
{
"pose": [
[
0.9857636975803206,
0.16202162861400737,
0.0449324425558979,
22.69556454695618
],
[
-0.04381058880334336,
-0.010492039343285464,
0.9989847593527759,
14.134176548867577
],
[
0.16232857062599534,
-0.9867314269707252,
-0.003244408549738953,
0.7142473952405581
],
[
0.0,
0.0,
0.0,
1.0
]
],
"at_element": 14,
"to_element": 15
},
{
"pose": [
[
0.10298644476084085,
-0.1620216276503928,
0.9813983820900867,
22.68972667342283
],
[
0.9946625921239034,
0.010492038312788221,
-0.10264621260134471,
14.134554592211126
],
[
0.006334037012820759,
0.9867314271399084,
0.16223738986300218,
0.7498007551897464
],
[
0.0,
0.0,
0.0,
1.0
]
],
"at_element": 15,
"to_element": 14
},
{
"pose": [
[
-0.9677618688190524,
-0.00042401351920869426,
0.2518666025347367,
22.758126845538627
],
[
0.048998424744441604,
0.9805760695346487,
0.18992031547083943,
16.95785573527295
],
[
-0.24705489194188968,
0.19613870619669999,
-0.9489433535775811,
0.7548654384733834
],
[
0.0,
0.0,
0.0,
1.0
]
],
"at_element": 11,
"to_element": 13
},
{
"pose": [
[
0.17707895976775045,
0.0004240180945465216,
-0.984196556698014,
22.758148046191913
],
[
0.19311269603758913,
-0.980576070386241,
0.03432283226908711,
16.90882699861959
],
[
-0.9650650385526693,
-0.19613870192935837,
-0.17372127379455082,
0.7450585164802815
],
[
0.0,
0.0,
0.0,
1.0
]
],
"at_element": 13,
"to_element": 11
},
{
"pose": [
[
0.006618741011138685,
-0.9677393279134098,
0.2518666025441429,
22.77464572828083
],
[
-0.9808696240478344,
0.042720659554292384,
0.18992031452034375,
16.9703118186685
],
[
-0.19455326491140545,
-0.24830533312224295,
-0.9489433537653154,
0.6926281913301439
],
[
0.0,
0.0,
0.0,
1.0
]
],
"at_element": 11,
"to_element": 14
},
{
"pose": [
[
-0.2479146401782435,
0.9677393279134725,
0.04493244256517226,
22.82303246595127
],
[
0.014296706961512362,
-0.04272065955003512,
0.9989847593520467,
16.96817579578781
],
[
0.9686763831927301,
0.24830533312273112,
-0.003244408645785679,
0.7050433992991325
],
[
0.0,
0.0,
0.0,
1.0
]
],
"at_element": 14,
"to_element": 11
},
{
"pose": [
[
0.0733137167405844,
0.02858296300622124,
0.9968992492541393,
20.645706925729677
],
[
-0.007470477867754311,
-0.9995454324300226,
0.029208226045192985,
11.969813456379528
],
[
0.9972809488294203,
-0.009588677388706175,
-0.07306686230998705,
1.8742406951530903
],
[
0.0,
0.0,
0.0,
1.0
]
],
"at_element": 20,
"to_element": 25
},
{
"pose": [
[
-0.9475882730905656,
-0.028582963222497954,
-0.3182129458627682,
20.64453055086049
],
[
-0.030148441051761087,
0.9995454324216072,
-5.220219771719277e-06,
12.010951252980906
],
[
0.31806844578390386,
0.009588677621212273,
-0.9480192619657515,
1.8746353316116984
],
[
0.0,
0.0,
0.0,
1.0
]
],
"at_element": 25,
"to_element": 20
},
{
"pose": [
[
0.046552683730812006,
-0.9468755824955978,
-0.31821294585714355,
20.833517268049462
],
[
-0.9987936975797614,
-0.049103458612377304,
-5.220213813939001e-06,
12.010954353270389
],
[
-0.015620413323823107,
0.31782932782536755,
-0.9480192619676395,
2.437664116204539
],
[
0.0,
0.0,
0.0,
1.0
]
],
"at_element": 25,
"to_element": 26
},
{
"pose": [
[
-0.2999273356508658,
0.9468755825001762,
0.11606129671136872,
20.88083775678433
],
[
-0.22182490492511614,
0.04910345860549681,
-0.9738493527789303,
12.013408318398552
],
[
-0.9278131842587363,
-0.3178293278127898,
0.19531311655322647,
2.421780467492191
],
[
0.0,
0.0,
0.0,
1.0
]
],
"at_element": 26,
"to_element": 25
},
{
"pose": [
[
0.06419141132565187,
0.045512080374233085,
0.996899249298559,
18.469685772785837
],
[
0.2351983239293003,
-0.9715084292098788,
0.02920822478348052,
11.906058049546692
],
[
0.9698253508404847,
0.23259411539023028,
-0.0730668622083046,
2.033730270547512
],
[
0.0,
0.0,
0.0,
1.0
]
],
"at_element": 20,
"to_element": 21
},
{
"pose": [
[
-0.9705154214261218,
-0.04551207941223709,
-0.2367033320459415,
18.46790122300735
],
[
0.012169312004105207,
0.9715084290157385,
-0.23669237460619322,
11.944151346406983
],
[
0.2407316444080914,
-0.23259411638935748,
-0.9423100617109159,
2.024610147181507
],
[
0.0,
0.0,
0.0,
1.0
]
],
"at_element": 21,
"to_element": 20
},
{
"pose": [
[
0.05714659058309424,
-0.9698998916344141,
-0.2367033320261461,
18.484686945945402
],
[
-0.9715845051859262,
0.0005187461079804168,
-0.23669237458163842,
11.960936292302245
],
[
0.22969069738965783,
0.2435034519468404,
-0.9423100617220563,
2.0914336915773757
],
[
0.0,
0.0,
0.0,
1.0
]
],
"at_element": 21,
"to_element": 22
},
{
"pose": [
[
-0.243503417577829,
0.9698998916392703,
-0.0005346270189836022,
18.533180986430946
],
[
0.00012934173822437556,
-0.0005187461011413319,
-0.9999998570865885,
11.960910355507401
],
[
-0.9699000303632497,
-0.24350345192751272,
8.6791059472624e-07,
2.0792587585168905
],
[
0.0,
0.0,
0.0,
1.0
]
],
"at_element": 22,
"to_element": 21
},
{
"pose": [
[
0.05836597523612008,
-0.969827276120071,
-0.23670333210214917,
18.08468833496645
],
[
