{
"line_pt_pairs": [
[
[
6.9988785940822815,
2.495797179699978,
0.9465865371945308
],
[
6.9988785940822815,
2.495797179699978,
0.3465865371945307
]
],
[
[
7.023209648100214,
2.4367660047085002,
0.19519203792079315
],
[
6.2959133763862845,
3.1227382363841762,
0.21715178566321758
]
],
[
[
6.4445559766662,
3.111957935399844,
0.1707280938206276
],
[
6.333828228352065,
2.119497162857752,
0.22327312896606832
]
],
[
[
6.156770549798008,
2.137739247434138,
0.18725883802248
],
[
7.044198148879953,
2.5977712812561395,
0.1582280914725569
]
],
[
[
6.986094430719242,
2.529871908334509,
0.7221246707549035
],
[
6.9044778957886415,
2.48462481857083,
0.12942622964522787
]
],
[
[
6.374222799119946,
2.208428642972618,
0.7118721615118829
],
[
6.288638521620598,
2.1657271676438787,
0.11954462083049305
]
],
[
[
6.4235064589873945,
3.108944133650132,
0.6889221007057531
],
[
6.399993450014888,
3.059473619615688,
0.0914274926545785
]
],
[
[
7.106569624349587,
2.4495966687842796,
0.6111808786806467
],
[
6.354300243836849,
3.1060998929250974,
0.5555544835458422
]
],
[
[
6.459584695060014,
3.143686702695024,
0.6080314872346987
],
[
6.381833296195404,
2.1494614139148878,
0.5340666636720659
]
],
[
[
6.268699372856018,
2.119837140730049,
0.6492109188766508
],
[
7.176965584895457,
2.538189801500648,
0.6434196069624359
]
]
],
"contact_id_pairs": [
[
0,
4
],
[
0,
7
],
[
0,
9
],
[
4,
7
],
[
7,
9
],
[
5,
8
],
[
5,
9
],
[
6,
7
],
[
6,
8
],
[
7,
8
],
[
2,
3
],
[
2,
5
],
[
3,
5
],
[
1,
3
],
[
1,
4
],
[
3,
4
],
[
1,
2
],
[
1,
6
],
[
2,
6
]
],
"coupler_pt_pairs": [
[
[
6.9988785940822815,
2.495797179699978,
0.6882050548221926
],
[
6.981423587459689,
2.527282456767902,
0.6882050548221949
]
],
[
[
6.9988785940822815,
2.495797179699978,
0.604968019566869
],
[
7.022549373434381,
2.52292088886799,
0.6049680195668689
]
],
[
[
6.9988785940822815,
2.495797179699978,
0.6444590981247215
],
[
7.013939535806289,
2.463099062125648,
0.6444590981247215
]
],
[
[
6.970399393445329,
2.5211707945101973,
0.6081474707510498
],
[
6.994034580642064,
2.5478056627120407,
0.60285949943812
]
],
[
[
7.066330796547017,
2.4847129726939623,
0.608205427342216
],
[
7.065563030573404,
2.486877141842613,
0.6441299349825333
]
],
[
[
6.349726098286608,
2.1962062430548492,
0.5423308510821774
],
[
6.385300213255078,
2.1937936917280947,
0.5373647382066682
]
],
[
[
6.365040217775844,
2.2038470798377032,
0.6483196494900306
],
[
6.380101927178071,
2.1711498003880836,
0.6485005908565535
]
],
[
[
6.418250801562473,
3.097886421950885,
0.5553693522324992
],
[
6.394539071639419,
3.0709835890154147,
0.5585299348842729
]
],
[
[
6.420240116380222,
3.1020718678342862,
0.605920299527714
],
[
6.45611777800034,
3.0993544248818177,
0.6047334127000964
]
],
[
[
6.454274747973759,
3.0188524440750246,
0.5629470764315655
],
[
6.4496433317590425,
3.016564169298711,
0.5985742788337439
]
],
[
[
6.347067734233864,
2.2381638063647493,
0.2169904192346847
],
[
6.346866733130628,
2.236282873900988,
0.1810401514229804
]
],
[
[
6.339368522631016,
2.169155218981136,
0.2206440232356987
],
[
6.303941949391398,
2.173362669893751,
0.22545942201044977
]
],
[
[
6.28125532311402,
2.202270690345852,
0.1831865216924488
],
[
6.2978211029647,
2.1703087307787934,
0.18309713285234536
]
],
[
[
6.920858311300667,
2.533301870008508,
0.1982824009882695
],
[
6.9197133755639415,
2.5332398383444255,
0.1623004078025881
]
],
[
[
6.938961834003419,
2.5162269662140297,
0.19773578909534056
],
[
6.914619052724184,
2.490246937159425,
0.20307120749016666
]
],
[
[
6.89257678415529,
2.519172548404792,
0.16318813713197605
],
[
6.909148739048194,
2.4872142701374367,
0.16334584557793658
]
],
[
[
6.433682403413145,
2.9927970685260044,
0.21299203234412029
],
[
6.4310818212080925,
2.9911881108625678,
0.17712215477536497
]
],
[
[
6.380161190483078,
3.0432772748786467,
0.21460803448867016
],
[
6.4047177459543185,
3.069413366112946,
0.21147768929034028
]
],
[
[
6.4390156823872475,
3.0622998792764604,
0.1733571995509972
],
[
6.403259792622061,
3.066345885431534,
0.17442929383261768
]
]
],
"half_couplers": [
{
"pose": [
[
0.8745910538782175,
0.4848613084957274,
-3.9883084117014594e-16,
6.9988785940822815
],
[
0.4848613084957274,
-0.8745910538782173,
1.5419764657811793e-15,
2.495797179699978
],
[
3.9883084117014594e-16,
-1.5419764657811793e-15,
-1.0,
0.6882050548221925
],
[
0.0,
0.0,
0.0,
1.0
]
],
"at_element": 0,
"to_element": 4
},
{
"pose": [
[
-0.8639479237368128,
-0.48486130849572756,
-0.13602755821766815,
6.981423587459689
],
[
-0.47896090283302567,
0.8745910538782173,
-0.07541181627279675,
2.527282456767902
],
[
0.15553275741213857,
1.5404344466674047e-15,
-0.9878307351827929,
0.6882050548221926
],
[
0.0,
0.0,
0.0,
1.0
]
],
"at_element": 4,
"to_element": 0
},
{
"pose": [
[
0.7534359605254053,
-0.6575212950066027,
5.782257305461358e-16,
6.9988785940822815
],
[
-0.6575212950066027,
-0.7534359605254051,
1.5419755937037545e-15,
2.495797179699978
],
[
-5.782257305461358e-16,
-1.5419755937037545e-15,
-0.9999999999999998,
0.6049680195668687
],
[
0.0,
0.0,
0.0,
1.0
]
],
"at_element": 0,
"to_element": 7
},
{
"pose": [
[
-0.04191092644895322,
0.6575212950066076,
-0.7522693805127416,
7.022549373434381
],
[
0.03657553936558677,
0.7534359605254011,
0.6565032241408132,
2.5229208888679904
],
[
0.9984516533935466,
-2.9976021664879227e-15,
-0.05562639513480239,
0.6049680195668689
],
[
0.0,
0.0,
0.0,
1.0
]
],
"at_element": 7,
"to_element": 0
},
{
"pose": [
[
-0.9082814437262003,
-0.41835967657345885,
3.3805340604377847e-16,
6.9988785940822815
],
[
-0.41835967657345885,
0.9082814437262003,
-1.5419771021562809e-15,
2.495797179699978
],
[
3.3805340604377847e-16,
-1.5419771021562809e-15,
-1.0,
0.6444590981247214
],
[
0.0,
0.0,
0.0,
1.0
]
],
"at_element": 0,
"to_element": 9
},
{
"pose": [
[
0.005260141146509523,
0.4183596765734574,
0.9082662120394389,
7.013939535806289
],
[
0.0024228513793711215,
-0.9082814437262012,
0.41835266077060074,
2.4630990621256483
],
[
0.9999832302125433,
4.746203430272544e-15,
-0.005791311914214781,
0.6444590981247215
],
[
0.0,
0.0,
0.0,
1.0
]
],
"at_element": 9,
"to_element": 0
},
{
"pose": [
[
0.741930763695472,
-0.65653274502312,
-0.13602755821766707,
6.970399393445328
],
[
-0.6685240455964294,
-0.739857187858455,
-0.07541181627279654,
2.5211707945101978
],
[
-0.051130639949417134,
0.1468880399712172,
-0.9878307351827931,
0.6081474707510498
],
[
0.0,
0.0,
0.0,
1.0
]
],
"at_element": 4,
"to_element": 7
},
{
"pose": [
[
0.05527688355367988,
0.6565327450231135,
-0.7522693805127314,
6.994034580642064
],
[
0.1470199247274651,
0.7398571878584629,
0.6565032241408246,
2.547805662712041
],
[
0.9875877722398771,
-0.14688803997120642,
-0.05562639513480905,
0.60285949943812
],
[
0.0,
0.0,
0.0,
1.0
]
],
"at_element": 7,
"to_element": 4
},
{
"pose": [
[
0.658510357069725,
0.021328121691467306,
-0.7522693805127371,
7.066330796547017
],
[
0.7519236458730085,
-0.06011944335864561,
0.656503224140818,
2.4847129726939627
],
[
-0.031224035756862945,
-0.9979633078201626,
-0.05562639513480616,
0.6082054273422159
],
[
0.0,
0.0,
0.0,
1.0
]
],
"at_element": 7,
"to_element": 9
},
{
"pose": [
[
-0.41784877562659695,
-0.02132812169146281,
0.9082662120394374,
7.065563030573403
],
[
0.9062928355429062,
0.06011944335865571,
0.41835266077060435,
2.486877141842613
],
[
-0.06352713554814848,
0.9979633078201622,
-0.005791311914206787,
0.6441299349825332
],
[
0.0,
0.0,
0.0,
1.0
]
],
"at_element": 9,
"to_element": 7
},
{
"pose": [
[
-0.05634074488831087,
-0.9881697318393872,
-0.14264046249891374,
6.349726098286608
],
[
-0.9952104824310204,
0.06701530592456728,
-0.07116912554789782,
2.1962062430548492
],
[
0.07988626993949635,
0.13794756195130953,
-0.9872125678023167,
0.5423308510821775
],
[
0.0,
0.0,
0.0,
1.0
]
],
"at_element": 5,
"to_element": 8
},
{
"pose": [
[
-0.13219417933885547,
0.988169731839386,
-0.07775139886460497,
6.3853002132550785
],
[
0.08381541577711815,
-0.06701530592457372,
-0.9942252887801359,
2.1937936917280947
],
[
-0.9876738707827779,
-0.13794756195131574,
-0.07396482356264023,
0.5373647382066682
],
[
0.0,
0.0,
0.0,
1.0
]
],
"at_element": 8,
"to_element": 5
},
{
"pose": [
[
-0.8970012145710204,
-0.4183808307226925,
-0.14264046249891332,
6.365040217775844
],
[
-0.41231388196509045,
0.908257792869197,
-0.07116912554789746,
2.2038470798377032
],
[
0.1593301095116414,
-0.005026149238198621,
-0.9872125678023167,
0.6483196494900306
],
[
0.0,
0.0,
0.0,
1.0
]
],
"at_element": 5,
"to_element": 9
},
{
"pose": [
[
0.0031573012697957425,
0.41838083072269794,
0.9082662120394421,
6.380101927178071
],
[
0.006988055419361067,
-0.9082577928691946,
0.4183526607705935,
2.1711498003880836
],
[
0.9999705988328594,
0.005026149238191363,
-0.005791311914216335,
0.6485005908565535
],
[
0.0,
0.0,
0.0,
1.0
]
],
"at_element": 9,
"to_element": 5
},
{
"pose": [
[
-0.7514197593994001,
0.6586597137692917,
-0.03918834828751081,
6.418250801562474
],
[
0.6593498824470082,
0.7473015380303878,
-0.08245085672407236,
3.097886421950885
],
[
-0.02502154474178301,
-0.08779403575853949,
-0.9958243467519581,
0.5553693522324992
],
[
0.0,
0.0,
0.0,
1.0
]
],
"at_element": 6,
"to_element": 7
},
{
"pose": [
[
-0.01606737689648785,
-0.6586597137692928,
-0.7522693805127386,
6.394539071639419
],
[
-0.10268363039029627,
-0.7473015380303869,
0.6565032241408163,
3.0709835890154142
],
[
-0.994584290771544,
0.08779403575853717,
-0.05562639513480483,
0.5585299348842729
],
[
0.0,
0.0,
0.0,
1.0
]
],
"at_element": 7,
"to_element": 6
},
{
"pose": [
[
-0.07245100607194455,
-0.9966017886185335,
-0.03918834828750918,
6.420240116380221
],
[
-0.9937323289553776,
0.07548453228567786,
-0.08245085672407503,
3.102071867834286
],
[
0.08512878542587449,
0.032969081090508,
-0.9958243467519576,
0.6059202995277139
],
[
0.0,
0.0,
0.0,
1.0
]
],
"at_element": 6,
"to_element": 8
},
{
"pose": [
[
-0.027195494055816782,
0.9966017886185321,
-0.07775139886460003,
6.4561177780003405
],
[
0.07627686763143243,
-0.07548453228568741,
-0.9942252887801373,
3.0993544248818177
],
[
-0.996715729065914,
-0.03296908109051694,
-0.07396482356262268,
0.6047334127000963
],
[
0.0,
0.0,
0.0,
1.0
]
],
"at_element": 8,
"to_element": 6
},
{
"pose": [
[
0.6461730677321811,
0.12865125603959843,
-0.7522693805127361,
6.454274747973759
],
[
0.7516403310045665,
0.063563586274339,
0.6565032241408189,
3.0188524440750246
],
[
0.1322769040495272,
-0.9896507084923338,
-0.05562639513480816,
0.5629470764315655
],
[
0.0,
0.0,
0.0,
1.0
]
],
"at_element": 7,
"to_element": 8
},
{
"pose": [
[
0.9886372308860463,
-0.12865125603959998,
-0.07775139886461079,
6.4496433317590425
],
[
-0.08646239442671219,
-0.06356358627433512,
-0.994225288780136,
3.016564169298711
],
[
0.1229661744382176,
0.9896507084923339,
-0.07396482356263268,
0.5985742788337439
],
[
0.0,
0.0,
0.0,
1.0
]
],
"at_element": 8,
"to_element": 7
},
{
"pose": [
[
0.9938350928607341,
0.00558336384068802,
-0.11072774831413487,
6.347067734233864
],
[
-0.11086815881653092,
0.05224812270107304,
-0.9924607725420921,
2.2381638063647498
],
[
0.00024404738961764094,
0.9986185256254944,
0.052545035145439845,
0.21699041923468473
],
[
0.0,
0.0,
0.0,
1.0
]
],
"at_element": 2,
"to_element": 3
},
{
"pose": [
[
0.4609133133636709,
-0.005583363840685862,
0.8874275990819448,
6.346866733130628
],
[
-0.8863637298151392,
-0.05224812270106871,
0.46003203382200336,
2.2362828739009886
],
[
0.043797899861949374,
-0.9986185256254945,
-0.029030746549926434,
0.18104015142298038
],
[
0.0,
0.0,
0.0,
1.0
]
],
"at_element": 3,
"to_element": 2
},
{
"pose": [
[
-0.13889735231357436,
0.9840969928180656,
-0.11072774831413851,
6.339368522631016
],
[
-0.03689796419220337,
-0.11687666663464569,
-0.9924607725420914,
2.169155218981136
],
[
-0.9896191518754829,
-0.13376454508880264,
0.052545035145444396,
0.2206440232356987
],
[
0.0,
0.0,
0.0,
1.0
]
],
"at_element": 2,
"to_element": 5
},
{
"pose": [
[
-0.10586220848128591,
-0.9840969928180657,
-0.14264046249891524,
6.303941949391398
],
[
-0.9905931558238835,
0.11687666663464957,
-0.07116912554789609,
2.1733626698937516
],
[
0.08670866421727388,
0.13376454508879657,
-0.9872125678023165,
0.22545942201044994
],
[
0.0,
0.0,
0.0,
1.0
]
],
"at_element": 5,
"to_element": 2
},
{
"pose": [
[
-0.026916703064436387,
-0.4601605670674018,
0.8874275990819466,
6.281255323114021
],
[
-0.01115530128210579,
0.8878322404096956,
0.4600320338220003,
2.202270690345852
],
[
-0.9995754350470235,
0.002483023420700725,
-0.02903074654992266,
0.1831865216924488
],
[
0.0,
0.0,
0.0,
1.0
]
],
"at_element": 3,
"to_element": 5
},
{
"pose": [
[
0.8763024312269736,
0.4601605670674002,
-0.14264046249891288,
6.297821102964701
],
[
0.45463047462510303,
-0.8878322404096965,
-0.07116912554789925,
2.1703087307787934
],
[
-0.15939002656329743,
-0.00248302342070314,
-0.9872125678023167,
0.1830971328523455
],
[
0.0,
0.0,
0.0,
1.0
]
],
"at_element": 5,
"to_element": 3
},
{
"pose": [
[
-0.6855863678778613,
0.031803542743888746,
-0.727296271713928,
6.920858311300666
],
[
-0.7276256787199473,
0.0017230894423396759,
0.6859722316756779,
2.533301870008508
],
[
0.023069543718461316,
0.9994926541159327,
0.02195974774241849,
0.1982824009882695
],
[
0.0,
0.0,
0.0,
1.0
]
],
"at_element": 1,
"to_element": 3
},
{
"pose": [
[
0.45984866103598043,
-0.03180354274389319,
0.8874275990819496,
6.9197133755639415
],
[
-0.8879006469309346,
-0.0017230894423576615,
0.4600320338219956,
2.533239838344426
],
[
-0.013101531324383131,
-0.9994926541159326,
-0.02903074654991178,
0.16230040780258806
],
[
0.0,
0.0,
0.0,
1.0
]
],
"at_element": 3,
"to_element": 1
},
{
"pose": [
[
0.11751290003365922,
0.6761884733391181,
-0.7272962717139366,
6.938961834003418
],
[
0.09294080798024384,
0.7216675852370553,
0.6859722316756685,
2.5162269662140297
],
[
0.988712660249508,
-0.14820608942088126,
0.021959747742429037,
0.19773578909534056
],
[
0.0,
0.0,
0.0,
1.0
]
],
"at_element": 1,
"to_element": 4
},
{
"pose": [
[
0.7240619116682363,
-0.6761884733391114,
-0.1360275582176682,
6.914619052724184
],
[
-0.6881198691976148,
-0.721667585237064,
-0.07541181627279958,
2.490246937159425
],
[
-0.04717407854740485,
0.14820608942086985,
-0.9878307351827926,
0.20307120749016666
],
[
0.0,
0.0,
0.0,
1.0
]
],
"at_element": 4,
"to_element": 1
},
{
"pose": [
[
-0.023756286726594134,
-0.46033454707269644,
0.8874275990819414,
6.892576784155289
],
[
-0.017251510495040923,
0.8877347088197153,
0.46003203382200974,
2.519172548404792
],
[
-0.9995689191979724,
-0.004380813640257025,
-0.029030746549925324,
0.16318813713197605
],
[
0.0,
0.0,
0.0,
1.0
]
],
"at_element": 3,
"to_element": 4
},
{
"pose": [
[
0.8772619951740225,
0.46033454707270494,
-0.1360275582176676,
6.909148739048194
],
[
0.45413670268237605,
-0.887734708819711,
-0.07541181627279875,
2.4872142701374367
],
[
-0.15547104907368625,
0.004380813640265747,
-0.9878307351827926,
0.16334584557793644
],
[
0.0,
0.0,
0.0,
1.0
]
],
"at_element": 4,
"to_element": 3
},
{
"pose": [
[
-0.6825113530582145,
0.0722383976681461,
-0.7272962717139311,
6.433682403413145
],
[
-0.7262538185486741,
0.04469327033642356,
0.6859722316756743,
2.992797068526005
],
[
0.08205878374747672,
0.9963855305497838,
0.02195974774241971,
0.21299203234412029
],
[
0.0,
0.0,
0.0,
1.0
]
],
"at_element": 1,
"to_element": 2
},
{
"pose": [
[
-0.9912219628597929,
-0.07223839766814444,
-0.11072774831413483,
6.4310818212080925
],
[
0.11412329539488483,
-0.044693270336432445,
-0.9924607725420922,
2.9911881108625686
],
[
0.06674499076778141,
-0.9963855305497835,
0.052545035145436736,
0.17712215477536497
],
[
0.0,
0.0,
0.0,
1.0
]
],
"at_element": 2,
"to_element": 1
},
{
"pose": [
[
-0.07559325461116506,
-0.682147926045599,
-0.727296271713928,
6.380161190483078
],
[
-0.04826353050459731,
-0.7260252950091495,
0.6859722316756777,
3.043277274878647
],
[
-0.9959700253925936,
0.08695675936099356,
0.021959747742423152,
0.21460803448867016
],
[
0.0,
0.0,
0.0,
1.0
]
],
"at_element": 1,
"to_element": 6
},
{
"pose": [
[
-0.7301633244351453,
0.6821479260456006,
-0.03918834828751115,
6.4047177459543185
],
[
0.6827072046143549,
0.7260252950091477,
-0.08245085672407323,
3.069413366112946
],
[
-0.02779194878864801,
-0.08695675936099562,
-0.9958243467519581,
0.21147768929034022
],
[
0.0,
0.0,
0.0,
1.0
]
],
"at_element": 6,
"to_element": 1
},
{
"pose": [
[
-0.03546131878174963,
0.9932179320891968,
-0.11072774831413712,
6.439015682387248
],
[
-0.04889115895410201,
-0.11238892090094765,
-0.9924607725420918,
3.0622998792764604
],
[
-0.9981744083307205,
-0.02978035989004041,
0.05254503514544262,
0.1733571995509972
],
[
0.0,
0.0,
0.0,
1.0
]
],
"at_element": 2,
"to_element": 6
},
{
"pose": [
[
-0.10946420755186081,
-0.9932179320891966,
-0.039188348287510985,
6.403259792622061
],
[
-0.9902376415205526,
0.11238892090094943,
-0.08245085672407308,
3.0663458854315344
],
[
0.08629600559039043,
0.029780359890038213,
-0.9958243467519579,
0.17442929383261777
],
[
0.0,
0.0,
0.0,
1.0
]
],
"at_element": 6,
"to_element": 2
}
],
"nstatus": 0,
"opt_line_pos": [
[
0.3860863539280359,
-0.1032347187369913,
0.3704553648873813
],
[
0.34945572153854115,
-0.10476797204509788,
-0.40028869430241665
],
[
-0.1763692288167672,
0.4400296837353031,
-0.4227338571621278
],
[
-0.24836430662471617,
-0.3536455047173276,
-0.4168557242172996
],
[
0.3550307789495044,
-0.07928941059523543,
-0.007883522952390901
],
[
-0.25205722351235027,
-0.3973328584656772,
0.021202025403504864
],
[
-0.19475323631199648,
0.4984089088287401,
-0.04733407912285849
],
[
0.40137740432040764,
-0.06879804532771502,
0.007026992727340727
],
[
-0.16187814619373408,
0.4337818037984561,
0.0024617639621539894
],
[
-0.15874569426636273,
-0.39382277978199226,
0.0507077135413742
]
],
"opt_line_orient": [
[
0.0,
0.0,
-1.0
],
[
-0.7272962717139295,
0.6859722316756759,
0.021959747742424464
],
[
-0.11072774831413516,
-0.9924607725420921,
0.05254503514544071
],
[
0.8874275990819461,
0.4600320338220014,
-0.029030746549923072
],
[
-0.1360275582176678,
-0.07541181627279782,
-0.9878307351827927
],
[
-0.14264046249891393,
-0.07116912554789795,
-0.9872125678023166
],
[
-0.039188348287510416,
-0.08245085672407294,
-0.9958243467519576
],
[
-0.7522693805127374,
0.6565032241408179,
-0.05562639513480456
],
[
-0.07775139886461034,
-0.9942252887801362,
-0.07396482356263286
],
[
0.9082662120394397,
0.4183526607705991,
-0.00579131191421486
]
],
"opt_edge_ids": [
[
0,
1
],
[
7,
8
],
[
8,
6
],
[
6,
7
],
[
1,
7
],
[
3,
6
],
[
5,
8
],
[
1,
5
],
[
5,
3
],
[
3,
1
]
],
"opt_parameters": {
"layer_range": [
-1,
2
],
"layers": [
[
7,
8,
6
],
[
14,
12,
13
],
[
10,
9,
11
],
[
5,
4,
3,
1,
2
]
],
"pos_devi": 0.05000000000000003,
"clamp_collision_dist": 0.024,
"contactopt_trust_region_start": 0.05,
"adjustopt_trust_region_start": 0.01,
"clamp_t_bnd": 0.1,
"clamp_gap": 0.016,
"orient_devi": 0.17453292519943295,
"bar_collision_distance": 0.030000000000000006,
"time_out": 50,
"bar_available_lengths": [
0.6,
1.0
],
"opt_tol": 0.001,
"trust_region_lobnd": 1e-06,
"trust_region_upbnd": 1.0,
"contact_ignore_para_tol": 0.0001,
"line_para_tol": 0.0001,
"bigM": 1,
"pos_tol": 1e-06,
"duplicate_vertices_tol": 0.001,
"bar_contact_distance_tol": 0,
"bar_contact_distance": 0.018000000000000002,
"fixed_contact_pairs": [
[
0,
4
],
[
0,
7
],
[
0,
9
],
[
4,
7
],
[
7,
9
],
[
5,
8
],
[
5,
9
],
[
6,
7
],
[
6,
8
],
[
7,
8
],
[
2,
3
],
[
2,
5
],
[
3,
5
],
[
1,
3
],
[
1,
4
],
[
3,
4
],
[
1,
2
],
[
1,
6
],
[
2,
6
]
],
"debug_mode": 0
}
}