{
"contact_id_pairs": [
[
1,
7
],
[
1,
8
],
[
7,
8
],
[
7,
11
],
[
0,
5
],
[
0,
7
],
[
11,
12
],
[
11,
13
],
[
9,
13
],
[
9,
14
],
[
10,
12
],
[
10,
14
],
[
2,
6
],
[
2,
8
],
[
6,
8
],
[
6,
10
],
[
1,
2
],
[
1,
4
],
[
2,
4
],
[
2,
9
],
[
0,
3
],
[
0,
6
],
[
3,
4
],
[
3,
5
]
],
"contact_t_bound_pairs": [
[
[
0.6,
0.9
],
[
0.1,
0.4
]
],
[
[
0.6,
0.9
],
[
0.1,
0.4
]
],
[
[
0.1,
0.4
],
[
0.1,
0.4
]
],
[
[
0.1,
0.4
],
[
0.6,
0.9
]
],
[
[
0.1,
0.4
],
[
0.6,
0.9
]
],
[
[
0.1,
0.4
],
[
0.6,
0.9
]
],
[
[
0.1,
0.4
],
[
0.1,
0.4
]
],
[
[
0.1,
0.4
],
[
0.6,
0.9
]
],
[
[
0.1,
0.4
],
[
0.1,
0.4
]
],
[
[
0.1,
0.4
],
[
0.6,
0.9
]
],
[
[
0.1,
0.4
],
[
0.6,
0.9
]
],
[
[
0.1,
0.4
],
[
0.1,
0.4
]
],
[
[
0.1,
0.4
],
[
0.1,
0.4
]
],
[
[
0.1,
0.4
],
[
0.6,
0.9
]
],
[
[
0.1,
0.4
],
[
0.6,
0.9
]
],
[
[
0.1,
0.4
],
[
0.6,
0.9
]
],
[
[
0.1,
0.4
],
[
0.6,
0.9
]
],
[
[
0.1,
0.4
],
[
0.1,
0.4
]
],
[
[
0.6,
0.9
],
[
0.1,
0.4
]
],
[
[
0.6,
0.9
],
[
0.6,
0.9
]
],
[
[
0.6,
0.9
],
[
0.1,
0.4
]
],
[
[
0.6,
0.9
],
[
0.6,
0.9
]
],
[
[
0.6,
0.9
],
[
0.6,
0.9
]
],
[
[
0.6,
0.9
],
[
0.1,
0.4
]
]
],
"line_pt_pairs": [
[
[
13.825917194611213,
1.9891660584943138,
0.0
],
[
14.93594462264062,
4.103605584309835,
0.0
]
],
[
[
15.729189340712797,
2.780846484287605,
0.951986974370838
],
[
13.755672842682232,
2.0720604572789494,
0.8434439972942003
]
],
[
[
14.809519662585679,
4.097244547426822,
0.837432826121256
],
[
15.589233048225362,
2.5230977259581993,
0.9930801118338114
]
],
[
[
14.72325183348151,
4.007100055663758,
0.028838512411589887
],
[
15.61260418564809,
2.6536136262797703,
0.1
]
],
[
[
15.52389595005712,
2.739617793551145,
1.0823084674538148
],
[
15.490207117022445,
2.772493738669424,
-0.016683905037839494
]
],
[
[
15.703588061316502,
2.882672835367409,
0.13924178617273167
],
[
13.750100276666918,
2.1499681430034436,
0.024392663655281602
]
],
[
[
14.929562860306023,
3.9679305634979256,
0.9821962733616524
],
[
14.848725202961186,
3.86515461923107,
-0.11000443093799159
]
],
[
[
13.9647500612187,
2.097530512623577,
0.9848838008578127
],
[
13.969219649860229,
2.1934834083709616,
-0.11091411144809583
]
],
[
[
13.878303774250229,
1.8648978146074364,
0.8228303691208885
],
[
15.068867313846521,
4.166672898728584,
0.8230638064392357
]
],
[
[
15.502221130510714,
2.694007079534963,
1.9680365398568644
],
[
15.476389690685666,
2.66137760445631,
0.8688240699292342
]
],
[
[
14.91126298924746,
3.952743846025361,
1.8635656898472415
],
[
14.886138643632755,
3.9745749357038926,
0.7640693639026035
]
],
[
[
13.937977888814412,
2.1106039603237794,
1.8655782247805284
],
[
13.928644817684459,
2.1125339054068037,
0.7656195123212824
]
],
[
[
13.783795804555782,
1.896994924731007,
1.7590313532702766
],
[
14.997764321019897,
4.202754615702195,
1.727538277592717
]
],
[
[
15.70681783068332,
2.7286662855610233,
1.847769646976679
],
[
13.754092547734968,
2.004690664935482,
1.7184897859448545
]
],
[
[
14.86751361795486,
4.12816951352588,
1.7402068449413877
],
[
15.606133019430215,
2.5478664113533123,
1.8698643739196867
]
]
],
"contact_t_pairs": [
[
0.8999999999378012,
0.12181818002371393
],
[
0.858912956620777,
0.1329032869525107
],
[
0.1466631431534345,
0.10000000009619289
],
[
0.10000000002075915,
0.8999999999715617
],
[
0.11004983516479579,
0.8999999996269837
],
[
0.10000000002592635,
0.8999999999815673
],
[
0.10000000004841117,
0.10000000008516315
],
[
0.121818180061409,
0.8999999998684693
],
[
0.12181818008212683,
0.10000000011050586
],
[
0.1000000000535283,
0.8999999998305899
],
[
0.12181818006242379,
0.8999999999273186
],
[
0.10000000004663508,
0.10000000017973637
],
[
0.10000000012231768,
0.12181818003306354
],
[
0.13740011287560366,
0.8750868700040257
],
[
0.14497856130640036,
0.8999999999245604
],
[
0.1000000000209421,
0.8999999999722128
],
[
0.11440773691422587,
0.8863911054135901
],
[
0.10000000004251704,
0.1271973557040821
],
[
0.8704878821520599,
0.10000000002249629
],
[
0.8999999999020719,
0.8999999999698641
],
[
0.8899501648924378,
0.10000000020505886
],
[
0.8999999999784757,
0.8999999999816223
],
[
0.8999999999576492,
0.8999999999800996
],
[
0.8851951596756475,
0.10000000007012158
]
],
"half_couplers": [
{
"pose": [
[
-0.021202548927159004,
-0.34083460422875766,
-0.9398841548186762,
13.953024492608039
],
[
-0.09339971746881276,
0.9366594510798443,
-0.337558240129834,
2.1429390600239007
],
[
0.9954029057099126,
0.08062781941135971,
-0.051693423578166975,
0.8542982950086153
],
[
0.0,
0.0,
0.0,
1.0
]
],
"at_element": 1,
"to_element": 7
},
{
"pose": [
[
0.9401144943350576,
0.34083460422879186,
0.004063262401306868,
13.965294538372465
],
[
0.3392049768760783,
-0.9366594510798374,
0.08722990522359148,
2.1092193197515283
],
[
0.03353686335419926,
-0.08062781941129496,
-0.9961799202620685,
0.8513956935069216
],
[
0.0,
0.0,
0.0,
1.0
]
],
"at_element": 7,
"to_element": 1
},
{
"pose": [
[
0.3347943336687722,
-0.06730920935549167,
-0.9398841548186785,
14.034110450449482
],
[
-0.9406643363798597,
0.034713697346927974,
-0.3375582401298243,
2.1720609822181065
],
[
0.0553476323461185,
0.9971280908451254,
-0.05169342357819251,
0.8587580050095218
],
[
0.0,
0.0,
0.0,
1.0
]
],
"at_element": 1,
"to_element": 8
},
{
"pose": [
[
0.8856651677414287,
0.06730920935554968,
0.45941993969077755,
14.036533581988394
],
[
-0.4581065905620328,
-0.03471369734676988,
0.8882191795385568,
2.1708112891125286
],
[
0.07573349545067218,
-0.997128090845127,
9.007982774478229e-05,
0.8228613937077943
],
[
0.0,
0.0,
0.0,
1.0
]
],
"at_element": 8,
"to_element": 1
},
{
"pose": [
[
-0.46054665465740663,
-0.887626198792335,
0.004063262401352387,
13.965405585137468
],
[
-0.8840867570649394,
0.45910951810772527,
0.08722990522344638,
2.111603265908562
],
[
-0.07929303163753348,
0.03658116455722531,
-0.9961799202620814,
0.8241706347780565
],
[
0.0,
0.0,
0.0,
1.0
]
],
"at_element": 7,
"to_element": 8
},
{
"pose": [
[
0.0324507354630863,
0.8876261987923013,
0.4594199396907311,
13.997360128324381
],
[
-0.016886073629885312,
-0.45910951810780043,
0.8882191795385809,
2.0950753232409656
],
[
0.9993306811487732,
-0.036581164557101364,
9.007982792064162e-05,
0.8228537128527457
],
[
0.0,
0.0,
0.0,
1.0
]
],
"at_element": 8,
"to_element": 7
},
{
"pose": [
[
0.14506521286541618,
0.9894137526409627,
0.004063262388736534,
13.965197020082947
],
[
0.9855989689267083,
-0.14486412973120077,
0.08722990523800678,
2.107125802200307
],
[
0.08689508885386568,
-0.008649277550764146,
-0.9961799202608579,
0.875304009604474
],
[
0.0,
0.0,
0.0,
1.0
]
],
"at_element": 7,
"to_element": 11
},
{
"pose": [
[
-0.14487386749676312,
-0.9894137526390124,
-0.008484609909571304,
13.92957812479772
],
[
-0.9894500015989035,
0.14486412972924623,
0.0017544952887494905,
2.112340910898446
],
[
-0.000506806136986916,
0.008649277806577385,
-0.9999624658660764,
0.875615383598488
],
[
0.0,
0.0,
0.0,
1.0
]
],
"at_element": 11,
"to_element": 7
},
{
"pose": [
[
0.8823961157886998,
0.07295761752781477,
0.4648163948116294,
13.94807553009425
],
[
-0.46323570806986486,
-0.03830090931938046,
0.8854070923108304,
2.2218597797762407
],
[
0.08240008258506984,
-0.9965993309198906,
-8.881784197001252e-15,
0.0
],
[
0.0,
0.0,
0.0,
1.0
]
],
"at_element": 0,
"to_element": 5
},
{
"pose": [
[
0.347356616027089,
-0.07295761752781754,
-0.9348906713337524,
13.945449055860559
],
[
-0.9357214551936415,
0.03830090931938113,
-0.35065424371537657,
2.223238612513151
],
[
0.06139006102378186,
0.9965993309198904,
-0.05496393378864983,
0.0358775759498672
],
[
0.0,
0.0,
0.0,
1.0
]
],
"at_element": 5,
"to_element": 0
},
{
"pose": [
[
-0.03281712680336457,
-0.8847987089178467,
0.46481639481163284,
13.936919937442934
],
[
0.01722816397258109,
0.4644970088728424,
0.8854070923108289,
2.2006100111306854
],
[
-0.9993128772083877,
0.03706444988792146,
8.881784197001252e-16,
0.0
],
[
0.0,
0.0,
0.0,
1.0
]
],
"at_element": 0,
"to_element": 7
},
{
"pose": [
[
0.4659557217118072,
0.884798708917846,
0.004063262401317838,
13.968772690995994
],
[
0.8812681047121127,
-0.4644970088728446,
0.08722990522350309,
2.1838881187944543
],
[
0.07906828075245921,
-0.03706444988791256,
-0.9961799202620765,
-0.0013343201973064905
],
[
0.0,
0.0,
0.0,
1.0
]
],
"at_element": 7,
"to_element": 0
},
{
"pose": [
[
0.46593987186762653,
0.8847757044557271,
-0.008484610117843922,
13.937044581700967
],
[
0.8848131277091872,
-0.4659427548303785,
0.0017544955296330106,
2.110796954832175
],
[
-0.0024010075937744286,
-0.008324783838032025,
-0.9999624658638868,
1.7555823534813537
],
[
0.0,
0.0,
0.0,
1.0
]
],
"at_element": 11,
"to_element": 12
},
{
"pose": [
[
-0.012996513298419554,
-0.8847757044556328,
0.46583585461739924,
13.905192656305578
],
[
-0.006814381675636472,
0.46594275483056025,
0.8847886264093177,
2.1275708940244913
],
[
-0.9998923216249151,
0.008324783837859895,
-0.012084830556948534,
1.7558820456998385
],
[
0.0,
0.0,
0.0,
1.0
]
],
"at_element": 12,
"to_element": 11
},
{
"pose": [
[
-0.9374960867414603,
-0.3478923665957531,
-0.008484610117993415,
13.936840951074977
],
[
-0.3479183106756036,
0.9375232108284418,
0.0017544955295804938,
2.110839062721412
],
[
0.007344143318481244,
0.004596783912180501,
-0.9999624658638855,
1.7315832562860523
],
[
0.0,
0.0,
0.0,
1.0
]
],
"at_element": 11,
"to_element": 13
},
{
"pose": [
[
0.05649079196594475,
0.34789236659563016,
-0.9358310166304341,
13.949365076286647
],
[
0.025856020586983025,
-0.9375232108284886,
-0.3469606539036473,
2.077088227093261
],
[
-0.9980682625063607,
-0.00459678391189472,
-0.06195654085890756,
1.7314177720650412
],
[
0.0,
0.0,
0.0,
1.0
]
],
"at_element": 13,
"to_element": 11
},
{
"pose": [
[
-0.9377876921946107,
-0.3464141843361154,
-0.023483127113952847,
15.499074391522326
],
[
-0.34570356689201426,
0.9378748001874361,
-0.029663159162763755,
2.6900322162638464
],
[
0.03229997223597586,
-0.019699544769377568,
-0.9992840635822402,
1.834132477246701
],
[
0.0,
0.0,
0.0,
1.0
]
],
"at_element": 9,
"to_element": 13
},
{
"pose": [
[
0.06494244531310678,
0.3464141843360137,
-0.9358310166304431,
15.511545302172696
],
[
0.0030271795573398874,
-0.9378748001874762,
-0.346960653903623,
2.6562687234184654
],
[
-0.9978844196502328,
0.019699544769267552,
-0.06195654085891089,
1.8348416608592102
],
[
0.0,
0.0,
0.0,
1.0
]
],
"at_element": 13,
"to_element": 9
},
{
"pose": [
[
0.4216064398363434,
-0.9064747942604218,
-0.02348312711394733,
15.499637986526828
],
[
-0.9066194620164519,
-0.42090527209989315,
-0.02966315916274781,
2.690744132025351
],
[
0.01700473409151359,
0.0337964389994158,
-0.9992840635822411,
1.8581152928052624
],
[
0.0,
0.0,
0.0,
1.0
]
],
"at_element": 9,
"to_element": 14
},
{
"pose": [
[
0.0006659701526567918,
0.9064747942604281,
0.4222594035119532,
15.53227107915755
],
[
-0.08146201687197674,
0.42090527209988127,
-0.9034393680406422,
2.7058967218382883
],
[
-0.9966762244033445,
-0.03379643899939122,
0.0741235753323789,
1.8568986209998914
],
[
0.0,
0.0,
0.0,
1.0
]
],
"at_element": 14,
"to_element": 9
},
{
"pose": [
[
0.4663539850683359,
0.8843032741420447,
-0.022840314195342725,
14.908202387189416
],
[
0.884571225386515,
-0.4659826883400424,
0.019846445162448247,
3.9554032696387793
],
[
0.006907085425956493,
-0.029459353506935265,
-0.999542114501371,
1.729627048435344
],
[
0.0,
0.0,
0.0,
1.0
]
],
"at_element": 10,
"to_element": 12
},
{
"pose": [
[
-0.0316966227551283,
-0.8843032741421281,
0.4658358546177308,
14.876367469285253
],
[
0.003036567888552888,
0.46598268833989376,
0.8847886264091462,
3.97217864643749
],
[
-0.9994929231172063,
0.029459353506787467,
-0.012084830556728043,
1.730687585162762
],
[
0.0,
0.0,
0.0,
1.0
]
],
"at_element": 12,
"to_element": 10
},
{
"pose": [
[
0.4221244848234439,
-0.9062500975779265,
-0.02284031419531549,
14.908750554684817
],
[
-0.9061164929841022,
-0.42256244480148175,
0.019846445162446363,
3.9549269549942325
],
[
-0.02763730187144849,
0.012318314957539881,
-0.9995421145013714,
1.7536160572015025
],
[
0.0,
0.0,
0.0,
1.0
]
],
"at_element": 10,
"to_element": 14
},
{
"pose": [
[
0.0201929885293215,
0.9062500975779249,
0.42225940351193636,
14.941375558235153
],
[
-0.07237602170401852,
0.42256244480148597,
-0.9034393680406508,
3.9701392030245857
],
[
-0.9971729813309996,
-0.012318314957523557,
0.07412357533236724,
1.7531725978625217
],
[
0.0,
0.0,
0.0,
1.0
]
],
"at_element": 14,
"to_element": 10
},
{
"pose": [
[
0.05729016037273871,
-0.8951211870459623,
0.44212656335702494,
14.887491001245019
],
[
0.12629895294709886,
-0.4327977753758563,
-0.8925999440478227,
3.9398298650874137
],
[
0.9903365145287396,
0.1069773159652887,
0.08825781472442196,
0.85299755471155
],
[
0.0,
0.0,
0.0,
1.0
]
],
"at_element": 2,
"to_element": 6
},
{
"pose": [
[
-0.4397242997643429,
0.8951211870459655,
-0.07348877940325396,
14.919715364010138
],
[
0.8966361695649924,
0.4327977753758506,
-0.09343267660477808,
3.9554105850161574
],
[
-0.05182778815053581,
-0.10697731596528468,
-0.9929097311660748,
0.8491463713330396
],
[
0.0,
0.0,
0.0,
1.0
]
],
"at_element": 6,
"to_element": 2
},
{
"pose": [
[
0.8916743469577065,
-0.09716460750521505,
0.44212656335703826,
14.91665236978319
],
[
0.44805098144913236,
0.05015633467782743,
-0.8925999440478108,
3.88095659647426
],
[
0.06455367534088918,
0.9940037128401701,
0.08825781472447525,
0.8588187807469424
],
[
0.0,
0.0,
0.0,
1.0
]
],
"at_element": 2,
"to_element": 8
},
{
"pose": [
[
0.8828886442031236,
0.09716460750515066,
0.45941993969084566,
14.920150295656462
],
[
-0.4566738783766493,
-0.05015633467813463,
0.8882191795385215,
3.8791509684242644
],
[
0.1093462882113499,
-0.9940037128401609,
9.00798281455728e-05,
0.8230346470531431
],
[
0.0,
0.0,
0.0,
1.0
]
],
"at_element": 8,
"to_element": 2
},
{
"pose": [
[
-0.45394267007035727,
-0.887995186693719,
-0.07348877940326445,
14.917843133044789
],
[
-0.8833528125292682,
0.4593018000608101,
-0.09343267660476753,
3.9530302549612104
],
[
0.11672129576913556,
0.02250344128542823,
-0.9929097311660748,
0.8238505865944529
],
[
0.0,
0.0,
0.0,
1.0
]
],
"at_element": 6,
"to_element": 8
},
{
"pose": [
[
0.019946614328349654,
0.8879951866937532,
0.4594199396908699,
14.949810959797077
],
[
-0.010418520091755312,
-0.4593018000607394,
0.888219179538509,
3.9364953901428246
],
[
0.9997467614430836,
-0.02250344128552012,
9.00798278224979e-05,
0.8230404627073834
],
[
0.0,
0.0,
0.0,
1.0
]
],
"at_element": 8,
"to_element": 6
},
{
"pose": [
[
0.4038034496576105,
0.9118893427091365,
-0.07348877940279688,
14.921479094569845
],
[
0.9075525140705502,
-0.40941271248772804,
-0.09343267660548613,
3.957652969069088
],
[
-0.11528750257004336,
-0.028966489378945137,
-0.9929097311660422,
0.872976202908815
],
[
0.0,
0.0,
0.0,
1.0
]
],
"at_element": 6,
"to_element": 10
},
{
"pose": [
[
-0.40980013018666495,
-0.9118893427091355,
-0.022840314194284318,
14.888651078194924
],
[
-0.9121334055213477,
0.40941271248766553,
0.019846445160810647,
3.972391826735433
],
[
-0.008746646844452045,
0.028966489379852835,
-0.9995421145014278,
0.8740189965276193
],
[
0.0,
0.0,
0.0,
1.0
]
],
"at_element": 10,
"to_element": 6
},
{
"pose": [
[
-0.33282021998457223,
0.07647533386598421,
-0.9398841548188304,
15.503403784410231
],
[
0.9393567305182284,
-0.06052575774655655,
-0.3375582401294766,
2.699755878981119
],
[
-0.08270207977750726,
-0.9952327144740025,
-0.051693423577698905,
0.9395688180055671
],
[
0.0,
0.0,
0.0,
1.0
]
],
"at_element": 1,
"to_element": 2
},
{
"pose": [
[
0.8936865363673225,
-0.07647533386560118,
0.44212656335705847,
15.500650672388609
],
[
0.4467683656382237,
0.06052575774689728,
-0.8925999440477881,
2.70193480626196
],
[
0.041501833462253945,
0.9952327144740112,
0.08825781472460437,
0.9753971957586329
],
[
0.0,
0.0,
0.0,
1.0
]
],
"at_element": 2,
"to_element": 1
},
{
"pose": [
[
0.035575698861264216,
0.3396353120201954,
-0.9398841548188146,
15.53183769082583
],
[
0.0537650894737583,
-0.939767923305852,
-0.33755824012944163,
2.709967881556604
],
[
-0.9979196785335038,
-0.038524085379817885,
-0.05169342357821849,
0.9411326766585593
],
[
0.0,
0.0,
0.0,
1.0
]
],
"at_element": 1,
"to_element": 4
},
{
"pose": [
[
-0.9400584502981388,
-0.339635312019854,
-0.030626211849298195,
15.519610819578354
],
[
-0.3405040443760381,
0.9397679233059634,
0.029887222834482363,
2.743799526836463
],
[
0.018630775255547134,
0.03852408538010202,
-0.999083974978582,
0.9425195437339208
],
[
0.0,
0.0,
0.0,
1.0
]
],
"at_element": 4,
"to_element": 1
},
{
"pose": [
[
-0.02635878079497478,
-0.8965652885591083,
0.4421265633570613,
15.488250716336779
],
[
0.08542516892413266,
-0.4426825955469038,
-0.8925999440478023,
2.726968814610204
],
[
0.9959958610301984,
0.014240890097860504,
0.08825781472444671,
0.972921902223895
],
[
0.0,
0.0,
0.0,
1.0
]
],
"at_element": 2,
"to_element": 4
},
{
"pose": [
[
-0.4418514665571527,
0.8965652885590953,
-0.030626211849321752,
15.520527066752894
],
[
0.896180156838503,
0.442682595546931,
0.02988722283432024,
2.7429053880637126
],
[
0.04035353751791024,
-0.014240890097829573,
-0.999083974978586,
0.9724092301799262
],
[
0.0,
0.0,
0.0,
1.0
]
],
"at_element": 4,
"to_element": 2
},
{
"pose": [
[
0.008416016474140253,
0.8969131912514205,
0.44212656335703254,
15.511261709585039
],
[
-0.09426477500369512,
0.44088489663327535,
-0.8925999440478187,
2.6805124082592147
],
[
-0.9955115885112589,
-0.03416482518408431,
0.08825781472442651,
0.9775153832473136
],
[
0.0,
0.0,
0.0,
1.0
]
],
"at_element": 2,
"to_element": 9
},
{
"pose": [
[
0.44158268772693876,
-0.8969131912514189,
-0.023483127113923315,
15.478972834668948
],
[
-0.8970733553668587,
-0.440884896633275,
-0.02966315916270897,
2.664640551965159
],
[
0.016251922676975936,
0.03416482518413465,
-0.9992840635822429,
0.978745316955123
],
[
0.0,
0.0,
0.0,
1.0
]
],
"at_element": 9,
"to_element": 2
},
{
"pose": [
[
0.884291999301777,
0.04442273162678009,
0.4648163948116298,
14.813786287221111
],
[
-0.4642309991028657,
-0.02332081382876705,
0.8854070923108303,
3.8709118631489248
],
[
0.0501720982501323,
-0.9987405872183123,
-6.217248937900877e-15,
0.0
],
[
0.0,
0.0,
0.0,
1.0
]
],
"at_element": 0,
"to_element": 3
},
{
"pose": [
[
0.8348952065261344,
-0.04442273162677868,
0.5486133565950602,
14.812187068880538
],
[
0.5498724626777041,
0.0233208138287736,
-0.8349229991029835,
3.871751412447815
],
[
0.024295450365045046,
0.998740587218312,
0.04389727251641895,
0.03595466118502319
],
[
0.0,
0.0,
0.0,
1.0
]
],
"at_element": 3,
"to_element": 0
},
{
"pose": [
[
-0.019291064951374448,
-0.8851969125157247,
0.4648163948116182,
14.824941879813785
],
[
0.010127322607461187,
0.4647060557196071,
0.8854070923108364,
3.892161631682771
],
[
-0.9997626178997923,
0.02178779130967018,
-8.659739592076221e-15,
0.0
],
[
0.0,
0.0,
0.0,
1.0
]
],
"at_element": 0,
"to_element": 6
},
{
"pose": [
[
0.4593754731964217,
0.8851969125157314,
-0.07348877940325396,
14.856808968697155
],
[
0.8805217866242733,
-0.4647060557195948,
-0.09343267660478469,
3.8754322136596446
],
[
-0.11685699767476979,
-0.02178779130965909,
-0.992909731166074,
-0.0007843604879550214
],
[
0.0,
0.0,
0.0,
1.0
]
],
"at_element": 6,
"to_element": 0
},
{
"pose": [
[
0.01640219169328816,
0.8359152786456052,
0.5486133565950585,
15.523668950393768
],
[
-0.04174592581860165,
0.5487812526375382,
-0.8349229991029845,
2.7889622692754905
],
[
-0.9989936164887162,
-0.00920780540708932,
0.04389727251641884,
0.09288385123814524
],
[
0.0,
0.0,
0.0,
1.0
]
],
"at_element": 3,
"to_element": 4
},
{
"pose": [
[
0.5480033595468199,
-0.8359152786456064,
-0.030626211849281715,
15.493576000326582
],
[
-0.8354315595336487,
-0.5487812526375364,
0.02988722283438451,
2.769206144156942
],
[
-0.04179027710573924,
0.009207805407086196,
-0.9990839749785856,
0.09321533223319631
],
[
0.0,
0.0,
0.0,
1.0
]
],
"at_element": 4,
"to_element": 3
},
{
"pose": [
[
-0.8337098096777829,
0.06285967079562707,
0.548613356595061,
15.51050223086552
],
[
-0.5502535091923622,
-0.011165177579055552,
-0.8349229991029825,
2.809000419686377
],
[
-0.046357619314685405,
-0.9979599193339848,
0.043897272516423835,
0.09183031678016919
],
[
0.0,
0.0,
0.0,
1.0
]
],
"at_element": 3,
"to_element": 5
},
{
"pose": [
[
0.34932519869112877,
-0.06285967079562715,
-0.9348906713337495,
15.508239282714563
],
[
-0.9364384337339113,
0.011165177579061103,
-0.3506542437153829,
2.809402366079634
],
[
0.0324802306854875,
0.9979599193339849,
-0.05496393378865916,
0.12775687391293328
],
[
0.0,
0.0,
0.0,
1.0
]
],
"at_element": 5,
"to_element": 3
}
],
"contact_residues": [
2.57466135358676e-12,
2.2602550229521414e-12,
2.4647905921814274e-12,
3.014312136462072e-12,
2.655108205188562e-12,
2.6053751898954173e-12,
2.8130923246571484e-12,
2.93690834015686e-12,
2.9659085450128463e-12,
2.965591286921824e-12,
2.8536623750200918e-12,
2.981625554363703e-12,
2.5298928460788e-12,
2.2854220979687964e-12,
2.539037135767149e-12,
2.8079169613386064e-12,
2.315158396403336e-12,
3.1293056388406078e-12,
2.2501087382139672e-12,
2.489843289190138e-12,
3.2559047522382407e-12,
2.6680818320099768e-12,
3.0949424315207212e-12,
2.6507306697034086e-12
],
"collision_dists": [
0.01,
0.01,
0.01,
0.01,
0.01,
0.01,
0.01,
0.01,
0.01,
0.01,
0.01,
0.01,
0.01,
0.01,
0.01,
0.01,
0.01,
0.01,
0.01,
0.01,
0.01,
0.01,
0.01,
0.01,
0.01,
0.01,
0.01,
0.01,
0.01,
0.01,
0.01,
0.01,
0.01,
0.01,
0.01,
0.01,
0.025,
0.025,
0.025,
0.025,
0.025,
0.025,
0.025,
0.025,
0.025,
0.025,
0.025,
0.025,
0.025,
0.025,
0.025,
0.025,
0.025,
0.025,
0.025,
0.025,
0.025,
0.025,
0.025,
0.025,
0.025,
0.025,
0.025,
0.025,
0.025,
0.025,
0.025,
0.025,
0.025,
0.025,
0.025,
0.025
],
"collision_id_pairs": [
[
0,
3
],
[
0,
5
],
[
0,
6
],
[
0,
7
],
[
1,
2
],
[
1,
4
],
[
1,
7
],
[
1,
8
],
[
1,
9
],
[
1,
11
],
[
2,
4
],
[
2,
6
],
[
2,
8
],
[
2,
9
],
[
2,
10
],
[
3,
4
],
[
3,
5
],
[
3,
6
],
[
4,
5
],
[
4,
9
],
[
5,
7
],
[
6,
8
],
[
6,
10
],
[
7,
8
],
[
7,
11
],
[
8,
10
],
[
8,
11
],
[
9,
13
],
[
9,
14
],
[
10,
12
],
[
10,
14
],
[
11,
12
],
[
11,
13
],
[
12,
13
],
[
12,
14
],
[
13,
14
]
],
"collision_t_pairs": [
[
[
0.8899501648923466,
0.11004983510765345
],
[
0.10000000020521821,
0.8999999997947817
]
],
[
[
0.11004983516496632,
0.8899501648350336
],
[
0.8999999996267819,
0.1000000003732182
]
],
[
[
0.8999999999784428,
0.10000000002155722
],
[
0.899999999981426,
0.10000000001857412
]
],
[
[
0.10000000002596254,
0.8999999999740375
],
[
0.8999999999813688,
0.10000000001863116
]
],
[
[
0.11440773691428163,
0.8855922630857184
],
[
0.8863911054135134,
0.11360889458648658
]
],
[
[
0.10000000004257921,
0.8999999999574206
],
[
0.12719735570424504,
0.8728026442957549
]
],
[
[
0.8999999999377467,
0.10000000006225329
],
[
0.12181818002387483,
0.8781818199761252
]
],
[
[
0.8589129566206452,
0.14108704337935485
],
[
0.13290328695261527,
0.8670967130473848
]
],
[
[
0.13164192190252935,
0.8683580780974707
],
[
0.9368758796780277,
0.06312412032197234
]
],
[
[
0.915539076855354,
0.08446092314464605
],
[
0.9209986403478179,
0.07900135965218218
]
],
[
[
0.8704878821519834,
0.12951211784801667
],
[
0.10000000002271668,
0.8999999999772833
]
],
[
[
0.10000000012239368,
0.8999999998776064
],
[
0.12181818003322187,
0.8781818199667781
]
],
[
[
0.13740011287572554,
0.8625998871242745
],
[
0.8750868700039484,
0.12491312999605168
]
],
[
[
0.8999999999020011,
0.10000000009799885
],
[
0.8999999999696676,
0.10000000003033234
]
],
[
[
0.08329546868878532,
0.9167045313112147
],
[
0.9216456885466753,
0.07835431145332472
]
],
[
[
0.8999999999575662,
0.10000000004243374
],
[
0.8999999999799053,
0.10000000002009474
]
],
[
[
0.8851951596755459,
0.11480484032445416
],
[
0.10000000007019581,
0.8999999999298042
]
],
[
[
0.11233032437685068,
0.8876696756231494
],
[
0.8700243399266505,
0.12997566007334957
]
],
[
[
0.8711300333270283,
0.12886996667297168
],
[
0.11310421848496202,
0.886895781515038
]
],
[
[
1.2748933458705156e-11,
0.9999999999872511
],
[
0.8029381791199097,
0.19706182088009036
]
],
[
[
0.8968169381274449,
0.10318306187255512
],
[
0.8692114161939433,
0.13078858380605674
]
],
[
[
0.14497856130654432,
0.8550214386934557
],
[
0.8999999999245163,
0.10000000007548379
]
],
[
[
0.10000000002104456,
0.8999999999789554
],
[
0.8999999999721098,
0.10000000002789029
]
],
[
[
0.14666314315357223,
0.8533368568464278
],
[
0.1000000000962344,
0.8999999999037657
]
],
[
[
0.10000000002158152,
0.8999999999784185
],
[
0.8999999999721808,
0.10000000002781925
]
],
[
[
0.9015955294687876,
0.09840447053121246
],
[
0.9444318106158982,
0.055568189384101935
]
],
[
[
0.09385408106126718,
0.9061459189387329
],
[
0.9474481741097642,
0.05255182589023575
]
],
[
[
0.12181818008230129,
0.8781818199176987
],
[
0.10000000011057136,
0.8999999998894287
]
],
[
[
0.100000000053741,
0.899999999946259
],
[
0.8999999998305013,
0.10000000016949881
]
],
[
[
0.12181818006258496,
0.8781818199374151
],
[
0.8999999999272833,
0.10000000007271669
]
],
[
[
0.10000000004682864,
0.8999999999531714
],
[
0.10000000017980493,
0.8999999998201951
]
],
[
[
0.10000000004861667,
0.8999999999513835
],
[
0.10000000008520045,
0.8999999999147996
]
],
[
[
0.12181818006156504,
0.8781818199384349
],
[
0.899999999868418,
0.10000000013158193
]
],
[
[
0.06552890013720082,
0.9344710998627991
],
[
0.9426422067761981,
0.05735779322380196
]
],
[
[
0.9283042897464744,
0.07169571025352565
],
[
0.0568504382596367,
0.9431495617403634
]
],
[
[
0.08022566624704694,
0.919774333752953
],
[
0.9217298841290332,
0.07827011587096684
]
]
],
"collision_dual_t_pairs": [
[
[
3.130206328840597e-14,
2.5313327025509897e-13
],
[
2.7857272607054665e-13,
3.095252954759185e-14
]
],
[
[
2.5313326198621544e-13,
3.130206341484909e-14
],
[
3.0952529910236637e-14,
2.785726966964907e-13
]
],
[
[
3.0952529151212395e-14,
2.785727581772196e-13
],
[
3.0952529144416225e-14,
2.78572758727697e-13
]
],
[
[
2.7857275740680105e-13,
3.095252916072356e-14
],
[
3.095252914453497e-14,
2.7857275871808265e-13
]
],
[
[
2.4349113202795797e-13,
3.145609806739824e-14
],
[
3.1427749948866175e-14,
2.4520317769042597e-13
]
],
[
[
2.7857275450156664e-13,
3.0952529196590804e-14
],
[
2.1900824968305784e-13,
3.19170401745282e-14
]
],
[
[
3.0952529239165766e-14,
2.785727510530022e-13
],
[
2.2867912466675576e-13,
3.172153619816137e-14
]
],
[
[
3.243317860145645e-14,
1.9744739589241802e-13
],
[
2.0960561242256637e-13,
3.2127069541841976e-14
]
],
[
[
2.1161393564633106e-13,
3.208040388541923e-14
],
[
2.9734221757297035e-14,
4.413097770292111e-13
]
],
[
[
3.0427144838529165e-14,
3.298290693885274e-13
],
[
3.024680797880301e-14,
3.526187387710396e-13
]
],
[
[
3.200191429974403e-14,
2.150938496209092e-13
],
[
2.7857275800707245e-13,
3.095252915331286e-14
]
],
[
[
2.7857274054676475e-13,
3.0952529368872573e-14
],
[
2.286791235593031e-13,
3.172153621947117e-14
]
],
[
[
2.0274560878711865e-13,
3.229455240050061e-14
],
[
3.183372698937786e-14,
2.2301317700780695e-13
]
],
[
[
3.095252931617515e-14,
2.7857274481524774e-13
],
[
3.095252916981467e-14,
2.785727566704326e-13
]
],
[
[
3.3443964093890296e-13,
3.038849757629737e-14
],
[
3.022557977983796e-14,
3.5552972566017216e-13
]
],
[
[
3.095252919619458e-14,
2.785727545336619e-13
],
[
3.095252914770657e-14,
2.7857275846118653e-13
]
],
[
[
3.147020881751428e-14,
2.4264894763782883e-13
],
[
2.7857274967628285e-13,
3.095252925616235e-14
]
],
[
[
2.479942409570011e-13,
3.1382480776773356e-14
],
[
3.201896188156163e-14,
2.14326869352141e-13
]
],
[
[
3.197832254327285e-14,
2.1616572294330288e-13
],
[
2.4629737523927327e-13,
3.140986493760401e-14
]
],
[
[
0.004369988338961549,
2.7857276205436702e-14
],
[
3.4694175942754984e-14,
1.413630851885927e-13
]
],
[
[
3.1062388676448777e-14,
2.699791490688551e-13
],
[
3.2048906496303553e-14,
2.1299474802346344e-13
]
],
[
[
1.921475587938883e-13,
3.2580792550081527e-14
],
[
3.095252926764796e-14,
2.7857274874593246e-13
]
],
[
[
2.785727582963417e-13,
3.0952529149741605e-14
],
[
3.095252916527931e-14,
2.785727570377977e-13
]
],
[
[
1.89940536738223e-13,
3.264511075754169e-14
],
[
2.785727451181962e-13,
3.0952529312435066e-14
]
],
[
[
2.7857270022695893e-13,
3.095252986665355e-14
],
[
3.0952528446926264e-14,
2.785728152247936e-13
]
],
[
[
3.089775553654311e-14,
2.8308934641079485e-13
],
[
2.9496334935876246e-14,
5.013167180460847e-13
]
],
[
[
2.968152260648553e-13,
3.0742589074591416e-14
],
[
2.9402436697303256e-14,
5.300884918754706e-13
]
],
[
[
2.2867911800153795e-13,
3.172153632641536e-14
],
[
2.785727426129957e-13,
3.095252934336346e-14
]
],
[
[
2.785727525779436e-13,
3.095252922033913e-14
],
[
3.095252947062407e-14,
2.785727323049132e-13
]
],
[
[
2.2867912009349145e-13,
3.172153628616139e-14
],
[
3.0952529261696946e-14,
2.7857274922796873e-13
]
],
[
[
2.785727537847064e-13,
3.095252920544099e-14
],
[
2.7857273050235904e-13,
3.0952529492877973e-14
]
],
[
[
2.785727534741227e-13,
3.095252920927518e-14
],
[
2.7857274704291945e-13,
3.095252928867301e-14
]
],
[
[
2.286791202058709e-13,
3.172153628399893e-14
],
[
3.0952529388825074e-14,
2.7857273893061054e-13
]
],
[
[
4.251140068760413e-13,
2.981074300059262e-14
],
[
2.955233621091893e-14,
4.856745979595818e-13
]
],
[
[
3.000877573917866e-14,
3.88548887215076e-13
],
[
4.900101025020169e-13,
2.953643467343666e-14
]
],
[
[
3.472365458036353e-13,
3.028707646874924e-14
],
[
3.0222820091411554e-14,
3.559119945590626e-13
]
]
],
"clamp_dist": 0.024,
"clamp_gap": 0.016,
"radius": [
0.01,
0.01,
0.01,
0.01,
0.01,
0.01,
0.01,
0.01,
0.01,
0.01,
0.01,
0.01,
0.01,
0.01,
0.01
],
"boundary_vertices": [
true,
true,
false,
false,
false,
false,
false,
true,
false,
false,
false,
false,
false,
false,
false,
false,
false,
false,
false,
false,
false,
false,
false,
false,
false,
false,
false,
false,
false,
false
],
"nstatus": 0,
"config": {
"weights": [
1.0,
10.0,
0.0
],
"shape_deviation": 0.4,
"length_deviation_ratio": 0.1
}
}