{
"contact_id_pairs": [
[
0,
3
],
[
0,
8
],
[
3,
8
],
[
14,
1
],
[
14,
3
],
[
1,
3
],
[
9,
15
],
[
9,
1
],
[
15,
1
],
[
2,
10
],
[
2,
16
],
[
10,
16
],
[
4,
6
],
[
4,
9
],
[
6,
9
],
[
5,
6
],
[
5,
10
],
[
6,
10
],
[
4,
7
],
[
4,
8
],
[
7,
8
],
[
11,
12
],
[
11,
15
],
[
12,
15
],
[
11,
13
],
[
11,
14
],
[
13,
14
],
[
5,
7
],
[
5,
17
],
[
7,
17
],
[
12,
16
],
[
12,
18
],
[
16,
18
],
[
0,
2
],
[
0,
17
],
[
2,
17
]
],
"contact_t_bound_pairs": [
[
[
0.6,
0.9
],
[
0.1,
0.4
]
],
[
[
0.6,
0.9
],
[
0.6,
0.9
]
],
[
[
0.1,
0.4
],
[
0.6,
0.9
]
],
[
[
0.6,
0.9
],
[
0.6,
0.9
]
],
[
[
0.6,
0.9
],
[
0.1,
0.4
]
],
[
[
0.6,
0.9
],
[
0.6,
0.9
]
],
[
[
0.1,
0.4
],
[
0.1,
0.4
]
],
[
[
0.1,
0.4
],
[
0.6,
0.9
]
],
[
[
0.1,
0.4
],
[
0.6,
0.9
]
],
[
[
0.6,
0.9
],
[
0.6,
0.9
]
],
[
[
0.6,
0.9
],
[
0.6,
0.9
]
],
[
[
0.6,
0.9
],
[
0.6,
0.9
]
],
[
[
0.6,
0.9
],
[
0.6,
0.9
]
],
[
[
0.6,
0.9
],
[
0.6,
0.9
]
],
[
[
0.6,
0.9
],
[
0.6,
0.9
]
],
[
[
0.6,
0.9
],
[
0.1,
0.4
]
],
[
[
0.6,
0.9
],
[
0.1,
0.4
]
],
[
[
0.1,
0.4
],
[
0.1,
0.4
]
],
[
[
0.1,
0.4
],
[
0.6,
0.9
]
],
[
[
0.1,
0.4
],
[
0.1,
0.4
]
],
[
[
0.6,
0.9
],
[
0.1,
0.4
]
],
[
[
0.6,
0.9
],
[
0.6,
0.9
]
],
[
[
0.6,
0.9
],
[
0.6,
0.9
]
],
[
[
0.6,
0.9
],
[
0.6,
0.9
]
],
[
[
0.1,
0.4
],
[
0.6,
0.9
]
],
[
[
0.1,
0.4
],
[
0.1,
0.4
]
],
[
[
0.6,
0.9
],
[
0.1,
0.4
]
],
[
[
0.1,
0.4
],
[
0.1,
0.4
]
],
[
[
0.1,
0.4
],
[
0.6,
0.9
]
],
[
[
0.1,
0.4
],
[
0.6,
0.9
]
],
[
[
0.1,
0.4
],
[
0.1,
0.4
]
],
[
[
0.1,
0.4
],
[
0.6,
0.9
]
],
[
[
0.1,
0.4
],
[
0.6,
0.9
]
],
[
[
0.1,
0.4
],
[
0.1,
0.4
]
],
[
[
0.1,
0.4
],
[
0.1,
0.4
]
],
[
[
0.1,
0.4
],
[
0.1,
0.4
]
]
],
"line_pt_pairs": [
[
[
1.008742880560012,
4.644204682323825,
0.9040071943193594
],
[
1.208742878562198,
4.844204680416237,
0.0
]
],
[
[
1.4087428746173356,
2.0442046783019574,
1.0140417804793933
],
[
1.208742878562198,
1.844204680416237,
0.0
]
],
[
[
1.0402140114423906,
5.029398707480444,
0.8000000047744533
],
[
1.2594457618699824,
1.6442046877360421,
1.005016539450438
]
],
[
[
1.038038736257437,
5.044204679693739,
0.1999999965884757
],
[
1.4087428750611108,
1.6442046812168294,
0.19999999649003464
]
],
[
[
-1.5912571369684314,
5.044204658325778,
0.27873581409902526
],
[
-1.5912571232838102,
1.6442046988802537,
0.03215463033016499
]
],
[
[
-1.6173656688827869,
5.02194324843639,
0.9307835393841903
],
[
-1.591257127031613,
1.64420472701921,
0.9697832478298531
]
],
[
[
-1.5912571232258403,
2.0235323845114426,
1.0838394332691763
],
[
-1.5912571250707221,
1.978199919813804,
-0.09999996777240165
]
],
[
[
-1.5912571343476034,
4.644205072838688,
1.0206208576181193
],
[
-1.5912571243688953,
4.669216199430156,
0.16576538432218824
]
],
[
[
-1.9245949013495436,
4.701271124001067,
0.29999997824281777
],
[
1.4087428782040692,
4.704566958028344,
0.19999999648970562
]
],
[
[
1.4087428783390699,
1.6442046866967057,
0.18578121386638374
],
[
-1.9216738172673118,
2.0442046774377567,
-0.0011292489985114328
]
],
[
[
-1.9238933081461977,
1.974632077126076,
0.9000000036528939
],
[
1.408742878338822,
2.044204673774204,
1.1999999943142678
]
],
[
[
4.208742878562198,
4.844204680416237,
0.1
],
[
4.208742878562198,
1.844204680416237,
0.1
]
],
[
[
4.008742880141216,
2.044204674843795,
1.1703654966595831
],
[
4.076924632756022,
2.0442046796921374,
-0.02769595437362154
]
],
[
[
4.0087429115004065,
4.644204684988998,
0.900000356831064
],
[
4.095845678454461,
4.644204681160387,
-0.04361408162664737
]
],
[
[
4.408742877830193,
4.644204681047066,
0.29999999713137004
],
[
1.008742879299787,
4.6442046807581825,
-0.1999998587521235
]
],
[
[
1.0087428787948134,
2.0442046760038743,
0.1999999956534782
],
[
4.408742877399326,
2.044204679491669,
0.10674612902020032
]
],
[
[
4.349820114872702,
2.0442046496478485,
1.07840884835243
],
[
1.0087428787857917,
1.972929195620439,
0.8000000046795332
]
],
[
[
1.4040071536442846,
4.691648348145397,
0.8082471776290426
],
[
-1.9708583910436943,
4.682816131857418,
0.9093343810661493
]
],
[
[
4.008743335368079,
4.76885129819819,
1.0138319082872587
],
[
4.0087429392555665,
1.6760593091591287,
1.013831822887612
]
],
[
[
4.167040284466044,
4.9177800244957535,
1.2550711335865583
],
[
1.2428414477904257,
4.799349647564615,
0.8502420973956802
]
]
],
"contact_t_pairs": [
[
0.7374937899728584,
0.10000000017304211
],
[
0.7274923850592656,
0.8999999998135626
],
[
0.10000000257540424,
0.8999999998089502
],
[
0.8937503638966345,
0.600000002368686
],
[
0.8999999998456285,
0.12611149405782043
],
[
0.7623397534239928,
0.8999999998280034
],
[
0.10000000008486623,
0.10000000008282456
],
[
0.10000000017163146,
0.8999999957584467
],
[
0.10000000017207296,
0.7641824727416969
],
[
0.8842359006890862,
0.8999999998309969
],
[
0.8999999980975822,
0.8999999998277061
],
[
0.8999999999146426,
0.8999999999148668
],
[
0.8999999955830115,
0.867538859185319
],
[
0.8949812933464193,
0.899999999505322
],
[
0.8999999758018653,
0.8999999986352836
],
[
0.8890464678398642,
0.10000021778016126
],
[
0.8999999884778932,
0.10000000147040558
],
[
0.13111402025740032,
0.10000000048735584
],
[
0.11102727221803861,
0.8998740766871586
],
[
0.10000000509763668,
0.10032497558213994
],
[
0.8559035333296362,
0.10000000075562884
],
[
0.8999999997866667,
0.8999999970769071
],
[
0.8999999997866667,
0.8999999998364699
],
[
0.8799999184980138,
0.8999999821566723
],
[
0.10000000021333334,
0.8600408153353694
],
[
0.10000000021333334,
0.10000000016238504
],
[
0.6888410348699769,
0.10000000190260887
],
[
0.11114423176632286,
0.1000139532588126
],
[
0.10000010369759432,
0.8948026583481471
],
[
0.14471173390707479,
0.8875396325924758
],
[
0.10000000259549305,
0.10000000039207659
],
[
0.13023399754435575,
0.8809666577295202
],
[
0.1029815006046346,
0.8833399436214899
],
[
0.10000000448451556,
0.10706204722604579
],
[
0.1000002111059126,
0.11116218280762886
],
[
0.10000000942355465,
0.10131660560325174
]
],
"half_couplers": [
{
"pose": [
[
-0.7309473965145741,
0.648948530402482,
0.21114380980039282,
1.1562416370812083
],
[
0.6823491068463161,
0.6998699756675174,
0.21114382194415032,
4.791703438911562
],
[
-0.010751740073128138,
0.29840881697364,
-0.9543775867222533,
0.23730750241804474
],
[
0.0,
0.0,
0.0,
1.0
]
],
"at_element": 0,
"to_element": 3
},
{
"pose": [
[
-0.6823503611317701,
-0.6849441505430057,
0.25543980758735196,
1.0751091502019519
],
[
0.04731377468465159,
-0.390073639350474,
-0.9195672692136049,
4.704204679257705
],
[
0.7294925574592472,
-0.6153812367311801,
0.29857418188914153,
0.19999999657863157
],
[
0.0,
0.0,
0.0,
1.0
]
],
"at_element": 3,
"to_element": 0
},
{
"pose": [
[
-0.732566981559726,
0.6471196975107206,
0.2111438244943618,
1.1542413561184708
],
[
0.6805978441625741,
0.7015731211061249,
0.21114386153205394,
4.789703157947923
],
[
-0.01149748014692506,
0.29838105307650503,
-0.9543775747130836,
0.24634884441323363
],
[
0.0,
0.0,
0.0,
1.0
]
],
"at_element": 0,
"to_element": 8
},
{
"pose": [
[
-0.09437823497881981,
-0.3385534125553956,
0.9362020805410436,
1.075409099627249
],
[
-0.6300808256191851,
-0.7077711223718639,
-0.3194654778274457,
4.704237374625001
],
[
0.7707729250235302,
-0.6200335677877192,
-0.1465178244006613,
0.20999999468366057
],
[
0.0,
0.0,
0.0,
1.0
]
],
"at_element": 8,
"to_element": 0
},
{
"pose": [
[
-0.9936564323173851,
-0.02998121339518743,
0.10838828976249221,
1.0751091510925175
],
[
-0.10833898585562672,
-0.0032688685217199254,
-0.9941086352317648,
4.704204671089673
],
[
0.03015889019940976,
-0.9995451172117945,
-2.020948963732394e-09,
0.1999999965786316
],
[
0.0,
0.0,
0.0,
1.0
]
],
"at_element": 3,
"to_element": 8
},
{
"pose": [
[
-0.0010868294446280125,
0.029982142897464314,
0.9995498436341403,
1.0754090996118744
],
[
0.9999941649938227,
0.0032697698670598463,
0.0009892337054253075,
4.704237374624986
],
[
-0.003238638613024314,
0.9995450863829467,
-0.029985521633643986,
0.2099999946841218
],
[
0.0,
0.0,
0.0,
1.0
]
],
"at_element": 8,
"to_element": 3
},
{
"pose": [
[
-0.14252125867289167,
0.029260556543716135,
-0.9893591413925715,
1.3699916418950857
],
[
0.20111184513110608,
0.9795682853930919,
-1.0000139605281788e-10,
4.644204680788876
],
[
0.9691448377689769,
-0.1989718424370393,
-0.14549394950633965,
-0.14687505601276712
],
[
0.0,
0.0,
0.0,
1.0
]
],
"at_element": 14,
"to_element": 1
},
{
"pose": [
[
0.9813520686944206,
-0.029260556301436993,
-0.18997878069434893,
1.2887428765105158
],
[
-0.06598513625892388,
-0.9795682849454359,
-0.18997878018860118,
1.9242046790967882
],
[
-0.18053830358700157,
0.1989718446765472,
-0.9632321246532116,
0.40561670978981074
],
[
0.0,
0.0,
0.0,
1.0
]
],
"at_element": 1,
"to_element": 14
},
{
"pose": [
[
0.21544785836783564,
0.35534932334256,
-0.9095653240557808,
1.3487428796776906
],
[
0.9756642741740382,
-0.03945280935718132,
0.21569121431869398,
4.644204680787071
],
[
0.040760819731207265,
-0.9339006019024778,
-0.35520166291985356,
-0.14999987308658844
],
[
0.0,
0.0,
0.0,
1.0
]
],
"at_element": 14,
"to_element": 3
},
{
"pose": [
[
0.7919963496394429,
-0.6008275632501603,
0.10838828994255761,
1.084788789055386
],
[
0.0863518601760267,
-0.0655086073795792,
-0.9941086352121321,
4.615425600089229
],
[
0.6043882348308389,
0.7966899406908955,
-1.829096873962044e-10,
0.19999999657606116
],
[
0.0,
0.0,
0.0,
1.0
]
],
"at_element": 3,
"to_element": 14
},
{
"pose": [
[
0.631183441195465,
-0.7520076626794409,
-0.18997878521575837,
1.2562749269398625
],
[
-0.7751139359808049,
-0.6025831434493494,
-0.1899787921823013,
1.8917367292289584
],
[
0.02838749388367523,
0.26716667176522146,
-0.9632321213959278,
0.24099741958710594
],
[
0.0,
0.0,
0.0,
1.0
]
],
"at_element": 1,
"to_element": 3
},
{
"pose": [
[
0.22712757093106184,
0.9080893244455477,
0.3518335477906909,
1.3716724611169835
],
[
-0.19839048456745495,
0.3968437797949482,
-0.8961898404195112,
1.9842046816493089
],
[
-0.9534433817254415,
0.13374899351429748,
0.2702904448512129,
0.19999999649987873
],
[
0.0,
0.0,
0.0,
1.0
]
],
"at_element": 3,
"to_element": 1
},
{
"pose": [
[
-0.017025956198998937,
-0.3856042762016847,
-0.9225071593166553,
1.0757012084957918
],
[
-0.2146607211223708,
-0.8997168917167082,
0.3800398526034464,
1.6842046858047575
],
[
-0.9765402662577379,
0.2044965939437633,
-0.06745555160745553,
0.16709016756403186
],
[
0.0,
0.0,
0.0,
1.0
]
],
"at_element": 9,
"to_element": 15
},
{
"pose": [
[
-0.06939432463517803,
0.31325542354955577,
0.9471301216439143,
1.3487428789368683
],
[
-0.25620966858357325,
0.9119759643677621,
-0.32040044653493527,
2.044204676352654
],
[
-0.9641270836527325,
-0.26489786717200803,
0.016973112118822575,
0.19067460898242672
],
[
0.0,
0.0,
0.0,
1.0
]
],
"at_element": 15,
"to_element": 9
},
{
"pose": [
[
-0.11097736700602345,
-0.38095108984751247,
-0.917910829632379,
1.0757012082068274
],
[
-0.5266138129635887,
-0.7607482480290555,
0.3793942476061968,
1.6842046858394635
],
[
-0.8428297075971873,
0.5254886966098454,
-0.11618826845652297,
0.1670901675478145
],
[
0.0,
0.0,
0.0,
1.0
]
],
"at_element": 9,
"to_element": 1
},
{
"pose": [
[
-0.7579122132803313,
0.624081036041827,
-0.18997878148221972,
1.2287428790160224
],
[
0.6520221654670237,
0.734013049697128,
-0.1899787846419033,
1.8642046810531199
],
[
0.02088474802822221,
-0.2678576176390758,
-0.9632321236194918,
0.1014041823490516
],
[
0.0,
0.0,
0.0,
1.0
]
],
"at_element": 1,
"to_element": 9
},
{
"pose": [
[
-0.09425414657008524,
0.2397307790808367,
0.9662532325511982,
1.3487428792403127
],
[
-0.5082454361727865,
0.822977513252084,
-0.25376088999479374,
2.0442046763526536
],
[
-0.8560389783554713,
-0.5150118117506732,
0.044273031220035564,
0.19067460897410393
],
[
0.0,
0.0,
0.0,
1.0
]
],
"at_element": 15,
"to_element": 1
},
{
"pose": [
[
0.8442881977381465,
-0.5010843255261302,
-0.18997878268926682,
1.255906383083591
],
[
-0.5323459122756838,
-0.8249338695221486,
-0.1899787898650381,
1.8913681853693136
],
[
-0.061524538547171256,
0.26153127848736873,
-0.9632321223512639,
0.23912882520925752
],
[
0.0,
0.0,
0.0,
1.0
]
],
"at_element": 1,
"to_element": 15
},
{
"pose": [
[
-0.7628582193107563,
0.6433396803536647,
0.06450885917815186,
1.234066595741377
],
[
-0.08819595046393003,
-0.004700850723355687,
-0.9960920521338581,
2.0360886244244445
],
[
-0.6405222959052917,
-0.765566429308993,
0.06032603719201712,
0.9812829849698279
],
[
0.0,
0.0,
0.0,
1.0
]
],
"at_element": 2,
"to_element": 10
},
{
"pose": [
[
-0.2967699587988042,
-0.33702108110165074,
0.8935011933106918,
1.075479259127094
],
[
0.9549476714204461,
-0.10317562874246078,
0.27826198892817744,
2.0372474140976333
],
[
-0.0015926089361001927,
0.9358266829529238,
0.35245692370856374,
1.1699999951974296
],
[
0.0,
0.0,
0.0,
1.0
]
],
"at_element": 10,
"to_element": 2
},
{
"pose": [
[
0.8274224538572831,
-0.5578626084894992,
0.06450885909767734,
1.2375225864101527
],
[
0.08718393478305428,
0.014127463100216286,
-0.9960920521227424,
1.9827240961505352
],
[
0.5547711639663118,
0.8298130661996374,
0.060326037461612136,
0.9845148855928124
],
[
0.0,
0.0,
0.0,
1.0
]
],
"at_element": 2,
"to_element": 16
},
{
"pose": [
[
0.22220231523359169,
0.29733506261954695,
-0.9285569404413827,
1.3428506029701301
],
[
0.9726749861834261,
-0.13334007815725046,
0.1900626076062577,
1.9800567410354601
],
[
-0.06730157767767025,
-0.9454164606637905,
-0.31883885200528495,
0.827840889094791
],
[
0.0,
0.0,
0.0,
1.0
]
],
"at_element": 16,
"to_element": 2
},
{
"pose": [
[
-0.24333622294161605,
-0.3270079382335299,
0.9131556772734669,
1.075479259405855
],
[
0.9641879271870654,
0.02084407244743658,
0.26439963258392857,
2.0372474141034527
],
[
-0.10549466181384959,
0.944791687609529,
0.31022498827902245,
1.1699999952225233
],
[
0.0,
0.0,
0.0,
1.0
]
],
"at_element": 10,
"to_element": 16
},
{
"pose": [
[
-0.2467131201592896,
0.3228440949892492,
-0.9137309925091961,
1.3428506026789193
],
[
0.9634475023874536,
-0.01987430798856682,
-0.2671589826776429,
1.9800567410292478
],
[
-0.10441047114463875,
-0.946243468781977,
-0.30614008444306395,
0.8278408890705247
],
[
0.0,
0.0,
0.0,
1.0
]
],
"at_element": 16,
"to_element": 10
},
{
"pose": [
[
-0.2983976290775221,
0.9516252142305517,
0.07326872867445061,
-1.5912571246522724
],
[
0.14191155694171192,
0.12014922912261361,
-0.9825605695058302,
1.9842047098425668
],
[
-0.9438325937195076,
-0.2827960650042683,
-0.17089886088212758,
0.05681274979619728
],
[
0.0,
0.0,
0.0,
1.0
]
],
"at_element": 4,
"to_element": 6
},
{
"pose": [
[
0.23982930345636277,
-0.9681014946397387,
-0.07253551736866264,
-1.591257124826347
],
[
-0.9646169439828672,
-0.229202637691039,
-0.13030848881260101,
1.9842047098035946
],
[
0.10952651087654307,
0.10122078320075288,
-0.9888166141724337,
0.05681274983093437
],
[
0.0,
0.0,
0.0,
1.0
]
],
"at_element": 6,
"to_element": 4
},
{
"pose": [
[
0.9979158872054789,
-0.06452814938383153,
4.02955557810003e-09,
-1.5912571247209515
],
[
-0.004667568734005971,
-0.07218314887014676,
-0.9973804724483549,
2.0012682972434495
],
[
0.06435911640952992,
0.9953018190259114,
-0.07233390061856504,
0.0580502673346796
],
[
0.0,
0.0,
0.0,
1.0
]
],
"at_element": 4,
"to_element": 9
},
{
"pose": [
[
0.11448805877955215,
0.06452814368477355,
-0.9913266883674055,
-1.5886321460591895
],
[
0.9902593106372943,
0.07218315613880333,
0.11906338507699077,
2.0042046781657805
],
[
0.07924002835083077,
-0.9953018188682458,
-0.05563548565907528,
0.017561797380438587
],
[
0.0,
0.0,
0.0,
1.0
]
],
"at_element": 9,
"to_element": 4
},
{
"pose": [
[
0.9926203996821602,
-0.12126311118732079,
-1.9473175736847703e-09,
-1.5912571248862337
],
[
-0.12117430273879222,
-0.9918934419839451,
-0.03826471096205534,
1.982733167380529
],
[
0.004640095968410879,
0.03798233292484255,
-0.9992676377702774,
0.018384000978461434
],
[
0.0,
0.0,
0.0,
1.0
]
],
"at_element": 6,
"to_element": 9
},
{
"pose": [
[
-0.05066216238423138,
0.1212631071529819,
-0.9913266889104512,
-1.5886321431615993
],
[
0.04439943404570516,
0.9918934423790203,
0.1190633832121287,
2.004204677817765
],
[
0.9977284377820325,
-0.03798233548771803,
-0.0556354799738763,
0.017561797543057867
],
[
0.0,
0.0,
0.0,
1.0
]
],
"at_element": 9,
"to_element": 6
},
{
"pose": [
[
0.0002066327508536414,
-0.9999701106718784,
0.007728846341963913,
-1.5941539619695515
],
[
0.01154692767621851,
-0.007725945338050488,
-0.9999034844573119,
2.0189767466838004
],
[
0.9999333106583391,
0.00029585723731295754,
0.011544986112970168,
0.9654560924245914
],
[
0.0,
0.0,
0.0,
1.0
]
],
"at_element": 5,
"to_element": 6
},
{
"pose": [
[
-0.007731607976632748,
0.9999701106723617,
-5.527598993110283e-09,
-1.591257123410329
],
[
0.9992377704262487,
0.007725945428182834,
-0.03826470855527235,
2.0189991281691673
],
[
-0.038263564806155434,
-0.0002958532492751756,
-0.9992676378624394,
0.9654552353482829
],
[
0.0,
0.0,
0.0,
1.0
]
],
"at_element": 6,
"to_element": 5
},
{
"pose": [
[
0.9959230820643047,
-0.08987479928291434,
0.007728846317017854,
-1.5938679815175558
],
[
0.00873471863783927,
0.010804002360093379,
-0.9999034844540352,
1.981978618079592
],
[
0.0897826224937432,
0.9958944693022745,
0.011544986413462688,
0.965883276535928
],
[
0.0,
0.0,
0.0,
1.0
]
],
"at_element": 5,
"to_element": 10
},
{
"pose": [
[
0.01973379521447982,
0.08987479719522179,
0.9957575498862916,
-1.5906296845973689
],
[
-0.9997255373983627,
-0.010804004614128226,
0.020787577007736202,
1.9815893368931887
],
[
0.012626448431274806,
-0.995894469466226,
0.08963692591001049,
0.930000003160153
],
[
0.0,
0.0,
0.0,
1.0
]
],
"at_element": 10,
"to_element": 5
},
{
"pose": [
[
-0.9998483702465015,
-0.01741368758806936,
-1.5979674601769578e-09,
-1.5912571234677302
],
[
-0.017400934407250233,
0.9991161194898924,
-0.03826469988401153,
2.0175886628167583
],
[
0.0006663311259864585,
-0.03825889778919429,
-0.9992676381944863,
0.9286214900595021
],
[
0.0,
0.0,
0.0,
1.0
]
],
"at_element": 6,
"to_element": 10
},
{
"pose": [
[
-0.09035300514321598,
0.017413680743170505,
0.9957575499008608,
-1.5906296878735162
],
[
0.03653566544547866,
-0.9991161200748935,
0.020787586607107732,
1.9815893368247954
],
[
0.995239408188827,
0.038258885627614425,
0.0896369235219896,
0.9300000028652381
],
[
0.0,
0.0,
0.0,
1.0
]
],
"at_element": 10,
"to_element": 6
},
{
"pose": [
[
-1.0473368763364022e-05,
-0.999999999945154,
2.9303614257347732e-08,
-1.5912571354490652
],
[
-0.07233387492191146,
7.283524933177077e-07,
-0.9973804743117096,
4.666711937287099
],
[
0.9973804742569858,
-1.0448053148759406e-05,
-0.07233387492557264,
0.2513585778848738
],
[
0.0,
0.0,
0.0,
1.0
]
],
"at_element": 4,
"to_element": 7
},
{
"pose": [
[
4.749255133607022e-07,
0.9999999999861029,
5.250569286565851e-06,
-1.5912571253680228
],
[
0.9995724205441057,
-6.282489548592451e-07,
0.02923997413136316,
4.666711937287092
],
[
0.029239974134255477,
5.234437441284379e-06,
-0.9995724205305128,
0.2513585778849794
],
[
0.0,
0.0,
0.0,
1.0
]
],
"at_element": 7,
"to_element": 4
},
{
"pose": [
[
-0.9995505165425005,
-0.02997940759288249,
4.023006133085927e-09,
-1.5912571355999692
],
[
-0.002168531468737415,
0.07230138656115404,
-0.9973804725242037,
4.704204645049261
],
[
0.029900875420115915,
-0.9969321665096951,
-0.07233389957271985,
0.25407769446515793
],
[
0.0,
0.0,
0.0,
1.0
]
],
"at_element": 4,
"to_element": 8
},
{
"pose": [
[
0.0011827899947340903,
0.029979407573043793,
0.9995498167322114,
-1.590177870008803
],
[
0.9973823403499424,
-0.07230138597360525,
0.0009883037829349073,
4.701601778469377
],
[
0.07229846586131661,
0.996932166552903,
-0.029986449043442054,
0.2899674825152223
],
[
0.0,
0.0,
0.0,
1.0
]
],
"at_element": 8,
"to_element": 4
},
{
"pose": [
[
0.9999999938437132,
0.00011096203597174759,
1.1667878745462239e-08,
-1.591257125806792
],
[
0.00011091423264977381,
-0.9995722611361408,
0.029245212688849276,
4.665612184460881
],
[
3.256771230321766e-06,
-0.029245212507513225,
-0.9995722672897565,
0.2889470375379535
],
[
0.0,
0.0,
0.0,
1.0
]
],
"at_element": 7,
"to_element": 8
},
{
"pose": [
[
-0.030002525749651898,
-0.00011096658101032372,
0.9995498167350438,
-1.591261120875416
],
[
0.029228716794619816,
0.9995722612092205,
0.0009882993603918238,
4.7016007074062856
],
[
-0.9991223801733107,
0.029245209992471252,
-0.02998644909479742,
0.28999997999194366
],
[
0.0,
0.0,
0.0,
1.0
]
],
"at_element": 8,
"to_element": 7
},
{
"pose": [
[
0.48170086873156814,
0.8561672674201071,
0.18692748129057807,
4.208742878562198
],
[
-0.18692748129057807,
0.3087815147801023,
-0.9325835581160897,
2.144204681056237
],
[
-0.8561672674201071,
0.4142844268476578,
0.3087815147801023,
0.1
],
[
0.0,
0.0,
0.0,
1.0
]
],
"at_element": 11,
"to_element": 12
},
{
"pose": [
[
0.5834386759956391,
-0.8101672741564014,
0.056818124207349455,
4.07010645729524
],
[
-0.811478180137132,
-0.584382719766189,
-2.0859274411921813e-09,
2.044204679207303
],
[
0.03320353164625417,
-0.046106666813574726,
-0.9983845455342135,
0.0921101942317438
],
[
0.0,
0.0,
0.0,
1.0
]
],
"at_element": 12,
"to_element": 11
},
{
"pose": [
[
0.39538658370026447,
0.8927722170052788,
0.21593336465982538,
4.208742878562198
],
[
-0.21593336465982538,
0.31884722286280165,
-0.9228809405873359,
2.144204681056237
],
[
-0.8927722170052788,
0.31826752428760036,
0.31884722286280165,
0.1
],
[
0.0,
0.0,
0.0,
1.0
]
],
"at_element": 11,
"to_element": 15
},
{
"pose": [
[
-0.0700597501150495,
-0.47426797991356245,
0.8775884654224472,
4.068742876982872
],
[
-0.37084383895801504,
-0.8043156055437466,
-0.46427497648018745,
2.044204679142889
],
[
0.9260488532041379,
-0.35797526437940586,
-0.11952920802797884,
0.11607151569877792
],
[
0.0,
0.0,
0.0,
1.0
]
],
"at_element": 15,
"to_element": 11
},
{
"pose": [
[
0.9489628468791947,
0.2874967198981905,
0.12967324816906278,
4.068742816885297
],
[
0.3143325604771122,
-0.8285405590832213,
-0.46337412894761926,
2.044204679110336
],
[
-0.025778996621989105,
0.4804853566986654,
-0.8766237877968628,
0.1160715173947508
],
[
0.0,
0.0,
0.0,
1.0
]
],
"at_element": 12,
"to_element": 15
},
{
"pose": [
[
0.03242587742860381,
-0.13289442554761582,
0.9905996336216535,
4.06874281687156
],
[
-0.7459184948094986,
0.656469785463835,
0.11248564296921887,
2.044204679142889
],
[
-0.665247443868909,
-0.7425540333413021,
-0.0778418010740185,
0.11607151734748741
],
[
0.0,
0.0,
0.0,
1.0
]
],
"at_element": 15,
"to_element": 12
},
{
"pose": [
[
0.5362437977527756,
0.8234560311391095,
-0.18537193464035012,
4.208742878562198
],
[
0.18537193464035012,
-0.32915061155806846,
-0.9259034078988173,
4.544204679776237
],
[
-0.8234560311391095,
0.46214720565159295,
-0.32915061155806846,
0.1
],
[
0.0,
0.0,
0.0,
1.0
]
],
"at_element": 11,
"to_element": 13
},
{
"pose": [
[
-0.6201736151342052,
-0.7790609643630791,
0.09191681509408361,
4.083654846209539
],
[
-0.7823729927193853,
0.6228101639049515,
-4.038754844448711e-09,
4.644204681696237
],
[
-0.05724672352793109,
-0.07191323621112176,
-0.9957666890908534,
0.08845342581766721
],
[
0.0,
0.0,
0.0,
1.0
]
],
"at_element": 13,
"to_element": 11
},
{
"pose": [
[
-0.8092473317816784,
0.5835045933846897,
-0.0681259532278432,
4.208742878562198
],
[
-0.0681259532278432,
-0.2083944985328332,
-0.9756693023140817,
4.544204679776237
],
[
-0.5835045933846897,
-0.7849166340957598,
0.20839449853283298,
0.1
],
[
0.0,
0.0,
0.0,
1.0
]
],
"at_element": 11,
"to_element": 14
},
{
"pose": [
[
-0.02467874875628162,
-0.3917910756531263,
-0.9197231716111054,
4.068742877425043
],
[
-0.5473892649142137,
0.775126205829781,
-0.31550650974679567,
4.644204681018177
],
[
0.8365141672539094,
0.49566028494775966,
-0.233591373789797,
0.2500000114618282
],
[
0.0,
0.0,
0.0,
1.0
]
],
"at_element": 14,
"to_element": 11
},
{
"pose": [
[
-0.991914010696705,
0.08883233389678553,
0.09063890907345822,
4.068742871629076
],
[
0.08655972162307214,
0.9958328568712546,
-0.028711248112400032,
4.644204682351694
],
[
-0.09281169094522994,
-0.020633410529661434,
-0.9954698651359575,
0.25000001052560195
],
[
0.0,
0.0,
0.0,
1.0
]
],
"at_element": 13,
"to_element": 14
},
{
"pose": [
[
0.14282586530540298,
-0.05469724206897892,
-0.9882352877274777,
4.068742871508282
],
[
-0.09728571866644184,
-0.9944125030444102,
0.0409788083343715,
4.644204681018177
],
[
-0.9849549538650572,
0.0902883464185647,
-0.14734908672158276,
0.25000001059171656
],
[
0.0,
0.0,
0.0,
1.0
]
],
"at_element": 14,
"to_element": 13
},
{
"pose": [
[
-0.000315475267116172,
-0.9999700822573554,
0.007728846328780625,
-1.6144638550561992
],
[
0.011542892217227374,
-0.007731973195172159,
-0.9999034844572604,
4.646527095365963
],
[
0.9999333288347867,
-0.00022623157871282107,
0.011544986126257761,
0.9351181320184941
],
[
0.0,
0.0,
0.0,
1.0
]
],
"at_element": 5,
"to_element": 7
},
{
"pose": [
[
-0.007735282168188196,
0.9999700822573536,
1.1647426320302023e-08,
-1.5912571333495933
],
[
0.9995423624025528,
0.007731973194793795,
0.029245210774398907,
4.646706534484558
],
[
0.029244335733651726,
0.00022623159950413245,
-0.9995722673457688,
0.9351233822688599
],
[
0.0,
0.0,
0.0,
1.0
]
],
"at_element": 7,
"to_element": 5
},
{
"pose": [
[
0.9995228139553008,
0.029906676801519344,
0.0077288463283077535,
-1.6147548119902764
],
[
0.00737958128475103,
0.01177130195047782,
-0.9999034844576014,
4.684169046031313
],
[
-0.029994768926245856,
0.9994833801184893,
0.011544986097045573,
0.9346835142729325
],
[
0.0,
0.0,
0.0,
1.0
]
],
"at_element": 5,
"to_element": 17
},
{
"pose": [
[
-0.002966949712803757,
-0.02990667680135356,
-0.9995482919259586,
-1.6158315073100864
],
[
0.9999272941812338,
-0.011771301921186472,
-0.002615875088105679,
4.6837452575318075
],
[
-0.011687752598253998,
-0.9994833801188391,
0.029939427272784425,
0.8987002759895457
],
[
0.0,
0.0,
0.0,
1.0
]
],
"at_element": 17,
"to_element": 5
},
{
"pose": [
[
0.9999984862777608,
0.0017399546508207813,
1.1667983835010837e-08,
-1.5912571329035674
],
[
0.0017392100741665582,
-0.9995707542709851,
0.029245210795132853,
4.647824476334709
],
[
5.0897003512628316e-05,
-0.029245166505713804,
-0.9995722673451619,
0.896913239837512
],
[
0.0,
0.0,
0.0,
1.0
]
],
"at_element": 7,
"to_element": 17
},
{
"pose": [
[
0.030003077604165873,
-0.0017399546508734976,
-0.9995482919259536,
-1.59131977193709
],
[
-0.029179862982228202,
0.9995707542709827,
-0.002615875088203686,
4.683809406146187
],
[
0.9991237915947236,
0.029245166505793743,
0.02993942727293919,
0.8979660770274132
],
[
0.0,
0.0,
0.0,
1.0
]
],
"at_element": 17,
"to_element": 7
},
{
"pose": [
[
-0.9981588527062424,
-0.021227456643744758,
0.056818129576713144,
4.015561055579662
],
[
-0.02126181588602409,
0.9997739420414927,
-2.0667722922874162e-07,
2.0442046753286296
],
[
-0.05680528099910291,
-0.001208262906754342,
-0.9983845452286215,
1.0505593484467024
],
[
0.0,
0.0,
0.0,
1.0
]
],
"at_element": 12,
"to_element": 16
},
{
"pose": [
[
0.08302941586371504,
0.021227497250585647,
-0.9963209871631765,
4.015712389954053
],
[
0.0005582817287330035,
-0.9997739408634048,
-0.02125454050241017,
2.037077104217162
],
[
-0.9965469404011241,
0.00120852427928036,
-0.08302249722951482,
1.0505679638759826
],
[
0.0,
0.0,
0.0,
1.0
]
],
"at_element": 16,
"to_element": 12
},
{
"pose": [
[
1.217474235870597e-07,
0.9983845453559053,
0.05681812734038233,
4.017622462343822
],
[
0.9999999999999927,
-1.221743284318677e-07,
4.039864002353122e-09,
2.044204675475214
],
[
1.0975054327150291e-08,
0.056818127340381414,
-0.9983845453559128,
1.0143371645877375
],
[
0.0,
0.0,
0.0,
1.0
]
],
"at_element": 12,
"to_element": 18
},
{
"pose": [
[
-0.05681812391530938,
-0.9983845455508258,
-1.2464499016262565e-07,
4.008742986406163
],
[
-1.6859793172674387e-08,
1.25806166151321e-07,
-0.999999999999992,
2.0442046765618134
],
[
0.9983845455508336,
-0.056818123915306995,
-2.3980627261721565e-08,
1.0138318330530174
],
[
0.0,
0.0,
0.0,
1.0
]
],
"at_element": 18,
"to_element": 12
},
{
"pose": [
[
0.021181181270779614,
-0.08304125581130528,
-0.9963209861250819,
4.005750967464487
],
[
-0.9997740956629114,
-1.4678600557260779e-08,
-0.02125459106657618,
2.036864596435829
],
[
0.0017649933093265568,
0.9965461102394013,
-0.08302249674237028,
1.049737887849394
],
[
0.0,
0.0,
0.0,
1.0
]
],
"at_element": 16,
"to_element": 18
},
{
"pose": [
[
-0.9965461102290423,
0.08304125593552424,
-1.281202681169269e-07,
4.008742985466075
],
[
1.2988240147282504e-07,
1.581784669912878e-08,
-0.9999999999999913,
2.0368645969674297
],
[
-0.0830412559355215,
-0.9965461102290503,
-2.6548811371540637e-08,
1.0138318328503395
],
[
0.0,
0.0,
0.0,
1.0
]
],
"at_element": 18,
"to_element": 16
},
{
"pose": [
[
0.12221363551020814,
-0.969784566400723,
0.2111438421227096,
1.0287428812571338
],
[
-0.9744309459325011,
-0.07682842974431092,
0.2111438466830487,
4.664204683029969
],
[
-0.18854219396323268,
-0.23154975092619995,
-0.9543775740981899,
0.8136064708333891
],
[
0.0,
0.0,
0.0,
1.0
]
],
"at_element": 0,
"to_element": 2
},
{
"pose": [
[
0.2352796647415254,
0.969784556688069,
0.06450885961200187,
1.0636854114601182
],
[
-0.043566246669564934,
0.07682841899664483,
-0.9960920520642671,
4.66697290546924
],
[
-0.9709508028269209,
0.23154979517114999,
0.06032603787715907,
0.8219494946920539
],
[
0.0,
0.0,
0.0,
1.0
]
],
"at_element": 2,
"to_element": 0
},
{
"pose": [
[
0.9774470668258264,
-0.00394032633105065,
0.21114380261327417,
1.0287429225814129
],
[
-0.04954564591168051,
-0.9761985060261649,
0.21114380361137416,
4.664204724354249
],
[
0.20528628917875355,
-0.21684314759910903,
-0.9543775923682032,
0.8136062840461596
],
[
0.0,
0.0,
0.0,
1.0
]
],
"at_element": 0,
"to_element": 17
},
{
"pose": [
[
0.029794058757450115,
0.003940326216324105,
-0.9995482919259414,
1.0288497330145114
],
[
-0.2168631698188479,
0.9761985058243711,
-0.0026158750709637524,
4.690666539703796
],
[
0.9757472416762855,
0.21684314850964118,
0.029939427274858654,
0.8194842518170302
],
[
0.0,
0.0,
0.0,
1.0
]
],
"at_element": 17,
"to_element": 0
},
{
"pose": [
[
0.997474526405862,
0.029718282117589846,
0.06450885892170653,
1.0621371885510922
],
[
0.06256204211124122,
0.06234271382795398,
-0.9960920524326241,
4.690879273605442
],
[
-0.033623801960405625,
0.9976122542052827,
0.06032603253308011,
0.8205016601740363
],
[
0.0,
0.0,
0.0,
1.0
]
],
"at_element": 2,
"to_element": 17
},
{
"pose": [
[
-0.004476134329122861,
-0.029718282495736714,
-0.9995482919333969,
1.0620772322891292
],
[
0.9980513733222449,
-0.06234270932179298,
-0.0026158753791912237,
4.690753497971144
],
[
-0.06223680929360603,
-0.9976122544756165,
0.029939426999014307,
0.8184889899512157
],
[
0.0,
0.0,
0.0,
1.0
]
],
"at_element": 17,
"to_element": 2
}
],
"contact_residues": [
2.24795386384136e-06,
2.2479538638237357e-06,
2.0461393671083962e-09,
2.2479538641373064e-06,
2.2479538641123054e-06,
2.2479538639450088e-06,
2.247953864112507e-06,
2.2479538640620835e-06,
2.2479538640062535e-06,
2.2479538640629484e-06,
2.2479538640114475e-06,
2.247953864110739e-06,
2.0461390997744244e-09,
2.2479538523921744e-06,
2.0461409260338612e-09,
2.04613911751251e-09,
2.245251403704994e-06,
2.2439001901040833e-06,
2.0461390969246755e-09,
1.7108454275164578e-08,
2.825129940617642e-07,
2.2479538639849277e-06,
2.2479538639871673e-06,
2.0461390967641417e-09,
2.247953863962397e-06,
2.2479538640508523e-06,
2.0461390961085584e-09,
2.0461413937200776e-09,
1.3236628841101543e-07,
2.7862208237413497e-08,
2.0461392282588702e-09,
2.046139307332733e-09,
2.196803227267255e-06,
2.2462852734379358e-06,
2.0461433261160755e-09,
2.0461391067976283e-09
],
"collision_dists": [
0.07,
0.07,
0.07,
0.07,
0.07,
0.07,
0.07,
0.025,
0.025,
0.025,
0.025,
0.025,
0.025,
0.025
],
"collision_id_pairs": [
[
2,
3
],
[
4,
5
],
[
8,
17
],
[
9,
10
],
[
11,
18
],
[
14,
19
],
[
15,
16
]
],
"collision_t_pairs": [
[
[
3.3195484752841106e-08,
0.9999999665527701
],
[
0.0043725482440301194,
0.9956274517559679
]
],
[
[
4.804800229917896e-08,
0.9999999517777263
],
[
4.0882051854261766e-08,
0.9999999589132712
]
],
[
[
0.13975679914318467,
0.8602432008568153
],
[
0.842849995934343,
0.15715000406565693
]
],
[
[
0.9832661503870267,
0.016733849612973417
],
[
5.689493664752445e-08,
0.9999999429578137
]
],
[
[
0.48423707697741064,
0.5157629230225894
],
[
0.44534448279390304,
0.554655517206097
]
],
[
[
0.4962247401943481,
0.5037752598056519
],
[
0.5437485469508369,
0.4562514530491632
]
],
[
[
7.314684469710915e-08,
0.9999999267385634
],
[
0.9999999745435518,
2.5124772554242587e-08
]
]
],
"collision_dual_t_pairs": [
[
[
0.1229263862542255,
2.048000033698238e-09
],
[
4.683828995625301e-07,
2.0569941888776034e-09
]
],
[
[
0.08509399890604995,
2.048000049332975e-09
],
[
0.09994115443511149,
2.048000041845715e-09
]
],
[
[
1.4766286891988746e-08,
2.377785387891071e-09
],
[
2.4268296219992636e-09,
1.3119744388269651e-08
]
],
[
[
2.08285408460762e-09,
1.223869533286205e-07
],
[
0.07189955084137332,
2.0480000581464767e-09
]
],
[
[
4.231062594538038e-09,
3.969293513439923e-09
],
[
4.6006704794543764e-09,
3.691104362969615e-09
]
],
[
[
4.127162491862464e-09,
4.065304573053358e-09
],
[
3.766447109969684e-09,
4.488752455256996e-09
]
],
[
[
0.05595288084683483,
2.0480000748942495e-09
],
[
2.0480000252876016e-09,
0.16196457575244852
]
]
],
"clamp_dist": 0.024,
"clamp_gap": 0.016,
"radius": [
0.01,
0.01,
0.01,
0.01,
0.01,
0.01,
0.01,
0.01,
0.01,
0.01,
0.01,
0.01,
0.01,
0.01,
0.01,
0.01,
0.01,
0.01,
0.01,
0.01
],
"boundary_vertices": [
false,
true,
false,
true,
false,
false,
false,
false,
false,
false,
false,
false,
false,
false,
false,
false,
false,
false,
false,
false,
false,
false,
true,
true,
false,
false,
false,
false,
false,
false,
false,
false,
false,
false,
false,
false,
false,
false,
false,
false
],
"nstatus": -200,
"config": {
"weights": [
1.0,
10.0,
0.0
],
"shape_deviation": 0.2,
"length_deviation_ratio": 0.2
}
}