{"line_pt_pairs": [[[-0.1395634546318214, -0.2294611061958028, -0.3238306286534068], [0.2298080573422036, 0.6980462852914516, -0.3812303227164549]], [[-0.02667191185848322, 1.136873082628663, -0.22067499545118124], [0.8732001364359009, -0.6488422614634533, -0.25876707563126455]], [[-0.7509978909158352, -0.20371892972980588, -0.2946799758219219], [1.2485193676056028, -0.16222159799764835, -0.28023337296781103]], [[0.8844845542155046, -0.3422359853866636, -0.6345319061475297], [0.023403641135859243, 0.2866701989006011, 1.0575132092365598]], [[0.16029058725395337, 0.8599008709461744, -0.7053213423820182], [0.2992793439676562, -0.06862367352639509, 1.060613054989296]], [[-0.4011349689998571, -0.2826549190403705, -0.6527620903841618], [0.3059996581001234, 0.33845035237084675, 1.1119443614036055]]], "half_couplers": [{"pose": [[0.00856177188573782, -0.06516181965640319, -0.9978379794942879, 0.0], [-0.9292423700005285, 0.3680814801040323, -0.03201002655771398, 0.0], [0.369371511974025, 0.9275073914872545, -0.05739969406304812, 0.0], [-0.12507538703736626, -0.193080959523395, -0.3260820492977389, 1.0]], "at_element": 0, "to_element": 2}, {"pose": [[-0.00856177188573782, 0.06516181965640319, 0.9978379794942879, 0.0], [0.020233123360096507, -0.997658974862575, 0.06532373684389858, 0.0], [0.999758629260719, 0.020748665866078764, 0.007223301427055434, 0.0], [-0.12538361080598281, -0.19073513416242438, -0.29015988428178147, 1.0]], "at_element": 2, "to_element": 0}, {"pose": [[0.01726435837576446, -0.9452863881883022, 0.3257845702850085, 0.0], [0.013587683709944336, -0.3255812297579396, -0.945416436117284, 0.0], [0.999758629260719, 0.020748665866078764, 0.007223301427055434, 0.0], [-0.2603055834774085, -0.1935352609600512, -0.2911347016519094, 1.0]], "at_element": 2, "to_element": 5}, {"pose": [[-0.01726435837576446, 0.9452863881883022, -0.3257845702850085, 0.0], [-0.9352497509857548, 0.09995351300586457, 0.33958386080447106, 0.0], [0.3535673135499902, 0.3105526357056086, 0.8823532258938834, 0.0], [-0.26092710646841366, -0.1595046175642328, -0.302863061092774, 1.0]], "at_element": 5, "to_element": 2}, {"pose": [[0.8900614116306257, -0.37086193299615244, -0.2650511463481256, 0.0], [-0.2671242588536663, 0.046813089952133076, -0.9625243710893835, 0.0], [0.369371511974025, 0.9275073914872545, -0.05739969406304812, 0.0], [0.21872691198298289, 0.670221063546834, -0.37950833189456346, 1.0]], "at_element": 0, "to_element": 4}, {"pose": [[-0.8900614116306257, 0.37086193299615244, 0.2650511463481256, 0.0], [-0.4505121695391734, -0.8043145959339288, -0.3874491139036816, 0.0], [0.06949437835685142, -0.46426227223628475, 0.8829671986856571, 0.0], [0.1866848562339399, 0.6835720285218126, -0.3699665368041828, 1.0]], "at_element": 4, "to_element": 0}, {"pose": [[0.8825310888319547, 0.44126459886303987, 0.16255593202133567, 0.0], [-0.13673496780158542, -0.0899484922538225, 0.9865154926921135, 0.0], [0.4499360241471919, -0.8928576720460579, -0.01904604009004165, 0.0], [0.22889395915949334, 0.6297255407441625, -0.23149323974331293, 1.0]], "at_element": 1, "to_element": 4}, {"pose": [[-0.8825310888319547, -0.44126459886303987, -0.16255593202133567, 0.0], [0.46509075310296083, -0.7679492798149126, -0.4403912976091581, 0.0], [0.06949437835685142, -0.46426227223628475, 0.8829671986856571, 0.0], [0.19712288179535448, 0.613840036101954, -0.2373452455905913, 1.0]], "at_element": 4, "to_element": 1}, {"pose": [[-0.006709939329676827, -0.024705887349152203, 0.9996722442103128, 0.0], [-0.8930355820955901, -0.44966075723681403, -0.017107089536371488, 0.0], [0.4499360241471919, -0.8928576720460579, -0.01904604009004165, 0.0], [0.6348420663994909, -0.1758420567577319, -0.2486772470466272, 1.0]], "at_element": 1, "to_element": 2}, {"pose": [[0.006709939329676827, 0.024705887349152203, -0.9996722442103128, 0.0], [-0.020920323442058672, 0.9994794204960246, 0.02456070178172502, 0.0], [0.999758629260719, 0.020748665866078764, 0.007223301427055434, 0.0], [0.6350836243911401, -0.17495264416594042, -0.284665474026688, 1.0]], "at_element": 2, "to_element": 1}, {"pose": [[-0.8599922255191317, -0.4274273578165393, -0.27878168131465003, 0.0], [0.24077156439513003, 0.14181336770014463, -0.9601656224424333, 0.0], [0.4499360241471919, -0.8928576720460579, -0.01904604009004165, 0.0], [0.6524351227629301, -0.21075389867705474, -0.24942197082694578, 1.0]], "at_element": 1, "to_element": 3}, {"pose": [[0.8599922255191317, 0.4274273578165393, 0.27878168131465003, 0.0], [-0.273949424765109, 0.8475996145771183, -0.454451984305918, 0.0], [-0.4305404565398227, 0.3144530921436324, 0.8460225576920448, 0.0], [0.6833949037718253, -0.1953664835324322, -0.23938581056098165, 1.0]], "at_element": 3, "to_element": 1}, {"pose": [[-0.016820914725823567, 0.9343888079598978, -0.3558575731764999, 0.0], [-0.014132941891714226, 0.3556501770336401, 0.9345122853817526, 0.0], [0.999758629260719, 0.020748665866078764, 0.007223301427055434, 0.0], [0.699077366290082, -0.17362453883199286, -0.2842031163398901, 1.0]], "at_element": 2, "to_element": 3}, {"pose": [[0.016820914725823567, -0.9343888079598978, 0.3558575731764999, 0.0], [0.9024145234371329, 0.16744195531762468, 0.3970027953165355, 0.0], [-0.4305404565398227, 0.3144530921436324, 0.8460225576920448, 0.0], [0.6996829228215267, -0.20726273596881445, -0.2713921675173355, 1.0]], "at_element": 3, "to_element": 2}, {"pose": [[-0.8167192096366535, -0.5347275335356235, -0.2168783011031504, 0.0], [0.38419350318942347, -0.7843377574235584, 0.4870417172961899, 0.0], [-0.4305404565398227, 0.3144530921436324, 0.8460225576920448, 0.0], [0.2371850370095262, 0.13053104878326793, 0.6374275225682589, 1.0]], "at_element": 3, "to_element": 4}, {"pose": [[0.8167192096366535, 0.5347275335356235, 0.2168783011031504, 0.0], [-0.572835285214934, 0.7060644499313864, 0.4163324735782859, 0.0], [0.06949437835685142, -0.46426227223628475, 0.8829671986856571, 0.0], [0.26658681353956915, 0.14978116468597813, 0.6452351108654498, 1.0]], "at_element": 4, "to_element": 3}, {"pose": [[-0.020394308141544207, -0.9404971085456287, 0.339189122780698, 0.0], [0.9023408377536222, 0.12878059503907477, 0.4113351077448568, 0.0], [-0.4305404565398227, 0.3144530921436324, 0.8460225576920448, 0.0], [0.1661569086218012, 0.18240774065143195, 0.7769995370767349, 1.0]], "at_element": 3, "to_element": 5}, {"pose": [[0.020394308141544207, 0.9404971085456287, -0.339189122780698, 0.0], [-0.9351867337513244, 0.1379211705055146, 0.3261955299232626, 0.0], [0.3535673135499902, 0.3105526357056086, 0.8823532258938834, 0.0], [0.16689110330931262, 0.21626561785528947, 0.7647887354021268, 1.0]], "at_element": 5, "to_element": 3}]}