{
"contact_id_pairs": [
[
0,
3
],
[
3,
29
],
[
0,
1
],
[
0,
28
],
[
1,
30
],
[
2,
30
],
[
2,
31
],
[
3,
31
],
[
4,
5
],
[
4,
34
],
[
5,
6
],
[
5,
32
],
[
6,
34
],
[
29,
34
],
[
4,
22
],
[
21,
22
],
[
10,
21
],
[
10,
25
],
[
10,
27
],
[
20,
21
],
[
20,
27
],
[
21,
27
],
[
6,
7
],
[
6,
23
],
[
6,
24
],
[
22,
23
],
[
23,
24
],
[
24,
27
],
[
7,
9
],
[
7,
34
],
[
8,
35
],
[
9,
34
],
[
28,
35
],
[
34,
35
],
[
8,
15
],
[
8,
24
],
[
8,
26
],
[
15,
17
],
[
17,
24
],
[
24,
26
],
[
9,
16
],
[
9,
23
],
[
11,
12
],
[
11,
32
],
[
12,
32
],
[
12,
33
],
[
31,
32
],
[
32,
33
],
[
11,
19
],
[
11,
20
],
[
12,
13
],
[
12,
19
],
[
18,
25
],
[
18,
26
],
[
19,
26
],
[
25,
26
],
[
13,
33
],
[
13,
35
],
[
14,
30
],
[
15,
30
],
[
15,
33
],
[
30,
35
],
[
14,
17
],
[
14,
18
]
],
"contact_t_bound_pairs": [
[
[
0.6,
0.9
],
[
0.1,
0.4
]
],
[
[
0.1,
0.4
],
[
0.6,
0.9
]
],
[
[
0.1,
0.4
],
[
0.1,
0.4
]
],
[
[
0.1,
0.4
],
[
0.6,
0.9
]
],
[
[
0.6,
0.9
],
[
0.6,
0.9
]
],
[
[
0.6,
0.9
],
[
0.6,
0.9
]
],
[
[
0.1,
0.4
],
[
0.6,
0.9
]
],
[
[
0.6,
0.9
],
[
0.6,
0.9
]
],
[
[
0.6,
0.9
],
[
0.6,
0.9
]
],
[
[
0.6,
0.9
],
[
0.6,
0.9
]
],
[
[
0.6,
0.9
],
[
0.6,
0.9
]
],
[
[
0.6,
0.9
],
[
0.6,
0.9
]
],
[
[
0.6,
0.9
],
[
0.6,
0.9
]
],
[
[
0.1,
0.4
],
[
0.6,
0.9
]
],
[
[
0.1,
0.4
],
[
0.1,
0.4
]
],
[
[
0.6,
0.9
],
[
0.1,
0.4
]
],
[
[
0.1,
0.4
],
[
0.1,
0.4
]
],
[
[
0.1,
0.4
],
[
0.6,
0.9
]
],
[
[
0.1,
0.4
],
[
0.6,
0.9
]
],
[
[
0.6,
0.9
],
[
0.1,
0.4
]
],
[
[
0.6,
0.9
],
[
0.6,
0.9
]
],
[
[
0.1,
0.4
],
[
0.6,
0.9
]
],
[
[
0.1,
0.4
],
[
0.1,
0.4
]
],
[
[
0.1,
0.4
],
[
0.1,
0.4
]
],
[
[
0.1,
0.4
],
[
0.6,
0.9
]
],
[
[
0.6,
0.9
],
[
0.1,
0.4
]
],
[
[
0.1,
0.4
],
[
0.6,
0.9
]
],
[
[
0.6,
0.9
],
[
0.1,
0.4
]
],
[
[
0.6,
0.9
],
[
0.6,
0.9
]
],
[
[
0.6,
0.9
],
[
0.1,
0.4
]
],
[
[
0.6,
0.9
],
[
0.1,
0.4
]
],
[
[
0.6,
0.9
],
[
0.1,
0.4
]
],
[
[
0.1,
0.4
],
[
0.1,
0.4
]
],
[
[
0.1,
0.4
],
[
0.1,
0.4
]
],
[
[
0.1,
0.4
],
[
0.1,
0.4
]
],
[
[
0.1,
0.4
],
[
0.1,
0.4
]
],
[
[
0.1,
0.4
],
[
0.1,
0.4
]
],
[
[
0.1,
0.4
],
[
0.6,
0.9
]
],
[
[
0.6,
0.9
],
[
0.1,
0.4
]
],
[
[
0.1,
0.4
],
[
0.1,
0.4
]
],
[
[
0.1,
0.4
],
[
0.1,
0.4
]
],
[
[
0.1,
0.4
],
[
0.6,
0.9
]
],
[
[
0.6,
0.9
],
[
0.6,
0.9
]
],
[
[
0.6,
0.9
],
[
0.1,
0.4
]
],
[
[
0.6,
0.9
],
[
0.1,
0.4
]
],
[
[
0.6,
0.9
],
[
0.6,
0.9
]
],
[
[
0.1,
0.4
],
[
0.1,
0.4
]
],
[
[
0.1,
0.4
],
[
0.6,
0.9
]
],
[
[
0.1,
0.4
],
[
0.6,
0.9
]
],
[
[
0.1,
0.4
],
[
0.1,
0.4
]
],
[
[
0.1,
0.4
],
[
0.1,
0.4
]
],
[
[
0.1,
0.4
],
[
0.1,
0.4
]
],
[
[
0.6,
0.9
],
[
0.1,
0.4
]
],
[
[
0.6,
0.9
],
[
0.6,
0.9
]
],
[
[
0.1,
0.4
],
[
0.6,
0.9
]
],
[
[
0.1,
0.4
],
[
0.6,
0.9
]
],
[
[
0.6,
0.9
],
[
0.1,
0.4
]
],
[
[
0.6,
0.9
],
[
0.6,
0.9
]
],
[
[
0.6,
0.9
],
[
0.1,
0.4
]
],
[
[
0.6,
0.9
],
[
0.1,
0.4
]
],
[
[
0.6,
0.9
],
[
0.1,
0.4
]
],
[
[
0.1,
0.4
],
[
0.6,
0.9
]
],
[
[
0.1,
0.4
],
[
0.1,
0.4
]
],
[
[
0.1,
0.4
],
[
0.1,
0.4
]
]
],
"line_pt_pairs": [
[
[
32.12307302014472,
0.2,
0.1
],
[
32.12307302014472,
-0.2,
0.0
]
],
[
[
32.09142048420513,
0.10712051458299834,
0.12695709193673455
],
[
32.52307302014472,
0.2,
0.0
]
],
[
[
32.52307302014472,
-0.1893496557703608,
0.1
],
[
32.52405738583869,
0.20548842860362496,
0.03173623211467584
]
],
[
[
32.01445436971542,
-0.18875036088946714,
0.02546534242825432
],
[
32.53246358965271,
-0.08857573754809517,
0.1209806258437467
]
],
[
[
31.30446076165377,
-0.6151806757616936,
0.9900741206862971
],
[
32.0989012352797,
0.023597947827015405,
0.7735876810681751
]
],
[
[
32.330173478385625,
-0.5817895292285536,
1.1073780474460964
],
[
31.878116952853663,
-0.059789637685728036,
0.7399718459499156
]
],
[
[
31.269906157775857,
0.32845272198631426,
1.1129828998206577
],
[
32.11202663326063,
-0.1878809505846975,
0.7073416850837285
]
],
[
[
31.262158844865652,
0.2203579405634405,
1.0039358818936424
],
[
32.005073297252416,
0.2949364065352673,
0.9759573264237629
]
],
[
[
32.24391963007718,
0.7964146007968165,
1.7776255502365574
],
[
32.09181754549556,
0.13627207047650966,
0.7719823340794729
]
],
[
[
31.240380837448008,
0.7279857429568821,
1.428386541076648
],
[
32.013115110645636,
0.15757430976473727,
0.7980842747518638
]
],
[
[
32.089097451251526,
-0.4464215235840702,
1.0459411580432505
],
[
32.58181739261304,
-0.3893496505338235,
1.125856268792781
]
],
[
[
33.02365027533174,
-0.5713971100916566,
1.671167792343932
],
[
32.51828385379291,
-0.06600646802272082,
0.8173692525944808
]
],
[
[
32.959120143247226,
0.1839156114949409,
1.7964916673123816
],
[
32.56138077205565,
-0.1700269231832844,
0.7746786718497374
]
],
[
[
32.931909974493834,
0.12087052946289531,
1.7740725546427423
],
[
32.47510946658734,
0.1809827902290745,
0.9978132427268597
]
],
[
[
33.07699642795945,
0.6439666845281022,
1.883982436747262
],
[
32.389773026154174,
0.22885400627068417,
0.954421679478082
]
],
[
[
32.137521532076164,
0.8198641093382922,
1.65223263774156
],
[
32.484874889319535,
0.14193579276873744,
1.042903394180499
]
],
[
[
31.218711264422094,
0.6897349260726621,
1.319006126236367
],
[
32.2348452904078,
0.7836981356719236,
1.5601608678252987
]
],
[
[
33.08075401340296,
0.5871387258232087,
1.7398885076599933
],
[
32.08229611373134,
0.7990685578314674,
1.5491517107665616
]
],
[
[
33.00750468301822,
0.7828373855671265,
1.7732348998316994
],
[
33.06653742226734,
0.0127460703088651,
1.6724942544370973
]
],
[
[
32.94308516600087,
0.26541535048557924,
1.6982922697200895
],
[
33.013126776800156,
-0.6178784707846241,
1.5531522891717502
]
],
[
[
33.04922668457682,
-0.43566601688312273,
1.4822087108467494
],
[
32.116411917373384,
-0.5111877060498009,
0.998858736914513
]
],
[
[
32.335620564577454,
-0.4543795579234703,
1.0840171603205526
],
[
31.274456535899468,
-0.5712647250023981,
0.8744610619590805
]
],
[
[
31.38087706915676,
-0.6593651261888457,
0.9114632889374984
],
[
31.31748685226705,
0.26427324541370495,
1.0980488436863127
]
],
[
[
31.35267098104371,
0.08925224164208408,
1.024595427806112
],
[
31.38183501015046,
0.7492277106744716,
1.3305382071706109
]
],
[
[
32.399939261453945,
0.8322506386471218,
1.7079291673737813
],
[
31.178890278877102,
0.048197919930034215,
0.8993657180334929
]
],
[
[
33.16891769445804,
0.330349476538251,
1.7420204228339176
],
[
32.14358057664639,
-0.5358061605611353,
1.0295620054069599
]
],
[
[
32.14588681200623,
0.8369503173684968,
1.6597637620255452
],
[
33.16613781726827,
0.012188881266911873,
1.6456648609246007
]
],
[
[
31.17424203231003,
0.18532915015179063,
1.0098667414011713
],
[
32.338833824961426,
-0.5585770516188913,
1.0207721252934876
]
],
[
[
32.075105722555044,
0.214907857394454,
0.9785234968824872
],
[
32.08840668008178,
0.1406633534918878,
-0.012614992443474695
]
],
[
[
32.051990917923426,
-0.08507046697335732,
0.8140264225711012
],
[
32.06080107332812,
-0.1498785929759565,
-0.05454071460950711
]
],
[
[
32.4714340425594,
0.25444990338330487,
1.2556893333380408
],
[
32.490136547110616,
0.14485580718489485,
-0.12220466807496817
]
],
[
[
32.47784517409038,
-0.06279309621000469,
1.0082196024605181
],
[
32.48824863142483,
-0.14393867505401012,
-0.011600970604834308
]
],
[
[
32.70052161369091,
-0.058503864343270304,
0.9554849377599088
],
[
31.93106940066067,
-0.2291579867625224,
0.7890914318839406
]
],
[
[
32.45498649522111,
0.23774280896989772,
1.162619990775842
],
[
32.64049426269633,
-0.14899313854268384,
0.8267602351952735
]
],
[
[
31.916106199579186,
0.3571712420294365,
0.9758196770946908
],
[
32.03417271805955,
-0.1732265870304418,
0.6872989696036489
]
],
[
[
31.90687307220296,
0.15760881465960414,
0.7981932971218242
],
[
32.595946312150545,
0.21401860195961075,
1.136042651649975
]
]
],
"contact_t_pairs": [
[
0.8999999452835707,
0.20059135558633337
],
[
0.10000002163689706,
0.8999999037579821
],
[
0.18829690425959966,
0.10000011251525065
],
[
0.13008816201946688,
0.8999999592046162
],
[
0.8999999725699038,
0.8999999738578366
],
[
0.8789993107807281,
0.8826383906340429
],
[
0.13549767376598018,
0.8999999563700778
],
[
0.899999975102037,
0.8765417180101335
],
[
0.7896708260597052,
0.8693169761130491
],
[
0.8999999766402298,
0.7268358711766016
],
[
0.8999999322435914,
0.8016013552607408
],
[
0.7345921414313374,
0.899999802830936
],
[
0.8999999769762662,
0.8999999240333391
],
[
0.10000005055721838,
0.8609897663168701
],
[
0.10323208851152935,
0.1254125405927132
],
[
0.8999993252064289,
0.10000011925439846
],
[
0.2273123460931904,
0.12205979454033451
],
[
0.3232433972279576,
0.8999999679586677
],
[
0.10000007937880784,
0.8320357710504995
],
[
0.8738735731953368,
0.10000004467745575
],
[
0.8999999706600926,
0.8999999422525767
],
[
0.14411954432095908,
0.8709440152200929
],
[
0.21065346631996074,
0.24510681688351485
],
[
0.10000002460883255,
0.2612416922937167
],
[
0.18817814276396394,
0.7973563803075985
],
[
0.8999999605207241,
0.13296600532823327
],
[
0.10000001822239478,
0.8457373746832005
],
[
0.8999999840637964,
0.10000003293114385
],
[
0.7539528455332922,
0.7485902859002003
],
[
0.8999998166883058,
0.10000002739313896
],
[
0.8999999695293165,
0.2795960496535783
],
[
0.8999999638011769,
0.29335400048896365
],
[
0.10000004005121028,
0.2484073181764672
],
[
0.39999991669944646,
0.10000007539577566
],
[
0.25243233590968583,
0.24252242657751993
],
[
0.17563958240666688,
0.15531849396210926
],
[
0.10000003100662777,
0.10000003600599895
],
[
0.10000000872290181,
0.8999999686076958
],
[
0.8124288335496688,
0.11444769579364103
],
[
0.1000000153922503,
0.1182927272190423
],
[
0.10000012080699709,
0.1000000748423839
],
[
0.19411362432057372,
0.8220031757713261
],
[
0.8735477020019043,
0.8671145157699489
],
[
0.8999999702297087,
0.1849651403731591
],
[
0.8298263294779498,
0.10000003719636229
],
[
0.8999999654062742,
0.8999998603523423
],
[
0.10000004895042154,
0.27871625559113394
],
[
0.13556448445473523,
0.7644017681690535
],
[
0.10000010795773452,
0.8843472046403414
],
[
0.29148132459459863,
0.1706644380359344
],
[
0.12082978451316402,
0.10944324023903766
],
[
0.1000000663661846,
0.1267298397779892
],
[
0.7070626232055653,
0.10000001001250539
],
[
0.8999999447768199,
0.8999999773514203
],
[
0.1000000429621047,
0.7926259254638538
],
[
0.17600476554246244,
0.815523652929493
],
[
0.8999999387687982,
0.22158998460357698
],
[
0.8734128897841877,
0.899999908294474
],
[
0.8999999786101915,
0.1491638464234638
],
[
0.8753961559415484,
0.10000002000979226
],
[
0.8999999689694088,
0.10000013531252355
],
[
0.13180235724291176,
0.8250976698460596
],
[
0.1541090233738682,
0.10000007012902508
],
[
0.12068041255193734,
0.23879757067610735
]
],
"half_couplers": [
{
"pose": [
[
-0.9914026275584078,
0.1308465898305539,
5.384581669432009e-13,
32.12307302014472
],
[
0.03173495944894849,
0.24045045594549175,
-0.9701425001433444,
-0.1599999781134283
],
[
-0.1269398377935737,
-0.9618018237481774,
-0.24253562504428383,
0.010000005471642925
],
[
0.0,
0.0,
0.0,
1.0
]
],
"at_element": 0,
"to_element": 3
},
{
"pose": [
[
-0.22252652448309496,
-0.1308465898290586,
0.966106161781189,
32.11836254134886
],
[
0.9525116145287073,
-0.24045045595137227,
0.18682934036358584,
-0.168656197398071
],
[
0.20785468503112942,
0.9618018237469106,
0.17813950080688645,
0.04462488260778076
],
[
0.0,
0.0,
0.0,
1.0
]
],
"at_element": 3,
"to_element": 0
},
{
"pose": [
[
-0.1888657398944269,
0.1759790227933185,
0.9661061617808051,
32.06625530291726
],
[
0.041130337916046686,
-0.981530994355595,
0.1868293403676954,
-0.17873289638786194
],
[
0.9811411863728086,
0.07502193449935193,
0.17813950080465757,
0.035016872836457914
],
[
0.0,
0.0,
0.0,
1.0
]
],
"at_element": 3,
"to_element": 29
},
{
"pose": [
[
-0.9843419510928386,
-0.1759790227949132,
0.010114685110794407,
32.059920056939745
],
[
-0.17624103239126218,
0.9815309943542425,
-0.07440433874199831,
-0.14339777413843174
],
[
0.00316572588914048,
-0.07502193451331005,
-0.9971768586973302,
0.03231608270120768
],
[
0.0,
0.0,
0.0,
1.0
]
],
"at_element": 29,
"to_element": 3
},
{
"pose": [
[
-0.9474854128142005,
-0.31979898765365783,
0.0,
32.12307302014472
],
[
-0.07756264735656644,
0.22979896680970013,
-0.9701425001453319,
0.12468123829616012
],
[
0.3102505894262657,
-0.9191958672388001,
-0.24253562503633308,
0.08117030957404003
],
[
0.0,
0.0,
0.0,
1.0
]
],
"at_element": 0,
"to_element": 1
},
{
"pose": [
[
-0.12232724010735896,
0.31979898765357934,
0.9395555618607463,
32.134585786366586
],
[
0.9520091233313404,
-0.2297989668096525,
0.20216593171726321,
0.1164084735750571
],
[
0.2805613576770854,
0.9191958672388394,
-0.27634088048898686,
0.11426136845845207
],
[
0.0,
0.0,
0.0,
1.0
]
],
"at_element": 1,
"to_element": 0
},
{
"pose": [
[
0.014095486533208357,
0.9999006536948519,
-1.1102230246251565e-16,
32.123073020144716
],
[
0.24251153001811898,
-0.003418657636522937,
-0.9701425001453319,
0.14796473519221326
],
[
-0.9700461200724753,
0.013674630546091526,
-0.24253562503633308,
0.08699118379805332
],
[
0.0,
0.0,
0.0,
1.0
]
],
"at_element": 0,
"to_element": 28
},
{
"pose": [
[
-0.004430191159576546,
-0.9999006536948217,
0.01338118630607572,
32.08707658378649
],
[
-0.9972007662855372,
0.0034186576364241272,
-0.07469233226712498,
0.14808780691097745
],
[
0.07463916616513941,
-0.013674630548326207,
-0.9971168433807245,
0.08649889692299659
],
[
0.0,
0.0,
0.0,
1.0
]
],
"at_element": 28,
"to_element": 0
},
{
"pose": [
[
-0.25164861183772747,
-0.2321816580608545,
0.9395555618590405,
32.47990775471049
],
[
-0.1395620478956654,
0.9693561630470892,
0.20216593172390135,
0.1907120489106066
],
[
-0.9577031956443045,
-0.08025152224560966,
-0.27634088048992966,
0.012695712676118695
],
[
0.0,
0.0,
0.0,
1.0
]
],
"at_element": 1,
"to_element": 30
},
{
"pose": [
[
0.9725783444663743,
0.23218165806981467,
0.013529284201252429,
32.48826629616657
],
[
0.23251527303602892,
-0.9693561630448508,
-0.0792797387227395,
0.15581521966976264
],
[
-0.005292606165917974,
0.08025152224672494,
-0.9967605938724986,
0.015584768087462869
],
[
0.0,
0.0,
0.0,
1.0
]
],
"at_element": 30,
"to_element": 1
},
{
"pose": [
[
-0.013360273274280132,
0.999907729766754,
0.002456634024993687,
32.523938276911274
],
[
0.17038024607481184,
-0.0001444007305004824,
0.98537837955575,
0.15771274826435566
],
[
0.9852878132025806,
0.013583486339126039,
-0.17036259581654578,
0.03999619507750446
],
[
0.0,
0.0,
0.0,
1.0
]
],
"at_element": 2,
"to_element": 30
},
{
"pose": [
[
-0.0012208282057055708,
-0.9999077297668058,
0.013529284204449432,
32.48794159107731
],
[
-0.9968523973872889,
0.00014440073073596071,
-0.07927973872083405,
0.15771794669174777
],
[
0.07927046992232924,
-0.013583486335310743,
-0.9967605938726067,
0.039507189466560885
],
[
0.0,
0.0,
0.0,
1.0
]
],
"at_element": 30,
"to_element": 2
},
{
"pose": [
[
-0.009985413259283593,
0.9999471268378616,
0.0024566340278919796,
32.52320639940639
],
[
0.1703787882793838,
-0.0007194494855506939,
0.9853783795562427,
-0.13585001382346992
],
[
0.9853280469095003,
0.010257968665550232,
-0.17036259581365387,
0.09075041824903776
],
[
0.0,
0.0,
0.0,
1.0
]
],
"at_element": 2,
"to_element": 31
},
{
"pose": [
[
-0.0015307430942328448,
-0.9999471268381795,
0.010168596444415298,
32.487208285237486
],
[
-0.9968494470962014,
0.0007194494896106685,
-0.0793136950118308,
-0.13582411362923427
],
[
0.07930218565447786,
-0.010257968634277234,
-0.9967978418064125,
0.09038113119639321
],
[
0.0,
0.0,
0.0,
1.0
]
],
"at_element": 31,
"to_element": 2
},
{
"pose": [
[
0.18973270556716004,
-0.17504395050161256,
0.9661061617808647,
32.4806626547616
],
[
-0.04597822812692798,
0.9813158513527692,
0.18682934036734666,
-0.09859320237637643
],
[
-0.9807586364526563,
-0.0798674857284159,
0.1781395008047001,
0.11142909512406148
],
[
0.0,
0.0,
0.0,
1.0
]
],
"at_element": 3,
"to_element": 31
},
{
"pose": [
[
0.9845081081633211,
0.1750439505030566,
0.010168596410605205,
32.48696423845556
],
[
0.17529557231186377,
-0.9813158513527325,
-0.07931369498213006,
-0.13392058129885595
],
[
-0.003904777654931115,
0.07986748572570496,
-0.9967978418091206,
0.11430432528373526
],
[
0.0,
0.0,
0.0,
1.0
]
],
"at_element": 31,
"to_element": 3
},
{
"pose": [
[
-0.6296690545330343,
-0.14960664919146666,
0.7623219348025979,
31.931807226717222
],
[
0.6282346331652582,
0.47917577805925515,
0.6129533582688171,
-0.11075583240311626
],
[
-0.45698810428192604,
0.8648748026385142,
-0.20773408075181776,
0.8191210950823302
],
[
0.0,
0.0,
0.0,
1.0
]
],
"at_element": 4,
"to_element": 5
},
{
"pose": [
[
0.8022527585008787,
0.1496066491530913,
-0.5779345655062644,
31.93719306657801
],
[
0.5701132037438276,
-0.4791757779445942,
0.6673541104602128,
-0.12800616198120487
],
[
-0.17709163276304096,
-0.8648748027086792,
-0.4697128157129029,
0.7879855993562548
],
[
0.0,
0.0,
0.0,
1.0
]
],
"at_element": 5,
"to_element": 4
},
{
"pose": [
[
-0.42661395747006026,
0.4866886065885778,
0.762321934295874,
32.01945716935916
],
[
0.717282606917236,
-0.3313515382683576,
0.612953358667042,
-0.04027992945357735
],
[
0.5509139616180989,
0.808294722427446,
-0.20773408143631622,
0.7952363300870607
],
[
0.0,
0.0,
0.0,
1.0
]
],
"at_element": 4,
"to_element": 34
},
{
"pose": [
[
-0.8522358564053887,
-0.4866886069377765,
0.19190686526005385,
32.001921180395655
],
[
-0.38335739270151925,
0.3313515370573661,
-0.8621155771419596,
-0.02834092612547838
],
[
0.35599319448279776,
-0.8082947227136198,
-0.4689653363685269,
0.7661124773129498
],
[
0.0,
0.0,
0.0,
1.0
]
],
"at_element": 34,
"to_element": 4
},
{
"pose": [
[
0.5523077788755656,
-0.6007892771291317,
-0.5779345653966327,
31.923322636036588
],
[
-0.10387591108565075,
-0.7374607013378256,
0.667354110707687,
-0.11198966220884853
],
[
-0.8271432236859982,
-0.3085513870799761,
-0.46971281549618915,
0.7767124909936584
],
[
0.0,
0.0,
0.0,
1.0
]
],
"at_element": 5,
"to_element": 6
},
{
"pose": [
[
-0.13094391604078193,
0.6007892771926207,
0.7886101288103475,
31.944951072217272
],
[
0.47154605045260173,
0.7374607012041121,
-0.48352459759777633,
-0.08544104971336439
],
[
-0.8720653720647649,
0.3085513872759408,
-0.3798658029563009,
0.787820352337922
],
[
0.0,
0.0,
0.0,
1.0
]
],
"at_element": 6,
"to_element": 5
},
{
"pose": [
[
-0.7681694397038601,
-0.2755128851807375,
-0.5779345655041263,
31.998096307247092
],
[
-0.6391745504584299,
0.38222295144304386,
0.6673541109758991,
-0.1983325110731835
],
[
0.03703519881574424,
0.8820420996129121,
-0.46971281498286155,
0.8374843391138634
],
[
0.0,
0.0,
0.0,
1.0
]
],
"at_element": 5,
"to_element": 32
},
{
"pose": [
[
-0.10791096984939941,
0.27551288527910966,
-0.9552213736256859,
32.00801477367587
],
[
0.8994570490365091,
-0.3822229510804003,
-0.21185521614046915,
-0.21209254087288357
],
[
-0.4234763742225732,
-0.8820420997393323,
-0.2065659574148968,
0.8057308152791892
],
[
0.0,
0.0,
0.0,
1.0
]
],
"at_element": 32,
"to_element": 5
},
{
"pose": [
[
0.5959765177521946,
0.1513474645418198,
0.7886101288119058,
32.0278145663234
],
[
0.7531061345970471,
-0.44613351538732315,
-0.4835245975960724,
-0.13624757143966731
],
[
0.2786451871471359,
0.8820764317364522,
-0.37986580295523575,
0.7479058158967968
],
[
0.0,
0.0,
0.0,
1.0
]
],
"at_element": 6,
"to_element": 34
},
{
"pose": [
[
-0.9696729861348936,
-0.15134746452954156,
0.19190686527771111,
32.022366057242394
],
[
-0.24025323756768935,
0.4461335153121222,
-0.8621155771435126,
-0.12018676383190191
],
[
0.04486292231321792,
-0.8820764317765936,
-0.4689653363584463,
0.7161510622707078
],
[
0.0,
0.0,
0.0,
1.0
]
],
"at_element": 34,
"to_element": 6
},
{
"pose": [
[
-0.22054863516509204,
0.9753235323060548,
0.010114685207926244,
32.05287193390931
],
[
0.9725035702371322,
0.22068257808099712,
-0.07440433863395297,
-0.09155128285013582
],
[
-0.07480043718352576,
-0.006573207859546654,
-0.9971768587044072,
0.727169664940702
],
[
0.0,
0.0,
0.0,
1.0
]
],
"at_element": 29,
"to_element": 34
},
{
"pose": [
[
0.10915934418555362,
-0.9753235322984868,
0.1919068652283764,
32.01776026373544
],
[
-0.4561314845877084,
-0.22068257811972902,
-0.862115577218184,
-0.09949586086780332
],
[
0.8831921117994617,
0.00657320768209424,
-0.4689653362413633,
0.7274063005744006
],
[
0.0,
0.0,
0.0,
1.0
]
],
"at_element": 34,
"to_element": 29
},
{
"pose": [
[
-0.5265867041587553,
0.3762601636056208,
0.7623219348062149,
31.386472510944262
],
[
0.7740414154687751,
-0.15858142301380673,
0.6129533582696246,
-0.549238224352111
],
[
0.3515200280813518,
0.9128418381945403,
-0.20773408073616162,
0.9677257733900932
],
[
0.0,
0.0,
0.0,
1.0
]
],
"at_element": 4,
"to_element": 22
},
{
"pose": [
[
0.924079620661716,
-0.3762601635980374,
-0.06712036923972611,
31.3729271410079
],
[
0.13560613901543742,
0.15858142306517287,
0.9779892163617913,
-0.5435292914172533
],
[
-0.35733433887470833,
-0.9128418381887428,
0.19756504932090668,
0.9348634573964479
],
[
0.0,
0.0,
0.0,
1.0
]
],
"at_element": 22,
"to_element": 4
},
{
"pose": [
[
-0.14329818923071702,
0.16765592211574476,
-0.975375374275318,
31.38057365483393
],
[
0.9725831392825082,
0.20625131477275538,
-0.10743571258148255,
-0.559576129421146
],
[
0.18316021988024184,
-0.9640289865631785,
-0.19261476298402513,
0.8954168132023357
],
[
0.0,
0.0,
0.0,
1.0
]
],
"at_element": 21,
"to_element": 22
},
{
"pose": [
[
-0.983558004295338,
-0.16765592211573266,
-0.06712036923389739,
31.374538039908227
],
[
-0.03158303100281677,
-0.20625131477274716,
0.9779892163552663,
-0.5670011788806522
],
[
-0.17780934828980854,
0.9640289865631823,
0.19756504935518615,
0.9301218666635279
],
[
0.0,
0.0,
0.0,
1.0
]
],
"at_element": 22,
"to_element": 21
},
{
"pose": [
[
0.13763512295638713,
-0.1387867651968392,
0.9807113778961564,
32.201098777089314
],
[
0.17648514481446315,
0.9777264100207587,
0.1135960422186326,
-0.43344838222508586
],
[
-0.9746330420156081,
0.1574461843110744,
0.1590632970150092,
1.0641068493560235
],
[
0.0,
0.0,
0.0,
1.0
]
],
"at_element": 10,
"to_element": 21
},
{
"pose": [
[
0.17140919772409668,
0.13878676519737637,
-0.9753753742747607,
32.20609510126342
],
[
0.18030151083392992,
-0.9777264100207561,
-0.10743571258630003,
-0.4686465374019369
],
[
-0.9685609181288409,
-0.15744618431061497,
-0.19261476298415947,
1.0584387860098772
],
[
0.0,
0.0,
0.0,
1.0
]
],
"at_element": 21,
"to_element": 10
},
{
"pose": [
[
0.18520305845614915,
0.06249016244666633,
0.980711377896615,
32.24836591897918
],
[
-0.8002164790318012,
0.5888544182372802,
0.11359604222146563,
-0.42797341745314577
],
[
-0.570397592758275,
-0.8058197402147849,
0.1590632970101573,
1.0717731899317773
],
[
0.0,
0.0,
0.0,
1.0
]
],
"at_element": 10,
"to_element": 25
},
{
"pose": [
[
0.73539785193684,
-0.06249016244213906,
-0.6747480855583339,
32.24611432128072
],
[
-0.5730238790180944,
-0.5888544182358901,
-0.5699948317301898,
-0.449190569098416
],
[
-0.36170932175123416,
0.8058197402161517,
-0.46885062955725654,
1.1008078699777726
],
[
0.0,
0.0,
0.0,
1.0
]
],
"at_element": 25,
"to_element": 10
},
{
"pose": [
[
-0.1416063159274552,
-0.13473249256664466,
0.9807113778967963,
32.1383694844992
],
[
0.9738633199048188,
-0.1966880101515427,
0.11359604221358877,
-0.4407143317487483
],
[
0.17758909153835567,
0.9711647553888093,
0.1590632970146657,
1.0539326754617697
],
[
0.0,
0.0,
0.0,
1.0
]
],
"at_element": 10,
"to_element": 27
},
{
"pose": [
[
-0.5212271401202615,
0.1347324925662972,
0.8427155058790163,
32.143224062467816
],
[
-0.8194788118254768,
0.19668801015154214,
-0.5383013130503511,
-0.43362742002772714
],
[
-0.23827871363417857,
-0.9711647553888576,
0.007891293895280538,
1.0189404108966165
],
[
0.0,
0.0,
0.0,
1.0
]
],
"at_element": 27,
"to_element": 10
},
{
"pose": [
[
0.446873624132367,
0.12656787855246782,
-0.8855984056972616,
32.23406451083138
],
[
0.13770491724816414,
-0.9878747941565529,
-0.07169900163756843,
-0.5016624252489553
],
[
-0.8839351332651509,
-0.0899108624631948,
-0.45888420869609803,
1.059821942022713
],
[
0.0,
0.0,
0.0,
1.0
]
],
"at_element": 20,
"to_element": 21
},
{
"pose": [
[
-0.18061963175675055,
-0.12656787855252544,
-0.9753753742753447,
32.229504114299544
],
[
-0.11207568305576868,
0.9878747941564966,
-0.10743571258125635,
-0.46606807985349497
],
[
0.9771466573097606,
0.08991086246373468,
-0.19261476298401603,
1.0630615411219722
],
[
0.0,
0.0,
0.0,
1.0
]
],
"at_element": 21,
"to_element": 20
},
{
"pose": [
[
0.30270834100272503,
-0.3522543457701553,
-0.8855984056971974,
32.209693421462426
],
[
-0.8384419002936505,
-0.5402540448679001,
-0.07169900163771448,
-0.5036355349173337
],
[
-0.45319183589220813,
0.7642266960070896,
-0.4588842086961993,
1.04719374848918
],
[
0.0,
0.0,
0.0,
1.0
]
],
"at_element": 20,
"to_element": 27
},
{
"pose": [
[
-0.40712093048258735,
0.3522543457702141,
0.8427155058790544,
32.22237457844411
],
[
-0.6468054293001163,
0.5402540448679877,
-0.5383013130502939,
-0.4841863884831567
],
[
-0.6448994375799101,
-0.7642266960070007,
0.00789129389509835,
1.0196815862744981
],
[
0.0,
0.0,
0.0,
1.0
]
],
"at_element": 27,
"to_element": 20
},
{
"pose": [
[
0.14911361513591403,
-0.16250541233566446,
-0.9753753742753166,
32.18268608831459
],
[
-0.9647163171917115,
-0.24037469710053694,
-0.10743571258146112,
-0.47122499494076453
],
[
-0.21699667537812584,
0.9569806664480953,
-0.19261476298404379,
1.0538160309150193
],
[
0.0,
0.0,
0.0,
1.0
]
],
"at_element": 21,
"to_element": 27
},
{
"pose": [
[
-0.5132470819329766,
0.16250541233556698,
0.8427155058790194,
32.1885362842942
],
[
-0.8077448244105248,
0.2403746971007633,
-0.5383013130503462,
-0.46257150416549564
],
[
-0.29004436130580946,
-0.9569806664480551,
0.007891293895262552,
1.0193647202358618
],
[
0.0,
0.0,
0.0,
1.0
]
],
"at_element": 27,
"to_element": 21
},
{
"pose": [
[
0.6090307915977486,
0.08470867390596792,
0.7886101289299499,
31.44730175499574
],
[
0.6993204676184415,
-0.5264549818340294,
-0.48352459676014,
0.21968524408151502
],
[
0.374209003707479,
0.8459725720537421,
-0.37986580377421686,
1.027533171854084
],
[
0.0,
0.0,
0.0,
1.0
]
],
"at_element": 6,
"to_element": 7
},
{
"pose": [
[
0.06472654204246786,
-0.08470867262026588,
0.9943012197207329,
31.44425224150693
],
[
-0.8443235525640542,
0.5264549845919498,
0.09981426643473745,
0.23863763096585047
],
[
-0.5319099673260875,
-0.8459725704662076,
-0.03744591670607056,
0.9970781472214213
],
[
0.0,
0.0,
0.0,
1.0
]
],
"at_element": 7,
"to_element": 6
},
{
"pose": [
[
-0.59055520809149,
-0.17128517428834494,
0.7886101288120948,
31.354118226047937
],
[
-0.7676698161339586,
0.42057938242212844,
-0.4835245975938304,
0.2768193420228442
],
[
-0.24885256597606498,
-0.8909401619359364,
-0.37986580295769734,
1.072418768364608
],
[
0.0,
0.0,
0.0,
1.0
]
],
"at_element": 6,
"to_element": 23
},
{
"pose": [
[
-0.9844067520396673,
0.1712851742903652,
0.04005915135187271,
31.360289841361663
],
[
-0.036290084511563236,
-0.4205793824352868,
0.9065296535891678,
0.2616653500444444
],
[
0.17212314285085728,
0.8909401619293364,
0.42023713728854484,
1.104520437232337
],
[
0.0,
0.0,
0.0,
1.0
]
],
"at_element": 23,
"to_element": 6
},
{
"pose": [
[
-0.6122594519154063,
0.056854448160840454,
0.7886101288118055,
31.428374824836087
],
[
-0.5603501277817238,
0.6724668748824354,
-0.4835245975964996,
0.23129001043540456
],
[
-0.5578047129912511,
-0.7379402915617072,
-0.3798658029548996,
1.036650089402944
],
[
0.0,
0.0,
0.0,
1.0
]
],
"at_element": 6,
"to_element": 24
},
{
"pose": [
[
0.6756193487495039,
-0.056854448157368453,
-0.735055145768001,
31.426328064528196
],
[
-0.5701003914326752,
-0.6724668748759819,
-0.4719892433973901,
0.20708120088053317
],
[
-0.46746554876654467,
0.7379402915678553,
-0.48674437520852964,
1.0632159421587826
],
[
0.0,
0.0,
0.0,
1.0
]
],
"at_element": 24,
"to_element": 6
},
{
"pose": [
[
-0.4114223330498854,
-0.9089700324552261,
-0.0671203692341924,
31.32382587645862
],
[
0.1532641914710356,
-0.14158806554843606,
0.9779892163551609,
0.17190937178887572
],
[
-0.8984663329699777,
0.3920794559685537,
0.19756504935560892,
1.0793902808451687
],
[
0.0,
0.0,
0.0,
1.0
]
],
"at_element": 22,
"to_element": 23
},
{
"pose": [
[
0.4149322167299234,
0.9089700324604628,
0.04005915136915761,
31.356548805493308
],
[
-0.3976893345850386,
0.1415880655678785,
0.9065296535944398,
0.17700654337394778
],
[
0.8183363909034603,
-0.39207945594939203,
0.42023713727552403,
1.0652754170372263
],
[
0.0,
0.0,
0.0,
1.0
]
],
"at_element": 23,
"to_element": 22
},
{
"pose": [
[
-0.9451979657150775,
-0.3240309707432516,
0.040059151354793376,
31.355587384485823
],
[
0.1707685691563286,
-0.3860596883284655,
0.9065296535889099,
0.15524980057165638
],
[
-0.27827846017322366,
0.8636908283911059,
0.42023713728882295,
1.0551897113175719
],
[
0.0,
0.0,
0.0,
1.0
]
],
"at_element": 23,
"to_element": 24
},
{
"pose": [
[
-0.5955651624128484,
0.3240309707435718,
-0.7350551457674017,
31.367252500569812
],
[
0.7925806401636595,
0.38605968832075566,
-0.4719892434065048,
0.16914795070610628
],
[
0.13083602775199704,
-0.8636908283944318,
-0.48674437520059666,
1.0240968384639326
],
[
0.0,
0.0,
0.0,
1.0
]
],
"at_element": 24,
"to_element": 23
},
{
"pose": [
[
-0.6147606135976245,
0.2859428625619197,
-0.7350551457672868,
31.30099519659367
],
[
0.766738361664821,
0.4351303699593281,
-0.4719892434056143,
0.12660320429656668
],
[
0.1848828621603913,
-0.8537553750864197,
-0.4867443752016334,
0.9802220758529534
],
[
0.0,
0.0,
0.0,
1.0
]
],
"at_element": 24,
"to_element": 27
},
{
"pose": [
[
0.4561438978013679,
-0.28594286256093215,
0.8427155058790808,
31.290701249926506
],
[
0.721729351979534,
-0.4351303699577571,
-0.5383013130502543,
0.11093850547704029
],
[
0.5206145282162008,
0.8537553750875515,
0.007891293894991769,
1.0109572801495297
],
[
0.0,
0.0,
0.0,
1.0
]
],
"at_element": 27,
"to_element": 24
},
{
"pose": [
[
-0.04748472017783967,
0.0954478138787474,
0.9943012200411907,
31.82228131023046
],
[
0.7291431388082574,
-0.6770431270362574,
0.09981426381940084,
0.2765865871984071
],
[
0.6827118605081317,
0.7297275648889349,
-0.03744591516829021,
0.9828413703832156
],
[
0.0,
0.0,
0.0,
1.0
]
],
"at_element": 7,
"to_element": 9
},
{
"pose": [
[
-0.7337901733698402,
-0.09544781319587894,
0.6726378642493926,
31.818842207945902
],
[
-0.5432103902582333,
0.6770431277794462,
-0.49652298541167494,
0.3009812851028314
],
[
-0.40801281031526165,
-0.7297275642887208,
-0.548655837967567,
0.9565483873250337
],
[
0.0,
0.0,
0.0,
1.0
]
],
"at_element": 9,
"to_element": 7
},
{
"pose": [
[
-0.07081309952428172,
0.07969058246697142,
0.9943012199539126,
31.930781715828832
],
[
0.8809406420925576,
-0.4625804769998152,
0.0998142645525969,
0.28747854626697966
],
[
0.46789858948848784,
0.8829885125893192,
-0.03744591553140597,
0.9787551870995472
],
[
0.0,
0.0,
0.0,
1.0
]
],
"at_element": 7,
"to_element": 34
},
{
"pose": [
[
-0.9781723601322645,
-0.07969058245298737,
0.19190686527995496,
31.927912854661432
],
[
-0.20682367833223786,
0.4625804769812317,
-0.8621155771687106,
0.30413144459418723
],
[
-0.0200698767908066,
-0.8829885126003167,
-0.4689653363112054,
0.9469675984420988
],
[
0.0,
0.0,
0.0,
1.0
]
],
"at_element": 34,
"to_element": 7
},
{
"pose": [
[
-0.9700247916522484,
0.2081258350872573,
-0.12544138212425976,
32.10702775858837
],
[
0.2426796500933971,
0.8029325919494363,
-0.5444316671685312,
0.20228634362353445
],
[
-0.012589321290646681,
-0.5585542852351879,
-0.8293724250509233,
0.8725466863378175
],
[
0.0,
0.0,
0.0,
1.0
]
],
"at_element": 8,
"to_element": 35
},
{
"pose": [
[
-0.3934686345985834,
-0.20812583709197013,
0.8954697479657774,
32.0995352280143
],
[
0.5915449854593842,
-0.8029325926618489,
0.07330608309805056,
0.17338076835048458
],
[
0.7037449564756988,
0.5585542834640946,
0.43904458618565,
0.8926546420259065
],
[
0.0,
0.0,
0.0,
1.0
]
],
"at_element": 35,
"to_element": 8
},
{
"pose": [
[
-0.6133989227625305,
-0.41388412016679343,
0.6726378644021809,
31.935841655353805
],
[
-0.7888529984079212,
0.3621820966111935,
-0.4965229861719923,
0.21461547373217432
],
[
-0.03811441271487365,
-0.835179061021096,
-0.5486558370921801,
0.8611145242005426
],
[
0.0,
0.0,
0.0,
1.0
]
],
"at_element": 9,
"to_element": 34
},
{
"pose": [
[
0.889871727050925,
0.41388411968000577,
0.1919068650989605,
31.950741485099204
],
[
0.354373901098387,
-0.3621820952540207,
-0.8621155769951717,
0.2015769170240597
],
[
-0.2873107161518947,
0.8351790618508786,
-0.4689653367042934,
0.8911809733282876
],
[
0.0,
0.0,
0.0,
1.0
]
],
"at_element": 34,
"to_element": 9
},
{
"pose": [
[
-0.9989122150815148,
-0.04466912147314487,
0.013381186336000711,
32.07643581884044
],
[
-0.04554687366551569,
0.9961659187167162,
-0.07469233351943307,
0.20748340403061513
],
[
-0.009993440860829513,
-0.0752205555290447,
-0.9971168432865141,
0.8794096082535948
],
[
0.0,
0.0,
0.0,
1.0
]
],
"at_element": 28,
"to_element": 35
},
{
"pose": [
[
-0.4428753786808697,
0.04466911936005494,
0.8954697475257739,
32.078043907765505
],
[
0.047745994897489666,
-0.9961659189723253,
0.07330608330330537,
0.17162141864170372
],
[
0.8953109621408223,
0.07522055339878472,
0.4390445870488048,
0.8821175492278126
],
[
0.0,
0.0,
0.0,
1.0
]
],
"at_element": 35,
"to_element": 28
},
{
"pose": [
[
0.9184858239315563,
-0.34576805273713607,
0.19190686528402082,
31.963332797136324
],
[
-0.01058328299716721,
-0.5066011505256687,
-0.8621155771745869,
0.14501215458791794
],
[
0.39531226310066847,
0.7898099315610295,
-0.4689653362987398,
0.8604114181322087
],
[
0.0,
0.0,
0.0,
1.0
]
],
"at_element": 34,
"to_element": 35
},
{
"pose": [
[
0.28031836305728497,
0.34576805276364425,
0.8954697476860521,
31.97578044815093
],
[
-0.8590584921228228,
0.5066011505640631,
0.07330607995814242,
0.16324979764266445
],
[
-0.4282991039502023,
-0.7898099315247974,
0.43904458728043616,
0.8319782580470534
],
[
0.0,
0.0,
0.0,
1.0
]
],
"at_element": 35,
"to_element": 34
},
{
"pose": [
[
0.8836312547118842,
-0.4510656996206129,
-0.12544138201593744,
32.20552414556951
],
[
-0.44139396926210045,
-0.7132780136886538,
-0.5444316661321386,
0.6297732798347307
],
[
0.1560998705808215,
0.5364459057669614,
-0.8293724257476343,
1.5237686840902955
],
[
0.0,
0.0,
0.0,
1.0
]
],
"at_element": 8,
"to_element": 15
},
{
"pose": [
[
-0.8183755073473431,
0.451065699620808,
0.35609165056143866,
32.22176251115468
],
[
0.0907378932099007,
0.7132780136918888,
-0.694982812679265,
0.6554512889582307
],
[
-0.5674752538303387,
-0.536445905762496,
-0.6246580076176467,
1.504456631008487
],
[
0.0,
0.0,
0.0,
1.0
]
],
"at_element": 15,
"to_element": 8
},
{
"pose": [
[
0.9733191630365592,
0.19213085786397738,
-0.12544138201671765,
32.217204483458076
],
[
0.09436074030050956,
-0.833480780582166,
-0.5444316661345879,
0.6804674424424773
],
[
-0.2091551040633524,
0.5180690319413,
-0.8293724257459085,
1.6009947957006296
],
[
0.0,
0.0,
0.0,
1.0
]
],
"at_element": 8,
"to_element": 24
},
{
"pose": [
[
-0.6502150922060912,
-0.19213085786839695,
-0.7350551457694711,
32.21028777242614
],
[
0.2872906934270303,
0.833480780575919,
-0.4719892433951995,
0.7104727511890865
],
[
0.70333803490046,
-0.518069031949711,
-0.48674437520843394,
1.5823443101494394
],
[
0.0,
0.0,
0.0,
1.0
]
],
"at_element": 24,
"to_element": 8
},
{
"pose": [
[
0.8368022871060437,
-0.5329412650303064,
-0.1254413820156298,
32.228709416902845
],
[
-0.5071356364929908,
-0.6681374163387954,
-0.5444316661317276,
0.7304003272959921
],
[
0.20633801998890952,
0.5191974585030404,
-0.8293724257479509,
1.6770611974392442
],
[
0.0,
0.0,
0.0,
1.0
]
],
"at_element": 8,
"to_element": 26
},
{
"pose": [
[
-0.33356269703174,
0.5329412650317081,
0.7776307190275561,
32.247911949267596
],
[
-0.39801684277432015,
0.6681374163407421,
-0.6286294502753431,
0.754474144061979
],
[
-0.8545867539441935,
-0.5191974584990959,
-0.01074611889036392,
1.6583538714078057
],
[
0.0,
0.0,
0.0,
1.0
]
],
"at_element": 26,
"to_element": 8
},
{
"pose": [
[
0.8931974882902356,
-0.2745851112351398,
0.3560916505620434,
32.17225687083043
],
[
0.0567162542796127,
-0.7167859907830221,
-0.6949828126779045,
0.7520712717678346
],
[
0.44607343948334877,
0.6409530872889113,
-0.6246580076188155,
1.5912997080703346
],
[
0.0,
0.0,
0.0,
1.0
]
],
"at_element": 15,
"to_element": 17
},
{
"pose": [
[
-0.0008478514787799707,
0.2745851112333171,
-0.961562425345779,
32.182141935042395
],
[
0.6667545607093031,
0.716785990784653,
0.20409850364029525,
0.7778755679776757
],
[
0.7452768860773921,
-0.6409530872878687,
-0.18368860327994097,
1.5682253964435722
],
[
0.0,
0.0,
0.0,
1.0
]
],
"at_element": 17,
"to_element": 15
},
{
"pose": [
[
0.0869124787255956,
0.26046866068568336,
-0.9615624253486506,
32.26957802662429
],
[
0.860795443450705,
0.4662349250642821,
0.20409850363196486,
0.7593166320360555
],
[
0.5014752492160275,
-0.8454472611883661,
-0.18368860327416492,
1.5849284342448624
],
[
0.0,
0.0,
0.0,
1.0
]
],
"at_element": 17,
"to_element": 24
},
{
"pose": [
[
0.6259792404546072,
-0.2604686606879648,
-0.735055145767507,
32.26019301894686
],
[
-0.748232015304985,
-0.4662349250866269,
-0.47198924341780113,
0.7425176116092114
],
[
-0.2197699747292926,
0.8454472611753411,
-0.48674437518948355,
1.615390943693827
],
[
0.0,
0.0,
0.0,
1.0
]
],
"at_element": 24,
"to_element": 17
},
{
"pose": [
[
-0.6017029178162889,
0.3124860498845201,
-0.735055145767264,
32.27783434440157
],
[
0.7849886235872146,
0.4012717470105456,
-0.47198924340471493,
0.7538453547070773
],
[
0.1474668082315987,
-0.8610072320710634,
-0.48674437520254,
1.6270728099941414
],
[
0.0,
0.0,
0.0,
1.0
]
],
"at_element": 24,
"to_element": 26
},
{
"pose": [
[
0.5455666168798532,
-0.3124860498826306,
0.7776307190273681,
32.26657508586665
],
[
0.6661876607205802,
-0.4012717470116818,
-0.6286294502756247,
0.7393870377869465
],
[
0.5084791709105818,
0.8610072320712197,
-0.010746118887507539,
1.6580959645635232
],
[
0.0,
0.0,
0.0,
1.0
]
],
"at_element": 26,
"to_element": 24
},
{
"pose": [
[
0.7362445420051167,
-0.07417734117705388,
0.6726378642505779,
31.317654358119476
],
[
0.37474226509729786,
-0.7829643413186187,
-0.4965229853423191,
0.6709445307279753
],
[
0.5634822172149025,
0.6176281747778393,
-0.5486558380288802,
1.3653562382992457
],
[
0.0,
0.0,
0.0,
1.0
]
],
"at_element": 9,
"to_element": 16
},
{
"pose": [
[
0.23541424662585864,
0.07417734121209979,
0.9690602945824801,
31.320324743070554
],
[
-0.615578463606389,
0.7829643412951193,
0.08961024162615255,
0.6991312540650187
],
[
-0.7520926057538241,
-0.6176281748034198,
0.22998293427865346,
1.343121618443856
],
[
0.0,
0.0,
0.0,
1.0
]
],
"at_element": 16,
"to_element": 9
},
{
"pose": [
[
0.6340277088973008,
0.38153265621954446,
0.6726378643731696,
31.390379087855127
],
[
0.7690191027709654,
-0.40258482806515894,
-0.49652298615984103,
0.6172611123060622
],
[
0.08135406519516392,
0.8320806982798035,
-0.5486558371387438,
1.3060362837428727
],
[
0.0,
0.0,
0.0,
1.0
]
],
"at_element": 9,
"to_element": 23
},
{
"pose": [
[
0.923486923038617,
-0.3815326557202816,
0.04005915121038456,
31.37664390558775
],
[
0.127001744268322,
0.4025848278336951,
0.9065296538728989,
0.6317541731178771
],
[
-0.36199787282451146,
-0.8320806986207185,
0.4202371366899714,
1.2760813640480362
],
[
0.0,
0.0,
0.0,
1.0
]
],
"at_element": 23,
"to_element": 9
},
{
"pose": [
[
-0.04007788456887118,
-0.8901654165079564,
-0.45387145142837576,
32.58218859912757
],
[
-0.8700683945455956,
-0.19225490395028055,
0.45389320409091627,
-0.12991427609907077
],
[
-0.4912990453698582,
0.413090284514517,
-0.7667996249727702,
0.9253340399732173
],
[
0.0,
0.0,
0.0,
1.0
]
],
"at_element": 11,
"to_element": 12
},
{
"pose": [
[
-0.2973942329694472,
0.8901654165245199,
-0.34519878536901344,
32.6142345609938
],
[
0.9320267904649988,
0.1922549039357334,
-0.30718742449549463,
-0.12299309807295677
],
[
-0.20708146235727493,
-0.41309028448559515,
-0.8868335158368694,
0.9104627865443499
],
[
0.0,
0.0,
0.0,
1.0
]
],
"at_element": 12,
"to_element": 11
},
{
"pose": [
[
0.840811344311962,
0.29502031931993805,
-0.45387145147571584,
32.5688205109917
],
[
0.5030679599378042,
-0.7354614789950917,
0.45389320395701943,
-0.11654554727524105
],
[
-0.19989725100742928,
-0.6099667401610636,
-0.7667996250240077,
0.9027491319872571
],
[
0.0,
0.0,
0.0,
1.0
]
],
"at_element": 11,
"to_element": 32
},
{
"pose": [
[
-0.022696668900736183,
-0.29502031935838213,
-0.9552213734975198,
32.55819977709733
],
[
-0.6435944220482842,
0.735461479030443,
-0.2118552165293274,
-0.09006892805180554
],
[
0.7650301177921984,
0.6099667400998446,
-0.20656595760875796,
0.9247079395883782
],
[
0.0,
0.0,
0.0,
1.0
]
],
"at_element": 32,
"to_element": 11
},
{
"pose": [
[
0.9260607572894288,
