{
"contact_id_pairs": [
[
0,
3
],
[
0,
12
],
[
3,
4
],
[
3,
12
],
[
0,
2
],
[
0,
6
],
[
2,
14
],
[
6,
14
],
[
1,
10
],
[
1,
18
],
[
3,
18
],
[
10,
18
],
[
1,
2
],
[
1,
11
],
[
1,
19
],
[
11,
19
],
[
4,
9
],
[
5,
9
],
[
5,
8
],
[
6,
8
],
[
7,
10
],
[
9,
10
],
[
7,
11
],
[
8,
11
],
[
12,
13
],
[
13,
17
],
[
13,
14
],
[
14,
16
],
[
15,
18
],
[
17,
18
],
[
15,
16
],
[
16,
19
]
],
"contact_t_bound_pairs": [
[
[
0.6,
0.9
],
[
0.6,
0.9
]
],
[
[
0.6,
0.9
],
[
0.1,
0.4
]
],
[
[
0.6,
0.9
],
[
0.1,
0.4
]
],
[
[
0.6,
0.9
],
[
0.1,
0.4
]
],
[
[
0.1,
0.4
],
[
0.6,
0.9
]
],
[
[
0.1,
0.4
],
[
0.6,
0.9
]
],
[
[
0.6,
0.9
],
[
0.6,
0.9
]
],
[
[
0.6,
0.9
],
[
0.6,
0.9
]
],
[
[
0.6,
0.9
],
[
0.6,
0.9
]
],
[
[
0.6,
0.9
],
[
0.6,
0.9
]
],
[
[
0.1,
0.4
],
[
0.6,
0.9
]
],
[
[
0.6,
0.9
],
[
0.6,
0.9
]
],
[
[
0.1,
0.4
],
[
0.1,
0.4
]
],
[
[
0.1,
0.4
],
[
0.1,
0.4
]
],
[
[
0.1,
0.4
],
[
0.1,
0.4
]
],
[
[
0.1,
0.4
],
[
0.1,
0.4
]
],
[
[
0.6,
0.9
],
[
0.6,
0.9
]
],
[
[
0.1,
0.4
],
[
0.6,
0.9
]
],
[
[
0.6,
0.9
],
[
0.6,
0.9
]
],
[
[
0.1,
0.4
],
[
0.6,
0.9
]
],
[
[
0.6,
0.9
],
[
0.1,
0.4
]
],
[
[
0.1,
0.4
],
[
0.1,
0.4
]
],
[
[
0.1,
0.4
],
[
0.6,
0.9
]
],
[
[
0.1,
0.4
],
[
0.6,
0.9
]
],
[
[
0.6,
0.9
],
[
0.1,
0.4
]
],
[
[
0.1,
0.4
],
[
0.6,
0.9
]
],
[
[
0.6,
0.9
],
[
0.1,
0.4
]
],
[
[
0.1,
0.4
],
[
0.6,
0.9
]
],
[
[
0.6,
0.9
],
[
0.1,
0.4
]
],
[
[
0.1,
0.4
],
[
0.1,
0.4
]
],
[
[
0.1,
0.4
],
[
0.1,
0.4
]
],
[
[
0.1,
0.4
],
[
0.6,
0.9
]
]
],
"line_pt_pairs": [
[
[
20.45677226131327,
5.422580388186745,
0.07207447082321722
],
[
20.45677226131327,
2.6536136262797703,
0.07207447082321722
]
],
[
[
20.44846944523884,
5.656689205378292,
2.3088886760391607
],
[
20.600825317606315,
2.3982811258938317,
2.1815631304749554
]
],
[
[
20.428617307492996,
5.352091308297794,
2.5744360378813176
],
[
20.419900771317614,
5.122749521201325,
-0.20584032875779296
]
],
[
[
20.306538355955244,
2.7686865285871534,
2.466103514773397
],
[
20.43351033612743,
2.948490735117505,
-0.19583458584248695
]
],
[
[
20.149139858430527,
2.99616332385962,
0.11763731109828014
],
[
22.87885629914586,
2.6536136262797703,
0.3
]
],
[
[
22.62356370248437,
2.421170044982805,
0.34115356907418115
],
[
22.87885629914586,
5.422580388186745,
0.3
]
],
[
[
23.112149704017227,
5.092934160994887,
0.35677212451105217
],
[
20.158002630159086,
5.074936694237906,
0.08026733985036373
]
],
[
[
22.781500809446346,
5.618155413689275,
2.429037282637421
],
[
22.738788292713696,
2.4792931809164687,
2.5616346175508933
]
],
[
[
22.74182195664715,
5.287543976331675,
2.750128249171121
],
[
22.825885056960075,
5.107462398378887,
0.03088171449340821
]
],
[
[
22.734278686955157,
2.758618528636638,
2.7880230884192008
],
[
22.59665095451729,
2.719681577128444,
0.002487226328215462
]
],
[
[
23.04836804238424,
2.8011951571199987,
2.551945546316251
],
[
20.042314813290506,
2.7053352830742767,
2.159669788941428
]
],
[
[
20.182060570520218,
5.265308356955703,
2.2303805759954964
],
[
23.06175258432772,
5.310330630862033,
2.5056218963131323
]
],
[
[
20.729050582299866,
3.0044967532390676,
0.08662458099614803
],
[
18.03468822348068,
2.6536136262797703,
0.3
]
],
[
[
18.33715211149913,
2.3854576911044583,
0.31616870239600253
],
[
18.03468822348068,
5.422580388186745,
0.3
]
],
[
[
17.767228688983614,
5.1202176732854765,
0.3660734544237738
],
[
20.7783642544789,
5.112023313703598,
0.07985221441325788
]
],
[
[
18.118920361620795,
5.593358960459308,
2.441719578061379
],
[
18.183423991295335,
2.450447519527398,
2.556139276264574
]
],
[
[
18.170874897611593,
5.296905878664604,
2.743744290854179
],
[
18.083382842565236,
5.139534140810396,
0.06521963289042944
]
],
[
[
18.181161437635573,
2.8094684909172813,
2.777220859639186
],
[
18.357963582259426,
2.7063089505959628,
0.04320003376582383
]
],
[
[
17.870859191022106,
2.7651001052408484,
2.5527834651460126
],
[
20.880245962576847,
2.747464018821326,
2.1159378327484437
]
],
[
[
20.785181676207984,
5.304583725754285,
2.2291373621124335
],
[
17.87064688949537,
5.318498234673454,
2.5009637740300725
]
]
],
"contact_t_pairs": [
[
0.8999999963926674,
0.8999999888468779
],
[
0.8859521119870601,
0.10000000880593653
],
[
0.8763700364469811,
0.10000000821958915
],
[
0.8853558681227935,
0.11674976456693695
],
[
0.10000000355442487,
0.8999999902197686
],
[
0.1248999994745529,
0.8999999907816293
],
[
0.88609216812689,
0.8813447717461763
],
[
0.8919113140032765,
0.899999991614225
],
[
0.8999999907391024,
0.8208043403232407
],
[
0.8926480657530967,
0.8999999938649373
],
[
0.10000002286777301,
0.8133915820955582
],
[
0.8999999935265887,
0.821283792390387
],
[
0.10000001038472432,
0.1000000127454428
],
[
0.11921055403582981,
0.10000001001949485
],
[
0.10796820244605666,
0.11102897805278335
],
[
0.10829542695738541,
0.10000000852560412
],
[
0.8999999931583254,
0.8999999904199697
],
[
0.10000000943121445,
0.879277014166954
],
[
0.8999999947299435,
0.8999999893456015
],
[
0.10000001114646738,
0.8911973743278769
],
[
0.8999999856809802,
0.10000001348343829
],
[
0.10000001343067651,
0.10942617480602833
],
[
0.10000001286669186,
0.899999985029079
],
[
0.10000001649235167,
0.8917045488960523
],
[
0.8999999940620856,
0.10000000838307231
],
[
0.10786350942878746,
0.8999999890647036
],
[
0.8999999940273393,
0.10000000956382969
],
[
0.10793467751988235,
0.8999999876066384
],
[
0.8999999874142602,
0.10000001355340475
],
[
0.1000000144492304,
0.10898185361637776
],
[
0.10000001436551974,
0.10894002469015705
],
[
0.10000001752986828,
0.8999999842840872
]
],
"half_couplers": [
{
"pose": [
[
0.0476449030527859,
0.9988643367410265,
-5.292433158388121e-13,
20.45677226131327
],
[
5.292433158388121e-13,
-5.551115123125783e-13,
-1.0,
2.9305103124590515
],
[
-0.9988643367410265,
0.047644903052786014,
-5.551115123125783e-13,
0.07207447082321722
],
[
0.0,
0.0,
0.0,
1.0
]
],
"at_element": 0,
"to_element": 3
},
{
"pose": [
[
0.0032072927757370584,
-0.9988643367408105,
0.04753682846374381,
20.42081313669408
],
[
-0.997731665157787,
1.340705324537339e-12,
0.06731659781561672,
2.9305103124590914
],
[
-0.06724014882880762,
-0.04764490305731242,
-0.996598577963133,
0.07035925390802206
],
[
0.0,
0.0,
0.0,
1.0
]
],
"at_element": 3,
"to_element": 0
},
{
"pose": [
[
-0.9968788845171379,
-0.0789461183584529,
-3.4139358007223564e-15,
20.45677226131327
],
[
-3.4139358007223564e-15,
8.626432901337466e-14,
-1.0,
2.9694084374532896
],
[
0.0789461183584529,
-0.9968788845171379,
-8.637535131583718e-14,
0.07207447082321722
],
[
0.0,
0.0,
0.0,
1.0
]
],
"at_element": 0,
"to_element": 12
},
{
"pose": [
[
0.12833999522597372,
0.07894611835847071,
-0.9885830041132244,
20.459614322691564
],
[
-0.9916781461291237,
-1.5765166949677223e-13,
-0.12874181329274603,
2.9694084374532834
],
[
-0.010163666430048901,
0.9968788845171366,
0.07828914029779832,
0.10796212477550363
],
[
0.0,
0.0,
0.0,
1.0
]
],
"at_element": 12,
"to_element": 0
},
{
"pose": [
[
0.9917064626655763,
-0.11940913636135961,
0.047536828467665646,
20.417812794846487
],
[
-0.12245316714377377,
-0.9901887181313516,
0.06731659781843975,
2.9262615476174783
],
[
0.03903221443614291,
-0.0725793403030421,
-0.9965985779627551,
0.1332607245170472
],
[
0.0,
0.0,
0.0,
1.0
]
],
"at_element": 3,
"to_element": 4
},
{
"pose": [
[
0.07450974123215293,
0.11940913629284526,
0.9900453305941675,
20.422111524939208
],
[
0.0639589467479167,
0.9901887181451205,
-0.1242399114174676,
2.9619083512860174
],
[
-0.9951670973220602,
0.07257934022791707,
0.06614142257062139,
0.1358735814873985
],
[
0.0,
0.0,
0.0,
1.0
]
],
"at_element": 4,
"to_element": 3
},
{
"pose": [
[
0.9911243621797855,
0.12414809153969965,
0.04753682846766013,
20.418953743687858
],
[
0.12082723547121256,
-0.9903884363350663,
0.06731659782079319,
2.927877237951963
],
[
0.055437152362811166,
-0.06097537651243018,
-0.9965985779625968,
0.10934099681348097
],
[
0.0,
0.0,
0.0,
1.0
]
],
"at_element": 3,
"to_element": 12
},
{
"pose": [
[
0.0853867397847291,
-0.12414809156796501,
-0.9885830041169872,
20.414484411249706
],
[
-0.0505597735626714,
0.9903884363295499,
-0.1287418132620497,
2.963531230776059
],
[
0.9950642260508746,
0.06097537654448114,
0.07828914030076195,
0.11153611092921928
],
[
0.0,
0.0,
0.0,
1.0
]
],
"at_element": 12,
"to_element": 3
},
{
"pose": [
[
-0.0031351175897171846,
0.9999950855067732,
-3.4428015993626104e-13,
20.45677226131327
],
[
-3.4428015993626104e-13,
-3.455014052633487e-13,
-1.0,
5.145683702153963
],
[
-0.9999950855067732,
-0.0031351175897171846,
3.453903829608862e-13,
0.07207447082321722
],
[
0.0,
0.0,
0.0,
1.0
]
],
"at_element": 0,
"to_element": 2
},
{
"pose": [
[
0.00025773558410824293,
-0.9999950855067756,
-0.0031245055072869204,
20.420772425020402
],
[
-0.9966150929298496,
6.715739075957572e-13,
-0.08220922420523902,
5.145683702153988
],
[
0.08220882018856579,
0.0031351175889242078,
-0.9966101950717281,
0.07218733509786424
],
[
0.0,
0.0,
0.0,
1.0
]
],
"at_element": 2,
"to_element": 0
},
{
"pose": [
[
-0.9956482001132518,
0.09319153186444754,
-1.734723475976807e-15,
20.45677226131327
],
[
-1.734723475976807e-15,
-3.708144902248023e-14,
-1.0,
5.076736441079509
],
[
-0.09319153186444754,
-0.9956482001132517,
3.697042672001771e-14,
0.07207447082321722
],
[
0.0,
0.0,
0.0,
1.0
]
],
"at_element": 0,
"to_element": 6
},
{
"pose": [
[
0.00603925132865335,
-0.09319153186518286,
-0.9956298839588986,
20.453417364777323
],
[
-0.9999816037890876,
-6.015188347419098e-13,
-0.006065647814067987,
5.076736441079512
],
[
0.0005652670109489999,
0.995648200113183,
-0.09318981749411126,
0.10791782086535619
],
[
0.0,
0.0,
0.0,
1.0
]
],
"at_element": 6,
"to_element": 0
},
{
"pose": [
[
-0.9999821102346063,
-0.005100654475859227,
-0.0031245055068383604,
20.420893653054794
],
[
-0.004826552793049686,
0.9966034054947716,
-0.08220922420482903,
5.148873346927389
],
[
0.003533213675999553,
-0.08219267291031383,
-0.9966101950717634,
0.11085492417411608
],
[
0.0,
0.0,
0.0,
1.0
]
],
"at_element": 2,
"to_element": 14
},
{
"pose": [
[
0.09452863087645302,
0.005100654475177865,
0.99550907643705,
20.42107727665185
],
[
0.08230621342300551,
-0.9966034054947106,
-0.002709130545489616,
5.11299561731018
],
[
0.9921139174392173,
0.08219267291109765,
-0.09462737100405683,
0.1138138609777981
],
[
0.0,
0.0,
0.0,
1.0
]
],
"at_element": 14,
"to_element": 2
},
{
"pose": [
[
0.09337121656781378,
0.0017175810809305948,
-0.9956298839588318,
20.477312505613476
],
[
-0.04630370258831176,
-0.9989089923727839,
-0.006065647813947646,
5.076882016770938
],
[
-0.9945540624034772,
0.04666770695052529,
-0.09318981749483313,
0.11015437869614453
],
[
0.0,
0.0,
0.0,
1.0
]
],
"at_element": 6,
"to_element": 14
},
{
"pose": [
[
-0.09465056073092892,
-0.0017175810810969826,
0.9955090764370513,
20.477250672678665
],
[
-0.04662065602819872,
0.9989089923727715,
-0.0027091305458792417,
5.112842749730502
],
[
-0.9944183152903114,
-0.04666770695078231,
-0.0946273710040324,
0.10847434081449639
],
[
0.0,
0.0,
0.0,
1.0
]
],
"at_element": 14,
"to_element": 6
},
{
"pose": [
[
-0.9906925585281814,
0.12786733057239183,
0.04667119292644041,
20.585589728958613
],
[
-0.04125376447098508,
0.04469465146664775,
-0.9981485435781828,
2.724121964018061
],
[
-0.1297165424834429,
-0.9907836968292149,
-0.03900364987505167,
2.1942956862105247
],
[
0.0,
0.0,
0.0,
1.0
]
],
"at_element": 1,
"to_element": 10
},
{
"pose": [
[
0.03709428659427272,
-0.12786733048468513,
-0.9910973512711969,
20.58098650470141
],
[
-0.9985006303750286,
-0.04469465139110418,
-0.03160505145856046,
2.722512956440431
],
[
-0.04025549704987563,
0.9907836968439419,
-0.12933352630126294,
2.2299639020594095
],
[
0.0,
0.0,
0.0,
1.0
]
],
"at_element": 10,
"to_element": 1
},
{
"pose": [
[
0.9885639165885887,
0.14339868398922406,
0.04667119292656491,
20.58446962001379
],
[
0.05175784679585525,
-0.03194699120334832,
-0.9981485435786148,
2.748077535792226
],
[
-0.1416421833850593,
0.9891492340305439,
-0.039003649863844636,
2.195231774070315
],
[
0.0,
0.0,
0.0,
1.0
]
],
"at_element": 1,
"to_element": 18
},
{
"pose": [
[
-0.010325827304970225,
-0.14339868400914635,
0.9896111330795108,
20.579307266958597
],
[
-0.9994727389108493,
0.03194699121463829,
-0.005799476388193503,
2.749227627571477
],
[
-0.030783460892390424,
-0.9891492340272912,
-0.14365295457702887,
2.159622398668276
],
[
0.0,
0.0,
0.0,
1.0
]
],
"at_element": 18,
"to_element": 1
},
{
"pose": [
[
-0.9987455262143505,
0.01573606704513824,
0.0475368284677435,
20.31923555687603
],
[
0.0189213026802832,
0.9975522342026568,
0.06731659782081144,
2.7866669533519106
],
[
-0.04636117094834709,
0.06813160963340496,
-0.9965985779625917,
2.1999096438392125
],
[
0.0,
0.0,
0.0,
1.0
]
],
"at_element": 3,
"to_element": 18
},
{
"pose": [
[
0.14290619815978778,
-0.01573606725947487,
0.9896111330794134,
20.31866905827446
],
[
-0.06968433171992511,
-0.9975522342160699,
-0.005799476120690473,
2.750755061006099
],
[
0.9872800577547703,
-0.06813160938751046,
-0.1436529545884968,
2.1974569050786195
],
[
0.0,
0.0,
0.0,
1.0
]
],
"at_element": 18,
"to_element": 3
},
{
"pose": [
[
0.13241290422191665,
0.013887515058773281,
-0.9910973512834195,
20.3429201556593
],
[
-0.1326601128860647,
-0.9906575670618012,
-0.031605051372347065,
2.7149212710993895
],
[
-0.9822770063706948,
0.1356640031426335,
-0.12933352622866723,
2.1988973672182723
],
[
0.0,
0.0,
0.0,
1.0
]
],
"at_element": 10,
"to_element": 18
},
{
"pose": [
[
-0.14309766669410173,
-0.013887515106323044,
0.9896111330774705,
20.342419771534047
],
[
-0.13624959044321358,
0.9906575670613368,
-0.005799476542715926,
2.7506158733032984
],
[
-0.980285217113244,
-0.13566400314115976,
-0.14365295458484328,
2.1940092274813603
],
[
0.0,
0.0,
0.0,
1.0
]
],
"at_element": 18,
"to_element": 10
},
{
"pose": [
[
-0.008826191586803311,
0.9988713120778923,
0.04667119293378946,
20.46370503405776
],
[
0.03863261026811987,
0.04697878646249831,
-0.9981485435777495,
5.330848363592177
],
[
-0.9992145013789304,
-0.00700682027034677,
-0.03900364987734428,
2.2961561201604996
],
[
0.0,
0.0,
0.0,
1.0
]
],
"at_element": 1,
"to_element": 2
},
{
"pose": [
[
0.047395562806031744,
-0.9988713120776002,
-0.0031245055085867834,
20.42774565376436
],
[
-0.9955072260295944,
-0.04697878647015208,
-0.08220922420661886,
5.329157126665084
],
[
0.08196965017103426,
0.007006820260687385,
-0.9966101950716104,
2.296408365781553
],
[
0.0,
0.0,
0.0,
1.0
]
],
"at_element": 2,
"to_element": 1
},
{
"pose": [
[
0.9944410114359548,
-0.09438683449031993,
0.046671192925961044,
20.466631873194377
],
[
0.04273747871089295,
-0.04327808759232199,
-0.9981485435784532,
5.268252572948125
],
[
0.09623192135498125,
0.9945944563535674,
-0.03900364986870386,
2.293710127209538
],
[
0.0,
0.0,
0.0,
1.0
]
],
"at_element": 1,
"to_element": 11
},
{
"pose": [
[
0.019594733695003086,
0.094386834480789,
0.9953427409129572,
20.470029800754027
],
[
-0.998941862160065,
0.04327808758225338,
0.015561592444366168,
5.269810584797437
],
[
-0.041607720865287245,
-0.9945944563549101,
0.09513498280063648,
2.2579047107850387
],
[
0.0,
0.0,
0.0,
1.0
]
],
"at_element": 11,
"to_element": 1
},
{
"pose": [
[
0.9946049096831318,
0.09264379841661405,
0.04667119292616184,
20.464919034910455
],
[
0.05005593225324331,
-0.03455269306993913,
-0.9981485435784965,
5.304884742200647
],
[
-0.09085965705673754,
0.99509961210753,
-0.039003649867360934,
2.29514156575913
],
[
0.0,
0.0,
0.0,
1.0
]
],
"at_element": 1,
"to_element": 19
},
{
"pose": [
[
0.007938824239975606,
-0.09264379842433806,
-0.9956676662838848,
20.461583857339996
],
[
0.9993915727512543,
0.03455269307452258,
0.0047534950375917595,
5.306128639459687
],
[
0.0339626174412595,
-0.9950996121066515,
0.09286173917028573,
2.259317970835404
],
[
0.0,
0.0,
0.0,
1.0
]
],
"at_element": 19,
"to_element": 1
},
{
"pose": [
[
-0.09625492263179458,
0.005274275261542491,
0.995342740913708,
20.493918046661275
],
[
0.1064407696970915,
-0.9941972638197107,
0.015561592453571318,
5.270184063330982
],
[
0.9896491057013278,
0.10744292733291382,
0.09513498279127541,
2.2601879522956096
],
[
0.0,
0.0,
0.0,
1.0
]
],
"at_element": 11,
"to_element": 19
},
{
"pose": [
[
0.09283361642517607,
-0.0052742752618277905,
-0.9956676662832261,
20.493728172688552
],
[
0.10746722708863206,
0.9941972638198486,
0.0047534950306753546,
5.305975176764832
],
[
0.9898649982514302,
-0.10744292733162447,
0.09286173917770213,
2.256320005621682
],
[
0.0,
0.0,
0.0,
1.0
]
],
"at_element": 19,
"to_element": 11
},
{
"pose": [
[
-0.06310768753122109,
-0.12580804077965735,
0.9900453306034254,
22.605884636398493
],
[
0.02820151151422086,
-0.9918513594176419,
-0.12423991133967183,
2.6878685983813684
],
[
0.9976081868763784,
0.020080281286882502,
0.06614142257817424,
0.2817637298621618
],
[
0.0,
0.0,
0.0,
1.0
]
],
"at_element": 4,
"to_element": 9
},
{
"pose": [
[
-0.9908267288033332,
0.12580804077571778,
-0.04934298698965603,
22.610413729079553
],
[
0.12663334000881932,
0.991851359418048,
-0.013959871732253068,
2.7235752726522806
],
[
0.04718464461132231,
-0.020080281291494285,
-0.9986843303147186,
0.28104083922283196
],
[
0.0,
0.0,
0.0,
1.0
]
],
"at_element": 9,
"to_element": 4
},
{
"pose": [
[
0.04896661470425745,
0.9951988701813931,
0.08474360998968322,
22.649092964558236
],
[
0.009529359073743193,
-0.0853070237630047,
0.9963091402834472,
2.7213111076101435
],
[
0.9987549559126345,
-0.047978333509792526,
-0.013660803547911993,
0.3370382117786349
],
[
0.0,
0.0,
0.0,
1.0
]
],
"at_element": 5,
"to_element": 9
},
{
"pose": [
[
-0.08452501653344369,
-0.9951988701822899,
-0.049342987018569415,
22.61326578531062
],
[
-0.9962569114822667,
0.0853070237782485,
-0.013959871701148208,
2.72438216217375
],
[
0.01810215191175533,
0.04797833346408524,
-0.9986843303137247,
0.338765432744867
],
[
0.0,
0.0,
0.0,
1.0
]
],
"at_element": 9,
"to_element": 5
},
{
"pose": [
[
-0.035075535116068535,
0.9957852315658128,
0.08474360997586994,
22.853327038134303
],
[
0.01668450247643649,
-0.08420050096077647,
0.9963091402848155,
5.122439338048748
],
[
0.9992453823828437,
0.03635998120702466,
-0.013660803533818378,
0.3041153571242997
],
[
0.0,
0.0,
0.0,
1.0
]
],
"at_element": 5,
"to_element": 8
},
{
"pose": [
[
-0.0863780507558396,
-0.9957852315658425,
0.030831881924122156,
22.817478746033142
],
[
-0.9942574374925205,
0.08420050096124754,
-0.066048645926177,
5.125470558092827
],
[
0.06317420627461938,
-0.03635998120511545,
-0.9973399477752487,
0.30280639693311556
],
[
0.0,
0.0,
0.0,
1.0
]
],
"at_element": 8,
"to_element": 5
},
{
"pose": [
[
0.09338695296331034,
-0.00010575610587170575,
-0.9956298839588307,
22.81673496370311
],
[
-0.0657978980393309,
-0.9978145341345732,
-0.006065647814586038,
5.091134414118581
],
[
-0.9934533273535473,
0.06607680595678675,
-0.09318981749480404,
0.3291216429629317
],
[
0.0,
0.0,
0.0,
1.0
]
],
"at_element": 6,
"to_element": 8
},
{
"pose": [
[
-0.9995245789237757,
0.0001057561047319186,
0.0308318819227132,
22.81673877092389
],
[
-0.001931797491164552,
0.9978145341344763,
-0.066048645924433,
5.12705574689533
],
[
-0.03077148494471704,
-0.06607680595825059,
-0.9973399477754079,
0.32674287731616525
],
[
0.0,
0.0,
0.0,
1.0
]
],
"at_element": 8,
"to_element": 6
},
{
"pose": [
[
0.9913363291115186,
-0.13064256061555485,
-0.013594261271213291,
22.743059544998562
],
[
-0.007951296302714059,
0.04361889244404282,
-0.9990166010177515,
2.7931794491391795
],
[
0.13110705347465243,
0.9904695419737883,
0.042202215006187926,
2.548374882160882
],
[
0.0,
0.0,
0.0,
1.0
]
],
"at_element": 7,
"to_element": 10
},
{
"pose": [
[
-0.025662455747990087,
0.13064256062795587,
-0.9910973512816758,
22.747762678942934
],
[
0.9985482026115095,
-0.04361889245258754,
-0.03160505153505544,
2.791609168422906
],
[
-0.047359533636917805,
-0.9904695419717764,
-0.12933352620226968,
2.512717965289543
],
[
0.0,
0.0,
0.0,
1.0
]
],
"at_element": 10,
"to_element": 7
},
{
"pose": [
[
0.9983238878417134,
0.030243753066501584,
-0.04934298698962602,
22.72051591186294
],
[
0.02958833466737439,
-0.9994646829341798,
-0.013959871736190212,
2.754724832962869
],
[
-0.049738771760241295,
0.012476496612908106,
-0.9986843303146649,
2.5094694647984714
],
[
0.0,
0.0,
0.0,
1.0
]
],
"at_element": 9,
"to_element": 10
},
{
"pose": [
[
-0.1296586120898393,
-0.030243753046665885,
-0.9910973512791713,
22.719427136261203
],
[
0.008453891539684198,
0.9994646829345173,
-0.03160505156521806,
2.7907055777857876
],
[
0.9915226553280424,
-0.012476496633956372,
-0.1293335262140911,
2.509020310717586
],
[
0.0,
0.0,
0.0,
1.0
]
],
"at_element": 10,
"to_element": 9
},
{
"pose": [
[
-0.9953146748888968,
0.09572822996012016,
-0.013594261271293068,
22.777229557223514
],
[
0.00947907021755813,
-0.04331256305985631,
-0.999016601017719,
5.304269150025221
],
[
-0.09622289321476687,
-0.9944647444077082,
0.04220221500693122,
2.4422970178348575
],
[
0.0,
0.0,
0.0,
1.0
]
],
"at_element": 7,
"to_element": 11
},
{
"pose": [
[
-0.011354915116497999,
-0.09572822996455,
0.9953427409141795,
22.77378333983533
],
[
0.9989403679506593,
0.043312563062418374,
0.015561592449541639,
5.305828402797375
],
[
-0.04460052893519023,
0.9944647444071704,
0.09513498278700105,
2.4780977601607526
],
[
0.0,
0.0,
0.0,
1.0
]
],
"at_element": 11,
"to_element": 7
},
{
"pose": [
[
0.9994817230344668,
0.009256369545184747,
0.030831881922718192,
22.75022826806484
],
[
0.011277816497920987,
-0.9977526683634561,
-0.06604864592588451,
5.269535815566428
],
[
0.03015122178441003,
0.06636213074070645,
-0.9973399477753115,
2.47820355085658
],
[
0.0,
0.0,
0.0,
1.0
]
],
"at_element": 8,
"to_element": 11
},
{
"pose": [
[
0.09595388336770094,
-0.009256369542851736,
0.9953427409136734,
22.749895038652003
],
[
-0.06517246054586363,
0.997752668363564,
0.01556159245660969,
5.305454923399623
],
[
-0.9932499195333749,
-0.06636213073940536,
0.09513498279114041,
2.475814513366888
],
[
0.0,
0.0,
0.0,
1.0
]
],
"at_element": 11,
"to_element": 8
},
{
"pose": [
[
-0.12936397638387676,
-0.07725675111359015,
-0.9885830041132229,
18.30412447536149
],
[
0.9915929170118032,
-0.013001247713572361,
-0.12874181329278084,
2.688701941059214
],
[
-0.002906638294430941,
-0.996926457651347,
0.07828914029775924,
0.2786624568326098
],
[
0.0,
0.0,
0.0,
1.0
]
],
"at_element": 12,
"to_element": 13
},
{
"pose": [
[
-0.9920741449926154,
0.07725675111353945,
-0.0990973523589394,
18.306905720161705
],
[
-0.09838351166851901,
0.013001247713654962,
0.9950636422810646,
2.689169986273106
],
[
0.07816377337962618,
0.9969264576513499,
-0.005297411234710614,
0.31455183202085885
],
[
0.0,
0.0,
0.0,
1.0
]
],
"at_element": 13,
"to_element": 12
},
{
"pose": [
[
0.06071201565960438,
-0.9932239253620798,
-0.09909735235055322,
18.304527295061984
],
[
0.0007323774880956813,
-0.0992361397466146,
0.9950636422819423,
2.713052403777578
],
[
-0.9981550554787382,
-0.06048489610251567,
-0.005297411226721893,
0.31442468941266005
],
[
0.0,
0.0,
0.0,
1.0
]
],
"at_element": 13,
"to_element": 17
},
{
"pose": [
[
-0.09668333165321452,
0.9932239253633349,
0.06448695578396403,
18.34028336586366
],
[
0.9943522693549379,
0.09923613973790224,
-0.03762649330730304,
2.716624905756175
],
[
-0.04377096993578615,
0.06048489609619874,
-0.997208944772916,
0.31660214625048816
],
[
0.0,
0.0,
0.0,
1.0
]
],
"at_element": 17,
"to_element": 13
},
{
"pose": [
[
0.9905653609532316,
-0.09465717318322969,
-0.09909735235895144,
18.06493461408904
],
[
0.09814016631979244,
-0.014726016605572045,
0.9950636422810634,
5.118868100338813
],
[
-0.09564922077214007,
-0.9954010066299374,
-0.0052974112347381475,
0.30161687033617046
],
[
0.0,
0.0,
0.0,
1.0
]
],
"at_element": 13,
"to_element": 14
},
{
"pose": [
[
0.00130318703620258,
0.09465717318312628,
0.99550907643704,
18.06834227433113
],
[
0.9998878962396842,
0.014726016605363212,
-0.0027091305463528004,
5.1193982372489195
],
[
-0.014916321829703483,
0.9954010066299503,
-0.09462737100413676,
0.337451327685351
],
[
0.0,
0.0,
0.0,
1.0
]
],
"at_element": 14,
"to_element": 13
},
{
"pose": [
[
0.09462324476001072,
0.0028496109447934924,
0.9955090764370513,
18.092234635213995
],
[
0.058565665778423565,
-0.9982798822993528,
-0.002709130547126567,
5.119333217726525
],
[
0.9937889636854584,
0.05855899857284702,
-0.09462737100399798,
0.33518025718389793
],
[
0.0,
0.0,
0.0,
1.0
]
],
"at_element": 14,
"to_element": 16
},
{
"pose": [
[
-0.9994647191775874,
-0.002849610943983991,
-0.03259071703314767,
18.092132049154195
],
[
-0.0009347143973252959,
0.9982798822993096,
-0.058620840197595066,
5.155271316546181
],
[
0.03270170375167336,
-0.058558998573613526,
-0.9977481857952906,
0.33307213188272916
],
[
0.0,
0.0,
0.0,
1.0
]
],
"at_element": 16,
"to_element": 14
},
{
"pose": [
[
0.9893986726201677,
0.14376990588584856,
0.02050562798415142,
18.176973627516055
],
[
0.015047403479106242,
0.03895017476840201,
-0.9991278494437276,
2.7647387031764543
],
[
-0.14444321467617352,
0.9888443244753368,
0.036373887432162966,
2.544697305004198
],
[
0.0,
0.0,
0.0,
1.0
]
],
"at_element": 15,
"to_element": 18
},
{
"pose": [
[
-0.00013947160627436617,
-0.14376990588482652,
0.9896111330767956,
18.17179790896502
],
[
-0.999224324143646,
-0.03895017475601148,
-0.005799476368603729,
2.7633364963598672
],
[
0.03937931674553119,
-0.9888443244759735,
-0.1436529545965235,
2.50909889598551
],
[
0.0,
0.0,
0.0,
1.0
]
],
"at_element": 18,
"to_element": 15
},
{
"pose": [
[
-0.9979184751929537,
0.00038652815137383797,
0.0644869557705972,
18.198841654652615
],
[
-0.002044419889694432,
0.9992897814684824,
-0.03762649332567994,
2.7991525353945734
],
[
-0.06445569963847562,
-0.03768001126142362,
-0.9972089447730872,
2.5038187375473533
],
[
0.0,
0.0,
0.0,
1.0
]
],
"at_element": 17,
"to_element": 18
},
{
"pose": [
[
0.14376945394091678,
-0.0003865281356099613,
0.9896111330767915,
18.198827739634748
],
[
0.03723303271547475,
-0.9992897814690442,
-0.0057994763866385,
2.7631780918523097
],
[
0.988910534572435,
0.03768001124669647,
-0.14365295459582428,
2.5051752183831066
],
[
0.0,
0.0,
0.0,
1.0
]
],
"at_element": 18,
"to_element": 17
},
{
"pose": [
[
0.03304154776774104,
-0.9992436016019779,
0.020505627974281737,
18.125370725514877
],
[
0.037038895220357027,
-0.01927850378311402,
-0.9991278494430731,
5.27906777121656
],
[
0.9987674285648125,
0.03377223636942084,
0.036373887455707354,
2.4531615495253973
],
[
0.0,
0.0,
0.0,
1.0
]
],
"at_element": 15,
"to_element": 16
},
{
"pose": [
[
-0.021214849034329575,
0.9992436016025725,
-0.03259071703368853,
18.161343510974653
],
[
0.9980941520652142,
0.019278503772297895,
-0.05862084019802613,
5.279761797657233
],
[
-0.05794819922716864,
-0.033772236358003374,
-0.9977481857952473,
2.4519457484824136
],
[
0.0,
0.0,
0.0,
1.0
]
],
"at_element": 16,
"to_element": 15
},
{
"pose": [
[
0.9994685348625127,
0.0007021275150472753,
-0.03259071703314733,
18.162125690573234
],
[
-0.001210218838998987,
-0.9982795863207987,
-0.05862084019814749,
5.2811687021204765
],
[
-0.032575806822606836,
0.05862912716498196,
-0.9977481857952579,
2.4758917781036196
],
[
0.0,
0.0,
0.0,
1.0
]
],
"at_element": 16,
"to_element": 19
},
{
"pose": [
[
0.09298067183595804,
-0.0007021275144783318,
-0.9956676662832267,
18.162100413971203
],
[
0.05844032700400143,
0.9982795863207223,
0.0047534950292349686,
5.317106783562858
],
[
0.9939513684504886,
-0.0586291271662899,
0.09286173917776763,
2.4737811285663085
],
[
0.0,
0.0,
0.0,
1.0
]
],
"at_element": 19,
"to_element": 16
}
],
"contact_residues": [
6.12364829324042e-10,
1.0190660839936567e-09,
7.137120170611765e-10,
6.627519822562176e-10,
9.5144465075311e-10,
1.072992966161527e-09,
5.071132108127851e-10,
6.655807812021059e-10,
2.0089847217103334e-10,
2.1668348926835477e-10,
8.599102161017425e-10,
2.248920892443548e-06,
9.412969137245694e-10,
1.1579430726682051e-09,
6.430789102141758e-10,
8.644171235387e-10,
1.838843934237031e-09,
1.4402957016165326e-09,
1.7182726070572338e-09,
6.889523048598301e-10,
9.711863611319005e-10,
1.1696904990779274e-09,
8.34582850373505e-10,
8.494926675949974e-10,
1.6403365962787013e-09,
6.876373900370358e-10,
1.5269551638852233e-09,
1.6629315802771681e-09,
9.710948965766962e-10,
8.220233710839171e-10,
1.1386511470060942e-09,
1.1781199308246432e-09
],
"collision_dists": [
0.02,
0.02,
0.02,
0.02,
0.02,
0.02,
0.02,
0.02,
0.02,
0.02,
0.02,
0.02,
0.02,
0.02,
0.02,
0.02,
0.02,
0.02,
0.02,
0.02,
0.02,
0.02,
0.02,
0.02,
0.02,
0.02,
0.02,
0.02,
0.02,
0.02,
0.02,
0.02,
0.02,
0.02,
0.02,
0.02,
0.02,
0.02,
0.02,
0.02,
0.02,
0.02,
0.02,
0.02,
0.02,
0.02,
0.02,
0.02,
0.025,
0.025,
0.025,
0.025,
0.025,
0.025,
0.025,
0.025,
0.025,
0.025,
0.025,
0.025,
0.025,
0.025,
0.025,
0.025,
0.025,
0.025,
0.025,
0.025,
0.025,
0.025,
0.025,
0.025,
0.025,
0.025,
0.025,
0.025,
0.025,
0.025,
0.025,
0.025,
0.025,
0.025,
0.025,
0.025,
0.025,
0.025,
0.025,
0.025,
0.025,
0.025,
0.025,
0.025,
0.025,
0.025,
0.025,
0.025
],
"collision_id_pairs": [
[
0,
2
],
[
0,
3
],
[
0,
4
],
[
0,
6
],
[
0,
12
],
[
0,
14
],
[
1,
2
],
[
1,
3
],
[
1,
10
],
[
1,
11
],
[
1,
18
],
[
1,
19
],
[
2,
6
],
[
2,
11
],
[
2,
14
],
[
2,
19
],
[
3,
4
],
[
3,
10
],
[
3,
12
],
[
3,
18
],
[
4,
5
],
[
4,
9
],
[
4,
12
],
[
5,
6
],
[
5,
8
],
[
5,
9
],
[
6,
8
],
[
6,
14
],
[
7,
8
],
[
7,
9
],
[
7,
10
],
[
7,
11
],
[
8,
11
],
[
9,
10
],
[
10,
18
],
[
11,
19
],
[
12,
13
],
[
12,
17
],
[
13,
14
],
[
13,
16
],
[
13,
17
],
[
14,
16
],
[
15,
16
],
[
15,
17
],
[
15,
18
],
[
15,
19
],
[
16,
19
],
[
17,
18
]
],
"collision_t_pairs": [
[
[
0.10000000356514477,
0.8999999964348552
],
[
0.899999990209222,
0.10000000979077812
]
],
[
[
0.8999999963818339,
0.10000000361816609
],
[
0.8999999888351747,
0.10000001116482535
]
],
[
[
0.8900322703064057,
0.10996772969359418
],
[
0.11108668165092343,
0.8889133183490766
]
],
[
[
0.12489999948343965,
0.8751000005165603
],
[
0.8999999907715829,
0.10000000922841719
]
],
[
[
0.8859521119784702,
0.11404788802152979
],
[
0.10000000881677933,
0.8999999911832206
]
],
[
[
0.11184379107147778,
0.8881562089285223
],
[
0.8943987629376355,
0.10560123706236439
]
],
[
[
0.10000001039438526,
0.8999999896056148
],
[
0.10000001275822966,
0.8999999872417703
]
],
[
[
0.8768728938125167,
0.12312710618748333
],
[
0.10599654029755154,
0.8940034597024485
]
],
[
[
0.8999999907308032,
0.10000000926919697
],
[
0.8208043403185854,
0.17919565968141463
]
],
[
[
0.11921055404289756,
0.8807894459571024
],
[
0.10000001003033143,
0.8999999899696686
]
],
[
[
0.8926480657448638,
0.10735193425513621
],
[
0.8999999938548173,
0.10000000614518276
]
],
[
[
0.10796820245326519,
0.8920317975467348
],
[
0.1110289780615407,
0.8889710219384593
]
],
[
[
0.8903658721120578,
0.10963412788794233
],
[
0.9110614600562941,
0.08893853994370603
]
],
[
[
0.11695701686453173,
0.8830429831354683
],
[
0.08541618248067376,
0.9145838175193263
]
],
[
[
0.8860921681161802,
0.11390783188381981
],
[
0.8813447717373016,
0.11865522826269834
]
],
[
[
0.1127949561668814,
0.8872050438331186
],
[
0.12265744166920273,
0.8773425583307973
]
],
[
[
0.8763700364369068,
0.12362996356309315
],
[
0.10000000823154799,
0.8999999917684519
]
],
[
[
0.09961712051600959,
0.9003828794839904
],
[
0.9069216711143782,
0.0930783288856219
]
],
[
[
0.8853558681105673,
0.1146441318894327
],
[
0.11674976457854506,
0.883250235421455
]
],
[
[
0.10000002287969696,
0.8999999771203031
],
[
0.8133915820930809,
0.18660841790691898
]
],
[
[
0.9158966248376539,
0.0841033751623461
],
[
0.08738164227603923,
0.9126183577239608
]
],
[
[
0.899999993147806,
0.10000000685219405
],
[
0.8999999904097206,
0.10000000959027947
]
],
[
[
0.0818046338180658,
0.9181953661819342
],
[
0.13238488982325375,
0.8676151101767462
]
],
[
[
0.8894347950431754,
0.11056520495682479
],
[
0.08939898164794634,
0.9106010183520538
]
],
[
[
0.8999999947206626,
0.10000000527933742
],
[
0.8999999893341528,
0.10000001066584717
]
],
[
[
0.1000000094410471,
0.899999990558953
],
[
0.8792770141577211,
0.12072298584227888
]
],
[
[
0.10000001115597658,
0.8999999888440234
],
[
0.8911973743176711,
0.10880262568232892
]
],
[
[
0.8919113140173782,
0.1080886859826217
],
[
0.8999999915909207,
0.10000000840907937
]
],
[
[
0.11190615551731325,
0.8880938444826867
],
[
0.11292046093547205,
0.887079539064528
]
],
[
[
0.9121661133464415,
0.08783388665355862
],
[
0.08510123388750039,
0.9148987661124997
]
],
[
[
0.8999999856723315,
0.10000001432766853
],
[
0.10000001349274629,
0.8999999865072538
]
],
[
[
0.1000000128759469,
0.8999999871240532
],
[
0.8999999850182079,
0.10000001498179212
]
],
[
[
0.10000001650503378,
0.8999999834949662
],
[
0.8917045488855806,
0.10829545111441936
]
],
[
[
0.10000001344422557,
0.8999999865557745
],
[
0.10942617481696607,
0.890573825183034
]
],
[
[
0.8999999934581548,
0.10000000654184514
],
[
0.8212837924513136,
0.17871620754868647
]
],
[
[
0.1082954269399944,
0.8917045730600056
],
[
0.10000000855285913,
0.8999999914471409
]
],
[
[
0.8999999940497813,
0.10000000595021885
],
[
0.1000000083929497,
0.8999999916070502
]
],
[
[
0.8845279486709166,
0.11547205132908356
],
[
0.9154390371811756,
0.08456096281882436
]
],
[
[
0.8999999940167187,
0.10000000598328132
],
[
0.10000000957462628,
0.8999999904253737
]
],
[
[
0.9103946652519577,
0.08960533474804241
],
[
0.9122270129319564,
0.08777298706804364
]
],
[
[
0.1078635094379592,
0.8921364905620407
],
[
0.8999999890524845,
0.10000001094751551
]
],
[
[
0.10793467752813551,
0.8920653224718644
],
[
0.8999999875948823,
0.10000001240511773
]
],
[
[
0.10000001437471333,
0.8999999856252867
],
[
0.10894002470156955,
0.8910599752984305
]
],
[
[
0.8887048408321945,
0.11129515916780561
],
[
0.0850552217050378,
0.9149447782949621
]
],
[
[
0.8999999874054668,
0.10000001259453313
],
[
0.10000001356282628,
0.8999999864371737
]
],
[
[
0.08815144661228673,
0.9118485533877133
],
[
0.9120548021372268,
0.08794519786277319
]
],
[
[
0.10000001754293404,
0.899999982457066
],
[
0.8999999842729888,
0.10000001572701128
]
],
[
[
0.1000000144636792,
0.8999999855363208
],
[
0.10898185362778602,
0.891018146372214
]
]
],
"collision_dual_t_pairs": [
[
[
9.999997964265392e-11,
1.111111136227943e-11
],
[
1.1111111801905724e-11,
9.999994387567918e-11
]
],
[
[
1.1111111366034855e-11,
9.99999793504578e-11
],
[
1.1111111898740669e-11,
9.999993588916584e-11
]
],
[
[
1.123554820086779e-11,
9.093572117910916e-11
],
[
9.001973809875276e-11,
1.1249691691343671e-11
]
],
[
[
8.006402575551081e-11,
1.142726597400484e-11
],
[
1.1111111762210153e-11,
9.999994713956493e-11
]
],
[
[
1.1287292287025328e-11,
8.768243544454438e-11
],
[
9.999994941753266e-11,
1.1111111732907241e-11
]
],
[
[
8.941039792203532e-11,
1.1259280932896382e-11
],
[
1.1180696045765107e-11,
9.469580300045643e-11
]
],
[
[
9.999994031878725e-11,
1.1111111844456702e-11
],
[
9.999992682000822e-11,
1.1111112011279263e-11
]
],
[
[
1.1404161347036413e-11,
8.121688692128531e-11
],
[
9.434248551347259e-11,
1.1185642073770346e-11
]
],
[
[
1.111111176539065e-11,
9.999994687757517e-11
],
[
1.2183169511051354e-11,
5.580496369158705e-11
]
],
[
[
8.388510647458574e-11,
1.1353452760770747e-11
],
[
9.999994250687472e-11,
1.111111181879166e-11
]
],
[
[
1.1202623997095252e-11,
9.315150874114075e-11
],
[
1.1111111544725448e-11,
9.999996490070526e-11
]
],
[
[
9.261977534610547e-11,
1.1210363997196894e-11
],
[
9.006651431927535e-11,
1.1248961573389343e-11
]
],
[
[
1.1231338656074735e-11,
9.121242625737035e-11
],
[
1.0976208303219435e-11,
1.1243715353728837e-10
]
],
[
[
8.550142091731485e-11,
1.1324478382710264e-11
],
[
1.1707378157974372e-10,
1.093393544523123e-11
]
],
[
[
1.1285508800259411e-11,
8.779021004609843e-11
],
[
1.1346298643167894e-11,
8.427772445301952e-11
]
],
[
[
8.865638403761791e-11,
1.1271352619347802e-11
],
[
8.152780956685379e-11,
1.139805762699797e-11
]
],
[
[
1.1410697339229733e-11,
8.088467558364254e-11
],
[
9.999995314652469e-11,
1.111111169191915e-11
]
],
[
[
1.0038417336616615e-10,
1.1106388371461684e-11
],
[
1.1026309972018253e-11,
1.0743644925519489e-10
]
],
[
[
1.129489449508197e-11,
8.722636862455713e-11
],
[
8.565322149613153e-11,
1.1321820773354972e-11
]
],
[
[
9.999986830094533e-11,
1.1111112725479858e-11
],
[
1.2294204475651128e-11,
5.358809388992766e-11
]
],
[
[
1.0918261186235324e-11,
1.1890147731876637e-10
],
[
1.1444049007368378e-10,
1.0957483052780348e-11
]
],
[
[
1.1111111594547635e-11,
9.99999607844985e-11
],
[
1.1111111787756948e-11,
9.999994504797599e-11
]
],
[
[
1.2221758478889256e-10,
1.0890913415053858e-11
],
[
7.553140379533386e-11,
1.1525819350231594e-11
]
],
[
[
1.124309546756666e-11,
9.044434444649858e-11
],
[
1.118580311683775e-10,
1.098175861363227e-11
]
],
[
[
1.1111111483549116e-11,
9.999996980974751e-11
],
[
1.1111111863766109e-11,
9.999993884506872e-11
]
],
[
[
9.999994586746e-11,
1.1111111777266075e-11
],
[
1.1372997160189212e-11,
8.283339130324039e-11
]
],
[
[
9.999993606211096e-11,
1.1111111898344172e-11
],
[
1.1220866585410793e-11,
9.190900957309305e-11
]
],
[
[
1.1211878107700548e-11,
9.251654922222435e-11
],
[
1.1111111703360673e-11,
9.999995192216586e-11
]
],
[
[
8.936052157867826e-11,
1.1260072359442551e-11
],
[
8.85578397056226e-11,
1.1272947422118065e-11
]
],
[
[
1.0962915843093851e-11,
1.1385123534594068e-10
],
[
1.1750709095165724e-10,
1.0930171204198442e-11
]
],
[
[
1.111111212248359e-11,
9.999991774943327e-11
],
[
9.999992257249771e-11,
1.11111120633253e-11
]
],
[
[
9.999992612739717e-11,
1.1111112019987084e-11
],
[
1.1111112168359156e-11,
9.99999139550079e-11
]
],
[
[
9.999990527735077e-11,
1.1111112276248077e-11
],
[
1.121447929359422e-11,
9.233981527566985e-11
]
],
[
[
9.999992288498178e-11,
1.111111205982135e-11
],
[
9.138561802253185e-11,
1.1228718296981304e-11
]
],
[
[
1.1111111568494942e-11,
9.999996293562852e-11
],
[
1.2176060596114847e-11,
5.595460269539596e-11
]
],
[
[
9.233993227171927e-11,
1.121447755631548e-11
],
[
9.999995108425971e-11,
1.1111111713251104e-11
]
],
[
[
1.1111111530732428e-11,
9.999996597574097e-11
],
[
9.999995189558658e-11,
1.1111111703233261e-11
]
],
[
[
1.1305466141391886e-11,
8.660099064947565e-11
],
[
1.0923720226376439e-11,
1.1825788712643212e-10
]
],
[
[
1.1111111533195068e-11,
9.999996577035808e-11
],
[
9.999994515553108e-11,
1.1111111786545723e-11
]
],
[
[
1.0984247334905551e-11,
1.1160047825865357e-10
],
[
1.0962184067514773e-11,
1.139302178072451e-10
]
],
[
[
9.270842478791875e-11,
1.1209064658055324e-11
],
[
1.1111111883486664e-11,
9.99999372250783e-11
]
],
[
[
9.264839462999314e-11,
1.1209944819337919e-11
],
[
1.1111111986390801e-11,
9.999992883819388e-11
]
],
[
[
9.99999174906357e-11,
1.1111112125790154e-11
],
[
9.179344675225189e-11,
1.1222591834897417e-11
]
],
[
[
1.1252330294864234e-11,
8.98511386158682e-11
],
[
1.175706061457033e-10,
1.092962197605461e-11
]
],
[
[
1.1111112000229171e-11,
9.999992775302995e-11
],
[
9.999992214403149e-11,
1.1111112068372006e-11
]
],
[
[
1.1344110123138119e-10,
1.0966733712755384e-11
],
[
1.0964253853158155e-11,
1.1370713012864804e-10
]
],
[
[
9.999989911902508e-11,
1.1111112348924315e-11
],
[
1.1111112221139289e-11,
9.999990969843531e-11
]
],
[
[
9.99999170054781e-11,
1.1111112131712922e-11
],
[
9.175820809776045e-11,
1.122311875770752e-11
]
]
],
"clamp_dist": 0.024,
"clamp_gap": 0.016,
"radius": [
0.01,
0.01,
0.01,
0.01,
0.01,
0.01,
0.01,
0.01,
0.01,
0.01,
0.01,
0.01,
0.01,
0.01,
0.01,
0.01,
0.01,
0.01,
0.01,
0.01
],
"boundary_vertices": [
true,
true,
false,
false,
false,
false,
false,
false,
false,
true,
false,
true,
false,
false,
false,
false,
false,
false,
false,
false,
false,
false,
false,
false,
false,
true,
false,
true,
false,
false,
false,
false,
false,
false,
false,
false,
false,
false,
false,
false
],
"nstatus": 0,
"config": {
"weights": [
1.0,
10.0,
0.0
],
"shape_deviation": 0.5,
"length_deviation_ratio": 0.25
}
}