{
"contact_id_pairs": [
[
0,
4
],
[
0,
5
],
[
0,
6
],
[
0,
8
],
[
1,
2
],
[
1,
5
],
[
1,
6
],
[
1,
9
],
[
11,
2
],
[
11,
3
],
[
11,
7
],
[
11,
9
],
[
10,
3
],
[
10,
4
],
[
10,
7
],
[
10,
8
]
],
"contact_t_bound_pairs": [
[
[
0.1,
0.4
],
[
0.6,
0.9
]
],
[
[
0.1,
0.4
],
[
0.1,
0.4
]
],
[
[
0.6,
0.9
],
[
0.1,
0.4
]
],
[
[
0.6,
0.9
],
[
0.6,
0.9
]
],
[
[
0.1,
0.4
],
[
0.1,
0.4
]
],
[
[
0.1,
0.4
],
[
0.6,
0.9
]
],
[
[
0.6,
0.9
],
[
0.6,
0.9
]
],
[
[
0.6,
0.9
],
[
0.6,
0.9
]
],
[
[
0.1,
0.4
],
[
0.6,
0.9
]
],
[
[
0.1,
0.4
],
[
0.1,
0.4
]
],
[
[
0.6,
0.9
],
[
0.1,
0.4
]
],
[
[
0.6,
0.9
],
[
0.1,
0.4
]
],
[
[
0.1,
0.4
],
[
0.6,
0.9
]
],
[
[
0.1,
0.4
],
[
0.1,
0.4
]
],
[
[
0.6,
0.9
],
[
0.6,
0.9
]
],
[
[
0.6,
0.9
],
[
0.1,
0.4
]
]
],
"line_pt_pairs": [
[
[
-0.7462165744565809,
5.931195868331836,
2.51387209548041
],
[
-0.7462165744565809,
5.931195868331836,
0.0
]
],
[
[
-0.7462165744565809,
3.3861318249651173,
2.51387209548041
],
[
-0.7462165744565809,
3.3861318249651173,
0.0
]
],
[
[
-0.9462165743860184,
3.5861318244133935,
2.3138720955261123
],
[
1.3353546031768468,
3.3861318249651173,
2.51387209548041
]
],
[
[
1.1353546040437155,
3.3238645576598,
2.3138720959054813
],
[
1.3353546031768468,
5.931195868331836,
2.51387209548041
]
],
[
[
1.4007404623660105,
5.73119586880992,
2.3138720959120014
],
[
-0.9462165743959274,
6.131195867731084,
2.3138720955360177
]
],
[
[
-0.7462165744565809,
6.131195868276622,
2.3138720955293275
],
[
-0.7462165744565809,
3.186131825020331,
2.3138720955293275
]
],
[
[
-0.7462165744565809,
6.131195868276622,
0.19999999995108245
],
[
-0.7462165744565809,
3.186131825020331,
0.19999999995108245
]
],
[
[
1.3353546031768468,
3.3861318249651173,
0.2542095415016592
],
[
1.3353546031768468,
5.931195868331836,
0.2542095415016592
]
],
[
[
1.5251930219413357,
5.731195868807975,
0.4542095410354865
],
[
-0.9462165743987254,
6.131195867721495,
0.19999999993780618
]
],
[
[
1.3743014151341528,
3.5861318244860896,
0.45420954100384836
],
[
-0.9462165743951926,
3.186131825565498,
0.19999999993769682
]
],
[
[
1.135354603484223,
5.731195868381428,
2.7138720954125732
],
[
1.293927560313905,
5.731195868382469,
0.05420954156074876
]
],
[
[
1.1353546032446387,
3.586131824769714,
2.7138720954132305
],
[
1.1353546035313113,
3.586131824903444,
0.05420954156132296
]
]
],
"contact_t_pairs": [
[
0.10000000001945906,
0.899999999977556
],
[
0.10000000001945906,
0.10000000001386775
],
[
0.8999999999805409,
0.10000000001386775
],
[
0.8999999999779731,
0.8999999999778747
],
[
0.10000000001782422,
0.10000000002179324
],
[
0.10000000001945906,
0.8999999999861323
],
[
0.8999999999805409,
0.8999999999861323
],
[
0.8999999999779731,
0.8999999999742865
],
[
0.10000000001886131,
0.8999999999732874
],
[
0.1428752677569577,
0.10000000013284928
],
[
0.8999999999827603,
0.1000000000189495
],
[
0.8591629435283122,
0.10000000017096666
],
[
0.10000000001884797,
0.8999999999806372
],
[
0.15054784246973127,
0.1000000001657959
],
[
0.8999999999828603,
0.8999999999810505
],
[
0.8593071869475981,
0.10000000013702938
]
],
"half_couplers": [
{
"pose": [
[
0.9784688074636797,
-0.2057779339682278,
0.015944739332212812,
-0.7462165744565809
],
[
-0.2057779339682278,
-0.9666610679739438,
0.15238707804548893,
5.9311958683318355
],
[
-0.015944739332212812,
-0.15238707804548893,
-0.9881922605102642,
2.262484885883451
],
[
0.0,
0.0,
0.0,
1.0
]
],
"at_element": 0,
"to_element": 4
},
{
"pose": [
[
-0.05910657263441088,
0.18008048154151088,
-0.9818744488167469,
-0.7115208706670585
],
[
-0.3148268145506168,
0.9300346653850988,
0.1895246633605737,
6.09119586782999
],
[
0.9473069670974265,
0.3203225582905531,
0.0017230028643506756,
2.313872095573616
],
[
0.0,
0.0,
0.0,
1.0
]
],
"at_element": 4,
"to_element": 0
},
{
"pose": [
[
-1.0000000000000004,
0.0,
0.0,
-0.7462165744565809
],
[
-0.0,
0.9681823427340656,
-0.25024578161874456,
5.9311958683318355
],
[
0.0,
-0.25024578161874456,
-0.9681823427340659,
2.262484885883451
],
[
0.0,
0.0,
0.0,
1.0
]
],
"at_element": 0,
"to_element": 5
},
{
"pose": [
[
1.0,
0.0,
0.0,
-0.7462165744565809
],
[
0.0,
-0.4354290475488549,
-0.9002230526656698,
5.836689463910151
],
[
0.0,
0.9002230526656698,
-0.4354290475488549,
2.3138720955293275
],
[
0.0,
0.0,
0.0,
1.0
]
],
"at_element": 5,
"to_element": 0
},
{
"pose": [
[
-1.0,
0.0,
0.0,
-0.7462165744565809
],
[
0.0,
0.9681823427340657,
0.25024578161874417,
5.9311958683318355
],
[
0.0,
0.25024578161874417,
-0.9681823427340659,
0.25138720959695865
],
[
0.0,
0.0,
0.0,
1.0
]
],
"at_element": 0,
"to_element": 6
},
{
"pose": [
[
-1.0,
0.0,
0.0,
-0.7462165744565809
],
[
-0.0,
-0.43542904754885514,
-0.9002230526656697,
5.836689463910151
],
[
0.0,
-0.9002230526656697,
0.43542904754885503,
0.19999999995108245
],
[
0.0,
0.0,
0.0,
1.0
]
],
"at_element": 6,
"to_element": 0
},
{
"pose": [
[
0.9597801968242535,
-0.2805339098782808,
-0.011076966750951545,
-0.7462165744565809
],
[
-0.2805339098782808,
-0.9567294809402018,
-0.07726205865945249,
5.931195868331836
],
[
0.011076966750951545,
0.07726205865945249,
-0.9969492841159482,
0.2513872096034138
],
[
0.0,
0.0,
0.0,
1.0
]
],
"at_element": 0,
"to_element": 8
},
{
"pose": [
[
-0.08333692830299633,
0.22272519829156912,
-0.9713127418226339,
-0.6990756147100387
],
[
0.12259794867355349,
0.9695904283149203,
0.2118115773538508,
6.091195867821292
],
[
0.9889513129381335,
-0.10142922343225735,
-0.10810834043620887,
0.22542095405319867
],
[
0.0,
0.0,
0.0,
1.0
]
],
"at_element": 8,
"to_element": 0
},
{
"pose": [
[
0.9889269751550172,
-0.14773762458073733,
0.014036812102084075,
-0.7462165744565807
],
[
-0.14773762458073733,
-0.971133093469789,
0.18728082937406781,
3.3861318249651173
],
[
-0.014036812102084075,
-0.18728082937406781,
-0.9822061183147719,
2.262484885887561
],
[
0.0,
0.0,
0.0,
1.0
]
],
"at_element": 1,
"to_element": 2
},
{
"pose": [
[
0.11558825453701227,
0.10241906403406051,
0.988002879922662,
-0.718059456580009
],
[
0.30955897695057544,
0.9414187288283258,
-0.13380589224908002,
3.5661318244642075
],
[
-0.9438286895419105,
0.32131155026492014,
0.07711220697109977,
2.333872095525901
],
[
0.0,
0.0,
0.0,
1.0
]
],
"at_element": 2,
"to_element": 1
},
{
"pose": [
[
1.0,
0.0,
0.0,
-0.7462165744565809
],
[
-0.0,
-0.968182342734065,
0.25024578161874544,
3.3861318249651173
],
[
0.0,
-0.25024578161874544,
-0.968182342734065,
2.262484885883451
],
[
0.0,
0.0,
0.0,
1.0
]
],
"at_element": 1,
"to_element": 5
},
{
"pose": [
[
1.0,
0.0,
0.0,
-0.7462165744565809
],
[
0.0,
0.43542904754885414,
-0.90022305266567,
3.4806382293868015
],
[
0.0,
0.90022305266567,
0.43542904754885414,
2.3138720955293275
],
[
0.0,
0.0,
0.0,
1.0
]
],
"at_element": 5,
"to_element": 1
},
{
"pose": [
[
1.0,
0.0,
0.0,
-0.7462165744565809
],
[
0.0,
-0.9681823427340654,
-0.25024578161874517,
3.3861318249651173
],
[
0.0,
0.25024578161874517,
-0.9681823427340654,
0.25138720959695865
],
[
0.0,
0.0,
0.0,
1.0
]
],
"at_element": 1,
"to_element": 6
},
{
"pose": [
[
1.0,
0.0,
0.0,
-0.7462165744565809
],
[
0.0,
0.7558948298286137,
-0.6546930626166518,
3.4806382293868015
],
[
-0.0,
0.6546930626166518,
0.7558948298286137,
0.19999999995108245
],
[
0.0,
0.0,
0.0,
1.0
]
],
"at_element": 6,
"to_element": 1
},
{
"pose": [
[
-0.9807927059628476,
-0.19489775720821503,
-0.007780241980966689,
-0.7462165744565809
],
[
-0.19489775720821503,
0.9776411862763521,
0.0789466600393875,
3.3861318249651173
],
[
-0.007780241980966689,
0.0789466600393875,
-0.996848480313504,
0.2513872096034138
],
[
0.0,
0.0,
0.0,
1.0
]
],
"at_element": 1,
"to_element": 9
},
{
"pose": [
[
0.07578895565186605,
0.18959647992198297,
-0.9789326886984582,
-0.7141647753825894
],
[
0.17891138459191114,
-0.9684093063655075,
-0.17370702866631835,
3.2261318254678426
],
[
-0.9809417672138365,
-0.16197712846531445,
-0.10731569870958402,
0.2254209540508486
],
[
0.0,
0.0,
0.0,
1.0
]
],
"at_element": 9,
"to_element": 1
},
{
"pose": [
[
-0.9883979999507126,
0.1515906039950963,
-0.009470083095372993,
1.1353546032733057
],
[
0.15159060398223564,
0.9806680848152325,
-0.12373518581682805,
3.5861318247830867
],
[
-0.009470083301237895,
-0.12373518580107215,
-0.9922700848645203,
2.447905839977875
],
[
0.0,
0.0,
0.0,
1.0
]
],
"at_element": 11,
"to_element": 2
},
{
"pose": [
[
-0.055983018780136895,
-0.1292376655339496,
0.9900320840334408,
1.1071974853596136
],
[
0.27511713624636136,
-0.9551965662536512,
-0.10913331828930861,
3.4061318249152874
],
[
0.9597793824373725,
0.2662651791439682,
0.08903028374416544,
2.4938720954796376
],
[
0.0,
0.0,
0.0,
1.0
]
],
"at_element": 2,
"to_element": 11
},
{
"pose": [
[
-0.076482105407778,
-0.9970709541213171,
8.424912146319355e-11,
1.135354603285597
],
[
-0.9970709541213171,
0.076482105407778,
7.569171890491935e-11,
3.5861318247888203
],
[
-8.191356457587113e-11,
-7.821328989740717e-11,
-1.0,
2.333872095888485
],
[
0.0,
0.0,
0.0,
1.0
]
],
"at_element": 11,
"to_element": 3
},
{
"pose": [
[
-0.005832478512730166,
0.9970709540965333,
0.07625939084091571,
1.1553546039835985
],
[
-0.07603602379894425,
-0.07648210573087688,
0.9941674962438762,
3.5845976890733855
],
[
0.9970880128049104,
-2.9697577730303237e-10,
0.07625939103320367,
2.3338720958895443
],
[
0.0,
0.0,
0.0,
1.0
]
],
"at_element": 3,
"to_element": 11
},
{
"pose": [
[
0.30492616722307353,
-0.9454524468018722,
-0.1146285452188893,
1.135354603502644
],
[
-0.94545244679083,
-0.28602212743647426,
-0.1559198944135921,
3.586131824890071
],
[
0.11462854530996541,
0.15591989434663517,
-0.9810959602134006,
0.32017579699236565
],
[
0.0,
0.0,
0.0,
1.0
]
],
"at_element": 11,
"to_element": 7
},
{
"pose": [
[
0.41738745452201886,
0.9052540499876276,
-0.07939028774747936,
1.3353546031768468
],
[
-0.07939028774747936,
0.12335535867001846,
0.9891818021469884,
3.640638229350017
],
[
0.9052540499876276,
-0.40656925666900723,
0.12335535867001846,
0.2542095415016592
],
[
0.0,
0.0,
0.0,
1.0
]
],
"at_element": 7,
"to_element": 11
},
{
"pose": [
[
-0.9854664655796395,
-0.1698700833518754,
1.0909493232695174e-10,
1.1353546034909372
],
[
-0.1698700833518754,
0.9854664655796396,
3.497447540446125e-11,
3.5861318248846104
],
[
-1.1345051442503504e-10,
1.593420741468996e-11,
-1.0,
0.42878858685379734
],
[
0.0,
0.0,
0.0,
1.0
]
],
"at_element": 11,
"to_element": 9
},
{
"pose": [
[
0.10577291580730541,
0.16987008351390231,
-0.9797735682332939,
1.142249615784487
],
[
0.01823263854056892,
-0.9854664655517107,
-0.16888876861671148,
3.5461318245256437
],
[
-0.9942231445573323,
1.8249386724011885e-10,
-0.10733284132328946,
0.42878858685377186
],
[
0.0,
0.0,
0.0,
1.0
]
],
"at_element": 9,
"to_element": 11
},
{
"pose": [
[
-0.36458586013340377,
-0.9222713274076791,
0.12842409911096694,
1.1512118991701799
],
[
-0.929938631631637,
0.35353465487559765,
-0.10113055522971437,
5.731195868381532
],
[
0.047867441856279024,
-0.1562973014599725,
-0.9865494724373765,
2.447905839977261
],
[
0.0,
0.0,
0.0,
1.0
]
],
"at_element": 10,
"to_element": 3
},
{
"pose": [
[
-0.39310396594201635,
0.9057523244493138,
0.15837297343714513,
1.315354603259661
],
[
-0.11501218319876733,
-0.2193219657426595,
0.9688498712693461,
5.670462737214147
],
[
0.9122726947993736,
0.3626439053637056,
0.19038888682391253,
2.4938720955190443
],
[
0.0,
0.0,
0.0,
1.0
]
],
"at_element": 3,
"to_element": 10
},
{
"pose": [
[
0.9839883566217845,
-0.16800234269186765,
0.059515770034538965,
1.1592274200089774
],
[
-0.16830067828987122,
-0.9857357057990594,
-8.091311475000307e-12,
5.731195868381585
],
[
0.058666819582530116,
-0.01001654445779514,
-0.99822736544196,
2.3134656362326456
],
[
0.0,
0.0,
0.0,
1.0
]
],
"at_element": 10,
"to_element": 4
},
{
"pose": [
[
-0.0016828874702989882,
0.16800234287434151,
-0.985785159493941,
1.1660447583007008
],
[
-0.009874160661429848,
0.9857357057699223,
0.16801077144488535,
5.771195868768355
],
[
0.9999498331621416,
0.01001654426463626,
-1.4322876218386682e-10,
2.313872095874403
],
[
0.0,
0.0,
0.0,
1.0
]
],
"at_element": 4,
"to_element": 10
},
{
"pose": [
[
-0.7872301332687419,
-0.6120722588488943,
-0.07507507723133483,
1.278070264628219
],
[
-0.5906942849296013,
0.7135181421207881,
0.3767918823647954,
5.731195868382364
],
[
-0.17705642892927048,
0.340968342829816,
-0.9232505673774067,
0.32017579699151705
],
[
0.0,
0.0,
0.0,
1.0
]
],
"at_element": 10,
"to_element": 7
},
{
"pose": [
[
0.7276759275979547,
0.6735742005148939,
0.1295590243679593,
1.3353546031768468
],
[
0.1295590243679593,
-0.32045502069791443,
0.9383618912308413,
5.676689463946937
],
[
0.6735742005148939,
-0.6660378188287961,
-0.32045502069791443,
0.2542095415016592
],
[
0.0,
0.0,
0.0,
1.0
]
],
"at_element": 7,
"to_element": 10
},
{
"pose": [
[
0.9855128199656562,
-0.15881547405836682,
0.059515770035817275,
1.2716174849435
],
[
-0.15909749577792776,
-0.9872628762579865,
7.406809540699832e-12,
5.731195868382322
],
[
0.058757710307093536,
-0.009468809979293063,
-0.9982273654418834,
0.42840494803229723
],
[
0.0,
0.0,
0.0,
1.0
]
],
"at_element": 10,
"to_element": 8
},
{
"pose": [
[
-0.10123778526926408,
0.15881547426569084,
-0.9821041472102328,
1.278052061968674
],
[
0.006744082049428779,
0.9872628762263886,
0.15895449217467583,
5.771195868754139
],
[
0.9948393981900221,
0.009468809796494601,
-0.1010193716568899,
0.42878858689088434
],
[
0.0,
0.0,
0.0,
1.0
]
],
"at_element": 8,
"to_element": 10
}
],
"contact_residues": [
2.249872009302731e-06,
2.2498720093049753e-06,
2.2498720093049753e-06,
2.2498720093011086e-06,
2.2498720093025524e-06,
2.2498720093049745e-06,
2.2498720093049745e-06,
2.249872009302748e-06,
2.2498720093052053e-06,
1.2799071678648089e-10,
2.2498720093038183e-06,
2.2498720092492346e-06,
2.2498720093111896e-06,
2.2498720092491347e-06,
2.249872009323725e-06,
2.2498720092482563e-06
],
"collision_dists": [],
"collision_id_pairs": [],
"collision_t_pairs": [],
"collision_dual_t_pairs": [],
"clamp_dist": 0.024,
"clamp_gap": 0.016,
"radius": [
0.01,
0.01,
0.01,
0.01,
0.01,
0.01,
0.01,
0.01,
0.01,
0.01,
0.01,
0.01
],
"boundary_vertices": [
true,
true,
true,
true,
false,
true,
false,
true,
false,
false,
false,
false,
false,
false,
true,
true,
false,
false,
false,
false,
false,
false,
false,
false
],
"nstatus": -200,
"config": {
"weights": [
1.0,
10.0,
0.0
],
"shape_deviation": 0.2,
"length_deviation_ratio": 0.2
}
}