{
"contact_id_pairs": [
[
0,
3
],
[
0,
4
],
[
3,
4
],
[
3,
12
],
[
0,
6
],
[
0,
14
],
[
2,
14
],
[
6,
14
],
[
1,
10
],
[
1,
18
],
[
3,
18
],
[
10,
18
],
[
1,
2
],
[
1,
19
],
[
2,
11
],
[
11,
19
],
[
4,
5
],
[
4,
9
],
[
5,
6
],
[
5,
8
],
[
7,
9
],
[
9,
10
],
[
7,
11
],
[
8,
11
],
[
12,
17
],
[
13,
17
],
[
13,
14
],
[
13,
16
],
[
15,
17
],
[
17,
18
],
[
15,
16
],
[
16,
19
]
],
"contact_t_bound_pairs": [
[
[
0.6,
0.9
],
[
0.6,
0.9
]
],
[
[
0.6,
0.9
],
[
0.1,
0.4
]
],
[
[
0.6,
0.9
],
[
0.1,
0.4
]
],
[
[
0.6,
0.9
],
[
0.1,
0.4
]
],
[
[
0.1,
0.4
],
[
0.6,
0.9
]
],
[
[
0.1,
0.4
],
[
0.6,
0.9
]
],
[
[
0.6,
0.9
],
[
0.6,
0.9
]
],
[
[
0.6,
0.9
],
[
0.6,
0.9
]
],
[
[
0.6,
0.9
],
[
0.6,
0.9
]
],
[
[
0.6,
0.9
],
[
0.6,
0.9
]
],
[
[
0.1,
0.4
],
[
0.6,
0.9
]
],
[
[
0.6,
0.9
],
[
0.6,
0.9
]
],
[
[
0.1,
0.4
],
[
0.1,
0.4
]
],
[
[
0.1,
0.4
],
[
0.1,
0.4
]
],
[
[
0.1,
0.4
],
[
0.1,
0.4
]
],
[
[
0.1,
0.4
],
[
0.1,
0.4
]
],
[
[
0.6,
0.9
],
[
0.1,
0.4
]
],
[
[
0.6,
0.9
],
[
0.6,
0.9
]
],
[
[
0.6,
0.9
],
[
0.1,
0.4
]
],
[
[
0.6,
0.9
],
[
0.6,
0.9
]
],
[
[
0.6,
0.9
],
[
0.1,
0.4
]
],
[
[
0.1,
0.4
],
[
0.1,
0.4
]
],
[
[
0.1,
0.4
],
[
0.6,
0.9
]
],
[
[
0.1,
0.4
],
[
0.6,
0.9
]
],
[
[
0.6,
0.9
],
[
0.6,
0.9
]
],
[
[
0.1,
0.4
],
[
0.6,
0.9
]
],
[
[
0.6,
0.9
],
[
0.1,
0.4
]
],
[
[
0.6,
0.9
],
[
0.6,
0.9
]
],
[
[
0.6,
0.9
],
[
0.1,
0.4
]
],
[
[
0.1,
0.4
],
[
0.1,
0.4
]
],
[
[
0.1,
0.4
],
[
0.1,
0.4
]
],
[
[
0.1,
0.4
],
[
0.6,
0.9
]
]
],
"line_pt_pairs": [
[
[
20.45677226131327,
5.422580388186745,
-0.1279255291767828
],
[
20.45677226131327,
2.6536136262797703,
-0.1279255291767828
]
],
[
[
20.414511754298008,
5.672200245918462,
2.0491902739567984
],
[
20.518494023996055,
2.367338614233173,
2.0812247491227516
]
],
[
[
20.46707795251879,
5.291595093573336,
2.3489004391096686
],
[
20.431282017024472,
5.0977918001924625,
-0.3633945274371178
]
],
[
[
20.31149874615857,
2.7141160069020747,
2.3367005079527354
],
[
20.43295299472016,
2.9545541131014654,
-0.40354402431545533
]
],
[
[
20.150824288116976,
2.997731616143828,
-0.11604184548742405
],
[
22.87885629914586,
2.6536136262797703,
0.09999999999999998
]
],
[
[
22.572649248363845,
2.3847060345047213,
0.11587224503256195
],
[
22.87885629914586,
5.422580388186745,
0.09999999999999998
]
],
[
[
23.14100408106072,
5.101805853635956,
0.1662458358652908
],
[
20.154697163178962,
5.038244941307329,
-0.12079474275270337
]
],
[
[
22.748103109979592,
5.584015077147654,
2.288533730797757
],
[
22.776297116772962,
2.4903286886865197,
2.288623760261423
]
],
[
[
22.77414391856445,
5.333650264997463,
2.520222632401379
],
[
22.816681083394837,
5.09892518328181,
-0.16812928945972408
]
],
[
[
22.756391638429534,
2.8084549001116565,
2.568071058898466
],
[
22.56810332085516,
2.7176068182960447,
-0.2019721710573379
]
],
[
[
23.01915066215519,
2.766242972567951,
2.2970739765280364
],
[
20.190454785246818,
2.7298676684937186,
2.0092478448747513
]
],
[
[
20.17504627789088,
5.312339519016437,
2.052669932533347
],
[
23.066808185679108,
5.270097011055761,
2.2769322562756837
]
],
[
[
20.685435446287073,
2.9133107041858417,
-0.06403889792106696
],
[
18.03468822348068,
2.6536136262797703,
0.09999999999999998
]
],
[
[
18.28192912892547,
2.41360638740876,
0.14096896661678016
],
[
18.03468822348068,
5.422580388186745,
0.09999999999999998
]
],
[
[
17.762447311594382,
5.100743867596243,
0.16957371166350543
],
[
20.786547623322257,
5.078700024523532,
-0.12370726736390183
]
],
[
[
18.120377992937673,
5.582930062362187,
2.273375695311106
],
[
18.140577195341788,
2.48734285932453,
2.2849226077012554
]
],
[
[
18.16627027107087,
5.292225887092801,
2.5447952154833806
],
[
18.08738259159521,
5.105988807191744,
-0.168473666066629
]
],
[
[
18.159294700062382,
2.807365147810715,
2.561202636374622
],
[
18.311369891689473,
2.7051486188489786,
-0.19338989283448407
]
],
[
[
17.883761208330345,
2.768152665518321,
2.2906963245209346
],
[
20.795899532533674,
2.689505401831318,
2.014573808505147
]
],
[
[
20.779504897916638,
5.34745568551572,
2.0636800015140397
],
[
17.865580186477654,
5.3034707593392625,
2.2674695916378833
]
]
],
"contact_t_pairs": [
[
0.8999999999966807,
0.899999999992232
],
[
0.8895314431886169,
0.11110790177697404
],
[
0.888405745058527,
0.10000000000619953
],
[
0.8690275683735276,
0.10000000000867762
],
[
0.13650555898540678,
0.899999999993229
],
[
0.12333187247792218,
0.8921010242972942
],
[
0.8999999999909817,
0.8837013070748094
],
[
0.8895987204582166,
0.8999999999937555
],
[
0.8889882296342966,
0.8868219466020245
],
[
0.8999999999934334,
0.8999999999935983
],
[
0.10000000001136158,
0.837395181857678
],
[
0.8999999999917834,
0.8891366082317695
],
[
0.12191365527082414,
0.10926542120530194
],
[
0.10000000000729854,
0.120830138973478
],
[
0.10000000001162747,
0.10000000000768781
],
[
0.10827371453622592,
0.10000000000679467
],
[
0.8999999999954105,
0.10000000000546334
],
[
0.8912984351262784,
0.8999999999927638
],
[
0.8921396757837977,
0.10000000000774437
],
[
0.8999999999978489,
0.8999999999917938
],
[
0.8999999999877318,
0.10000000001117361
],
[
0.10863955366893474,
0.10000000001471859
],
[
0.10000000001225122,
0.8917262854489548
],
[
0.10000000001519017,
0.8999999999889461
],
[
0.8999999999943306,
0.8999999999923942
],
[
0.10000000000606486,
0.8794268855753045
],
[
0.8920513818771059,
0.10000000000722235
],
[
0.8999999999978493,
0.8999999999917659
],
[
0.8999999999880047,
0.10000000001156989
],
[
0.10869350898909934,
0.10000000001273517
],
[
0.10000000001237866,
0.10000000001311078
],
[
0.10882094447747909,
0.899999999988221
]
],
"half_couplers": [
{
"pose": [
[
0.0442789413934106,
0.9990192066967876,
0.0,
20.45677226131327
],
[
0.0,
1.1102230246251565e-16,
-0.9999999999999999,
2.9305103024796586
],
[
-0.9990192066967876,
0.04427894139341049,
1.1102230246251565e-16,
-0.1279255291767828
],
[
0.0,
0.0,
0.0,
1.0
]
],
"at_element": 0,
"to_element": 3
},
{
"pose": [
[
0.0038665435775381285,
-0.9990192066967872,
0.04410980040404498,
20.420807569863058
],
[
-0.9961801031359446,
5.551115123125783e-16,
0.08732240328838116,
2.9305103024796586
],
[
-0.0872367580600155,
-0.04427894139341733,
-0.9952030563619951,
-0.12951957106735007
],
[
0.0,
0.0,
0.0,
1.0
]
],
"at_element": 3,
"to_element": 0
},
{
"pose": [
[
-0.9968788840581482,
0.07894612415427088,
2.42861286636753e-16,
20.45677226131327
],
[
2.42861286636753e-16,
5.995204332975845e-15,
-1.0,
2.9594973883263225
],
[
-0.07894612415427088,
-0.9968788840581481,
-6.217248937900877e-15,
-0.1279255291767828
],
[
0.0,
0.0,
0.0,
1.0
]
],
"at_element": 0,
"to_element": 4
},
{
"pose": [
[
0.12437581281491439,
-0.07894612415424834,
0.9890895645327836,
20.453930200842812
],
[
0.9921862929891168,
-3.6415315207705135e-14,
-0.12476521953058256,
2.959497388326322
],
[
0.009849730511229393,
0.9968788840581497,
0.07832926227045778,
-0.09203788933929113
],
[
0.0,
0.0,
0.0,
1.0
]
],
"at_element": 4,
"to_element": 0
},
{
"pose": [
[
0.9920990549938014,
-0.11744696926153923,
0.04410980040405165,
20.419399398342456
],
[
-0.12094023422532953,
-0.9888115379734723,
0.08732240328838325,
2.9277226017806055
],
[
0.03336052796237871,
-0.09196712337469118,
-0.9952030563619949,
-0.0977484773795414
],
[
0.0,
0.0,
0.0,
1.0
]
],
"at_element": 3,
"to_element": 4
},
{
"pose": [
[
0.0889271766313936,
0.11744696926153558,
0.9890895645327823,
20.42362748923678
],
[
0.08176418755184295,
0.9888115379734734,
-0.12476521953060937,
2.9633198171552886
],
[
-0.9926764704022938,
0.09196712337468219,
0.07832926227043135,
-0.0944376609373423
],
[
0.0,
0.0,
0.0,
1.0
]
],
"at_element": 4,
"to_element": 3
},
{
"pose": [
[
-0.9947741254183209,
-0.09208020909255862,
0.04410980040405158,
20.417045836454683
],
[
-0.08797803724910722,
0.9922875907949941,
0.08732240328839525,
2.9230633496768674
],
[
-0.05181027272664456,
0.08298537369764097,
-0.9952030563619936,
-0.04464753467314475
],
[
0.0,
0.0,
0.0,
1.0
]
],
"at_element": 3,
"to_element": 12
},
{
"pose": [
[
-0.06907470800089444,
0.09208020909246357,
-0.9933528677202677,
20.420360723983432
],
[
0.07677334262079603,
-0.992287590795011,
-0.09732004427178965,
2.8873409963929815
],
[
-0.9946529739448937,
-0.08298537369754637,
0.061472670145825914,
-0.0476350081275368
],
[
0.0,
0.0,
0.0,
1.0
]
],
"at_element": 12,
"to_element": 3
},
{
"pose": [
[
-0.9954123413013327,
0.09567795349504107,
0.0,
20.456772261313272
],
[
0.0,
0.0,
-1.0,
5.044601032540622
],
[
-0.09567795349504107,
-0.9954123413013327,
0.0,
-0.1279255291767828
],
[
0.0,
0.0,
0.0,
1.0
]
],
"at_element": 0,
"to_element": 6
},
{
"pose": [
[
0.021084547038203727,
-0.09567795349497882,
-0.9951890127464262,
20.453327854987357
],
[
-0.9997756421679276,
5.81756864903582e-14,
-0.02118172154731851,
5.044601032540622
],
[
0.0020266237692059264,
0.9954123413013387,
-0.09565648739675447,
-0.0920906848889604
],
[
0.0,
0.0,
0.0,
1.0
]
],
"at_element": 6,
"to_element": 0
},
{
"pose": [
[
-0.9953302350727911,
-0.09652835412427982,
-5.967448757360216e-16,
20.45677226131327
],
[
-5.967448757360216e-16,
1.2323475573339238e-14,
-1.0,
5.081078532611629
],
[
0.09652835412427982,
-0.9953302350727911,
-1.2434497875801753e-14,
-0.1279255291767828
],
[
0.0,
0.0,
0.0,
1.0
]
],
"at_element": 0,
"to_element": 14
},
{
"pose": [
[
0.007221278274039955,
0.09652835412426619,
0.9953040389700771,
20.460250297264587
],
[
0.9999736809937122,
-1.1546319456101628e-14,
-0.007255158157142172,
5.081078532611628
],
[
-0.000700328475808587,
0.9953302350727923,
-0.0965258135939071,
-0.09206255013375786
],
[
0.0,
0.0,
0.0,
1.0
]
],
"at_element": 14,
"to_element": 0
},
{
"pose": [
[
-0.9999133003703131,
0.00035835501617163205,
-0.013162952717013619,
20.434861610574227
],
[
0.0012956233548586833,
0.9974565236817214,
-0.07126573317449147,
5.117172129532298
],
[
0.013103934625535047,
-0.07127660869077496,
-0.9973705088636176,
-0.09216503075797886
],
[
0.0,
0.0,
0.0,
1.0
]
],
"at_element": 2,
"to_element": 14
},
{
"pose": [
[
0.09679742554197335,
-0.00035835501330137853,
0.995304038970068,
20.43484870979364
],
[
0.07090730601553182,
-0.9974565236809523,
-0.0072551581602179754,
5.0812636946599365
],
[
0.992775106638994,
0.07127660870155435,
-0.09652581359377232,
-0.08959907284319414
],
[
0.0,
0.0,
0.0,
1.0
]
],
"at_element": 14,
"to_element": 2
},
{
"pose": [
[
0.09772430391326581,
0.0069849361809711935,
-0.9951890127464307,
20.484389268017587
],
[
-0.1450026824026478,
-0.9892045070501474,
-0.02118172154740265,
5.045262147357252
],
[
-0.9845934097487676,
0.14637504533977985,
-0.09565648739668875,
-0.08910509559286295
],
[
0.0,
0.0,
0.0,
1.0
]
],
"at_element": 6,
"to_element": 14
},
{
"pose": [
[
-0.09654574395796045,
-0.006984936180967627,
0.9953040389700786,
20.484137592130583
],
[
-0.14636190047888115,
0.9892045070501474,
-0.007255158157135552,
5.080904408830941
],
[
-0.9845085644177068,
-0.1463750453397804,
-0.096525813593894,
-0.0943791694593297
],
[
0.0,
0.0,
0.0,
1.0
]
],
"at_element": 14,
"to_element": 6
},
{
"pose": [
[
0.9943578278985724,
-0.10130959856447808,
0.03144638827492399,
20.50695076815023
],
[
0.032265412303137404,
0.006455514786560701,
-0.9994584881313224,
2.734217154780244
],
[
0.10105173558995176,
0.9948340020161879,
0.009687887629079794,
2.077668545321843
],
[
0.0,
0.0,
0.0,
1.0
]
],
"at_element": 1,
"to_element": 10
},
{
"pose": [
[
-0.012072765670299024,
0.10130959856451449,
-0.9947816914116219,
20.510601078250186
],
[
0.9998973366046677,
-0.006455514786521288,
-0.012792285946352566,
2.7339845546005996
],
[
-0.007717809272215603,
-0.9948340020161848,
-0.10122126185984737,
2.0418234461723395
],
[
0.0,
0.0,
0.0,
1.0
]
],
"at_element": 10,
"to_element": 1
},
{
"pose": [
[
0.9950066910287456,
0.09472491473994127,
0.03144638827492352,
20.508095797025565
],
[
0.030384785614177005,
0.012629145079199322,
-0.9994584881313224,
2.6978247774234037
],
[
-0.09507076107409099,
0.9954233748622137,
0.009687887629081793,
2.0780213016059457
],
[
0.0,
0.0,
0.0,
1.0
]
],
"at_element": 1,
"to_element": 18
},
{
"pose": [
[
-0.0255617122259999,
-0.09472491473993966,
0.9951752556186204,
20.504685700094697
],
[
-0.9995589845111614,
-0.012629145079196658,
-0.026876405592727304,
2.697370128200522
],
[
0.015114077910721224,
-0.9954233748622141,
-0.0943603170131857,
2.0421860601084934
],
[
0.0,
0.0,
0.0,
1.0
]
],
"at_element": 18,
"to_element": 1
},
{
"pose": [
[
-0.9984023923538135,
0.03531272363464296,
0.04410980040405196,
20.32364417101611
],
[
0.03906495833923342,
0.9954138470575411,
0.0873224032883898,
2.7381598175247457
],
[
-0.04082391421870189,
0.08890604386434908,
-0.9952030563619942,
2.062676054694783
],
[
0.0,
0.0,
0.0,
1.0
]
],
"at_element": 3,
"to_element": 18
},
{
"pose": [
[
0.09153809127311352,
-0.035312723634583515,
0.9951752556186185,
20.322371809921304
],
[
-0.09180921472556836,
-0.9954138470575373,
-0.026876405592794007,
2.7022938258405342
],
[
0.9915603087747863,
-0.08890604386441572,
-0.09436031701318615,
2.0594726600068944
],
[
0.0,
0.0,
0.0,
1.0
]
],
"at_element": 18,
"to_element": 3
},
{
"pose": [
[
-0.10174133805905239,
0.007621454073424086,
-0.9947816914116181,
20.473324372960896
],
[
0.19849064591586163,
0.9800192961897084,
-0.012792285946324838,
2.733505198901441
],
[
0.9748077572597877,
-0.19875636476257857,
-0.10122126185988378,
2.038030458042445
],
[
0.0,
0.0,
0.0,
1.0
]
],
"at_element": 10,
"to_element": 18
},
{
"pose": [
[
0.09781678814099326,
-0.0076214540734212965,
0.9951752556186204,
20.47305000061424
],
[
0.19707825328595643,
-0.9800192961897085,
-0.02687640559272106,
2.6982245042369497
],
[
0.9754957908876574,
0.19875636476257755,
-0.09436031701318481,
2.0451856871742344
],
[
0.0,
0.0,
0.0,
1.0
]
],
"at_element": 18,
"to_element": 10
},
{
"pose": [
[
0.015114210185581567,
-0.9993911573126479,
0.03144638827834301,
20.427188612880254
],
[
0.01016707314234111,
-0.031294745982659355,
-0.9994584881312476,
5.269292484235408
],
[
0.9998340818726797,
0.015425743391067614,
0.00968788762572037,
2.0530957139189625
],
[
0.0,
0.0,
0.0,
1.0
]
],
"at_element": 1,
"to_element": 2
},
{
"pose": [
[
-0.032311783641337355,
0.9993911573123508,
-0.013162952700491774,
20.463166694549564
],
[
0.9969663154556463,
0.03129474598542359,
-0.07126573314364162,
5.2704190950911
],
[
-0.07081041226195714,
-0.015425743404704866,
-0.9973705088660401,
2.0525403871569137
],
[
0.0,
0.0,
0.0,
1.0
]
],
"at_element": 2,
"to_element": 1
},
{
"pose": [
[
-0.9970804018031258,
-0.06958302238751352,
0.03144638827491329,
20.424909981268573
],
[
-0.030693838458614446,
-0.011858279087745283,
-0.999458488131325,
5.341714082725812
],
[
0.0699182424034979,
-0.9975056812933428,
0.009687887628877845,
2.0523937214736274
],
[
0.0,
0.0,
0.0,
1.0
]
],
"at_element": 1,
"to_element": 19
},
{
"pose": [
[
0.015845906171371493,
0.06958302238332997,
-0.9974503046536248,
20.427414970075212
],
[
-0.9998163284137567,
0.011858279083567291,
-0.015056249679491651,
5.34214098077308
],
[
0.010780384726114867,
0.9975056812936842,
0.06975814713694539,
2.0883039260100515
],
[
0.0,
0.0,
0.0,
1.0
]
],
"at_element": 19,
"to_element": 1
},
{
"pose": [
[
0.9997110368925763,
-0.020114158966745746,
-0.013162952717011643,
20.46349835896894
],
[
-0.02100270437146482,
-0.9972362216075983,
-0.07126573316037826,
5.272214764232995
],
[
-0.011693122947042629,
0.07152159759724239,
-0.9973705088646265,
2.077670942423453
],
[
0.0,
0.0,
0.0,
1.0
]
],
"at_element": 2,
"to_element": 11
},
{
"pose": [
[
0.0760565619566701,
0.020114158966357324,
0.9969006068773394,
20.46422246869193
],
[
-0.07285498538665006,
0.9972362216075958,
-0.014562603411373914,
5.308115268220044
],
[
-0.9944383090406577,
-0.07152159759738354,
0.07731177523169241,
2.0750961649093043
],
[
0.0,
0.0,
0.0,
1.0
]
],
"at_element": 11,
"to_element": 2
},
{
"pose": [
[
-0.07866510733959564,
0.0009904013479745954,
0.9969006068773456,
20.488148081201473
],
[
-0.19689003671727223,
-0.9803174200346352,
-0.014562603411076055,
5.307765765768208
],
[
0.977264608142913,
-0.1974253658520278,
0.07731177523166732,
2.0769516473554552
],
[
0.0,
0.0,
0.0,
1.0
]
],
"at_element": 11,
"to_element": 19
},
{
"pose": [
[
0.07135761242571981,
-0.0009904013480013102,
-0.9974503046538561,
20.48811242675294
],
[
-0.19685290275281908,
0.9803174200345806,
-0.015056249683533446,
5.343057192897776
],
[
0.977832821000957,
0.19742536585229775,
0.06975814713276485,
2.0840589605278086
],
[
0.0,
0.0,
0.0,
1.0
]
],
"at_element": 19,
"to_element": 11
},
{
"pose": [
[
-0.12539961497411856,
0.07730957183101544,
0.9890895645327817,
22.60605309803045
],
[
-0.9921011076332917,
-0.013001239489713878,
-0.12476521953063158,
2.688025425267755
],
[
0.0032138446039518542,
-0.9969223630128056,
0.07832926227040249,
0.07839581545026605
],
[
0.0,
0.0,
0.0,
1.0
]
],
"at_element": 4,
"to_element": 5
},
{
"pose": [
[
-0.9919504810704098,
-0.0773095718309892,
0.10028695432354241,
22.60326995344372
],
[
0.0995764233292837,
0.013001239489681127,
0.9949449752065083,
2.6884934698895204
],
[
-0.07822262473946041,
0.9969223630128081,
-0.005198375114252807,
0.11428502052921903
],
[
0.0,
0.0,
0.0,
1.0
]
],
"at_element": 5,
"to_element": 4
},
{
"pose": [
[
-0.07247296669064673,
-0.1282556136447955,
0.9890895645327843,
22.582314950521415
],
[
0.0508120808222601,
-0.9908843385774118,
-0.12476521953059069,
2.6910197902791926
],
[
0.9960751987383122,
0.041215593294302154,
0.07832926227043258,
0.07651591331731021
],
[
0.0,
0.0,
0.0,
1.0
]
],
"at_element": 4,
"to_element": 9
},
{
"pose": [
[
-0.9894222196432343,
0.12825561364478194,
-0.06778029835324918,
22.586932152613958
],
[
0.1306855027405558,
0.9908843385774133,
-0.03270362266554433,
2.7266916264782632
],
[
0.06296801290896227,
-0.0412155932943169,
-0.9971641310334491,
0.07503215195828705
],
[
0.0,
0.0,
0.0,
1.0
]
],
"at_element": 9,
"to_element": 4
},
{
"pose": [
[
0.9903182130616943,
0.09598105891685355,
0.10028695432354198,
22.845828707371226
],
[
-0.09931385344185806,
-0.014874636998927215,
0.9949449752065084,
5.094914275470516
],
[
0.09698760432561393,
-0.9952720138250396,
-0.005198375114256137,
0.10171198549525112
],
[
0.0,
0.0,
0.0,
1.0
]
],
"at_element": 5,
"to_element": 6
},
{
"pose": [
[
0.019658719134094116,
-0.09598105891682518,
-0.9951890127464288,
22.842373389249417
],
[
-0.9996649838052943,
0.014874636998960744,
-0.021181721547353594,
5.095449762402602
],
[
0.01683611937375351,
0.9952720138250417,
-0.09565648739671895,
0.13754177800126843
],
[
0.0,
0.0,
0.0,
1.0
]
],
"at_element": 6,
"to_element": 5
},
{
"pose": [
[
-0.02383688521159466,
0.9946729762569798,
0.10028695432353624,
22.848235594067
],
[
0.007625824206228926,
-0.10013162895157146,
0.9949449752065089,
5.118792952812008
],
[
0.9996867757995926,
0.024481159849699896,
-0.005198375114253695,
0.10158722450329032
],
[
0.0,
0.0,
0.0,
1.0
]
],
"at_element": 5,
"to_element": 8
},
{
"pose": [
[
-0.10186886780923188,
-0.9946729762569801,
0.015760839931492937,
22.812427366911447
],
[
-0.9911659026006909,
0.10013162895156569,
-0.0869701696288082,
5.122397691455301
],
[
0.0849287188942758,
-0.024481159849706752,
-0.9960862339774554,
0.10070590274844737
],
[
0.0,
0.0,
0.0,
1.0
]
],
"at_element": 8,
"to_element": 5
},
{
"pose": [
[
-0.06810742265044478,
0.9976363725260015,
0.009113023267552811,
22.77347771609328
],
[
-0.0006497237535187939,
0.009089878927617923,
-0.9999584751179047,
2.7996973275705868
],
[
-0.997677782071425,
-0.06811051544543262,
2.9099822639766515e-05,
2.288614757315055
],
[
0.0,
0.0,
0.0,
1.0
]
],
"at_element": 7,
"to_element": 9
},
{
"pose": [
[
0.011291561818738693,
-0.9976363725260013,
-0.06778029835324759,
22.73756280666999
],
[
-0.9994237575551379,
-0.009089878927616146,
-0.03270362266554272,
2.79937009192908
],
[
0.03201020877880244,
0.06811051544543571,
-0.9971641310334496,
2.291066735871934
],
[
0.0,
0.0,
0.0,
1.0
]
],
"at_element": 9,
"to_element": 7
},
{
"pose": [
[
-0.9976542455474959,
-0.00958318820649085,
-0.06778029835324918,
22.73593607964718
],
[
-0.007378447817155304,
0.9994378577842442,
-0.032703622665546196,
2.7985852050515296
],
[
0.0680556011571863,
-0.03212679460263481,
-0.9971641310334494,
2.267134798752413
],
[
0.0,
0.0,
0.0,
1.0
]
],
"at_element": 9,
"to_element": 10
},
{
"pose": [
[
0.10157533625855641,
0.009583188206485689,
-0.9947816914116184,
22.73628107442272
],
[
-0.03098912467153754,
-0.9994378577842444,
-0.012792285946321771,
2.762605442159993
],
[
-0.9943450735112299,
0.03212679460263087,
-0.10122126185988445,
2.2682913633584714
],
[
0.0,
0.0,
0.0,
1.0
]
],
"at_element": 10,
"to_element": 9
},
{
"pose": [
[
0.9969639209685731,
-0.07732976848467638,
0.009113023267554143,
22.750922510659276
],
[
0.009087983154426195,
-0.0006757233602050494,
-0.9999584751179047,
5.274646438263639
],
[
0.07733271525786158,
0.9970053411612432,
2.9099822644207407e-05,
2.2885427337441246
],
[
0.0,
0.0,
0.0,
1.0
]
],
"at_element": 7,
"to_element": 11
},
{
"pose": [
[
-0.014466752009446804,
0.07732976848462336,
0.9969006068773414,
22.75370638232566
],
[
-0.9998937313434034,
0.0006757233601506485,
-0.014562603411005848,
5.274670764304615
],
[
-0.0017997517781217498,
-0.9970053411612472,
0.07731177523173338,
2.252650541450252
],
[
0.0,
0.0,
0.0,
1.0
]
],
"at_element": 11,
"to_element": 7
},
{
"pose": [
[
-0.9996495772724006,
0.021267782765596936,
0.015760839931493808,
22.778397635048137
],
[
0.01981922622672969,
0.9960137488340759,
-0.08697016962881038,
5.310177756822332
],
[
-0.017547675939693603,
-0.08662732565262371,
-0.9960862339774552,
2.251387440174432
],
[
0.0,
0.0,
0.0,
1.0
]
],
"at_element": 8,
"to_element": 11
},
{
"pose": [
[
-0.07574207168949121,
-0.02126778276557137,
0.9969006068773459,
22.77763199486832
],
[
0.08800308355613877,
-0.9960137488340741,
-0.014562603410980035,
5.274321261852295
],
[
0.9932364249567146,
0.08662732565265244,
0.07731177523168165,
2.254506023898971
],
[
0.0,
0.0,
0.0,
1.0
]
],
"at_element": 11,
"to_element": 8
},
{
"pose": [
[
-0.056981534070773776,
0.1000159235664526,
-0.9933528677202733,
18.299762945776347
],
[
-0.0482760677878689,
-0.9940816014100102,
-0.09732004427172597,
2.67958333407185
],
[
-0.99720736361796,
0.04240972496089934,
0.06147267014583402,
0.08359611020696327
],
[
0.0,
0.0,
0.0,
1.0
]
],
"at_element": 12,
"to_element": 17
},
{
"pose": [
[
-0.9934597793331943,
-0.10001592356648849,
0.0550861314704827,
18.296162372525608
],
[
-0.10213156323763879,
0.9940816014100083,
-0.03702584946695445,
2.71537027174593
],
[
-0.051056935257388476,
-0.042409724960859124,
-0.997794870998477,
0.08206936010737739
],
[
0.0,
0.0,
0.0,
1.0
]
],
"at_element": 17,
"to_element": 12
},
{
"pose": [
[
0.05282452761796741,
-0.9952409392745829,
-0.08188432129403378,
18.257205038379492
],
[
-0.0092555219224697,
-0.08248323848699934,
0.9965494722705139,
2.714503787504807
],
[
-0.998560916817738,
-0.05188437298978116,
-0.013568612441071215,
0.13687206995485368
],
[
0.0,
0.0,
0.0,
1.0
]
],
"at_element": 13,
"to_element": 17
},
{
"pose": [
[
-0.08038028932181662,
0.9952409392745817,
0.05508613147054059,
18.293033712208263
],
[
0.9959044140076542,
0.08248323848714012,
-0.03702584946688938,
2.7174731840915776
],
[
-0.041393323720284814,
0.051884372989582726,
-0.9977948709984763,
0.13873990738325698
],
[
0.0,
0.0,
0.0,
1.0
]
],
"at_element": 17,
"to_element": 13
},
{
"pose": [
[
0.9919433247349774,
-0.09666125614721098,
-0.08188432129389911,
18.061377537566898
],
[
0.08017032442858076,
-0.021491123710760895,
0.9965494722705267,
5.0977658028350445
],
[
-0.09808750988140816,
-0.9950852893906593,
-0.01356861244094687,
0.10442254333220438
],
[
0.0,
0.0,
0.0,
1.0
]
],
"at_element": 13,
"to_element": 14
},
{
"pose": [
[
0.005145052953157925,
0.0966612561472126,
0.9953040389700789,
18.06485734278901
],
[
0.9997427140428496,
0.021491123710769222,
-0.007255158157154384,
5.098539483288813
],
[
-0.022091494932351574,
0.9950852893906589,
-0.09652581359389067,
0.14024561375864653
],
[
0.0,
0.0,
0.0,
1.0
]
],
"at_element": 14,
"to_element": 13
},
{
"pose": [
[
-0.03332315554402743,
-0.9960845974267577,
-0.08188432129389811,
18.05941231402569
],
[
-0.01634430381904106,
-0.08137575222390048,
0.9965494722705266,
5.121682988102475
],
[
-0.9993109781430699,
0.03454651529703279,
-0.013568612440940875,
0.10409689666176611
],
[
0.0,
0.0,
0.0,
1.0
]
],
"at_element": 13,
"to_element": 16
},
{
"pose": [
[
-0.08351528991575075,
0.9960845974267584,
-0.028994329091413824,
18.095271359543425
],
[
0.9943302560831616,
0.08137575222390026,
-0.06844946155806368,
5.124612515183383
],
[
-0.06582201902010111,
-0.03454651529702368,
-0.9972331723789327,
0.10285322211071316
],
[
0.0,
0.0,
0.0,
1.0
]
],
"at_element": 16,
"to_element": 13
},
{
"pose": [
[
-0.0548975975091297,
-0.9984706698132252,
0.0065249758968791705,
18.138557275101135
],
[
0.0033662583671166812,
-0.006719867995735651,
-0.9999717554404852,
2.7969015796654286
],
[
0.9984863154256703,
-0.05487408219596174,
0.003730014855123809,
2.283767916462102
],
[
0.0,
0.0,
0.0,
1.0
]
],
"at_element": 15,
"to_element": 17
},
{
"pose": [
[
-0.004673290312895428,
0.9984706698132244,
0.05508613147047515,
18.174502219226852
],
[
0.9992917140882187,
0.006719867995724993,
-0.03702584946695984,
2.7971434949133585
],
[
-0.037339396249555755,
0.05487408219597941,
-0.9977948709984772,
2.2857433834218406
],
[
0.0,
0.0,
0.0,
1.0
]
],
"at_element": 17,
"to_element": 15
},
{
"pose": [
[
-0.9982028966269783,
0.02359015229131328,
0.05508613147048251,
18.175824286270522
],
[
0.021567634137263442,
0.9990815400301275,
-0.037025849466959915,
2.7962548746011784
],
[
-0.05590898249147257,
-0.03577123265840128,
-0.997794870998477,
2.261796308539726
],
[
0.0,
0.0,
0.0,
1.0
]
],
"at_element": 17,
"to_element": 18
},
{
"pose": [
[
0.09523505299674084,
-0.023590152291253497,
0.995175255618619,
18.174975040787764
],
[
0.033372671355967526,
-0.9990815400301309,
-0.026876405592794802,
2.7602879391486193
],
[
0.9948952454843046,
0.03577123265834285,
-0.0943603170131817,
2.2630840729158397
],
[
0.0,
0.0,
0.0,
1.0
]
],
"at_element": 18,
"to_element": 17
},
{
"pose": [
[
0.02947689538790521,
-0.9995441647710399,
0.006524975896877505,
18.122397913178336
],
[
0.00392081211223877,
-0.0064121411131516926,
-0.9999717554404852,
5.273371342020102
],
[
0.999557772152601,
0.029501646030507755,
0.0037300148551470125,
2.2745303865502637
],
[
0.0,
0.0,
0.0,
1.0
]
],
"at_element": 15,
"to_element": 16
},
{
"pose": [
[
-0.00841377160986112,
0.9995441647710402,
-0.02899432909140378,
18.15838150312227
],
[
0.9976339788012224,
0.00641214111313948,
-0.06844946155805284,
5.273602179100253
],
[
-0.06823234415245649,
-0.029501646030496605,
-0.9972331723789336,
2.2734683272928065
],
[
0.0,
0.0,
0.0,
1.0
]
],
"at_element": 16,
"to_element": 15
},
{
"pose": [
[
0.9993833544070309,
0.019805045182739543,
-0.028994329091404553,
18.157685639282693
],
[
0.017781774269570835,
-0.9974961051133178,
-0.068449461558053,
5.271959392161241
],
[
-0.03027737501794123,
0.06789168188424109,
-0.9972331723789338,
2.2495347331717555
],
[
0.0,
0.0,
0.0,
1.0
]
],
"at_element": 16,
"to_element": 19
},
{
"pose": [
[
0.06856128595093935,
-0.019805045182670886,
-0.9974503046538539,
18.156972657655874
],
[
0.06910014203479493,
0.997496105113314,
-0.015056249683758405,
5.307869251957427
],
[
0.9952509836415762,
-0.06789168188431388,
0.0697581471327503,
2.247090632623099
],
[
0.0,
0.0,
0.0,
1.0
]
],
"at_element": 19,
"to_element": 16
}
],
"contact_residues": [
6.576500225658051e-13,
8.232371950572966e-13,
5.561429957869937e-13,
1.1077012338331614e-12,
7.045003549820796e-14,
2.249999919095891e-06,
1.4474086278235921e-12,
2.2499988598439208e-06,
2.2499997071516527e-06,
1.7452655458302336e-13,
2.2499997738495596e-06,
1.220992696148616e-13,
7.199127649023129e-13,
7.126120289410904e-13,
6.622718752203738e-13,
6.109778687161753e-13,
7.577579150573696e-13,
7.472317810452036e-13,
6.015738398136379e-13,
7.455426914346413e-13,
8.914026581334892e-13,
8.143592894339707e-13,
8.714221329957786e-13,
8.681478568990947e-13,
1.6889889017943525e-12,
1.0775180959651258e-12,
6.061851695983724e-13,
7.497438893925668e-13,
8.970320453153295e-13,
8.26904053900932e-13,
8.770744677852077e-13,
8.738573179102759e-13
],
"collision_dists": [
0.0100000000001,
0.0100000000001,
0.0100000000001,
0.0100000000001,
0.0100000000001,
0.0100000000001,
0.0100000000001,
0.0100000000001,
0.0100000000001,
0.0100000000001,
0.0100000000001,
0.0100000000001,
0.0100000000001,
0.0100000000001,
0.0100000000001,
0.0100000000001,
0.0100000000001,
0.0100000000001,
0.0100000000001,
0.0100000000001,
0.0100000000001,
0.0100000000001,
0.0100000000001,
0.0100000000001,
0.0100000000001,
0.0100000000001,
0.0100000000001,
0.0100000000001,
0.0100000000001,
0.0100000000001,
0.0100000000001,
0.0100000000001,
0.0100000000001,
0.0100000000001,
0.0100000000001,
0.0100000000001,
0.0100000000001,
0.0100000000001,
0.0100000000001,
0.0100000000001,
0.0100000000001,
0.0100000000001,
0.0100000000001,
0.0100000000001,
0.0100000000001,
0.0100000000001,
0.0100000000001,
0.0100000000001,
0.025,
0.025,
0.025,
0.025,
0.025,
0.025,
0.025,
0.025,
0.025,
0.025,
0.025,
0.025,
0.025,
0.025,
0.025,
0.025,
0.025,
0.025,
0.025,
0.025,
0.025,
0.025,
0.025,
0.025,
0.025,
0.025,
0.025,
0.025,
0.025,
0.025,
0.025,
0.025,
0.025,
0.025,
0.025,
0.025,
0.025,
0.025,
0.025,
0.025,
0.025,
0.025,
0.025,
0.025,
0.025,
0.025,
0.025,
0.025
],
"collision_id_pairs": [
[
0,
2
],
[
0,
3
],
[
0,
4
],
[
0,
6
],
[
0,
12
],
[
0,
14
],
[
1,
2
],
[
1,
3
],
[
1,
10
],
[
1,
11
],
[
1,
18
],
[
1,
19
],
[
2,
6
],
[
2,
11
],
[
2,
14
],
[
2,
19
],
[
3,
4
],
[
3,
10
],
[
3,
12
],
[
3,
18
],
[
4,
5
],
[
4,
9
],
[
4,
12
],
[
5,
6
],
[
5,
8
],
[
5,
9
],
[
6,
8
],
[
6,
14
],
[
7,
8
],
[
7,
9
],
[
7,
10
],
[
7,
11
],
[
8,
11
],
[
9,
10
],
[
10,
18
],
[
11,
19
],
[
12,
13
],
[
12,
17
],
[
13,
14
],
[
13,
16
],
[
13,
17
],
[
14,
16
],
[
15,
16
],
[
15,
17
],
[
15,
18
],
[
15,
19
],
[
16,
19
],
[
17,
18
]
],
"collision_t_pairs": [
[
[
0.11121201467942203,
0.888787985320578
],
[
0.913075698928374,
0.08692430107162595
]
],
[
[
0.8999999999966725,
0.1000000000033274
],
[
0.8999999999922238,
0.1000000000077762
]
],
[
[
0.8895314431886099,
0.11046855681139006
],
[
0.11110790177698113,
0.8888920982230188
]
],
[
[
0.1365055589854128,
0.8634944410145873
],
[
0.8999999999932214,
0.10000000000677857
]
],
[
[
0.9141318770846352,
0.08586812291536475
],
[
0.08444877325129206,
0.915551226748708
]
],
[
[
0.12333187247792914,
0.8766681275220709
],
[
0.8921010242972874,
0.10789897570271252
]
],
[
[
0.12191365527082956,
0.8780863447291706
],
[
0.10926542120531069,
0.8907345787946893
]
],
[
[
0.8861912383538646,
0.11380876164613545
],
[
0.09771351914008651,
0.9022864808599136
]
],
[
[
0.8889882296342911,
0.11101177036570888
],
[
0.8868219466020173,
0.1131780533979827
]
],
[
[
0.11003309173860015,
0.8899669082613999
],
[
0.08624930938381262,
0.9137506906161874
]
],
[
[
0.8999999999934267,
0.10000000000657329
],
[
0.8999999999935899,
0.10000000000641006
]
],
[
[
0.10000000000730472,
0.8999999999926954
],
[
0.12083013897348432,
0.8791698610265157
]
],
[
[
0.9024969203270088,
0.09750307967299127
],
[
0.9058633324601146,
0.09413666753988537
]
],
[
[
0.10000000001163603,
0.8999999999883639
],
[
0.10000000000769523,
0.8999999999923048
]
],
[
[
0.8999999999909718,
0.10000000000902828
],
[
0.8837013070748024,
0.11629869292519748
]
],
[
[
0.09515412010387313,
0.9048458798961269
],
[
0.10886638375126449,
0.8911336162487355
]
],
[
[
0.8884057450585187,
0.11159425494148131
],
[
0.10000000000620894,
0.899999999993791
]
],
[
[
0.11416460902476323,
0.8858353909752369
],
[
0.9522303643102759,
0.047769635689724164
]
],
[
[
0.8690275683735198,
0.13097243162648023
],
[
0.10000000000868815,
0.8999999999913119
]
],
[
[
0.10000000001137015,
0.8999999999886299
],
[
0.8373951818576746,
0.16260481814232544
]
],
[
[
0.8999999999954013,
0.10000000000459869
],
[
0.10000000000547091,
0.8999999999945291
]
],
[
[
0.8912984351262714,
0.10870156487372871
],
[
0.8999999999927559,
0.10000000000724397
]
],
[
[
0.1970123152732456,
0.8029876847267544
],
[
1.1492044491670309e-12,
0.9999999999988508
]
],
[
[
0.8921396757837899,
0.10786032421621004
],
[
0.10000000000775291,
0.8999999999922471
]
],
[
[
0.8999999999978421,
0.10000000000215793
],
[
0.8999999999917849,
0.10000000000821507
]
],
[
[
0.11242810086150778,
0.8875718991384922
],
[
0.8854943028576661,
0.11450569714233401
]
],
[
[
0.1100628957928947,
0.8899371042071054
],
[
0.8883594275327851,
0.1116405724672149
]
],
[
[
0.8895987204582322,
0.11040127954176776
],
[
0.899999999993733,
0.10000000000626696
]
],
[
[
0.08753498116676138,
0.9124650188332386
],
[
0.08602735381598062,
0.9139726461840193
]
],
[
[
0.899999999987725,
0.10000000001227506
],
[
0.10000000001118224,
0.8999999999888177
]
],
[
[
0.9118313763907095,
0.08816862360929043
],
[
0.08614474319958146,
0.9138552568004186
]
],
[
[
0.10000000001225821,
0.8999999999877418
],
[
0.8917262854489476,
0.10827371455105247
]
],
[
[
0.10000000001520014,
0.8999999999847998
],
[
0.8999999999889372,
0.1000000000110628
]
],
[
[
0.10863955366894455,
0.8913604463310555
],
[
0.10000000001472868,
0.8999999999852715
]
],
[
[
0.8999999999917502,
0.10000000000824978
],
[
0.889136608231794,
0.11086339176820609
]
],
[
[
0.10827371453620091,
0.8917262854637991
],
[
0.10000000000682725,
0.8999999999931728
]
],
[
[
0.9160323735981093,
0.0839676264018907
],
[
0.0873262977388372,
0.9126737022611628
]
],
[
[
0.8999999999943219,
0.10000000000567821
],
[
0.899999999992386,
0.10000000000761397
]
],
[
[
0.8920513818770982,
0.10794861812290184
],
[
0.10000000000723043,
0.8999999999927696
]
],
[
[
0.8999999999978422,
0.1000000000021579
],
[
0.899999999991757,
0.1000000000082431
]
],
[
[
0.10000000000607258,
0.8999999999939275
],
[
0.879426885575297,
0.12057311442470298
]
],
[
[
0.1103627153553288,
0.8896372846446713
],
[
0.8880606224583673,
0.11193937754163263
]
],
[
[
0.10000000001238638,
0.8999999999876137
],
[
0.1000000000131206,
0.8999999999868795
]
],
[
[
0.8999999999879978,
0.10000000001200215
],
[
0.1000000000115786,
0.8999999999884214
]
],
[
[
0.9114735114756612,
0.08852648852433881
],
[
0.08701237560614618,
0.9129876243938538
]
],
[
[
0.08900041142586972,
0.9109995885741302
],
[
0.9125352801951918,
0.08746471980480823
]
],
[
[
0.10882094447748784,
0.8911790555225122
],
[
0.8999999999882126,
0.10000000001178745
]
],
[
[
0.10869350898910898,
0.891306491010891
],
[
0.10000000001274453,
0.8999999999872554
]
]
],
"collision_dual_t_pairs": [
[
[
6.92686027424355e-14,
8.667424523336294e-15
],
[
8.436879283267759e-15,
8.862228742256793e-14
]
],
[
[
8.559447301324566e-15,
7.703502529665229e-14
],
[
8.559447307508427e-15,
7.70350247957605e-14
]
],
[
[
8.66018018098133e-15,
6.973479810019382e-14
],
[
6.93335252527902e-14,
8.666409105350682e-15
]
],
[
[
5.643361760255899e-14,
8.921311138948797e-15
],
[
8.559447306122557e-15,
7.70350249080123e-14
]
],
[
[
8.427123836815181e-15,
8.971318674725378e-14
],
[
9.122101364838828e-14,
8.414059563195284e-15
]
],
[
[
6.246157058604088e-14,
8.787250660193359e-15
],
[
8.635235659261845e-15,
7.139551082106823e-14
]
],
[
[
6.318818902407222e-14,
8.773058071267551e-15
],
[
7.050276892442357e-14,
8.648480992258216e-15
]
],
[
[
8.692821487501476e-15,
6.768815521460578e-14
],
[
7.883763676279178e-14,
8.537756789310752e-15
]
],
[
[
8.665471975312526e-15,
6.939356390372349e-14
],
[
8.686639569181411e-15,
6.80653358324914e-14
]
],
[
[
7.00107737830744e-14,
8.655942798206796e-15
],
[
8.931656769508916e-14,
8.43064045511956e-15
]
],
[
[
8.559447305838314e-15,
7.703502493103361e-14
],
[
8.559447305609305e-15,
7.703502494958702e-14
]
],
[
[
7.703502484862574e-14,
8.55944730685573e-15
],
[
6.375488588550823e-14,
8.762244533817888e-15
]
],
[
[
8.535786710811609e-15,
7.900602235559104e-14
],
[
8.504141359903406e-15,
8.182439833171834e-14
]
],
[
[
7.703502436111183e-14,
8.559447312874398e-15
],
[
7.7035024804933e-14,
8.559447307395134e-15
]
],
[
[
8.55944730925003e-15,
7.703502465468986e-14
],
[
8.717215830154015e-15,
6.624474061211704e-14
]
],
[
[
8.095815786283825e-14,
8.513607420591422e-15
],
[
7.076104160012244e-14,
8.644610525147776e-15
]
],
[
[
8.671153490333589e-15,
6.903135372886167e-14
],
[
7.703502497236033e-14,
8.559447305328193e-15
]
],
[
[
6.747714945914222e-14,
8.6963138624169e-15
],
[
8.089956730783579e-15,
1.612636330285158e-13
]
],
[
[
8.864509336580331e-15,
5.881771943302787e-14
],
[
7.703502469334116e-14,
8.559447308772826e-15
]
],
[
[
7.703502439114559e-14,
8.559447312503621e-15
],
[
9.199363440064348e-15,
4.7375609024627756e-14
]
],
[
[
8.5594473030902e-15,
7.703502515363729e-14
],
[
7.703502505524157e-14,
8.55944730430492e-15
]
],
[
[
8.643011452413189e-15,
7.086836744937011e-14
],
[
8.559447306769195e-15,
7.703502485563578e-14
]
],
[
[
3.9101628446116255e-14,
9.593550145959808e-15
],
[
0.013406808407556784,
7.703502567686113e-15
]
],
[
[
8.634861538659633e-15,
7.142109547017958e-14
],
[
7.703502479842218e-14,
8.55944730747551e-15
]
],
[
[
8.5594472997009e-15,
7.703502542816997e-14
],
[
8.559447308117504e-15,
7.703502474641966e-14
]
],
[
[
6.851936849444202e-14,
8.679299768894925e-15
],
[
8.699663633390375e-15,
6.727614980747845e-14
]
],
[
[
6.999182100161373e-14,
8.656232602009173e-15
],
[
8.671605584688113e-15,
6.900271424031466e-14
]
],
[
[
8.659525242087365e-15,
6.977729364883232e-14
],
[
8.559447305390696e-15,
7.703502496729627e-14
]
],
[
[
8.80048457706328e-14,
8.442518247635455e-15
],
[
8.954712622760965e-14,
8.428592062667056e-15
]
],
[
[
8.55944731376388e-15,
7.703502428906391e-14
],
[
7.703502441230251e-14,
8.5594473122424e-15
]
],
[
[
8.448385064981728e-15,
8.737237915403885e-14
],
[
8.942510246389635e-14,
8.429674740311645e-15
]
],
[
[
7.70350242909808e-14,
8.559447313740252e-15
],
[
8.63886460994458e-15,
7.114840312777027e-14
]
],
[
[
7.70350239600714e-14,
8.559447317825567e-15
],
[
8.55944731207539e-15,
7.703502442583629e-14
]
],
[
[
7.090881722694812e-14,
8.642410190863454e-15
],
[
7.70350240131709e-14,
8.559447317170042e-15
]
],
[
[
8.559447308131943e-15,
7.703502474525725e-14
],
[
8.664025814799749e-15,
6.948644424895925e-14
]
],
[
[
7.114840455110496e-14,
8.638864588960527e-15
],
[
7.70350249052343e-14,
8.559447306156888e-15
]
],
[
[
8.409640266551456e-15,
9.17437001689184e-14
],
[
8.82151495466576e-14,
8.440587871174528e-15
]
],
[
[
8.559447304591384e-15,
7.703502503204093e-14
],
[
8.559447307282952e-15,
7.703502481401825e-14
]
],
[
[
8.635716203893953e-15,
7.136267837637369e-14
],
[
7.703502485720209e-14,
8.559447306749808e-15
]
],
[
[
8.559447299699891e-15,
7.703502542824913e-14
],
[
8.559447308156379e-15,
7.703502474327169e-14
]
],
[
[
7.703502498753473e-14,
8.559447305140784e-15
],
[
8.75968352266982e-15,
6.38907984182882e-14
]
],
[
[
6.980167523044303e-14,
8.659149879272727e-15
],
[
8.674523312156932e-15,
6.881852209548701e-14
]
],
[
[
7.70350242766255e-14,
8.559447313917462e-15
],
[
7.703502419418452e-14,
8.559447314935281e-15
]
],
[
[
8.559447313384722e-15,
7.703502431978107e-14
],
[
7.703502436768484e-14,
8.559447312793316e-15
]
],
[
[
8.45170208258239e-15,
8.701918049462446e-14
],
[
8.85334117460509e-14,
8.437685648563792e-15
]
],
[
[
8.655580692263778e-14,
8.456098858109897e-15
],
[
8.441868286182282e-15,
8.80755326625759e-14
]
],
[
[
7.079062076477094e-14,
8.64416927516814e-15
],
[
8.559447313084727e-15,
7.703502434407546e-14
]
],
[
[
7.087361790470618e-14,
8.64293336407324e-15
],
[
7.703502423648543e-14,
8.559447314413043e-15
]
]
],
"clamp_dist": 0.024,
"clamp_gap": 0.016,
"radius": [
0.01,
0.01,
0.01,
0.01,
0.01,
0.01,
0.01,
0.01,
0.01,
0.01,
0.01,
0.01,
0.01,
0.01,
0.01,
0.01,
0.01,
0.01,
0.01,
0.01
],
"boundary_vertices": [
true,
true,
false,
false,
false,
false,
false,
false,
false,
true,
false,
true,
false,
false,
false,
false,
false,
false,
false,
false,
false,
false,
false,
false,
false,
true,
false,
true,
false,
false,
false,
false,
false,
false,
false,
false,
false,
false,
false,
false
],
"nstatus": 0,
"config": {
"weights": [
1.0,
10.0,
0.0
],
"shape_deviation": 0.39999999999999997,
"length_deviation_ratio": 0.3
}
}