{
"contact_id_pairs": [
[
0,
3
],
[
0,
4
],
[
0,
12
],
[
3,
12
],
[
0,
2
],
[
0,
6
],
[
2,
6
],
[
2,
14
],
[
1,
3
],
[
1,
10
],
[
3,
10
],
[
3,
18
],
[
1,
2
],
[
1,
19
],
[
2,
11
],
[
2,
19
],
[
4,
9
],
[
5,
9
],
[
5,
6
],
[
6,
8
],
[
7,
9
],
[
9,
10
],
[
7,
11
],
[
8,
11
],
[
12,
13
],
[
12,
17
],
[
13,
16
],
[
14,
16
],
[
15,
17
],
[
15,
18
],
[
15,
19
],
[
16,
19
]
],
"contact_t_bound_pairs": [
[
[
0.6,
0.9
],
[
0.6,
0.9
]
],
[
[
0.6,
0.9
],
[
0.1,
0.4
]
],
[
[
0.6,
0.9
],
[
0.1,
0.4
]
],
[
[
0.6,
0.9
],
[
0.1,
0.4
]
],
[
[
0.1,
0.4
],
[
0.6,
0.9
]
],
[
[
0.1,
0.4
],
[
0.6,
0.9
]
],
[
[
0.6,
0.9
],
[
0.6,
0.9
]
],
[
[
0.6,
0.9
],
[
0.6,
0.9
]
],
[
[
0.6,
0.9
],
[
0.1,
0.4
]
],
[
[
0.6,
0.9
],
[
0.6,
0.9
]
],
[
[
0.1,
0.4
],
[
0.6,
0.9
]
],
[
[
0.1,
0.4
],
[
0.6,
0.9
]
],
[
[
0.1,
0.4
],
[
0.1,
0.4
]
],
[
[
0.1,
0.4
],
[
0.1,
0.4
]
],
[
[
0.1,
0.4
],
[
0.1,
0.4
]
],
[
[
0.1,
0.4
],
[
0.1,
0.4
]
],
[
[
0.6,
0.9
],
[
0.6,
0.9
]
],
[
[
0.1,
0.4
],
[
0.6,
0.9
]
],
[
[
0.6,
0.9
],
[
0.1,
0.4
]
],
[
[
0.1,
0.4
],
[
0.6,
0.9
]
],
[
[
0.6,
0.9
],
[
0.1,
0.4
]
],
[
[
0.1,
0.4
],
[
0.1,
0.4
]
],
[
[
0.1,
0.4
],
[
0.6,
0.9
]
],
[
[
0.1,
0.4
],
[
0.6,
0.9
]
],
[
[
0.6,
0.9
],
[
0.1,
0.4
]
],
[
[
0.6,
0.9
],
[
0.6,
0.9
]
],
[
[
0.6,
0.9
],
[
0.6,
0.9
]
],
[
[
0.1,
0.4
],
[
0.6,
0.9
]
],
[
[
0.6,
0.9
],
[
0.1,
0.4
]
],
[
[
0.6,
0.9
],
[
0.1,
0.4
]
],
[
[
0.1,
0.4
],
[
0.6,
0.9
]
],
[
[
0.1,
0.4
],
[
0.6,
0.9
]
]
],
"line_pt_pairs": [
[
[
20.45677226131327,
5.422580388186745,
0.07207447082321722
],
[
20.45677226131327,
2.6536136262797703,
0.07207447082321722
]
],
[
[
20.420742996013686,
5.667255505408756,
2.323210314938211
],
[
20.48622583825415,
2.426481720481263,
2.273680843065632
]
],
[
[
20.460309805683206,
5.338362890478508,
2.5988779892191087
],
[
20.49637590961857,
5.079697470673553,
-0.2081676102497261
]
],
[
[
20.446057399213228,
2.7635804727027584,
2.582990466927187
],
[
20.417964816654102,
2.9490580733902116,
-0.20651341356114597
]
],
[
[
20.184493905104418,
3.049213282129141,
0.08662513175735362
],
[
22.87885629914586,
2.6536136262797703,
0.3
]
],
[
[
22.6293138857853,
2.427183005442337,
0.3434317429302823
],
[
22.87885629914586,
5.422580388186745,
0.3
]
],
[
[
23.150080693289528,
5.121119225761982,
0.3691996271221407
],
[
20.153658174241063,
5.148413087362045,
0.07887413013659501
]
],
[
[
22.779916735596103,
5.603805010102115,
2.4322994787313297
],
[
22.779803726404722,
2.446308096585346,
2.4671334568623924
]
],
[
[
22.741820754189813,
5.264655452487211,
2.7373666592990014
],
[
22.83649642928413,
5.148404567146968,
0.06951752224049636
]
],
[
[
22.76002295808555,
2.7662463389212246,
2.7392666530307537
],
[
22.598569042435454,
2.72460809835668,
0.0043125631043044975
]
],
[
[
23.028943884640626,
2.803600538386677,
2.464905024083714
],
[
20.15630549115807,
2.744447097053946,
2.2142906601544
]
],
[
[
20.177463877158342,
5.346650854757351,
2.1958810719112187
],
[
23.064855579137422,
5.281983613602203,
2.502214052836746
]
],
[
[
20.72905058177697,
3.0043907246096557,
0.08662457298140894
],
[
18.03468822348068,
2.6536136262797703,
0.3
]
],
[
[
18.36351451373821,
2.3888780104071126,
0.31408096614056796
],
[
18.03468822348068,
5.422580388186745,
0.3
]
],
[
[
17.80697798615134,
5.081456119436171,
0.346271047930916
],
[
20.788455868996426,
5.158564230720557,
0.15251205793056782
]
],
[
[
18.135055366419557,
5.576140167215185,
2.434418504462192
],
[
18.173354954636523,
2.445320649985472,
2.4523904572289257
]
],
[
[
18.17187462234334,
5.322109181217766,
2.7381123681960764
],
[
18.095722579862066,
5.100966552658584,
0.029194868744070082
]
],
[
[
18.112909957360696,
2.7621451791915534,
2.71912201623076
],
[
18.32012926387397,
2.720171981026902,
0.00648647782895592
]
],
[
[
17.888363330578027,
2.7871956136773646,
2.5094203888302014
],
[
20.726268900458027,
2.741661861991039,
2.2785753951851473
]
],
[
[
20.75296021531609,
5.355238232044926,
2.255068337022045
],
[
17.85173622944002,
5.253085172213288,
2.496205627253716
]
]
],
"contact_t_pairs": [
[
0.8999999967409275,
0.8999999901511815
],
[
0.8714178545922956,
0.1000000087356255
],
[
0.8859865745764971,
0.10000000880347623
],
[
0.8869118173167831,
0.11593015541320181
],
[
0.11448904966194247,
0.8999999906579667
],
[
0.1000000039865113,
0.8999999910416104
],
[
0.88486018449148,
0.8867947383921273
],
[
0.8634251560760772,
0.8999999915149475
],
[
0.889528700775638,
0.10880940290442681
],
[
0.8999999892924437,
0.8863456154857416
],
[
0.12233045356036946,
0.8999999905214914
],
[
0.10000001237833449,
0.8999999891965147
],
[
0.10968995539813776,
0.10000001154012086
],
[
0.10000001014305393,
0.11328584028950592
],
[
0.13148223044356397,
0.10000000979849774
],
[
0.11270782155029031,
0.1000000095143849
],
[
0.8999999930200168,
0.8999999901011577
],
[
0.10000000984592408,
0.8768372928860528
],
[
0.8999999941751271,
0.10000000944762104
],
[
0.10797195981358589,
0.899999987099182
],
[
0.8999999875638363,
0.10000001717298529
],
[
0.10929480910808767,
0.10000001741210064
],
[
0.10000001368370258,
0.8999999855905473
],
[
0.10000001822075796,
0.8917363952878852
],
[
0.8911941465041162,
0.10000000812443295
],
[
0.8999999940747959,
0.899999990050512
],
[
0.8999999949062522,
0.8999999894995079
],
[
0.10000001081694215,
0.8911728660439605
],
[
0.8999999874515046,
0.10000001922159431
],
[
0.8923349400668854,
0.10000001808045943
],
[
0.10000001609438171,
0.8999999857852599
],
[
0.10000001751734101,
0.8917610859664294
]
],
"half_couplers": [
{
"pose": [
[
-0.010070306145773422,
0.9999492931814744,
6.217248937900877e-15,
20.45677226131327
],
[
6.217248937900877e-15,
6.328271240363392e-15,
-1.0,
2.9305103114947313
],
[
-0.9999492931814744,
-0.010070306145773644,
-6.217248937900877e-15,
0.07207447082321722
],
[
0.0,
0.0,
0.0,
1.0
]
],
"at_element": 0,
"to_element": 3
},
{
"pose": [
[
-0.000668078256023108,
-0.9999492931814706,
-0.010048121084145201,
20.420774075186696
],
[
-0.9977969823642123,
-2.842170943040401e-14,
0.0663414047550409,
2.930510311494731
],
[
-0.06633804079346926,
0.010070306146181152,
-0.9977463872536982,
0.07243700196100475
],
[
0.0,
0.0,
0.0,
1.0
]
],
"at_element": 3,
"to_element": 0
},
{
"pose": [
[
-0.9968789006159509,
0.0789459150731251,
0.0,
20.45677226131327
],
[
0.0,
0.0,
-1.0,
3.009653313088393
],
[
-0.0789459150731251,
-0.9968789006159509,
0.0,
0.07207447082321722
],
[
0.0,
0.0,
0.0,
1.0
]
],
"at_element": 0,
"to_element": 4
},
{
"pose": [
[
0.14437162438149564,
-0.07894591496732833,
0.9863692901664263,
20.453930168045503
],
[
0.9894574853047671,
-1.1340928196545974e-10,
-0.14482363334196047,
3.009653313088393
],
[
0.01143323435493726,
0.9968789006243294,
0.07811362648228348,
0.10796262044558119
],
[
0.0,
0.0,
0.0,
1.0
]
],
"at_element": 4,
"to_element": 0
},
{
"pose": [
[
-0.9968788842825622,
-0.07894612132051546,
0.0,
20.45677226131327
],
[
0.0,
1.1102230246251565e-16,
-0.9999999999999999,
2.9693130116886093
],
[
0.07894612132051546,
-0.9968788842825623,
1.1102230246251565e-16,
0.07207447082321722
],
[
0.0,
0.0,
0.0,
1.0
]
],
"at_element": 0,
"to_element": 12
},
{
"pose": [
[
0.12830185635502245,
0.07894612132053475,
-0.9885879543997582,
20.459614322227583
],
[
-0.991683112147802,
2.0317081350640365e-14,
-0.12870355504355757,
2.9693130116886093
],
[
-0.010160646470832757,
0.9968788842825609,
0.07828953528314841,
0.10796211756171355
],
[
0.0,
0.0,
0.0,
1.0
]
],
"at_element": 12,
"to_element": 0
},
{
"pose": [
[
0.9922832543525271,
0.12358389213083343,
-0.010048121085689764,
20.42114175576259
],
[
0.12397936187544256,
-0.990064611952983,
0.06634140477369843,
2.9280827486000245
],
[
-0.0017495600921993157,
-0.06707522466741475,
-0.9977463872524421,
0.10894651087106094
],
[
0.0,
0.0,
0.0,
1.0
]
],
"at_element": 3,
"to_element": 12
},
{
"pose": [
[
0.08614451824190517,
-0.12358389212756005,
-0.988587954399341,
20.416692734840197
],
[
-0.05663443367636505,
0.9900646119523882,
-0.12870355504695488,
2.96372508108488
],
[
0.994671635716545,
0.06707522468222332,
0.07828953528283189,
0.1113612193970325
],
[
0.0,
0.0,
0.0,
1.0
]
],
"at_element": 12,
"to_element": 3
},
{
"pose": [
[
-0.012847360719681511,
-0.9999174692556073,
0.0,
20.45677226131327
],
[
0.0,
0.0,
-1.0,
5.1055640150705095
],
[
0.9999174692556073,
-0.012847360719681511,
0.0,
0.07207447082321722
],
[
0.0,
0.0,
0.0,
1.0
]
],
"at_element": 0,
"to_element": 2
},
{
"pose": [
[
0.0011787757365842033,
0.9999174692556074,
0.012793168693658576,
20.492769298888103
],
[
0.9957818553395195,
-2.220446049250313e-16,
-0.09175236550947638,
5.1055640150705095
],
[
-0.0917447931184511,
0.012847360719679575,
-0.9956996727217455,
0.07253697592067102
],
[
0.0,
0.0,
0.0,
1.0
]
],
"at_element": 2,
"to_element": 0
},
{
"pose": [
[
-0.9953388880949592,
0.09643908878608301,
5.967448757360216e-16,
20.45677226131327
],
[
5.967448757360216e-16,
1.2434497875801753e-14,
-0.9999999999999999,
5.14568370095753
],
[
-0.09643908878608301,
-0.9953388880949593,
-1.2434497875801753e-14,
0.07207447082321722
],
[
0.0,
0.0,
0.0,
1.0
]
],
"at_element": 0,
"to_element": 6
},
{
"pose": [
[
-0.009023728685273902,
-0.09643908878609586,
-0.9952979827542716,
20.45330045298903
],
[
-0.9999589031020734,
-1.3766765505351941e-14,
0.009065986261770909,
5.145683700957529
],
[
-0.0008743154540459264,
0.9953388880949582,
-0.09643512543870791,
0.10790668243599849
],
[
0.0,
0.0,
0.0,
1.0
]
],
"at_element": 6,
"to_element": 0
},
{
"pose": [
[
0.9997572838254599,
-0.017936227939965237,
0.012793168693656888,
20.49222326506534
],
[
-0.01668830899562336,
-0.995642005826535,
-0.09175236550945523,
5.109480159388329
],
[
0.01438310748083837,
0.0915165993741009,
-0.9956996727217473,
0.11503510219711854
],
[
0.0,
0.0,
0.0,
1.0
]
],
"at_element": 2,
"to_element": 6
},
{
"pose": [
[
-0.0951851734912923,
0.01793622793993748,
-0.9952979827542701,
20.492868969397666
],
[
0.09281596913681461,
0.9956420058265396,
0.009065986261783697,
5.145323278619321
],
[
0.9911230895406618,
-0.0915165993740566,
-0.09643512543872146,
0.11174050397427937
],
[
0.0,
0.0,
0.0,
1.0
]
],
"at_element": 6,
"to_element": 2
},
{
"pose": [
[
0.9994147311534984,
0.03172585677576209,
0.012793168693656796,
20.491450187102654
],
[
0.03276790467236576,
-0.9952425673406446,
-0.09175236550948013,
5.1150246600119305
],
[
0.009821383648105812,
0.09211787104056585,
-0.9956996727217453,
0.17520420438506443
],
[
0.0,
0.0,
0.0,
1.0
]
],
"at_element": 2,
"to_element": 14
},
{
"pose": [
[
-0.062144177652118326,
-0.0317258567757652,
0.9975628156641494,
20.49030805541392
],
[
-0.09395012405897696,
0.9952425673406438,
0.025799347714760078,
5.150853418937851
],
[
-0.9936354841556561,
-0.09211787104057437,
-0.06482917909172792,
0.17188795857465786
],
[
0.0,
0.0,
0.0,
1.0
]
],
"at_element": 14,
"to_element": 2
},
{
"pose": [
[
-0.009024182148857474,
0.9997552432940982,
0.020199446589023395,
20.478991863594942
],
[
0.015098517549613277,
0.020334195838630054,
-0.9996792261757768,
2.784494210994456
],
[
-0.9998452874841928,
-0.008716305728622309,
-0.015278321573291898,
2.2791524281732927
],
[
0.0,
0.0,
0.0,
1.0
]
],
"at_element": 1,
"to_element": 3
},
{
"pose": [
[
0.019710118441168767,
-0.9997552432941677,
-0.01004812106090722,
20.443000662078926
],
[
-0.9975897646289684,
-0.020334195813893174,
0.06634140477953146,
2.7837621796857057
],
[
-0.06652948773705153,
0.008716305778355731,
-0.9977463872523034,
2.2794662152916696
],
[
0.0,
0.0,
0.0,
1.0
]
],
"at_element": 3,
"to_element": 1
},
{
"pose": [
[
0.9960425038032718,
-0.08655237127790238,
0.020199446613247705,
20.479677553328944
],
[
0.018798348666759147,
-0.016972531941187752,
-0.999679226175531,
2.75055913367478
],
[
0.08686744329558838,
0.9961027156803046,
-0.01527832155736486,
2.2786337907832297
],
[
0.0,
0.0,
0.0,
1.0
]
],
"at_element": 1,
"to_element": 10
},
{
"pose": [
[
-0.021904659637389967,
0.08655237128729426,
-0.9960064622836124,
20.482793439701357
],
[
0.9996455780323905,
0.01697253190676551,
-0.02050978988098634,
2.7511701450205175
],
[
0.015129580511649865,
-0.9961027156800752,
-0.08689347276016401,
2.2427740814372186
],
[
0.0,
0.0,
0.0,
1.0
]
],
"at_element": 10,
"to_element": 1
},
{
"pose": [
[
-0.9996023237143417,
-0.026348238794065903,
-0.010048121085039297,
20.44262082084709
],
[
-0.026957923241571317,
0.9974327488029869,
0.06634140479232516,
2.7862700317201434
],
[
0.008274345858754027,
0.0665858988658145,
-0.99774638725121,
2.2417491920186383
],
[
0.0,
0.0,
0.0,
1.0
]
],
"at_element": 3,
"to_element": 10
},
{
"pose": [
[
0.08530473259930449,
0.026348238782690873,
-0.9960064622828565,
20.443569357734653
],
[
0.06860947558523592,
-0.9974327488000143,
-0.020509789885961718,
2.7503624417479053
],
[
-0.9939898603386655,
-0.06658589891484296,
-0.08689347276764936,
2.239352098922782
],
[
0.0,
0.0,
0.0,
1.0
]
],
"at_element": 10,
"to_element": 3
},
{
"pose": [
[
-0.9997208388788543,
0.021384096287460318,
-0.010048121084491289,
20.443248140609576
],
[
0.020671571537928618,
0.997582830718535,
0.06634140476163329,
2.7821282350674075
],
[
0.011442484062137562,
0.06611517436688182,
-0.9977463872532562,
2.304040044348942
],
[
0.0,
0.0,
0.0,
1.0
]
],
"at_element": 3,
"to_element": 18
},
{
"pose": [
[
0.07981215653000517,
-0.02138409627895469,
0.9965805236388892,
20.442478312810756
],
[
-0.06762260297189449,
-0.9975828307176964,
-0.015989978879734038,
2.7462152376515947
],
[
0.9945135510576695,
-0.0661151743822945,
-0.08106528528947132,
2.3016598970435833
],
[
0.0,
0.0,
0.0,
1.0
]
],
"at_element": 18,
"to_element": 3
},
{
"pose": [
[
-0.010689501399206769,
-0.9997388243517928,
0.020199446614478977,
20.427925806058383
],
[
-0.015496506871858051,
-0.020032549242867237,
-0.9996792261748777,
5.311775173484604
],
[
0.9998227807139655,
-0.010999093350223366,
-0.015278321598469313,
2.3177774293776143
],
[
0.0,
0.0,
0.0,
1.0
]
],
"at_element": 1,
"to_element": 2
},
{
"pose": [
[
-0.01893720989143266,
0.9997388243517945,
0.012793168693458735,
20.46391641649295
],
[
0.995580333470994,
0.02003254924274589,
-0.09175236550967557,
5.312496345512983
],
[
-0.09198468180796165,
0.010999093350292144,
-0.9956996727217295,
2.3181733968785796
],
[
0.0,
0.0,
0.0,
1.0
]
],
"at_element": 2,
"to_element": 1
},
{
"pose": [
[
0.9963200949572625,
0.0832961628216228,
0.02019944661482387,
20.427291280901926
],
[
0.021400016106707786,
-0.013545628996971981,
-0.999679226174931,
5.343178094044664
],
[
-0.0829958293830724,
0.9964327700323137,
-0.015278321594528688,
2.318257367248573
],
[
0.0,
0.0,
0.0,
1.0
]
],
"at_element": 1,
"to_element": 19
},
{
"pose": [
[
-0.03382136559546689,
-0.08329616282222985,
-0.99595073396647,
20.42429261820805
],
[
0.9992931343817205,
0.013545628993320458,
-0.03506775602647144,
5.3436657368237555
],
[
0.016411788653726167,
-0.9964327700323128,
0.08277915195819263,
2.2823857775710743
],
[
0.0,
0.0,
0.0,
1.0
]
],
"at_element": 19,
"to_element": 1
},
{
"pose": [
[
0.9994066863957539,
-0.03197827422227979,
0.012793168693638108,
20.465051857472034
],
[
-0.03067267016851961,
-0.9953093442382324,
-0.09175236551061186,
5.304352984143931
],
[
0.015667242648035224,
0.09130552694018246,
-0.995699672721641,
2.2298013728441552
],
[
0.0,
0.0,
0.0,
1.0
]
],
"at_element": 2,
"to_element": 11
},
{
"pose": [
[
0.1029473312385939,
0.03197827422192752,
0.9941726394186466,
20.46620307564835
],
[
-0.0941463677165154,
0.995309344238103,
-0.022265909325783408,
5.340184130008193
],
[
-0.9902213431534578,
-0.09130552694171665,
0.10547507910998477,
2.2265143730053745
],
[
0.0,
0.0,
0.0,
1.0
]
],
"at_element": 11,
"to_element": 2
},
{
"pose": [
[
0.9990063281203108,
0.04269298783582122,
0.01279316869365536,
20.464374737689567
],
[
0.043689181527237594,
-0.9948229786454006,
-0.09175236550941084,
5.3092092745018995
],
[
0.008809755561534217,
0.09222011683327484,
-0.9956996727217513,
2.2825019947106475
],
[
0.0,
0.0,
0.0,
1.0
]
],
"at_element": 2,
"to_element": 19
},
{
"pose": [
[
0.0791166499633481,
-0.04269298783573626,
-0.995950733966412,
20.46283778912512
],
[
0.09538078237422008,
0.9948229786454018,
-0.03506775602704205,
5.345022925089839
],
[
0.9922918230300293,
-0.09222011683330353,
0.08277915195864916,
2.279182068339485
],
[
0.0,
0.0,
0.0,
1.0
]
],
"at_element": 19,
"to_element": 2
},
{
"pose": [
[
-0.07380441885801847,
-0.14706641760029812,
0.9863692901602548,
22.60942004093511
],
[
0.03490078915636816,
-0.9888417720295752,
-0.14482363345004345,
2.693173594625986
],
[
0.9966618497129771,
0.02373644252251244,
0.07811362635982644,
0.27866251168638234
],
[
0.0,
0.0,
0.0,
1.0
]
],
"at_element": 4,
"to_element": 9
},
{
"pose": [
[
-0.9873699505488787,
0.14706641760304387,
-0.05892410004838652,
22.614714435598668
],
[
0.14819252187556367,
0.9888417720291628,
-0.01519626106599585,
2.7287719228253047
],
[
0.056031751831133576,
-0.02373644252267859,
-0.9981467948568998,
0.27780799916982857
],
[
0.0,
0.0,
0.0,
1.0
]
],
"at_element": 9,
"to_element": 4
},
{
"pose": [
[
0.05845911448384555,
0.9948323884661439,
0.08301235325246437,
22.654268129578334
],
[
0.009603878065819638,
-0.08371116403908196,
0.9964437799200307,
2.726722773209233
],
[
0.9982436062704642,
-0.057453980488467504,
-0.01444792947689355,
0.3390885682096284
],
[
0.0,
0.0,
0.0,
1.0
]
],
"at_element": 5,
"to_element": 9
},
{
"pose": [
[
-0.08268294440822199,
-0.9948323884649365,
-0.058924100036715846,
22.618454143761067
],
[
-0.9963741840601726,
0.08371116405561563,
-0.01519626108223434,
2.729736376784071
],
[
0.02005033771317898,
0.05745398048528751,
-0.9981467948573417,
0.34115691265200765
],
[
0.0,
0.0,
0.0,
1.0
]
],
"at_element": 9,
"to_element": 5
},
{
"pose": [
[
0.991893215279953,
0.09621225853160635,
0.08301235323639539,
22.85390205635625
],
[
-0.08121616979422681,
-0.022443868194124583,
0.9964437799215968,
5.123040632464495
],
[
0.09773322488054953,
-0.9951077700876081,
-0.01444792946120077,
0.3043431745460126
],
[
0.0,
0.0,
0.0,
1.0
]
],
"at_element": 5,
"to_element": 6
},
{
"pose": [
[
-0.011186010617217024,
-0.09621225853160181,
-0.9952979827542703,
22.85043841307562
],
[
-0.9997069974115338,
0.02244386819416433,
0.009065986261757808,
5.1238486121798505
],
[
0.021466077724794197,
0.9951077700876078,
-0.09643512543872124,
0.3401670746807009
],
[
0.0,
0.0,
0.0,
1.0
]
],
"at_element": 6,
"to_element": 5
},
{
"pose": [
[
0.09594680450996984,
-0.013271632514736592,
-0.9952979827542701,
22.826551081478303
],
[
-0.044136909284833596,
-0.9989843547983539,
0.009065986261781234,
5.124066197489822
],
[
-0.9944074335719277,
0.0430595243646539,
-0.09643512543872057,
0.337852614228758
],
[
0.0,
0.0,
0.0,
1.0
]
],
"at_element": 6,
"to_element": 8
},
{
"pose": [
[
-0.9992839715416904,
0.013271632514757449,
0.0354317370483006,
22.827028860553305
],
[
0.011725051491496412,
0.9989843547983539,
-0.043506114922367604,
5.160029657180724
],
[
-0.03597314814397597,
-0.04305952436464821,
-0.9984246641455239,
0.33630247036378286
],
[
0.0,
0.0,
0.0,
1.0
]
],
"at_element": 8,
"to_element": 6
},
{
"pose": [
[
-0.0589244665802906,
0.9982624434272813,
-3.578857542552161e-05,
22.779815027325267
],
[
-0.011010201747573944,
-0.0006857481889075423,
-0.999939150752134,
2.7620578272041714
],
[
-0.9982017244503768,
-0.058920487031382585,
0.011031478245400295,
2.463650058616085
],
[
0.0,
0.0,
0.0,
1.0
]
],
"at_element": 7,
"to_element": 9
},
{
"pose": [
[
0.0002108937459581739,
-0.998262443427266,
-0.05892410004787526,
22.743877563747894
],
[
-0.9998842950056333,
0.0006857481894191331,
-0.015196261070019309,
2.762082514149717
],
[
0.015210263801637085,
0.05892048703163277,
-0.9981467948568683,
2.465771197070782
],
[
0.0,
0.0,
0.0,
1.0
]
],
"at_element": 9,
"to_element": 7
},
{
"pose": [
[
0.9980747560156692,
0.019357991572212588,
-0.05892410004872839,
22.74237688319482
],
[
0.018492622450958972,
-0.9997135072433052,
-0.01519626105908683,
2.761695495367126
],
[
-0.05920138781438063,
0.014077343413434836,
-0.9981467948569847,
2.4403503678528584
],
[
0.0,
0.0,
0.0,
1.0
]
],
"at_element": 9,
"to_element": 10
},
{
"pose": [
[
-0.0871573017718299,
-0.01935799157706829,
-0.9960064622832308,
22.7416799952737
],
[
0.012339041882784455,
0.9997135072434212,
-0.020509789869057733,
2.797685193223418
],
[
0.9961181419858136,
-0.014077343398531037,
-0.08689347276735315,
2.43984358332706
],
[
0.0,
0.0,
0.0,
1.0
]
],
"at_element": 10,
"to_element": 9
},
{
"pose": [
[
-0.9944455991310588,
0.10525183650677133,
-3.578857500570465e-05,
22.779905434675417
],
[
-0.001125495720962856,
-0.010973971592181053,
-0.9999391507521226,
5.288055275544189
],
[
-0.10524582475448763,
-0.9943850475844084,
0.011031478246445348,
2.435782877021094
],
[
0.0,
0.0,
0.0,
1.0
]
],
"at_element": 7,
"to_element": 11
},
{
"pose": [
[
0.023298367825828947,
-0.10525183650666325,
0.994172639418641,
22.77611636733378
],
[
0.9996918531374483,
0.010973971593583487,
-0.02226590932519401,
5.288450338649537
],
[
-0.008566494456130558,
0.9943850475844043,
0.1054750791101633,
2.4715807503301024
],
[
0.0,
0.0,
0.0,
1.0
]
],
"at_element": 11,
"to_element": 7
},
{
"pose": [
[
0.9990104334992898,
-0.026883931433130417,
0.03543173704830062,
22.75128832342431
],
[
-0.025333412170184515,
-0.9987319140751323,
-0.04350611492237476,
5.253030361835007
],
[
0.03655642197175106,
0.042565455929921336,
-0.9984246641455237,
2.4705816969829173
],
[
0.0,
0.0,
0.0,
1.0
]
],
"at_element": 8,
"to_element": 11
},
{
"pose": [
[
0.1043935690645954,
0.026883931433084946,
0.9941726394186557,
22.752256145265317
],
[
-0.04515299646464034,
0.9987319140751314,
-0.022265909325435485,
5.288984722236448
],
[
-0.9935105382673198,
-0.04256545592996186,
0.10547507910997145,
2.4690493400795406
],
[
0.0,
0.0,
0.0,
1.0
]
],
"at_element": 11,
"to_element": 8
},
{
"pose": [
[
-0.12932583550584686,
-0.07725726300105745,
-0.9885879543997591,
18.32785061950229
],
[
0.9915978834995831,
-0.013001244490507435,
-0.1287035550435388,
2.6917802278503626
],
[
-0.002909589294352033,
-0.9969264180245619,
0.07828953528316984,
0.27678350454819356
],
[
0.0,
0.0,
0.0,
1.0
]
],
"at_element": 12,
"to_element": 13
},
{
"pose": [
[
-0.9911707031666381,
0.07725726300105694,
-0.10775876993422802,
18.33063188204093
],
[
-0.1070710658915633,
0.013001244490503994,
0.9941663615766442,
2.6922482728321873
],
[
0.07820757017704154,
0.9969264180245619,
-0.004614435146306217,
0.31267286941211125
],
[
0.0,
0.0,
0.0,
1.0
]
],
"at_element": 13,
"to_element": 12
},
{
"pose": [
[
-0.07432726014311397,
0.13103173209310523,
-0.9885879543997582,
18.304124475274953
],
[
-0.035313544486189626,
-0.991054160222828,
-0.1287035550435447,
2.6886913381911848
],
[
-0.9966084546979519,
0.02534436208914192,
0.07828953528317018,
0.2786624560338479
],
[
0.0,
0.0,
0.0,
1.0
]
],
"at_element": 12,
"to_element": 17
},
{
"pose": [
[
-0.9884484955936319,
-0.13103173209301525,
0.07615941664292068,
18.299407331160914
],
[
-0.1325657449675113,
0.9910541602227774,
-0.01542643077106209,
2.724369301260979
],
[
-0.0734567547601611,
-0.025344362091595494,
-0.9969763129033082,
0.277750058658471
],
[
0.0,
0.0,
0.0,
1.0
]
],
"at_element": 17,
"to_element": 12
},
{
"pose": [
[
-0.03599663342544801,
-0.9935251833166059,
-0.10775876993423156,
18.06757085418139
],
[
-0.00854004869519609,
-0.10751889637520362,
0.9941663615766438,
5.119210134955867
],
[
-0.9993154206507162,
0.036706907224158536,
-0.004614435146300666,
0.30140809668578167
],
[
0.0,
0.0,
0.0,
1.0
]
],
"at_element": 13,
"to_element": 16
},
{
"pose": [
[
-0.11010583429857079,
0.9935251833166054,
-0.02800741632356638,
18.103337784909826
],
[
0.9908706859844842,
0.10751889637520606,
-0.0813324694011896,
5.123080817836609
],
[
-0.0777945300779783,
-0.03670690722416621,
-0.9962934377240389,
0.3000866471342376
],
[
0.0,
0.0,
0.0,
1.0
]
],
"at_element": 16,
"to_element": 13
},
{
"pose": [
[
0.06251193664203625,
0.030994944450339807,
0.9975628156641476,
18.105125806686324
],
[
0.08227299648295675,
-0.9962758391666462,
0.025799347714818576,
5.089166931398684
],
[
0.994647380646517,
0.08045971483491024,
-0.06482917909172903,
0.32689514683500137
],
[
0.0,
0.0,
0.0,
1.0
]
],
"at_element": 14,
"to_element": 16
},
{
"pose": [
[
-0.9991270680195763,
-0.030994944450391346,
-0.028007416323575646,
18.1040099883902
],
[
-0.028626591027891092,
0.9962758391666525,
-0.0813324694012428,
5.125032871120186
],
[
0.030424007571764805,
-0.08045971483481275,
-0.9962934377240342,
0.3239985963327931
],
[
0.0,
0.0,
0.0,
1.0
]
],
"at_element": 16,
"to_element": 14
},
{
"pose": [
[
0.07603363933119445,
0.9970302225048038,
0.012231970490286681,
18.169524995334225
],
[
-0.004793525871360671,
0.012632839805687857,
-0.9999087125673846,
2.7584026409955174
],
[
-0.9970937306992631,
0.07596806414846446,
0.005739810951619684,
2.4505932617267314
],
[
0.0,
0.0,
0.0,
1.0
]
],
"at_element": 15,
"to_element": 17
},
{
"pose": [
[
0.01142272596817473,
-0.9970302225048125,
0.07615941664338127,
18.133631891995112
],
[
-0.9998011985350134,
-0.012632839805450713,
-0.015426430773218494,
2.7579478585682966
],
[
0.016342727416409523,
-0.07596806414839054,
-0.9969763129032403,
2.4478584102494
],
[
0.0,
0.0,
0.0,
1.0
]
],
"at_element": 17,
"to_element": 15
},
{
"pose": [
[
-0.9966243270521571,
-0.08118084518992244,
0.012231970490688963,
18.169231427175728
],
[
-0.011725358159391575,
-0.006714350893765264,
-0.9999087125673571,
2.782400520947774
],
[
0.08125556414098192,
-0.9966767720110294,
0.005739810955556646,
2.45045550585718
],
[
0.0,
0.0,
0.0,
1.0
]
],
"at_element": 15,
"to_element": 18
},
{
"pose": [
[
0.015392539745756828,
0.08118084518230984,
0.9965805236385373,
18.17215393887666
],
[
0.9998496077250308,
0.006714350904730049,
-0.015989978862724963,
2.7826422376854607
],
[
-0.007989471339052145,
0.9966767720115757,
-0.08106528529715096,
2.486335885291912
],
[
0.0,
0.0,
0.0,
1.0
]
],
"at_element": 18,
"to_element": 15
},
{
"pose": [
[
-0.9965083043934793,
-0.08259284577219936,
0.012231970490594296,
18.138885325857665
],
[
-0.011715833061716287,
-0.006730957401051008,
-0.9999087125673699,
5.26305816510361
],
[
0.08266763895565832,
-0.9965606434330602,
0.00573981095350673,
2.436215700028113
],
[
0.0,
0.0,
0.0,
1.0
]
],
"at_element": 15,
"to_element": 19
},
{
"pose": [
[
0.035504328455362,
0.08259284577200171,
-0.9959507339664027,
18.141858669267773
],
[
-0.9993622700000728,
0.006730957402450999,
-0.03506775602669354,
5.263300479648531
],
[
0.0038073562001847416,
0.996560643433067,
0.08277915195890917,
2.472091894802845
],
[
0.0,
0.0,
0.0,
1.0
]
],
"at_element": 19,
"to_element": 15
},
{
"pose": [
[
-0.9987364533710228,
-0.04172626677224404,
-0.028007416323577124,
18.16425941676123
],
[
-0.039327420716451476,
0.9959108310490955,
-0.08133246940116358,
5.299994914488018
],
[
0.031286589581830025,
-0.08012824258868721,
-0.9962934377240404,
2.4672205707978443
],
[
0.0,
0.0,
0.0,
1.0
]
],
"at_element": 16,
"to_element": 19
},
{
"pose": [
[
-0.07963073635869633,
0.041726266772131426,
-0.9959507339664109,
18.165761563039396
],
[
-0.08325784699552294,
-0.995910831049093,
-0.03506775602707101,
5.264142108474671
],
[
-0.9933413696915283,
0.08012824258877144,
0.08277915195864938,
2.4701051888260417
],
[
0.0,
0.0,
0.0,
1.0
]
],
"at_element": 19,
"to_element": 16
}
],
"contact_residues": [
8.33229248511966e-10,
3.675596401312921e-08,
4.986677897403412e-10,
4.694430939267151e-10,
6.251292904964933e-10,
8.421033937933917e-10,
5.077419701934082e-10,
1.917241357621155e-09,
9.187688176991898e-10,
8.372506163332491e-10,
7.95254120286541e-10,
1.1193519361941433e-09,
9.188087236968293e-10,
7.194130755513017e-10,
6.851529278787812e-10,
1.6904357874517486e-09,
1.7770589671986745e-09,
1.4353621572843357e-09,
1.4768559147430704e-09,
1.6517857320972188e-09,
1.12616401625684e-09,
8.351178424188312e-10,
8.396203439355683e-10,
8.286716482824713e-10,
9.97749266874011e-10,
9.66365038476705e-10,
1.7486134837862687e-09,
6.873879279837466e-10,
1.1069715823705997e-09,
1.1299730101212913e-09,
8.388843424478444e-10,
1.1636400827630309e-09
],
"collision_dists": [
0.02,
0.02,
0.02,
0.02,
0.02,
0.02,
0.02,
0.02,
0.02,
0.02,
0.02,
0.02,
0.02,
0.02,
0.02,
0.02,
0.02,
0.02,
0.02,
0.02,
0.02,
0.02,
0.02,
0.02,
0.02,
0.02,
0.02,
0.02,
0.02,
0.02,
0.02,
0.02,
0.02,
0.02,
0.02,
0.02,
0.02,
0.02,
0.02,
0.02,
0.02,
0.02,
0.02,
0.02,
0.02,
0.02,
0.02,
0.02,
0.025,
0.025,
0.025,
0.025,
0.025,
0.025,
0.025,
0.025,
0.025,
0.025,
0.025,
0.025,
0.025,
0.025,
0.025,
0.025,
0.025,
0.025,
0.025,
0.025,
0.025,
0.025,
0.025,
0.025,
0.025,
0.025,
0.025,
0.025,
0.025,
0.025,
0.025,
0.025,
0.025,
0.025,
0.025,
0.025,
0.025,
0.025,
0.025,
0.025,
0.025,
0.025,
0.025,
0.025,
0.025,
0.025,
0.025,
0.025
],
"collision_id_pairs": [
[
0,
2
],
[
0,
3
],
[
0,
4
],
[
0,
6
],
[
0,
12
],
[
0,
14
],
[
1,
2
],
[
1,
3
],
[
1,
10
],
[
1,
11
],
[
1,
18
],
[
1,
19
],
[
2,
6
],
[
2,
11
],
[
2,
14
],
[
2,
19
],
[
3,
4
],
[
3,
10
],
[
3,
12
],
[
3,
18
],
[
4,
5
],
[
4,
9
],
[
4,
12
],
[
5,
6
],
[
5,
8
],
[
5,
9
],
[
6,
8
],
[
6,
14
],
[
7,
8
],
[
7,
9
],
[
7,
10
],
[
7,
11
],
[
8,
11
],
[
9,
10
],
[
10,
18
],
[
11,
19
],
[
12,
13
],
[
12,
17
],
[
13,
14
],
[
13,
16
],
[
13,
17
],
[
14,
16
],
[
15,
16
],
[
15,
17
],
[
15,
18
],
[
15,
19
],
[
16,
19
],
[
17,
18
]
],
"collision_t_pairs": [
[
[
0.11448904967089216,
0.8855109503291079
],
[
0.899999990647589,
0.10000000935241109
]
],
[
[
0.8999999967300479,
0.10000000326995201
],
[
0.8999999901405243,
0.10000000985947573
]
],
[
[
0.8714178545852018,
0.12858214541479826
],
[
0.10000000874649692,
0.8999999912535032
]
],
[
[
0.10000000399820236,
0.8999999960017977
],
[
0.8999999910317057,
0.10000000896829432
]
],
[
[
0.8859865745679033,
0.11401342543209668
],
[
0.10000000881431899,
0.8999999911856811
]
],
[
[
0.09838456226898407,
0.9016154377310159
],
[
0.8909657470705538,
0.10903425292944621
]
],
[
[
0.10968995540688682,
0.8903100445931132
],
[
0.10000001155238353,
0.8999999884476165
]
],
[
[
0.8895287007676167,
0.11047129923238334
],
[
0.10880940291522581,
0.8911905970847742
]
],
[
[
0.8999999892839716,
0.10000001071602845
],
[
0.8863456154765044,
0.11365438452349569
]
],
[
[
0.10123484957140037,
0.8987651504285997
],
[
0.09004514941604208,
0.909954850583958
]
],
[
[
0.9014491052701267,
0.09855089472987333
],
[
0.9137112151326165,
0.08628878486738353
]
],
[
[
0.10000001015162509,
0.8999999898483749
],
[
0.11328584029870982,
0.8867141597012903
]
],
[
[
0.8848601844811552,
0.11513981551884483
],
[
0.8867947383828281,
0.11320526161717193
]
],
[
[
0.13148223045076324,
0.8685177695492368
],
[
0.10000000980840501,
0.899999990191595
]
],
[
[
0.8634251560674829,
0.13657484393251706
],
[
0.899999991504389,
0.10000000849561105
]
],
[
[
0.11270782155911523,
0.8872921784408847
],
[
0.10000000952407477,
0.8999999904759253
]
],
[
[
0.889821206731787,
0.11017879326821302
],
[
0.09222286964057909,
0.907777130359421
]
],
[
[
0.12233045356839177,
0.8776695464316082
],
[
0.8999999905115468,
0.10000000948845325
]
],
[
[
0.8869118173060954,
0.11308818269390465
],
[
0.11593015542413257,
0.8840698445758675
]
],
[
[
0.10000001238897885,
0.8999999876110211
],
[
0.8999999891862827,
0.10000001081371733
]
],
[
[
0.9170567531321582,
0.08294324686784185
],
[
0.08694616140421456,
0.9130538385957855
]
],
[
[
0.8999999930095056,
0.10000000699049431
],
[
0.8999999900907212,
0.10000000990927886
]
],
[
[
0.14175371709195747,
0.8582462829080425
],
[
0.06038659397626169,
0.9396134060237384
]
],
[
[
0.8999999941645261,
0.10000000583547383
],
[
0.10000000945819246,
0.8999999905418076
]
],
[
[
0.9110747539292434,
0.08892524607075654
],
[
0.9125765374377675,
0.08742346256223262
]
],
[
[
0.10000000985580852,
0.8999999901441915
],
[
0.8768372928766973,
0.12316270712330274
]
],
[
[
0.10797195982192835,
0.8920280401780717
],
[
0.8999999870873021,
0.10000001291269786
]
],
[
[
0.7878075114986071,
0.2121924885013929
],
[
0.9999999951594906,
4.840509443471888e-09
]
],
[
[
0.11157761924457983,
0.8884223807554202
],
[
0.11325641636279413,
0.8867435836372058
]
],
[
[
0.8999999875549645,
0.10000001244503551
],
[
0.10000001718478206,
0.8999999828152179
]
],
[
[
0.8883868617547115,
0.11161313824528857
],
[
0.08611766571662903,
0.9138823342833711
]
],
[
[
0.10000001369239533,
0.8999999863076047
],
[
0.8999999855802304,
0.10000001441976955
]
],
[
[
0.10000001823399354,
0.8999999817660065
],
[
0.8917363952774225,
0.1082636047225775
]
],
[
[
0.10929480912068582,
0.8907051908793142
],
[
0.10000001742453071,
0.8999999825754693
]
],
[
[
0.8012534855187703,
0.1987465144812297
],
[
0.9999999963050917,
3.694908395124497e-09
]
],
[
[
0.1852590701690623,
0.8147409298309377
],
[
0.014052805454646246,
0.9859471945453538
]
],
[
[
0.891194146493016,
0.10880585350698398
],
[
0.10000000813419488,
0.899999991865805
]
],
[
[
0.8999999940644056,
0.10000000593559442
],
[
0.8999999900400802,
0.10000000995991988
]
],
[
[
0.8897152262412706,
0.11028477375872943
],
[
0.08913373370433282,
0.9108662662956671
]
],
[
[
0.8999999948974436,
0.10000000510255633
],
[
0.8999999894882084,
0.10000001051179164
]
],
[
[
0.11182288801912965,
0.8881771119808705
],
[
0.8880085469293483,
0.11199145307065178
]
],
[
[
0.10000001082656165,
0.8999999891734384
],
[
0.8911728660334155,
0.10882713396658443
]
],
[
[
0.08913058404801541,
0.9108694159519846
],
[
0.11178498926810301,
0.888215010731897
]
],
[
[
0.8999999874425478,
0.10000001255745215
],
[
0.10000001923349168,
0.8999999807665084
]
],
[
[
0.8923349400588249,
0.10766505994117513
],
[
0.10000001809117547,
0.8999999819088247
]
],
[
[
0.10000001610322565,
0.8999999838967743
],
[
0.8999999857750067,
0.10000001422499334
]
],
[
[
0.1000000175299283,
0.8999999824700717
],
[
0.8917610859562558,
0.10823891404374421
]
],
[
[
0.08444411781971162,
0.9155558821802883
],
[
0.08541956549666382,
0.9145804345033361
]
]
],
"collision_dual_t_pairs": [
[
[
8.734459541711704e-11,
1.1292913275343057e-11
],
[
1.111111131995446e-11,
9.999995242556806e-11
]
],
[
[
1.1111111183988242e-11,
9.99999836692334e-11
],
[
1.1111111332468713e-11,
9.999995037089038e-11
]
],
[
[
1.1475507229950937e-11,
7.777292942672764e-11
],
[
9.999995593871298e-11,
1.1111111307136528e-11
]
],
[
[
9.999998021195201e-11,
1.1111111200208578e-11
],
[
1.1111111312258785e-11,
9.999995458733069e-11
]
],
[
[
1.128685102536232e-11,
8.770900056470787e-11
],
[
9.999995562742863e-11,
1.1111111309193138e-11
]
],
[
[
1.0164190584225975e-10,
1.109120307242451e-11
],
[
1.1223771005790749e-11,
9.171430387531414e-11
]
],
[
[
9.116568384896676e-11,
1.1232042399392025e-11
],
[
9.9999943645628e-11,
1.1111111367866506e-11
]
],
[
[
1.1241903797712124e-11,
9.05213689383542e-11
],
[
9.190380316795469e-11,
1.1220941609056786e-11
]
],
[
[
1.1111111353472499e-11,
9.999994585185434e-11
],
[
1.1282275822308718e-11,
8.798614143994007e-11
]
],
[
[
9.877963835592126e-11,
1.1126376326918023e-11
],
[
1.1105488726313179e-10,
1.0989555634768365e-11
]
],
[
[
1.1093241112209768e-11,
1.0147063989024563e-10
],
[
1.0944374946323171e-11,
1.1588997479264965e-10
]
],
[
[
9.999995012502875e-11,
1.111111133971492e-11
],
[
8.827206527495915e-11,
1.1277591581276169e-11
]
],
[
[
1.130121854749166e-11,
8.685092292045039e-11
],
[
1.1276566808447097e-11,
8.833509740312059e-11
]
],
[
[
7.605357581560155e-11,
1.1513864514764076e-11
],
[
9.999995046306618e-11,
1.1111111338375763e-11
]
],
[
[
1.1581780893509113e-11,
7.321937461366461e-11
],
[
1.111111129858248e-11,
9.999995699862079e-11
]
],
[
[
8.872486033575586e-11,
1.1270245240132174e-11
],
[
9.999995126524334e-11,
1.1111111324523633e-11
]
],
[
[
1.1238232174267982e-11,
9.07602437685337e-11
],
[
1.0843338815832727e-10,
1.1015914327310925e-11
]
],
[
[
8.174590034329252e-11,
1.1393800246032765e-11
],
[
1.1111111324873057e-11,
9.999995235314145e-11
]
],
[
[
1.1275075578994011e-11,
8.84266209330399e-11
],
[
8.625879197779513e-11,
1.1311323625300724e-11
]
],
[
[
9.999994071976883e-11,
1.1111111389337682e-11
],
[
1.1111111356437886e-11,
9.999994363040514e-11
]
],
[
[
1.0904435172489846e-11,
1.2056433212012287e-10
],
[
1.1501369647062906e-10,
1.0952255792829276e-11
]
],
[
[
1.1111111267582935e-11,
9.999996512135917e-11
],
[
1.1111111332683141e-11,
9.999995021419392e-11
]
],
[
[
7.05495470932982e-11,
1.165151535734249e-11
],
[
1.655685369641122e-10,
1.064278214916693e-11
]
],
[
[
1.1111111241888521e-11,
9.999997019455544e-11
],
[
9.999995304442448e-11,
1.1111111322809532e-11
]
],
[
[
1.0976046788141542e-11,
1.124540050423962e-10
],
[
1.0957983772991247e-11,
1.1438576789803296e-10
]
],
[
[
9.999995013168041e-11,
1.1111111332263252e-11
],
[
1.1404629215529486e-11,
8.118678773400438e-11
]
],
[
[
9.26165941195254e-11,
1.12104095830593e-11
],
[
1.1111111401765264e-11,
9.999993483821112e-11
]
],
[
[
1.2693455399206218e-11,
4.7127022743735844e-11
],
[
1.0000000266513509e-11,
0.0041453051768895076
]
],
[
[
8.96234689862203e-11,
1.1255908004698024e-11
],
[
8.82949806179217e-11,
1.1277217791097937e-11
]
],
[
[
1.1111111389643118e-11,
9.999993776687735e-11
],
[
9.999991754674339e-11,
1.1111111492998522e-11
]
],
[
[
1.1256358254707887e-11,
8.959499539178997e-11
],
[
1.1612022376055995e-10,
1.0942327233218314e-11
]
],
[
[
9.999992977258821e-11,
1.1111111418401052e-11
],
[
1.1111111434321975e-11,
9.99999320148158e-11
]
],
[
[
9.999990836243008e-11,
1.1111111519007392e-11
],
[
1.1214075171081274e-11,
9.236711515564742e-11
]
],
[
[
9.149568701397889e-11,
1.1227054794405079e-11
],
[
9.999991121386488e-11,
1.1111111499975619e-11
]
],
[
[
1.2480432282715148e-11,
5.03153972002684e-11
],
[
1.0000000071611906e-11,
0.005413806485302143
]
],
[
[
5.3970443003265715e-11,
1.2273815327265176e-11
],
[
7.115161232973903e-10,
1.0142249334148203e-11
]
],
[
[
1.122089974946864e-11,
9.190679034444998e-11
],
[
9.999995885897461e-11,
1.1111111293592306e-11
]
],
[
[
1.1111111244034549e-11,
9.999997094222286e-11
],
[
1.1111111334227887e-11,
9.999994958977857e-11
]
],
[
[
1.1239543954659915e-11,
9.067435894794706e-11
],
[
1.1219055655931293e-10,
1.0978560173789523e-11
]
],
[
[
1.1111111225682427e-11,
9.999997407079234e-11
],
[
1.1111111345791195e-11,
9.999994767691005e-11
]
],
[
[
8.942702159538119e-11,
1.1259016069952428e-11
],
[
1.1261153684540757e-11,
8.929232921054471e-11
]
],
[
[
9.999994409317075e-11,
1.1111111355238252e-11
],
[
1.1221171162019576e-11,
9.188135003751931e-11
]
],
[
[
1.1219460564540611e-10,
1.0978522197653218e-11
],
[
8.945738347987124e-11,
1.1258535263843376e-11
]
],
[
[
1.1111111391543504e-11,
9.999994115417795e-11
],
[
9.99999032649187e-11,
1.1111111540948274e-11
]
],
[
[
1.1206552566608432e-11,
9.288060748652176e-11
],
[
9.999990823925273e-11,
1.1111111518081728e-11
]
],
[
[
9.999991640021277e-11,
1.1111111472399004e-11
],
[
1.1111111429399814e-11,
9.999993289495614e-11
]
],
[
[
9.999991210287593e-11,
1.1111111502617005e-11
],
[
1.1213764100530133e-11,
9.238818595762373e-11
]
],
[
[
1.1842136492641908e-10,
1.0922326506487723e-11
],
[
1.1706870970292998e-10,
1.0933976766247706e-11
]
]
],
"clamp_dist": 0.024,
"clamp_gap": 0.016,
"radius": [
0.01,
0.01,
0.01,
0.01,
0.01,
0.01,
0.01,
0.01,
0.01,
0.01,
0.01,
0.01,
0.01,
0.01,
0.01,
0.01,
0.01,
0.01,
0.01,
0.01
],
"boundary_vertices": [
true,
true,
false,
false,
false,
false,
false,
false,
false,
true,
false,
true,
false,
false,
false,
false,
false,
false,
false,
false,
false,
false,
false,
false,
false,
true,
false,
true,
false,
false,
false,
false,
false,
false,
false,
false,
false,
false,
false,
false
],
"nstatus": 0,
"config": {
"weights": [
1.0,
10.0,
0.0
],
"shape_deviation": 0.5,
"length_deviation_ratio": 0.25
}
}