{
"contact_id_pairs": [
[
0,
3
],
[
0,
4
],
[
3,
4
],
[
3,
12
],
[
0,
6
],
[
0,
14
],
[
2,
14
],
[
6,
14
],
[
1,
10
],
[
1,
18
],
[
3,
18
],
[
10,
18
],
[
1,
2
],
[
1,
19
],
[
2,
11
],
[
11,
19
],
[
4,
5
],
[
4,
9
],
[
5,
6
],
[
5,
8
],
[
7,
9
],
[
9,
10
],
[
7,
11
],
[
8,
11
],
[
12,
17
],
[
13,
17
],
[
13,
14
],
[
13,
16
],
[
15,
17
],
[
17,
18
],
[
15,
16
],
[
16,
19
]
],
"contact_t_bound_pairs": [
[
[
0.6,
0.9
],
[
0.6,
0.9
]
],
[
[
0.6,
0.9
],
[
0.1,
0.4
]
],
[
[
0.6,
0.9
],
[
0.1,
0.4
]
],
[
[
0.6,
0.9
],
[
0.1,
0.4
]
],
[
[
0.1,
0.4
],
[
0.6,
0.9
]
],
[
[
0.1,
0.4
],
[
0.6,
0.9
]
],
[
[
0.6,
0.9
],
[
0.6,
0.9
]
],
[
[
0.6,
0.9
],
[
0.6,
0.9
]
],
[
[
0.6,
0.9
],
[
0.6,
0.9
]
],
[
[
0.6,
0.9
],
[
0.6,
0.9
]
],
[
[
0.1,
0.4
],
[
0.6,
0.9
]
],
[
[
0.6,
0.9
],
[
0.6,
0.9
]
],
[
[
0.1,
0.4
],
[
0.1,
0.4
]
],
[
[
0.1,
0.4
],
[
0.1,
0.4
]
],
[
[
0.1,
0.4
],
[
0.1,
0.4
]
],
[
[
0.1,
0.4
],
[
0.1,
0.4
]
],
[
[
0.6,
0.9
],
[
0.1,
0.4
]
],
[
[
0.6,
0.9
],
[
0.6,
0.9
]
],
[
[
0.6,
0.9
],
[
0.1,
0.4
]
],
[
[
0.6,
0.9
],
[
0.6,
0.9
]
],
[
[
0.6,
0.9
],
[
0.1,
0.4
]
],
[
[
0.1,
0.4
],
[
0.1,
0.4
]
],
[
[
0.1,
0.4
],
[
0.6,
0.9
]
],
[
[
0.1,
0.4
],
[
0.6,
0.9
]
],
[
[
0.6,
0.9
],
[
0.6,
0.9
]
],
[
[
0.1,
0.4
],
[
0.6,
0.9
]
],
[
[
0.6,
0.9
],
[
0.1,
0.4
]
],
[
[
0.6,
0.9
],
[
0.6,
0.9
]
],
[
[
0.6,
0.9
],
[
0.1,
0.4
]
],
[
[
0.1,
0.4
],
[
0.1,
0.4
]
],
[
[
0.1,
0.4
],
[
0.1,
0.4
]
],
[
[
0.1,
0.4
],
[
0.6,
0.9
]
]
],
"line_pt_pairs": [
[
[
20.45677226131327,
5.422580388186745,
-0.1279255291767828
],
[
20.45677226131327,
2.6536136262797703,
-0.1279255291767828
]
],
[
[
20.282924803495177,
5.640495807548471,
2.060857282305924
],
[
20.510200234616704,
2.616761341416222,
2.074937202541549
]
],
[
[
20.535259609062873,
5.341802815457275,
2.3061533745836993
],
[
20.25140938795542,
5.3446992043194355,
-0.16311990811598304
]
],
[
[
20.296818885291753,
2.722580387771276,
2.113704244214539
],
[
20.52524728526534,
2.953613626201903,
-0.37233674048659277
]
],
[
[
20.219838661441365,
2.9536136262352715,
0.06935731151362769
],
[
22.87885629914586,
2.6536136262797703,
0.09999999999999998
]
],
[
[
22.57885629951505,
2.399371777695678,
0.317930679700704
],
[
22.87885629914586,
5.422580388186745,
0.09999999999999998
]
],
[
[
22.826029546716388,
5.122580388629167,
0.3210911357018094
],
[
20.17650089502321,
5.1225803892477435,
-0.054823342497450356
]
],
[
[
22.57885630348632,
5.425534354441822,
2.091174958471505
],
[
22.618887031105096,
2.603432612066543,
2.1036283462480503
]
],
[
[
22.590284554899206,
5.291893987654987,
2.289161530741399
],
[
22.65652551900305,
5.122580390070258,
-0.1265865396834857
]
],
[
[
22.57885630079834,
2.8846848018475555,
2.3530997613218365
],
[
22.578856300636794,
2.8891786642062542,
-0.15407703040407283
]
],
[
[
22.843675821481206,
2.837619650274707,
2.079255293017711
],
[
20.179861055115687,
2.9536136216190507,
1.8513297632495476
]
],
[
[
20.193364638731335,
5.328865068576866,
1.8518970658528182
],
[
22.851760512225045,
5.122580443510854,
2.0792553260869395
]
],
[
[
20.709239239160325,
2.707427252654758,
0.17207447006333898
],
[
18.03468822348068,
2.6536136262797703,
0.09999999999999998
]
],
[
[
18.334688222958746,
2.580175634817393,
0.314446823567942
],
[
18.03468822348068,
5.422580388186745,
0.09999999999999998
]
],
[
[
18.034922333580756,
5.122580388568611,
-0.19999999966332663
],
[
20.684868633540308,
5.148250743191546,
0.17207447038984902
]
],
[
[
18.080820838912693,
5.378614564132129,
2.079255292851224
],
[
18.323020194836687,
2.6689883959664167,
2.1067291154777696
]
],
[
[
18.33457076912509,
5.122580397650017,
2.361944042763832
],
[
18.074336305309078,
5.143964655036626,
-0.13160290863063445
]
],
[
[
18.33468822148641,
2.9536136227363627,
2.354347882894312
],
[
18.33468822223732,
2.8490609486719465,
-0.15065199697955164
]
],
[
[
18.068950334042945,
2.8998319363672156,
2.07925529206796
],
[
20.73476334253453,
2.9527914841423484,
1.8513297626584622
]
],
[
[
20.71112987425374,
5.122580432770508,
1.851329774775081
],
[
18.060283782635157,
5.346391250602291,
2.141566621800851
]
]
],
"contact_t_pairs": [
[
0.899999999980244,
0.8999999999802673
],
[
0.8999999999850048,
0.10000000001568153
],
[
0.8215636636710496,
0.10000000001914144
],
[
0.7752614702008389,
0.10000000001747117
],
[
0.1083436620220727,
0.8999999999821313
],
[
0.1000000015412057,
0.8999999999809792
],
[
0.886771637735938,
0.8493113709134603
],
[
0.8999999999036816,
0.8999999999037238
],
[
0.8933597977312151,
0.8788358752903471
],
[
0.889891346438782,
0.8999999997981598
],
[
0.1000000000209599,
0.8435077298799819
],
[
0.8999999994270453,
0.8917924397153413
],
[
0.10356993412808324,
0.10796632976159921
],
[
0.15910594228653588,
0.15485323838877885
],
[
0.17404411509000772,
0.10896840106117951
],
[
0.10000000145445913,
0.10000000303479882
],
[
0.898573319863789,
0.10000000001377068
],
[
0.8787453042892209,
0.8999999994098337
],
[
0.8876517449350809,
0.10000000001507248
],
[
0.8999999996742505,
0.899999990111609
],
[
0.8999991326887342,
0.10000000059016576
],
[
0.11828942452505926,
0.10000000083894928
],
[
0.10000009637982983,
0.8999999751296811
],
[
0.10000008899680303,
0.8999999984494209
],
[
0.8864126420992736,
0.8999999994145491
],
[
0.10000000127787034,
0.8229451421529553
],
[
0.8942651495742807,
0.10000000001580411
],
[
0.8999999992278634,
0.8999999998416891
],
[
0.8999996845409604,
0.10000000057550879
],
[
0.11951588646138654,
0.10000000122823113
],
[
0.1000000350504873,
0.12050026428508862
],
[
0.10000000039382682,
0.8999999966740296
]
],
"half_couplers": [
{
"pose": [
[
-0.09149899199048805,
-0.9958051689285028,
-1.7011381747700227e-09,
20.45677226131327
],
[
-1.7011381747700227e-09,
1.864612464430593e-09,
-0.9999999999999998,
2.930510302525171
],
[
0.9958051689285028,
-0.09149899199048822,
-1.864612242385988e-09,
-0.1279255291767828
],
[
0.0,
0.0,
0.0,
1.0
]
],
"at_element": 0,
"to_element": 3
},
{
"pose": [
[
-0.00843150253704028,
0.995805170162346,
0.09110967480409989,
20.502404445263473
],
[
0.9957452639713451,
-2.6426159038805963e-09,
0.09214862602685023,
2.9305103023542816
],
[
0.09176207846166186,
0.09149897856228201,
-0.9915682820050542,
-0.12373264196742315
],
[
0.0,
0.0,
0.0,
1.0
]
],
"at_element": 3,
"to_element": 0
},
{
"pose": [
[
-0.9898876348261552,
-0.14184858606527648,
-0.0012037647457119882,
20.45677226131327
],
[
-0.0012037647457119882,
0.016885498515827657,
-0.9998567051784518,
2.9305103025119887
],
[
0.14184858606527648,
-0.9897443400046065,
-0.01688549851582799,
-0.1279255291767828
],
[
0.0,
0.0,
0.0,
1.0
]
],
"at_element": 0,
"to_element": 4
},
{
"pose": [
[
0.18303038262067273,
0.08036047578815114,
0.9798173671500379,
20.48574042525351
],
[
0.9807240197002038,
0.05443033213342774,
-0.18766389137742756,
2.9236136262350167
],
[
-0.0684125443234232,
0.9952786207263504,
-0.06884904432342487,
0.07242158036274543
],
[
0.0,
0.0,
0.0,
1.0
]
],
"at_element": 4,
"to_element": 0
},
{
"pose": [
[
0.9897061504464434,
-0.11036650330474734,
0.0911096631360537,
20.48448735846057
],
[
-0.11873071034879154,
-0.9886413157696463,
0.09214861460344306,
2.9123889015661293
],
[
0.07990465686399859,
-0.10201756565192932,
-0.9915682841387683,
0.07126330478709342
],
[
0.0,
0.0,
0.0,
1.0
]
],
"at_element": 3,
"to_element": 4
},
{
"pose": [
[
0.02275726883161555,
0.11036647122806746,
0.9936303883960018,
20.485740425262712
],
[
0.10010395271042406,
0.9886413226880604,
-0.11210501204384965,
2.923613626233979
],
[
-0.9947166960331342,
0.10201753330808705,
0.011450656341825294,
0.07242158036285146
],
[
0.0,
0.0,
0.0,
1.0
]
],
"at_element": 4,
"to_element": 3
},
{
"pose": [
[
-0.9832296112010197,
0.1579827868582445,
0.09110966312084594,
20.4739106224909
],
[
0.16628588640714395,
0.9817625155109226,
0.09214861431109958,
2.901691555862265
],
[
-0.07489015715888143,
0.10575349731412131,
-0.9915682841673337,
0.18637245543559833
],
[
0.0,
0.0,
0.0,
1.0
]
],
"at_element": 3,
"to_element": 12
},
{
"pose": [
[
0.028172131727900562,
-0.0706014050738688,
-0.9971067007073524,
20.441784137545632
],
[
0.013509751157152885,
-0.9973846253563599,
0.07100278675112676,
2.7020458900163193
],
[
-0.9995117896341084,
-0.015470963265086832,
-0.02714464363502911,
0.16486702305574585
],
[
0.0,
0.0,
0.0,
1.0
]
],
"at_element": 12,
"to_element": 3
},
{
"pose": [
[
-0.9905599666889948,
0.13708009480992495,
-4.753558657810686e-13,
20.45677226131327
],
[
-4.753558657810686e-13,
-6.902922677909373e-12,
-1.0000000000000002,
5.122580389184343
],
[
-0.13708009480992495,
-0.9905599666889947,
6.902589611001986e-12,
-0.1279255291767828
],
[
0.0,
0.0,
0.0,
1.0
]
],
"at_element": 0,
"to_element": 6
},
{
"pose": [
[
-0.0019060975711737704,
-0.13877403964389762,
-0.9903222368062643,
20.441453760239874
],
[
-0.999997414459753,
0.00149262733133404,
0.0017155574774416205,
5.122580389185885
],
[
0.0012401071960988497,
0.9903229463082048,
-0.1387765259313638,
-0.017231894670807282
],
[
0.0,
0.0,
0.0,
1.0
]
],
"at_element": 6,
"to_element": 0
},
{
"pose": [
[
-0.9902861475303195,
0.13904440301414062,
-3.4833247397614286e-14,
20.45677226131327
],
[
-3.4833247397614286e-14,
-4.989342272665453e-13,
-1.0000000000000002,
5.1456837077285
],
[
-0.13904440301414062,
-0.9902861475303194,
4.986011603591578e-13,
-0.1279255291767828
],
[
0.0,
0.0,
0.0,
1.0
]
],
"at_element": 0,
"to_element": 14
},
{
"pose": [
[
-0.009499402622601405,
-0.13904440156743864,
0.9902405847785511,
20.41987400349395
],
[
0.9999539901135395,
-1.2568821539105102e-09,
0.009592583385710396,
5.1456837077287645
],
[
-0.0013337937717363135,
0.9902861477334484,
0.13903800416224898,
0.13486702337745432
],
[
0.0,
0.0,
0.0,
1.0
]
],
"at_element": 14,
"to_element": 0
},
{
"pose": [
[
-0.9934072268630174,
-0.01001290895620064,
-0.11420080240770708,
20.28354928361971
],
[
-0.010212788463724937,
0.9999471691213035,
0.00116529742400873,
5.3443712509520935
],
[
0.11418310106195453,
0.002323923519832692,
-0.9934570040073951,
0.11647186166650608
],
[
0.0,
0.0,
0.0,
1.0
]
],
"at_element": 2,
"to_element": 14
},
{
"pose": [
[
-0.13900836480290923,
0.010012908957321744,
0.9902405849938858,
20.285551858446457
],
[
-0.0036934182451968628,
-0.9999471691213002,
0.009592581923718863,
5.144382512645251
],
[
0.9902843193631246,
-0.0023239235162967266,
0.13903800272948097,
0.11600707857943521
],
[
0.0,
0.0,
0.0,
1.0
]
],
"at_element": 14,
"to_element": 2
},
{
"pose": [
[
0.02089087631584685,
0.1389108371948118,
-0.9900845168957004,
20.44145376044773
],
[
0.9888796262548631,
-0.14871813869882256,
8.187620026411935e-10,
5.122580389185886
],
[
-0.14724352639351662,
-0.9790744070456516,
-0.14047294900943563,
-0.017231894641316907
],
[
0.0,
0.0,
0.0,
1.0
]
],
"at_element": 6,
"to_element": 14
},
{
"pose": [
[
0.011285617961004468,
-0.138910833146007,
0.9902405845358595,
20.419874003289227
],
[
0.9888330994561332,
0.14871813515320742,
0.009592585497641415,
5.14568370772678
],
[
-0.14859924712869682,
0.9790744081586622,
0.13903800574501202,
0.13486702334870954
],
[
0.0,
0.0,
0.0,
1.0
]
],
"at_element": 14,
"to_element": 6
},
{
"pose": [
[
0.9935297095174084,
-0.08532863739352849,
0.07495158401807005,
20.48596353667118
],
[
0.07507431486464893,
-0.001774149266537961,
-0.9971763633590518,
2.939212996491661
],
[
0.08522067562427345,
0.9963512814439213,
0.004643318985229183,
2.0734357169996938
],
[
0.0,
0.0,
0.0,
1.0
]
],
"at_element": 1,
"to_element": 10
},
{
"pose": [
[
0.04303574445984992,
0.08532863739256058,
-0.9954229997039026,
20.502619839671013
],
[
0.9990585882987382,
0.0017741492687008975,
0.04334500595114499,
2.9395593136095166
],
[
0.005464599282556437,
-0.9963512814440002,
-0.08517195618030504,
1.878946160562891
],
[
0.0,
0.0,
0.0,
1.0
]
],
"at_element": 10,
"to_element": 1
},
{
"pose": [
[
0.9935607868554955,
0.08496601012312748,
0.07495158401825246,
20.48517524290837
],
[
0.07428145111086647,
0.011025714441351475,
-0.9971763633590207,
2.9497006722086923
],
[
-0.08555249174601821,
0.9963228446366239,
0.004643318988946654,
2.073386881482155
],
[
0.0,
0.0,
0.0,
1.0
]
],
"at_element": 1,
"to_element": 18
},
{
"pose": [
[
0.020656407124190812,
-0.08496601010667115,
0.9961697094226829,
20.468182041147305
],
[
-0.999743359914522,
-0.011025714428246403,
0.019790096719546235,
2.947495529354146
],
[
0.009301997180278743,
-0.9963228446381723,
-0.0851719560686397,
1.8741223156454165
],
[
0.0,
0.0,
0.0,
1.0
]
],
"at_element": 18,
"to_element": 1
},
{
"pose": [
[
0.9957966695881914,
0.009980035329056624,
0.09104609674169004,
20.319661725293898
],
[
0.0007306730542870257,
-0.9948798239956378,
0.10106236650353796,
2.7456837116191815
],
[
0.09158853069000583,
-0.10057104305533714,
-0.9907053075182379,
1.8651001456923189
],
[
0.0,
0.0,
0.0,
1.0
]
],
"at_element": 3,
"to_element": 18
},
{
"pose": [
[
-0.08682191151828933,
-0.010385841591137528,
0.9961697094244304,
20.31758421312021
],
[
0.10816898432190325,
0.9939355225081556,
0.019790096695255152,
2.944503724286488
],
[
-0.9903339974529191,
0.10947287970489995,
-0.0851719560538462,
1.8869983461740614
],
[
0.0,
0.0,
0.0,
1.0
]
],
"at_element": 18,
"to_element": 3
},
{
"pose": [
[
0.09492145813074049,
-0.011089101763561787,
-0.9954229998389686,
20.446242533278483
],
[
0.34501707790173386,
-0.9375950228434471,
0.04334500081145379,
2.942014224418157
],
[
-0.9337843073978503,
-0.34755230536032045,
-0.08517195721740589,
1.874122316356955
],
[
0.0,
0.0,
0.0,
1.0
]
],
"at_element": 10,
"to_element": 18
},
{
"pose": [
[
-0.08673489503739806,
0.011089091837110598,
0.9961697094496901,
20.44630222071055
],
[
0.3471655494142885,
0.9375950264165179,
0.019790091937234938,
2.9470608606838224
],
[
-0.9337843108998604,
0.34755229603793025,
-0.08517195686395906,
1.8759930281224533
],
[
0.0,
0.0,
0.0,
1.0
]
],
"at_element": 18,
"to_element": 10
},
{
"pose": [
[
0.1131380349805956,
-0.9907482248755697,
0.07495158401686497,
20.306463704925367
],
[
0.013130052111943458,
-0.07393850207705976,
-0.9971763633591293,
5.327327828070339
],
[
0.9934925197364434,
0.1138026924835624,
0.004643318988024503,
2.062315538717256
],
[
0.0,
0.0,
0.0,
1.0
]
],
"at_element": 1,
"to_element": 2
},
{
"pose": [
[
-0.07332210876850431,
0.9907482248759634,
-0.11420080240903388,
20.504613342487882
],
[
0.9972621220084006,
0.07393850207580177,
0.0011652974249884776,
5.342115527932285
],
[
0.009598352621238447,
-0.11380269248095254,
-0.9934570040072415,
2.0395550010722387
],
[
0.0,
0.0,
0.0,
1.0
]
],
"at_element": 2,
"to_element": 1
},
{
"pose": [
[
0.9911121707979444,
0.10990416256615243,
0.07495158401807761,
20.31908567512235
],
[
0.07398095778402003,
0.012888686643353298,
-0.9971763633590441,
5.1594016860902245
],
[
-0.11055986062556905,
0.9938586201302689,
0.004643318986733758,
2.0630974812823326
],
[
0.0,
0.0,
0.0,
1.0
]
],
"at_element": 1,
"to_element": 19
},
{
"pose": [
[
0.08172286328837752,
-0.1099041625667328,
-0.9905768262312897,
20.300637772496362
],
[
0.9964131552766593,
-0.01288868664295073,
0.08363435746290132,
5.1572382626982005
],
[
-0.021958998327830603,
-0.9938586201302102,
0.10845665302466845,
1.89627389043677
],
[
0.0,
0.0,
0.0,
1.0
]
],
"at_element": 19,
"to_element": 1
},
{
"pose": [
[
-0.990388908124954,
0.07802555602163232,
-0.11420080240776168,
20.485857148512125
],
[
0.07840579071000874,
0.9969208464391989,
0.0011652974253232701,
5.342306914893747
],
[
0.11394008357992291,
-0.0077999065677912885,
-0.9934570040073873,
1.8763908911808347
],
[
0.0,
0.0,
0.0,
1.0
]
],
"at_element": 2,
"to_element": 11
},
{
"pose": [
[
-0.08409711563473365,
-0.07802555603199376,
0.9933980510086663,
20.48304578645358
],
[
0.014377461427824423,
-0.9969208464384687,
-0.07708511230645615,
5.306386562819918
],
[
0.9963538346113844,
0.007799906557500576,
0.08495997712384684,
1.8766719319385818
],
[
0.0,
0.0,
0.0,
1.0
]
],
"at_element": 11,
"to_element": 2
},
{
"pose": [
[
0.08194338125408518,
0.08028446003185255,
0.9933980510077729,
20.459204229947233
],
[
-0.041492412777322324,
0.9961607626988593,
-0.07708511231841862,
5.308236605770233
],
[
-0.9957728967744424,
-0.03490186723687984,
0.08495997712343895,
1.8746328922069138
],
[
0.0,
0.0,
0.0,
1.0
]
],
"at_element": 11,
"to_element": 19
},
{
"pose": [
[
-0.11095925743789858,
-0.08028446003157563,
-0.9905768262311957,
20.446045257047096
],
[
-0.02586559705054744,
-0.9961607626989362,
0.08363435746326188,
5.1449615152329065
],
[
-0.9934883059593852,
0.034901867235325554,
0.10845665302524699,
1.8803534603584682
],
[
0.0,
0.0,
0.0,
1.0
]
],
"at_element": 19,
"to_element": 11
},
{
"pose": [
[
-0.11267796617941217,
0.0015231421188402483,
0.9936303920350651,
22.609160967729864
],
[
-0.9897704568279337,
-0.0882435061514184,
-0.11210497942878422,
2.6840416303161203
],
[
0.08751067779588273,
-0.9960977681232854,
0.011450659872460633,
0.09689201383637915
],
[
0.0,
0.0,
0.0,
1.0
]
],
"at_element": 4,
"to_element": 5
},
{
"pose": [
[
-0.9950984980292237,
-0.0019195905893080595,
0.09887008845931064,
22.608856299482262
],
[
0.09839900503458647,
0.0801579805192596,
0.9919134710080699,
2.7016926387864166
],
[
-0.009829294389013858,
0.9967803235071624,
-0.07957620021570899,
0.29613761172763253
],
[
0.0,
0.0,
0.0,
1.0
]
],
"at_element": 5,
"to_element": 4
},
{
"pose": [
[
-0.011578148029419477,
-0.11209188423670739,
0.9936303920354257,
22.556437924596406
],
[
-0.0004862296905298741,
-0.9936962499520456,
-0.11210497942522356,
2.6899900349876082
],
[
0.9999328527800739,
-0.0017811006446407235,
0.011450659876040437,
0.09628443013182471
],
[
0.0,
0.0,
0.0,
1.0
]
],
"at_element": 4,
"to_element": 9
},
{
"pose": [
[
-0.9936978461727108,
0.11209188423661849,
-6.39373868790722e-11,
22.578856300652948
],
[
0.11209170417836999,
0.9936962499520716,
0.001792396602004995,
2.888729277967732
],
[
0.0002009131759523938,
0.0017811006357327985,
-0.9999983936559205,
0.09664065024816942
],
[
0.0,
0.0,
0.0,
1.0
]
],
"at_element": 9,
"to_element": 4
},
{
"pose": [
[
0.4899089513011723,
0.8661917249860158,
0.09849423841390959,
22.845151822667862
],
[
0.014219414070055836,
-0.12090610350381059,
0.9925621000214697,
5.082928176100834
],
[
0.8716576321575403,
-0.4848645271632852,
-0.07154972117509506,
0.12448413158948585
],
[
0.0,
0.0,
0.0,
1.0
]
],
"at_element": 5,
"to_element": 6
},
{
"pose": [
[
0.2886622728347876,
-0.5093252858700233,
-0.8107168713029682,
22.561076681507135
],
[
-0.9188568691007138,
0.09055843676578723,
-0.3840588804297725,
5.122580388691024
],
[
0.2690281515906617,
0.855796075419814,
-0.4418562333471783,
0.2834996878762175
],
[
0.0,
0.0,
0.0,
1.0
]
],
"at_element": 6,
"to_element": 5
},
{
"pose": [
[
-0.026883362178196313,
0.9947744316359014,
0.0984942384176094,
22.848856299085053
],
[
0.07452698990667461,
-0.0962611311838737,
0.9925621000212789,
5.120259526152829
],
[
0.9968565657171778,
0.03402388553163804,
-0.07154972117264768,
0.12179306804106119
],
[
0.0,
0.0,
0.0,
1.0
]
],
"at_element": 5,
"to_element": 8
},
{
"pose": [
[
-0.09836758810279855,
-0.9947744316347725,
0.027343148621800175,
22.64990142193765
],
[
-0.9928993968748862,
0.09626113119204793,
-0.06988978685841626,
5.13951175150297
],
[
0.06689249058246964,
-0.03402388554152681,
-0.9971799085001323,
0.11498829124686416
],
[
0.0,
0.0,
0.0,
1.0
]
],
"at_element": 8,
"to_element": 5
},
{
"pose": [
[
8.800150953081065e-05,
0.9998994100979411,
0.014183156966059096,
22.61488392362412
],
[
-0.00441151507689963,
0.014183407188734565,
-0.9998896786622238,
2.885645233944705
],
[
-0.9999902653478487,
2.542259029297833e-05,
0.0044123194842728974,
2.1023829966694323
],
[
0.0,
0.0,
0.0,
1.0
]
],
"at_element": 7,
"to_element": 9
},
{
"pose": [
[
0.01418343018772572,
-0.9998994100948906,
-1.2027599836234026e-11,
22.578856300782185
],
[
-0.9998978039123132,
-0.01418340740427726,
0.0017923966463420917,
2.8851341880860777
],
[
-0.00179221634950411,
-2.542232067573628e-05,
-0.999998393655841,
2.102382080669596
],
[
0.0,
0.0,
0.0,
1.0
]
],
"at_element": 9,
"to_element": 7
},
{
"pose": [
[
-0.9990599432284077,
0.04335008461872763,
-6.449205629439642e-11,
22.57885630077923
],
[
0.043350014983461256,
0.9990583383944084,
0.0017923965904695174,
2.8852163782398605
],
[
7.770060829849906e-05,
0.001790711633121536,
-0.9999983936559411,
2.056527261445994
],
[
0.0,
0.0,
0.0,
1.0
]
],
"at_element": 9,
"to_element": 10
},
{
"pose": [
[
0.08516937142294989,
-0.04335008459258699,
-0.9954229997027572,
22.57729434260985
],
[
-0.0019096959908952368,
-0.9990583383955987,
0.043345005980481785,
2.849219047506455
],
[
-0.996364657759719,
-0.0017907116019043774,
-0.08517195617876139,
2.0564627398496764
],
[
0.0,
0.0,
0.0,
1.0
]
],
"at_element": 10,
"to_element": 9
},
{
"pose": [
[
0.9962827950275677,
-0.08496723131095306,
0.014183156750473248,
22.582859380106353
],
[
0.014506696906549474,
0.003191589166623432,
-0.999889678666328,
5.143323908210609
],
[
0.0849125908032431,
0.9963786345370631,
0.0044123192471199335,
2.0924202984494147
],
[
0.0,
0.0,
0.0,
1.0
]
],
"at_element": 7,
"to_element": 11
},
{
"pose": [
[
-0.07707711629126646,
0.08496723131318334,
0.9933980510083529,
22.58592085876052
],
[
-0.9970194076437213,
-0.0031915891400182694,
-0.07708511231440329,
5.14320891114782
],
[
-0.0033791901375069266,
-0.996378634536958,
0.08495997712029646,
2.056519494409055
],
[
0.0,
0.0,
0.0,
1.0
]
],
"at_element": 11,
"to_element": 7
},
{
"pose": [
[
-0.996181147291286,
0.08291847806628462,
0.027343148622420307,
22.596908657204825
],
[
0.080841372267638,
0.9942736495666408,
-0.06988978685986891,
5.274962612828146
],
[
-0.03298172693025425,
-0.06741243040125325,
-0.9971799085000128,
2.047586508705055
],
[
0.0,
0.0,
0.0,
1.0
]
],
"at_element": 8,
"to_element": 11
},
{
"pose": [
[
-0.0792769717519306,
-0.08291847806292242,
0.9933980510075364,
22.585920920753622
],
[
0.07401212897799302,
-0.9942736495666229,
-0.07708511232146788,
5.143208906337316
],
[
0.994101285842639,
0.06741243040565327,
0.08495997712343406,
2.0565194997109906
],
[
0.0,
0.0,
0.0,
1.0
]
],
"at_element": 11,
"to_element": 8
},
{
"pose": [
[
0.027743180281979307,
0.01897592397819677,
-0.9994349554908589,
18.338483406922435
],
[
-0.04115914330610232,
-0.9989502204427123,
-0.020109251596314263,
2.659726173918762
],
[
-0.9987673607352962,
0.04169378115054849,
-0.02693302328408076,
0.10818674862658964
],
[
0.0,
0.0,
0.0,
1.0
]
],
"at_element": 12,
"to_element": 17
},
{
"pose": [
[
-0.999819940943951,
-0.018975923978410403,
2.9942020352913615e-10,
18.33468822216223
],
[
-0.01895941726859277,
0.9989502204423282,
-0.04170128984886706,
2.859516216139599
],
[
0.0007913202068678806,
-0.041693781159657675,
-0.9991301228693592,
0.09984799247438914
],
[
0.0,
0.0,
0.0,
1.0
]
],
"at_element": 17,
"to_element": 12
},
{
"pose": [
[
0.003497705638594528,
-0.9945011479984512,
-0.10466724743217576,
18.30468822262758
],
[
-0.07486421557105094,
-0.10463457475573801,
0.9916889406424865,
2.864416113786553
],
[
-0.9971876028522402,
0.004367195375573951,
-0.07481852927152866,
0.2930021409371126
],
[
0.0,
0.0,
0.0,
1.0
]
],
"at_element": 13,
"to_element": 17
},
{
"pose": [
[
-0.1047256731948516,
0.9945011480002853,
2.987883794547397e-10,
18.33468822210437
],
[
0.9936360541935371,
0.10463457473909721,
-0.041701289858549956,
2.86757250751595
],
[
-0.04147198066868417,
-0.004367195356643375,
-0.9991301228689553,
0.2928704006583792
],
[
0.0,
0.0,
0.0,
1.0
]
],
"at_element": 17,
"to_element": 13
},
{
"pose": [
[
-0.7669404472697114,
-0.6331248831408197,
-0.10466724745429251,
18.066408678553206
],
[
-0.12838231814659562,
-0.008427656831788033,
0.9916889406399729,
5.1220391467398825
],
[
-0.6287450442977989,
0.7740037835490527,
-0.07481852927390364,
0.12267450281422694
],
[
0.0,
0.0,
0.0,
1.0
]
],
"at_element": 13,
"to_element": 14
},
{
"pose": [
[
-0.2423094956264451,
0.36594103032713815,
0.898539520918457,
18.299916963618593
],
[
-0.9701730339252401,
-0.09816858760212122,
-0.22164659404669246,
5.12514742403131
],
[
0.007098772679303977,
-0.9254458875219647,
0.37881330057843854,
-0.16279255265212877
],
[
0.0,
0.0,
0.0,
1.0
]
],
"at_element": 14,
"to_element": 13
},
{
"pose": [
[
-0.09440038963596376,
-0.9900168350806944,
-0.10466724747208772,
18.064688223660127
],
[
-0.08479910795891166,
-0.09675823636398251,
0.9916889406386987,
5.138339910655085
],
[
-0.9919161646661228,
0.10249151161211711,
-0.07481852926589916,
0.12144468252237642
],
[
0.0,
0.0,
0.0,
1.0
]
],
"at_element": 13,
"to_element": 16
},
{
"pose": [
[
-0.0953579010268748,
0.9900168350618594,
-0.10379565022604609,
18.10035975173188
],
[
0.995271368202413,
0.09675823638099434,
0.008529204472667307,
5.14182622929458
],
[
0.01848714007751632,
-0.10249151177799339,
-0.9945620723037933,
0.11775178690356783
],
[
0.0,
0.0,
0.0,
1.0
]
],
"at_element": 16,
"to_element": 13
},
{
"pose": [
[
0.0028006780266935927,
-0.9960254278370204,
0.08902529586960817,
18.29880018284031
],
[
0.010389091625720381,
-0.08899185935822906,
-0.9959781703145694,
2.939951867559057
],
[
0.9999421098132547,
0.0037143061324627635,
0.010098561886286883,
2.1039817245482495
],
[
0.0,
0.0,
0.0,
1.0
]
],
"at_element": 15,
"to_element": 17
},
{
"pose": [
[
-0.08906933871272105,
0.9960254278387065,
2.5286820901082585e-10,
18.3346882215615
],
[
0.9951590080940661,
0.08899185934221432,
-0.0417012899087036,
2.94315835526975
],
[
-0.041535545145245656,
-0.0037143060639916285,
-0.9991301228668616,
2.103847893465276
],
[
0.0,
0.0,
0.0,
1.0
]
],
"at_element": 17,
"to_element": 15
},
{
"pose": [
[
-0.999725996858452,
-0.023407930394939273,
2.995264207559904e-10,
18.334688221576155
],
[
-0.023387568384089796,
0.9988563580761369,
-0.0417012898596164,
2.9411179172136452
],
[
0.0009761405912292178,
-0.04168986358219346,
-0.9991301228689105,
2.0549606016655204
],
[
0.0,
0.0,
0.0,
1.0
]
],
"at_element": 17,
"to_element": 18
},
{
"pose": [
[
0.08424950339806359,
0.02340793037704017,
0.9961697094233708,
18.335531638166337
],
[
0.043523878529172694,
-0.9988563580756658,
0.0197900967555721,
2.9051278912097755
],
[
0.9954936931869318,
0.04168986360352747,
-0.08517195605222261,
2.0564627388470647
],
[
0.0,
0.0,
0.0,
1.0
]
],
"at_element": 18,
"to_element": 17
},
{
"pose": [
[
0.10136173446893171,
-0.9908583629750658,
0.08902529588730707,
18.105040782994298
],
[
0.019145448210909854,
-0.08752677346453197,
-0.9959781703128298,
5.10765185234184
],
[
0.994665396300813,
0.10265850402797294,
0.010098561901851766,
2.0820026760768493
],
[
0.0,
0.0,
0.0,
1.0
]
],
"at_element": 15,
"to_element": 16
},
{
"pose": [
[
-0.08617521384549343,
0.9908583629750056,
-0.10379565039622617,
18.30321244745917
],
[
0.9961256530182871,
0.08752677346486115,
0.00852920428422952,
5.1251572063166435
],
[
0.01753613177341949,
-0.10265850402827323,
-0.9945620722876489,
2.061470976113522
],
[
0.0,
0.0,
0.0,
1.0
]
],
"at_element": 16,
"to_element": 15
},
{
"pose": [
[
0.9910361974935458,
-0.0841053994489903,
-0.10379565039566671,
18.308547322641
],
[
-0.0836721264157269,
-0.9964568369654165,
0.00852920429746128,
5.1247188233970995
],
[
-0.10414523761845426,
0.00023205258670718105,
-0.9945620722875936,
2.1125893466423595
],
[
0.0,
0.0,
0.0,
1.0
]
],
"at_element": 16,
"to_element": 19
},
{
"pose": [
[
0.10809178098916594,
0.08410539944847993,
-0.9905768262311619,
18.32536840061365
],
[
-0.008891924225111897,
0.996456836965463,
0.08363435746366124,
5.324010168074724
],
[
0.9941011520796889,
-0.0002320525721323588,
0.10845665302524654,
2.1125429361329546
],
[
0.0,
0.0,
0.0,
1.0
]
],
"at_element": 19,
"to_element": 16
}
],
"contact_residues": [
2.249871855173162e-06,
2.2498718546612304e-06,
1.2814499044724692e-10,
2.2498718546611444e-06,
2.249871854688113e-06,
2.249871854656746e-06,
2.249871854661454e-06,
2.2498718546690345e-06,
2.2498718546620672e-06,
2.2498718546615095e-06,
2.2498718546615065e-06,
1.2814501874253623e-10,
2.249871854661509e-06,
2.249871854666284e-06,
2.2498682076776414e-06,
2.2498718546670867e-06,
2.249871854661507e-06,
2.2498718546615095e-06,
2.249871854654628e-06,
2.249871854661509e-06,
2.2498528407132694e-06,
2.2498625845914057e-06,
2.249867387771598e-06,
2.2498718546764096e-06,
2.24987185466151e-06,
1.281442647644638e-10,
2.2498718546537947e-06,
2.249685308253622e-06,
2.2498532814099196e-06,
2.249636112718088e-06,
2.2498718546615095e-06,
2.249871854661508e-06
],
"collision_dists": [
0.2,
0.2,
0.2,
0.2,
0.2,
0.2,
0.2,
0.2,
0.2,
0.2,
0.2,
0.2,
0.2,
0.2,
0.2,
0.2,
0.2,
0.2,
0.2,
0.2,
0.2,
0.2,
0.2,
0.2,
0.2,
0.2,
0.2,
0.2,
0.2,
0.2,
0.2,
0.2,
0.2,
0.2,
0.2,
0.2,
0.2,
0.2,
0.2,
0.2,
0.2,
0.2,
0.2,
0.2,
0.2,
0.2,
0.2,
0.2,
0.025,
0.025,
0.025,
0.025,
0.025,
0.025,
0.025,
0.025,
0.025,
0.025,
0.025,
0.025,
0.025,
0.025,
0.025,
0.025,
0.025,
0.025,
0.025,
0.025,
0.025,
0.025,
0.025,
0.025,
0.025,
0.025,
0.025,
0.025,
0.025,
0.025,
0.025,
0.025,
0.025,
0.025,
0.025,
0.025,
0.025,
0.025,
0.025,
0.025,
0.025,
0.025,
0.025,
0.025,
0.025,
0.025,
0.025,
0.025
],
"collision_id_pairs": [
[
0,
2
],
[
0,
3
],
[
0,
4
],
[
0,
6
],
[
0,
12
],
[
0,
14
],
[
1,
2
],
[
1,
3
],
[
1,
10
],
[
1,
11
],
[
1,
18
],
[
1,
19
],
[
2,
6
],
[
2,
11
],
[
2,
14
],
[
2,
19
],
[
3,
4
],
[
3,
10
],
[
3,
12
],
[
3,
18
],
[
4,
5
],
[
4,
9
],
[
4,
12
],
[
5,
6
],
[
5,
8
],
[
5,
9
],
[
6,
8
],
[
6,
14
],
[
7,
8
],
[
7,
9
],
[
7,
10
],
[
7,
11
],
[
8,
11
],
[
9,
10
],
[
10,
18
],
[
11,
19
],
[
12,
13
],
[
12,
17
],
[
13,
14
],
[
13,
16
],
[
13,
17
],
[
14,
16
],
[
15,
16
],
[
15,
17
],
[
15,
18
],
[
15,
19
],
[
16,
19
],
[
17,
18
]
],
"collision_t_pairs": [
[
[
0.02815102711564446,
0.9718489728843555
],
[
0.9764973086453267,
0.02350269135467335
]
],
[
[
0.899999999871652,
0.10000000012834807
],
[
0.9000000002428883,
0.09999999975711177
]
],
[
[
0.9012164691517703,
0.0987835308482297
],
[
0.08823895611177533,
0.9117610438882248
]
],
[
[
0.10834366215684905,
0.891656337843151
],
[
0.9001430646841482,
0.09985693531585177
]
],
[
[
0.9824573638678746,
0.01754263613212537
],
[
0.09734806869267205,
0.9026519313073279
]
],
[
[
0.10000000168832893,
0.8999999983116711
],
[
0.900000000107978,
0.09999999989202205
]
],
[
[
0.1035699342450063,
0.8964300657549937
],
[
0.1079663299282312,
0.8920336700717689
]
],
[
[
0.9582272374911425,
0.04177276250885752
],
[
0.02372691771393402,
0.976273082286066
]
],
[
[
0.8933597976278845,
0.10664020237211548
],
[
0.8788358751770445,
0.1211641248229555
]
],
[
[
0.10653680321089735,
0.8934631967891026
],
[
0.04921893128128488,
0.9507810687187151
]
],
[
[
0.8898913463204162,
0.11010865367958382
],
[
0.8999999996345827,
0.10000000036541748
]
],
[
[
0.1591059423458672,
0.8408940576541329
],
[
0.15485323847248963,
0.8451467615275103
]
],
[
[
0.9509285509325489,
0.04907144906745121
],
[
0.9664563015316057,
0.03354369846839437
]
],
[
[
0.17404411515598125,
0.8259558848440187
],
[
0.10896840119277969,
0.8910315988072203
]
],
[
[
0.8867716375937327,
0.1132283624062674
],
[
0.8493113708490696,
0.1506886291509304
]
],
[
[
0.1741455185878406,
0.8258544814121594
],
[
0.09127066180067396,
0.9087293381993259
]
],
[
[
0.8215636635695064,
0.1784363364304937
],
[
0.09999999989136545,
0.9000000001086347
]
],
[
[
0.10814176257687945,
0.8918582374231206
],
[
0.944174636087463,
0.055825363912537
]
],
[
[
0.776234906655537,
0.22376509334446318
],
[
0.08622459912067765,
0.9137754008793223
]
],
[
[
0.09852513624793062,
0.9014748637520693
],
[
0.843263100735763,
0.15673689926423698
]
],
[
[
0.898590510913128,
0.101409489086872
],
[
0.09893810048046299,
0.901061899519537
]
],
[
[
0.8787453041640839,
0.12125469583591612
],
[
0.8999999992317939,
0.10000000076820624
]
],
[
[
0.1924686203680507,
0.8075313796319493
],
[
4.058761244743091e-09,
0.9999999959331733
]
],
[
[
0.8951443957087822,
0.10485560429121779
],
[
0.002499635929391005,
0.9975003640706093
]
],
[
[
0.8999999995520577,
0.10000000044794234
],
[
0.8999999899171321,
0.1000000100828679
]
],
[
[
0.16017892982630863,
0.8398210701736915
],
[
0.8256571467748378,
0.17434285322516221
]
],
[
[
0.06843080182440386,
0.9315691981755962
],
[
0.8261826649188573,
0.1738173350811428
]
],
[
[
0.8999948945785714,
0.10000510542142863
],
[
0.9000051052417337,
0.09999489475826627
]
],
[
[
0.052320760323604075,
0.947679239676396
],
[
0.08152578308367528,
0.9184742169163247
]
],
[
[
0.8999991325448901,
0.10000086745510987
],
[
0.10000000077076672,
0.8999999992292335
]
],
[
[
0.9135027517808643,
0.08649724821913586
],
[
0.0843224993703842,
0.9156775006296158
]
],
[
[
0.10000009650996228,
0.8999999034900378
],
[
0.8999999749833903,
0.10000002501660968
]
],
[
[
0.10000008920031839,
0.8999999107996817
],
[
0.8999999982813447,
0.10000000171865539
]
],
[
[
0.11828942468961194,
0.881710575310388
],
[
0.10000000101020286,
0.8999999989897971
]
],
[
[
0.9000000001488924,
0.09999999985110763
],
[
0.8917924388410344,
0.10820756115896565
]
],
[
[
0.10000000153540876,
0.8999999984645913
],
[
0.1000000031141225,
0.8999999968858775
]
],
[
[
0.8894168282844267,
0.11058317171557339
],
[
0.03301243307623015,
0.9669875669237697
]
],
[
[
0.8864126419573348,
0.11358735804266518
],
[
0.8999999992307615,
0.10000000076923854
]
],
[
[
0.9013291269036363,
0.09867087309636371
],
[
0.027623174669371815,
0.9723768253306282
]
],
[
[
0.8999999990742265,
0.10000000092577359
],
[
0.8999999996496384,
0.10000000035036165
]
],
[
[
0.10000000141349939,
0.8999999985865007
],
[
0.82294514206785,
0.17705485793215006
]
],
[
[
0.0309092919967693,
0.9690907080032308
],
[
0.9437741094025826,
0.05622589043571158
]
],
[
[
0.10000003520057697,
0.899999964799423
],
[
0.12050026442639815,
0.879499735573602
]
],
[
[
0.8999996843922504,
0.10000031560774952
],
[
0.10000000074999382,
0.8999999992500062
]
],
[
[
0.9128334013164989,
0.08716659868350116
],
[
0.08596046360403442,
0.9140395363959655
]
],
[
[
0.013269801771363264,
0.986730198228637
],
[
0.988581015233733,
0.011418984766267178
]
],
[
[
0.10000000057345539,
0.8999999994265446
],
[
0.899999996514621,
0.10000000348537905
]
],
[
[
0.11951588662398228,
0.8804841133760178
],
[
0.1000000013994231,
0.899999998600577
]
]
],
"collision_dual_t_pairs": [
[
[
4.547789681401037e-09,
1.317070006971557e-10
],
[
1.3108060285379908e-10,
5.4464400624540545e-09
]
],
[
[
1.42222222926581e-10,
1.2799999429326306e-09
],
[
1.4222222413374362e-10,
1.2799998451563625e-09
]
],
[
[
1.4203025011391694e-10,
1.29576250364969e-09
],
[
1.4506063952496729e-09,
1.4038766125621918e-10
]
],
[
[
1.1814257066493662e-09,
1.4355306643491516e-10
],
[
1.4219961980896724e-10,
1.281833709653775e-09
]
],
[
[
1.3028555200947115e-10,
7.29650893410265e-09
],
[
1.314869428307719e-09,
1.4180438286486833e-10
]
],
[
[
1.2800003183234185e-09,
1.4222221829220023e-10
],
[
1.422222229121846e-10,
1.279999944102341e-09
]
],
[
[
1.23588024766404e-09,
1.4278860195164838e-10
],
[
1.1855567617337567e-09,
1.43492312623011e-10
]
],
[
[
1.335801915401481e-10,
3.064100571439197e-09
],
[
5.39472957607679e-09,
1.311108489227586e-10
]
],
[
[
1.4327954120527336e-10,
1.200283543728995e-09
],
[
1.456472320529544e-10,
1.0564175531767119e-09
]
],
[
[
1.2014741842887698e-09,
1.4326259364152848e-10
],
[
2.600646107217195e-09,
1.3462609996935381e-10
]
],
[
[
1.4383799626656159e-10,
1.1624743313294522e-09
],
[
1.4222222248514557e-10,
1.279999978688006e-09
]
],
[
[
8.045023292689581e-10,
1.5221869031748875e-10
],
[
8.265878050266693e-10,
1.5145302895593835e-10
]
],
[
[
1.3460531629857852e-10,
2.6084263641582545e-09
],
[
1.324427272634113e-10,
3.8158255230856024e-09
]
],
[
[
7.354467397186189e-10,
1.549719119735872e-10
],
[
1.1746529245627176e-09,
1.4365370870908508e-10
]
],
[
[
1.4434383225430192e-10,
1.1304576728798822e-09
],
[
1.5071021366465557e-10,
8.494375161162909e-10
]
],
[
[
7.350218784447846e-10,
1.5499079023396137e-10
],
[
1.4024223097854723e-09,
1.408560210167084e-10
]
],
[
[
1.5580046830733152e-10,
7.173425901640321e-10
],
[
1.2799998814854758e-09,
1.4222222368498268e-10
]
],
[
[
1.1836316208545745e-09,
1.4352056576930503e-10
],
[
1.3556817030979676e-10,
2.2928561532631645e-09
]
],
[
[
1.6489853973808683e-10,
5.720284118627103e-10
],
[
1.4844953808664341e-09,
1.4007818340606037e-10
]
],
[
[
1.2991606050904766e-09,
1.4198954159536413e-10
],
[
1.5179127744408937e-10,
8.166557496137923e-10
]
],
[
[
1.4244530655203136e-10,
1.2622092285021558e-09
],
[
1.2937381707689703e-09,
1.4205461398658425e-10
]
],
[
[
1.456622323271584e-10,
1.0556290616337863e-09
],
[
1.4222222159287737e-10,
1.2800000509634327e-09
]
],
[
[
6.650433521023662e-10,
1.5850777918696137e-10
],
[
0.06301087649962775,
1.2799999576184172e-10
]
],
[
[
1.4299369342496908e-10,
1.2207260906165584e-09
],
[
5.12035030668884e-08,
1.2832078071897235e-10
]
],
[
[
1.4222222200091678e-10,
1.2800000179152797e-09
],
[
1.422221977953982e-10,
1.2800019796534248e-09
]
],
[
[
7.991063488338096e-10,
1.5241341827314883e-10
],
[
1.5502801746844662e-10,
7.341857855411838e-10
]
],
[
[
1.8704993684555223e-09,
1.3740258591205544e-10
],
[
1.5492943752720233e-10,
7.364048352316255e-10
]
],
[
[
1.4220815573048203e-10,
1.2814715774663244e-09
],
[
1.4223711709800713e-10,
1.2791318259594152e-09
]
],
[
[
2.4466142139524497e-09,
1.350662995038353e-10
],
[
1.5700803288383196e-09,
1.3936136527949756e-10
]
],
[
[
1.4221992268536587e-10,
1.2801955919203765e-09
],
[
1.2800000466459449e-09,
1.4222222164618254e-10
]
],
[
[
1.4011760957762191e-10,
1.4800962276627977e-09
],
[
1.5179805064372981e-09,
1.3978721566673833e-10
]
],
[
[
1.280020958107829e-09,
1.4222196490199431e-10
],
[
1.4222212494163823e-10,
1.2800078888782164e-09
]
],
[
[
1.2800185280970662e-09,
1.422219946528038e-10
],
[
1.4222221908547838e-10,
1.2800002540802696e-09
]
],
[
[
1.0820909566295369e-09,
1.4517236694097648e-10
],
[
1.2800001023854451e-09,
1.422222209579785e-10
]
],
[
[
1.4222222640114546e-10,
1.2799996615246525e-09
],
[
1.4353116414674437e-10,
1.1829112639726609e-09
]
],
[
[
1.2800002831283712e-09,
1.4222221872635958e-10
],
[
1.280000652903193e-09,
1.4222221416235984e-10
]
],
[
[
1.4391452572928246e-10,
1.1574997336776822e-09
],
[
3.8773317001258775e-09,
1.3236984543232136e-10
]
],
[
[
1.44402274692642e-10,
1.126885843996644e-09
],
[
1.422222215388421e-10,
1.2800000553423747e-09
]
],
[
[
1.4201249848813344e-10,
1.297241874587074e-09
],
[
4.633790892406477e-09,
1.3163620957753714e-10
]
],
[
[
1.4222222103899284e-10,
1.2800000958318495e-09
],
[
1.422222228441771e-10,
1.2799999496082478e-09
]
],
[
[
1.2800002089044208e-09,
1.4222221964291312e-10
],
[
1.5553891320315964e-10,
7.229399629337439e-10
]
],
[
[
7.0271528936292946e-09,
1.303747843372845e-10
],
[
1.2799999911546576e-10,
0.4838089102761322
]
],
[
[
1.2800072124064907e-09,
1.4222213335989818e-10
],
[
1.0622379090225834e-09,
1.4553728878091938e-10
]
],
[
[
1.422214170533262e-10,
1.2800664170638003e-09
],
[
1.280000046141311e-09,
1.4222222165237906e-10
]
],
[
[
1.4022189109465101e-10,
1.4685472610586498e-09
],
[
1.4890554057422622e-09,
1.4003771715233478e-10
]
],
[
[
9.647095349641689e-09,
1.2972117832872379e-10
],
[
1.2947848705582788e-10,
1.1209599325617011e-08
]
],
[
[
1.2800000068817177e-09,
1.4222222213711248e-10
],
[
1.4222221364036363e-10,
1.280000695239647e-09
]
],
[
[
1.0709871006236703e-09,
1.4537457488988763e-10
],
[
1.2800001832509287e-09,
1.4222221995972216e-10
]
]
],
"clamp_dist": 0.024,
"clamp_gap": 0.016,
"radius": [
0.01,
0.01,
0.01,
0.01,
0.01,
0.01,
0.01,
0.01,
0.01,
0.01,
0.01,
0.01,
0.01,
0.01,
0.01,
0.01,
0.01,
0.01,
0.01,
0.01
],
"boundary_vertices": [
true,
true,
false,
false,
false,
false,
false,
false,
false,
true,
false,
true,
false,
false,
false,
false,
false,
false,
false,
false,
false,
false,
false,
false,
false,
true,
false,
true,
false,
false,
false,
false,
false,
false,
false,
false,
false,
false,
false,
false
],
"nstatus": -200,
"config": {
"weights": [
1.0,
10.0,
0.0
],
"shape_deviation": 0.3,
"length_deviation_ratio": 0.1
}
}