{
"contact_id_pairs": [
[
0,
6
],
[
3,
6
],
[
3,
15
],
[
0,
1
],
[
0,
20
],
[
1,
19
],
[
2,
7
],
[
2,
19
],
[
7,
19
],
[
2,
6
],
[
2,
9
],
[
2,
16
],
[
5,
6
],
[
6,
16
],
[
9,
16
],
[
3,
14
],
[
4,
14
],
[
4,
13
],
[
5,
10
],
[
10,
13
],
[
7,
8
],
[
8,
18
],
[
8,
9
],
[
9,
11
],
[
9,
17
],
[
10,
12
],
[
11,
12
],
[
12,
31
],
[
31,
32
],
[
32,
33
],
[
13,
25
],
[
13,
26
],
[
25,
26
],
[
25,
32
],
[
25,
34
],
[
26,
34
],
[
32,
34
],
[
14,
24
],
[
24,
35
],
[
26,
35
],
[
15,
21
],
[
15,
24
],
[
21,
27
],
[
21,
36
],
[
24,
36
],
[
16,
22
],
[
16,
25
],
[
16,
30
],
[
22,
27
],
[
22,
30
],
[
22,
37
],
[
30,
37
],
[
17,
28
],
[
17,
31
],
[
30,
31
],
[
30,
38
],
[
31,
38
],
[
18,
29
],
[
28,
29
],
[
29,
39
],
[
19,
23
],
[
19,
29
],
[
22,
23
],
[
22,
29
],
[
22,
40
],
[
23,
40
],
[
20,
23
],
[
21,
23
],
[
23,
41
],
[
33,
52
],
[
52,
53
],
[
34,
46
],
[
34,
47
],
[
34,
53
],
[
46,
47
],
[
35,
47
],
[
45,
47
],
[
36,
42
],
[
42,
48
],
[
45,
48
],
[
37,
43
],
[
37,
46
],
[
37,
51
],
[
43,
48
],
[
43,
51
],
[
46,
48
],
[
38,
51
],
[
49,
51
],
[
51,
52
],
[
39,
50
],
[
49,
50
],
[
40,
44
],
[
40,
50
],
[
43,
44
],
[
41,
42
],
[
41,
44
]
],
"contact_t_bound_pairs": [
[
[
0.6,
0.9
],
[
0.1,
0.4
]
],
[
[
0.6,
0.9
],
[
0.1,
0.4
]
],
[
[
0.6,
0.9
],
[
0.1,
0.4
]
],
[
[
0.1,
0.4
],
[
0.6,
0.9
]
],
[
[
0.1,
0.4
],
[
0.1,
0.4
]
],
[
[
0.1,
0.4
],
[
0.1,
0.4
]
],
[
[
0.6,
0.9
],
[
0.6,
0.9
]
],
[
[
0.6,
0.9
],
[
0.1,
0.4
]
],
[
[
0.6,
0.9
],
[
0.1,
0.4
]
],
[
[
0.1,
0.4
],
[
0.6,
0.9
]
],
[
[
0.1,
0.4
],
[
0.1,
0.4
]
],
[
[
0.1,
0.4
],
[
0.1,
0.4
]
],
[
[
0.1,
0.4
],
[
0.6,
0.9
]
],
[
[
0.6,
0.9
],
[
0.1,
0.4
]
],
[
[
0.1,
0.4
],
[
0.1,
0.4
]
],
[
[
0.1,
0.4
],
[
0.1,
0.4
]
],
[
[
0.6,
0.9
],
[
0.1,
0.4
]
],
[
[
0.1,
0.4
],
[
0.1,
0.4
]
],
[
[
0.6,
0.9
],
[
0.6,
0.9
]
],
[
[
0.6,
0.9
],
[
0.1,
0.4
]
],
[
[
0.1,
0.4
],
[
0.6,
0.9
]
],
[
[
0.6,
0.9
],
[
0.1,
0.4
]
],
[
[
0.1,
0.4
],
[
0.6,
0.9
]
],
[
[
0.6,
0.9
],
[
0.1,
0.4
]
],
[
[
0.6,
0.9
],
[
0.1,
0.4
]
],
[
[
0.1,
0.4
],
[
0.1,
0.4
]
],
[
[
0.6,
0.9
],
[
0.1,
0.4
]
],
[
[
0.6,
0.9
],
[
0.1,
0.4
]
],
[
[
0.1,
0.4
],
[
0.6,
0.9
]
],
[
[
0.6,
0.9
],
[
0.1,
0.4
]
],
[
[
0.6,
0.9
],
[
0.1,
0.4
]
],
[
[
0.6,
0.9
],
[
0.6,
0.9
]
],
[
[
0.1,
0.4
],
[
0.6,
0.9
]
],
[
[
0.1,
0.4
],
[
0.1,
0.4
]
],
[
[
0.1,
0.4
],
[
0.1,
0.4
]
],
[
[
0.6,
0.9
],
[
0.1,
0.4
]
],
[
[
0.1,
0.4
],
[
0.1,
0.4
]
],
[
[
0.6,
0.9
],
[
0.6,
0.9
]
],
[
[
0.6,
0.9
],
[
0.1,
0.4
]
],
[
[
0.1,
0.4
],
[
0.1,
0.4
]
],
[
[
0.6,
0.9
],
[
0.1,
0.4
]
],
[
[
0.6,
0.9
],
[
0.1,
0.4
]
],
[
[
0.1,
0.4
],
[
0.1,
0.4
]
],
[
[
0.1,
0.4
],
[
0.1,
0.4
]
],
[
[
0.1,
0.4
],
[
0.1,
0.4
]
],
[
[
0.6,
0.9
],
[
0.6,
0.9
]
],
[
[
0.6,
0.9
],
[
0.6,
0.9
]
],
[
[
0.6,
0.9
],
[
0.1,
0.4
]
],
[
[
0.6,
0.9
],
[
0.6,
0.9
]
],
[
[
0.6,
0.9
],
[
0.1,
0.4
]
],
[
[
0.6,
0.9
],
[
0.1,
0.4
]
],
[
[
0.1,
0.4
],
[
0.1,
0.4
]
],
[
[
0.6,
0.9
],
[
0.6,
0.9
]
],
[
[
0.6,
0.9
],
[
0.6,
0.9
]
],
[
[
0.6,
0.9
],
[
0.6,
0.9
]
],
[
[
0.6,
0.9
],
[
0.1,
0.4
]
],
[
[
0.6,
0.9
],
[
0.1,
0.4
]
],
[
[
0.6,
0.9
],
[
0.6,
0.9
]
],
[
[
0.1,
0.4
],
[
0.6,
0.9
]
],
[
[
0.6,
0.9
],
[
0.1,
0.4
]
],
[
[
0.6,
0.9
],
[
0.6,
0.9
]
],
[
[
0.6,
0.9
],
[
0.1,
0.4
]
],
[
[
0.1,
0.4
],
[
0.6,
0.9
]
],
[
[
0.1,
0.4
],
[
0.1,
0.4
]
],
[
[
0.1,
0.4
],
[
0.1,
0.4
]
],
[
[
0.6,
0.9
],
[
0.1,
0.4
]
],
[
[
0.6,
0.9
],
[
0.1,
0.4
]
],
[
[
0.6,
0.9
],
[
0.1,
0.4
]
],
[
[
0.1,
0.4
],
[
0.1,
0.4
]
],
[
[
0.6,
0.9
],
[
0.1,
0.4
]
],
[
[
0.1,
0.4
],
[
0.6,
0.9
]
],
[
[
0.6,
0.9
],
[
0.1,
0.4
]
],
[
[
0.6,
0.9
],
[
0.6,
0.9
]
],
[
[
0.6,
0.9
],
[
0.1,
0.4
]
],
[
[
0.1,
0.4
],
[
0.6,
0.9
]
],
[
[
0.6,
0.9
],
[
0.1,
0.4
]
],
[
[
0.6,
0.9
],
[
0.1,
0.4
]
],
[
[
0.6,
0.9
],
[
0.1,
0.4
]
],
[
[
0.1,
0.4
],
[
0.1,
0.4
]
],
[
[
0.1,
0.4
],
[
0.1,
0.4
]
],
[
[
0.6,
0.9
],
[
0.6,
0.9
]
],
[
[
0.6,
0.9
],
[
0.6,
0.9
]
],
[
[
0.6,
0.9
],
[
0.1,
0.4
]
],
[
[
0.6,
0.9
],
[
0.6,
0.9
]
],
[
[
0.6,
0.9
],
[
0.1,
0.4
]
],
[
[
0.6,
0.9
],
[
0.6,
0.9
]
],
[
[
0.6,
0.9
],
[
0.6,
0.9
]
],
[
[
0.6,
0.9
],
[
0.6,
0.9
]
],
[
[
0.6,
0.9
],
[
0.6,
0.9
]
],
[
[
0.6,
0.9
],
[
0.6,
0.9
]
],
[
[
0.1,
0.4
],
[
0.6,
0.9
]
],
[
[
0.6,
0.9
],
[
0.6,
0.9
]
],
[
[
0.6,
0.9
],
[
0.1,
0.4
]
],
[
[
0.1,
0.4
],
[
0.6,
0.9
]
],
[
[
0.6,
0.9
],
[
0.6,
0.9
]
],
[
[
0.6,
0.9
],
[
0.1,
0.4
]
]
],
"line_pt_pairs": [
[
[
19.245730242396974,
37.53254823654387,
0.1860372354116086
],
[
20.45677226131327,
37.53254823654387,
0.07207447082321722
]
],
[
[
19.245730242396974,
36.14806485559038,
0.1860372354116086
],
[
19.545730229797357,
37.685339665328755,
0.19796946337544205
]
],
[
[
20.45677226131327,
36.14806485559038,
0.07207447082321722
],
[
19.256203984897688,
36.22059175831664,
0.46732353726393
]
],
[
[
21.667814280229564,
37.53254823654387,
0.1860372354116086
],
[
20.19065253573502,
37.50743775426493,
0.15241927146472883
]
],
[
[
21.667814280229564,
36.14806485559038,
0.1860372354116086
],
[
21.550546854369642,
37.63772720945089,
0.24010967652268136
]
],
[
[
20.197126194767947,
36.18197300773975,
0.09516829152327803
],
[
21.73757299250031,
36.15600702691319,
0.2382100032834998
]
],
[
[
20.337895239427542,
37.70955622479212,
0.11595227480098019
],
[
20.349374215252087,
35.9465820988683,
0.14979476021975416
]
],
[
[
19.245730242396974,
34.763581474636894,
0.1860372354116086
],
[
19.442507403690954,
36.396253496071445,
0.4860372352146639
]
],
[
[
20.45677226131327,
34.763581474636894,
0.07207447082321722
],
[
19.153120009230957,
35.06358139493,
0.2942239096988446
]
],
[
[
20.26692918831965,
36.33004962524112,
0.17514869712677855
],
[
20.339540831681976,
34.62197586237353,
0.12479446103250798
]
],
[
[
21.667814280229564,
34.763581474636894,
0.1860372354116086
],
[
21.56185435788667,
36.447590189287645,
0.27507836140290604
]
],
[
[
20.173754167726894,
34.83597805088361,
0.07924990866393256
],
[
21.77439707157324,
34.8954702396809,
0.2411657096595786
]
],
[
[
21.65047395167255,
34.9447583694861,
0.06284546360224101
],
[
21.367814290179023,
34.79930313416148,
1.3018556702131625
]
],
[
[
21.63681804703833,
36.341439165150256,
0.06213022886769141
],
[
21.466003715171382,
35.98422995111303,
1.303102336255661
]
],
[
[
21.508843857525896,
37.512452112996385,
0.05103374288941606
],
[
21.62861277585635,
37.33207596414751,
1.3159680338943527
]
],
[
[
20.469401883050175,
37.48007942745437,
0.04118328766930709
],
[
20.44585534394831,
37.44079617465333,
1.2042750349708011
]
],
[
[
20.314887417942785,
36.112356503432046,
0.010285742484807492
],
[
20.292782973136724,
36.19695493458826,
1.1253114226809722
]
],
[
[
20.35851364135284,
34.82337531583778,
0.014212341252058556
],
[
20.444652576302364,
34.773164972011905,
1.1509805002169775
]
],
[
[
19.399226142200973,
35.06358136973672,
0.15930004111934482
],
[
19.523992061821392,
34.83095457344528,
1.1519976595136228
]
],
[
[
19.2994337216324,
36.40981434573583,
0.07349416936534028
],
[
19.534112434151687,
35.948170085845994,
1.1105972002407682
]
],
[
[
19.54573023543979,
37.51494687612639,
0.017747270595635647
],
[
19.446469760869487,
37.33416162317279,
1.3795623240862347
]
],
[
[
20.604274700013562,
37.41490575847894,
1.057472234369819
],
[
19.291356688776716,
37.36257339849359,
1.3059075918274607
]
],
[
[
19.2425675108606,
36.229813242594545,
1.0487174931052916
],
[
20.448743802802316,
36.13781377863646,
0.966170286103622
]
],
[
[
19.414468908717392,
37.544829020307,
1.2820002102655792
],
[
19.46745847110324,
35.848064861349954,
0.9190906782472972
]
],
[
[
20.29637704294822,
37.494820140635504,
1.029237367031253
],
[
21.850955557541937,
37.366569771105105,
1.2232875995690704
]
],
[
[
21.631955060615834,
36.03510777789008,
1.235467078018014
],
[
20.15677226144301,
36.22874943003571,
0.7720744771390831
]
],
[
[
21.75659841925094,
37.51276834241916,
1.3158708039905707
],
[
21.41387390111167,
35.84806486090145,
1.1176467500466747
]
],
[
[
20.439731373695327,
37.558980470037135,
1.1438327360509395
],
[
20.17793683264677,
35.99688416099239,
1.0049294418554993
]
],
[
[
19.258931893293216,
34.83682016045848,
1.0010251523980405
],
[
20.564378248852602,
34.81347278844035,
1.0012825582882996
]
],
[
[
19.54573024082819,
36.3798659317154,
0.986126723263023
],
[
19.545730235677954,
34.63433540640857,
1.0435992789497943
]
],
[
[
20.234328201875034,
36.359343246073344,
1.0051514889788038
],
[
20.48460376426592,
34.600013560673204,
1.0885148772214404
]
],
[
[
21.641196398024974,
34.85873537150073,
1.21845080397819
],
[
20.30037403164314,
34.8091524536142,
1.0190722121625582
]
],
[
[
21.367814281422177,
36.222683955908344,
1.1031564869882384
],
[
21.418375819404496,
34.67464591368353,
1.236073469510702
]
],
[
[
21.431361825057202,
34.8333435023244,
1.1012479080717288
],
[
21.606863095227975,
34.80143205019615,
2.2630110165957324
]
],
[
[
21.3958253236494,
35.99540375727336,
0.9872995513701678
],
[
21.540536172734534,
36.21587875744209,
2.2814184461397327
]
],
[
[
21.69855184910691,
37.33018675668817,
1.0928218517005586
],
[
21.633621458053085,
37.46616748018092,
2.2435662955583866
]
],
[
[
20.477838886842747,
37.43810912664425,
0.931685022110991
],
[
20.42353761077192,
37.49916169935359,
2.1474624086945515
]
],
[
[
20.191082504028667,
36.11467395914263,
0.8469717724842636
],
[
20.512242034053372,
36.157483633354886,
2.2089633570983067
]
],
[
[
20.49794025764089,
34.77778849645911,
0.9273812040424468
],
[
20.476331818758393,
34.80352905556163,
2.1408967688044203
]
],
[
[
19.53779509759594,
34.80760744859348,
0.8970505209905957
],
[
19.264457486466267,
34.81804355401212,
2.2329181888944576
]
],
[
[
19.519157032627028,
36.261247373594856,
0.8860372406721433
],
[
19.2279051042858,
36.14301922370962,
2.156294989745145
]
],
[
[
19.39374027813675,
37.31304232330719,
1.1201227371722973
],
[
19.309652086478604,
37.459325812812956,
2.249643641064091
]
],
[
[
20.594007343072324,
37.45362916013552,
2.0120816759571065
],
[
19.17664048623035,
37.48337555027803,
2.145425192174014
]
],
[
[
19.15338006384253,
36.1378515154008,
1.9642283259506448
],
[
20.62680245171821,
36.114940759157435,
2.0862543655299803
]
],
[
[
19.282202174608894,
37.60501828031763,
2.122566985450949
],
[
19.299441696506555,
35.96927237097777,
1.9999398781604398
]
],
[
[
20.319962620196964,
37.52049223465668,
2.00980476884731
],
[
21.739917754788273,
37.42274209603499,
2.178846760588187
]
],
[
[
21.658744934333715,
36.22569035084532,
2.110975765066227
],
[
20.272626415965984,
36.18083450537613,
1.9847900572734387
]
],
[
[
21.618920479905256,
37.61370191850577,
2.1253554129209338
],
[
21.47317770553896,
36.0352944912491,
2.132644613229584
]
],
[
[
20.46417580474985,
37.68396453884916,
2.0662752639238176
],
[
20.399025543052016,
35.94523254136559,
2.0279837457904906
]
],
[
[
19.18818356154159,
34.84940779720881,
2.1514738005364693
],
[
20.58475202729013,
34.82155271217403,
2.0443695890746376
]
],
[
[
19.20905803905935,
36.31798172679713,
2.0102766142072093
],
[
19.340019941992573,
34.653807254253415,
2.1171854495734546
]
],
[
[
20.433090238992357,
36.32026591947775,
2.036535957609681
],
[
20.443544310318096,
34.631903078736336,
2.0169500029739416
]
],
[
[
21.733246632259696,
34.8396484976424,
2.1593547549102037
],
[
20.29554424753956,
34.84926316118365,
2.0437903925980714
]
],
[
[
21.5616605031467,
36.363003099547186,
2.1527789455254256
],
[
21.56344480699849,
34.672806130051285,
2.104791133893795
]
]
],
"contact_t_pairs": [
[
0.8999999989315854,
0.10000006337267506
],
[
0.8999999498759965,
0.1136107253642634
],
[
0.8133205151166496,
0.10000043109355618
],
[
0.22016437671282085,
0.8999999755283146
],
[
0.23989485609189712,
0.10000003457472918
],
[
0.14447940205986984,
0.10000009521242174
],
[
0.8729630308612177,
0.8822022910464818
],
[
0.899999999134182,
0.35436184145770117
],
[
0.8999999994173145,
0.37753916044337393
],
[
0.10000000009658706,
0.8811865654919978
],
[
0.1614393482816391,
0.10000006268026487
],
[
0.11895681126882231,
0.10000029217286321
],
[
0.10000005430377867,
0.8675756400348613
],
[
0.899999943058026,
0.12145858109977616
],
[
0.12125652100107512,
0.14291686997786798
],
[
0.10000004245080994,
0.10000010715103926
],
[
0.8999998698713391,
0.1475473004143031
],
[
0.1075685645247255,
0.10000009126849163
],
[
0.8999998597719652,
0.8271447357404249
],
[
0.8999999605126535,
0.1688155183414005
],
[
0.16964374360839887,
0.8999999719661564
],
[
0.8085762945156993,
0.10000016991544576
],
[
0.10000000527033923,
0.8999999166709927
],
[
0.8719353155824766,
0.10000004757348574
],
[
0.8859676624173428,
0.10000025598224083
],
[
0.10000005147403984,
0.10000008014092664
],
[
0.8999999060326623,
0.13392574788996012
],
[
0.8999999766587642,
0.1842142045342202
],
[
0.16652123664457338,
0.8845613595060242
],
[
0.8999999161000448,
0.100000086546831
],
[
0.8999999151255436,
0.10000000069780707
],
[
0.8709134582999424,
0.8859742377320151
],
[
0.12554091248020366,
0.871948471357687
],
[
0.1827115907356563,
0.1000000182772826
],
[
0.14119587370368672,
0.14636052608174782
],
[
0.8999999973662518,
0.11817201183690494
],
[
0.13310090502104366,
0.10000006485713545
],
[
0.8999998970826238,
0.8507703587769304
],
[
0.8999999346708857,
0.1000001553656196
],
[
0.10000002313571626,
0.1741076338471313
],
[
0.8999998619720508,
0.11794757214727145
],
[
0.8650993063577872,
0.10000007747104726
],
[
0.15045341735647588,
0.10000027098420897
],
[
0.10000011804842485,
0.12234792388082721
],
[
0.11526849830012789,
0.10000011868551459
],
[
0.8644293665123112,
0.8710694007121406
],
[
0.7270812983782294,
0.8999999999224854
],
[
0.8999997020319532,
0.10000004782379444
],
[
0.7953828302757869,
0.8999999311720521
],
[
0.844263760577661,
0.1165966176672422
],
[
0.8151768289042772,
0.10000004897597921
],
[
0.13331268533737964,
0.1304152953498243
],
[
0.8669356106926654,
0.8999998380534512
],
[
0.8999997697449964,
0.899999897741478
],
[
0.8772593233757117,
0.8815372412481246
],
[
0.8999999352695486,
0.12634678470208546
],
[
0.8551695844103837,
0.1000001201303103
],
[
0.8879803414907016,
0.8725149773971012
],
[
0.2196829068035114,
0.886257838922358
],
[
0.8999999155000302,
0.10000004722527503
],
[
0.8437402597730603,
0.8999999972174514
],
[
0.8999997912152774,
0.22101969117833756
],
[
0.17832036276737118,
0.7802830723864498
],
[
0.2534549115685483,
0.10000005060378478
],
[
0.1982518603446673,
0.11834062965208816
],
[
0.7630942905141292,
0.10000000341552966
],
[
0.8999999359038148,
0.11382534705231916
],
[
0.8969881700721065,
0.10000002380635524
],
[
0.12765069161030843,
0.10000017797808346
],
[
0.8999997881344612,
0.10000019128336347
],
[
0.1202406762133033,
0.8999998871080476
],
[
0.8631640860061559,
0.10000204774083388
],
[
0.8818277743639473,
0.8999998984755122
],
[
0.8999998577723611,
0.10000005873832353
],
[
0.11915193018558275,
0.8824641434351378
],
[
0.8999997013343375,
0.10000015445139777
],
[
0.8999998343887345,
0.11514093320481406
],
[
0.8999997995109635,
0.11685522806171988
],
[
0.10000010364415533,
0.13128845932483846
],
[
0.10000010311908698,
0.10000007345472446
],
[
0.8999999224318762,
0.8999999178223073
],
[
0.8487466860141744,
0.8629592558802471
],
[
0.8658895808847773,
0.1000000658617507
],
[
0.8478079887484101,
0.8999999424908304
],
[
0.8673563281789177,
0.11955463127487923
],
[
0.8999999152004634,
0.8623022068420936
],
[
0.8999997851029271,
0.8999999136804991
],
[
0.899999882028249,
0.8857860851548028
],
[
0.8715721932295204,
0.8999999093997413
],
[
0.8999997969943666,
0.8999998995131138
],
[
0.10000022494359793,
0.8856520246067558
],
[
0.8816593167542859,
0.8853695370364821
],
[
0.8999999678618669,
0.10000006809540848
],
[
0.10000011661784294,
0.8999999321750952
],
[
0.8999996769617803,
0.8999998041787752
],
[
0.878984168084174,
0.10000015336238831
]
],
"half_couplers": [
{
"pose": [
[
0.0018473627469474119,
-0.09367093654788067,
0.9956014980388108,
20.335668058127744
],
[
-0.9998055813264135,
-0.019718000622590992,
-3.730349362740526e-14,
37.53254823654387
],
[
0.01963127095818512,
-0.9954079345161413,
-0.09368915146843793,
0.08347074740381583
],
[
0.0,
0.0,
0.0,
1.0
]
],
"at_element": 0,
"to_element": 6
},
{
"pose": [
[
0.9955819293667464,
0.09367093654807551,
0.00650980526538502,
20.33904313773745
],
[
0.004682150754920782,
0.019718000626326226,
-0.9997946178668938,
37.53325870047535
],
[
-0.09378005855561736,
0.9954079345160488,
0.01919230366053981,
0.11933652548754642
],
[
0.0,
0.0,
0.0,
1.0
]
],
"at_element": 6,
"to_element": 0
},
{
"pose": [
[
0.016551595759249693,
-0.02307192166356903,
-0.999596784262821,
20.338368784225732
],
[
-0.999674366152892,
0.019037431960887252,
-0.016992287696133757,
37.509948803751456
],
[
0.019421800499335062,
0.999552531193376,
-0.02274930878684689,
0.15578106954448376
],
[
0.0,
0.0,
0.0,
1.0
]
],
"at_element": 3,
"to_element": 6
},
{
"pose": [
[
-0.9997126131374952,
0.023071921662625748,
0.006509805265472865,
20.339199374197406
],
[
-0.0069496956576175425,
-0.019037431949989525,
-0.9997946178665977,
37.50926345554748
],
[
-0.022943253127383864,
-0.9995525311936053,
0.019192303675942823,
0.11979714411753661
],
[
0.0,
0.0,
0.0,
1.0
]
],
"at_element": 6,
"to_element": 3
},
{
"pose": [
[
-0.022165641394316316,
-0.017746921822132684,
-0.9995967842622433,
20.46640832928665
],
[
-0.03378167972402875,
0.9992847743625393,
-0.01699228772803145,
37.51212536616193
],
[
0.9991834078169042,
0.03339141346286758,
-0.022749308788402978,
0.1586950556571594
],
[
0.0,
0.0,
0.0,
1.0
]
],
"at_element": 3,
"to_element": 15
},
{
"pose": [
[
-0.9996378494666813,
0.01774692185549052,
-0.020229104732629555,
20.46704721898923
],
[
-0.017057700315520726,
-0.9992847743557929,
-0.03374869776210424,
37.47615108523951
],
[
-0.02081357186007406,
-0.0333914136470304,
0.9992256045163567,
0.157492963800814
],
[
0.0,
0.0,
0.0,
1.0
]
],
"at_element": 15,
"to_element": 3
},
{
"pose": [
[
-0.002436150927002334,
-0.09365747312165795,
0.9956014980388123,
19.51235855366472
],
[
-0.9996618781761848,
0.02600248682843609,
2.298161660974074e-14,
37.53254823654387
],
[
-0.025888114839127785,
-0.9952648634445019,
-0.09368915146842349,
0.16094669437753548
],
[
0.0,
0.0,
0.0,
1.0
]
],
"at_element": 0,
"to_element": 1
},
{
"pose": [
[
-0.9770075947969641,
0.09365747312168855,
0.1915318183423092,
19.515730223715813
],
[
0.18991140595580086,
-0.02600248682830486,
0.9814568398898827,
37.53161214673521
],
[
0.09690107118573127,
0.9952648634445024,
0.0076180047160544495,
0.19677624028705698
],
[
0.0,
0.0,
0.0,
1.0
]
],
"at_element": 1,
"to_element": 0
},
{
"pose": [
[
-0.09285598321898147,
0.012466895496324203,
0.9956014980388087,
19.53625299324614
],
[
0.1330665856190225,
0.9911071000611869,
-8.845424392944778e-13,
37.53254823654387
],
[
-0.9867477135378281,
0.13248129198112607,
-0.09368915146845991,
0.1586981544008417
],
[
0.0,
0.0,
0.0,
1.0
]
],
"at_element": 0,
"to_element": 20
},
{
"pose": [
[
-0.9973219056123961,
-0.012466895496961894,
-0.07206658797477648,
19.53580418455086
],
[
0.02187381242018724,
-0.9911071000598517,
-0.13125643809412563,
37.49686834458043
],
[
-0.069789346721866,
-0.13248129199105207,
0.9887255202312302,
0.1539288230290822
],
[
0.0,
0.0,
0.0,
1.0
]
],
"at_element": 20,
"to_element": 0
},
{
"pose": [
[
-0.2861740974541127,
-0.9388396820054044,
0.1915318183444073,
19.28907406119455
],
[
0.0632681079126362,
0.18094092393730388,
0.981456839889493,
36.37016940090308
],
[
-0.9560865716385096,
0.2929853810972587,
0.007618004713511928,
0.18776119657306534
],
[
0.0,
0.0,
0.0,
1.0
]
],
"at_element": 1,
"to_element": 19
},
{
"pose": [
[
-0.27855942597429073,
0.9388396820034862,
0.20244677744154488,
19.32290161522866
],
[
-0.8992582945804996,
-0.18094092393975925,
-0.3982397540075547,
36.36364987579258
],
[
-0.3372523770546993,
-0.2929853811018888,
0.8946621712308708,
0.17720457119797423
],
[
0.0,
0.0,
0.0,
1.0
]
],
"at_element": 19,
"to_element": 1
},
{
"pose": [
[
0.11804880804490137,
-0.2946379134006788,
-0.948289501632319,
19.408720539977693
],
[
0.9766759073623369,
0.20693577499933546,
0.05728662150432928,
36.21137816041327
],
[
0.1793562123182073,
-0.9329341268344289,
0.3121942729944731,
0.4171122938083687
],
[
0.0,
0.0,
0.0,
1.0
]
],
"at_element": 2,
"to_element": 7
},
{
"pose": [
[
-0.9483308845759999,
0.29463791340074796,
0.11771590099113372,
19.419327504916147
],
[
0.056943753064603767,
-0.20693577499932947,
0.9766959578150941,
36.20392847247394
],
[
0.3121312902389289,
0.9329341268344084,
0.1794657979713722,
0.45069792255180813
],
[
0.0,
0.0,
0.0,
1.0
]
],
"at_element": 7,
"to_element": 2
},
{
"pose": [
[
-0.2641774180041796,
-0.17594690366858518,
-0.9482895016323245,
19.376260813578718
],
[
0.40277480627082535,
-0.9135046241974354,
0.05728662150451169,
36.21333906798122
],
[
-0.8763462484943632,
-0.3668132885533724,
0.31219427299442304,
0.427798630277645
],
[
0.0,
0.0,
0.0,
1.0
]
],
"at_element": 2,
"to_element": 19
},
{
"pose": [
[
0.9633576643125209,
0.17594690366847188,
0.2024467774497823,
19.382594902351656
],
[
-0.08315287066444059,
0.913504624198317,
-0.3982397540032316,
36.24622523570289
],
[
-0.2550051189889862,
0.3668132885512316,
0.8946621712309311,
0.44100390916772003
],
[
0.0,
0.0,
0.0,
1.0
]
],
"at_element": 19,
"to_element": 2
},
{
"pose": [
[
0.23142148614609015,
0.9657054739432083,
0.1177159009907266,
19.422829687446896
],
[
-0.2027274447442569,
-0.07047403163719324,
0.9766959578150531,
36.232986292976655
],
[
0.9514965469708229,
-0.2498926738840565,
0.17946579797186235,
0.45603723505955274
],
[
0.0,
0.0,
0.0,
1.0
]
],
"at_element": 7,
"to_element": 19
},
{
"pose": [
[
0.1625676471339068,
-0.9657054739437193,
0.202446777451462,
19.38803412573086
],
[
0.9145701226240778,
0.07047403163732535,
-0.398239754002737,
36.23552555943352
],
[
0.3703150697834545,
0.24989267388204378,
0.8946621712307712,
0.46504117693532787
],
[
0.0,
0.0,
0.0,
1.0
]
],
"at_element": 19,
"to_element": 7
},
{
"pose": [
[
0.04805479441337579,
-0.3137479208340772,
-0.948289501632377,
20.33671543355575
],
[
0.9981520655303588,
-0.020265662438520682,
0.057286621504557045,
36.155317545870005
],
[
-0.03719127332273797,
-0.94929002159415,
0.3121942729942555,
0.11159937750546445
],
[
0.0,
0.0,
0.0,
1.0
]
],
"at_element": 2,
"to_element": 6
},
{
"pose": [
[
0.9494839991322052,
0.3137479208334485,
0.0065098052661181904,
20.34801035870974
],
[
0.00015814780994352629,
0.020265662435295484,
-0.999794617866754,
36.15604710971805
],
[
-0.313815408132209,
0.9492900215944264,
0.019192303667573518,
0.14577381829486263
],
[
0.0,
0.0,
0.0,
1.0
]
],
"at_element": 6,
"to_element": 2
},
{
"pose": [
[
0.0590273063387764,
-0.31186984176160343,
-0.948289501632271,
20.26295330120113
],
[
0.998248827876306,
0.01474858095613163,
0.05728662150416619,
36.15977355149939
],
[
-0.0038800450988880075,
-0.9500103584484608,
0.3121942729946494,
0.13588322251833218
],
[
0.0,
0.0,
0.0,
1.0
]
],
"at_element": 2,
"to_element": 9
},
{
"pose": [
[
0.9491758815759338,
0.3118698417624277,
0.042454064983546064,
20.274190357207203
],
[
0.04951348685389084,
-0.014748580951846835,
-0.9986645552834428,
36.159242141891845
],
[
-0.3108272196158477,
0.9500103584482567,
-0.029440760637192254,
0.17011327036113466
],
[
0.0,
0.0,
0.0,
1.0
]
],
"at_element": 9,
"to_element": 2
},
{
"pose": [
[
0.31541047967376656,
0.03554223412983457,
-0.9482895016317668,
20.313956487440365
],
[
0.05993598688126713,
0.9965570332256394,
0.05728662151916862,
36.1566924246699
],
[
0.9470606668997151,
-0.0749054679016954,
0.31219427299342795,
0.1190920394239833
],
[
0.0,
0.0,
0.0,
1.0
]
],
"at_element": 2,
"to_element": 16
},
{
"pose": [
[
-0.9991727349731985,
-0.03554223414009314,
-0.01976348346090661,
20.31267696700386
],
[
0.03395306003617522,
-0.99655703322746,
0.07563907217214744,
36.12081637126503
],
[
-0.02238382005732293,
0.07490546787260757,
0.9969393840562359,
0.12178863628466949
],
[
0.0,
0.0,
0.0,
1.0
]
],
"at_element": 16,
"to_element": 2
},
{
"pose": [
[
-0.018418615293363194,
0.09213431787144322,
0.9955762261529948,
20.351170958193265
],
[
-0.9996878049010011,
-0.01851139370300814,
-0.016781568323322116,
36.179376408247045
],
[
0.01688334513339068,
-0.9955745053854765,
0.09244650822811373,
0.10947247046700567
],
[
0.0,
0.0,
0.0,
1.0
]
],
"at_element": 5,
"to_element": 6
},
{
"pose": [
[
0.9957253084600004,
-0.09213431786068191,
0.006509805264666997,
20.347854119225467
],
[
0.0082492659647515,
0.018511393690754385,
-0.999794617866424,
36.18004281912886
],
[
0.0919948895497997,
0.9955745053867003,
0.01919230368526459,
0.14531319074854346
],
[
0.0,
0.0,
0.0,
1.0
]
],
"at_element": 6,
"to_element": 5
},
{
"pose": [
[
0.019426068891780668,
0.9997901031130481,
0.006509805266862123,
20.348226317015996
],
[
-0.019062649136423138,
0.006880224742308538,
-0.9997946178667881,
36.12287961184791
],
[
-0.9996295530121713,
0.019297984990563122,
0.01919230366554725,
0.14641050975081882
],
[
0.0,
0.0,
0.0,
1.0
]
],
"at_element": 6,
"to_element": 16
},
{
"pose": [
[
-0.005399485339194099,
-0.9997901031122443,
-0.01976348341967791,
20.312202643440646
],
[
0.9971115249967375,
-0.006880224745587027,
0.07563907208665888,
36.12263170884355
],
[
-0.07575917288851822,
-0.019297985031040625,
0.9969393840635394,
0.14571517949124643
],
[
0.0,
0.0,
0.0,
1.0
]
],
"at_element": 16,
"to_element": 6
},
{
"pose": [
[
-0.015361007281160965,
-0.9989803260429704,
0.04245406499251492,
20.275733823577937
],
[
-0.030116286990492902,
-0.041977556853464826,
-0.998664555282964,
36.12293454314258
],
[
0.9994283609710175,
-0.01661905231036659,
-0.029440760640494945,
0.16904291764032056
],
[
0.0,
0.0,
0.0,
1.0
]
],
"at_element": 9,
"to_element": 16
},
{
"pose": [
[
0.04059202998720812,
0.9989803260432307,
-0.019763483500582442,
20.311728319878505
],
[
-0.9962512813009275,
0.04197755686006954,
0.07563907208790627,
36.12444704641793
],
[
0.07639156764838279,
0.01661905227802811,
0.9969393840618409,
0.16964172264338656
],
[
0.0,
0.0,
0.0,
1.0
]
],
"at_element": 16,
"to_element": 9
},
{
"pose": [
[
-0.020080907557993743,
-0.0200755084873577,
-0.9995967842638456,
21.520098043073396
],
[
-0.14340249420933637,
0.9895185631483989,
-0.016992287640850298,
37.53003718725001
],
[
0.9894607025072741,
0.14300345150975263,
-0.022749308783109434,
0.18267543758981084
],
[
0.0,
0.0,
0.0,
1.0
]
],
"at_element": 3,
"to_element": 14
},
{
"pose": [
[
-0.9954331329514958,
0.02007550842843095,
0.09332658669269601,
21.520820762192308
],
[
-0.03313374481234738,
-0.9895185631526031,
-0.1405530794081635,
37.49441447878401
],
[
0.08952671543779293,
-0.14300345148893182,
0.9856647402059044,
0.1775273075289336
],
[
0.0,
0.0,
0.0,
1.0
]
],
"at_element": 14,
"to_element": 3
},
{
"pose": [
[
0.08509868458008663,
0.9932811626012048,
-0.07842669127495877,
21.562273612215485
],
[
-0.029451942729188108,
0.08118546479580391,
0.9962637719878034,
37.48876078021707
],
[
0.9959371450810617,
-0.08247091807108764,
0.03616283617605798,
0.23470242537519975
],
[
0.0,
0.0,
0.0,
1.0
]
],
"at_element": 4,
"to_element": 14
},
{
"pose": [
[
-0.06843010969066099,
-0.9932811626779562,
0.09332658762031104,
21.526515438099096
],
[
0.9867389481360628,
-0.08118546575798957,
-0.14055308029706987,
37.48583809917461
],
[
0.14718548949900048,
0.08247091619950506,
0.9856647399913187,
0.23767138272867497
],
[
0.0,
0.0,
0.0,
1.0
]
],
"at_element": 14,
"to_element": 4
},
{
"pose": [
[
-0.15309953708956958,
0.9850937955269782,
-0.07842669033697647,
21.655199991564302
],
[
-0.04788051410416594,
0.07187456273205906,
0.996263772101142,
36.30830569662167
],
[
0.987050144679631,
0.15628263258061587,
0.03616283508786211,
0.19185373028227445
],
[
0.0,
0.0,
0.0,
1.0
]
],
"at_element": 4,
"to_element": 13
},
{
"pose": [
[
-0.11133043844306734,
-0.9850937951259979,
-0.13113255995492895,
21.619736598261667
],
[
0.9589755234110839,
-0.07187456265231762,
-0.2742261707823961,
36.30571821114459
],
[
0.2607134039026613,
-0.15628263514478094,
0.952682664362951,
0.18622755286814077
],
[
0.0,
0.0,
0.0,
1.0
]
],
"at_element": 13,
"to_element": 4
},
{
"pose": [
[
-0.01127865964100061,
0.09327791563679899,
0.9955762262585205,
21.58352809671325
],
[
-0.9981508879716435,
0.05842246006948271,
-0.016781567294186894,
36.158603628637
],
[
-0.05972936194303513,
-0.9939245678691537,
0.09244650727850123,
0.2239058120490195
],
[
0.0,
0.0,
0.0,
1.0
]
],
"at_element": 5,
"to_element": 10
},
{
"pose": [
[
-0.9936632784969186,
-0.09327791443225061,
-0.06270980502222848,
21.580170088264175
],
[
-0.05741336463160754,
-0.058422445204130646,
0.9966396156374926,
36.15650041790126
],
[
-0.096628124934898,
0.9939245688559775,
0.05269683952596793,
0.2596871340397102
],
[
0.0,
0.0,
0.0,
1.0
]
],
"at_element": 10,
"to_element": 5
},
{
"pose": [
[
0.14806621049980362,
-0.9869872730948615,
-0.06270980829979489,
21.572450354305033
],
[
0.06150697018656448,
-0.05409591060802388,
0.9966396164481712,
36.27918925132553
],
[
-0.9870629614805212,
-0.15142574155095906,
0.05269682029349809,
0.2661742452877785
],
[
0.0,
0.0,
0.0,
1.0
]
],
"at_element": 10,
"to_element": 13
},
{
"pose": [
[
0.09306114283900035,
0.9869872719607308,
-0.1311325614826995,
21.607981937064068
],
[
-0.9601425109884559,
0.0540959151135193,
-0.27422616680545614,
36.28113670652623
],
[
-0.26356400036097893,
0.1514257473336213,
0.9526826652974075,
0.2716255784236116
],
[
0.0,
0.0,
0.0,
1.0
]
],
"at_element": 13,
"to_element": 10
},
{
"pose": [
[
0.9856028302101831,
-0.12136732565043488,
0.1177159009910654,
19.27911225669552
],
[
-0.09282232204852399,
0.19351749925255024,
0.9766959578152044,
35.04055406843774
],
[
-0.14131906315567308,
-0.9735609635495359,
0.17946579797081774,
0.23693035846071783
],
[
0.0,
0.0,
0.0,
1.0
]
],
"at_element": 7,
"to_element": 8
},
{
"pose": [
[
-0.24708463267125946,
0.12136732565027275,
-0.9613631762046067,
19.283485270985572
],
[
-0.9558282396025723,
-0.19351749925186779,
0.22123144862688693,
35.03358139449054
],
[
-0.15919032846236741,
0.9735609635496916,
0.16382151743968087,
0.27200895958357924
],
[
0.0,
0.0,
0.0,
1.0
]
],
"at_element": 8,
"to_element": 7
},
{
"pose": [
[
-0.11324533612563892,
-0.2509110146572627,
-0.9613631762083744,
19.402669953987505
],
[
0.22458417701091357,
-0.9490092694921644,
0.22123144861045382,
35.0061542985425
],
[
-0.967851972815121,
-0.19085352797790286,
0.16382151743976148,
0.2516992409380139
],
[
0.0,
0.0,
0.0,
1.0
]
],
"at_element": 8,
"to_element": 18
},
{
"pose": [
[
0.960359555574026,
0.250911014638748,
0.12146269695101186,
19.411702755362672
],
[
-0.21930273237724526,
0.9490092695104083,
-0.2264679181588323,
35.04031865058069
],
[
-0.17209252043460144,
0.19085352791152485,
0.9664155913964712,
0.25856997163343093
],
[
0.0,
0.0,
0.0,
1.0
]
],
"at_element": 18,
"to_element": 8
},
{
"pose": [
[
0.22184679369775195,
-0.1629872496972598,
-0.9613631762045756,
20.32640702923435
],
[
0.9749697581573715,
0.02214987170294891,
0.221231448628126,
34.793581468247304
],
[
-0.014763834345568105,
-0.9863795109488365,
0.1638215174381885,
0.09428941588158285
],
[
0.0,
0.0,
0.0,
1.0
]
],
"at_element": 8,
"to_element": 9
},
{
"pose": [
[
0.9857143647136541,
0.16298724969582357,
0.04245406498497466,
20.332279661295086
],
[
0.046674288461187756,
-0.022149871707845215,
-0.9986645552836889,
34.79278338099238
],
[
-0.1618292371414975,
0.986379510948964,
-0.029440760626786133,
0.12982988883790356
],
[
0.0,
0.0,
0.0,
1.0
]
],
"at_element": 9,
"to_element": 8
},
{
"pose": [
[
0.9941462442581853,
-0.0993523899751114,
0.042454064982966305,
20.330241844489745
],
[
0.03929499940116482,
-0.03354115441305572,
-0.9986645552850577,
34.84071978977702
],
[
0.10064366870005781,
0.9944868493684937,
-0.02944076058324696,
0.1312430603870062
],
[
0.0,
0.0,
0.0,
1.0
]
],
"at_element": 9,
"to_element": 11
},
{
"pose": [
[
0.04012335978881709,
0.09935239001083601,
0.9942430379934234,
20.33381853425969
],
[
-0.9987539307746252,
0.03354115439414673,
0.03695371055987984,
34.841927272593594
],
[
-0.029676619778750246,
-0.9944868493655623,
0.10057437386066459,
0.09544149646639621
],
[
0.0,
0.0,
0.0,
1.0
]
],
"at_element": 11,
"to_element": 9
},
{
"pose": [
[
0.07474090676775735,
-0.9962988754519406,
0.042454064925894375,
20.331260756253652
],
[
-0.026210218702265753,
-0.04452112360525584,
-0.998664555287963,
34.816751506316926
],
[
0.9968584760592212,
0.0735283640925336,
-0.029440760566993074,
0.13053647228152665
],
[
0.0,
0.0,
0.0,
1.0
]
],
"at_element": 9,
"to_element": 17
},
{
"pose": [
[
0.04111557679405353,
0.9962988754563176,
0.07548549601989397,
20.36712755689783
],
[
-0.9980389917869152,
0.044521123539913,
-0.0440004594487551,
34.818354268602235
],
[
-0.047198307362129335,
-0.07352836407279126,
0.9961756368527234,
0.12788944814101108
],
[
0.0,
0.0,
0.0,
1.0
]
],
"at_element": 17,
"to_element": 9
},
{
"pose": [
[
-0.2242764916717932,
0.9725058024422375,
-0.06270980385531161,
21.65721828254109
],
[
-0.06552271144861899,
0.04915535814037475,
0.996639616436409,
34.9319824327847
],
[
0.9723203327956342,
0.2276317530184907,
0.05269682580493662,
0.19494135259404483
],
[
0.0,
0.0,
0.0,
1.0
]
],
"at_element": 10,
"to_element": 12
},
{
"pose": [
[
-0.07349797182714646,
-0.9725058024832911,
-0.22097627083835503,
21.62220796287059
],
[
0.992296851833874,
-0.049155358011741423,
-0.11371327371648535,
34.930212834296725
],
[
0.09972465080349387,
-0.22763175287087598,
0.9686272653126453,
0.18674658355875923
],
[
0.0,
0.0,
0.0,
1.0
]
],
"at_element": 12,
"to_element": 10
},
{
"pose": [
[
-0.09598824129508965,
0.04761343232776612,
0.9942430379917403,
21.614332630780453
],
[
-0.10992196990397012,
-0.9932530311111012,
0.03695371051789891,
34.889521015210846
],
[
0.9892944041414095,
-0.10574203161741891,
0.10057437389272883,
0.22497411434521725
],
[
0.0,
0.0,
0.0,
1.0
]
],
"at_element": 11,
"to_element": 12
},
{
"pose": [
[
0.9741162398850969,
-0.04761343233041784,
-0.22097627079357882,
21.612618545108706
],
[
0.02275318891363387,
0.9932530310991361,
-0.1137132736607256,
34.92527816831074
],
[
0.22489963002722088,
0.10574203172861445,
0.9686272653294062,
0.22878083216590267
],
[
0.0,
0.0,
0.0,
1.0
]
],
"at_element": 12,
"to_element": 11
},
{
"pose": [
[
-0.9738764796265456,
0.052288528169552095,
-0.22097627078957818,
21.396080262926002
],
[
-0.027520425466364823,
-0.9931323766477784,
-0.11371327379020359,
34.81384866108905
],
[
-0.22540458871184785,
-0.10466132177551314,
0.9686272653151187,
1.177954620632041
],
[
0.0,
0.0,
0.0,
1.0
]
],
"at_element": 12,
"to_element": 31
},
{
"pose": [
[
-0.1421481558948947,
-0.05228852815618798,
-0.9884633587538489,
21.394197872380254
],
[
-0.11113941960795232,
0.9931323766470375,
-0.0365528639728048,
34.849601493723775
],
[
0.9835862601647545,
0.1046613217892188,
-0.14698325257132305,
1.1817224352857205
],
[
0.0,
0.0,
0.0,
1.0
]
],
"at_element": 31,
"to_element": 12
},
{
"pose": [
[
-0.024304321082307956,
0.14949745272063486,
-0.9884633587578096,
21.417920999454367
],
[
0.9961454951102878,
-0.07973732318893556,
-0.036552863939001645,
34.85047876269782
],
[
-0.0842819823462167,
-0.9855417144498275,
-0.1469832525530963,
1.1852500343085974
],
[
0.0,
0.0,
0.0,
1.0
]
],
"at_element": 31,
"to_element": 32
},
{
"pose": [
[
0.9882270249971604,
-0.14949745270266585,
0.032524739824874256,
21.412539064198533
],
[
0.04483675297705255,
0.0797373231873193,
-0.9958070219040411,
34.85334932071091
],
[
0.1462771774670825,
0.9855417144526835,
0.08550155803216974,
1.2207297137497473
],
[
0.0,
0.0,
0.0,
1.0
]
],
"at_element": 32,
"to_element": 31
},
{
"pose": [
[
0.146524874186019,
-0.9886721410777455,
0.032524739837819394,
21.413319661364152
],
[
0.08937325372397015,
-0.019514011528192876,
-0.9958070219037765,
34.82944984778633
],
[
0.9851613485940067,
0.14881734042383682,
0.0855015580303291,
1.2227817601067268
],
[
0.0,
0.0,
0.0,
1.0
]
],
"at_element": 32,
"to_element": 33
},
{
"pose": [
[
0.015247594402412301,
0.9886721410711594,
0.14931479610108533,
21.448911967263356
],
[
-0.9994408852841652,
0.019514011541363896,
-0.027149957200103728,
34.830152354349735
],
[
-0.02975613696942986,
-0.1488173404658633,
0.9884169016610975,
1.2174243194710446
],
[
0.0,
0.0,
0.0,
1.0
]
],
"at_element": 33,
"to_element": 32
},
{
"pose": [
[
-0.9906536381207878,
-0.03754490965950525,
-0.13113256283893535,
21.48308516285585
],
[
0.072641393003919,
-0.9589177423694035,
-0.2742261683202704,
36.01995090283469
],
[
-0.11544954439276893,
-0.2811888033471936,
0.952682664674694,
1.179005020190031
],
[
0.0,
0.0,
0.0,
1.0
]
],
"at_element": 13,
"to_element": 25
},
{
"pose": [
[
-0.32008950423085825,
0.03754490966088807,
-0.9466430631657313,
21.48443677966916
],
[
-0.25502089685300594,
0.9589177423435387,
0.1242622452197743,
36.054471943239776
],
[
0.9124182437070906,
0.2811888034352125,
-0.2973647682109324,
1.1891278176067621
],
[
0.0,
0.0,
0.0,
1.0
]
],
"at_element": 25,
"to_element": 13
},
{
"pose": [
[
-0.17935255648447024,
0.9750061084478027,
-0.13113256259204548,
21.488053546544894
],
[
-0.9385611654091034,
-0.2095303022279411,
-0.27422616803320116,
36.03034085321649
],
[
-0.2948484344004404,
0.07389276647777786,
0.9526826647913091,
1.1429095385667154
],
[
0.0,
0.0,
0.0,
1.0
]
],
"at_element": 13,
"to_element": 26
},
{
"pose": [
[
-0.09616031418834647,
-0.9750061085110076,
-0.20029049488535416,
21.452953325540427
],
[
-0.09814806202587173,
0.20953030189365918,
-0.9728638190974715,
36.037883944331675
],
[
0.9905150942291412,
-0.0738927665916872,
-0.11584345967581555,
1.1402493988974776
],
[
0.0,
0.0,
0.0,
1.0
]
],
"at_element": 26,
"to_element": 13
},
{
"pose": [
[
-0.10318425119582741,
-0.3053193759431051,
-0.9466430631335492,
21.446759265932577
],
[
-0.9909700167091821,
-0.05037182177711008,
0.12426224508779099,
36.05941772759462
],
[
-0.08562380678619425,
0.9509167988023808,
-0.297364768368535,
1.1772923480670983
],
[
0.0,
0.0,
0.0,
1.0
]
],
"at_element": 25,
"to_element": 26
},
{
"pose": [
[
-0.9309477946571816,
0.305319376069484,
-0.20029049458092232,
21.457760299562604
],
[
0.22582884868789047,
0.05037182162750253,
-0.9728638191886,
36.061232686445976
],
[
-0.2869451772085242,
-0.9509167987697283,
-0.11584345943686492,
1.1430296431678668
],
[
0.0,
0.0,
0.0,
1.0
]
],
"at_element": 26,
"to_element": 25
},
{
"pose": [
[
-0.14011650404955378,
-0.29023141846062656,
-0.9466430631612235,
21.36242206475309
],
[
-0.9896008369740357,
0.07245052019756049,
0.1242622452050145,
36.070488352186295
],
[
0.03251997468048923,
0.9542099590034866,
-0.2973647682314515,
1.1507998787762914
],
[
0.0,
0.0,
0.0,
1.0
]
],
"at_element": 25,
"to_element": 32
},
{
"pose": [
[
-0.9564036098969813,
0.29023141848389983,
0.032524739827507976,
21.372870436144538
],
[
-0.05585066912393592,
-0.07245052024095844,
-0.9958070219049591,
36.06788012339193
],
[
-0.28665805018249935,
-0.954209958993113,
0.08550155802048154,
1.116448187669846
],
[
0.0,
0.0,
0.0,
1.0
]
],
"at_element": 32,
"to_element": 25
},
{
"pose": [
[
-0.2640087833067195,
0.184841210991513,
-0.9466430631743393,
21.42366533641398
],
[
0.23019250740752537,
0.9651788973851269,
0.12426224517473958,
36.06244918015021
],
[
0.9366486918105109,
-0.18510381617249735,
-0.29736476820234836,
1.1700379548690896
],
[
0.0,
0.0,
0.0,
1.0
]
],
"at_element": 25,
"to_element": 34
},
{
"pose": [
[
-0.9766412677475897,
-0.1848412109183558,
0.10956989038333523,
21.41700527965124
],
[
0.20140043240458783,
-0.9651788973937958,
0.1669358015913343,
36.02767259428593
],
[
0.07489793027597796,
0.18510381620034788,
0.9798606417590425,
1.1767074736209715
],
[
0.0,
0.0,
0.0,
1.0
]
],
"at_element": 34,
"to_element": 25
},
{
"pose": [
[
-0.05228418750797159,
0.9783404732047056,
-0.20029049459778137,
21.448146353828246
],
[
0.12868454543227692,
-0.1922921659393979,
-0.9728638191880831,
36.01453521343763
],
[
-0.9903063422514872,
-0.07663968559387258,
-0.11584345941205676,
1.1374691559631367
],
[
0.0,
0.0,
0.0,
1.0
]
],
"at_element": 26,
"to_element": 34
},
{
"pose": [
[
0.1756256177736053,
-0.9783404732006835,
0.10956989038555298,
21.412926095820417
],
[
0.9670347258669976,
0.192292165951634,
0.16693580167528507,
36.02145773160304
],
[
-0.18438948275045497,
0.0766396856145162,
0.9798606417444921,
1.1402281847212392
],
[
0.0,
0.0,
0.0,
1.0
]
],
"at_element": 34,
"to_element": 26
},
{
"pose": [
[
0.1124864540567253,
-0.9931208078343391,
0.03252473981777687,
21.374544067886877
],
[
0.08865040826370951,
-0.02257166906884933,
-0.9958070219023987,
36.01663869148122
],
[
