{
"contact_id_pairs": [
[
0,
29
],
[
0,
46
],
[
29,
46
],
[
30,
46
],
[
0,
12
],
[
0,
47
],
[
11,
12
],
[
11,
47
],
[
1,
31
],
[
3,
30
],
[
3,
31
],
[
30,
31
],
[
1,
2
],
[
2,
12
],
[
2,
13
],
[
12,
13
],
[
2,
3
],
[
2,
44
],
[
3,
22
],
[
3,
44
],
[
4,
32
],
[
6,
31
],
[
6,
32
],
[
31,
32
],
[
4,
14
],
[
5,
13
],
[
5,
14
],
[
13,
14
],
[
5,
6
],
[
5,
22
],
[
6,
22
],
[
22,
23
],
[
7,
33
],
[
9,
32
],
[
9,
33
],
[
32,
33
],
[
7,
14
],
[
7,
15
],
[
8,
14
],
[
8,
15
],
[
8,
23
],
[
8,
43
],
[
9,
23
],
[
23,
43
],
[
10,
33
],
[
10,
41
],
[
33,
34
],
[
34,
41
],
[
10,
16
],
[
10,
40
],
[
15,
16
],
[
16,
40
],
[
11,
18
],
[
11,
38
],
[
18,
38
],
[
37,
38
],
[
16,
17
],
[
16,
20
],
[
17,
20
],
[
19,
20
],
[
17,
26
],
[
17,
27
],
[
18,
27
],
[
26,
27
],
[
19,
21
],
[
19,
34
],
[
19,
35
],
[
21,
35
],
[
20,
21
],
[
20,
42
],
[
21,
24
],
[
21,
42
],
[
24,
28
],
[
25,
27
],
[
25,
28
],
[
27,
28
],
[
25,
38
],
[
25,
39
],
[
38,
39
],
[
39,
45
],
[
26,
35
],
[
28,
35
],
[
28,
36
],
[
35,
36
],
[
29,
39
],
[
36,
37
],
[
36,
39
],
[
37,
39
],
[
40,
41
],
[
41,
42
],
[
41,
43
],
[
42,
43
],
[
44,
47
],
[
45,
46
],
[
45,
47
],
[
46,
47
]
],
"contact_t_bound_pairs": [
[
[
0.6,
0.9
],
[
0.1,
0.4
]
],
[
[
0.6,
0.9
],
[
0.1,
0.4
]
],
[
[
0.1,
0.4
],
[
0.1,
0.4
]
],
[
[
0.6,
0.9
],
[
0.1,
0.4
]
],
[
[
0.1,
0.4
],
[
0.6,
0.9
]
],
[
[
0.1,
0.4
],
[
0.1,
0.4
]
],
[
[
0.1,
0.4
],
[
0.6,
0.9
]
],
[
[
0.1,
0.4
],
[
0.1,
0.4
]
],
[
[
0.6,
0.9
],
[
0.6,
0.9
]
],
[
[
0.1,
0.4
],
[
0.1,
0.4
]
],
[
[
0.1,
0.4
],
[
0.6,
0.9
]
],
[
[
0.1,
0.4
],
[
0.6,
0.9
]
],
[
[
0.1,
0.4
],
[
0.6,
0.9
]
],
[
[
0.6,
0.9
],
[
0.1,
0.4
]
],
[
[
0.6,
0.9
],
[
0.6,
0.9
]
],
[
[
0.1,
0.4
],
[
0.6,
0.9
]
],
[
[
0.1,
0.4
],
[
0.6,
0.9
]
],
[
[
0.1,
0.4
],
[
0.6,
0.9
]
],
[
[
0.6,
0.9
],
[
0.6,
0.9
]
],
[
[
0.6,
0.9
],
[
0.6,
0.9
]
],
[
[
0.6,
0.9
],
[
0.6,
0.9
]
],
[
[
0.1,
0.4
],
[
0.1,
0.4
]
],
[
[
0.1,
0.4
],
[
0.6,
0.9
]
],
[
[
0.1,
0.4
],
[
0.6,
0.9
]
],
[
[
0.1,
0.4
],
[
0.6,
0.9
]
],
[
[
0.6,
0.9
],
[
0.1,
0.4
]
],
[
[
0.6,
0.9
],
[
0.6,
0.9
]
],
[
[
0.1,
0.4
],
[
0.6,
0.9
]
],
[
[
0.1,
0.4
],
[
0.6,
0.9
]
],
[
[
0.1,
0.4
],
[
0.1,
0.4
]
],
[
[
0.6,
0.9
],
[
0.1,
0.4
]
],
[
[
0.1,
0.4
],
[
0.6,
0.9
]
],
[
[
0.6,
0.9
],
[
0.6,
0.9
]
],
[
[
0.1,
0.4
],
[
0.1,
0.4
]
],
[
[
0.1,
0.4
],
[
0.6,
0.9
]
],
[
[
0.1,
0.4
],
[
0.6,
0.9
]
],
[
[
0.1,
0.4
],
[
0.1,
0.4
]
],
[
[
0.1,
0.4
],
[
0.6,
0.9
]
],
[
[
0.6,
0.9
],
[
0.1,
0.4
]
],
[
[
0.6,
0.9
],
[
0.6,
0.9
]
],
[
[
0.1,
0.4
],
[
0.1,
0.4
]
],
[
[
0.1,
0.4
],
[
0.6,
0.9
]
],
[
[
0.6,
0.9
],
[
0.1,
0.4
]
],
[
[
0.1,
0.4
],
[
0.6,
0.9
]
],
[
[
0.6,
0.9
],
[
0.1,
0.4
]
],
[
[
0.6,
0.9
],
[
0.1,
0.4
]
],
[
[
0.1,
0.4
],
[
0.6,
0.9
]
],
[
[
0.6,
0.9
],
[
0.1,
0.4
]
],
[
[
0.1,
0.4
],
[
0.6,
0.9
]
],
[
[
0.1,
0.4
],
[
0.1,
0.4
]
],
[
[
0.1,
0.4
],
[
0.6,
0.9
]
],
[
[
0.6,
0.9
],
[
0.1,
0.4
]
],
[
[
0.6,
0.9
],
[
0.1,
0.4
]
],
[
[
0.6,
0.9
],
[
0.6,
0.9
]
],
[
[
0.1,
0.4
],
[
0.6,
0.9
]
],
[
[
0.1,
0.4
],
[
0.6,
0.9
]
],
[
[
0.1,
0.4
],
[
0.6,
0.9
]
],
[
[
0.1,
0.4
],
[
0.6,
0.9
]
],
[
[
0.6,
0.9
],
[
0.6,
0.9
]
],
[
[
0.1,
0.4
],
[
0.6,
0.9
]
],
[
[
0.1,
0.4
],
[
0.1,
0.4
]
],
[
[
0.1,
0.4
],
[
0.6,
0.9
]
],
[
[
0.6,
0.9
],
[
0.6,
0.9
]
],
[
[
0.1,
0.4
],
[
0.6,
0.9
]
],
[
[
0.6,
0.9
],
[
0.1,
0.4
]
],
[
[
0.6,
0.9
],
[
0.1,
0.4
]
],
[
[
0.6,
0.9
],
[
0.6,
0.9
]
],
[
[
0.1,
0.4
],
[
0.6,
0.9
]
],
[
[
0.1,
0.4
],
[
0.6,
0.9
]
],
[
[
0.1,
0.4
],
[
0.6,
0.9
]
],
[
[
0.6,
0.9
],
[
0.6,
0.9
]
],
[
[
0.6,
0.9
],
[
0.6,
0.9
]
],
[
[
0.1,
0.4
],
[
0.6,
0.9
]
],
[
[
0.6,
0.9
],
[
0.1,
0.4
]
],
[
[
0.6,
0.9
],
[
0.6,
0.9
]
],
[
[
0.1,
0.4
],
[
0.6,
0.9
]
],
[
[
0.1,
0.4
],
[
0.1,
0.4
]
],
[
[
0.1,
0.4
],
[
0.6,
0.9
]
],
[
[
0.1,
0.4
],
[
0.6,
0.9
]
],
[
[
0.6,
0.9
],
[
0.1,
0.4
]
],
[
[
0.6,
0.9
],
[
0.1,
0.4
]
],
[
[
0.1,
0.4
],
[
0.1,
0.4
]
],
[
[
0.1,
0.4
],
[
0.6,
0.9
]
],
[
[
0.1,
0.4
],
[
0.6,
0.9
]
],
[
[
0.6,
0.9
],
[
0.1,
0.4
]
],
[
[
0.1,
0.4
],
[
0.6,
0.9
]
],
[
[
0.1,
0.4
],
[
0.1,
0.4
]
],
[
[
0.6,
0.9
],
[
0.1,
0.4
]
],
[
[
0.6,
0.9
],
[
0.6,
0.9
]
],
[
[
0.6,
0.9
],
[
0.1,
0.4
]
],
[
[
0.6,
0.9
],
[
0.1,
0.4
]
],
[
[
0.1,
0.4
],
[
0.1,
0.4
]
],
[
[
0.1,
0.4
],
[
0.6,
0.9
]
],
[
[
0.6,
0.9
],
[
0.6,
0.9
]
],
[
[
0.6,
0.9
],
[
0.6,
0.9
]
],
[
[
0.6,
0.9
],
[
0.6,
0.9
]
]
],
"line_pt_pairs": [
[
[
0.4035816822499831,
9.504194605293172,
0.9124670726980315
],
[
1.3327223113315791,
8.885351316282634,
0.8222975101657162
]
],
[
[
-0.1130687293659339,
9.368938928051472,
0.6160254798984456
],
[
0.12256662946785103,
8.45329694695908,
0.6195997871562002
]
],
[
[
0.0,
8.8,
0.0
],
[
-0.0733164990781653,
9.449999595408118,
0.8186087797843361
]
],
[
[
-0.0692564400462396,
8.426792410586405,
0.8706749658242426
],
[
-0.05056634576838907,
9.049998992340653,
0.07043765595480996
]
],
[
[
-0.5445490397311091,
9.465150712267217,
0.8796985757241331
],
[
-1.164036458110329,
8.92406247013554,
0.9541615329552289
]
],
[
[
-0.8485281374238571,
9.151471862576145,
0.0
],
[
-0.5326060100639239,
9.412754606525143,
0.9389647786022544
]
],
[
[
-0.9877714124982517,
8.924419310580959,
1.1160253275900838
],
[
-0.7536044244555521,
9.193362979351093,
-0.03881283296915343
]
],
[
[
-0.6789984690942072,
10.002483788819179,
0.7351754617689331
],
[
-1.5882881074684685,
9.98551509111917,
0.7538820112394066
]
],
[
[
-1.2000000000000002,
10.0,
0.0
],
[
-0.728691117570836,
9.959051427655744,
0.844801536412922
]
],
[
[
-1.4841000246233862,
9.915856235596268,
0.9106865137295753
],
[
-1.076118074208794,
9.954463885268783,
0.005105854666322723
]
],
[
[
-0.5159892597168224,
10.460604139412743,
0.7483153561269287
],
[
-1.1558475181246048,
11.006814001017332,
1.0132315554298987
]
],
[
[
0.4561867540318568,
9.35123425485122,
0.971059774407967
],
[
0.8081169641332239,
10.132704780358997,
0.9871669711681391
]
],
[
[
-0.12458124815948436,
9.376260033362167,
0.6427438774801284
],
[
0.5770530609309648,
9.428252656698755,
0.9739230227523473
]
],
[
[
-0.6678611359176311,
9.33054577461319,
0.8478868586226429
],
[
0.05989106928832746,
9.430448199731371,
0.6843012135878088
]
],
[
[
-0.7931739488820959,
10.07185942432969,
0.6817974826230879
],
[
-0.5661927873027188,
9.270824541358312,
0.8858385815432904
]
],
[
[
-0.5634559958197897,
10.572353924618879,
0.6961555262010912
],
[
-0.8313470945726688,
9.910909479343765,
0.7860124922282936
]
],
[
[
0.036223127513903115,
10.932158104592531,
0.8554660113069605
],
[
-0.6732921882885011,
10.46924533148242,
0.7246597189129379
]
],
[
[
0.6537818116099581,
10.66502697221441,
0.7946231081785973
],
[
-0.1775952932390322,
10.873883165388166,
0.7959291208350905
]
],
[
[
0.761538049990003,
9.885795149648688,
0.9558581188822096
],
[
0.5532278228349438,
10.713856133476364,
0.88014581123932
]
],
[
[
0.026792303931559593,
10.79595806642995,
0.7680148610983512
],
[
-0.009649856846617292,
11.619587465361535,
0.6897744936915631
]
],
[
[
0.0,
11.200000000000001,
0.0
],
[
-0.01622338374216287,
10.820154678612464,
0.9237076763940215
]
],
[
[
0.061174754481682816,
11.474299144939524,
0.8988018859046326
],
[
-0.062496396442454125,
11.068714163965314,
-0.0496882346312245
]
],
[
[
-0.9521349665899441,
9.247106293560295,
0.06423628067300312
],
[
0.05259759131886024,
8.99010010934803,
0.18449501064706147
]
],
[
[
-1.1392542342712562,
10.134047162958826,
0.10984394299090328
],
[
-0.8248344989645513,
9.118504199978206,
0.11217260381506007
]
],
[
[
0.8485281374238571,
10.848528137423857,
0.0
],
[
-0.15790748640797678,
11.102579500808952,
0.06646303207835691
]
],
[
[
1.2000000000000002,
10.0,
0.0
],
[
0.7112538105443195,
11.013153112308375,
0.062159739978424965
]
],
[
[
0.4992094145220167,
10.611569213898884,
0.7264175031697666
],
[
0.8835063794055908,
11.301493098906018,
0.9851256248113209
]
],
[
[
0.7527214853919398,
10.932115415184501,
-0.05986854685964938
],
[
0.5173935340069434,
10.587263430372055,
0.9812600995586116
]
],
[
[
0.9205103274555994,
11.258956439300952,
1.116025381777911
],
[
0.7205794728473375,
10.79501615229128,
-0.10151415905736966
]
],
[
[
1.2224893590980648,
8.811714205670347,
0.8034533026976387
],
[
1.3500000441319335,
10.150366115194581,
0.7250436820833847
]
],
[
[
-0.2087828274563119,
8.511925357584198,
0.6210758912573181
],
[
1.350647495719018,
9.054460012973788,
0.7716462268569665
]
],
[
[
-1.158013362424701,
8.99841194304467,
0.9926757938743731
],
[
0.24999942606109682,
8.497537075835838,
0.6160254485148767
]
],
[
[
-1.4969408117523186,
10.133503586193967,
0.8028909100273207
],
[
-0.940079136962239,
8.803637676650984,
1.0116248187753636
]
],
[
[
-0.8813708547006509,
11.110316682076734,
1.039506257154142
],
[
-1.5224475441794083,
9.807938753211852,
0.7472033634383843
]
],
[
[
0.12997742129106976,
11.614148298417367,
0.6994204666146697
],
[
-1.1598790952196278,
10.881370952541053,
1.0324479805016886
]
],
[
[
1.1030911987849499,
11.174876866895751,
0.9787061590130014
],
[
-0.1331264396414511,
11.49886529321669,
0.7132957943419526
]
],
[
[
1.3925301055868367,
9.824199259264251,
0.6285556738027374
],
[
0.8813708512088244,
11.381370803903046,
1.0235308692752805
]
],
[
[
0.7445558757010234,
10.13554563596256,
0.7974309084651366
],
[
1.5385800662083575,
9.919406391750712,
0.6725713913114562
]
],
[
[
1.156997886905855,
10.132264628250244,
-0.15130819979679022
],
[
0.6955242851560847,
10.061807226520036,
1.0999622838386696
]
],
[
[
1.3500001213888295,
10.003445659794329,
0.9305157934569038
],
[
1.0821426602763633,
10.098886738173471,
-0.135513107739821
]
],
[
[
-0.5430183721111471,
10.524671249008344,
0.8599273120232171
],
[
-0.848528137423857,
10.848528137423857,
0.1
]
],
[
[
-1.0425235111382383,
10.937714485195885,
1.1160254021428844
],
[
-0.7369435731096713,
10.81350575675005,
0.03440928948937411
]
],
[
[
-0.8669921155970362,
10.73227183707154,
0.158285153308936
],
[
0.07726661385053925,
11.243241947716157,
0.09851017864276047
]
],
[
[
-0.7010596550916269,
10.918742227254425,
0.20842477587664357
],
[
-1.1700177061913468,
9.881301098999328,
0.05168396178415773
]
],
[
[
0.8485281374238568,
9.251471862576144,
0.0
],
[
-0.1479255469797228,
8.857456746940622,
0.23251969278626872
]
],
[
[
1.2182064011886866,
10.15556268633136,
0.015293726340797079
],
[
0.598528139568418,
9.217166354354031,
0.24999998803351978
]
],
[
[
1.2941145379824894,
8.95709538221634,
0.913411799347289
],
[
0.6357345039877176,
9.367686835172375,
0.11323635772430933
]
],
[
[
0.5203988064367759,
9.489285709762196,
1.1043048800828763
],
[
0.7579318357911431,
9.21606915564116,
-0.10791009290079635
]
]
],
"contact_t_pairs": [
[
0.8999999791093499,
0.10000011618550506
],
[
0.8661886245602377,
0.10000007435882047
],
[
0.1429386834531199,
0.12153248613573427
],
[
0.8999999807632783,
0.167939469929361
],
[
0.10000002014484727,
0.8691359538040381
],
[
0.14840134716568723,
0.17168779978742255
],
[
0.10000000539804856,
0.8999998532254595
],
[
0.16015476599176906,
0.1000000271130744
],
[
0.8999945508766595,
0.899999982995416
],
[
0.26708630138436856,
0.10000002544391327
],
[
0.24342823939114058,
0.786883087601084
],
[
0.14980762054769392,
0.8419726947432304
],
[
0.10000004454895792,
0.7481199241469526
],
[
0.851738251804959,
0.10000005577476061
],
[
0.8999999380216375,
0.8150899224098308
],
[
0.1651287357520053,
0.8999999156810433
],
[
0.23917104927767255,
0.8458784007094979
],
[
0.21626706594870446,
0.8525651674106529
],
[
0.8999999143998009,
0.8999997757238393
],
[
0.7993494649662247,
0.899999987514006
],
[
0.7970480580277592,
0.822808093910742
],
[
0.1418887848664749,
0.1345928097943214
],
[
0.10000002220662149,
0.8999999626774821
],
[
0.10000004306087278,
0.8835252717546412
],
[
0.10000031303583574,
0.8350583003367619
],
[
0.8708910841428367,
0.13864473989101248
],
[
0.8999998964000431,
0.8630566405683926
],
[
0.10000009613567903,
0.8999999520832608
],
[
0.12342468673718354,
0.8669586981375801
],
[
0.10000007377426606,
0.14428353050375123
],
[
0.899999926707667,
0.18180000455125492
],
[
0.10000007176436017,
0.8999998359275027
],
[
0.8354006477539573,
0.8678736438712701
],
[
0.10000674576091424,
0.14973788587530817
],
[
0.1345607616722053,
0.8999999779892043
],
[
0.10000005620034717,
0.8516655270123663
],
[
0.10000007998054261,
0.10000005973227458
],
[
0.12638413627048273,
0.8578612848339615
],
[
0.8583872595466766,
0.1279978495719486
],
[
0.8999997244866242,
0.8999998575196408
],
[
0.15000363089621327,
0.1287718968638204
],
[
0.1000000654616922,
0.8999999250816458
],
[
0.8999997968777649,
0.17102018545694467
],
[
0.10000007324855728,
0.8522253900828595
],
[
0.7654705789749975,
0.18573099500606002
],
[
0.7926811089091776,
0.14231466227161665
],
[
0.10000000575470076,
0.8458812830435325
],
[
0.8999999761516078,
0.10000000130329391
],
[
0.10000007476860141,
0.8720022219380722
],
[
0.12721060021651934,
0.10000057799402585
],
[
0.10000033022651171,
0.899999998688398
],
[
0.8440044462423584,
0.1272502817032795
],
[
0.7923384141855033,
0.10000000523073348
],
[
0.8999999946215286,
0.8999999926675182
],
[
0.21135794237496183,
0.8820293956325937
],
[
0.1000001389949319,
0.7437130374693561
],
[
0.1866730007533332,
0.8999999989875082
],
[
0.10000000132095908,
0.8999998879023973
],
[
0.8132871001372588,
0.8759732236835973
],
[
0.11433004288743903,
0.8203163041367124
],
[
0.12799780303667024,
0.13252239207765149
],
[
0.10000000102393759,
0.8086805793886133
],
[
0.8999999948522883,
0.8999999324103736
],
[
0.1000001726643046,
0.7811823673269007
],
[
0.7223771671644486,
0.20286624162033595
],
[
0.8999997027366153,
0.10000003267528391
],
[
0.8103902973480505,
0.8999999477780404
],
[
0.13742879679065967,
0.8474771462000502
],
[
0.14900045191512876,
0.8004544700432805
],
[
0.10000002908349657,
0.8999999093804741
],
[
0.8999999188658285,
0.8999999834724698
],
[
0.8235546115901867,
0.8571944186874096
],
[
0.10000000246330736,
0.8999999672219575
],
[
0.8999999750731457,
0.10000010790683217
],
[
0.862403862408589,
0.8636216296649214
],
[
0.1394266058470268,
0.8454147983175987
],
[
0.13628731272790925,
0.11797060739731578
],
[
0.10000000810963608,
0.8608916202944116
],
[
0.10000000829171923,
0.8999999514755085
],
[
0.8281579517520365,
0.10000001697006397
],
[
0.8999999551646057,
0.20121217423287455
],
[
0.1365115168316859,
0.1607368862963602
],
[
0.10000000994263541,
0.8999999981664223
],
[
0.12400213035541326,
0.8857638081394845
],
[
0.899999943812234,
0.17690508717808015
],
[
0.10000001115412843,
0.7559559694972834
],
[
0.13705756415335377,
0.22577070619693318
],
[
0.6816413536538957,
0.20401776388091278
],
[
0.865533688647388,
0.8420629852110691
],
[
0.8999999897339704,
0.12344582727544048
],
[
0.8632869801811334,
0.10000005222184663
],
[
0.10000009852014992,
0.13838198509981842
],
[
0.10000000184508592,
0.8999999422509622
],
[
0.863685375189585,
0.8999999186647331
],
[
0.899999997345156,
0.716035422162325
],
[
0.8779546262590565,
0.7350059190938198
]
],
"half_couplers": [
{
"pose": [
[
0.5437915331908421,
0.12677296609973665,
0.8295898887379405,
1.2398082290130679
],
[
0.8322189649630076,
0.04596306326916866,
-0.5525386784387266,
8.947235658111726
],
[
-0.10817745969403053,
0.9908662936447022,
-0.08050854198752444,
0.8313144683026485
],
[
0.0,
0.0,
0.0,
1.0
]
],
"at_element": 0,
"to_element": 29
},
{
"pose": [
[
0.9874044358966197,
-0.12677296609973496,
0.09466306057778667,
1.2352404424163448
],
[
-0.10117798746151008,
-0.04596306326921651,
0.9938060231595244,
8.945579552154719
],
[
-0.1216367330411203,
-0.9908662936447007,
-0.058210766133918845,
0.7956123315261519
],
[
0.0,
0.0,
0.0,
1.0
]
],
"at_element": 29,
"to_element": 0
},
{
"pose": [
[
0.08195209068193032,
-0.5523264173807468,
0.8295898887379292,
1.2083927257772047
],
[
-0.022136572427195578,
-0.8331932434857725,
-0.5525386784387443,
8.9681595879668
],
[
0.9963903988869203,
0.026917423223769665,
-0.08050854198752022,
0.834363223350967
],
[
0.0,
0.0,
0.0,
1.0
]
],
"at_element": 0,
"to_element": 46
},
{
"pose": [
[
-0.5882374392036478,
0.5523264173807715,
-0.590687941118199,
1.2282764856266495
],
[
0.41241741364188467,
0.8331932434857563,
0.3683760251897832,
8.998154558043037
],
[
0.6956210117902374,
-0.026917423223760978,
-0.7179044924521087,
0.833394195684889
],
[
0.0,
0.0,
0.0,
1.0
]
],
"at_element": 46,
"to_element": 0
},
{
"pose": [
[
0.6666647459256214,
0.739322001229486,
0.09466306057779117,
1.2407155685430113
],
[
-0.019859091580671895,
-0.10933985921634859,
0.9938060231595195,
9.003059347219747
],
[
0.7450931035927773,
-0.6644153623183143,
-0.05821076613398812,
0.7922455347569787
],
[
0.0,
0.0,
0.0,
1.0
]
],
"at_element": 29,
"to_element": 46
},
{
"pose": [
[
-0.3232502663813712,
-0.7393220012294648,
-0.5906879411181776,
1.2140999756289754
],
[
-0.9232247284664317,
0.10933985921635991,
0.36837602518979184,
9.006995582280169
],
[
-0.20776276382560957,
0.664415362318336,
-0.7179044924521216,
0.8161644885820891
],
[
0.0,
0.0,
0.0,
1.0
]
],
"at_element": 46,
"to_element": 29
},
{
"pose": [
[
0.13879290269674294,
0.3099411802472677,
0.9405705688293372,
1.1947044334031578
],
[
-0.6144774098495996,
-0.717870564236474,
0.32722983633423985,
9.00020653699824
],
[
0.7766299266352922,
-0.6233765457488252,
0.09081651427314008,
0.756589190400522
],
[
0.0,
0.0,
0.0,
1.0
]
],
"at_element": 30,
"to_element": 46
},
{
"pose": [
[
-0.744999477184555,
-0.30994118024605,
-0.5906879411181719,
1.1835465440613329
],
[
-0.5907291740438222,
0.7178705642377103,
0.36837602518966284,
9.026049893183302
],
[
0.30986258555728075,
0.6233765457480069,
-0.7179044924521922,
0.7790307598306334
],
[
0.0,
0.0,
0.0,
1.0
]
],
"at_element": 46,
"to_element": 30
},
{
"pose": [
[
-0.46270483745459834,
0.3125457564696538,
0.8295898887455933,
0.49649576387553873
],
[
-0.5995634816678825,
0.5789858722736456,
-0.5525386784269608,
9.442310263925616
],
[
-0.6530144445924613,
-0.7530541214417046,
-0.08050854198941848,
0.903450114628348
],
[
0.0,
0.0,
0.0,
1.0
]
],
"at_element": 0,
"to_element": 12
},
{
"pose": [
[
-0.296938081360516,
-0.3125457564644711,
0.902298689987959,
0.48523435629348033
],
[
0.8125914065589406,
-0.578985872278722,
0.0668622889842222,
9.421448691636586
],
[
0.501520669389107,
0.7530541214399524,
0.4258949499087813,
0.9305835797863045
],
[
0.0,
0.0,
0.0,
1.0
]
],
"at_element": 12,
"to_element": 0
},
{
"pose": [
[
0.11160179837962547,
-0.5471066213294326,
0.8295898887377584,
0.5414674033120661
],
[
0.022802353503751926,
-0.8331752885819135,
-0.5525386784390169,
9.412357427519565
],
[
0.9934913644683196,
0.08058091209423246,
-0.08050854198740809,
0.8990857881448953
],
[
0.0,
0.0,
0.0,
1.0
]
],
"at_element": 0,
"to_element": 47
},
{
"pose": [
[
-0.8157342740002058,
0.5471066213297893,
0.18775499758584033,
0.5611803296234685
],
[
0.5090972024350835,
0.8331752885815283,
-0.2159605912426122,
9.442377760719655
],
[
-0.2745862937113359,
-0.08058091209579037,
-0.9581800894986712,
0.8961823585019396
],
[
0.0,
0.0,
0.0,
1.0
]
],
"at_element": 47,
"to_element": 0
},
{
"pose": [
[
-0.803638762496159,
-0.43082624188595764,
0.4105526625368113,
0.49137977694172985
],
[
0.37149628477071905,
0.175775630203174,
0.9116432625913657,
9.429381311620414
],
[
-0.4649249937518904,
0.885150652222038,
0.01879023830890303,
0.9726704941709317
],
[
0.0,
0.0,
0.0,
1.0
]
],
"at_element": 11,
"to_element": 12
},
{
"pose": [
[
-0.015678754523581917,
0.4308262418913844,
0.9022986899881521,
0.5068895270398666
],
[
-0.9821569946505453,
-0.1757756301993434,
0.06686228897541702,
9.423053386733901
],
[
0.18740814954424423,
-0.8851506522201572,
0.4258949499097546,
0.9408050596164585
],
[
0.0,
0.0,
0.0,
1.0
]
],
"at_element": 12,
"to_element": 11
},
{
"pose": [
[
0.2466825480367414,
-0.877834968418397,
0.41055266253669903,
0.5125500544760754
],
[
-0.09120612697078495,
0.4007343311655006,
0.9116432625914195,
9.476390483993384
],
[
-0.9647948812556426,
-0.26233140118409554,
0.018790238308741714,
0.9736394187358758
],
[
0.0,
0.0,
0.0,
1.0
]
],
"at_element": 11,
"to_element": 47
},
{
"pose": [
[
0.4406289018026025,
0.8778349684183416,
0.18775499758515474,
0.5441521158124634
],
[
0.8903780202000763,
-0.4007343311652092,
-0.21596059124332057,
9.461964046942352
],
[
-0.11433788541347428,
0.26233140118472525,
-0.9581800894986463,
0.9830833499176342
],
[
0.0,
0.0,
0.0,
1.0
]
],
"at_element": 47,
"to_element": 11
},
{
"pose": [
[
-0.9261789362846637,
-0.28298550478439943,
0.24922235466451986,
0.09900180957833886
],
[
-0.23720270589563688,
-0.0765568406351178,
-0.9684389120991356,
8.54486613451441
],
[
0.293133850481989,
-0.9560639383607604,
0.0037804057606456443,
0.6192423369535837
],
[
0.0,
0.0,
0.0,
1.0
]
],
"at_element": 1,
"to_element": 31
},
{
"pose": [
[
0.2920053025806848,
0.2829855048372933,
0.913592965886201,
0.10919812326984522
],
[
0.942612289515685,
0.0765568405184921,
-0.32499403352034717,
8.547624571073891
],
[
-0.16191039163302984,
0.9560639383544431,
-0.24439061123420958,
0.6536904894556088
],
[
0.0,
0.0,
0.0,
1.0
]
],
"at_element": 31,
"to_element": 1
},
{
"pose": [
[
-0.9481274949747345,
-0.31735597759589884,
0.0184238095161193,
-0.06426457189304335
],
[
-0.23969203970559705,
0.7517642116087941,
0.6143275154557044,
8.593242351505543
],
[
-0.20881086986722075,
0.5780447678410034,
-0.7888360203470268,
0.656942542501439
],
[
0.0,
0.0,
0.0,
1.0
]
],
"at_element": 3,
"to_element": 30
},
{
"pose": [
[
0.1208808889396803,
0.31735597707765684,
0.9405705685924044,
-0.052839755460768995
],
[
-0.572513058130343,
-0.7517642130991677,
0.3272298369244959,
8.566178836927362
],
[
0.8109356379882411,
-0.5780447661872526,
0.09081651460020546,
0.6361329286483816
],
[
0.0,
0.0,
0.0,
1.0
]
],
"at_element": 30,
"to_element": 3
},
{
"pose": [
[
0.9134547436425416,
-0.40652305538180994,
0.018423809594552726,
-0.06470674330212801
],
[
-0.33113113861931914,
-0.7162079795197265,
0.614327517785866,
8.578498491559813
],
[
-0.23654302009066272,
-0.567261082320397,
-0.7888360185305177,
0.6758746063876241
],
[
0.0,
0.0,
0.0,
1.0
]
],
"at_element": 3,
"to_element": 31
},
{
"pose": [
[
0.009321961755732744,
0.4065230548499873,
0.913592965660561,
-0.050071912039184346
],
[
0.6175961533067525,
0.7162079790969348,
-0.32499403394306636,
8.604281981033601
],
[
-0.7864401391394815,
0.5672610832353291,
-0.24439061151556984,
0.696296007171878
],
[
0.0,
0.0,
0.0,
1.0
]
],
"at_element": 31,
"to_element": 3
},
{
"pose": [
[
0.3314568009878618,
-0.07391477655020035,
0.9405705687966358,
0.024831718668505587
],
[
-0.8263806417022539,
0.4582746656221697,
0.32722983645850484,
8.593201183372775
],
[
-0.45522678315172127,
-0.8857318649887349,
0.0908165141640731,
0.6436324749585692
],
[
0.0,
0.0,
0.0,
1.0
]
],
"at_element": 30,
"to_element": 31
},
{
"pose": [
[
0.3998555971102732,
0.07391477662849694,
0.9135929658527076,
0.027494959329616347
],
[
0.8272624790138372,
-0.4582746654374499,
-0.324994033536116,
8.576688981371692
],
[
0.3946546493777408,
0.8857318650777745,
-0.24439061133844664,
0.6755464876160695
],
[
0.0,
0.0,
0.0,
1.0
]
],
"at_element": 31,
"to_element": 30
},
{
"pose": [
[
0.1057378606346342,
-0.9626565964854581,
0.24922235467839665,
-0.08950518298524572
],
[
0.031090875518363092,
-0.24730432870997743,
-0.9684389120955483,
9.277374689151335
],
[
0.993907874145241,
0.11014919992601518,
0.0037804057647832234,
0.6163829107834528
],
[
0.0,
0.0,
0.0,
1.0
]
],
"at_element": 1,
"to_element": 2
},
{
"pose": [
[
0.26152764654124117,
0.9626565964836853,
-0.06996833098657346,
-0.054849533729077145
],
[
-0.744344549719173,
0.2473043287203518,
0.6203158552701502,
9.286277648012272
],
[
0.614454621105547,
-0.11014919991821648,
0.7812251099135353,
0.6124175382382869
],
[
0.0,
0.0,
0.0,
1.0
]
],
"at_element": 2,
"to_element": 1
},
{
"pose": [
[
-0.9722998202180235,
-0.2230190401360475,
-0.06996833098477856,
-0.062446466753296404
],
[
0.13267739628018665,
-0.7730491240644519,
0.6203158552701149,
9.353629519066839
],
[
-0.1924312036035471,
0.5938497785803913,
0.7812251099137242,
0.6972404110057011
],
[
0.0,
0.0,
0.0,
1.0
]
],
"at_element": 2,
"to_element": 12
},
{
"pose": [
[
0.36894387348298574,
0.22301904014535953,
0.9022986899868652,
-0.054417778116953835
],
[
-0.6308125601814019,
0.773049124072523,
0.06686228898332836,
9.381459298595702
],
[
-0.6826096484351476,
-0.5938497785663874,
0.425894949911239,
0.6758618104787879
],
[
0.0,
0.0,
0.0,
1.0
]
],
"at_element": 12,
"to_element": 2
},
{
"pose": [
[
-0.9678834127091047,
0.24146662722197723,
-0.06996833098352152,
-0.06598484462631221
],
[
-0.23178302783128799,
-0.7493229395359846,
0.6203158552660988,
9.384999595581395
],
[
0.097356701936422,
0.616610898560181,
0.7812251099170257,
0.7367478510698707
],
[
0.0,
0.0,
0.0,
1.0
]
],
"at_element": 2,
"to_element": 13
},
{
"pose": [
[
-0.08102558132246429,
-0.24146662721368534,
0.9670205391373049,
-0.07467764744272307
],
[
-0.6487627328369912,
0.7493229395485594,
0.13274806495081076,
9.411975234551322
],
[
-0.7566649005030136,
-0.6166108985481469,
-0.21736887573526142,
0.7145498479038378
],
[
0.0,
0.0,
0.0,
1.0
]
],
"at_element": 13,
"to_element": 2
},
{
"pose": [
[
-0.41531318740054557,
0.11563749573312085,
0.9022986899867317,
-0.008721261739146793
],
[
-0.130173588651995,
-0.9892341841714161,
0.06686228895404808,
9.384845509522169
],
[
0.9003164961215923,
-0.08968666816916479,
0.42589494991611876,
0.6974310710463597
],
[
0.0,
0.0,
0.0,
1.0
]
],
"at_element": 12,
"to_element": 13
},
{
"pose": [
[
-0.22693445409721247,
-0.11563749574428833,
0.9670205391415377,
-0.01288421259557506
],
[
0.06159285776318735,
0.9892341841702251,
0.13274806492613314,
9.420457948795885
],
[
-0.9719604279064885,
0.08968666816789878,
-0.2173688757315022,
0.7006597918846632
],
[
0.0,
0.0,
0.0,
1.0
]
],
"at_element": 13,
"to_element": 12
},
{
"pose": [
[
-0.001933190800068818,
0.9975473399615868,
-0.06996833075679992,
-0.017535184013890308
],
[
-0.7832272772784838,
0.04199132763270608,
0.6203158554563761,
8.955461085263824
],
[
0.6217324946472265,
0.05600029409927387,
0.7812251097862455,
0.19578752080893486
],
[
0.0,
0.0,
0.0,
1.0
]
],
"at_element": 2,
"to_element": 3
},
{
"pose": [
[
0.06752679329300182,
-0.9975473399576981,
0.018423808805054176,
-0.053446892989381656
],
[
-0.787933011917313,
-0.041991327373153364,
0.6143275161966557,
8.953949397272321
],
[
-0.6120471394578,
-0.056000294363169945,
-0.7888360197865985,
0.19377150996381598
],
[
0.0,
0.0,
0.0,
1.0
]
],
"at_element": 3,
"to_element": 2
},
{
"pose": [
[
0.9083627053351628,
-0.4122882828988422,
-0.0699683309827266,
-0.015855944141265704
],
[
0.3632936683367611,
0.6951445534937807,
0.62031585526597,
8.940573505366759
],
[
-0.2071108546228409,
-0.5888908400818071,
0.7812251099171992,
0.1770381189638075
],
[
0.0,
0.0,
0.0,
1.0
]
],
"at_element": 2,
"to_element": 44
},
{
"pose": [
[
0.06420374534473694,
0.41228828303974197,
-0.9087883421082436,
-0.001013564836642944
],
[
-0.6226083147818372,
-0.6951445535293388,
-0.3593507145714581,
8.915548299552018
],
[
-0.7798953554472735,
0.5888908399411885,
0.21206322921509213,
0.19823819080659877
],
[
0.0,
0.0,
0.0,
1.0
]
],
"at_element": 44,
"to_element": 2
},
{
"pose": [
[
0.9917761241695924,
-0.126651817116466,
0.018423809276005086,
-0.052435356796049916
],
[
-0.11117042369234192,
-0.7811804140362806,
0.6143275165757844,
8.98767828081862
],
[
-0.06341337732061386,
-0.6113235460435029,
-0.7888360194803423,
0.1504614554422263
],
[
0.0,
0.0,
0.0,
1.0
]
],
"at_element": 3,
"to_element": 22
},
{
"pose": [
[
0.24046945619468862,
0.1266518171068096,
0.9623584352313715,
-0.047875889809580845
],
[
0.5737237441845021,
0.7811804140589516,
-0.24616706938500307,
9.015800785409615
],
[
-0.7829530675566362,
0.611323546016533,
0.11518687464040822,
0.1724691106784894
],
[
0.0,
0.0,
0.0,
1.0
]
],
"at_element": 22,
"to_element": 3
},
{
"pose": [
[
-0.9856946032913048,
-0.1675312278183578,
0.018423809271449418,
-0.05431652318507148
],
[
-0.12103941120826125,
0.7797122310357844,
0.6143275166452804,
8.924952258275093
],
[
-0.11728431257740603,
0.6033093107841725,
-0.7888360194263266,
0.23100570033410064
],
[
0.0,
0.0,
0.0,
1.0
]
],
"at_element": 3,
"to_element": 44
},
{
"pose": [
[
-0.38214792562827293,
0.1675312278275698,
-0.908788342047033,
-0.04828016609765011
],
[
0.5127532551760011,
-0.7797122309832214,
-0.3593507147086013,
8.896858263423844
],
[
-0.7687958521248816,
-0.6033093108495466,
0.21206322924501197,
0.20926772060440235
],
[
0.0,
0.0,
0.0,
1.0
]
],
"at_element": 44,
"to_element": 3
},
{
"pose": [
[
-0.6612235103882576,
0.012228735166325555,
-0.7500892795834782,
-1.0383102835228963
],
[
0.740437883596587,
-0.15004914867859243,
-0.6551618071254128,
9.03387737965451
],
[
-0.12056205806486764,
-0.9886029086630594,
0.09016140603441136,
0.9390491311801821
],
[
0.0,
0.0,
0.0,
1.0
]
],
"at_element": 4,
"to_element": 32
},
{
"pose": [
[
0.9239758973034201,
-0.012228742944931564,
0.3822551491456021,
-1.0387505185463497
],
[
0.37965074161430323,
0.15004913433185474,
-0.9128803709566609,
9.03927915200603
],
[
-0.046193674827288894,
0.9886029107443737,
0.14328443486193088,
0.9746388596188367
],
[
0.0,
0.0,
0.0,
1.0
]
],
"at_element": 32,
"to_element": 4
},
{
"pose": [
[
-0.9011706262249224,
0.3877561434806419,
0.19374384021795557,
-0.9545457431090306
],
[
0.42531013731705325,
0.8772669998787205,
0.2225171858961421,
8.962579400940285
],
[
-0.0836826715917349,
0.28292717104726584,
-0.9554838702764483,
0.9521667442708984
],
[
0.0,
0.0,
0.0,
1.0
]
],
"at_element": 6,
"to_element": 31
},
{
"pose": [
[
0.12244617580555972,
-0.38775614345834025,
0.9135929658446966,
-0.96850496499606
],
[
-0.35324423435810276,
-0.8772669998512932,
-0.3249940335831854,
8.930997787311675
],
[
0.9274833933410085,
-0.2829271711628735,
-0.24439061130579942,
0.941981365582437
],
[
0.0,
0.0,
0.0,
1.0
]
],
"at_element": 31,
"to_element": 6
},
{
"pose": [
[
-0.4499959966173879,
0.8717608200603919,
0.19374384025294147,
-0.9643547084939241
],
[
0.8855956465949288,
0.4076842561587124,
0.22251718588106315,
8.951313683430303
],
[
0.1149954510423534,
0.27171054430763375,
-0.9554838702728663,
1.0005414858891062
],
[
0.0,
0.0,
0.0,
1.0
]
],
"at_element": 6,
"to_element": 32
},
{
"pose": [
[
-0.30645403145882866,
-0.8717608200346578,
0.3822551494161095,
-0.9957653252247268
],
[
0.02104700341709692,
-0.40768425618279114,
-0.9128803705348499,
8.936624317239227
],
[
0.9516527466727513,
-0.27171054435407027,
0.143284436827671,
0.9907514201100843
],
[
0.0,
0.0,
0.0,
1.0
]
],
"at_element": 32,
"to_element": 6
},
{
"pose": [
[
-0.2221107044987103,
-0.3406093476010074,
0.9135929658627537,
-1.0172120229458617
],
[
-0.9022740847780137,
-0.2833378797469024,
-0.3249940335429675,
8.948324434755678
],
[
0.36955149963852696,
-0.8964959108815533,
-0.24439061129177997,
0.9550107431195309
],
[
0.0,
0.0,
0.0,
1.0
]
],
"at_element": 31,
"to_element": 32
},
{
"pose": [
[
0.858991427832272,
0.3406093475641967,
0.38225514942583433,
-1.004939449203669
],
[
0.2938861598401128,
0.2833378798221501,
-0.9128803705373013,
8.95853344706777
],
[
-0.4192429510022874,
0.8964959108717568,
0.14328443678610947,
0.9873125934783438
],
[
0.0,
0.0,
0.0,
1.0
]
],
"at_element": 32,
"to_element": 31
},
{
"pose": [
[
0.6565255513965481,
-0.07962579024176131,
-0.750089283946807,
-0.6064979754907929
],
[
-0.7212655490445045,
0.22480886011285062,
-0.6551617999977489,
9.411041718674038
],
[
0.22079449296798148,
0.9711440212157699,
0.09016142152759221,
0.8871448947568167
],
[
0.0,
0.0,
0.0,
1.0
]
],
"at_element": 4,
"to_element": 14
},
{
"pose": [
[
-0.9610128881988931,
0.07962579025025869,
0.2647904119159978,
-0.6036314458851574
],
[
-0.2761028823606236,
-0.22480886009372436,
-0.9344667863415564,
9.402948596445155
],
[
-0.014880425658482924,
-0.9711440212195007,
0.2380291221297096,
0.8521836958862373
],
[
0.0,
0.0,
0.0,
1.0
]
],
"at_element": 14,
"to_element": 4
},
{
"pose": [
[
0.9343432049978506,
-0.17867363850005824,
0.3083480276886735,
-0.5733943734226536
],
[
0.09975946707760215,
0.9617762536867396,
0.2550186004445422,
9.379020674721703
],
[
-0.3421269121287263,
-0.20751426155676808,
0.9164534943180761,
0.8177360540088559
],
[
0.0,
0.0,
0.0,
1.0
]
],
"at_element": 5,
"to_element": 13
},
{
"pose": [
[
0.18151310631174056,
0.17867363853664475,
0.967020539145441,
-0.5669621207217402
],
[
0.23950864098955332,
-0.961776253687256,
0.1327480648998096,
9.344396720358182
],
[
0.9537759711422804,
0.20751426152287275,
-0.2173688757302128,
0.8252065694168849
],
[
0.0,
0.0,
0.0,
1.0
]
],
"at_element": 13,
"to_element": 5
},
{
"pose": [
[
0.24629797622665972,
0.9188355678402078,
0.3083480276869219,
-0.564198255529436
],
[
-0.9519473088320971,
0.1695931444396489,
0.25501860043220437,
9.38662630506136
],
[
0.1820264489407506,
-0.35634164032685733,
0.9164534943220987,
0.8450682034653183
],
[
0.0,
0.0,
0.0,
1.0
]
],
"at_element": 5,
"to_element": 14
},
{
"pose": [
[
0.29262132018164566,
-0.9188355678421402,
0.264790411917355,
-0.5972763500970872
],
[
0.31306547331769374,
-0.1695931444392378,
-0.9344667863415905,
9.380520949254317
],
[
0.9035279588322207,
0.35634164032206966,
0.23802912212806537,
0.857896507995041
],
[
0.0,
0.0,
0.0,
1.0
]
],
"at_element": 14,
"to_element": 5
},
{
"pose": [
[
0.1877745568664635,
-0.1720813548215374,
0.9670205391388474,
-0.5950858454340828
],
[
-0.9481818954407688,
-0.2886677058725513,
0.13274806493741725,
9.340536026729197
],
[
0.2563041337004809,
-0.9418380767993306,
-0.2173688757365777,
0.8315282783927425
],
[
0.0,
0.0,
0.0,
1.0
]
],
"at_element": 13,
"to_element": 14
},
{
"pose": [
[
0.9488277214956676,
0.17208135482643566,
0.26479041191560926,
-0.5888909143368537
],
[
0.20842931848870022,
0.2886677058798096,
-0.934466786342042,
9.350928068038428
],
[
-0.2372407513806927,
0.9418380767962112,
0.23802912212823513,
0.8654344618742861
],
[
0.0,
0.0,
0.0,
1.0
]
],
"at_element": 14,
"to_element": 13
},
{
"pose": [
[
0.6573012580820087,
-0.6876601994604716,
0.308348027724831,
-0.8095355478211128
],
[
0.6393063403049133,
0.7254329167602931,
0.25501860035415486,
9.183720603397882
],
[
-0.3990519507153763,
0.029504802297900645,
0.9164534943310625,
0.11589143365623214
],
[
0.0,
0.0,
0.0,
1.0
]
],
"at_element": 5,
"to_element": 6
},
{
"pose": [
[
0.6997047766044513,
0.6876601994723895,
0.19374384031113995,
-0.7847583053979545
],
[
0.6513318551000454,
-0.7254329167343281,
0.2225171855166665,
9.15758236353026
],
[
0.29356437135464575,
-0.029504802658528603,
-0.9554838703459272,
0.11482833935204981
],
[
0.0,
0.0,
0.0,
1.0
]
],
"at_element": 6,
"to_element": 5
},
{
"pose": [
[
-0.9118321621545502,
-0.27107858985836586,
0.308348027691046,
-0.8169359013809407
],
[
0.3537681149905242,
-0.8998964575117285,
0.25501860044689517,
9.177600156246987
],
[
0.20835121520310232,
0.3416178623524271,
0.9164534943166232,
0.09389654713166283
],
[
0.0,
0.0,
0.0,
1.0
]
],
"at_element": 5,
"to_element": 22
},
{
"pose": [
[
0.01956119242604315,
0.27107858986258737,
0.9623584352355325,
-0.8071686059227972
],
[
-0.35998352701593317,
0.8998964575087981,
-0.24616706936608088,
9.210024533940851
],
[
-0.9327535687565287,
-0.3416178623567964,
0.11518687464608401,
0.08158763480755755
],
[
0.0,
0.0,
0.0,
1.0
]
],
"at_element": 22,
"to_element": 5
},
{
"pose": [
[
0.9583945014334255,
-0.2096265822942453,
0.1937438402061075,
-0.777021140422467
],
[
-0.25103552270430646,
-0.942054811742538,
0.22251718588303937,
9.166468592762572
],
[
0.13587179973324612,
-0.2618958336216242,
-0.9554838702819024,
0.07667106772755328
],
[
0.0,
0.0,
0.0,
1.0
]
],
"at_element": 6,
"to_element": 22
},
{
"pose": [
[
0.17298247936628053,
0.2096265822474659,
0.9623584352243922,
-0.7694745829893295
],
[
0.22789143383522664,
0.94205481173883,
-0.24616706941474154,
9.200382568100805
],
[
-0.9581975559438768,
0.2618958336724051,
0.1151868746351643,
0.08609931832961507
],
[
0.0,
0.0,
0.0,
1.0
]
],
"at_element": 22,
"to_element": 6
},
{
"pose": [
[
-0.23965236170948612,
0.1281912152251105,
0.9623584352340737,
-0.8516616386950745
],
[
-0.9685049204334606,
0.03741648105105555,
-0.24616706936942645,
9.221405656695183
],
[
-0.06756452192713008,
-0.9910433992943324,
0.11518687465112065,
0.07626216230069977
],
[
0.0,
0.0,
0.0,
1.0
]
],
"at_element": 22,
"to_element": 23
},
{
"pose": [
[
0.9466231600019223,
-0.12819121522918608,
0.2957559894339242,
-0.8562765240828529
],
[
0.2933878154070001,
-0.03741648104474504,
-0.9552610097334322,
9.22005866289894
],
[
0.13352221807131223,
0.9910433992940435,
0.0021904330677308126,
0.11193973735057519
],
[
0.0,
0.0,
0.0,
1.0
]
],
"at_element": 23,
"to_element": 22
},
{
"pose": [
[
-0.01341103849504588,
-0.02431124157827458,
-0.9996144794766664,
-1.4386196219880267
],
[
0.9729400599823141,
0.23030340238777947,
-0.018654289861132878,
9.98830812776905
],
[
0.23066812464685044,
-0.9728151450206433,
0.020564773044448592,
0.7508029253138081
],
[
0.0,
0.0,
0.0,
1.0
]
],
"at_element": 7,
"to_element": 33
},
{
"pose": [
[
0.9010940224935188,
0.02431123891459644,
-0.4329417123457699,
-1.4377444171995108
],
[
-0.41637315704218103,
-0.23030339442796377,
-0.8795417787744284,
9.980017203255251
],
[
-0.12109069626184005,
0.9728151469716102,
-0.19740246478052814,
0.7858242796709308
],
[
0.0,
0.0,
0.0,
1.0
]
],
"at_element": 33,
"to_element": 7
},
{
"pose": [
[
0.38600674517435374,
-0.8261541162972916,
0.4104487407764127,
-1.443299077433232
],
[
-0.9125646629698982,
-0.40708365980307026,
0.038841084176094665,
9.919717261001493
],
[
0.13499825398329354,
-0.3895539372749035,
-0.9110560912342791,
0.8201223389926354
],
[
0.0,
0.0,
0.0,
1.0
]
],
"at_element": 9,
"to_element": 32
},
{
"pose": [
[
0.4139448958761943,
0.8261541162454611,
0.38225514959085627,
-1.4135575218442686
],
[
0.030533971265220394,
0.40708365955978154,
-0.9128803704309731,
9.934372276401357
],
[
-0.9097897008522472,
0.38955393763906065,
0.1432844370232914,
0.834146284233742
],
[
0.0,
0.0,
0.0,
1.0
]
],
"at_element": 32,
"to_element": 9
},
{
"pose": [
[
0.4200153016518151,
0.8093942041336987,
0.41044874064018205,
-1.429201662627087
],
[
0.8787487061941525,
-0.4757016728565595,
0.0388410839649774,
9.921051310342575
],
[
0.22668890078792564,
0.34436745019854575,
-0.9110560913046544,
0.7888308904904063
],
[
0.0,
0.0,
0.0,
1.0
]
],
"at_element": 9,
"to_element": 33
},
{
"pose": [
[
-0.39679024047527633,
-0.8093942041604485,
-0.4329417135539688,
-1.4583398611209246
],
[
-0.010685373197655668,
0.4757016727429526,
-0.8795417791948168,
9.938176574764714
],
[
0.9178471157350767,
-0.3443674502926071,
-0.1974024602576414,
0.7764336592437794
],
[
0.0,
0.0,
0.0,
1.0
]
],
"at_element": 33,
"to_element": 9
},
{
"pose": [
[
0.8395125208381855,
-0.38613433942038994,
0.3822551494437902,
-1.4412546129774912
],
[
0.4078760864844427,
-0.016927116343781856,
-0.9128803704792978,
10.000516920500743
],
[
0.3589649362125091,
0.9222872354384308,
0.1432844371077544,
0.8237643126330432
],
[
0.0,
0.0,
0.0,
1.0
]
],
"at_element": 32,
"to_element": 33
},
{
"pose": [
[
-0.8145316104700324,
0.3861343396673844,
-0.4329417134843072,
-1.42735377130092
],
[
0.4755204844231913,
0.01692711651056167,
-0.8795417793490945,
10.00112629692075
],
[
-0.3322928293524079,
-0.9222872353319602,
-0.19740245972302528,
0.7905619591304716
],
[
0.0,
0.0,
0.0,
1.0
]
],
"at_element": 33,
"to_element": 32
},
{
"pose": [
[
0.023214466841607773,
0.015230929463085185,
-0.9996144793453878,
-0.7699275056571121
],
[
-0.9678431286665903,
0.25086190546582576,
-0.018654293846758596,
10.000786917692011
],
[
0.2504810707860497,
0.9679030546360239,
0.020564775810311353,
0.7370461182121405
],
[
0.0,
0.0,
0.0,
1.0
]
],
"at_element": 7,
"to_element": 14
},
{
"pose": [
[
-0.9641856960938138,
-0.015230929255269976,
0.2647904119149879,
-0.7704758191660571
],
[
-0.2526660438251744,
-0.2508619052737626,
-0.9344667863440375,
9.991755888184917
],
[
0.08065862474542378,
-0.967903054689073,
0.23802912212109295,
0.7022016047029471
],
[
0.0,
0.0,
0.0,
1.0
]
],
"at_element": 14,
"to_element": 7
},
{
"pose": [
[
-0.021119552662776764,
-0.01802379476005639,
-0.9996144793457984,
-0.7939182546598379
],
[
0.9916733864803162,
-0.12742021762352307,
-0.0186542940749726,
10.000339214616728
],
[
-0.1270348733300653,
-0.9916850462537092,
0.020564775583333805,
0.73753967286636
],
[
0.0,
0.0,
0.0,
1.0
]
],
"at_element": 7,
"to_element": 15
},
{
"pose": [
[
0.9278776919856125,
0.018023794405662624,
-0.3724488307817265,
-0.7932693979915162
],
[
-0.37160361409648723,
0.12742021758567812,
