{
"contact_id_pairs": [
[
0,
3
],
[
0,
4
],
[
0,
12
],
[
3,
12
],
[
0,
6
],
[
0,
14
],
[
2,
6
],
[
2,
14
],
[
1,
3
],
[
1,
10
],
[
1,
18
],
[
3,
18
],
[
1,
11
],
[
1,
19
],
[
2,
11
],
[
2,
19
],
[
4,
5
],
[
4,
9
],
[
5,
8
],
[
6,
8
],
[
7,
10
],
[
9,
10
],
[
7,
8
],
[
8,
11
],
[
12,
13
],
[
13,
17
],
[
13,
24
],
[
17,
24
],
[
13,
14
],
[
13,
16
],
[
13,
25
],
[
16,
25
],
[
15,
17
],
[
15,
18
],
[
15,
26
],
[
17,
18
],
[
15,
16
],
[
15,
19
],
[
15,
27
],
[
16,
19
],
[
20,
23
],
[
23,
24
],
[
20,
25
],
[
22,
25
],
[
21,
26
],
[
23,
26
],
[
21,
27
],
[
22,
27
]
],
"contact_t_bound_pairs": [
[
[
0.6,
0.9
],
[
0.6,
0.9
]
],
[
[
0.6,
0.9
],
[
0.1,
0.4
]
],
[
[
0.6,
0.9
],
[
0.1,
0.4
]
],
[
[
0.6,
0.9
],
[
0.1,
0.4
]
],
[
[
0.1,
0.4
],
[
0.6,
0.9
]
],
[
[
0.1,
0.4
],
[
0.6,
0.9
]
],
[
[
0.6,
0.9
],
[
0.6,
0.9
]
],
[
[
0.6,
0.9
],
[
0.6,
0.9
]
],
[
[
0.6,
0.9
],
[
0.1,
0.4
]
],
[
[
0.6,
0.9
],
[
0.6,
0.9
]
],
[
[
0.6,
0.9
],
[
0.6,
0.9
]
],
[
[
0.1,
0.4
],
[
0.6,
0.9
]
],
[
[
0.1,
0.4
],
[
0.1,
0.4
]
],
[
[
0.1,
0.4
],
[
0.1,
0.4
]
],
[
[
0.1,
0.4
],
[
0.1,
0.4
]
],
[
[
0.1,
0.4
],
[
0.1,
0.4
]
],
[
[
0.6,
0.9
],
[
0.1,
0.4
]
],
[
[
0.6,
0.9
],
[
0.6,
0.9
]
],
[
[
0.6,
0.9
],
[
0.6,
0.9
]
],
[
[
0.1,
0.4
],
[
0.6,
0.9
]
],
[
[
0.6,
0.9
],
[
0.1,
0.4
]
],
[
[
0.1,
0.4
],
[
0.1,
0.4
]
],
[
[
0.1,
0.4
],
[
0.1,
0.4
]
],
[
[
0.1,
0.4
],
[
0.6,
0.9
]
],
[
[
0.6,
0.9
],
[
0.1,
0.4
]
],
[
[
0.1,
0.4
],
[
0.6,
0.9
]
],
[
[
0.1,
0.4
],
[
0.6,
0.9
]
],
[
[
0.6,
0.9
],
[
0.6,
0.9
]
],
[
[
0.6,
0.9
],
[
0.1,
0.4
]
],
[
[
0.6,
0.9
],
[
0.6,
0.9
]
],
[
[
0.6,
0.9
],
[
0.1,
0.4
]
],
[
[
0.6,
0.9
],
[
0.1,
0.4
]
],
[
[
0.6,
0.9
],
[
0.1,
0.4
]
],
[
[
0.6,
0.9
],
[
0.1,
0.4
]
],
[
[
0.6,
0.9
],
[
0.1,
0.4
]
],
[
[
0.1,
0.4
],
[
0.1,
0.4
]
],
[
[
0.1,
0.4
],
[
0.1,
0.4
]
],
[
[
0.1,
0.4
],
[
0.6,
0.9
]
],
[
[
0.1,
0.4
],
[
0.6,
0.9
]
],
[
[
0.1,
0.4
],
[
0.6,
0.9
]
],
[
[
0.6,
0.9
],
[
0.6,
0.9
]
],
[
[
0.6,
0.9
],
[
0.1,
0.4
]
],
[
[
0.1,
0.4
],
[
0.6,
0.9
]
],
[
[
0.6,
0.9
],
[
0.6,
0.9
]
],
[
[
0.6,
0.9
],
[
0.6,
0.9
]
],
[
[
0.1,
0.4
],
[
0.6,
0.9
]
],
[
[
0.1,
0.4
],
[
0.1,
0.4
]
],
[
[
0.1,
0.4
],
[
0.1,
0.4
]
]
],
"line_pt_pairs": [
[
[
40.45677226131327,
5.422580388186745,
0.07207447082321722
],
[
40.45677226131327,
2.6536136262797703,
0.07207447082321722
]
],
[
[
40.223921784134234,
5.314752416596285,
1.9363471606610394
],
[
40.23418872244184,
2.1536159456136605,
1.9330397876938
]
],
[
[
40.27833966171614,
4.964134491697488,
2.433713085404176
],
[
40.26036595846525,
4.960002248351337,
-0.3266637034249209
]
],
[
[
40.14042973074916,
2.4274095004374443,
2.4011565069270024
],
[
40.46715373751406,
3.013274326398403,
-0.31608661765989604
]
],
[
[
40.07931443583517,
3.0521499516908124,
-0.01397243834162124
],
[
42.87885629914586,
2.6536136262797703,
0.3
]
],
[
[
42.39271010684602,
2.3419366469632217,
0.2953458454570935
],
[
42.87885629914586,
5.422580388186745,
0.3
]
],
[
[
43.00249544951658,
4.962370092982365,
0.7483873729254746
],
[
39.95811232002416,
5.010952727553564,
-0.00680832176214107
]
],
[
[
42.46227413695059,
5.287179220838367,
2.396073579472203
],
[
42.42573763955879,
2.812984076000308,
2.080228098298198
]
],
[
[
42.37904693770972,
4.922753647826192,
2.602643839699779
],
[
42.79440922591305,
4.923684336313355,
0.022911037048139387
]
],
[
[
42.37887106740112,
3.0819794190397074,
2.5038556918818133
],
[
42.378938552752345,
2.7200065186976974,
-0.11018170221418874
]
],
[
[
42.70473941414844,
3.1491524369432087,
2.0793403821705363
],
[
39.956773782427014,
2.394192401494321,
1.9572020524062166
]
],
[
[
39.9568027976499,
4.922602758191738,
1.8514429284881848
],
[
42.70377712622767,
4.963101415078091,
2.3387932565661718
]
],
[
[
40.729959779379136,
2.995100125079607,
0.10215585191140583
],
[
38.03468822348068,
2.6536136262797703,
0.3
]
],
[
[
38.3465274126005,
2.2889540011670126,
0.3185098434009356
],
[
38.03468822348068,
5.422580388186745,
0.3
]
],
[
[
37.73214323535853,
4.9227979925960055,
0.3856851106229821
],
[
40.81881168747232,
4.923381782335729,
0.08098197232695342
]
],
[
[
37.83493502573928,
5.273663661201423,
2.079271584555177
],
[
37.82740905465632,
2.720604956961862,
2.0950765586006015
]
],
[
[
37.86040811631612,
4.92260450787854,
2.35493984277377
],
[
38.04850036984144,
5.019342780803291,
0.063946092076898
]
],
[
[
37.76918254522161,
3.002346936532601,
2.6367189761999184
],
[
38.29118194176567,
3.131554899255227,
-0.06882933538727179
]
],
[
[
37.534688398670674,
3.153516601114229,
2.1749102249554584
],
[
40.52694471686334,
2.420462399713488,
1.8513345775248522
]
],
[
[
40.57871432974708,
5.003301582111194,
1.8515157713766757
],
[
37.534692451437266,
4.963859945648478,
2.161923650362875
]
],
[
[
35.61260418564809,
5.422580388186745,
0.07207447082321722
],
[
35.61260418564809,
2.6536136262797703,
0.07207447082321722
]
],
[
[
36.11260323852038,
5.157025418171608,
1.9173069866521397
],
[
35.33412695990104,
2.9318952682904347,
1.9092352775523886
]
],
[
[
36.1087041394432,
4.9750880690457535,
2.384579898914431
],
[
36.09718443160151,
4.989182742025998,
-0.2677186162891271
]
],
[
[
35.4128211328735,
3.1036117218328454,
2.133108666442682
],
[
35.81361260590514,
3.103614184863696,
-0.4279255191129366
]
],
[
[
35.466738466995984,
3.1536135854383236,
-0.2486237238920755
],
[
38.53468822282649,
3.1536136202285756,
0.5193930544124177
]
],
[
[
38.40977195783578,
4.977364735374214,
0.3709778021971773
],
[
35.28083833606519,
4.9302966854299095,
0.08579391656858158
]
],
[
[
38.133485425272355,
3.1536009792497666,
2.079255998795964
],
[
35.112604204450555,
3.153613307332406,
1.85132981306819
]
],
[
[
35.815742218778816,
4.922583094926385,
1.8513344242502052
],
[
38.053396649651766,
5.026440662058316,
2.146118136491813
]
]
],
"contact_t_pairs": [
[
0.8999999790968982,
0.8587319764189221
],
[
0.8757251097593097,
0.1365579033201759
],
[
0.8890063064514343,
0.10000000205287368
],
[
0.8400731352421199,
0.11834984085888567
],
[
0.15147101734287086,
0.83964328324799
],
[
0.1803077814681542,
0.8841227541912406
],
[
0.8566392581172222,
0.8996268728077449
],
[
0.8324798539627088,
0.8200577153221061
],
[
0.881155428980703,
0.17372381693723785
],
[
0.8999993477384182,
0.8999995079211947
],
[
0.8924065331282175,
0.8999995478214873
],
[
0.18592526042121352,
0.8880575169759826
],
[
0.12279046979919289,
0.10000925894492411
],
[
0.1000058714585285,
0.11782226797946059
],
[
0.19047777700028992,
0.11599516624402265
],
[
0.19964747603838726,
0.10001088824612916
],
[
0.8490465227018823,
0.1209237526605454
],
[
0.8190348282551867,
0.8670662009859236
],
[
0.8355726404145631,
0.8958667781789682
],
[
0.10240292906872615,
0.7488040602530586
],
[
0.8969969113375957,
0.10000445742545831
],
[
0.16623386469822818,
0.12202374478500531
],
[
0.14776835928195003,
0.1004201077525807
],
[
0.1211580733076561,
0.8999165895053634
],
[
0.899999999771903,
0.12741695487852914
],
[
0.26463934678763484,
0.8619270348280013
],
[
0.27671299014726264,
0.8999999998307532
],
[
0.8148811875285077,
0.8889608494281668
],
[
0.8402930867453217,
0.11567006423807262
],
[
0.8696307553487057,
0.8976479030659215
],
[
0.8563592660933523,
0.10666365960910532
],
[
0.8805798428463625,
0.12242350876232813
],
[
0.8796067240172744,
0.19775699492661433
],
[
0.8592611429715793,
0.10000005199684248
],
[
0.8303103323361436,
0.10000004929803717
],
[
0.18593268698792562,
0.11449277067602207
],
[
0.1330002237436023,
0.11766970003959702
],
[
0.11991590289117951,
0.8999987656127019
],
[
0.10099735461990647,
0.8999210555540936
],
[
0.10022544309155694,
0.8869084857827094
],
[
0.837484484872288,
0.7974442338665215
],
[
0.8999999965070199,
0.10000000082044128
],
[
0.17600528156643636,
0.8952383177303773
],
[
0.8384841225058965,
0.738283134719183
],
[
0.899990264362746,
0.8999999946174824
],
[
0.10000003143683389,
0.887351980587403
],
[
0.10000108149686929,
0.10000875198180637
],
[
0.18642205860030772,
0.13083914767795526
]
],
"half_couplers": [
{
"pose": [
[
0.11938108854134821,
0.9928485059155212,
1.5211443216145426e-11,
40.45677226131326
],
[
-1.5211443216145426e-11,
1.714994812829218e-11,
-1.0,
2.930510360350462
],
[
-0.9928485059155212,
0.11938108854134821,
1.714994812829218e-11,
0.07207447082321722
],
[
0.0,
0.0,
0.0,
1.0
]
],
"at_element": 0,
"to_element": 3
},
{
"pose": [
[
0.02498951967539398,
-0.9928485059177516,
0.11673631912682975,
40.42099808282189
],
[
-0.977845993687573,
-3.487921063083377e-11,
0.20932561388698398,
2.930510360349226
],
[
-0.20782862299393656,
-0.11938108852279714,
-0.9708529338512375,
0.06777294813976781
],
[
0.0,
0.0,
0.0,
1.0
]
],
"at_element": 3,
"to_element": 0
},
{
"pose": [
[
0.9937697473140679,
-0.11145263264424839,
-8.114342531229113e-14,
40.456772261313276
],
[
8.114342531229113e-14,
1.4515055823949297e-12,
-1.0000000000000002,
2.997726666695879
],
[
0.11145263264424839,
0.993769747314068,
1.4515055823949297e-12,
0.07207447082321722
],
[
0.0,
0.0,
0.0,
1.0
]
],
"at_element": 0,
"to_element": 4
},
{
"pose": [
[
-0.13920326684804762,
0.11145263262110966,
0.9839719310938984,
40.461614002945936
],
[
-0.9901407582092832,
2.1145862838523044e-11,
-0.14007597557306628,
2.997726666695753
],
[
-0.015611836265395418,
-0.9937697473166629,
0.11035379416494251,
0.028902979538633758
],
[
0.0,
0.0,
0.0,
1.0
]
],
"at_element": 4,
"to_element": 0
},
{
"pose": [
[
-0.9973167530589531,
-0.07320719956361978,
5.706685124451383e-13,
40.45677226131327
],
[
5.706685124451383e-13,
-1.5569767697343195e-11,
-1.0000000000000002,
2.9609514744970373
],
[
0.07320719956361978,
-0.9973167530589531,
1.556954565273827e-11,
0.07207447082321722
],
[
0.0,
0.0,
0.0,
1.0
]
],
"at_element": 0,
"to_element": 12
},
{
"pose": [
[
0.1250251996388262,
0.07320719967824507,
-0.9894490413207448,
40.460432618256235
],
[
-0.9921111204596365,
1.5166001787747518e-10,
-0.12536157569337003,
2.9609514744985943
],
[
-0.00917736975370409,
0.9973167530505388,
0.07262967691745736,
0.12194026712641429
],
[
0.0,
0.0,
0.0,
1.0
]
],
"at_element": 12,
"to_element": 0
},
{
"pose": [
[
0.9871647681693078,
0.1089878538312907,
0.11673631912342439,
40.41490179147102
],
[
0.0828175010262941,
-0.9743326171775328,
0.20932561388358434,
2.919578801610546
],
[
0.136553952740287,
-0.19697106087247657,
-0.9708529338523806,
0.11847355604019238
],
[
0.0,
0.0,
0.0,
1.0
]
],
"at_element": 3,
"to_element": 12
},
{
"pose": [
[
0.09545806585632122,
-0.10898785383131043,
-0.9894490413256336,
40.410974819667075
],
[
-0.18697707472339797,
0.9743326171775267,
-0.12536157557988775,
2.9546852522911884
],
[
0.977715363073963,
0.1969710608724946,
0.07262967704673451,
0.12557067535255276
],
[
0.0,
0.0,
0.0,
1.0
]
],
"at_element": 12,
"to_element": 3
},
{
"pose": [
[
-0.9705834760952201,
0.24076485609598286,
-1.4693093963735748e-11,
40.45677226131327
],
[
-1.4693093963735748e-11,
-1.2025824780437233e-10,
-1.0,
5.003162175772101
],
[
-0.24076485609598286,
-0.9705834760952201,
1.202583588266748e-10,
0.07207447082321722
],
[
0.0,
0.0,
0.0,
1.0
]
],
"at_element": 0,
"to_element": 6
},
{
"pose": [
[
-0.015031261752112002,
-0.24076485555254873,
-0.9704670759489475,
40.44629960320478
],
[
-0.9998800718488057,
-2.1617641010607258e-10,
0.015486830522335293,
5.003162175782563
],
[
-0.0037286847234688225,
0.9705834762300256,
-0.24073598106530048,
0.11429238034321836
],
[
0.0,
0.0,
0.0,
1.0
]
],
"at_element": 6,
"to_element": 0
},
{
"pose": [
[
-0.9951629130938526,
-0.09823836522742774,
1.7619239400801234e-13,
40.45677226131327
],
[
1.7619239400801234e-13,
-3.5782488083668795e-12,
-1.0,
4.92331413438824
],
[
0.09823836522742774,
-0.9951629130938524,
3.5782488083668795e-12,
0.07207447082321722
],
[
0.0,
0.0,
0.0,
1.0
]
],
"at_element": 0,
"to_element": 14
},
{
"pose": [
[
-0.00018730735629768347,
0.09823836522764007,
0.9951628954665437,
40.46113704851658
],
[
0.9999999822870332,
7.190248396682364e-12,
0.00018821778135702516,
4.923314134388558
],
[
1.8490199991894052e-05,
0.9951629130938314,
-0.09823836348754833,
0.11629013278198272
],
[
0.0,
0.0,
0.0,
1.0
]
],
"at_element": 14,
"to_element": 0
},
{
"pose": [
[
0.9998450689258805,
-0.016353675963143886,
-0.006511177089720033,
40.26294268189768
],
[
-0.016363750131888028,
-0.9998649842937974,
-0.0014969518313585485,
4.960594649823081
],
[
-0.006485817313364582,
0.0016032671819640636,
-0.9999776816050052,
0.06906596089761835
],
[
0.0,
0.0,
0.0,
1.0
]
],
"at_element": 2,
"to_element": 6
},
{
"pose": [
[
-0.24067864783056447,
0.016353676046610074,
-0.9704670760815195,
40.26368657510266
],
[
0.0054928363042403856,
0.999864984292346,
0.015486831031601332,
5.006076336594414
],
[
0.9705893144001669,
-0.0016032672357043512,
-0.24073598049810707,
0.06899303175578243
],
[
0.0,
0.0,
0.0,
1.0
]
],
"at_element": 6,
"to_element": 2
},
{
"pose": [
[
-0.9999787453795912,
-0.00033669268676581103,
-0.006511177089730622,
40.26337691585867
],
[
-0.00032695231904095293,
0.999998826117258,
-0.0014969523329245067,
4.960694482360147
],
[
0.0065116734592751396,
-0.0014947916713217262,
-0.9999776816042543,
0.13575501935767825
],
[
0.0,
0.0,
0.0,
1.0
]
],
"at_element": 2,
"to_element": 14
},
{
"pose": [
[
0.09823796682040065,
0.0003366924280382188,
0.9951628954664673,
40.26338951415579
],
[
0.0015206380944402657,
-0.9999988261161832,
0.0001882180686059127,
4.923276733876191
],
[
0.9951617906324477,
0.0014947924486410787,
-0.09823836348777348,
0.13581095118046507
],
[
0.0,
0.0,
0.0,
1.0
]
],
"at_element": 14,
"to_element": 2
},
{
"pose": [
[
0.1200351520493621,
0.992764329426164,
0.0032478441320051843,
40.232968552562994
],
[
0.0014285525537679478,
0.003098770383071381,
-0.9999941784129118,
2.529299853441045
],
[
-0.9927686142853671,
0.12003909297029991,
-0.0010462546439935494,
1.9334328510152925
],
[
0.0,
0.0,
0.0,
1.0
]
],
"at_element": 1,
"to_element": 3
},
{
"pose": [
[
0.02813570714378888,
-0.9927643294261774,
0.1167363191235318,
40.19718947228939
],
[
-0.9778410837116258,
-0.0030987703830951396,
0.20932561388369544,
2.5291881742126527
],
[
-0.2074492636506383,
-0.12003909297018603,
-0.9708529338523435,
1.9291066597773
],
[
0.0,
0.0,
0.0,
1.0
]
],
"at_element": 3,
"to_element": 1
},
{
"pose": [
[
-0.9990228531175833,
0.044077096743063315,
0.0032478441320046396,
40.23316202191435
],
[
-0.0031985694950184725,
0.0011883995421545501,
-0.9999941784129114,
2.469731654599798
],
[
-0.04408069988088548,
-0.9990274256742058,
-0.0010462546441751819,
1.9333705271477961
],
[
0.0,
0.0,
0.0,
1.0
]
],
"at_element": 1,
"to_element": 10
},
{
"pose": [
[
0.26446865226965155,
-0.044077096743592115,
-0.9633864964329375,
40.2315716978148
],
[
-0.9643368891523756,
-0.0011883995430530536,
-0.26467518192389133,
2.4696887765390425
],
[
0.010521225527142963,
0.9990274256741816,
-0.042819464782092975,
1.969415945484332
],
[
0.0,
0.0,
0.0,
1.0
]
],
"at_element": 10,
"to_element": 1
},
{
"pose": [
[
0.9942166990119374,
0.1073434064779984,
0.0032478441320212686,
40.233084066955165
],
[
0.0033413858576547342,
-0.0006915785099856908,
-0.9999941784129119,
2.493733577781513
],
[
-0.10734053542980376,
0.9942217633932903,
-0.001046254643623623,
1.9333956394175833
],
[
0.0,
0.0,
0.0,
1.0
]
],
"at_element": 1,
"to_element": 18
},
{
"pose": [
[
-0.2353504769600241,
-0.10734340647767421,
0.9659645677148092,
40.22771773201006
],
[
-0.9715957837551306,
0.0006915785092160842,
-0.2366456310782421,
2.493768151324921
],
[
0.024734307832301572,
-0.9942217633933259,
-0.10445716447962083,
1.8836922885818677
],
[
0.0,
0.0,
0.0,
1.0
]
],
"at_element": 18,
"to_element": 1
},
{
"pose": [
[
-0.9598433739614955,
0.25509474565291734,
0.11673631912342516,
40.20117597679279
],
[
0.2748597353430451,
0.9384215008509806,
0.2093256138835954,
2.5363365707758643
],
[
-0.05615000756334713,
0.23300591726577738,
-0.9708529338523781,
1.8959523713604314
],
[
0.0,
0.0,
0.0,
1.0
]
],
"at_element": 3,
"to_element": 18
},
{
"pose": [
[
0.04288501672881673,
-0.2550947456529685,
0.9659645677147877,
40.19198411476055
],
[
-0.2517219339510258,
-0.9384215008509789,
-0.2366456310785219,
2.502522307209475
],
[
0.9668489764736397,
-0.23300591726572914,
-0.10445716447918585,
1.8875564389443382
],
[
0.0,
0.0,
0.0,
1.0
]
],
"at_element": 18,
"to_element": 3
},
{
"pose": [
[
0.9846229912218152,
-0.17466257946652353,
0.0032478441319879064,
40.225182466312425
],
[
0.0030151736580545513,
-0.001597456759116822,
-0.9999941784129119,
4.926594984224966
],
[
0.1746667509436673,
0.9846270519673951,
-0.0010462546438536613,
1.935941046780591
],
[
0.0,
0.0,
0.0,
1.0
]
],
"at_element": 1,
"to_element": 11
},
{
"pose": [
[
0.014570679573533196,
0.17466257946650982,
0.984520532356167,
40.23152566459169
],
[
-0.9998933787978688,
0.0015974567589487343,
0.014514791355196732,
4.926652998855207
],
[
0.0009624619197808326,
-0.9846270519673975,
0.1746672327628871,
1.90018247364583
],
[
0.0,
0.0,
0.0,
1.0
]
],
"at_element": 11,
"to_element": 1
},
{
"pose": [
[
0.9948347298397686,
0.10145595996849202,
0.003247844132073574,
40.2249485382469
],
[
0.0033372333016627315,
-0.0007113467323971445,
-0.9999941784129128,
4.99862020901633
],
[
-0.10145305899047487,
0.9948397771363476,
-0.0010462546426057706,
1.9360164039452123
],
[
0.0,
0.0,
0.0,
1.0
]
],
"at_element": 1,
"to_element": 19
},
{
"pose": [
[
-0.012750494740094487,
-0.10145595996887868,
-0.9947583189250926,
40.22006076826551
],
[
0.9999166782525424,
0.0007113467312889199,
-0.012889163596983111,
4.9986544790503356
],
[
0.002015300544517762,
-0.9948397771363092,
0.10143843645824835,
1.8880887316775234
],
[
0.0,
0.0,
0.0,
1.0
]
],
"at_element": 19,
"to_element": 1
},
{
"pose": [
[
-0.9998737762024323,
-0.014492626939011446,
-0.00651117708981821,
40.27491607067645
],
[
-0.014483171818846192,
0.9998939928158622,
-0.0014969518423530168,
4.963347391170888
],
[
0.006532181622866383,
-0.001402460394871927,
-0.9999776816049881,
1.907922650984811
],
[
0.0,
0.0,
0.0,
1.0
]
],
"at_element": 2,
"to_element": 11
},
{
"pose": [
[
-0.17466907320152703,
0.014492626946423937,
0.9845205323562892,
40.27543854156134
],
[
-0.0011506359814497527,
-0.9998939928157429,
0.014514791346378175,
4.92730040662993
],
[
0.9846265235629993,
0.00140246040318021,
0.1746672327629306,
1.90797321081267
],
[
0.0,
0.0,
0.0,
1.0
]
],
"at_element": 11,
"to_element": 2
},
{
"pose": [
[
0.9998929929177691,
0.01309989644429352,
-0.006511177089815757,
40.27475125722704
],
[
0.013090413173734166,
-0.9999131963416235,
-0.001496951842670338,
4.963309499743052
],
[
-0.006530221809945098,
0.0014115576598683736,
-0.9999776816049877,
1.8826108265994985
],
[
0.0,
0.0,
0.0,
1.0
]
],
"at_element": 2,
"to_element": 19
},
{
"pose": [
[
0.101411437433649,
-0.01309989644776913,
-0.9947583189251039,
40.27427899785666
],
[
0.002732991734179141,
0.9999131963415835,
-0.01288916359345425,
4.999356989014677
],
[
0.9948408169721537,
-0.001411557655798595,
0.10143843645858475,
1.8825599390726826
],
[
0.0,
0.0,
0.0,
1.0
]
],
"at_element": 19,
"to_element": 2
},
{
"pose": [
[
-0.140956869185473,
0.10922636972056121,
0.9839719310971715,
42.45625572003746
],
[
-0.9900157208714219,
-0.01573510582147364,
-0.14007597535703997,
2.713774070430181
],
[
0.00018291218785732033,
-0.993892351616841,
0.11035379440996684,
0.2526047686565634
],
[
0.0,
0.0,
0.0,
1.0
]
],
"at_element": 4,
"to_element": 5
},
{
"pose": [
[
-0.9817187943902996,
-0.10922636996280259,
0.15587754439175994,
42.45149672876055
],
[
0.15508849815212666,
0.015735105943802674,
0.9877752599563603,
2.714459648762192
],
[
-0.11034385565936107,
0.9938923515882825,
0.001492304439386083,
0.29590864328988387
],
[
0.0,
0.0,
0.0,
1.0
]
],
"at_element": 5,
"to_element": 4
},
{
"pose": [
[
-0.08901595219851122,
-0.15451666276395928,
0.9839719310948262,
42.37223672504504
],
[
0.15039220298934883,
-0.9786525973721223,
-0.14007597558756937,
2.7257348208543264
],
[
0.9846107583884115,
0.13551271004997176,
0.11035379413825974,
0.2431819237723707
],
[
0.0,
0.0,
0.0,
1.0
]
],
"at_element": 4,
"to_element": 9
},
{
"pose": [
[
-0.9879901822775121,
0.15451666275614004,
2.557251278555682e-05,
42.37892958166823
],
[
0.1530527614842954,
0.9786525973716854,
-0.13716393789799544,
2.7681249514803046
],
[
-0.02121914054054761,
-0.135512710062042,
-0.990548359993777,
0.2373122193478493
],
[
0.0,
0.0,
0.0,
1.0
]
],
"at_element": 9,
"to_element": 4
},
{
"pose": [
[
-0.155318318981704,
0.9754888062437385,
0.15587754386653585,
42.79892056437348
],
[
0.02301823612910736,
-0.154175862114468,
0.9877752600398358,
4.916038271993959
],
[
0.9875962639632667,
0.15700761903304794,
0.001492304047754578,
0.2992347296574073
],
[
0.0,
0.0,
0.0,
1.0
]
],
"at_element": 5,
"to_element": 8
},
{
"pose": [
[
-0.15215952116974485,
-0.9754888043857489,
0.1589624881393597,
42.751156212619485
],
[
-0.9880433579350391,
0.1541758605157224,
0.00035619473465980933,
4.923587420722675
],
[
-0.02485564237444786,
-0.15700763214665275,
-0.9872845590253374,
0.2915469252256546
],
[
0.0,
0.0,
0.0,
1.0
]
],
"at_element": 8,
"to_element": 5
},
{
"pose": [
[
-0.24075063439629996,
0.015257333513955078,
-0.9704670761091401,
42.69074169984914
],
[
0.0009388922566743001,
0.9998796310530558,
0.015486829453936554,
4.967345097064332
],
[
0.9705865497311972,
0.0028172999927063066,
-0.2407359804882554,
0.6710531217693714
],
[
0.0,
0.0,
0.0,
1.0
]
],
"at_element": 6,
"to_element": 8
},
{
"pose": [
[
0.987166722387442,
-0.015257331243654791,
0.15896249889252675,
42.690071905592376
],
[
-0.015511173168396808,
-0.9998796310770819,
0.0003561798681977256,
4.92345055114421
],
[
0.1589379303935193,
-0.0028173037606722085,
-0.9872845572993354,
0.670929442706229
],
[
0.0,
0.0,
0.0,
1.0
]
],
"at_element": 8,
"to_element": 6
},
{
"pose": [
[
0.9998491323832626,
-0.009337565712023035,
-0.014646581137275943,
42.429501011639054
],
[
-0.01571057264408713,
-0.1264870499771158,
-0.9918438405793935,
3.0678338178721525
],
[
0.007408804197170882,
0.9919243096399342,
-0.12661466568177526,
2.112761158399184
],
[
0.0,
0.0,
0.0,
1.0
]
],
"at_element": 7,
"to_element": 10
},
{
"pose": [
[
-0.2679538551366436,
0.009337566011313414,
-0.9633864963649819,
42.42993060212434
],
[
0.9560063150426694,
0.1264870487844416,
-0.26467518222972597,
3.073653068220238
],
[
0.11938449277836338,
-0.991924309789203,
-0.04281946442059126,
2.067126004771604
],
[
0.0,
0.0,
0.0,
1.0
]
],
"at_element": 10,
"to_element": 7
},
{
"pose": [
[
0.9663854458356091,
0.2570975873538247,
2.5572512779330897e-05,
42.378882285751864
],
[
0.2546709833972898,
-0.9572506173172641,
-0.13716393790342274,
3.021807264899828
],
[
-0.03524003820327545,
0.13255974586034447,
-0.9905483599930256,
2.0693141533955495
],
[
0.0,
0.0,
0.0,
1.0
]
],
"at_element": 9,
"to_element": 10
},
{
"pose": [
[
-0.07607423394988966,
-0.2570975873506474,
-0.9633864964319429,
42.369422357225304
],
[
0.1166974880498169,
0.9572506173174183,
-0.26467518192736617,
3.057029386254715
],
[
0.9902496691298616,
-0.13255974586539365,
-0.0428194647829927,
2.064436605790908
],
[
0.0,
0.0,
0.0,
1.0
]
],
"at_element": 10,
"to_element": 9
},
{
"pose": [
[
0.16197046035251994,
0.9866869045612795,
-0.014646581187198082,
42.45687519867709
],
[
0.1226023706165199,
-0.03484903223408731,
-0.9918438403657891,
4.92157146374228
],
[
-0.9791497478386042,
0.1588536978468803,
-0.12661466734928362,
2.349401610932502
],
[
0.0,
0.0,
0.0,
1.0
]
],
"at_element": 7,
"to_element": 8
},
{
"pose": [
[
-0.03434933056001577,
-0.9866869045026196,
0.15896249863762574,
42.42075766344745
],
[
-0.9993925245276043,
0.034849032304031025,
0.00035618227729432295,
4.922847107664357
],
[
-0.005891129638774362,
-0.15885369819589024,
-0.9872845573395082,
2.343586793684634
],
[
0.0,
0.0,
0.0,
1.0
]
],
"at_element": 8,
"to_element": 7
},
{
"pose": [
[
0.9871796841067244,
0.014394278808302094,
0.1589624987993606,
42.42937143227309
],
[
0.014522318677687487,
-0.9998944821248938,
0.0003561971551750093,
4.9228664082501465
],
[
0.1589508526154281,
0.0019568734702404503,
-0.9872845573080993,
2.2900883836819466
],
[
0.0,
0.0,
0.0,
1.0
]
],
"at_element": 8,
"to_element": 11
},
{
"pose": [
[
0.1746772056079724,
-0.01439427856732502,
0.9845205323331335,
42.42885056688239
],
[
0.0005876433294820264,
0.9998944821614317,
0.014514793089799569,
4.959048171376452
],
[
-0.9846255778296172,
-0.0019568565733404366,
0.17466723274857232,
2.2900175736264465
],
[
0.0,
0.0,
0.0,
1.0
]
],
"at_element": 11,
"to_element": 8
},
{
"pose": [
[
-0.12597463134578035,
-0.07156107189904576,
-0.9894490412577872,
38.30421537968531
],
[
0.9920257805967179,
-0.013012517601481699,
-0.12536157711652962,
2.6877622762376463
],
[
-0.003904214231722325,
-0.997351335976611,
0.07262967531871589,
0.28021558514601297
],
[
0.0,
0.0,
0.0,
1.0
]
],
"at_element": 12,
"to_element": 13
},
{
"pose": [
[
-0.9925086678824009,
0.07156107035883802,
-0.09902301443300675,
38.306793812711064
],
[
-0.09834012049013124,
0.013012515937105729,
0.9950677841890839,
2.6882311331280744
],
[
0.07249665426961784,
0.9973513361088379,
-0.005877710577044448,
0.3161513755195099
],
[
0.0,
0.0,
0.0,
1.0
]
],
"at_element": 13,
"to_element": 12
},
{
"pose": [
[
-0.19267468848076574,
0.9762535055158418,
-0.09902301443033651,
38.26400249328904
],
[
-0.013378170480005225,
0.09829104446860182,
0.9950677841895395,
3.1182348413044103
],
[
0.9811714880557059,
0.19304912210445818,
-0.00587771054494346,
0.3136114105341705
],
[
0.0,
0.0,
0.0,
1.0
]
],
"at_element": 13,
"to_element": 17
},
{
"pose": [
[
0.10544773183573852,
-0.9762535055158449,
0.18923495665104334,
38.219107937266834
],
[
-0.9940547505153688,
-0.09829104446868264,
0.04684040515498644,
3.1137147727182812
],
[
-0.027128008193121042,
-0.19304912210439987,
-0.9808140025642955,
0.30473374240966633
],
[
0.0,
0.0,
0.0,
1.0
]
],
"at_element": 17,
"to_element": 13
},
{
"pose": [
[
0.9650089495384517,
0.24280067941130723,
-0.09902301443655215,
38.26023745813406
],
[
0.0974696382300067,
0.018432972962547978,
0.9950677841891344,
3.1560691287236056
],
[
0.24342842260920483,
-0.9699010545334867,
-0.005877710508760847,
0.3133879292863051
],
[
0.0,
0.0,
0.0,
1.0
]
],
"at_element": 13,
"to_element": 24
},
{
"pose": [
[
-0.004476310038853626,
-0.24280067901539765,
0.9700658704016434,
38.2278932467242
],
[
0.9998300983140211,
-0.018432973318888823,
1.140967081925126e-08,
3.1536136167495505
],
[
0.017881195536402328,
0.9699010546258247,
0.24284193847418933,
0.442591376451984
],
[
0.0,
0.0,
0.0,
1.0
]
],
"at_element": 24,
"to_element": 13
},
{
"pose": [
[
0.9818657532844768,
0.011391826384825504,
0.1892349566510507,
38.194550033366596
],
[
0.002561901239687284,
-0.9988991005636902,
0.04684040515505201,
3.107636074634154
],
[
0.18956022575726464,
-0.04550618842167873,
-0.9808140025642915,
0.4320185551379999
],
[
0.0,
0.0,
0.0,
1.0
]
],
"at_element": 17,
"to_element": 24
},
{
"pose": [
[
0.24257459301651563,
-0.011391826384920353,
0.9700658705028683,
38.19402568794201
],
[
0.04691041348195657,
0.9988991005636915,
1.100033812997947e-08,
3.1536136163654955
],
[
-0.9689979256581635,
0.045506188421621144,
0.24284193806983223,
0.43411312372457084
],
[
0.0,
0.0,
0.0,
1.0
]
],
"at_element": 24,
"to_element": 17
},
{
"pose": [
[
0.9902255332565256,
-0.09822339792518271,
-0.09902301443028579,
38.08449109780685
],
[
0.0979546596072277,
-0.01565214135208448,
0.9950677841897638,
4.922118590622413
],
[
-0.09928886114797335,
-0.9950412928974984,
-0.00587771050774788,
0.3029561499543909
],
[
0.0,
0.0,
0.0,
1.0
]
],
"at_element": 13,
"to_element": 14
},
{
"pose": [
[
-0.0017249258107936427,
0.09822339848531125,
0.9951628955205993,
38.08917837349617
],
[
0.9998774800095341,
0.01565214182276331,
0.0001882183412754701,
4.922865519592701
],
[
-0.015557943332303037,
0.9950412928348029,
-0.09823836293888966,
0.35044007904273816
],
[
0.0,
0.0,
0.0,
1.0
]
],
"at_element": 14,
"to_element": 13
},
{
"pose": [
[
-0.08574127571370505,
0.9913843231427721,
-0.09902301482854342,
38.0753424630189
],
[
-0.002647372532812442,
0.09916197034020136,
0.9950677841518745,
5.014051883091618
],
[
0.9963139189320096,
0.08558053204436472,
-0.005877710212704335,
0.3024131143027937
],
[
0.0,
0.0,
0.0,
1.0
]
],
"at_element": 13,
"to_element": 16
},
{
"pose": [
[
0.10234042342704508,
-0.9913843229988054,
0.08175305404064956,
38.02924873327607
],
[
-0.9941825701530705,
-0.09916197064899746,
0.04204665005493877,
5.009441415715662
],
[
-0.03357759575383837,
-0.08558053335430707,
-0.9957652923124929,
0.2984341065235924
],
[
0.0,
0.0,
0.0,
1.0
]
],
"at_element": 16,
"to_element": 13
},
{
"pose": [
[
0.9909410847729182,
0.09072049978357544,
-0.09902301463846906,
38.079481033466706
],
[
0.09914741941952429,
0.0031454898061388237,
0.9950677841817253,
4.972463994165993
],
[
0.09058452258261952,
-0.9958714258441688,
-0.005877708361353706,
0.3026587674906075
],
[
0.0,
0.0,
0.0,
1.0
]
],
"at_element": 13,
"to_element": 25
},
{
"pose": [
[
0.015202701142527308,
-0.0907205011342122,
-0.9957603469469591,
38.07602844706376
],
[
-0.9998828598718295,
-0.0031454932760839327,
-0.014979065611096132,
4.97234428491649
],
[
-0.0017732491371518222,
0.9958714257101704,
-0.09075769411730361,
0.3405590452944868
],
[
0.0,
0.0,
0.0,
1.0
]
],
"at_element": 25,
"to_element": 13
},
{
"pose": [
[
-0.9964765613789748,
-0.018732342232489815,
0.08175305484701935,
38.02603836336607
],
[
-0.015330145533385329,
0.9989980308500412,
0.042046652609516025,
5.007790281047846
],
[
-0.0824587730945598,
0.04064521758122318,
-0.9957652921384212,
0.33753692582311995
],
[
0.0,
0.0,
0.0,
1.0
]
],
"at_element": 16,
"to_element": 25
},
{
"pose": [
[
0.0900579316925132,
0.01873234159036198,
-0.9957603468294007,
38.0267169251742
],
[
0.04217300251647527,
-0.998998030763746,
-0.014979065020977327,
4.971602499549431
],
[
-0.9950432185578735,
-0.04064521999816573,
-0.09075769550450641,
0.3360645902760501
],
[
0.0,
0.0,
0.0,
1.0
]
],
"at_element": 25,
"to_element": 16
},
{
"pose": [
[
-0.1893482003685647,
-0.9819055808675841,
-0.002947758178345805,
37.828315130969955
],
[
0.0066366398891944955,
0.0017222155596381405,
-0.9999764942160125,
3.0279760581414754
],
[
0.9818875770821051,
-0.18936331280017865,
0.006190455328544453,
2.0931737459984507
],
[
0.0,
0.0,
0.0,
1.0
]
],
"at_element": 15,
"to_element": 17
},
{
"pose": [
[
-0.007180678747936264,
0.9819055804817729,
0.18923495679041907,
37.872411577235674
],
[
0.9989009011890435,
-0.0017222181374760837,
0.04684040529717773,
3.0278987149612173
],
[
0.04631875922815576,
0.18936331477728144,
-0.9808140025306145,
2.1016778724716603
],
[
0.0,
0.0,
0.0,
1.0
]
],
"at_element": 17,
"to_element": 15
},
{
"pose": [
[
-0.9940460015615948,
-0.10892133635376741,
-0.0029477561492620916,
37.828468251224564
],
[
0.0036044403553497084,
-0.0058325823425824375,
-0.9999764942202101,
3.079919520922999
],
[
0.10890158304235423,
-0.9940332607464031,
0.0061904556167349245,
2.0928521846180845
],
[
0.0,
0.0,
0.0,
1.0
]
],
"at_element": 15,
"to_element": 18
},
{
"pose": [
[
0.23462437387828605,
0.10892133582042951,
0.9659645675620381,
37.83391418607782
],
[
0.97157852287284,
0.005832580595934944,
-0.23664563147419876,
3.080211142857651
],
[
-0.03140982448936186,
0.9940332608150924,
-0.10445716499533386,
2.1425526433874857
],
[
0.0,
0.0,
0.0,
1.0
]
],
"at_element": 18,
"to_element": 15
},
{
"pose": [
[
0.9971614877270681,
-0.07523481991493951,
-0.0029477561477858558,
37.82868613418823
],
[
-0.002473603083298165,
0.006394713622437265,
-0.9999764941864749,
3.153832640010589
],
[
0.07525190151568587,
0.9971453402137792,
0.0061904610668250815,
2.0923946178073978
],
[
0.0,
0.0,
0.0,
1.0
]
],
"at_element": 15,
"to_element": 26
},
{
"pose": [
[
0.0004851731742454568,
0.07523482005962673,
-0.9971657266761564,
37.83139715426666
],
[
0.9999795535813669,
-0.006394716776407572,
4.0694220409531745e-06,
3.153602212058638
],
[
-0.006376286238999551,
-0.9971453401826365,
-0.07523638432203716,
2.056463368986873
],
[
0.0,
0.0,
0.0,
1.0
]
],
"at_element": 26,
"to_element": 15
},
{
"pose": [
[
0.9505035410367888,
-0.24644096586776132,
0.18923495665095943,
37.866239295627125
],
[
-0.25942794401687386,
-0.9646258955202078,
0.04684040515425132,
3.0263709202218543
],
[
0.17099754483530852,
-0.09361480670279439,
-0.980814002564347,
2.133669108850867
],
[
0.0,
0.0,
0.0,
1.0
]
],
"at_element": 17,
"to_element": 18
},
{
"pose": [
[
-0.07860855081897689,
0.24644096586770925,
0.9659645677147435,
37.877280115113386
],
[
0.11617111079358922,
0.964625895520305,
-0.2366456310786938,
3.0695871945401594
],
[
-0.9901136140641256,
0.0936148067019326,
-0.10445716447920583,
2.137863152557841
],
[
0.0,
0.0,
0.0,
1.0
]
],
"at_element": 18,
"to_element": 17
},
{
"pose": [
[
-0.0817061916319104,
-0.9966521002739934,
-0.002947756510898847,
37.83393406990136
],
[
0.006410632385631387,
0.0024320410930743774,
-0.9999764942080079,
4.93410628230701
],
[
0.9966358422420027,
-0.0817231680465188,
0.006190457415616413,
2.08137364963948
],
[
0.0,
0.0,
0.0,
1.0
]
],
"at_element": 15,
"to_element": 16
},
{
"pose": [
[
-0.0010144429000393806,
0.9966521002398335,
0.08175305494677894,
37.88254087536822
],
[
0.9991126885006022,
-0.0024320416185104055,
0.0420466508852264,
4.933987671435944
],
[
0.042104709744882896,
0.08172316844747474,
-0.9957652922030396,
2.085359295336678
],
[
0.0,
0.0,
0.0,
1.0
]
],
"at_element": 16,
"to_element": 15
},
{
"pose": [
[
-0.9948444292740497,
-0.1013699771957749,
-0.0029477560479360815,
37.83403254212173
],
[
0.0035600472198754826,
-0.005859786126815925,
-0.9999764942089089,
4.9675113215483515
],
[
0.10135032119427309,
-0.9948315388194504,
0.006190457490495183,
2.0811668522880056
],
[
0.0,
0.0,
0.0,
1.0
]
],
"at_element": 15,
"to_element": 19
},
{
"pose": [
[
0.013416953963275247,
0.10136997718235807,
-0.9947583189259568,
37.83909839677019
],
[
-0.9998997611627146,
0.005859785682771457,
-0.012889163607395115,
4.967804157981004
],
[
0.004522496334278758,
0.9948315388234332,
0.10143843644845019,
2.1308824793007117
],
[
0.0,
0.0,
0.0,
1.0
]
],
"at_element": 19,
"to_element": 15
},
{
"pose": [
[
-0.991390646570603,
0.1309041505337228,
-0.002947755988154721,
37.83417492256895
],
[
0.0021119708079989086,
-0.00652308265596524,
-0.9999764942097236,
5.015811485883901
],
[
-0.13092030198417443,
-0.991373568724579,
0.006190457387358017,
2.0808678451236013
],
[
0.0,
0.0,
0.0,
1.0
]
],
"at_element": 15,
"to_element": 27
},
{
"pose": [
[
-0.0447197527468135,
-0.1309041504673859,
0.9903859081714943,
37.8294545561753
],
[
0.9989216440947094,
0.006523082072936837,
0.04596736189289513,
5.016046706367033
],
[
-0.012477687020699013,
0.9913735687371747,
0.1304712785862534,
2.116616493730827
],
[
0.0,
0.0,
0.0,
1.0
]
],
"at_element": 27,
"to_element": 15
},
{
"pose": [
[
0.9966145001459914,
0.008716428120879294,
0.0817530548638357,
37.87925974576778
],
[
0.005289061662961669,
-0.9991016489673774,
0.042046650965245305,
4.932300144146335
],
[
0.08204610853344098,
-0.041471905086230595,
-0.9957652922064708,
2.1253239789901883
],
[
0.0,
0.0,
0.0,
1.0
]
],
"at_element": 16,
"to_element": 19
},
{
"pose": [
[
0.10188184730370786,
-0.008716428125655137,
-0.9947583189251117,
37.87894549496588
],
[
-0.040370341747842826,
0.9991016489672432,
-0.012889163591869366,
4.968320460039254
],
[
0.9939770242300101,
0.041471905088455725,
0.1014384364587102,
2.126819153303348
],
[
0.0,
0.0,
0.0,
1.0
]
],
"at_element": 19,
"to_element": 16
},
{
"pose": [
[
-0.15461407539750316,
-0.9879749428446934,
0.0,
35.61260418564809
],
[
0.0,
0.0,
-1.0,
3.103613685962595
],
[
0.9879749428446934,
-0.1546140753975031,
0.0,
0.07207447082321722
],
[
0.0,
0.0,
0.0,
1.0
]
],
"at_element": 20,
"to_element": 23
},
{
"pose": [
[
-1.46909348908153e-07,
0.9879749428446936,
0.15461407539743227,
35.73242998202545
],
[
0.9999999999995486,
0.0,
9.501680142687263e-07,
3.103613685962595
],
[
9.387421895795667e-07,
0.15461407539750205,
-0.9879749428442475,
0.09082672243631079
],
[
0.0,
0.0,
0.0,
1.0
]
],
"at_element": 23,
"to_element": 20
},
{
"pose": [
[
0.987974942844675,
2.4212886776650746e-07,
0.15461407539743116,
35.77353345720202
],
[
9.639635334878778e-08,
-0.9999999999995439,
9.500537754962631e-07,
3.103613938560602
],
[
0.1546140753975907,
-9.237250915005813e-07,
-0.9879749428442477,
-0.17182209161173326
],
[
0.0,
0.0,
0.0,
1.0
]
],
"at_element": 23,
"to_element": 24
},
{
"pose": [
[
0.24284193806971388,
-2.4228372500587024e-07,
0.9700658705028679,
35.773533445096106
],
[
9.545965108461645e-07,
0.9999999999995444,
1.079066747484306e-08,
3.153613588917349
],
[
-0.9700658705024284,
9.234010686703282e-07,
0.24284193806983445,
-0.1718220454315135
],
[
0.0,
0.0,
0.0,
1.0
]
],
"at_element": 24,
"to_element": 23
},
{
"pose": [
[
-0.9958720761583755,
0.09076787938476308,
4.4659879960828874e-11,
35.61260418564809
],
[
4.4659879960828874e-11,
9.820149138306533e-10,
-0.9999999999999999,
4.935227613609205
],
[
-0.09076787938476308,
-0.9958720761583754,
-9.820149138306533e-10,
0.07207447082321722
],
[
0.0,
0.0,
0.0,
1.0
]
],
"at_element": 20,
"to_element": 25
},
{
"pose": [
[
0.01491723172423931,
-0.09076787918715812,
-0.9957603468232459,
35.608630685991855
],
[
-0.9998878075272427,
-1.7387324913187285e-09,
-0.014979064001583609,
4.935227613523226
],
[
0.0013596161402716356,
0.995872076176386,
-0.09075769574028225,
0.11567026018322094
],
[
0.0,
0.0,
0.0,
1.0
]
],
"at_element": 25,
"to_element": 20
},
{
"pose": [
[
-0.9998699501230925,
-0.015531244027555778,
-0.004343190048898296,
36.099045047322036
],
[
-0.015554248401390856,
0.999864904206493,
0.005314009108811118,
4.986906228551602
],
[
0.004260070129958688,
0.005380873079455645,
-0.999976448726364,
0.1606697057702833
],
[
0.0,
0.0,
0.0,
1.0
]
],
"at_element": 22,
"to_element": 25
},
{
"pose": [
[
0.09066483407387405,
0.015531243685933064,
-0.9957603468364891,
36.09973303522674
],
[
0.00676763934141405,
-0.999864904214975,
-0.014979064621121141,
4.942615187916214
],
[
-0.9958584673135542,
-0.005380872489414938,
-0.09075769549273072,
0.16043134914390067
],
[
0.0,
0.0,
0.0,
1.0
]
],
"at_element": 25,
"to_element": 22
},
{
"pose": [
[
0.9408995678232481,
-0.07521690760562197,
-0.3302278305659173,
35.411982166725636
],
[
-0.32946457715154165,
0.022698816274148714,
-0.9438950450882281,
3.154429946338534
],
[
0.07849264725043206,
0.9969088125550899,
-0.0034240002364869238,
1.9100425270455956
],
[
0.0,
0.0,
0.0,
1.0
]
],
"at_element": 21,
"to_element": 26
},
{
"pose": [
[
0.0017118336207812002,
0.07521690754725596,
-0.9971657266696856,
35.414692342792684
],
[
0.999742348669959,
-0.02269881625359993,
4.069334599343666e-06,
3.153612074524076
],
[
-0.022634175521298372,
-0.9969088125599617,
-0.07523638440779967,
1.874122432867784
],
[
0.0,
0.0,
0.0,
1.0
]
],
"at_element": 26,
"to_element": 21
},
{
"pose": [
[
0.987974942836762,
-3.961615943821042e-06,
0.1546140753974311,
35.45290029277628
],
[
-4.158533382703342e-06,
-0.9999999999909017,
9.501776400270926e-07,
3.1036119681360077
],
[
0.1546140753922602,
-1.5817194935665652e-06,
-0.9879749428442477,
1.8770051673763137
],
[
0.0,
0.0,
0.0,
1.0
]
],
"at_element": 23,
"to_element": 26
},
{
"pose": [
[
-0.07523638436030544,
3.96161452010678e-06,
-0.997165726673703,
35.45290049085684
],
[
-1.2791891393158745e-06,
0.9999999999909018,
4.069389848928958e-06,
3.1536119185983136
],
[
0.997165726680752,
1.5817297464449673e-06,
-0.07523638435455315,
1.8770052464626914
],
[
0.0,
0.0,
0.0,
1.0
]
],
"at_element": 26,
"to_element": 23
},
{
"pose": [
[
0.9345636946463758,
-0.1324397242997378,
-0.33022783055994104,
36.034754768738786
],
[
-0.3274678722983303,
0.04274267734423376,
-0.9438950450902109,
4.934509996712201
],
[
0.13912402115134598,
0.9902690457450724,
-0.003424000266307514,
1.9164998070126364
],
[
0.0,
0.0,
0.0,
1.0
]
],
"at_element": 21,
"to_element": 27
},
{
"pose": [
[
0.03994336380437957,
0.13243972430006618,
0.9903859081768648,
36.03952724577697
],
[
-0.9980280883707524,
-0.04274267734346604,
0.045967361861804445,
4.932969760599116
],
[
0.0484196500504982,
-0.9902690457450616,
0.13047127855644125,
1.8808153754160524
],
[
0.0,
0.0,
0.0,
1.0
]
],
"at_element": 27,
"to_element": 21
},
{
"pose": [
[
-0.9988813204459697,
-0.04708762432244285,
-0.004343190046963527,
36.106556611792875
],
[
-0.0471104579425474,
0.9988755508338466,
0.005314009674726579,
4.977715626998029
],
[
0.0040880822593274205,
0.00551267467279751,
-0.9999764487233649,
1.890132949687644
],
[
0.0,
0.0,
0.0,
1.0
]
],
"at_element": 22,
