{
"contact_id_pairs": [
[
0,
14
],
[
0,
15
],
[
0,
31
],
[
0,
32
],
[
1,
16
],
[
15,
16
],
[
1,
32
],
[
32,
33
],
[
13,
27
],
[
22,
27
],
[
2,
40
],
[
29,
30
],
[
3,
14
],
[
13,
14
],
[
3,
30
],
[
3,
31
],
[
4,
25
],
[
25,
26
],
[
4,
42
],
[
39,
42
],
[
5,
26
],
[
26,
27
],
[
5,
39
],
[
39,
40
],
[
6,
24
],
[
6,
25
],
[
6,
41
],
[
41,
42
],
[
7,
22
],
[
17,
22
],
[
7,
29
],
[
7,
34
],
[
28,
34
],
[
8,
16
],
[
8,
17
],
[
16,
18
],
[
17,
18
],
[
8,
28
],
[
8,
35
],
[
28,
35
],
[
33,
35
],
[
9,
19
],
[
18,
19
],
[
9,
35
],
[
35,
36
],
[
10,
19
],
[
19,
20
],
[
10,
37
],
[
36,
37
],
[
11,
21
],
[
20,
21
],
[
11,
37
],
[
37,
38
],
[
12,
21
],
[
21,
24
],
[
12,
38
],
[
12,
41
],
[
34,
38
],
[
7,
17
],
[
7,
22
],
[
17,
22
],
[
17,
23
],
[
22,
23
],
[
7,
17
],
[
7,
22
],
[
17,
22
],
[
17,
23
],
[
22,
23
],
[
2,
13
],
[
2,
22
],
[
2,
27
],
[
13,
22
],
[
13,
27
],
[
22,
27
],
[
12,
21
],
[
12,
23
],
[
12,
24
],
[
21,
23
],
[
21,
24
],
[
23,
24
],
[
7,
29
],
[
7,
34
],
[
28,
29
],
[
28,
34
],
[
29,
34
],
[
2,
29
],
[
2,
30
],
[
2,
40
],
[
29,
30
],
[
29,
40
],
[
30,
40
],
[
12,
34
],
[
12,
38
],
[
12,
41
],
[
34,
38
],
[
34,
41
]
],
"contact_t_bound_pairs": [
[
[
0.6,
0.9
],
[
0.6,
0.9
]
],
[
[
0.6,
0.9
],
[
0.1,
0.4
]
],
[
[
0.1,
0.4
],
[
0.6,
0.9
]
],
[
[
0.1,
0.4
],
[
0.1,
0.4
]
],
[
[
0.6,
0.9
],
[
0.1,
0.4
]
],
[
[
0.6,
0.9
],
[
0.1,
0.4
]
],
[
[
0.1,
0.4
],
[
0.6,
0.9
]
],
[
[
0.6,
0.9
],
[
0.1,
0.4
]
],
[
[
0.1,
0.4
],
[
0.6,
0.9
]
],
[
[
0.1,
0.4
],
[
0.6,
0.9
]
],
[
[
0.1,
0.4
],
[
0.6,
0.9
]
],
[
[
0.6,
0.9
],
[
0.1,
0.4
]
],
[
[
0.6,
0.9
],
[
0.1,
0.4
]
],
[
[
0.6,
0.9
],
[
0.1,
0.4
]
],
[
[
0.1,
0.4
],
[
0.6,
0.9
]
],
[
[
0.1,
0.4
],
[
0.1,
0.4
]
],
[
[
0.6,
0.9
],
[
0.6,
0.9
]
],
[
[
0.6,
0.9
],
[
0.1,
0.4
]
],
[
[
0.1,
0.4
],
[
0.6,
0.9
]
],
[
[
0.1,
0.4
],
[
0.6,
0.9
]
],
[
[
0.6,
0.9
],
[
0.6,
0.9
]
],
[
[
0.6,
0.9
],
[
0.1,
0.4
]
],
[
[
0.1,
0.4
],
[
0.6,
0.9
]
],
[
[
0.6,
0.9
],
[
0.1,
0.4
]
],
[
[
0.6,
0.9
],
[
0.6,
0.9
]
],
[
[
0.6,
0.9
],
[
0.1,
0.4
]
],
[
[
0.1,
0.4
],
[
0.6,
0.9
]
],
[
[
0.6,
0.9
],
[
0.1,
0.4
]
],
[
[
0.6,
0.9
],
[
0.6,
0.9
]
],
[
[
0.1,
0.4
],
[
0.6,
0.9
]
],
[
[
0.1,
0.4
],
[
0.1,
0.4
]
],
[
[
0.1,
0.4
],
[
0.6,
0.9
]
],
[
[
0.6,
0.9
],
[
0.6,
0.9
]
],
[
[
0.6,
0.9
],
[
0.6,
0.9
]
],
[
[
0.6,
0.9
],
[
0.6,
0.9
]
],
[
[
0.6,
0.9
],
[
0.1,
0.4
]
],
[
[
0.6,
0.9
],
[
0.1,
0.4
]
],
[
[
0.1,
0.4
],
[
0.1,
0.4
]
],
[
[
0.1,
0.4
],
[
0.1,
0.4
]
],
[
[
0.1,
0.4
],
[
0.1,
0.4
]
],
[
[
0.6,
0.9
],
[
0.1,
0.4
]
],
[
[
0.6,
0.9
],
[
0.1,
0.4
]
],
[
[
0.6,
0.9
],
[
0.1,
0.4
]
],
[
[
0.1,
0.4
],
[
0.6,
0.9
]
],
[
[
0.6,
0.9
],
[
0.1,
0.4
]
],
[
[
0.6,
0.9
],
[
0.6,
0.9
]
],
[
[
0.6,
0.9
],
[
0.1,
0.4
]
],
[
[
0.1,
0.4
],
[
0.1,
0.4
]
],
[
[
0.6,
0.9
],
[
0.1,
0.4
]
],
[
[
0.6,
0.9
],
[
0.1,
0.4
]
],
[
[
0.6,
0.9
],
[
0.1,
0.4
]
],
[
[
0.1,
0.4
],
[
0.6,
0.9
]
],
[
[
0.6,
0.9
],
[
0.1,
0.4
]
],
[
[
0.6,
0.9
],
[
0.6,
0.9
]
],
[
[
0.6,
0.9
],
[
0.1,
0.4
]
],
[
[
0.1,
0.4
],
[
0.6,
0.9
]
],
[
[
0.1,
0.4
],
[
0.1,
0.4
]
],
[
[
0.1,
0.4
],
[
0.6,
0.9
]
],
[
[
0.6,
0.9
],
[
0.1,
0.4
]
],
[
[
0.6,
0.9
],
[
0.6,
0.9
]
],
[
[
0.1,
0.4
],
[
0.6,
0.9
]
],
[
[
0.1,
0.4
],
[
0.1,
0.4
]
],
[
[
0.6,
0.9
],
[
0.1,
0.4
]
],
[
[
0.6,
0.9
],
[
0.1,
0.4
]
],
[
[
0.6,
0.9
],
[
0.6,
0.9
]
],
[
[
0.1,
0.4
],
[
0.6,
0.9
]
],
[
[
0.1,
0.4
],
[
0.1,
0.4
]
],
[
[
0.6,
0.9
],
[
0.1,
0.4
]
],
[
[
0.6,
0.9
],
[
0.1,
0.4
]
],
[
[
0.6,
0.9
],
[
0.1,
0.4
]
],
[
[
0.6,
0.9
],
[
0.6,
0.9
]
],
[
[
0.1,
0.4
],
[
0.1,
0.4
]
],
[
[
0.1,
0.4
],
[
0.6,
0.9
]
],
[
[
0.1,
0.4
],
[
0.6,
0.9
]
],
[
[
0.6,
0.9
],
[
0.6,
0.9
]
],
[
[
0.6,
0.9
],
[
0.6,
0.9
]
],
[
[
0.6,
0.9
],
[
0.1,
0.4
]
],
[
[
0.6,
0.9
],
[
0.6,
0.9
]
],
[
[
0.6,
0.9
],
[
0.1,
0.4
]
],
[
[
0.6,
0.9
],
[
0.1,
0.4
]
],
[
[
0.1,
0.4
],
[
0.1,
0.4
]
],
[
[
0.1,
0.4
],
[
0.6,
0.9
]
],
[
[
0.6,
0.9
],
[
0.1,
0.4
]
],
[
[
0.6,
0.9
],
[
0.6,
0.9
]
],
[
[
0.1,
0.4
],
[
0.6,
0.9
]
],
[
[
0.1,
0.4
],
[
0.6,
0.9
]
],
[
[
0.1,
0.4
],
[
0.1,
0.4
]
],
[
[
0.1,
0.4
],
[
0.6,
0.9
]
],
[
[
0.6,
0.9
],
[
0.1,
0.4
]
],
[
[
0.6,
0.9
],
[
0.6,
0.9
]
],
[
[
0.1,
0.4
],
[
0.6,
0.9
]
],
[
[
0.1,
0.4
],
[
0.1,
0.4
]
],
[
[
0.1,
0.4
],
[
0.6,
0.9
]
],
[
[
0.1,
0.4
],
[
0.1,
0.4
]
],
[
[
0.1,
0.4
],
[
0.6,
0.9
]
],
[
[
0.1,
0.4
],
[
0.1,
0.4
]
]
],
"line_pt_pairs": [
[
[
22.045189342250403,
-19.894483927082454,
0.8896904460517671
],
[
21.753977479178143,
-20.162377314338894,
0.1
]
],
[
[
22.4994201241938,
-19.907677162115284,
0.9607517112143359
],
[
22.353977479178145,
-20.162377314338894,
0.0
]
],
[
[
21.980531474618296,
-18.842049568826763,
0.7572747305250034
],
[
21.753977479178143,
-19.123146829797566,
0.0
]
],
[
[
21.751225534881453,
-19.369561110032826,
0.8042737557770513
],
[
21.453977479178143,
-19.64276207206823,
0.0
]
],
[
[
22.046621515041668,
-18.368959479228888,
0.6690758852175622
],
[
21.753977479178133,
-18.08391634525623,
0.1
]
],
[
[
21.728009166685144,
-18.899873221520064,
0.7520585290842374
],
[
21.453977479178135,
-18.603531587526888,
0.0
]
],
[
[
22.236444772339876,
-18.34643702811949,
0.8310919383242352
],
[
22.353977479178134,
-18.083916345256224,
0.0
]
],
[
[
22.374821244488505,
-19.296030380888514,
0.8468221526525677
],
[
22.353977479178145,
-19.123146829797566,
0.1
]
],
[
[
22.44052651565923,
-19.356841303442977,
0.7976119986972973
],
[
22.653977479178145,
-19.64276207206823,
0.0
]
],
[
[
23.01119688893649,
-19.351050277316375,
0.9143075064832594
],
[
23.253977479178147,
-19.64276207206823,
0.0
]
],
[
[
23.4062111997286,
-19.32273388142797,
0.9406942943110297
],
[
23.553977479178144,
-19.123146829797562,
0.1
]
],
[
[
23.016216432398465,
-18.902586176081652,
0.6914985757325255
],
[
23.253977479178147,
-18.603531587526902,
0.0
]
],
[
[
22.434340761353038,
-18.872595434045895,
0.642057178934152
],
[
22.653977479178145,
-18.603531587526902,
0.0
]
],
[
[
21.912795544226498,
-18.917284171967403,
0.1834819858038682
],
[
21.56142019580266,
-19.676407736643494,
0.1919091216509994
]
],
[
[
21.5254747209851,
-19.45212649415819,
0.221901137960525
],
[
21.888419962738475,
-20.187320279302554,
0.2479505777271874
]
],
[
[
21.772044702037473,
-20.005377298760163,
0.3914430747752214
],
[
22.57324810940769,
-20.21026216423217,
0.2958396084577657
]
],
[
[
22.299059312518676,
-20.24281120013044,
0.2995280755389478
],
[
22.59222604405994,
-19.47009220181819,
0.203280476634026
]
],
[
[
22.336506719957587,
-19.002170699731476,
0.25910154108632094
],
[
22.642105940224024,
-19.795817727562333,
0.24125209464752195
]
],
[
[
22.392967175530043,
-19.801245068361652,
0.27547977589703626
],
[
23.17254403271373,
-19.498745029796247,
0.2882638071730377
]
],
[
[
22.959276326672818,
-19.645456889851133,
0.299299929532162
],
[
23.600059693693222,
-19.16391133286453,
0.3982115419233931
]
],
[
[
23.504807343778698,
-19.355671013868562,
0.3542353635854393
],
[
23.06751620847056,
-18.644891948977563,
0.22155914237153645
]
],
[
[
23.25520527622399,
-18.755868471258243,
0.2336423023806148
],
[
22.470859605110707,
-18.556242467018876,
0.0389496019907242
]
],
[
[
21.726239522154305,
-19.00920052816106,
0.13281608952338267
],
[
22.53317300787198,
-19.236478590434817,
0.23288668944215005
]
],
[
[
22.27620212579095,
-19.250605898984787,
0.26012187628616035
],
[
22.64586518730642,
-18.505302023489712,
0.09091527037922928
]
],
[
[
22.661875889102767,
-18.757320542782367,
0.03339228936637885
],
[
22.23528624668085,
-18.103330155705837,
0.2792492658248666
]
],
[
[
22.616306680571295,
-18.207678399840635,
0.29149636771340093
],
[
21.773962996562762,
-18.229191926811104,
0.30649935051298344
]
],
[
[
21.941456898649633,
-18.151225466797218,
0.27040235785263683
],
[
21.489826340319695,
-18.870446301514473,
0.25024153972810853
]
],
[
[
21.48310765008673,
-18.76071918821667,
0.2997424065213173
],
[
22.053618623261098,
-19.1492365192858,
0.1823638214411032
]
],
[
[
22.420178244249843,
-19.71771579819286,
0.7496036776143182
],
[
22.45706917964118,
-18.90711018923054,
0.5732672451525381
]
],
[
[
22.514955328141845,
-19.278261957917643,
0.6135594439704867
],
[
21.77968831067823,
-18.877405037203705,
0.5622870708027198
]
],
[
[
21.99275825443881,
-18.863961613673858,
0.5075654003515166
],
[
21.60361496936501,
-19.504598316959562,
0.693488253391875
]
],
[
[
21.646587590807165,
-19.347744556124894,
0.7318911381278242
],
[
22.017062378978643,
-20.049048160574742,
0.5905727851560112
]
],
[
[
21.867450530850935,
-19.98561089794946,
0.7792211472068683
],
[
22.645404750777754,
-19.917904014110793,
0.7039429249772596
]
],
[
[
22.554491882816485,
-20.111270048893044,
0.6677979352181749
],
[
22.560311199436097,
-19.348186211793692,
0.7030266706993571
]
],
[
[
22.43479502793596,
-18.604879339300805,
0.5092239301443657
],
[
22.398548841780148,
-19.401333245833847,
0.682501206725209
]
],
[
[
22.355148261906894,
-19.458879261143796,
0.6494167042831069
],
[
23.150832757702947,
-19.373721631599572,
0.7015223661657133
]
],
[
[
22.965060170164037,
-19.4543887628345,
0.6593573847572367
],
[
23.43684028219358,
-18.94779855680751,
0.642868878378383
]
],
[
[
23.545915660597267,
-19.282269082219404,
0.6422304498807232
],
[
22.95594990708133,
-18.694125158090387,
0.5562985174718914
]
],
[
[
23.08811015521765,
-18.736685972290644,
0.6098122848321583
],
[
22.354402877122048,
-18.892082949789188,
0.5231506002280757
]
],
[
[
21.990786270926193,
-18.283196094119468,
0.6093159175309449
],
[
21.642228053611806,
-18.897251754484603,
0.5143980097575321
]
],
[
[
21.68452379123983,
-18.43229836930633,
0.6384485314960713
],
[
21.919012436911412,
-19.060496361657126,
0.5002533139983081
]
],
[
[
22.471340614106047,
-18.903208870019213,
0.5004579295360637
],
[
22.219994837593628,
-18.185471675410884,
0.5190393414555116
]
],
[
[
22.467930319164353,
-18.254107444576736,
0.5471320749785882
],
[
21.86892172987704,
-18.382158084267864,
0.5615434545069944
]
]
],
"contact_t_pairs": [
[
0.7971399786444249,
0.8731983271762229
],
[
0.6283973234662545,
0.12092362222657074
],
[
0.3377554837321952,
0.8836177297299365
],
[
0.16901230059782396,
0.17030831432317176
],
[
0.7115835547851305,
0.21590691876538456
],
[
0.7065639979621469,
0.11659814923690362
],
[
0.23971502792954616,
0.7625708502799694
],
[
0.889617480797416,
0.24580840808281992
],
[
0.13792032226804493,
0.6783046219248497
],
[
0.3460850612764155,
0.8989322509987926
],
[
0.32545523792189857,
0.8206136787946486
],
[
0.7936877918437268,
0.16367561065261446
],
[
0.7005532272226856,
0.12907662868340075
],
[
0.896320538883226,
0.1968900609017918
],
[
0.1811796451825119,
0.8360567339281001
],
[
0.12851383902895602,
0.1061768352714889
],
[
0.6113612771528499,
0.8880792627152424
],
[
0.855081700296345,
0.10207538862743722
],
[
0.16248887890438335,
0.7726153195345935
],
[
0.14857040813361197,
0.8868381312458603
],
[
0.6399357336515321,
0.8004392446176368
],
[
0.8968615483056708,
0.10155922123208759
],
[
0.2809232984563585,
0.8914785516710587
],
[
0.6262299043487586,
0.3856781463117157
],
[
0.6882138162525464,
0.8794541784415912
],
[
0.6297769702836452,
0.3622707172090812
],
[
0.36786347808657177,
0.8944090511863542
],
[
0.8433629020896911,
0.3465298129746711
],
[
0.8424628247071629,
0.7712697465719025
],
[
0.258881713954979,
0.8607593920316762
],
[
0.3335959476881878,
0.17751498288779505
],
[
0.261349176361228,
0.8135058912202066
],
[
0.7727428631948976,
0.6083576291377144
],
[
0.7169256210468723,
0.895046087998476
],
[
0.6855716186066199,
0.7099512408634425
],
[
0.6049478093640442,
0.10357929797166504
],
[
0.8990875861906759,
0.279715478986042
],
[
0.13636710939352018,
0.39658478108151546
],
[
0.1912206358341018,
0.16206220268609542
],
[
0.33954105095493986,
0.10139786478400294
],
[
0.8817722292345469,
0.25971475073433714
],
[
0.6263177888405338,
0.28927406626964747
],
[
0.895776914273949,
0.21285252295299417
],
[
0.22630946522530956,
0.8899456829234466
],
[
0.836901115914094,
0.12449353290946628
],
[
0.6555988346456997,
0.8827678400782586
],
[
0.7663193397012351,
0.10836291667433912
],
[
0.3775240213970273,
0.10216191872594431
],
[
0.7699856039206994,
0.36525657152021085
],
[
0.6699621752439511,
0.10718422852736391
],
[
0.8933772076689452,
0.1692266141235537
],
[
0.19385800612766793,
0.784197857916776
],
[
0.8986157454865001,
0.1045929292376502
],
[
0.8989203191378435,
0.7891113845071261
],
[
0.8720789950314596,
0.24021692272414416
],
[
0.14581583018406155,
0.8360212580393216
],
[
0.19425537246123253,
0.10088011913971223
],
[
0.3310833909758132,
0.8989485745707981
],
[
0.7940275875981753,
0.18106891068200193
],
[
0.8424628247071629,
0.7712697465719025
],
[
0.258881713954979,
0.8607593920316762
],
[
0.10184566884606551,
0.22087141084804968
],
[
0.7349596549799808,
0.11162346177705976
],
[
0.7940275875981753,
0.18106891068200193
],
[
0.8424628247071629,
0.7712697465719025
],
[
0.258881713954979,
0.8607593920316762
],
[
0.10184566884606551,
0.22087141084804968
],
[
0.7349596549799808,
0.11162346177705976
],
[
0.7500635139277902,
0.1984827605008382
],
[
0.7911512923428988,
0.1061342166450563
],
[
0.6815086490386223,
0.6295302644786774
],
[
0.167082022768989,
0.16317360844563059
],
[
0.13792032226804493,
0.6783046219248497
],
[
0.3460850612764155,
0.8989322509987926
],
[
0.8989203191378435,
0.7891113845071261
],
[
0.802706218715423,
0.8170743215632678
],
[
0.8629114106001808,
0.15832476934409637
],
[
0.8180602412067742,
0.8970848640100872
],
[
0.8720789950314596,
0.24021692272414416
],
[
0.8453674243861111,
0.21076034981564057
],
[
0.3335959476881878,
0.17751498288779505
],
[
0.261349176361228,
0.8135058912202066
],
[
0.6014239055607103,
0.10100679973857368
],
[
0.7062903567828849,
0.6759905512886029
],
[
0.14882121904342885,
0.7610627126753696
],
[
0.26633738114660843,
0.831230785981638
],
[
0.2962370416569568,
0.12558692528515777
],
[
0.32545523792189857,
0.8206136787946486
],
[
0.7936877918437268,
0.16367561065261446
],
[
0.8990462155674528,
0.7564662393826755
],
[
0.20818414587768808,
0.8981399307116084
],
[
0.10676275807682961,
0.3014226770493589
],
[
0.14581583018406155,
0.8360212580393216
],
[
0.19425537246123253,
0.10088011913971223
],
[
0.3310833909758132,
0.8989485745707981
],
[
0.15003762482848262,
0.2411620584978494
]
],
"half_couplers": [
{
"pose": [
[
0.47688558738437525,
-0.8147895464693948,
-0.32969399677467187,
21.81305272393998
],
[
-0.8707975297107373,
-0.38694230545530606,
-0.3032941056113856,
-20.108032456079034
],
[
0.11954831155117586,
0.43173330565654844,
-0.8940439329205989,
0.2601966207503551
],
[
0.0,
0.0,
0.0,
1.0
]
],
"at_element": 0,
"to_element": 14
},
{
"pose": [
[
-0.37464605544418905,
0.8147895464696646,
0.44244584765128936,
21.842397898940717
],
[
-0.2168925654076353,
0.3869423054558099,
-0.8962328198182867,
-20.094096477496606
],
[
-0.9014421491205102,
-0.4317333056555877,
0.03175538657762944,
0.24464746518865238
],
[
0.0,
0.0,
0.0,
1.0
]
],
"at_element": 14,
"to_element": 0
},
{
"pose": [
[
0.9253735349934953,
-0.18704461827098928,
-0.3296939967750434,
21.862192586934174
],
[
-0.291436766958017,
-0.9072360753232682,
-0.3032941056088823,
-20.06282741460871
],
[
-0.24238075748437812,
0.3767452911555675,
-0.8940439329213112,
0.393451083385964
],
[
0.0,
0.0,
0.0,
1.0
]
],
"at_element": 0,
"to_element": 15
},
{
"pose": [
[
-0.1969077287172094,
0.1870446182729759,
0.9624144934208684,
21.868929120196952
],
[
-0.34110493336987124,
0.9072360753247657,
-0.24610999179239304,
-20.03015271883244
],
[
-0.9191706973147945,
-0.3767452911509749,
-0.11483995294931826,
0.37988235733069875
],
[
0.0,
0.0,
0.0,
1.0
]
],
"at_element": 15,
"to_element": 0
},
{
"pose": [
[
0.569652128120604,
-0.7528600941855833,
-0.3296939967766195,
21.946830938569878
],
[
-0.8190849366727156,
-0.4869420417410373,
-0.3032941056151987,
-19.98496638768391
],
[
0.06779616097922067,
0.4428195191812851,
-0.8940439329185872,
0.6229681674468595
],
[
0.0,
0.0,
0.0,
1.0
]
],
"at_element": 0,
"to_element": 31
},
{
"pose": [
[
-0.47088861832037043,
0.7528600941847348,
0.4598538764873954,
21.973945682053426
],
[
-0.07157143764476098,
0.4869420417401137,
-0.870496971447593,
-19.967428854940287
],
[
-0.8792846174304396,
-0.44281951918374335,
-0.17541218595093055,
0.6070197359056969
],
[
0.0,
0.0,
0.0,
1.0
]
],
"at_element": 31,
"to_element": 0
},
{
"pose": [
[
-0.9376252771014235,
-0.11027560124899782,
-0.3296939967752685,
21.995970955311183
],
[
-0.005423639192103341,
0.9528815611808081,
-0.3032941056129178,
-19.93976120477761
],
[
0.34760527021089976,
-0.2825880785362289,
-0.8940439329198591,
0.7562230470044362
],
[
0.0,
0.0,
0.0,
1.0
]
],
"at_element": 0,
"to_element": 32
},
{
"pose": [
[
0.06704533505780597,
0.1102756012512667,
0.9916371386831263,
21.999942602667268
],
[
0.29080634080972034,
-0.9528815611811026,
0.08630412797731758,
-19.97407985269482
],
[
0.954429984436704,
0.2825880785343502,
-0.09595510762026493,
0.7664006400736986
],
[
0.0,
0.0,
0.0,
1.0
]
],
"at_element": 32,
"to_element": 0
},
{
"pose": [
[
0.33205652233536,
0.9320810225207828,
-0.1447875458427218,
22.39592552983621
],
[
0.8981020283025557,
-0.35933779979470826,
-0.253552938057387,
-20.088917601838872
],
[
-0.2883595199284772,
-0.04584008175504889,
-0.9564243170117059,
0.27709659328254166
],
[
0.0,
0.0,
0.0,
1.0
]
],
"at_element": 1,
"to_element": 16
},
{
"pose": [
[
-0.08413799014450629,
-0.9320810225215483,
0.35234325035344116,
22.362356038210265
],
[
-0.09166744271520993,
0.35933779979179037,
0.9286944737570311,
-20.075975822133366
],
[
-0.9922287430630583,
0.045840081762361595,
-0.11567544399535867,
0.2787475530208195
],
[
0.0,
0.0,
0.0,
1.0
]
],
"at_element": 16,
"to_element": 1
},
{
"pose": [
[
0.23498215218412288,
0.13616802491339958,
0.9624144934206371,
22.338146184729865
],
[
0.9666074074925426,
0.07141422631384664,
-0.2461099917933855,
-20.15014156843
],
[
-0.1022423979348257,
0.9881084339641972,
-0.1148399529491293,
0.32389310739492044
],
[
0.0,
0.0,
0.0,
1.0
]
],
"at_element": 15,
"to_element": 16
},
{
"pose": [
[
0.9259117144330707,
-0.1361680249133017,
0.3523432503494599,
22.333242010834223
],
[
-0.3639046340608535,
-0.07141422631392547,
0.9286944737581999,
-20.15271359504704
],
[
-0.1012961716189118,
-0.9881084339642052,
-0.11567544399810226,
0.2883057836381381
],
[
0.0,
0.0,
0.0,
1.0
]
],
"at_element": 16,
"to_element": 15
},
{
"pose": [
[
0.9836423944080231,
0.10716439004755188,
-0.14478754583522419,
22.464555336481727
],
[
0.06780526108619661,
-0.9649421506856477,
-0.25355293806065415,
-19.968732616219228
],
[
-0.1668834518227727,
0.239588061755784,
-0.9564243170119753,
0.7304450879272322
],
[
0.0,
0.0,
0.0,
1.0
]
],
"at_element": 1,
"to_element": 32
},
{
"pose": [
[
-0.07191368917329033,
-0.10716439004735492,
0.9916371386829288,
22.46069574181942
],
[
-0.24786739059461418,
0.9649421506875608,
0.08630412797938206,
-19.9339796019708
],
[
-0.9661212025358437,
-0.2395880617481659,
-0.095955107620453,
0.7218161692736711
],
[
0.0,
0.0,
0.0,
1.0
]
],
"at_element": 32,
"to_element": 1
},
{
"pose": [
[
-0.08129901126680417,
0.10023101291792869,
0.9916371386835439,
22.55953220415795
],
[
0.9951761627532549,
-0.04664764277634248,
0.08630412800740173,
-19.925377670516262
],
[
0.054907885178244686,
0.993870082793952,
-0.09595510758889247,
0.7122523247880559
],
[
0.0,
0.0,
0.0,
1.0
]
],
"at_element": 32,
"to_element": 33
},
{
"pose": [
[
0.9949350302651858,
-0.10023101288962546,
0.007617716608906859,
22.555922319770882
],
[
-0.0029487858793004196,
0.04664764279480371,
0.9989070537760391,
-19.923697625661923
],
[
-0.10047681430584829,
-0.9938700827959398,
0.04611581410037069,
0.676457454605575
],
[
0.0,
0.0,
0.0,
1.0
]
],
"at_element": 33,
"to_element": 32
},
{
"pose": [
[
-0.8933340860942467,
-0.15977115005487205,
-0.4200326061537366,
21.864333742934836
],
[
0.4154006764382612,
0.063017052765163,
-0.9074531002070727,
-19.021982738648795
],
[
0.171454042346022,
-0.9851406146692645,
0.010073762567793132,
0.18464425909570112
],
[
0.0,
0.0,
0.0,
1.0
]
],
"at_element": 13,
"to_element": 27
},
{
"pose": [
[
0.5572271202728125,
0.1597711500547354,
0.8148442280845192,
21.87008788004975
],
[
0.8295215243894033,
-0.06301705276518232,
-0.5549080028576548,
-19.02425228957877
],
[
-0.03730920807453758,
0.9851406146692855,
-0.16764841878727466,
0.22012396974640885
],
[
0.0,
0.0,
0.0,
1.0
]
],
"at_element": 27,
"to_element": 13
},
{
"pose": [
[
-0.1273780415387462,
0.2651238643365527,
0.9557636585961021,
22.0055071470049
],
[
-0.7420308929483459,
0.6139406349463921,
-0.26919704803712324,
-19.08785807026986
],
[
-0.6581527090607723,
-0.7434959538026242,
0.11852754209504268,
0.16744902922823696
],
[
0.0,
0.0,
0.0,
1.0
]
],
"at_element": 22,
"to_element": 27
},
{
"pose": [
[
0.515498031535135,
-0.2651238643365369,
0.8148442280845233,
21.995958363421877
],
[
0.5613857899213766,
-0.6139406349466985,
-0.554908002857768,
-19.109969947186688
],
[
0.6473853368417862,
0.7434959538023769,
-0.16764841878687942,
0.19422701081610713
],
[
0.0,
0.0,
0.0,
1.0
]
],
"at_element": 27,
"to_element": 22
},
{
"pose": [
[
-0.4900672932048329,
0.8287984279734335,
-0.2700503914451043,
21.906798290130165
],
[
0.8548096551312356,
0.3962720925083073,
-0.3350654894099149,
-18.93353414477521
],
[
-0.17068831719044752,
-0.3950463194207142,
-0.9026648901374423,
0.5108157029297468
],
[
0.0,
0.0,
0.0,
1.0
]
],
"at_element": 2,
"to_element": 40
},
{
"pose": [
[
0.4424741503842654,
-0.8287984279702147,
0.3425051708161836,
21.87694838139996
],
[
-0.031991243621721066,
-0.3962720925103116,
-0.9175756039853253,
-18.947806234820728
],
[
0.8962104588617889,
0.39504631942545626,
-0.20185444987698964,
0.5250436456734052
],
[
0.0,
0.0,
0.0,
1.0
]
],
"at_element": 40,
"to_element": 2
},
{
"pose": [
[
-0.4773487931673559,
0.06435851515190749,
-0.8763538732664506,
21.93138287263563
],
[
-0.8445250969857984,
0.2418842688020535,
0.47777542953486385,
-18.96010671367092
],
[
0.24272513306783144,
0.9681683645077118,
-0.061110782548301934,
0.5728651873283742
],
[
0.0,
0.0,
0.0,
1.0
]
],
"at_element": 29,
"to_element": 30
},
{
"pose": [
[
-0.8613672204009539,
-0.06435851515011792,
-0.50388936597869,
21.929064989622994
],
[
0.50334377515925,
-0.2418842688056404,
-0.8295402609354142,
-18.96881821729062
],
[
-0.06849493139764867,
-0.9681683645069347,
0.24074563825913597,
0.5379964368571736
],
[
0.0,
0.0,
0.0,
1.0
]
],
"at_element": 30,
"to_element": 29
},
{
"pose": [
[
0.47694549377519846,
-0.8145066011088492,
-0.33030590778495345,
21.54298745017283
],
[
-0.8707691115343611,
-0.38677852499437093,
-0.30358446436014813,
-19.56095292566707
],
[
0.1195163184054438,
0.43241342411318456,
-0.8937194639715083,
0.2408371805969279
],
[
0.0,
0.0,
0.0,
1.0
]
],
"at_element": 3,
"to_element": 14
},
{
"pose": [
[
-0.37526080083902746,
0.8145066011088143,
0.44244584765123307,
21.572322469187306
],
[
-0.21718449595570222,
0.3867785249945751,
-0.896232819818315,
-19.547022829373613
],
[
-0.9011161002169027,
-0.4324134241130674,
0.031755386577608125,
0.2252635118246971
],
[
0.0,
0.0,
0.0,
1.0
]
],
"at_element": 14,
"to_element": 3
},
{
"pose": [
[
-0.9071528863374267,
0.025421458995475016,
-0.42003260615363797,
21.597850602576962
],
[
0.41953095709132016,
-0.022861473411227573,
-0.9074531002071173,
-19.59770221453683
],
[
-0.03267134603466193,
-0.99941538033793,
0.010073762567891942,
0.191035400747611
],
[
0.0,
0.0,
0.0,
1.0
]
],
"at_element": 13,
"to_element": 14
},
{
"pose": [
[
0.8964348394158843,
-0.0254214589955149,
0.44244584765138995,
21.596935031737935
],
[
0.4429944533672222,
0.022861473411127098,
-0.8962328198182368,
-19.596878843289883
],
[
0.012668581897498199,
0.9994153803379311,
0.03175538657762966,
0.2270300137426407
],
[
0.0,
0.0,
0.0,
1.0
]
],
"at_element": 14,
"to_element": 13
},
{
"pose": [
[
0.44609846574142153,
0.8318017589225748,
-0.33030590778316476,
21.697370237617935
],
[
0.7842250871646057,
-0.5411353672221462,
-0.3035844643637411,
-19.419059563397923
],
[
-0.4312623001432147,
-0.12360561554664048,
-0.8937194639709487,
0.658555722075759
],
[
0.0,
0.0,
0.0,
1.0
]
],
"at_element": 3,
"to_element": 30
},
{
"pose": [
[
0.2328118139357953,
-0.8318017589226618,
-0.5038893659773847,
21.66741239048996
],
[
0.13796909010979425,
0.5411353672231899,
-0.8295402609364413,
-19.39957024345737
],
[
0.9626854052421281,
0.12360561554148519,
0.2407456382583295,
0.6630074536270328
],
[
0.0,
0.0,
0.0,
1.0
]
],
"at_element": 30,
"to_element": 3
},
{
"pose": [
[
-0.5697797029931311,
0.7524952473864313,
-0.3303059077853323,
21.71302504609913
],
[
0.8190103981785681,
0.48688647616677805,
-0.3035844643608773,
-19.4046712144904
],
[
-0.06762438711324645,
-0.443500238992868,
-0.8937194639711201,
0.7009134477919055
],
[
0.0,
0.0,
0.0,
1.0
]
],
"at_element": 3,
"to_element": 31
},
{
"pose": [
[
0.47147143597464336,
-0.7524952473863915,
0.4598538764878486,
21.685923431363086
],
[
0.07194846786239423,
-0.48688647616608804,
-0.8704969714472439,
-19.422206753409867
],
[
0.8789414673527822,
0.4435002389936937,
-0.17541218595147545,
0.7168864026434979
],
[
0.0,
0.0,
0.0,
1.0
]
],
"at_element": 31,
"to_element": 3
},
{
"pose": [
[
-0.9084441527640796,
-0.014672464432880047,
-0.4177486566061214,
21.86771028352497
],
[
-0.20150275926584393,
0.8909715709796165,
0.4068983874560888,
-18.194695144799713
],
[
0.3662319747332347,
0.45382196783934986,
-0.8123544560039142,
0.32116492523406476
],
[
0.0,
0.0,
0.0,
1.0
]
],
"at_element": 4,
"to_element": 25
},
{
"pose": [
[
-0.027446442629589063,
0.014672464433478555,
-0.9995155884599446,
21.868238722724158
],
[
0.4533409265776489,
-0.8909715709800596,
-0.02552771033688192,
-18.226784117010972
],
[
-0.8909145284912013,
-0.4538219678384612,
0.01780237148604802,
0.30482020561658363
],
[
0.0,
0.0,
0.0,
1.0
]
],
"at_element": 25,
"to_element": 4
},
{
"pose": [
[
0.024794122241958316,
0.018810633371490082,
-0.999515588459937,
21.896034011015388
],
[
-0.998880872615431,
-0.03981630731207053,
-0.02552771033731377,
-18.226074223061914
],
[
-0.040277212233294724,
0.9990299403642486,
0.01780237148584407,
0.30432514375518477
],
[
0.0,
0.0,
0.0,
1.0
]
],
"at_element": 25,
"to_element": 26
},
{
"pose": [
[
-0.8467609129245979,
-0.018810633371329877,
-0.5316409657045547,
21.895356533892077
],
[
0.5306788191317908,
0.03981630731234409,
-0.8466372615216609,
-18.22464021300993
],
[
0.037093763195314766,
-0.9990299403642409,
-0.0237324880244687,
0.26834443450752854
],
[
0.0,
0.0,
0.0,
1.0
]
],
"at_element": 26,
"to_element": 25
},
{
"pose": [
[
-0.8928620256500215,
-0.16817688026559613,
-0.4177486566061849,
21.999070113736146
],
[
-0.3493566512081108,
0.8440282178571459,
0.4068983874599957,
-18.32264313995028
],
[
0.2841607527594112,
0.5092473901798827,
-0.8123544560019249,
0.576607382617041
],
[
0.0,
0.0,
0.0,
1.0
]
],
"at_element": 4,
"to_element": 42
},
{
"pose": [
[
-0.12627967182080702,
0.16817688026614055,
-0.9776348916792902,
22.005127106548173
],
[
0.49390238869947933,
-0.8440282178547129,
-0.20898994689205924,
-18.353041330478305
],
[
-0.8602987126119496,
-0.5092473901837353,
0.023520643470720692,
0.558266527577862
],
[
0.0,
0.0,
0.0,
1.0
]
],
"at_element": 42,
"to_element": 4
},
{
"pose": [
[
0.8698155351856884,
0.06369932006423415,
-0.48924771984444515,
21.93900083432147
],
[
-0.47105683252405706,
-0.18766724061681161,
-0.8619086188985896,
-18.37442659419667
],
[
-0.14671876254261715,
0.9801649878579759,
-0.13322988139053904,
0.5952139252338604
],
[
0.0,
0.0,
0.0,
1.0
]
],
"at_element": 39,
"to_element": 42
},
{
"pose": [
[
-0.20043057450145207,
-0.0636993200645215,
-0.9776348916790643,
21.93670666124057
],
[
0.9597417407286366,
0.1876672406168587,
-0.20898994689319583,
-18.367667634585253
],
[
0.19678255996958866,
-0.9801649878579483,
0.023520643470015146,
0.5599126358682348
],
[
0.0,
0.0,
0.0,
1.0
]
],
"at_element": 42,
"to_element": 39
},
{
"pose": [
[
-0.5674819461646257,
-0.7582119370973486,
-0.32105902762622185,
21.55264649769658
],
[
-0.8153833116480642,
0.4632535478968993,
0.34719764608472087,
-18.710233620559148
],
[
-0.11451766616136004,
0.45881456908431045,
-0.8811213851297297,
0.27078940252582384
],
[
0.0,
0.0,
0.0,
1.0
]
],
"at_element": 5,
"to_element": 26
},
{
"pose": [
[
-0.3774553510384697,
0.7582119370973245,
-0.5316409657048151,
21.579954075693777
],
[
0.2619188763048227,
-0.46325354789639217,
-0.8466372615214995,
-18.726918048451566
],
[
-0.88821504164681,
-0.4588145690848623,
-0.023732488024384768,
0.25426484782216585
],
[
0.0,
0.0,
0.0,
1.0
]
],
"at_element": 26,
"to_element": 5
},
{
"pose": [
[
-0.8371077128328919,
-0.1288742049445667,
-0.5316409657048548,
21.536406816843687
],
[
0.5209806531502282,
0.10855646662742435,
-0.8466372615214443,
-18.796266978195433
],
[
0.16682276870633203,
-0.9857012391456524,
-0.02373248802546657,
0.25232089529436336
],
[
0.0,
0.0,
0.0,
1.0
]
],
"at_element": 26,
"to_element": 27
},
{
"pose": [
[
0.5651728260083508,
0.12887420494372953,
0.8148442280840283,
21.541048300226677
],
[
0.8247985220146756,
-0.10855646662689722,
-0.5549080028580327,
-18.80017670579522
],
[
0.016943282566881712,
0.9857012391458202,
-0.1676484187884093,
0.2878215288312464
],
[
0.0,
0.0,
0.0,
1.0
]
],
"at_element": 27,
"to_element": 26
},
{
"pose": [
[
-0.49735746990308116,
-0.8059507726348993,
-0.32105902762703115,
21.651027281149112
],
[
-0.8535660098505506,
0.3884312827001303,
0.3471976460861179,
-18.816623952228753
],
[
-0.15511484119650076,
0.4467264159517996,
-0.8811213851288846,
0.5407877664616562
],
[
0.0,
0.0,
0.0,
1.0
]
],
"at_element": 5,
"to_element": 39
},
{
"pose": [
[
-0.33328669447826575,
0.8059507726345185,
-0.48924771984504295,
21.680054096181717
],
[
0.3259366062443765,
-0.3884312826983396,
-0.8619086188983267,
-18.830613544867195
],
[
-0.8846950367181052,
-0.44672641595404344,
-0.13322988139004566,
0.5246986385814558
],
[
0.0,
0.0,
0.0,
1.0
]
],
"at_element": 39,
"to_element": 5
},
{
"pose": [
[
-0.8694829785458347,
-0.06808831504813187,
-0.4892477198444257,
21.77250869183743
],
[
0.47010370987671213,
0.19004219170624614,
-0.8619086188985687,
-18.66773611157474
],
[
0.15166361455278407,
-0.9794120413418412,
-0.133229881390744,
0.5498754852250164
],
[
0.0,
0.0,
0.0,
1.0
]
],
"at_element": 39,
"to_element": 40
},
{
"pose": [
[
0.9370454574433515,
0.06808831504807963,
0.34250517082037396,
21.77496093743359
],
[
0.3491976179007825,
-0.19004219170603331,
-0.9175756039825745,
-18.674580606512926
],
[
0.0026142565289557496,
0.9794120413418862,
-0.20185444988238466,
0.5851496561823896
],
[
0.0,
0.0,
0.0,
1.0
]
],
"at_element": 40,
"to_element": 39
},
{
"pose": [
[
-0.5091225039499221,
0.8502552568565249,
0.1336423367036309,
22.317332405047527
],
[
0.8387872137667411,
0.4553371372492184,
0.2985031012621373,
-18.165766667120938
],
[
0.19295151202618038,
0.26407212959631166,
-0.9450056213469209,
0.2591229837933874
],
[
0.0,
0.0,
0.0,
1.0
]
],
"at_element": 6,
"to_element": 24
},
{
"pose": [
[
0.07421430773668425,
-0.8502552568566248,
-0.5211124971777586,
22.286709845594906
],
[
0.3929713893497939,
-0.45533713724997904,
0.7989002306880919,
-18.18216596420728
],
[
-0.9165509934966288,
-0.26407212959467846,
0.3003334591611031,
0.2496122346118118
],
[
0.0,
0.0,
0.0,
1.0
]
],
"at_element": 24,
"to_element": 6
},
{
"pose": [
[
-0.9908465357756713,
-0.019049104478409067,
0.13364233670481077,
22.31046416436171
],
[
0.021917436617127035,
0.9541569705807772,
0.2985031012640372,
-18.18110754782907
],
[
-0.1332019838947062,
0.2986998612498581,
-0.9450056213461537,
0.30768937537923624
],
[
0.0,
0.0,
0.0,
1.0
]
],
"at_element": 6,
"to_element": 25
},
{
"pose": [
[
-0.02461138038218902,
0.019049104476482726,
-0.9995155884598935,
22.311150230028986
],
[
0.29821604835370896,
-0.9541569705814332,
-0.025527710339157128,
-18.215472120685924
],
[
-0.9541810459551067,
-0.29869986124788483,
0.01780237148564323,
0.2969315090524812
],
[
0.0,
0.0,
0.0,
1.0
]
],
"at_element": 25,
"to_element": 6
},
{
"pose": [
[
-0.367615327905479,
0.9203253210297293,
0.13364233670687048,
22.27968076266633
],
[
0.9004602185470836,
0.3163341482484813,
0.29850310126704926,
-18.24986525665175
],
[
0.23244432774986235,
0.23007392317130027,
-0.9450056213449107,
0.5253635672825715
],
[
0.0,
0.0,
0.0,
1.0
]
],
"at_element": 6,
"to_element": 41
},
{
"pose": [
[
0.2093524122562873,
-0.9203253210295044,
-0.33041318217409693,
22.24653467661588
],
[
0.09849995136125123,
-0.3163341482460571,
0.9435202521595774,
-18.261258226788424
],
[
-0.9728665515189143,
-0.2300739231755327,
0.02442668234358414,
0.5170773125406398
],
[
0.0,
0.0,
0.0,
1.0
]
],
"at_element": 41,
"to_element": 6
},
{
"pose": [
[
0.9434351567264609,
-0.02751788688599635,
-0.33041318217324156,
22.25936491059855
],
[
0.3309166432577434,
0.01623911879951967,
0.9435202521597735,
-18.29789594663662
],
[
-0.02059806465534078,
-0.9994893981038241,
0.024426682347584605,
0.5161288030173732
],
[
0.0,
0.0,
0.0,
1.0
]
],
"at_element": 41,
"to_element": 42
},
{
"pose": [
[
0.20850128170479998,
0.027517886884711296,
-0.9776348916793303,
22.2603559847484
],
[
-0.9777829478563569,
-0.016239118804470376,
-0.20898994689168027,
-18.29848080880019
],
[
-0.021626890871983273,
0.9994893981037791,
0.02352064347242211,
0.5521260476312737
],
[
0.0,
0.0,
0.0,
1.0
]
],
"at_element": 42,
"to_element": 41
},
{
"pose": [
[
-0.9702922855912381,
0.24040399788830025,
-0.027180844752391856,
22.357261147087605
],
[
0.22834680902032845,
0.9471179038188002,
0.22544491805342487,
-19.15038241609103
],
[
0.07994132430955318,
0.21254080564730132,
-0.9738766814142494,
0.2176522523750015
],
[
0.0,
0.0,
0.0,
1.0
]
],
"at_element": 7,
"to_element": 22
},
{
"pose": [
[
-0.16947491468080855,
-0.2404039978884686,
0.9557636585961896,
22.34860290718416
],
[
-0.17464428302426488,
-0.9471179038193764,
-0.2691970480368066,
-19.184493221652296
],
[
0.9699369194441837,
-0.2125408056445431,
0.11852754209505656,
0.20999751576202863
],
[
0.0,
0.0,
0.0,
1.0
]
],
"at_element": 22,
"to_element": 7
},
{
"pose": [
[
0.9220255686865948,
-0.1442288191531125,
0.3592588181434942,
22.415620769883468
],
[
0.3513778259278014,
-0.07772279732372755,
-0.9330020311995181,
-19.2076314025716
],
[
0.1624883815366906,
0.986487310867136,
-0.020983597492167938,
0.254480645799097
],
[
0.0,
0.0,
0.0,
1.0
]
],
"at_element": 17,
"to_element": 22
},
{
"pose": [
[
-0.25634717988025035,
0.1442288191535076,
0.9557636585961129,
22.420815098730653
],
[
-0.9599438088264868,
0.07772279732300869,
-0.2691970480372765,
-19.204832254865956
],
[
-0.11311059748378932,
-0.9864873108671348,
0.11852754209460714,
0.21895279826970598
],
[
0.0,
0.0,
0.0,
1.0
]
],
"at_element": 22,
"to_element": 17
},
{
"pose": [
[
0.8875080828814937,
-0.45998978738464474,
-0.027180844759591913,
22.367867848846405
],
[
-0.4428620561437911,
-0.8677832610532605,
0.22544491802625022,
-19.238357128822628
],
[
-0.12728944201350462,
-0.18804682219489477,
-0.973876681420339,
0.5976853088839019
],
[
0.0,
0.0,
0.0,
1.0
]
],
"at_element": 7,
"to_element": 29
},
{
"pose": [
[
-0.14287506539490424,
0.4599897873862925,
-0.8763538732662252,
22.38443441611883
],
[
-0.13668522508819317,
0.8677832610592355,
0.4777754295356645,
-19.20710384849665
],
[
0.9802570402353618,
0.18804682216329044,
-0.06111078254527613,
0.6044578295249938
],
[
0.0,
0.0,
0.0,
1.0
]
],
"at_element": 29,
"to_element": 7
},
{
"pose": [
[
-0.06188330477566595,
-0.9977132144402929,
-0.027180844748834962,
22.369373743592377
],
[
-0.9727475059894737,
0.05419297477806062,
0.225444918053088,
-19.25084740720449
],
[
-0.22345636303605482,
0.04039137551412056,
-0.9738766814144266,
0.6516407981684997
],
[
0.0,
0.0,
0.0,
1.0
]
],
"at_element": 7,
"to_element": 34
},
{
"pose": [
[
-0.05093853891237421,
0.997713214440426,
-0.04442529667233702,
22.40530854196394
],
[
-0.2100979903021708,
-0.05419297476753293,
-0.9761772154464755,
-19.252799284350782
],
[
-0.9763524464682114,
-0.04039137552495753,
0.21237805220582562,
0.6501860154574749
],
[
0.0,
0.0,
0.0,
1.0
]
],
"at_element": 34,
"to_element": 7
},
{
"pose": [
[
0.04647732085631018,
0.9979309373417888,
0.04442637664899435,
22.448685451290082
],
[
0.21031547141557394,
-0.05325331761950869,
0.9761820970729593,
-19.091326099001474
],
[
0.9765281670946644,
-0.03602677419162664,
-0.21235538705688883,
0.6133409579082285
],
[
0.0,
0.0,
0.0,
1.0
]
],
"at_element": 28,
"to_element": 34
},
{
"pose": [
[
0.04647835275956602,
-0.9979309373499508,
-0.044425296899472,
22.412744384060925
],
[
0.21033812877799246,
0.05325331681677503,
-0.9761772153816053,
-19.089408149596718
],
[
0.9765232379758968,
0.03602677515211533,
0.21237805245648367,
0.6146384833085276
],
[
0.0,
0.0,
0.0,
1.0
]
],
"at_element": 34,
"to_element": 28
},
{
"pose": [
[
0.38217243742307017,
0.8912181014918441,
0.24428369500927127,
22.593554980243084
],
[
0.8976424334862327,
-0.29523556176961585,
-0.3272216751248207,
-19.561825228059835
],
[
-0.219504646144504,
0.34433451560924366,
-0.9128260796455825,
0.22578352117680034
],
[
0.0,
0.0,
0.0,
1.0
]
],
"at_element": 8,
"to_element": 16
},
{
"pose": [
[
0.28563005707844824,
-0.8912181014918277,
0.35234325034923675,
22.561457048715987
],
[
-0.22441599202647194,
0.2952355617699882,
0.9286944737582613,
-19.55119208356896
],
[
-0.9316935832215101,
-0.3443345156089671,
-0.11567544399828789,
0.21338203865985117
],
[
0.0,
0.0,
0.0,
1.0
]
],
"at_element": 16,
"to_element": 8
},
{
"pose": [
[
-0.28379468883839665,
0.9272464887717565,
0.2442836950096478,
22.586862438212037
],
[
0.8760048432266513,
0.35431834552025865,
-0.3272216751244281,
-19.55286046758264
],
[
-0.3899693439625323,
0.12112992647663759,
-0.9128260796456227,
0.25079184973033003
],
[
0.0,
0.0,
0.0,
1.0
]
],
"at_element": 8,
"to_element": 17
},
{
"pose": [
[
-0.10557959389524196,
-0.9272464887716017,
0.3592588181432044,
22.553467265592644
],
[
-0.06297396132482774,
-0.35431834552059316,
-0.9330020311996159,
-19.565621391947577
],
[
0.9924148475047998,
-0.12112992647684467,
-0.020983597492787,
0.24642930443837002
],
[
0.0,
0.0,
0.0,
1.0
]
],
"at_element": 17,
"to_element": 8
},
{
"pose": [
[
0.9328754050340511,
0.07481786294534862,
0.35234325034949376,
22.47640988454298
],
[
-0.33864103205339,
-0.1511582806887437,
0.9286944737582097,
-19.775356534847468
],
[
0.1227425357908574,
-0.9856741152954733,
-0.11567544399792062,
0.24130330142486617
],
[
0.0,
0.0,
0.0,
1.0
]
],
"at_element": 16,
"to_element": 18
},
{
"pose": [
[
-0.3542167704393082,
-0.07481786294518195,
0.9321656327734156,
22.47371519911209
],
[
0.9199552226250476,
0.15115828068892323,
0.3617092237475677,
-19.769912326730648
],
[
-0.16796686549568524,
0.9856741152954585,
0.01528628575127644,
0.27680393688185234
],
[
0.0,
0.0,
0.0,
1.0
]
],
"at_element": 18,
"to_element": 16
},
{
"pose": [
[
-0.9332141143875159,
0.006672203095423462,
0.3592588181433796,
22.61126718524869
],
[
-0.3589980580823947,
0.02505202727446887,
-0.9330020311995623,
-19.715728890271325
],
[
-0.015225340751327476,
-0.9996638823301024,
-0.02098359749216705,
0.2430533253728214
],
[
0.0,
0.0,
0.0,
1.0
]
],
"at_element": 17,
"to_element": 18
},
{
"pose": [
[
-0.3619705993338287,
-0.006672203095898999,
0.9321656327733583,
22.611026889543613
],
[
0.931954308636014,
-0.02505202727463196,
0.3617092237477501,
-19.71663112518103
],
[
0.020939241454207835,
0.999663882330095,
0.015286285750443662,
0.27905566732877557
],
[
0.0,
0.0,
0.0,
1.0
]
],
"at_element": 18,
"to_element": 17
},
{
"pose": [
[
0.07293510326191965,
0.9669570554654415,
0.24428369490773694,
22.469634206551568
],
[
0.94487887664097,
0.011396660615161758,
-0.32722167502248595,
-19.39583149217598
],
[
-0.3191933257288938,
0.25468444988343125,
-0.9128260797094385,
0.6888439560173587
],
[
0.0,
0.0,
0.0,
1.0
]
],
"at_element": 8,
"to_element": 28
},
{
"pose": [
[
0.25103854252235436,
-0.966957055490387,
0.04442637736314409,
22.434808627785905
],
[
-0.21665324791148705,
-0.011396660600488273,
0.9761820968940994,
-19.39624195021909
],
[
-0.9434198536906333,
-0.2546844497893769,
-0.21235538772968887,
0.6796713321497677
],
[
0.0,
0.0,
0.0,
1.0
]
],
"at_element": 28,
"to_element": 8
},
{
"pose": [
[
-0.9666800115902228,
-0.0765194847377178,
0.2442836950093073,
22.48134274462272
],
[
-0.15645696543576204,
0.9319051417903225,
-0.32722167512466477,
-19.411515254617672
],
[
-0.20261039745916015,
-0.3545385383286746,
-0.9128260796456287,
0.6450921251574914
],
[
0.0,
0.0,
0.0,
1.0
]
],
"at_element": 8,
