{
"line_pt_pairs": [
[
[
-0.6175043331212181,
0.06409541359324374,
0.39463301730206973
],
[
-0.05233587757242489,
-0.7595196867254511,
0.44199105125215987
]
],
[
[
-0.13076391223398293,
-0.6421493549749404,
0.39930064205299076
],
[
0.04115869916378101,
0.3429611036489509,
0.39930064205299076
]
],
[
[
-0.5860657604046827,
0.1987742886967569,
0.3435033865822921
],
[
-0.160451119449579,
-0.7026241214407832,
0.26392271301029224
]
],
[
[
-0.1371548773785678,
-0.5067339889482863,
0.7147832097655474
],
[
-0.24363127947890983,
-0.46151381148757786,
0.2283493382617342
]
],
[
[
-0.031674792050012696,
0.33636120344810955,
0.7758754093240385
],
[
-0.07751356945383789,
0.3015238281520065,
0.27920130715179814
]
],
[
[
0.15363188843500417,
0.43626149794413377,
0.3474978950068542
],
[
-0.6297441990595332,
-0.1758573610226904,
0.4553515367576279
]
],
[
[
-0.4706700747033882,
-0.011949276902384731,
0.7636422464358182
],
[
-0.5200304203144576,
-0.04133003621099385,
0.26695287946325524
]
],
[
[
-0.12617042145774998,
-0.6230435368789767,
0.6809199949166602
],
[
-0.018031640310687963,
0.3506677698714415,
0.4804398335080545
]
],
[
[
-0.6139826932279635,
0.12081066489450278,
0.7018295203497856
],
[
-0.07028166446346071,
-0.7050134439294137,
0.5521507556381364
]
],
[
[
0.15443818422226976,
0.43800744222228144,
0.6711669891741481
],
[
-0.6291210433389008,
-0.18204728765922384,
0.7107532096973971
]
],
[
[
-0.14926956863710603,
-0.6001434148872574,
1.0184632314658661
],
[
-0.1680100410182875,
-0.6278766993602258,
0.519584829821466
]
],
[
[
-0.117151638638231,
-0.6170760154602591,
0.9659780794562127
],
[
0.04973422323577861,
0.35203889037192865,
0.784414293418251
]
],
[
[
-0.5880826765585757,
0.12554850869384332,
0.981243088629917
],
[
-0.11843717522841471,
-0.7504626820181862,
0.8715275617996909
]
],
[
[
0.18927988458003273,
0.4197676755536675,
0.8882432117215414
],
[
-0.6099621707738028,
-0.18009940402483016,
0.9252786513941172
]
],
[
[
-0.5388570427262273,
-0.026761093630356933,
1.1145593834230771
],
[
-0.5841403141405498,
0.0050487027071947355,
0.6176312576473465
]
],
[
[
0.053440142845862876,
0.34908062321115274,
0.9738186661384791
],
[
-0.05337183400873885,
0.3561468399979305,
0.48541179663239364
]
],
[
[
-0.3032521643287825,
0.07430015635979074,
1.2689115072099795
],
[
-0.17063171190955095,
-0.7539967311049318,
0.7245439091511205
]
],
[
[
-0.1922849455734209,
-0.14638889856248244,
1.228435713821441
],
[
-0.6278087027653302,
-0.03907274593687532,
1.0075232870386088
]
],
[
[
0.11900419269137216,
0.520397342937195,
0.9019135846055043
],
[
-0.37113554530792947,
-0.2578610084901992,
1.2944399858417663
]
]
],
"contact_id_pairs": [
[
1,
5
],
[
4,
5
],
[
0,
5
],
[
0,
6
],
[
2,
6
],
[
5,
6
],
[
0,
1
],
[
0,
3
],
[
2,
3
],
[
3,
7
],
[
3,
8
],
[
7,
10
],
[
8,
10
],
[
4,
7
],
[
4,
9
],
[
4,
15
],
[
7,
15
],
[
9,
15
],
[
6,
8
],
[
6,
9
],
[
8,
9
],
[
8,
14
],
[
11,
15
],
[
13,
15
],
[
15,
18
],
[
12,
13
],
[
12,
14
],
[
14,
17
],
[
10,
11
],
[
10,
12
],
[
10,
16
],
[
12,
16
],
[
16,
17
],
[
16,
18
],
[
17,
18
]
],
"coupler_pt_pairs": [
[
[
0.04115868511417753,
0.34296102314522187,
0.39930064205299076
],
[
0.03549335891333483,
0.34394974239628906,
0.36376296978178746
]
],
[
[
-0.06866227909491479,
0.30825079037815983,
0.37510715240056525
],
[
-0.046501479781481087,
0.2798801493818233,
0.37505185400888585
]
],
[
[
-0.5137647329241657,
-0.0870834081977755,
0.40332582996680033
],
[
-0.5116056695378638,
-0.08354560547484573,
0.43908646198269463
]
],
[
[
-0.5366768676203406,
-0.05369375254549466,
0.40140591804999515
],
[
-0.5070789636095971,
-0.03362094042913529,
0.39727714588547136
]
],
[
[
-0.4817539062824695,
-0.022145130929553405,
0.32399934040107636
],
[
-0.5139517175210265,
-0.03771180984990623,
0.32811993583424076
]
],
[
[
-0.48117001177464425,
-0.05976361825398023,
0.4348961419292167
],
[
-0.5032889304782717,
-0.031364998947677095,
0.4354144225495327
]
],
[
[
-0.13316334307330221,
-0.6417305205867128,
0.43521815050423446
],
[
-0.13076389818437945,
-0.6421492744712113,
0.39930064205299076
]
],
[
[
-0.23070969521587856,
-0.49957706560023823,
0.42704429824634466
],
[
-0.20114760836477016,
-0.47955648675710216,
0.422434564735397
]
],
[
[
-0.2647629735717921,
-0.4817047018144729,
0.283426759191508
],
[
-0.23279005154867533,
-0.46611804530114337,
0.27787712441842194
]
],
[
[
-0.1479961053088023,
-0.5021297551347207,
0.6652554236088596
],
[
-0.11335431603061535,
-0.5076438011825344,
0.6571600185473366
]
],
[
[
-0.1661990784827603,
-0.49439901235038836,
0.5820957512380367
],
[
-0.1956390057880524,
-0.5146089583628504,
0.5866611409497826
]
],
[
[
-0.12617041879574228,
-0.6230435129095279,
0.680919989981523
],
[
-0.1619077862987427,
-0.6188462137555197,
0.6820291385343286
]
],
[
[
-0.13619796384471536,
-0.6048935870345447,
0.5702972548054626
],
[
-0.16602108439496763,
-0.6249333210548681,
0.5725316009059687
]
],
[
[
-0.05792967704377269,
0.31640754556963147,
0.4913974592026422
],
[
-0.02234322861279106,
0.3118450437848464,
0.488433153846644
]
],
[
[
-0.04052608240893579,
0.3296342412219562,
0.6799695640752714
],
[
-0.01818918053519969,
0.3014020520235009,
0.6798883017300684
]
],
[
[
-0.047053111564795774,
0.32467371266622896,
0.6092476441322614
],
[
-0.02714753271440165,
0.35441195404708054,
0.6053246498284985
]
],
[
[
-0.018031642972695633,
0.35066774590199273,
0.48043983844319177
],
[
-0.05278003857700583,
0.3561076893807695,
0.4881178316924335
]
],
[
[
0.011907657566672558,
0.3252186138903407,
0.6783677784202204
],
[
-0.010035137057389593,
0.35327987222428864,
0.6835725377406182
]
],
[
[
-0.4800789007902271,
-0.01754969260474125,
0.6689657644304134
],
[
-0.5096008193762055,
-0.03773431367005954,
0.6730935991176308
]
],
[
[
-0.4767487774968192,
-0.015567503263472351,
0.7024751900648326
],
[
-0.4544288891647721,
-0.04380796552655013,
0.7019275818500388
]
],
[
[
-0.491123093161703,
-0.06580001701967234,
0.6680067534282791
],
[
-0.48659051668330366,
-0.06925845932728307,
0.7035524204513247
]
],
[
[
-0.5480663938467089,
0.020690807999633673,
0.6836830211824595
],
[
-0.5779892243795209,
0.0007277933196622732,
0.6851318911254209
]
],
[
[
0.04840764418907981,
0.34433537664413855,
0.785857547577067
],
[
0.014002810403663912,
0.3516896259534964,
0.7934881016552009
]
],
[
[
0.058403390023772234,
0.32153898494731753,
0.8943077931411849
],
[
0.03715819201502288,
0.35015776640867063,
0.899368057986478
]
],
[
[
0.05284834741412989,
0.34911977382831383,
0.9711126310784393
],
[
0.024462971788811877,
0.3702820002761506,
0.9776265340611906
]
],
[
[
-0.47551003202433606,
-0.08442879567879027,
0.9549445997340058
],
[
-0.4790856762175423,
-0.08187071341848016,
0.9192140699744736
]
],
[
[
-0.5206821911026651,
-0.0001709527969489394,
0.9654974256788955
],
[
-0.5522782598280195,
-0.017333193011077858,
0.9672780574119595
]
],
[
[
-0.5450081324872561,
-0.02244018424282447,
1.0470587499450028
],
[
-0.5528802409265777,
-0.057535652067496196,
1.0455295451739368
]
],
[
[
-0.1512585252604259,
-0.6030867931926152,
0.9655164603813636
],
[
-0.11582505959153215,
-0.6093725017324692,
0.9645348252973966
]
],
[
[
-0.15427817708969443,
-0.6075554566012557,
0.8851321964488925
],
[
-0.1858376606843252,
-0.624743220527394,
0.8872732247507124
]
],
[
[
-0.1570269619870806,
-0.6116232747417824,
0.8119585118063805
],
[
-0.19234286028678843,
-0.6183971588209907,
0.8136617298011004
]
],
[
[
-0.2347376561695753,
-0.5335319917398912,
0.898696923586248
],
[
-0.2085499250210304,
-0.5171739988224412,
0.8801869205995323
]
],
[
[
-0.2749399586900978,
-0.10252710806283491,
1.1526983055647384
],
[
-0.29234502209076596,
-0.12173338375773277,
1.177681848016177
]
],
[
[
-0.281541015951545,
-0.06129941592415037,
1.1797936865599996
],
[
-0.252575036603385,
-0.06960713128891115,
1.199491288148943
]
],
[
[
-0.26721340741217336,
-0.1279259924318616,
1.190429455686113
],
[
-0.2765943244053692,
-0.10774566582915489,
1.21872703638608
]
]
],
"half_couplers": [
{
"pose": [
[
-0.9724593758323761,
0.15737019427413582,
0.17192261139776396,
0.04115868511417752
],
[
0.16971472986378364,
-0.02746442748519451,
0.9851104586238913,
0.34296102314522176
],
[
0.15974878034892395,
0.9871577012701828,
-2.220446049250313e-16,
0.39930064205299076
],
[
0.0,
0.0,
0.0,
1.0
]
],
"at_element": 1,
"to_element": 5
},
{
"pose": [
[
-0.6012957071989389,
-0.1573701942741353,
-0.7833760874945376,
0.035493358913334605
],
[
0.7902886863166296,
0.027464427485195064,
-0.6121188589668238,
0.34394974239628895
],
[
0.11784423950310075,
-0.9871577012701829,
0.10785364175077461,
0.36376296978178746
],
[
0.0,
0.0,
0.0,
1.0
]
],
"at_element": 5,
"to_element": 1
},
{
"pose": [
[
-0.7827250318358361,
-0.6155783869517187,
-0.09167755480765022,
-0.06866227909491478
],
[
-0.6116245082703148,
0.7880741652998209,
-0.06967475059220657,
0.30825079037815983
],
[
0.11513898306258136,
0.0015360680032150756,
-0.9933482043444808,
0.3751071524005653
],
[
0.0,
0.0,
0.0,
1.0
]
],
"at_element": 4,
"to_element": 5
},
{
"pose": [
[
-0.08593692489071003,
0.6155783869517186,
-0.7833760874945372,
-0.046501479781481087
],
[
-0.06518905187332619,
-0.7880741652998213,
-0.6121188589668244,
0.2798801493818234
],
[
-0.9941655960936213,
-0.0015360680032143748,
0.1078536417507735,
0.3750518540088859
],
[
0.0,
0.0,
0.0,
1.0
]
],
"at_element": 5,
"to_element": 4
},
{
"pose": [
[
-0.8227926466281521,
-0.0599739735821575,
0.5651684555487932,
-0.5137647329241657
],
[
-0.5585702507459315,
-0.09827228250454745,
-0.8236151003186951,
-0.08708340819777552
],
[
0.10493586439472907,
-0.99335073412371,
0.04735803395008997,
0.40332582996680033
],
[
0.0,
0.0,
0.0,
1.0
]
],
"at_element": 0,
"to_element": 5
},
{
"pose": [
[
0.6186477414769398,
0.05997397358215911,
-0.7833760874945366,
-0.5116056695378639
],
[
-0.7846356230687574,
0.09827228250455045,
-0.6121188589668257,
-0.08354560547484577
],
[
0.0402729559007548,
0.9933507341237094,
0.1078536417507705,
0.43908646198269463
],
[
0.0,
0.0,
0.0,
1.0
]
],
"at_element": 5,
"to_element": 0
},
{
"pose": [
[
0.06805304835444304,
-0.8221638519554723,
0.5651684555487932,
-0.5366768676203406
],
[
0.103754157127675,
-0.5575780137395592,
-0.823615100318695,
-0.05369375254549464
],
[
0.9922720682798614,
0.11468809498805266,
0.04735803395008986,
0.40140591804999515
],
[
0.0,
0.0,
0.0,
1.0
]
],
"at_element": 0,
"to_element": 6
},
{
"pose": [
[
-0.560625387993055,
0.8221638519554721,
-0.09872069122213901,
-0.5070789636095971
],
[
0.8280421743631456,
0.5575780137395592,
-0.058761518617218705,
-0.03362094042913529
],
[
0.006732890433550895,
-0.11468809498805208,
-0.9933787339451259,
0.39727714588547136
],
[
0.0,
0.0,
0.0,
1.0
]
],
"at_element": 6,
"to_element": 0
},
{
"pose": [
[
-0.13758625713086392,
0.8943836980029197,
0.42561464095510365,
-0.48175390628246956
],
[
0.0224593835430692,
0.43240777316368906,
-0.9013984101375401,
-0.022145130929553447
],
[
-0.9902351225540251,
-0.11446099097177925,
-0.07958067357199972,
0.32399934040107636
],
[
0.0,
0.0,
0.0,
1.0
]
],
"at_element": 2,
"to_element": 6
},
{
"pose": [
[
0.43627058790531015,
-0.8943836980029198,
-0.09872069122213928,
-0.5139517175210265
],
[
-0.8997614137300054,
-0.4324077731636893,
-0.05876151861721904,
-0.03771180984990623
],
[
0.009867750064590376,
0.11446099097177834,
-0.9933787339451261,
0.32811993583424076
],
[
0.0,
0.0,
0.0,
1.0
]
],
"at_element": 6,
"to_element": 2
},
{
"pose": [
[
-0.09389300229741293,
0.6144151769457918,
-0.7833760874945375,
-0.4811700117746442
],
[
-0.05498888236931421,
-0.7888515229832083,
-0.6121188589668239,
-0.05976361825398012
],
[
-0.9940625367326503,
-0.014396701905091125,
0.10785364175077372,
0.43489614192921666
],
[
0.0,
0.0,
0.0,
1.0
]
],
"at_element": 5,
"to_element": 6
},
{
"pose": [
[
-0.7827823551047217,
-0.6144151769457917,
-0.09872069122213914,
-0.5032889304782717
],
[
-0.6117682229544708,
0.7888515229832085,
-0.05876151861721719,
-0.03136499894767709
],
[
0.11397993647934046,
0.01439670190508988,
-0.9933787339451261,
0.4354144225495327
],
[
0.0,
0.0,
0.0,
1.0
]
],
"at_element": 6,
"to_element": 5
},
{
"pose": [
[
0.8222786805539841,
-0.0666512442418783,
0.5651684555487932,
-0.13316334307330185
],
[
0.5670298597922951,
0.01163205188074723,
-0.8236151003186948,
-0.6417305205867133
],
[
0.048320902416335076,
0.9977085280832539,
0.04735803395009064,
0.43521815050423446
],
[
0.0,
0.0,
0.0,
1.0
]
],
"at_element": 0,
"to_element": 1
},
{
"pose": [
[
0.9828531056730618,
0.0666512442418788,
0.1719226113977638,
-0.13076389818437953
],
[
-0.17152865556189198,
-0.011632051880744454,
0.9851104586238913,
-0.6421492744712117
],
[
0.06765865051822209,
-0.9977085280832539,
-3.1086244689504383e-15,
0.3993006420529907
],
[
0.0,
0.0,
0.0,
1.0
]
],
"at_element": 1,
"to_element": 0
},
{
"pose": [
[
0.07912560128409696,
-0.8211721841818694,
0.565168455548793,
-0.23070969521587856
],
[
0.11125815072956335,
-0.556129292901627,
-0.8236151003186951,
-0.49957706560023823
],
[
0.9906365444085272,
0.12804863725442067,
0.047358033950090195,
0.42704429824634466
],
[
0.0,
0.0,
0.0,
1.0
]
],
"at_element": 0,
"to_element": 3
},
{
"pose": [
[
-0.5294594858051394,
0.8211721841818695,
-0.21295280420068427,
-0.2011476083647702
],
[
0.8261602458230635,
0.5561292929016268,
0.09044035492141643,
-0.47955648675710216
],
[
0.19269639621054815,
-0.1280486372544206,
-0.9728677430076265,
0.422434564735397
],
[
0.0,
0.0,
0.0,
1.0
]
],
"at_element": 3,
"to_element": 0
},
{
"pose": [
[
0.1734112327754742,
-0.888133279272851,
0.42561464095510404,
-0.2647629735717921
],
[
-0.00506722644392954,
-0.4329610021903605,
-0.9013984101375399,
-0.48170470181447295
],
[
0.9848364674215999,
0.15415592376023213,
-0.07958067357200038,
0.283426759191508
],
[
0.0,
0.0,
0.0,
1.0
]
],
"at_element": 2,
"to_element": 3
},
{
"pose": [
[
-0.40727187655314245,
0.8881332792728506,
-0.2129528042006834,
-0.2327900515486753
],
[
0.8968641551450286,
0.4329610021903614,
0.09044035492141786,
-0.46611804530114337
],
[
0.17252334852093504,
-0.15415592376023254,
-0.9728677430076265,
0.2778771244184221
],
[
0.0,
0.0,
0.0,
1.0
]
],
"at_element": 3,
"to_element": 2
},
{
"pose": [
[
-0.169350091738939,
-0.9622742070798105,
-0.2129528042006847,
-0.1479961053088023
],
[
-0.9840528498431929,
0.1531683091150996,
0.09044035492141748,
-0.5021297551347207
],
[
-0.05441079987928586,
0.22487289625862744,
-0.9728677430076267,
0.6652554236088596
],
[
0.0,
0.0,
0.0,
1.0
]
],
"at_element": 3,
"to_element": 7
},
{
"pose": [
[
0.24966848900281802,
0.9622742070798102,
0.10813878114706171,
-0.11335431603061535
],
[
0.16859940744028024,
-0.15316830911509993,
0.9737113067504184,
-0.5076438011825344
],
[
0.9535407098859681,
-0.22487289625862755,
-0.20048016140860514,
0.6571600185473365
],
[
0.0,
0.0,
0.0,
1.0
]
],
"at_element": 7,
"to_element": 3
},
{
"pose": [
[
-0.5346875972372938,
0.8177776449278095,
-0.2129528042006841,
-0.16619907848276033
],
[
0.8225954579276752,
0.5613886842451017,
0.0904403549214168,
-0.4943990123503884
],
[
0.19350939501059825,
-0.12681667342222389,
-0.9728677430076265,
0.5820957512380367
],
[
0.0,
0.0,
0.0,
1.0
]
],
"at_element": 3,
"to_element": 8
},
{
"pose": [
[
0.18875623109382667,
-0.8177776449278098,
0.5437010287645032,
-0.19563900578805232
],
[
-0.05345359189744098,
-0.5613886842451015,
-0.8258241088239164,
-0.5146089583628504
],
[
0.9805680999994419,
0.12681667342222414,
-0.14967876471164931,
0.5866611409497826
],
[
0.0,
0.0,
0.0,
1.0
]
],
"at_element": 8,
"to_element": 3
},
{
"pose": [
[
0.053373903726058214,
0.9927019846928228,
0.10813878114706182,
-0.12617041879574228
],
[
0.19568534161535378,
-0.11659132979460707,
0.9737113067504185,
-0.6230435129095279
],
[
0.9792131910252864,
-0.030809599212840433,
-0.20048016140860536,
0.6809199899815228
],
[
0.0,
0.0,
0.0,
1.0
]
],
"at_element": 7,
"to_element": 10
},
{
"pose": [
[
-0.11462088974812135,
-0.9927019846928229,
-0.037480944762364896,
-0.1619077862987427
],
[
-0.9916299317518058,
0.11659132979460651,
-0.055466568945934706,
-0.6188462137555197
],
[
0.05943172626853299,
0.030809599212838552,
-0.9977568032888007,
0.6820291385343286
],
[
0.0,
0.0,
0.0,
1.0
]
],
"at_element": 10,
"to_element": 7
},
{
"pose": [
[
-0.13457489495100328,
0.8284194523122634,
0.5437010287645001,
-0.13619796384471528
],
[
0.09025192673231441,
0.5566589000512671,
-0.825824108823918,
-0.6048935870345448
],
[
-0.9867847725669621,
-0.06206512728064706,
-0.14967876471165065,
0.5702972548054626
],
[
0.0,
0.0,
0.0,
1.0
]
],
"at_element": 8,
"to_element": 10
},
{
"pose": [
[
0.5588527442988598,
-0.8284194523122655,
-0.037480944762363536,
-0.16602108439496763
],
[
-0.8288874041286199,
-0.5566589000512645,
-0.05546656894593789,
-0.6249333210548681
],
[
0.0250854831835349,
0.06206512728064301,
-0.9977568032888007,
0.5725316009059688
],
[
0.0,
0.0,
0.0,
1.0
]
],
"at_element": 10,
"to_element": 8
},
{
"pose": [
[
-0.12015604593161355,
-0.9885128985352546,
-0.09167755480765052,
-0.057929677043772686
],
[
-0.9894864124060144,
0.12673621737210206,
-0.06967475059220593,
0.31640754556963147
],
[
0.08049325617686762,
0.08234185227234705,
-0.993348204344481,
0.4913974592026422
],
[
0.0,
0.0,
0.0,
1.0
]
],
"at_element": 4,
"to_element": 7
},
{
"pose": [
[
0.10558528989143201,
0.9885128985352544,
0.1081387811470616,
-0.02234322861279106
],
[
0.18927287791071323,
-0.1267362173721025,
0.9737113067504184,
0.31184504378484657
],
[
0.9762312862462146,
-0.08234185227234675,
-0.20048016140860536,
0.488433153846644
],
[
0.0,
0.0,
0.0,
1.0
]
],
"at_element": 7,
"to_element": 4
},
{
"pose": [
[
-0.778853591981262,
-0.6204694256789586,
-0.09167755480765048,
-0.0405260824089358
],
[
-0.6165491324115083,
0.7842273882315832,
-0.06967475059220582,
0.3296342412219562
],
[
0.1151271018505322,
0.0022572871091273566,
-0.993348204344481,
0.6799695640752715
],
[
0.0,
0.0,
0.0,
1.0
]
],
"at_element": 4,
"to_element": 9
},
{
"pose": [
[
-0.03244423987962164,
0.620469425678958,
-0.7835592275611701,
-0.018189180535199634
],
[
-0.022793321369249386,
-0.7842273882315838,
-0.6200547298815058,
0.3014020520235009
],
[
-0.9992136086941529,
-0.0022572871091270374,
0.03958622052324867,
0.6798883017300685
],
[
0.0,
0.0,
0.0,
1.0
]
],
"at_element": 9,
"to_element": 4
},
{
"pose": [
[
0.8281648719027506,
-0.5529359555055091,
-0.09167755480765469,
-0.04705311156479566
],
[
-0.5592482888797565,
-0.8260670557012773,
-0.06967475059222034,
0.324673712666229
],
[
-0.03720613298053438,
0.10897269655392322,
-0.9933482043444799,
0.6092476441322625
],
[
0.0,
0.0,
0.0,
1.0
]
],
"at_element": 4,
"to_element": 15
},
{
"pose": [
[
-0.8053735999589602,
0.5529359555055099,
-0.21362395370920775,
-0.027147532714401682
],
[
0.5633946164158069,
0.8260670557012761,
0.014132433573541353,
0.3544119540470805
],
[
0.18428204112943522,
-0.1089726965539233,
-0.9768137390121701,
0.6053246498284984
],
[
0.0,
0.0,
0.0,
1.0
]
],
"at_element": 15,
"to_element": 4
},
{
"pose": [
[
0.2379656736957303,
0.9652348637272512,
0.10813878114706077,
-0.018031642972695643
],
[
0.17044682313565196,
-0.15110979977935135,
0.9737113067504186,
0.35066774590199273
],
[
0.9562009300484396,
-0.21327795539173516,
-0.20048016140860403,
0.4804398384431918
],
[
0.0,
0.0,
0.0,
1.0
]
],
"at_element": 7,
"to_element": 15
},
{
"pose": [
[
-0.15062026506112458,
-0.965234863727251,
-0.21362395370920284,
-0.05278003857700586
],
[
-0.9884159563321171,
0.1511097997793499,
0.014132433573554884,
0.3561076893807694
],
[
0.018639555278566075,
0.21327795539173722,
-0.976813739012171,
0.48811783169243345
],
[
0.0,
0.0,
0.0,
1.0
]
],
"at_element": 15,
"to_element": 7
},
{
"pose": [
[
-0.12050161391606329,
0.609519727283183,
-0.7835592275611704,
0.011907657566672572
],
[
0.08915534817810955,
-0.7794763985155759,
-0.6200547298815053,
0.3252186138903407
],
[
-0.9887015145810508,
-0.14457609141839686,
0.039586220523249116,
0.6783677784202204
],
[
0.0,
0.0,
0.0,
1.0
]
],
"at_element": 9,
"to_element": 15
},
{
"pose": [
[
-0.763446467314036,
-0.6095197272831837,
-0.21362395370920426,
-0.010035137057389586
],
[
-0.6262721600697859,
0.7794763985155763,
0.014132433573558076,
0.35327987222428864
],
[
0.1579008330163059,
0.1445760914183945,
-0.9768137390121705,
0.6835725377406183
],
[
0.0,
0.0,
0.0,
1.0
]
],
"at_element": 15,
"to_element": 9
},
{
"pose": [
[
-0.5637088455840096,
0.8200527803348797,
-0.09872069122213913,
-0.48007890079022714
],
[
0.825942504872074,
0.5606835672422035,
-0.058761518617218886,
-0.01754969260474125
],
[
0.007163522596294908,
-0.11466200281519189,
-0.9933787339451259,
0.6689657644304134
],
[
0.0,
0.0,
0.0,
1.0
]
],
"at_element": 6,
"to_element": 8
},
{
"pose": [
[
0.17861307002975568,
-0.8200527803348799,
0.5437010287645031,
-0.5096008193762055
],
[
-0.06040263826805958,
-0.5606835672422035,
-0.8258241088239167,
-0.03773431367005954
],
[
0.9820635888295645,
0.11466200281519273,
-0.14967876471164931,
0.6730935991176308
],
[
0.0,
0.0,
0.0,
1.0
]
],
"at_element": 8,
"to_element": 6
},
{
"pose": [
[
-0.7783690433752477,
-0.6199966592165839,
-0.09872069122213833,
-0.4767487774968192
],
[
-0.6173931697342497,
0.7844569828201505,
-0.058761518617219496,
-0.015567503263472357
],
[
0.11387408081120753,
0.015211333438630167,
-0.9933787339451259,
0.7024751900648326
],
[
0.0,
0.0,
0.0,
1.0
]
],
"at_element": 6,
"to_element": 9
},
{
"pose": [
[
-0.040485546359348534,
0.6199966592165848,
-0.7835592275611711,
-0.4544288891647722
],
[
-0.012624343796077242,
-0.7844569828201498,
-0.6200547298815045,
-0.04380796552655021
],
[
-0.9991003685714981,
-0.01521133343862996,
0.03958622052324934,
0.7019275818500388
],
[
0.0,
0.0,
0.0,
1.0
]
],
"at_element": 9,
"to_element": 6
},
{
"pose": [
[
-0.8297813814603574,
-0.1259049256469428,
0.5437010287645028,
-0.49112309316170294
],
[
-0.5556847196040353,
0.09606785978550969,
-0.8258241088239168,
-0.06580001701967231
],
[
0.051743128822342416,
-0.9873798235806065,
-0.14967876471164843,
0.6680067534282791
],
[
0.0,
0.0,
0.0,
1.0
]
],
"at_element": 8,
"to_element": 9
},
{
"pose": [
[
0.6084265663180559,
0.12590492564694306,
-0.7835592275611705,
-0.4865905166833036
],
[
-0.7786546720259278,
-0.09606785978550803,
-0.6200547298815056,
-0.06925845932728299
],
[
-0.1533428026697538,
0.9873798235806066,
0.03958622052324812,
0.7035524204513247
],
[
0.0,
0.0,
0.0,
1.0
]
],
"at_element": 9,
"to_element": 8
},
{
"pose": [
[
-0.11623766678553649,
0.8311907098498372,
0.5437010287645025,
-0.5480663938467087
],
[
0.10252957089785014,
0.5545288345764234,
-0.8258241088239168,
0.02069080799963366
],
[
-0.9879152250632426,
-0.04024643440899289,
-0.14967876471164954,
0.6836830211824595
],
[
0.0,
0.0,
0.0,
1.0
]
],
"at_element": 8,
"to_element": 14
},
{
"pose": [
[
0.5485614871455985,
-0.8311907098498375,
-0.0905665428286444,
-0.5779892243795209
],
[
-0.8297290636413599,
-0.554528834576423,
0.06361959267510456,
0.0007277933196622672
],
[
-0.10310177384236155,
0.040246434408993656,
-0.9938562515514611,
0.6851318911254209
],
[
0.0,
0.0,
0.0,
1.0
]
],
"at_element": 14,
"to_element": 8
},
{
"pose": [
[
0.24250386636229315,
0.9556887484458045,
0.16688586187400933,
0.04840764418907981
],
[
0.13814540754548282,
-0.2042844724103181,
0.9691149058321881,
0.3443353766441388
],
[
0.9602644017006107,
-0.2119595962114712,
-0.18156378603796153,
0.785857547577067
],
[
0.0,
0.0,
0.0,
1.0
]
],
"at_element": 11,
"to_element": 15
},
{
"pose": [
[
-0.20254338423098694,
-0.9556887484458041,
-0.21362395370920204,
0.014002810403663881
],
[
-0.9788095466705089,
0.20428447241031766,
0.014132433573553885,
0.3516896259534964
],
[
0.03013384892328727,
0.2119595962114731,
-0.976813739012171,
0.7934881016552007
],
[
0.0,
0.0,
0.0,
1.0
]
],
"at_element": 15,
"to_element": 11
},
{
"pose": [
[
-0.11376101229654467,
0.5901445323266515,
-0.7992420553538353,
0.05840339002377222
],
[
0.09048755602293623,
-0.7949663445976567,
-0.5998670795784978,
0.32153898494731753
],
[
-0.9893788123293632,
-0.14056294647593867,
0.03703543967257583,
0.8943077931411849
],
[
0.0,
0.0,
0.0,
1.0
]
],
"at_element": 13,
"to_element": 15
},
{
"pose": [
[
-0.7785205439592491,
-0.590144532326652,
-0.21362395370920387,
0.037158192015022906
],
[
-0.6064888995507908,
0.7949663445976565,
0.014132433573556938,
0.3501577664086706
],
[
0.16148367519680054,
0.14056294647593764,
-0.9768137390121707,
0.8993680579864781
],
[
0.0,
0.0,
0.0,
1.0
]
],
"at_element": 15,
"to_element": 13
},
{
"pose": [
[
0.5767668989648487,
0.7884825620520219,
-0.21362395370920256,
0.05284834741412989
],
[
0.8088540868893743,
-0.5878395533167582,
0.014132433573553788,
0.34911977382831383
],
[
-0.11443343209407171,
-0.18094172790220034,
-0.976813739012171,
0.9711126310784394
],
[
0.0,
0.0,
0.0,
1.0
]
],
"at_element": 15,
"to_element": 18
},
{
"pose": [
[
0.3715619552293479,
-0.7884825620520217,
-0.4901397379993011,
0.02446297178881185
],
[
0.2208134914127033,
0.5878395533167587,
-0.7782583514273942,
0.37028200027615055
],
[
0.9017666635201569,
0.1809417279021981,
0.3925264012362618,
0.9776265340611906
],
[
0.0,
0.0,
0.0,
1.0
]
],
"at_element": 18,
"to_element": 15
},
{
"pose": [
[
0.877250222953005,
0.09932345850424748,
0.46964550133016064,
-0.475510032024336
],
[
0.4770274375314457,
-0.07105784678327098,
-0.8760111907120296,
-0.0844287956787903
],
[
-0.053636463073971574,
0.9925148024091532,
-0.109715526830227,
0.9549445997340058
],
[
0.0,
0.0,
0.0,
1.0
]
],
"at_element": 12,
"to_element": 13
},
{
"pose": [
[
-0.5927452973618044,
-0.09932345850424634,
-0.7992420553538344,
-0.4790856762175424
],
[
0.796938058602102,
0.07105784678327542,
-0.5998670795784989,
-0.08187071341848026
],
[
0.11637329249866135,
-0.9925148024091529,
0.037035439672578274,
0.9192140699744737
],
[
0.0,
0.0,
0.0,
1.0
]
],
"at_element": 13,
"to_element": 12
},
{
"pose": [
[
-0.09563290965403382,
0.8776602131072397,
0.4696455013301608,
-0.5206821911026652
],
[
0.07306357169073951,
0.4767243524711994,
-0.8760111907120296,
-0.00017095279694895327
],
[
-0.9927316158372794,
-0.04946152130161657,
-0.10971552683022656,
0.9654974256788955
],
[
0.0,
0.0,
0.0,
1.0
]
],
"at_element": 12,
"to_element": 14
},
{
"pose": [
[
0.47064875613202395,
-0.8776602131072399,
-0.09056654282864585,
-0.5522782598280195
],
[
-0.8767476485219506,
-0.47672435247119926,
0.06361959267510202,
-0.017333193011077854
],
[
-0.09901166175056716,
0.049461521301615,
-0.9938562515514611,
0.9672780574119595
],
[
0.0,
0.0,
0.0,
1.0
]
],
"at_element": 14,
"to_element": 12
},
{
"pose": [
[
-0.9715869947522577,
0.21866964340837047,
-0.09056654282864507,
-0.5450081324872561
],
[
0.213479115266693,
0.9748739481455045,
0.06361959267510331,
-0.022440184242824474
],
[
0.10220263682130076,
0.04247790341874416,
-0.9938562515514613,
1.047058749945003
],
[
0.0,
0.0,
0.0,
1.0
]
],
"at_element": 14,
"to_element": 17
},
{
"pose": [
[
0.43984066971737257,
-0.2186696434083711,
-0.8710475143838188,
-0.5528802409265776
],
[
-0.0596134109890257,
-0.9748739481455044,
0.21463230525121316,
-0.05753565206749621
],
[
-0.8960950990228809,
-0.04247790341874527,
-0.4418248535656648,
1.045529545173937
],
[
0.0,
0.0,
0.0,
1.0
]
],
"at_element": 17,
"to_element": 14
},
{
"pose": [
[
-0.17269862184445084,
-0.9842613295221692,
-0.0374809447623632,
-0.15125852526042588
],
[
-0.9830754530319232,
0.17460273014888572,
-0.05546656894593657,
-0.603086793192615
],
[
0.06113787417882878,
0.027267596736921237,
-0.9977568032888007,
0.9655164603813636
],
[
0.0,
0.0,
0.0,
1.0
]
],
"at_element": 10,
"to_element": 11
},
{
"pose": [
[
0.058126967182369205,
0.9842613295221694,
0.16688586187401094,
-0.11582505959153216
],
[
0.1741556370561297,
-0.1746027301488846,
0.9691149058321874,
-0.6093725017324692
],
[
0.9830010527805926,
-0.027267596736922806,
-0.18156378603796286,
0.9645348252973966
],
[
0.0,
0.0,
0.0,
1.0
]
],
"at_element": 11,
"to_element": 10
},
{
"pose": [
[
-0.47966487961348037,
0.8766508894908543,
-0.037480944762363085,
-0.15427817708969443
],
[
0.8769134899980732,
0.47743710663161154,
-0.05546656894593703,
-0.6075554566012557
],
[
-0.030730023182299608,
-0.059472911196014513,
-0.9977568032888007,
0.8851321964488923
],
[
0.0,
0.0,
0.0,
1.0
]
],
"at_element": 10,
"to_element": 12
},
{
"pose": [
[
0.10448119943431888,
-0.8766508894908549,
0.4696455013301619,
-0.18583766068432506
],
[
-0.06825102899245883,
-0.47743710663161076,
-0.8760111907120289,
-0.6247432205273943
],
[
0.9921821788392677,
0.05947291119601589,
-0.10971552683022678,
0.8872732247507122
],
[
0.0,
0.0,
0.0,
1.0
]
],
"at_element": 12,
"to_element": 10
},
{
"pose": [
[
-0.19036563566417675,
0.9809975043484539,
-0.03748094476236507,
-0.1570269619870806
],
[
0.9805702184455375,
0.18816350981802088,
-0.055466568945939376,
-0.6116232747417824
],
[
-0.047360019592955986,
-0.047311626848682065,
-0.9977568032888007,
0.8119585118063801
],
[
0.0,
0.0,
0.0,
1.0
]
],
"at_element": 10,
"to_element": 16
},
{
"pose": [
[
0.14161819114161855,
-0.9809975043484537,
0.13262045241923154,
-0.19234286028678838
],
[
-0.5277487657865402,
-0.188163509818021,
-0.8282968874647225,
-0.6183971588209909
],
[
0.8375115092633412,
0.047311626848684674,
-0.5443675980588587,
0.8136617298011003
],
[
0.0,
0.0,
0.0,
1.0
]
],
"at_element": 16,
"to_element": 10
},
{
"pose": [
[
0.5002690500330043,
-0.727436581881484,
0.46964550133016136,
-0.2347376561695752
],
[
0.1616648821358836,
-0.4543884457502012,
-0.8760111907120293,
-0.5335319917398913
],
[
0.8506440756644734,
0.5141664708139763,
-0.10971552683022634,
0.898696923586248
],
[
0.0,
0.0,
0.0,
1.0
]
],
"at_element": 12,
"to_element": 16
},
{
"pose": [
[
-0.6732368342126729,
0.727436581881484,
0.13262045241923126,
-0.2085499250210304
],
[
0.3278039148408206,
0.4543884457502022,
-0.8282968874647229,
-0.5171739988224412
],
[
-0.6627946578498732,
-0.5141664708139756,
-0.5443675980588587,
0.8801869205995323
],
[
0.0,
0.0,
0.0,
1.0
]
],
"at_element": 16,
"to_element": 12
},
{
"pose": [
[
-0.8652535803770927,
0.48347498099150943,
0.13262045241923193,
-0.2749399586900978
],
[
0.17115101579230876,
0.5335087590747831,
-0.8282968874647217,
-0.10252710806283499
],
[
-0.4712149949204535,
-0.6939887223476652,
-0.5443675980588598,
1.1526983055647384
],
[
0.0,
0.0,
0.0,
1.0
]
],
"at_element": 16,
"to_element": 17
},
{
"pose": [
[
0.0867650300583902,
-0.4834749809915081,
-0.871047514383818,
-0.2923450220907659
],
[
-0.8181084142905716,
-0.5335087590747838,
0.21463230525121596,
-0.12173338375773275
],
[
-0.5684808281955805,
0.6939887223476657,
-0.44182485356566525,
1.1776818480161768
],
[
0.0,
0.0,
0.0,
1.0
]
],
"at_element": 17,
"to_element": 16
},
{
"pose": [
[
-0.5788216304758156,
-0.8045976234699155,
0.1326204524192327,
-0.281541015951545
],
[
-0.5105597342164125,
0.23076616739270261,
-0.8282968874647237,
-0.061299415924150426
],
[
0.6358413936589722,
-0.5471468178591986,
-0.5443675980588563,
1.1797936865599996
],
[
0.0,
0.0,
0.0,
1.0
]
],
"at_element": 16,
"to_element": 18
},
{
"pose": [
[
0.33523976724210447,
0.8045976234699151,
-0.4901397379993017,
-0.252575036603385
],
[
-0.5840042075365545,
-0.23076616739270017,
-0.7782583514273941,
-0.06960713128891119
],
[
-0.7392924888290564,
0.5471468178592002,
0.3925264012362616,
1.199491288148943
],
[
0.0,
0.0,
0.0,
1.0
]
],
"at_element": 18,
"to_element": 16
},
{
"pose": [
[
0.41638175909990294,
0.2605810015612073,
-0.8710475143838186,
-0.26721340741217336
],
[
0.7998126870183442,
-0.5605645718621954,
0.21463230525121302,
-0.12792599243186156
],
[
-0.43234927590244276,
-0.7860438298201392,
-0.4418248535656655,
1.190429455686113
],
[
0.0,
0.0,
0.0,
1.0
]
],
"at_element": 17,
"to_element": 18
},
{
"pose": [
[
0.8317815691991097,
-0.2605810015612082,
-0.4901397379993017,
-0.2765943244053692
],
[
-0.2829863940306485,
0.5605645718621952,
-0.7782583514273934,
-0.10774566582915482
],
[
0.4775543130725521,
0.7860438298201388,
0.3925264012362628,
1.2187270363860798
],
[
0.0,
0.0,
0.0,
1.0
]
],
"at_element": 18,
"to_element": 17
}
],
"nstatus": 0,
"opt_line_pos": [
[
-0.3566971642467204,
0.07693218740163943,
-0.32970999142807833
],
[
0.08113377180775216,
-0.5091899702569562,
-0.32971021337826834
],
[
-0.27904216899167594,
0.07693212764777661,
-0.4045647159797393
],
[
0.05964003185044024,
-0.40918985325885204,
-0.05217518260353197
],
[
0.16428596201642037,
0.42343082848539043,
-0.0521756090036318
],
[
0.2473543422163105,
0.44324808272188787,
-0.36617854314140014
],
[
-0.27419550834233136,
0.07693225569293666,
-0.05217542433441289
],
[
0.0811339733122533,
-0.5091899702569562,
-0.05217518390423662
],
[
-0.3180949837813665,
0.07693220807787378,
-0.05217447400995369
],
[
0.24735411943065017,
0.44324810247730334,
-0.05217614512696256
],
[
0.05376251792302887,
-0.5091891521090263,
0.23436873448496562
],
[
0.09033808808639154,
-0.5091899525559472,
0.2343687472035741
],
[
-0.3065135487192186,
0.07693255257627622,
0.2343683202505682
],
[
0.24735457224864066,
0.40343401682979463,
0.16604530583007776
],
[
-0.34753221501659354,
0.07693280349525379,
0.23436854736721227
],
[
0.25625839127130284,
0.4432480934267902,
0.23436829337988765
],
[
-0.06592228665805824,
-0.03297075051085661,
0.4076119675249904
],
[
-0.0659222659013013,
-0.03297070610226224,
0.45948595089576283
],
[
0.24735472972218872,
0.49254662312976244,
0.23436827542699584
]
],
"opt_line_orient": [
[
0.5651684555487932,
-0.8236151003186949,
0.047358033950090174
],
[
0.17192261139776394,
0.9851104586238913,
0.0
],
[
0.4256146409551037,
-0.9013984101375401,
-0.07958067357199988
],
[
-0.21295280420068405,
0.09044035492141676,
-0.9728677430076266
],
[
-0.0916775548076504,
-0.06967475059220615,
-0.9933482043444807
],
[
-0.7833760874945374,
-0.6121188589668242,
0.10785364175077376
],
[
-0.09872069122213893,
-0.05876151861721824,
-0.993378733945126
],
[
0.10813878114706205,
0.9737113067504185,
-0.20048016140860583
],
[
0.5437010287645029,
-0.8258241088239167,
-0.1496787647116493
],
[
-0.7835592275611706,
-0.6200547298815053,
0.03958622052324909
],
[
-0.03748094476236295,
-0.05546656894593671,
-0.9977568032888008
],
[
0.1668858618740096,
0.9691149058321878,
-0.1815637860379617
],
[
0.469645501330161,
-0.8760111907120296,
-0.10971552683022613
],
[
-0.7992420553538356,
-0.5998670795784977,
0.03703543967257582
],
[
-0.09056654282864518,
0.06361959267510334,
-0.9938562515514611
],
[
-0.2136239537092034,
0.014132433573555528,
-0.9768137390121708
],
[
0.13262045241923154,
-0.8282968874647225,
-0.5443675980588588
],
[
-0.8710475143838187,
0.2146323052512143,
-0.44182485356566475
],
[
-0.4901397379993016,
-0.7782583514273941,
0.3925264012362621
]
],
"opt_edge_ids": [
[
1,
2
],
[
2,
0
],
[
1,
2
],
[
3,
2
],
[
4,
0
],
[
0,
1
],
[
5,
1
],
[
3,
4
],
[
5,
3
],
[
4,
5
],
[
8,
3
],
[
8,
6
],
[
7,
8
],
[
6,
7
],
[
7,
5
],
[
6,
4
],
[
9,
8
],
[
9,
7
],
[
6,
9
]
],
"opt_parameters": {
"pos_devi": 0.1,
"layers": [
[
2,
1,
10,
11,
0,
9,
3,
4,
5
],
[
13,
8,
7,
6,
12,
14
],
[
17,
16,
15
]
],
"contactopt_trust_region_start": 0.1,
"clamp_collision_dist": 0.024,
"clamp_t_bnd": 0.2,
"clamp_gap": 0.016,
"orient_devi": 0.2617993877991494,
"bar_collision_distance": 0.05,
"time_out": 200,
"debug_mode": 0,
"adjustopt_trust_region_start": 0.1,
"bar_available_lengths": [
0.5,
1.0
],
"opt_tol": 0.001,
"trust_region_lobnd": 1e-06,
"trust_region_upbnd": 1.0,
"contact_ignore_para_tol": 0.0001,
"line_para_tol": 0.0001,
"bigM": 1,
"pos_tol": 1e-06,
"bar_contact_distance_tol": 0,
"bar_contact_distance": 0.018000000000000002,
"fixed_contact_pairs": [
[
1,
5
],
[
4,
5
],
[
0,
5
],
[
0,
6
],
[
2,
6
],
[
5,
6
],
[
0,
1
],
[
0,
3
],
[
2,
3
],
[
3,
7
],
[
3,
8
],
[
7,
10
],
[
8,
10
],
[
4,
7
],
[
4,
9
],
[
4,
15
],
[
7,
15
],
[
9,
15
],
[
6,
8
],
[
6,
9
],
[
8,
9
],
[
8,
14
],
[
11,
15
],
[
13,
15
],
[
15,
18
],
[
12,
13
],
[
12,
14
],
[
14,
17
],
[
10,
11
],
[
10,
12
],
[
10,
16
],
[
12,
16
],
[
16,
17
],
[
16,
18
],
[
17,
18
]
],
"adjustopt_weight_pos": 1,
"adjustopt_weight_orient": 1
}
}