{
"line_pt_pairs": [
[
[
-0.5628753725721649,
0.10411074773160207,
0.4702954285725549
],
[
-0.07755939849692509,
-0.7616958578627808,
0.34844582038059646
]
],
[
[
-0.13675800551545386,
-0.6764952966375101,
0.39930064205299076
],
[
0.035164605882310074,
0.3086151619863812,
0.39930064205299076
]
],
[
[
-0.585127268721079,
0.14941297956449778,
0.3246724775285063
],
[
-0.2228750412465362,
-0.7692230616555912,
0.16693488701433856
]
],
[
[
-0.19830739277277828,
-0.5483163206567948,
0.6251311942252744
],
[
-0.2896510738342171,
-0.5316531874141025,
0.13382815950975147
]
],
[
[
-0.036622292713939936,
0.30106832371266207,
0.834272117505355
],
[
-0.08065217460507518,
0.26735279942919826,
0.33735700108913663
]
],
[
[
0.1815261384523195,
0.3694440785451374,
0.3473959051154582
],
[
-0.6935934805603026,
-0.10575594440072504,
0.43877747115289895
]
],
[
[
-0.5037641183236065,
0.012858444614316206,
0.6981146892578426
],
[
-0.5357551856546513,
-0.10512623372196776,
0.2132887542163019
]
],
[
[
-0.18693201656939934,
-0.6972886144271992,
0.578679738810492
],
[
-0.1095683272426211,
0.28482705560798943,
0.40702989102412634
]
],
[
[
-0.6157114073391585,
0.10875528216576145,
0.633602138720875
],
[
-0.16273263774565142,
-0.7502393913705261,
0.39498448402231945
]
],
[
[
0.08003385073827549,
0.4493741369942115,
0.6564616347875035
],
[
-0.679983348256868,
-0.19909615418587756,
0.6133323096317931
]
],
[
[
-0.18357533397694029,
-0.6397985209001473,
1.2079652465854627
],
[
-0.244382362396663,
-0.7107458251736914,
0.2123403245836677
]
],
[
[
-0.16199135607279494,
-0.679722010163609,
1.0057287376600295
],
[
-0.08917113885927698,
0.28908803084623286,
0.7688652318101736
]
],
[
[
-0.5987573627737894,
0.03149695080162286,
0.8751475398124618
],
[
-0.15536792019615644,
-0.8585409463471233,
0.7691364844940005
]
],
[
[
0.11314081795038297,
0.3906611936500823,
1.0976476064434033
],
[
-0.6476177580377771,
-0.21175748439919073,
0.8561147403613039
]
],
[
[
-0.6012317300272564,
-0.07715697882360122,
1.0444120002603936
],
[
-0.6111397345810134,
0.03332028125738347,
0.5568706107858575
]
],
[
[
0.06499329008355711,
0.2778253850992363,
1.2223041375513866
],
[
-0.1913901326632479,
0.24479126661498946,
0.2562936368027653
]
],
[
[
-0.3440662660669071,
-0.10466483953193102,
1.2699664068602934
],
[
-0.19001677837647873,
-0.9265353944284569,
0.7215162757304037
]
],
[
[
-0.2535830472932813,
-0.21744309518133592,
1.209606642817812
],
[
-0.6365547100604497,
-0.0059934005315680355,
0.9674873908987006
]
],
[
[
0.11101304485987892,
0.3771339468069948,
0.8506776403231002
],
[
-0.44349950900356716,
-0.36851466214596434,
1.220169155211272
]
]
],
"contact_id_pairs": [
[
1,
5
],
[
4,
5
],
[
0,
5
],
[
0,
6
],
[
2,
6
],
[
5,
6
],
[
0,
1
],
[
0,
3
],
[
2,
3
],
[
3,
7
],
[
3,
8
],
[
7,
10
],
[
8,
10
],
[
4,
7
],
[
4,
9
],
[
4,
15
],
[
7,
15
],
[
9,
15
],
[
6,
8
],
[
6,
9
],
[
8,
9
],
[
8,
14
],
[
11,
15
],
[
13,
15
],
[
15,
18
],
[
12,
13
],
[
12,
14
],
[
14,
17
],
[
10,
11
],
[
10,
12
],
[
10,
16
],
[
12,
16
],
[
16,
17
],
[
16,
18
],
[
17,
18
]
],
"coupler_pt_pairs": [
[
[
0.03099904305430848,
0.2847466348941233,
0.39930064205299076
],
[
0.026874493834030982,
0.28546645597264414,
0.3635449082556576
]
],
[
[
-0.07757944871502762,
0.2697057143113793,
0.37203535764578977
],
[
-0.0603531152469291,
0.23810086053147156,
0.3726533722260041
]
],
[
[
-0.501076307683711,
-0.00613915430785579,
0.4547793684271287
],
[
-0.5060105597833353,
-0.003896259940627131,
0.4191897248722054
]
],
[
[
-0.4890849883746017,
-0.027531739803112534,
0.4517686751106686
],
[
-0.5195972344324046,
-0.04553489036968945,
0.45816316645822447
]
],
[
[
-0.497792399636519,
-0.07205966383547438,
0.2866437484484708
],
[
-0.5305495707290282,
-0.08592766193983216,
0.29218006151983283
]
],
[
[
-0.5389418359420142,
-0.021778321828231847,
0.42262846801269954
],
[
-0.5215223400012635,
-0.052634777314842805,
0.4289881127528433
]
],
[
[
-0.13935846338537897,
-0.651445955823323,
0.36396188052602263
],
[
-0.1325924426874523,
-0.652626769545252,
0.39930064205299076
]
],
[
[
-0.211760974158992,
-0.5222794427925894,
0.3821401768136925
],
[
-0.24253416891603957,
-0.540248366144712,
0.38725213042606815
]
],
[
[
-0.31020991033109635,
-0.547750418255619,
0.20496361609437408
],
[
-0.27746970845070484,
-0.5338753412851169,
0.19934710630884978
]
],
[
[
-0.2104887581562906,
-0.5460941667857804,
0.559612247426176
],
[
-0.1753320329037104,
-0.5500292757198094,
0.5529424006888646
]
],
[
[
-0.23222057334157112,
-0.5421297969702665,
0.44272505143914553
],
[
-0.26312783308975574,
-0.559857537212969,
0.44787011059928056
]
],
[
[
-0.1861832239547433,
-0.6877828505881189,
0.5770183633067157
],
[
-0.22199013637921958,
-0.6846194362691772,
0.5789798210605674
]
],
[
[
-0.20046859981071777,
-0.6786797674090148,
0.41486282572438243
],
[
-0.23182074217141715,
-0.6960894093702815,
0.41801822863529914
]
],
[
[
-0.07459197339925622,
0.271993349259031,
0.4057515880912321
],
[
-0.11031711985727716,
0.275321291768909,
0.40869126652790266
]
],
[
[
-0.05318372228418633,
0.2883865435928535,
0.6473621293462701
],
[
-0.07655688096085053,
0.3157660587621762,
0.647575450905413
]
],
[
[
-0.0396950186039875,
0.29871540883048103,
0.7995937609487019
],
[
-0.04640349343267633,
0.26347229430259234,
0.8025794085755407
]
],
[
[
-0.11261240318659978,
0.24618315546084618,
0.4137839015551782
],
[
-0.14719462153189694,
0.2504857055749791,
0.42281504205368114
]
],
[
[
-0.11277199369088513,
0.2848661992218721,
0.6455203219233985
],
[
-0.08948354391468351,
0.2579215785945203,
0.6402608752922954
]
],
[
[
-0.5110176007950811,
-0.013892766508431256,
0.5881878654620183
],
[
-0.541597403917747,
-0.03178890764378063,
0.594560773288654
]
],
[
[
-0.5089697332492296,
-0.006340127167819384,
0.6192233819543117
],
[
-0.486008776719028,
-0.033591022127043776,
0.6243399452206405
]
],
[
[
-0.5277388953740991,
-0.05806913493309361,
0.5872604646908081
],
[
-0.523392616557742,
-0.06548807595384225,
0.6222184935138836
]
],
[
[
-0.5779754452740922,
0.03719565820425018,
0.613723797018812
],
[
-0.6100451484788423,
0.02111531376524238,
0.610731711298742
]
],
[
[
-0.09083199655995162,
0.2669917548575996,
0.7742675306875038
],
[
-0.05630605720254231,
0.26219638316384986,
0.7652681796219027
]
],
[
[
-0.002317485154913007,
0.29923371518076675,
1.0609908065831126
],
[
0.020797778952206192,
0.27213094613924665,
1.0557827323004707
]
],
[
[
-0.014507826215928665,
0.26758194085728665,
0.9227570282112305
],
[
0.012352551073537749,
0.2444659676280893,
0.9164186502510873
]
],
[
[
-0.5265770130198336,
-0.1133942904895443,
0.8578897652335538
],
[
-0.5321594549324812,
-0.12033000592987518,
0.8927715402215948
]
],
[
[
-0.5726031233410258,
-0.021003767598288037,
0.868894259384312
],
[
-0.6048577491302896,
-0.036725764512893416,
0.8659871335617124
]
],
[
[
-0.6023263161294274,
-0.06495201133146014,
0.990550899747509
],
[
-0.588822033949366,
-0.03234798696644245,
0.9976645579209484
]
],
[
[
-0.1961369542021861,
-0.6544549367035573,
1.0022873425338312
],
[
-0.1603304983721203,
-0.6576257341749758,
1.0003264387826991
]
],
[
[
-0.20931223854681086,
-0.6698273522216517,
0.7865615985059619
],
[
-0.24126480204449882,
-0.6861158212753935,
0.7896737779405255
]
],
[
[
-0.2030312305009039,
-0.6624989133789965,
0.8894037913957962
],
[
-0.237939511098274,
-0.6708624705861598,
0.8921317671508554
]
],
[
[
-0.18152215962892013,
-0.8060402279472124,
0.7753897649221504
],
[
-0.20962261968505286,
-0.8219361262512592,
0.791317392227511
]
],
[
[
-0.324460424758333,
-0.20926410770912876,
1.200165290363186
],
[
-0.30131572340436497,
-0.1910885087464615,
1.1794294757955641
]
],
[
[
-0.31771418673850266,
-0.2452560117910434,
1.1761471960346628
],
[
-0.344839015217226,
-0.23584668296705885,
1.1544281452832847
]
],
[
[
-0.32430641887276535,
-0.17839468304287523,
1.1648944839695674
],
[
-0.3169152252959001,
-0.1982977853515529,
1.1358215269703826
]
]
],
"half_couplers": [
{
"pose": [
[
-0.9784253525998325,
0.11457069904677959,
0.17192261139776366,
0.03099904305430853
],
[
0.17075591899787543,
-0.019995010303009764,
0.9851104586238915,
0.2847466348941235
],
[
0.11630238826905148,
0.9932138513346032,
-2.6645352591003757e-15,
0.39930064205299076
],
[
0.0,
0.0,
0.0,
1.0
]
],
"at_element": 1,
"to_element": 5
},
{
"pose": [
[
-0.4701480695899274,
-0.11457069904677902,
-0.875119619012622,
0.026874493834030955
],
[
0.879650577078896,
0.01999501030300821,
-0.4752000229458618,
0.2854664559726441
],
[
0.0719420246144748,
-0.9932138513346029,
0.09138156603744174,
0.3635449082556576
],
[
0.0,
0.0,
0.0,
1.0
]
],
"at_element": 5,
"to_element": 1
},
{
"pose": [
[
-0.8736552700824383,
-0.4785101326615697,
-0.08805976378227025,
-0.07757944871502762
],
[
-0.47404610553193793,
0.8779142005453422,
-0.0674310485669285,
0.2697057143113793
],
[
0.10957535711639317,
-0.017167102872634312,
-0.9938302328324369,
0.37203535764578977
],
[
0.0,
0.0,
0.0,
1.0
]
],
"at_element": 4,
"to_element": 5
},
{
"pose": [
[
-0.07206736681335113,
0.47851013266156994,
-0.8751196190126223,
-0.0603531152469291
],
[
-0.0587502738128487,
-0.8779142005453424,
-0.4752000229458625,
0.23810086053147153
],
[
-0.9956679667276163,
0.017167102872635093,
0.09138156603744063,
0.37265337222600414
],
[
0.0,
0.0,
0.0,
1.0
]
],
"at_element": 5,
"to_element": 4
},
{
"pose": [
[
0.863528958720232,
0.1370625505342463,
0.48531597407523985,
-0.501076307683711
],
[
0.49648494995110115,
-0.0623026177715289,
-0.8658066055943829,
-0.0061391543078557625
],
[
-0.08843320600093749,
0.9886011536812316,
-0.12184960819195867,
0.45477936842712874
],
[
0.0,
0.0,
0.0,
1.0
]
],
"at_element": 0,
"to_element": 5
},
{
"pose": [
[
-0.4640899801334335,
-0.13706255053424693,
-0.875119619012622,
-0.5060105597833352
],
[
0.8776692554778631,
0.062302617771528235,
-0.47520002294586283,
-0.0038962599406271448
],
[
0.11965437028660153,
-0.9886011536812316,
0.09138156603743997,
0.4191897248722054
],
[
0.0,
0.0,
0.0,
1.0
]
],
"at_element": 5,
"to_element": 0
},
{
"pose": [
[
-0.2147241490166918,
0.8475623547187893,
0.4853159740752399,
-0.4890849883746016
],
[
0.01707101122790533,
0.5000874946294792,
-0.8658066055943829,
-0.027531739803112534
],
[
-0.9765255349476092,
-0.17762475215676404,
-0.12184960819195867,
0.4517686751106686
],
[
0.0,
0.0,
0.0,
1.0
]
],
"at_element": 0,
"to_element": 6
},
{
"pose": [
[
0.5268247728681932,
-0.8475623547187893,
-0.06398213466208974,
-0.5195972344324045
],
[
-0.8332052330769083,
-0.5000874946294791,
-0.235969356672568,
-0.04553489036968944
],
[
0.16800207815866916,
0.1776247521567639,
-0.9696518700830814,
0.4581631664582245
],
[
0.0,
0.0,
0.0,
1.0
]
],
"at_element": 6,
"to_element": 0
},
{
"pose": [
[
-0.20203747236854808,
0.9099198774884856,
0.36225222747454255,
-0.4977923996365189
],
[
0.0878191705927015,
0.3852215168547741,
-0.9186360412200889,
-0.07205966383547437
],
[
-0.9754325466352547,
-0.1537862136325831,
-0.1577375905141678,
0.2866437484484708
],
[
0.0,
0.0,
0.0,
1.0
]
],
"at_element": 2,
"to_element": 6
},
{
"pose": [
[
0.4098195981104633,
-0.9099198774884855,
-0.06398213466208902,
-0.5305495707290282
],
[
-0.8921450810622912,
-0.38522151685477324,
-0.23596935667256688,
-0.08592766193983215
],
[
0.19006591314840254,
0.15378621363258374,
-0.9696518700830812,
0.2921800615198329
],
[
0.0,
0.0,
0.0,
1.0
]
],
"at_element": 6,
"to_element": 2
},
{
"pose": [
[
-0.005621992489645011,
-0.48387399766845396,
-0.8751196190126214,
-0.5389418359420143
],
[
0.19881270951363905,
0.8571221877469372,
-0.4752000229458639,
-0.02177832182823186
],
[
0.9800213771833204,
-0.17665647356452346,
0.0913815660374403,
0.42262846801269954
],
[
0.0,
0.0,
0.0,
1.0
]
],
"at_element": 5,
"to_element": 6
},
{
"pose": [
[
0.8727956466575839,
0.4838739976684552,
-0.0639821346620898,
-0.5215223400012635
],
[
0.457886468443259,
-0.8571221877469368,
-0.23596935667256752,
-0.05263477731484281
],
[
-0.1690199431786983,
0.1766564735645223,
-0.9696518700830814,
0.4289881127528433
],
[
0.0,
0.0,
0.0,
1.0
]
],
"at_element": 6,
"to_element": 5
},
{
"pose": [
[
-0.8538999436646426,
-0.18794491617737843,
0.48531597407523935,
-0.13935846338537883
],
[
-0.4993025714796573,
0.03280036315245416,
-0.8658066055943838,
-0.6514459558233232
],
[
0.1468054097209021,
-0.9816317255774414,
-0.121849608191954,
0.36396188052602263
],
[
0.0,
0.0,
0.0,
1.0
]
],
"at_element": 0,
"to_element": 1
},
{
"pose": [
[
-0.9670156793833555,
0.18794491617737694,
0.1719226113977632,
-0.13259244268745227
],
[
0.16876468969216704,
-0.03280036315245405,
0.9851104586238915,
-0.6526267695452519
],
[
0.19078562665948948,
0.9816317255774418,
-4.218847493575595e-15,
0.39930064205299076
],
[
0.0,
0.0,
0.0,
1.0
]
],
"at_element": 1,
"to_element": 0
},
{
"pose": [
[
-0.183762772158651,
0.8548097150102874,
0.48531597407524013,
-0.21176097415899206
],
[
0.0352440866969736,
0.4991360296172067,
-0.8658066055943829,
-0.5222794427925892
],
[
-0.9823385861918812,
-0.14199850373156148,
-0.12184960819195823,
0.3821401768136925
],
[
0.0,
0.0,
0.0,
1.0
]
],
"at_element": 0,
"to_element": 3
},
{
"pose": [
[
0.4857218121976983,
-0.8548097150102871,
-0.18268736212287812,
-0.24253416891603954
],
[
-0.8658825462498454,
-0.49913602961720693,
0.03332626648538394,
-0.540248366144712
],
[
-0.11967346094798226,
0.14199850373156114,
-0.9826060694310459,
0.3872521304260682
],
[
0.0,
0.0,
0.0,
1.0
]
],
"at_element": 3,
"to_element": 0
},
{
"pose": [
[
0.204116543268966,
-0.9094557495852451,
0.36225222747454294,
-0.31020991033109635
],
[
-0.08693852733059443,
-0.38542121923561856,
-0.9186360412200887,
-0.5477504182556189
],
[
0.975078524647895,
0.15601513807726747,
-0.1577375905141678,
0.2049636160943741
],
[
0.0,
0.0,
0.0,
1.0
]
],
"at_element": 2,
"to_element": 3
},
{
"pose": [
[
-0.37351782724111593,
0.9094557495852453,
-0.18268736212287795,
-0.2774697084507048
],
[
0.922138733447996,
0.3854212192356189,
0.03332626648538423,
-0.5338753412851169
],
[
0.1007203505156814,
-0.1560151380772669,
-0.9826060694310461,
0.19934710630884978
],
[
0.0,
0.0,
0.0,
1.0
]
],
"at_element": 3,
"to_element": 2
},
{
"pose": [
[
-0.11358318467368345,
-0.9765880338607311,
-0.18268736212287712,
-0.21048875815629062
],
[
-0.9934488875617313,
0.10930996187220765,
0.033326266485383935,
-0.5460941667857804
],
[
-0.012576484474693991,
0.1852758601532532,
-0.9826060694310461,
0.559612247426176
],
[
0.0,
0.0,
0.0,
1.0
]
],
"at_element": 3,
"to_element": 7
},
{
"pose": [
[
0.20072536385265516,
0.9765880338607313,
0.07736368932677806,
-0.17533203290371044
],
[
0.15329756327753258,
-0.10930996187220798,
0.9821156700351886,
-0.5500292757198094
],
[
0.9675790331540831,
-0.18527586015325237,
-0.1716498477863655,
0.5529424006888646
],
[
0.0,
0.0,
0.0,
1.0
]
],
"at_element": 7,
"to_element": 3
},
{
"pose": [
[
-0.47910830089584144,
0.8585339618985869,
-0.18268736212287756,
-0.23222057334157115
],
[
0.8697100194703437,
0.4924366375433894,
0.03332626648538478,
-0.5421297969702665
],
[
0.11857368192644686,
-0.14291813835785885,
-0.9826060694310459,
0.4427250514391456
],
[
0.0,
0.0,
0.0,
1.0
]
],
"at_element": 3,
"to_element": 8
},
{
"pose": [
[
0.2402699951393663,
-0.8585339618985863,
0.4529787695935051,
-0.26312783308975585
],
[
-0.14012247800136213,
-0.4924366375433915,
-0.8589946735362893,
-0.5598575372129688
],
[
0.9605394424980616,
0.14291813835785583,
-0.23861765469855367,
0.4478701105992806
],
[
0.0,
0.0,
0.0,
1.0
]
],
"at_element": 8,
"to_element": 3
},
{
"pose": [
[
0.0685941111396513,
0.9946404915801037,
0.07736368932677962,
-0.1861832239547433
],
[
0.16651471609453544,
-0.08787297647906112,
0.9821156700351882,
-0.6877828505881189
],
[
0.9836501904848681,
-0.05448515865811221,
-0.17164984778636683,
0.5770183633067157
],
[
0.0,
0.0,
0.0,
1.0
]
],
"at_element": 7,
"to_element": 10
},
{
"pose": [
[
-0.083622950223323,
-0.9946404915801038,
-0.060807028419722964,
-0.22199013637921958
],
[
-0.9936019424402446,
0.08787297647906256,
-0.07094730427354384,
-0.6846194362691771
],
[
0.07591035617700886,
0.054485158658110384,
-0.9956249220017948,
0.5789798210605674
],
[
0.0,
0.0,
0.0,
1.0
]
],
"at_element": 10,
"to_element": 7
},
{
"pose": [
[
-0.19068606412553457,
0.8708898088999919,
0.452978769593508,
-0.20046859981071788
],
[
0.16810619625777967,
0.483599480578741,
-0.8589946735362874,
-0.6786797674090147
],
[
-0.9671500047707459,
-0.08764977545953928,
-0.23861765469855545,
0.4148628257243825
],
[
0.0,
0.0,
0.0,
1.0
]
],
"at_element": 8,
"to_element": 10
},
{
"pose": [
[
0.4877022104203539,
-0.8708898088999915,
-0.06080702841972352,
-0.23182074217141715
],
[
-0.8724093204455625,
-0.4835994805787416,
-0.07094730427354548,
-0.6960894093702815
],
[
0.032381036901442506,
0.08764977545953856,
-0.9956249220017948,
0.4180182286352993
],
[
0.0,
0.0,
0.0,
1.0
]
],
"at_element": 10,
"to_element": 8
},
{
"pose": [
[
0.08636613003599414,
0.9923640307796412,
-0.08805976378227084,
-0.07459197339925622
],
[
0.9934321282393727,
-0.0924427404989463,
-0.06743104856692722,
0.27199334925903107
],
[
-0.0750566330472966,
-0.08165763983748306,
-0.9938302328324369,
0.405751588091232
],
[
0.0,
0.0,
0.0,
1.0
]
],
"at_element": 4,
"to_element": 7
},
{
"pose": [
[
-0.0960650299980843,
-0.9923640307796411,
0.07736368932678184,
-0.11031711985727714
],
[
-0.16402179855244764,
0.09244274049894252,
0.9821156700351876,
0.2753212917689093
],
[
-0.9817679764644432,
0.08165763983748725,
-0.1716498477863695,
0.4086912665279026
],
[
0.0,
0.0,
0.0,
1.0
]
],
"at_element": 7,
"to_element": 4
},
{
"pose": [
[
0.7554536766863869,
0.6492574376806404,
-0.08805976378227104,
-0.05318372228418633
],
[
0.6457734797298817,
-0.7605456373990482,
-0.06743104856692611,
0.28838654359285354
],
[
-0.11075357898767821,
-0.005925626519165943,
-0.9938302328324367,
0.6473621293462701
],
[
0.0,
0.0,
0.0,
1.0
]
],
"at_element": 4,
"to_element": 9
},
{
"pose": [
[
-0.02895922733683176,
-0.6492574376806401,
-0.7600171989951433,
-0.07655688096085053
],
[
-0.032505613208880624,
0.7605456373990485,
-0.6484702911800893,
0.3157660587621762
],
[
0.9990519247076041,
0.005925626519167226,
-0.04312932515571055,
0.647575450905413
],
[
0.0,
0.0,
0.0,
1.0
]
],
"at_element": 9,
"to_element": 4
},
{
"pose": [
[
-0.9785296691033347,
0.18634689341958216,
-0.08805976378226872,
-0.03969501860398724
],
[
0.19250039723457307,
0.9789773494589641,
-0.06743104856690874,
0.2987154088304812
],
[
0.0736429477210795,
-0.0829348211499375,
-0.9938302328324382,
0.7995937609487048
],
[
0.0,
0.0,
0.0,
1.0
]
],
"at_element": 4,
"to_element": 15
},
{
"pose": [
[
0.9484420782807484,
-0.18634689341958047,
-0.25638342274680326,
-0.046403493432676794
],
[
-0.20127616913651405,
-0.978977349458964,
-0.03303411848422791,
0.2634722943025922
],
[
-0.2448377582894924,
0.08293482114993757,
-0.9660105007486219,
0.802579408575539
],
[
0.0,
0.0,
0.0,
1.0
]
],
"at_element": 15,
"to_element": 4
},
{
"pose": [
[
0.26689290507807995,
0.9606159673838097,
0.07736368932677884,
-0.11261240318659979
],
[
0.14548176601185547,
-0.11951513054590501,
0.9821156700351882,
0.24618315546084604
],
[
0.9526821258830538,
-0.25086469814994394,
-0.17164984778636616,
0.4137839015551782
],
[
0.0,
0.0,
0.0,
1.0
]
],
"at_element": 7,
"to_element": 15
},
{
"pose": [
[
-0.10716577694348706,
-0.9606159673838096,
-0.25638342274680403,
-0.14719462153189697
],
[
-0.9922826616375818,
0.1195151305459059,
-0.033034118484247935,
0.25048570557497907
],
[
0.062374799923807706,
0.25086469814994444,
-0.9660105007486215,
0.42281504205368103
],
[
0.0,
0.0,
0.0,
1.0
]
],
"at_element": 15,
"to_element": 7
},
{
"pose": [
[
0.062457466972086095,
-0.6468948307499516,
-0.7600171989951426,
-0.1127719936908852
],
[
-0.13893428782575157,
0.7484541035515542,
-0.64847029118009,
0.28486619922187206
],
[
0.9883300706169887,
0.1460942600714722,
-0.043129325155710996,
0.6455203219233985
],
[
0.0,
0.0,
0.0,
1.0
]
],
"at_element": 9,
"to_element": 15
},
{
"pose": [
[
0.7181884282621264,
0.6468948307499525,
-0.2563834227468047,
-0.08948354391468351
],
[
0.6623633458252427,
-0.7484541035515528,
-0.03303411848424779,
0.2579215785945203
],
[
-0.21326082532327986,
-0.1460942600714744,
-0.9660105007486213,
0.6402608752922954
],
[
0.0,
0.0,
0.0,
1.0
]
],
"at_element": 15,
"to_element": 9
},
{
"pose": [
[
-0.5237989892963135,
0.8494356392665918,
-0.06398213466208998,
-0.5110176007950811
],
[
0.8349832629415697,
0.4971130790061593,
-0.23596935667256844,
-0.013892766508431255
],
[
-0.16863442536923123,
-0.17702452210011135,
-0.9696518700830816,
0.5881878654620182
],
[
0.0,
0.0,
0.0,
1.0
]
],
"at_element": 6,
"to_element": 8
},
{
"pose": [
[
0.27068307860173,
-0.8494356392665912,
0.45297876959350647,
-0.541597403917747
],
[
-0.12250198985037519,
-0.49711307900615975,
-0.8589946735362879,
-0.03178890764378063
],
[
0.9548423605189434,
0.17702452210011121,
-0.23861765469855523,
0.594560773288654
],
[
0.0,
0.0,
0.0,
1.0
]
],
"at_element": 8,
"to_element": 6
},
{
"pose": [
[
-0.7675354395315219,
-0.6378053272803826,
-0.06398213466208982,
-0.5089697332492296
],
[
-0.6093555410541106,
0.7569704665957495,
-0.23596935667256752,
-0.006340127167819369
],
[
0.1989350990896425,
-0.14212697560483484,
-0.9696518700830814,
0.6192233819543118
],
[
0.0,
0.0,
0.0,
1.0
]
],
"at_element": 6,
"to_element": 9
},
{
"pose": [
[
0.12481274664208941,
0.637805327280382,
-0.7600171989951428,
-0.4860087767190279
],
[
-0.08051083255451685,
-0.7569704665957504,
-0.6484702911800899,
-0.033591022127043776
],
[
-0.9889083800418703,
0.14212697560483334,
-0.043129325155709886,
0.6243399452206406
],
[
0.0,
0.0,
0.0,
1.0
]
],
"at_element": 9,
"to_element": 6
},
{
"pose": [
[
-0.8833088070748292,
-0.12073021842767631,
0.452978769593507,
-0.5277388953740991
],
[
-0.46867719061968693,
0.20608212399217007,
-0.8589946735362877,
-0.058069134933093555
],
[
0.010355787603056832,
-0.9710583775084181,
-0.23861765469855523,
0.5872604646908081
],
[
0.0,
0.0,
0.0,
1.0
]
],
"at_element": 8,
"to_element": 9
},
{
"pose": [
[
0.638590691750187,
0.12073021842767673,
-0.7600171989951432,
-0.523392616557742
],
[
-0.7328140552880291,
-0.20608212399216863,
-0.6484702911800893,
-0.06548807595384226
],
[
-0.23491591853752913,
0.9710583775084183,
-0.04312932515571144,
0.6222184935138836
],
[
0.0,
0.0,
0.0,
1.0
]
],
"at_element": 9,
"to_element": 8
},
{
"pose": [
[
-0.03519084376848447,
0.8908264919794504,
0.4529787695935081,
-0.5779754452740923
],
[
0.2502156349965765,
0.44667693788637364,
-0.8589946735362872,
0.03719565820425019
],
[
-0.9675503813849293,
0.08311362311943177,
-0.23861765469855523,
0.613723797018812
],
[
0.0,
0.0,
0.0,
1.0
]
],
"at_element": 8,
"to_element": 14
},
{
"pose": [
[
0.4539113206019848,
-0.8908264919794501,
-0.019816009107514576,
-0.6100451484788423
],
[
-0.8669825910480823,
-0.44667693788637486,
0.2209545201619687,
0.02111531376524238
],
[
-0.20568349435216232,
-0.08311362311943173,
-0.9750827789490726,
0.6107317112987422
],
[
0.0,
0.0,
0.0,
1.0
]
],
"at_element": 14,
"to_element": 8
},
{
"pose": [
[
-0.2737338186009137,
-0.9590448438520164,
0.07282021721351711,
-0.09083199655995164
],
[
-0.20895915367710816,
0.1332035154680784,
0.9688100410098421,
0.2669917548575996
],
[
-0.9388321834325393,
0.24997962106501198,
-0.23686350584985472,
0.7742675306875038
],
[
0.0,
0.0,
0.0,
1.0
]
],
"at_element": 11,
"to_element": 15
},
{
"pose": [
[
0.12041813825788505,
0.9590448438520163,
-0.25638342274680476,
-0.05630605720254232
],
[
0.9905380207154668,
-0.1332035154680773,
-0.033034118484247185,
0.26219638316384986
],
[
-0.06583237422112642,
-0.2499796210650133,
-0.9660105007486213,
0.7652681796219027
],
[
0.0,
0.0,
0.0,
1.0
]
],
"at_element": 15,
"to_element": 11
},
{
"pose": [
[
-0.09468802323868597,
-0.6420907780957597,
-0.7607585759881595,
-0.0023174851549130487
],
[
-0.26514402158854866,
0.75285482276015,
-0.6024186780492736,
0.2992337151807667
],
[
0.959548240616907,
0.14466875450893005,
-0.24153286608210012,
1.0609908065831124
],
[
0.0,
0.0,
0.0,
1.0
]
],
"at_element": 13,
"to_element": 15
},
{
"pose": [
[
0.7224866595481294,
0.6420907780957602,
-0.2563834227468044,
0.02079777895220613
],
[
0.6573571045198744,
-0.7528548227601493,
-0.0330341184842485,
0.2721309461392467
],
[
-0.21423039913194447,
-0.14466875450893243,
-0.9660105007486213,
1.0557827323004707
],
[
0.0,
0.0,
0.0,
1.0
]
],
"at_element": 15,
"to_element": 13
},
{
"pose": [
[
-0.6144684306951649,
-0.7461206927968523,
-0.25638342274680465,
-0.014507826215928686
],
[
-0.7659007873726117,
0.6421095941644092,
-0.033034118484247935,
0.2675819408572867
],
[
0.18927369489983326,
0.1760658424066488,
-0.9660105007486215,
0.9227570282112305
],
[
0.0,
0.0,
0.0,
1.0
]
],
"at_element": 15,
"to_element": 18
},
{
"pose": [
[
-0.3685372971466847,
0.7461206927968524,
-0.5545125538634462,
0.012352551073537749
],
[
-0.17805454514989177,
-0.6421095941644093,
-0.745648608952959,
0.24446596762808936
],
[
-0.9124016876153186,
-0.17606584240664797,
0.3694915148881718,
0.9164186502510874
],
[
0.0,
0.0,
0.0,
1.0
]
],
"at_element": 18,
"to_element": 15
},
{
"pose": [
[
-0.8828136167724381,
0.1550674699989116,
0.4433894425776329,
-0.5265770130198335
],
[
-0.41317709974035,
0.19265831383356047,
-0.8900378971487464,
-0.11339429048954436
],
[
-0.22343858729261665,
-0.9689359389861365,
-0.10601105531846122,
0.8578897652335538
],
[
0.0,
0.0,
0.0,
1.0
]
],
"at_element": 12,
"to_element": 13
},
{
"pose": [
[
0.630238422193224,
-0.15506746999891124,
-0.7607585759881594,
-0.5321594549324812
],
[
-0.7745802156317807,
-0.19265831383355914,
-0.6024186780492731,
-0.12033000592987522
],
[
-0.05315092419910894,
0.9689359389861367,
-0.24153286608210056,
0.8927715402215948
],
[
0.0,
0.0,
0.0,
1.0
]
],
"at_element": 13,
"to_element": 12
},
{
"pose": [
[
0.025576360977052737,
0.8959640907814704,
0.44338944257763335,
-0.5726031233410259
],
[
0.1307874364055991,
0.43672323972682014,
-0.890037897148746,
-0.02100376759828798
],
[
-0.9910804691031011,
0.08075369906476948,
-0.10601105531846078,
0.8688942593843121
],
[
0.0,
0.0,
0.0,
1.0
]
],
"at_element": 12,
"to_element": 14
},
{
"pose": [
[
0.44368420505263007,
-0.8959640907814701,
-0.019816009107513216,
-0.6048577491302897
],
[
-0.8720389394416415,
-0.4367232397268206,
0.22095452016197076,
-0.0367257645128934
],
[
-0.20662142745686551,
-0.08075369906476755,
-0.9750827789490715,
0.8659871335617123
],
[
0.0,
0.0,
0.0,
1.0
]
],
"at_element": 14,
"to_element": 12
},
{
"pose": [
[
0.9267643982671907,
-0.3751200819571019,
-0.019816009107513806,
-0.6023263161294274
],
[
-0.3618574447117241,
-0.905670077747242,
0.22095452016197104,
-0.06495201133146011
],
[
-0.10083124422099277,
-0.19760221250229576,
-0.9750827789490719,
0.9905508997475089
],
[
0.0,
0.0,
0.0,
1.0
]
],
"at_element": 14,
"to_element": 17
},
{
"pose": [
[
-0.5221261784108298,
0.375120081957102,
-0.7659433255343369,
-0.5888220339493662
],
[
0.030295491469625985,
0.9056700777472412,
0.42289938929953536,
-0.03234798696644242
],
[
0.8523300047603135,
0.19760221250229776,
-0.48423850383822287,
0.9976645579209484
],
[
0.0,
0.0,
0.0,
1.0
]
],
"at_element": 17,
"to_element": 14
},
{
"pose": [
[
-0.08382784845197055,
-0.9946232438057522,
-0.060807028419723956,
-0.19613695420218613
],
[
-0.9935838191651657,
0.08807766067216527,
-0.07094730427354277,
-0.6544549367035573
],
[
0.07592157873145997,
0.05446951965863571,
-0.9956249220017952,
1.0022873425338314
],
[
0.0,
0.0,
0.0,
1.0
]
],
"at_element": 10,
"to_element": 11
},
{
"pose": [
[
0.07363300106813386,
0.9946232438057518,
0.072820217213518,
-0.1603304983721203
],
[
0.2316234662745284,
-0.08807766067216516,
0.9688100410098417,
-0.6576257341749758
],
[
0.970014820002598,
-0.05446951965863728,
-0.23686350584985583,
1.0003264387826993
],
[
0.0,
0.0,
0.0,
1.0
]
],
"at_element": 11,
"to_element": 10
},
{
"pose": [
[
-0.45661724545808857,
0.887582782868748,
-0.06080702841972258,
-0.20931223854681086
],
[
0.8889563403857373,
0.4524633741026056,
-0.07094730427354391,
-0.6698273522216517
],
[
-0.035458652516207216,
-0.08645055610379059,
-0.9956249220017952,
0.7865615985059619
],
[
0.0,
0.0,
0.0,
1.0
]
],
"at_element": 10,
"to_element": 12
},
{
"pose": [
[
0.1249103909435264,
-0.887582782868748,
0.44338944257763324,
-0.24126480204449882
],
[
-0.05576232361302669,
-0.4524633741026054,
-0.8900378971487459,
-0.6861158212753935
],
[
0.9905997968400819,
0.08645055610379054,
-0.10601105531846144,
0.7896737779405254
],
[
0.0,
0.0,
0.0,
1.0
]
],
"at_element": 12,
"to_element": 10
},
{
"pose": [
[
-0.2366827101858202,
0.9696823191096444,
-0.060807028419722756,
-0.2030312305009039
],
[
0.9700477012058761,
0.23232291622117784,
-0.07094730427354418,
-0.6624989133789964
],
[
-0.05466948037333387,
-0.0757777183915529,
-0.995624922001795,
0.8894037913957962
],
[
0.0,
0.0,
0.0,
1.0
]
],
"at_element": 10,
"to_element": 16
},
{
"pose": [
[
0.1896970093292416,
-0.9696823191096444,
0.15404948769042853,
-0.23793951109827405
],
[
-0.5201488763734519,
-0.23232291622117796,
-0.8218705548965258,
-0.6708624705861596
],
[
0.8327425719026122,
0.07577771839155312,
-0.5484501311298899,
0.8921317671508555
],
[
0.0,
0.0,
0.0,
1.0
]
],
"at_element": 16,
"to_element": 10
},
{
"pose": [
[
-0.44059177228007207,
0.780566904505822,
0.44338944257763313,
-0.18152215962892024
],
[
-0.11342152457267463,
0.4415519215252587,
-0.8900378971487461,
-0.8060402279472121
],
[
-0.8905135866244352,
-0.442433281057778,
-0.10601105531846144,
0.7753897649221504
],
[
0.0,
0.0,
0.0,
1.0
]
],
"at_element": 12,
"to_element": 16
},
{
"pose": [
[
0.6057920954688296,
-0.780566904505822,
0.15404948769042853,
-0.20962261968505289
],
[
-0.3599454008477244,
-0.4415519215252586,
-0.8218705548965256,
-0.8219361262512589
],
[
0.7095458022397536,
0.4424332810577781,
-0.5484501311298899,
0.7913173922275111
],
[
0.0,
0.0,
0.0,
1.0
]
],
"at_element": 16,
"to_element": 12
},
{
"pose": [
[
0.7502924305836456,
-0.6429074769756546,
0.15404948769042826,
-0.324460424758333
],
[
-0.2638711020173805,
-0.5048770469274766,
-0.8218705548965258,
-0.2092641077091288
],
[
0.6061627752749409,
0.5759940481763576,
-0.5484501311298893,
1.200165290363186
],
[
0.0,
0.0,
0.0,
1.0
]
],
"at_element": 16,
"to_element": 17
},
{
"pose": [
[
-0.0008933746124721864,
0.642907476975655,
-0.7659433255343369,
-0.30131572340436497
],
[
0.7524993515052826,
0.5048770469274761,
0.4228993892995354,
-0.19108850874646152
],
[
0.6585923836986962,
-0.575994048176358,
-0.48423850383822264,
1.1794294757955641
],
[
0.0,
0.0,
0.0,
1.0
]
],
"at_element": 17,
"to_element": 16
},
{
"pose": [
[
0.6391865673980707,
0.753464854787659,
0.15404948769042823,
-0.31771418673850266
],
[
0.5061767062663418,
-0.26136934217201957,
-0.8218705548965256,
-0.24525601179104323
],
[
-0.5789867650397796,
0.6033048811110161,
-0.5484501311298899,
1.176147196034663
],
[
0.0,
0.0,
0.0,
1.0
]
],
"at_element": 16,
"to_element": 18
},
{
"pose": [
[
-0.35327969119049607,
-0.7534648547876588,
-0.5545125538634452,
-0.34483901521722593
],
[
0.6129390009936404,
0.26136934217201957,
-0.7456486089529599,
-0.2358466829670588
],
[
0.7067526022967769,
-0.6033048811110169,
0.36949151488817156,
1.154428145283285
],
[
0.0,
0.0,
0.0,
1.0
]
],
"at_element": 18,
"to_element": 16
},
{
"pose": [
[
-0.6092439943900936,
-0.20531092851819854,
-0.7659433255343369,
-0.32430641887276535
],
[
-0.7179815933616855,
0.5528639417830522,
0.42289938929953685,
-0.17839468304287523
],
[
0.336636579850466,
0.8075821224538723,
-0.4842385038382222,
1.1648944839695674
],
[
0.0,
0.0,
0.0,
1.0
]
],
"at_element": 17,
"to_element": 18
},
{
"pose": [
[
-0.8064510215994738,
0.20531092851819707,
-0.5545125538634452,
-0.3169152252959001
],
[
0.37195377917507255,
-0.5528639417830536,
-0.7456486089529606,
-0.19829778535155285
],
[
-0.45965980454956673,
-0.8075821224538713,
0.36949151488816945,
1.1358215269703826
],
[
0.0,
0.0,
0.0,
1.0
]
],
"at_element": 18,
"to_element": 17
}
],
"nstatus": 0,
"opt_line_pos": [
[
-0.2691891930166532,
0.040091251332830535,
-0.2809566709003658
],
[
0.08113377180775216,
-0.5091899702569562,
-0.32971021337826834
],
[
-0.3246091402838756,
0.10289782076265161,
-0.4284688426322041
],
[
-0.0011054973249339213,
-0.45285885714729623,
-0.14636764546996198
],
[
0.1481212899558125,
0.3794959878984027,
-0.12449327240151901
],
[
0.1652465203434079,
0.3432481168168814,
-0.3584979547249884
],
[
-0.30641104507982664,
0.07829896795422096,
-0.14832108980849457
],
[
0.017791407422312222,
-0.6080694306057789,
-0.14949267465471805
],
[
-0.30484812530803046,
0.002212720902293045,
-0.15112142154773278
],
[
0.18450675832787403,
0.45753128511615976,
-0.07825966419202281
],
[
0.0005013758735259836,
-0.5703127900994284,
0.13470765556200326
],
[
0.045128546629337934,
-0.558850015618374,
0.27015198971612997
],
[
-0.34585494631195934,
0.0295598318220959,
0.13470780334259633
],
[
0.1473543592247988,
0.3493574468576812,
0.31438167573475145
],
[
-0.3986630699152957,
0.045099326768116975,
0.19077724493988008
],
[
0.18176674646597757,
0.3604610780033795,
0.1604884611751095
],
[
-0.11736426897198211,
-0.12589036410865345,
0.4640523626545305
],
[
-0.15875873613690494,
-0.06253954996249414,
0.4108773504570208
],
[
0.2499030444197056,
0.3821165511646375,
0.1657857487246126
]
],
"opt_line_orient": [
[
0.48531597407523985,
-0.8658066055943829,
-0.12184960819195845
],
[
0.17192261139776394,
0.9851104586238913,
0.0
],
[
0.36225222747454283,
-0.918636041220089,
-0.15773759051416775
],
[
-0.18268736212287773,
0.03332626648538445,
-0.9826060694310461
],
[
-0.08805976378227047,
-0.06743104856692765,
-0.9938302328324367
],
[
-0.8751196190126221,
-0.47520002294586244,
0.09138156603744076
],
[
-0.06398213466208957,
-0.23596935667256788,
-0.9696518700830812
],
[
0.07736368932677824,
0.9821156700351886,
-0.17164984778636558
],
[
0.4529787695935072,
-0.8589946735362877,
-0.2386176546985555
],
[
-0.7600171989951435,
-0.648470291180089,
-0.043129325155710434
],
[
-0.0608070284197227,
-0.07094730427354413,
-0.9956249220017949
],
[
0.07282021721351796,
0.9688100410098419,
-0.2368635058498557
],
[
0.443389442577633,
-0.8900378971487461,
-0.1060110553184613
],
[
-0.7607585759881601,
-0.6024186780492731,
-0.24153286608209956
],
[
-0.019816009107514177,
0.22095452016196934,
-0.975082778949072
],
[
-0.25638342274680503,
-0.03303411848424682,
-0.9660105007486212
],
[
0.15404948769042837,
-0.8218705548965259,
-0.5484501311298897
],
[
-0.765943325534337,
0.4228993892995358,
-0.48423850383822287
],
[
-0.554512553863446,
-0.745648608952959,
0.36949151488817156
]
],
"opt_edge_ids": [
[
1,
2
],
[
2,
0
],
[
1,
2
],
[
3,
2
],
[
4,
0
],
[
0,
1
],
[
5,
1
],
[
3,
4
],
[
5,
3
],
[
4,
5
],
[
8,
3
],
[
8,
6
],
[
7,
8
],
[
6,
7
],
[
7,
5
],
[
6,
4
],
[
9,
8
],
[
9,
7
],
[
6,
9
]
],
"opt_parameters": {
"pos_devi": 0.1,
"layers": [
[
2,
1,
10,
11,
0,
9,
3,
4,
5
],
[
13,
8,
7,
6,
12,
14
],
[
17,
16,
15
]
],
"contactopt_trust_region_start": 0.1,
"clamp_collision_dist": 0.024,
"clamp_t_bnd": 0.2,
"clamp_gap": 0.016,
"orient_devi": 0.2617993877991494,
"bar_collision_distance": 0.05,
"time_out": 200,
"debug_mode": true,
"adjustopt_trust_region_start": 0.1,
"bar_available_lengths": [
0.5,
1.0
],
"opt_tol": 0.001,
"trust_region_lobnd": 1e-06,
"trust_region_upbnd": 1.0,
"contact_ignore_para_tol": 0.0001,
"line_para_tol": 0.0001,
"bigM": 1,
"pos_tol": 1e-06,
"bar_contact_distance_tol": 0,
"bar_contact_distance": 0.018000000000000002,
"fixed_contact_pairs": [
[
1,
5
],
[
4,
5
],
[
0,
5
],
[
0,
6
],
[
2,
6
],
[
5,
6
],
[
0,
1
],
[
0,
3
],
[
2,
3
],
[
3,
7
],
[
3,
8
],
[
7,
10
],
[
8,
10
],
[
4,
7
],
[
4,
9
],
[
4,
15
],
[
7,
15
],
[
9,
15
],
[
6,
8
],
[
6,
9
],
[
8,
9
],
[
8,
14
],
[
11,
15
],
[
13,
15
],
[
15,
18
],
[
12,
13
],
[
12,
14
],
[
14,
17
],
[
10,
11
],
[
10,
12
],
[
10,
16
],
[
12,
16
],
[
16,
17
],
[
16,
18
],
[
17,
18
]
]
}
}