{
"line_pt_pairs": [
[
[
-0.3842955131085264,
-0.4635507091936029,
-0.43941764326511945
],
[
0.5205904085229276,
-0.03789654342848986,
-0.43941764326511945
]
],
[
[
0.4674874883799873,
-0.15056072373785723,
-0.07129170525842435
],
[
-0.3348930601028552,
0.44621209079381424,
-0.0643878474730884
]
],
[
[
-0.20007494611747437,
0.5188929775877055,
-0.12622341331845757
],
[
-0.24217723588341653,
-0.46999958054111773,
0.016320985638136706
]
],
[
[
-0.4327226505186337,
-0.43095834653819476,
-0.050201683839571985
],
[
0.45399036434375295,
0.026660775833146078,
-0.11596465300718692
]
],
[
[
0.42493504711786895,
-0.049956715075099356,
0.2431175328940695
],
[
0.44980887035469214,
-0.1445591314283384,
-0.7520868057910628
]
],
[
[
0.43043407566167946,
-0.20706357990897095,
-0.4587034082952262
],
[
-0.3353863933934113,
0.4219691788127796,
-0.5922578826910497
]
],
[
[
-0.1532059024447735,
0.47804927595416846,
-0.44460598867617224
],
[
-0.3053239884258719,
-0.5092722874991997,
-0.399260445814237
]
],
[
[
-0.21384843748166876,
-0.2981599478076986,
0.27650888346812014
],
[
-0.16694452677287097,
-0.44918074360686105,
-0.710908324401182
]
],
[
[
-0.4543459351089121,
-0.41081326065360224,
-0.42066275930302094
],
[
0.4640549305102514,
-0.03344658732873401,
-0.5395502855355638
]
],
[
[
-0.13919246310989938,
0.471963319166546,
0.142205594596005
],
[
-0.24722317212940376,
0.3360062817996864,
-0.8426015184465289
]
],
[
[
-0.1371402404500571,
0.44508684952351,
0.6167929160793129
],
[
-0.30994942905529627,
0.4280247214787201,
-0.36801461238509847
]
],
[
[
-0.2276991952818093,
0.5415983642508639,
0.3193208673988548
],
[
-0.20176658924405538,
-0.4569687662524931,
0.36613097124815336
]
],
[
[
-0.21297385926984946,
-0.33016054663243466,
0.6487005053125896
],
[
-0.308231047459252,
-0.41837930824613356,
-0.34283543362134267
]
],
[
[
0.36817758257876154,
-0.1003499900844516,
0.6478166687568734
],
[
0.3503314671308357,
-0.11661734707180896,
-0.3518917333584961
]
],
[
[
-0.3988975979922455,
-0.4566270078591967,
0.32358041180871233
],
[
0.5314668237313855,
-0.10790143460755452,
0.21038802093738557
]
],
[
[
0.4227263428160384,
-0.21351826960792558,
0.2760875838318213
],
[
-0.300459919281728,
0.4632667828772554,
0.13837911261203167
]
],
[
[
0.028548053142690693,
-0.15889611033438963,
0.755799260353172
],
[
-0.211732527756093,
0.5427911605626202,
0.0850532456023948
]
],
[
[
0.10483183639332809,
0.14557480266504375,
0.7731512148753577
],
[
-0.2611763823469541,
-0.502274969360491,
0.10507288361394895
]
],
[
[
-0.23490137291264754,
-0.05311592678523619,
0.7944834613756657
],
[
0.570190910465572,
-0.17186118383387305,
0.21334150008453884
]
]
],
"contact_id_pairs": [
[
0,
6
],
[
0,
7
],
[
6,
8
],
[
0,
4
],
[
0,
5
],
[
5,
8
],
[
5,
9
],
[
6,
9
],
[
1,
2
],
[
1,
10
],
[
2,
9
],
[
2,
7
],
[
2,
12
],
[
3,
7
],
[
3,
12
],
[
1,
3
],
[
1,
4
],
[
1,
13
],
[
11,
12
],
[
12,
14
],
[
14,
17
],
[
13,
15
],
[
13,
18
],
[
14,
15
],
[
10,
11
],
[
10,
15
],
[
10,
16
],
[
16,
17
],
[
16,
18
]
],
"contact_t_pairs": [
[
0.10380904083918625,
0.9071343512597171
],
[
0.20892412321709716,
0.7193380912403619
],
[
0.8281289602074235,
0.18613623004490176
],
[
0.8961909591608141,
0.6823440041428162
],
[
0.7944497443346611,
0.12219842547980349
],
[
0.17803619018711067,
0.8138637699550981
],
[
0.8778015745201967,
0.7355655332741616
],
[
0.09286564874028279,
0.588427373499741
],
[
0.8363210205187109,
0.17726776220710067
],
[
0.9301044088395272,
0.6964815254642212
],
[
0.08174230577422457,
0.264434466725838
],
[
0.8678220468595882,
0.2806619087596381
],
[
0.9182576942257754,
0.6462396259250984
],
[
0.24614542595489472,
0.34159862538536834
],
[
0.15246006257021835,
0.7137203487623021
],
[
0.1831880589042813,
0.8475399374297815
],
[
0.06989559116047274,
0.31765599585718385
],
[
0.11296958569377542,
0.717684439558257
],
[
0.8975344619794214,
0.28627965123769794
],
[
0.3499637982301708,
0.17777425941256467
],
[
0.2613246621674042,
0.7465901876748634
],
[
0.38911821801306024,
0.11915650633227742
],
[
0.28231556044174266,
0.7368839351348068
],
[
0.8222257405874355,
0.07677097087414747
],
[
0.30351847453577885,
0.10246553802057896
],
[
0.4799392584804442,
0.9232290291258525
],
[
0.4373594826576855,
0.85868124965809
],
[
0.20431978895552072,
0.2534098123251363
],
[
0.14131875034190958,
0.2631160648651933
]
],
"half_couplers": [
{
"pose": [
[
0.4250182999464409,
0.02325754810440611,
0.9048859216314553,
-0.29036017351508203
],
[
-0.9035341528162117,
-0.049442551122479195,
0.4256541657651099,
-0.4193639585163225
],
[
0.0546395406763977,
-0.9985061444952017,
5.773159728050814e-15,
-0.43941764326511945
],
[
0.0,
0.0,
0.0,
1.0
]
],
"at_element": 0,
"to_element": 6
},
{
"pose": [
[
0.988088647021925,
-0.02325754810440965,
-0.1521180859810982,
-0.29119744368610706
],
[
-0.15083621739654396,
0.0494425511224762,
-0.9873215634533685,
-0.4175840299938323
],
[
0.03048378499931135,
0.9985061444952017,
0.0453455428619326,
-0.4034714890695909
],
[
0.0,
0.0,
0.0,
1.0
]
],
"at_element": 6,
"to_element": 0
},
{
"pose": [
[
0.06668247219943435,
-0.420398521327759,
0.9048859216314538,
-0.19524301532017999
],
[
-0.1417583455441768,
0.8937130986146411,
0.42565416576511333,
-0.37462128581742177
],
[
-0.9876527827986663,
-0.15665880323189812,
-2.220446049250313e-16,
-0.43941764326511945
],
[
0.0,
0.0,
0.0,
1.0
]
],
"at_element": 0,
"to_element": 7
},
{
"pose": [
[
0.9061264296033168,
0.4203985213277594,
0.046903910708797944,
-0.1801086678806938
],
[
0.4224566446403755,
-0.8937130986146409,
-0.1510207957991631,
-0.40679495879546856
],
[
-0.021570279867005413,
0.1566588032318978,
-0.987417207869302,
-0.4337779260984713
],
[
0.0,
0.0,
0.0,
1.0
]
],
"at_element": 7,
"to_element": 0
},
{
"pose": [
[
0.9813896477751045,
0.11719405768768067,
-0.1521180859810984,
-0.27917929481704395
],
[
-0.15632598533155434,
0.027537549820476293,
-0.9873215634533683,
-0.3395803037788371
],
[
-0.11151926089234512,
0.9927271710760119,
0.04534554286193637,
-0.4070540314158766
],
[
0.0,
0.0,
0.0,
1.0
]
],
"at_element": 6,
"to_element": 8
},
{
"pose": [
[
0.37789602124482435,
-0.1171940576876801,
0.9184008656191631,
-0.2833982603125866
],
[
-0.9256544048475147,
-0.02753754982047618,
0.3773666733248689,
-0.3405716507363253
],
[
-0.018934622090886588,
-0.9927271710760122,
-0.11888752623254395,
-0.44279203523531085
],
[
0.0,
0.0,
0.0,
1.0
]
],
"at_element": 8,
"to_element": 6
},
{
"pose": [
[
0.040951001844987234,
-0.42367969538447847,
0.9048859216314549,
0.4266550689294837
],
[
-0.08705655442047514,
0.900688451962854,
0.42565416576511106,
-0.08208329410577006
],
[
-0.995361327247712,
-0.09620721500840415,
3.3306690738754696e-16,
-0.43941764326511945
],
[
0.0,
0.0,
0.0,
1.0
]
],
"at_element": 0,
"to_element": 4
},
{
"pose": [
[
0.9054704902074392,
0.4236796953844767,
0.024873823236823873,
0.44190755126362347
],
[
0.42404091231965235,
-0.9006884519628555,
-0.09460241635324211,
-0.11450810665115431
],
[
-0.01767755759760446,
0.09620721500839897,
-0.9952043386851324,
-0.435954180504647
],
[
0.0,
0.0,
0.0,
1.0
]
],
"at_element": 4,
"to_element": 0
},
{
"pose": [
[
-0.4209945700709907,
-0.06280955981326275,
0.9048859216314538,
0.33459087598361636
],
[
0.8949802214569315,
0.13352503273808813,
0.42565416576511295,
-0.12538986602652538
],
[
-0.14756007309446323,
0.9890530950501881,
0.0,
-0.43941764326511945
],
[
0.0,
0.0,
0.0,
1.0
]
],
"at_element": 0,
"to_element": 5
},
{
"pose": [
[
0.6399796624677259,
0.0628095598132632,
-0.7658204690550912,
0.3368520201429428
],
[
0.7658256029196181,
-0.13352503273808924,
0.6290327587217504,
-0.1301967672179559
],
[
-0.0627469325186441,
-0.9890530950501881,
-0.13355447439582235,
-0.47502355478217856
],
[
0.0,
0.0,
0.0,
1.0
]
],
"at_element": 5,
"to_element": 0
},
{
"pose": [
[
-0.6424743738728371,
0.027307290106269477,
-0.76582046905509,
0.29409031698380506
],
[
-0.7396267087128572,
0.2393117636337343,
0.6290327587217521,
-0.09507298404326246
],
[
0.20044702710514917,
0.9705587007974137,
-0.13355447439582058,
-0.48248093809910064
],
[
0.0,
0.0,
0.0,
1.0
]
],
"at_element": 5,
"to_element": 8
},
{
"pose": [
[
0.39470769176319,
-0.027307290106268867,
0.9184008656191625,
0.29310725571392576
],
[
-0.8946084471154045,
-0.23931176363372852,
0.37736667332486973,
-0.10368819724601103
],
[
0.20947926964914482,
-0.9705587007974152,
-0.11888752623254595,
-0.5174210096032739
],
[
0.0,
0.0,
0.0,
1.0
]
],
"at_element": 8,
"to_element": 5
},
{
"pose": [
[
-0.00952119983657207,
-0.6429839468679719,
-0.7658204690550894,
-0.24180433787467479
],
[
-0.21875655561084245,
-0.7459647162112844,
0.6290327587217523,
0.3451023661217647
],
[
-0.9757330147796335,
0.17351739462631124,
-0.13355447439582302,
-0.5759377362040974
],
[
0.0,
0.0,
0.0,
1.0
]
],
"at_element": 5,
"to_element": 9
},
{
"pose": [
[
-0.758222269508636,
0.6429839468679733,
-0.10803070901950343,
-0.2186561291998169
],
[
0.6519603716164403,
0.7459647162112831,
-0.13595703736685702,
0.37195800847341676
],
[
-0.006831095294780674,
-0.17351739462631174,
-0.984807113042534,
-0.582184574681314
],
[
0.0,
0.0,
0.0,
1.0
]
],
"at_element": 9,
"to_element": 5
},
{
"pose": [
[
-0.09242546437208077,
0.9840313112157827,
-0.15211808598109827,
-0.16733244718453832
],
[
-0.03146827595598711,
-0.1555823831555303,
-0.9873215634533684,
0.38636101844880116
],
[
-0.9952222270146318,
-0.08646676007919651,
0.04534554286193493,
-0.4403949454208183
],
[
0.0,
0.0,
0.0,
1.0
]
],
"at_element": 6,
"to_element": 9
},
{
"pose": [
[
-0.1414628730645966,
-0.984031311215783,
-0.10803070901950573,
-0.2027606894755611
],
[
-0.9784221001398492,
0.15558238315552975,
-0.13595703736685796,
0.39196247675995866
],
[
0.1505936569123587,
0.08646676007919533,
-0.984807113042534,
-0.43728186833547567
],
[
0.0,
0.0,
0.0,
1.0
]
],
"at_element": 9,
"to_element": 6
},
{
"pose": [
[
-0.5864934922655418,
0.11050266488434513,
-0.8023805484828423,
-0.20356023077154656
],
[
-0.7905959888719668,
0.13718669839129494,
0.5967728145316716,
0.34853292552909365
],
[
0.17602092463603825,
0.9843622152632404,
0.006903857785336309,
-0.06551786386987614
],
[
0.0,
0.0,
0.0,
1.0
]
],
"at_element": 1,
"to_element": 2
},
{
"pose": [
[
-0.992983664644048,
-0.11050266488434515,
-0.04210228976594208,
-0.20753832480807788
],
[
0.05719543917069877,
-0.13718669839129283,
-0.9888925581288229,
0.3435942067449538
],
[
0.10349938882982904,
-0.9843622152632406,
0.1425443989565962,
-0.10095488670026594
],
[
0.0,
0.0,
0.0,
1.0
]
],
"at_element": 2,
"to_element": 1
},
{
"pose": [
[
-0.07574026653971888,
-0.5919872189843828,
-0.8023805484828435,
-0.27881019733098245
],
[
-0.09034728881427878,
-0.797307704239623,
0.5967728145316701,
0.40450030213362387
],
[
-0.9930260718774717,
0.11769263918902576,
0.006903857785336531,
-0.0648703966942823
],
[
0.0,
0.0,
0.0,
1.0
]
],
"at_element": 1,
"to_element": 10
},
{
"pose": [
[
-0.7872027165176303,
0.5919872189843813,
-0.17280918860523903,
-0.2574986477440684
],
[
0.6033318394935931,
0.7973077042396244,
-0.017062128044789654,
0.4332033925552089
],
[
0.12768153570716495,
-0.11769263918902423,
-0.9848075284644109,
-0.06910733363422972
],
[
0.0,
0.0,
0.0,
1.0
]
],
"at_element": 10,
"to_element": 1
},
{
"pose": [
[
0.10808906078504155,
-0.9932492900249524,
-0.04210228976594255,
-0.20351648436131703
],
[
0.1373252970221438,
0.056861861341431785,
-0.988892558128823,
0.4380586197232841
],
[
0.9846108458352404,
0.10110675837804117,
0.14254439895659465,
-0.11457150547254459
],
[
0.0,
0.0,
0.0,
1.0
]
],
"at_element": 2,
"to_element": 9
},
{
"pose": [
[
0.04225179018303504,
0.9932492900249523,
-0.10803070901950372,
-0.1677595060394862
],
[
0.989081600635263,
-0.05686186134143201,
-0.13595703736686024,
0.4360115924928156
],
[
-0.14118205803541345,
-0.10110675837804146,
-0.9848071130425335,
-0.11821134916920947
],
[
0.0,
0.0,
0.0,
1.0
]
],
"at_element": 9,
"to_element": 2
},
{
"pose": [
[
-0.04718356789510314,
-0.9979985511598468,
-0.042102289765939716,
-0.2366122413996298
],
[
0.14447967963161285,
0.03488739960182918,
-0.9888925581288236,
-0.3392897863318642
],
[
0.9883821796725367,
-0.05274240449457379,
0.14254439895659188,
-0.0025202412475761778
],
[
0.0,
0.0,
0.0,
1.0
]
],
"at_element": 2,
"to_element": 7
},
{
"pose": [
[
0.04241361860378812,
0.997998551159847,
0.046903910708798104,
-0.20068429637384597
],
[
0.9879147678748457,
-0.034887399601827296,
-0.15102079579916278,
-0.34054573261909105
],
[
-0.1490821799267853,
0.05274240449457104,
-0.9874172078693024,
-0.0006215148345905253
],
[
0.0,
0.0,
0.0,
1.0
]
],
"at_element": 7,
"to_element": 2
},
{
"pose": [
[
-0.09748839647196772,
0.9943457194305153,
-0.04210228976594471,
-0.23873569763957386
],
[
-0.1379240030140313,
-0.05539384325011709,
-0.9888925581288228,
-0.38916522267669634
],
[
-0.9856332897918527,
-0.09059863343446511,
0.14254439895659676,
0.004669077792223716
],
[
0.0,
0.0,
0.0,
1.0
]
],
"at_element": 2,
"to_element": 12
},
{
"pose": [
[
-0.04693248713268461,
-0.9943457194305154,
-0.09525718818940282,
-0.27453282893204567
],
[
-0.9945596876152416,
0.05539384325011931,
-0.08821876161369863,
-0.38717100613724686
],
[
0.09299660973505319,
0.09059863343446245,
-0.9915359389339322,
0.00793069104463398
],
[
0.0,
0.0,
0.0,
1.0
]
],
"at_element": 12,
"to_element": 2
},
{
"pose": [
[
0.013736459967859549,
-0.4621161530840584,
0.8867130148623863,
-0.21446229777558262
],
[
-0.16826079632006322,
0.8730824951067462,
0.45761912237134145,
-0.318317492736996
],
[
-0.9856467998676248,
-0.15548510474309013,
-0.06576296916761515,
-0.06638893789739317
],
[
0.0,
0.0,
0.0,
1.0
]
],
"at_element": 3,
"to_element": 7
},
{
"pose": [
[
0.8855781638110842,
0.46211615308405907,
0.04690391070879802,
-0.19782612605834538
],
[
0.4635943010589826,
-0.8730824951067457,
-0.15102079579916336,
-0.3497484440572969
],
[
-0.028838165798501215,
0.15548510474308994,
-0.987417207869302,
-0.060791477421891976
],
[
0.0,
0.0,
0.0,
1.0
]
],
"at_element": 7,
"to_element": 3
},
{
"pose": [
[
-0.04245801355399714,
-0.4603665347945109,
0.8867130148623866,
-0.29753432879088726
],
[
-0.06103953508126708,
0.8870506828795897,
0.45761912237134095,
-0.3611897065081317
],
[
-0.9972319149736993,
-0.03469495127749808,
-0.06576296916761493,
-0.0602279102336699
],
[
0.0,
0.0,
0.0,
1.0
]
],
"at_element": 3,
"to_element": 12
},
{
"pose": [
[
0.8826033773669479,
0.460366534794511,
-0.09525718818940232,
-0.28096085284650607
],
[
0.4531650208281734,
-0.8870506828795899,
-0.08821876161369976,
-0.3931240719387422
],
[
-0.12511091942056088,
0.03469495127749734,
-0.991535938933932,
-0.05897887083369319
],
[
0.0,
0.0,
0.0,
1.0
]
],
"at_element": 12,
"to_element": 3
},
{
"pose": [
[
-0.5949440226100653,
0.047191793533703175,
-0.8023805484828421,
0.3205009532008628
],
[
-0.8007293430917662,
0.05191075946059054,
0.596772814531672,
-0.04123907023695565
],
[
0.06981496309805513,
0.9975360683580805,
0.006903857785337197,
-0.07002700095177744
],
[
0.0,
0.0,
0.0,
1.0
]
],
"at_element": 1,
"to_element": 3
},
{
"pose": [
[
0.45990538580965756,
-0.047191793533703064,
0.8867130148623861,
0.3188020426160064
],
[
-0.8876316870708864,
-0.05191075946058832,
0.45761912237134134,
-0.04310786419691701
],
[
0.024434078885071764,
-0.9975360683580805,
-0.06576296916761581,
-0.105938426613089
],
[
0.0,
0.0,
0.0,
1.0
]
],
"at_element": 3,
"to_element": 1
},
{
"pose": [
[
-0.04209883997676478,
-0.595326081310893,
-0.802380548482842,
0.4114046256081147
],
[
-0.04505662796302157,
-0.8011442492538707,
0.5967728145316717,
-0.10884893507766688
],
[
-0.9980969832382084,
0.06127600507920905,
0.006903857785335865,
-0.07080915603723047
],
[
0.0,
0.0,
0.0,
1.0
]
],
"at_element": 1,
"to_element": 4
},
{
"pose": [
[
-0.8030990909150619,
0.5953260813108935,
0.02487382323682293,
0.4328363662089376
],
[
0.5909469305340201,
0.8011442492538707,
-0.09460241635323983,
-0.08000773985228343
],
[
-0.07624680625325385,
-0.06127600507920879,
-0.9952043386851324,
-0.07301509239234627
],
[
0.0,
0.0,
0.0,
1.0
]
],
"at_element": 4,
"to_element": 1
},
{
"pose": [
[
0.019683927568851733,
0.596488053871858,
-0.8023805484828427,
0.3768428902491363
],
[
0.014900556479454985,
0.8022718873627259,
0.5967728145316711,
-0.083143546126906
],
[
0.9996952117580972,
-0.023702749536985868,
0.006903857785336087,
-0.0705117793047262
],
[
0.0,
0.0,
0.0,
1.0
]
],
"at_element": 1,
"to_element": 13
},
{
"pose": [
[
0.8024235276657727,
-0.5964880538718578,
-0.01784611544792656,
0.35536970321522493
],
[
-0.5967371212218116,
-0.8022718873627261,
-0.016267356987359472,
-0.11202481906701725
],
[
-0.004614152611472326,
0.023702749536983234,
-0.9997084021153693,
-0.0696584955369762
],
[
0.0,
0.0,
0.0,
1.0
]
],
"at_element": 13,
"to_element": 1
},
{
"pose": [
[
-0.09634804423017607,
0.9950098262414855,
0.025932606037751382,
-0.20442378767398955
],
[
-0.04910451185343817,
0.02127046764711915,
-0.9985671305033572,
-0.3546500479758013
],
[
-0.9941357056703355,
-0.09748339801710865,
0.04681010384930118,
0.3613345487724358
],
[
0.0,
0.0,
0.0,
1.0
]
],
"at_element": 11,
"to_element": 12
},
{
"pose": [
[
0.029690297761012063,
-0.9950098262414856,
-0.09525718818940182,
-0.24024405388259537
],
[
-0.995873996701098,
-0.02127046764711671,
-0.08821876161369817,
-0.355415782939826
],
[
0.08575236972494688,
0.09748339801710666,
-0.9915359389339322,
0.36484394252494007
],
[
0.0,
0.0,
0.0,
1.0
]
],
"at_element": 12,
"to_element": 11
},
{
"pose": [
[
-0.9297067685573324,
-0.355768734709687,
-0.09525718818940246,
-0.24631042665733893
],
[
-0.3481033888261695,
0.93329603062859,
-0.08821876161369929,
-0.36103391952192665
],
[
0.12028863282297123,
-0.04885822976721885,
-0.991535938933932,
0.30169882204155196
],
[
0.0,
0.0,
0.0,
1.0
]
],
"at_element": 12,
"to_element": 14
},
{
"pose": [
[
0.08860389491393583,
0.3557687347096886,
0.9303644217236319,
-0.23350275193652803
],
[
0.08572627236287414,
-0.9332960306285898,
0.34872557325164055,
-0.39463257733616397
],
[
0.9923710777893756,
0.04885822976721746,
-0.11319239087132726,
0.3034577183504247
],
[
0.0,
0.0,
0.0,
1.0
]
],
"at_element": 14,
"to_element": 12
},
{
"pose": [
[
-0.10402698556143286,
0.35156852684200196,
0.9303644217236308,
-0.1557704297927453
],
[
0.5471244888291452,
-0.7609502403467387,
0.34872557325164266,
-0.365496415240077
],
[
0.8305619663808642,
0.5453020288339159,
-0.11319239087132682,
0.29400044850434215
],
[
0.0,
0.0,
0.0,
1.0
]
],
"at_element": 14,
"to_element": 17
},
{
"pose": [
[
-0.8616481618089311,
-0.35156852684200257,
-0.36600821874028244,
-0.16842630832652167
],
[
-0.03529029048767329,
0.7609502403467385,
-0.6478497720255341,
-0.33810348021661774
],
[
0.5062776319852438,
-0.5453020288339161,
-0.6680783312614094,
0.27437048815739296
],
[
0.0,
0.0,
0.0,
1.0
]
],
"at_element": 17,
"to_element": 14
},
{
"pose": [
[
-0.7278187852042184,
0.6855372579716399,
-0.01784611544792563,
0.3612333339372093
],
[
0.6857670549189647,
0.7276392784095808,
-0.01626735698735678,
-0.1066799150471544
],
[
0.0018336552633843092,
-0.024077966033489172,
-0.999708402115369,
0.25881191679305693
],
[
0.0,
0.0,
0.0,
1.0
]
],
"at_element": 13,
"to_element": 15
},
{
"pose": [
[
0.0839064851235427,
-0.6855372579716394,
-0.7231862620977658,
0.3365539943969698
],
[
-0.11181714201415688,
-0.7276392784095811,
0.6767850524851814,
-0.1328749272158844
],
[
-0.9901800990254239,
0.024077966033489218,
-0.13770847121978913,
0.2596787235089122
],
[
0.0,
0.0,
0.0,
1.0
]
],
"at_element": 15,
"to_element": 13
},
{
"pose": [
[
-0.9909808757546634,
0.13280971369572364,
-0.01784611544792568,
0.36313934649437235
],
[
0.13310106799964955,
0.9909689595512055,
-0.01626735698735468,
-0.10494251808924329
],
[
0.015524483433384901,
-0.01849597669930643,
-0.9997084021153697,
0.36558343093535384
],
[
0.0,
0.0,
0.0,
1.0
]
],
"at_element": 13,
"to_element": 18
},
{
"pose": [
[
0.5780899542397395,
-0.13280971369572417,
0.8050922833782198,
0.3583581970097619
],
[
-0.06229032938149259,
-0.9909689595512055,
-0.11874525704863588,
-0.14061739907782986
],
[
0.8135919859933732,
0.018495976699304736,
-0.581141961291127,
0.3662492860675006
],
[
0.0,
0.0,
0.0,
1.0
]
],
"at_element": 18,
"to_element": 13
},
{
"pose": [
[
0.3652789693072356,
-0.03151693786991905,
0.9303644217236317,
0.3660719776756682
],
[
-0.9081789380482502,
-0.23151995820202398,
0.3487255732516414,
-0.16989586513058724
],
[
0.20440716980428142,
-0.9723194904872765,
-0.11319239087132549,
0.2305107143956732
],
[
0.0,
0.0,
0.0,
1.0
]
],
"at_element": 14,
"to_element": 15
},
{
"pose": [
[
-0.6899335569026657,
0.03151693786991844,
-0.7231862620977664,
0.36720663135194714
],
[
-0.698827948558703,
0.23151995820202176,
0.6767850524851806,
-0.16156082405552738
],
[
0.188762245623616,
0.9723194904872767,
-0.1377084712197898,
0.26551557079868343
],
[
0.0,
0.0,
0.0,
1.0
]
],
"at_element": 15,
"to_element": 14
},
{
"pose": [
[
-0.0201474642794226,
0.9847492391551813,
-0.17280918860523928,
-0.189591021761285
],
[
0.9997019850585476,
0.01745923413506334,
-0.01706212804479,
0.4399081784470213
],
[
-0.01378480152592601,
-0.17310144750032797,
-0.9848075284644113,
0.3178856373284441
],
[
0.0,
0.0,
0.0,
1.0
]
],
"at_element": 10,
"to_element": 11
},
{
"pose": [
[
0.17203614715338778,
-0.9847492391551813,
0.025932606037754657,
-0.22504199685187512
],
[
0.05058518579296184,
-0.017459234135062784,
-0.9985671305033571,
0.43927964597417174
],
[
0.9837909854490989,
0.1731014475003273,
0.04681010384929751,
0.32411728987457233
],
[
0.0,
0.0,
0.0,
1.0
]
],
"at_element": 11,
"to_element": 10
},
{
"pose": [
[
-0.7022763595181403,
0.6906119744078777,
-0.17280918860523956,
-0.22007815428786281
],
[
0.7031898992021618,
0.7107973335956155,
-0.017062128044790792,
0.4368980644415951
],
[
0.11104900054481312,
-0.1335000050854538,
-0.9848075284644116,
0.14414512112214428
],
[
0.0,
0.0,
0.0,
1.0
]
],
"at_element": 10,
"to_element": 15
},
{
"pose": [
[
0.007532006208021524,
-0.6906119744078763,
-0.723186262097765,
-0.24494020781763676
],
[
-0.19164848886957264,
-0.7107973335956166,
0.6767850524851826,
0.4113093373248572
],
[
-0.9814347281386021,
0.13350000508545679,
-0.1377084712197889,
0.14895112564516955
],
[
0.0,
0.0,
0.0,
1.0
]
],
"at_element": 15,
"to_element": 10
},
{
"pose": [
[
0.16722748726287195,
-0.9706554238437781,
-0.17280918860524014,
-0.2127199777769389
],
[
-0.9858420546616653,
-0.1668062560189194,
-0.017062128044791097,
0.43762456602880156
],
[
-0.012264206627913901,
0.17321582235929298,
-0.9848075284644109,
0.18607800491272408
],
[
0.0,
0.0,
0.0,
1.0
]
],
"at_element": 10,
"to_element": 16
},
{
"pose": [
[
0.009658706207286483,
0.970655423843778,
-0.24028058089878382,
-0.17777637633204868
],
[
0.6926836556567922,
0.16680625601891907,
0.7016872708970097,
0.44362959230862953
],
[
0.7211768594320979,
-0.17321582235929406,
-0.6707460147507771,
0.17984223420379097
],
[
0.0,
0.0,
0.0,
1.0
]
],
"at_element": 16,
"to_element": 10
},
{
"pose": [
[
-0.3475885225015931,
-0.9063373883207637,
-0.2402805808987829,
-0.020546024436658712
],
[
-0.7073658461300638,
0.0852556953511403,
0.701687270897009,
-0.015527515231937294
],
[
-0.6154801205188177,
0.41386471816535725,
-0.6707460147507778,
0.6187525761765366
],
[
0.0,
0.0,
0.0,
1.0
]
],
"at_element": 16,
"to_element": 17
},
{
"pose": [
[
-0.21116468063211702,
0.9063373883207634,
-0.36600821874028133,
0.012081762372895738
],
[
0.7569822582443112,
-0.08525569535114141,
-0.647849772025534,
-0.018596686478829366
],
[
-0.6183747555947597,
-0.41386471816535775,
-0.6680783312614098,
0.6038536103319139
],
[
0.0,
0.0,
0.0,
1.0
]
],
"at_element": 17,
"to_element": 16
},
{
"pose": [
[
-0.8376185352086156,
0.4905715359842192,
-0.24028058089878318,
-0.005408098281353527
],
[
0.1993333517046829,
0.6840330319211803,
0.7016872708970104,
-0.059734542080399244
],
[
0.5085876565284986,
0.5398503304831824,
-0.670746014750776,
0.6610102717517762
],
[
0.0,
0.0,
0.0,
1.0
]
],
"at_element": 16,
"to_element": 18
},
{
"pose": [
[
0.333415631497574,
-0.49057153598422065,
0.8050922833782204,
-0.023068659456837337
],
[
-0.7197210398266622,
-0.6840330319211803,
-0.11874525704863506,
-0.08435971154127937
],
[
0.6089627587167399,
-0.539850330483182,
-0.5811419612911266,
0.6415756753927039
],
[
0.0,
0.0,
0.0,
1.0
]
],
"at_element": 18,
"to_element": 16
}
],
"nstatus": 0,
"opt_line_pos": [
[
-0.19987163762727178,
-0.3767985684114694,
-0.43941764326511945
],
[
0.37662226927644454,
-0.08297945865112295,
-0.07050988103360932
],
[
-0.20356471746296143,
0.4369257275329355,
-0.11440820417653581
],
[
-0.24987400313829908,
-0.3365929361534589,
-0.06376263282584485
],
[
0.43224640806726894,
-0.07776395669045338,
-0.049410803793797635
],
[
0.3397729275615535,
-0.13259595413674707,
-0.47451416613194736
],
[
-0.1594215010211614,
0.43770696909001044,
-0.442753153821984
],
[
-0.19599388139160354,
-0.3556478891886007,
-0.09936373900152808
],
[
-0.24987011174836551,
-0.32679508936745927,
-0.447132273568242
],
[
-0.16734231119531698,
0.43653663371056545,
-0.11440820417653581
],
[
-0.20279723009135467,
0.4386042777729168,
0.24262590437737028
],
[
-0.22500103756812662,
0.43770245799774304,
0.3241912241457007
],
[
-0.24801313730567726,
-0.3626108191516344,
0.28397523777958494
],
[
0.3613602224721369,
-0.10656425171967603,
0.26591999220977136
],
[
-0.24819197356497066,
-0.40013849212975516,
0.3052448762396761
],
[
0.3386030881028256,
-0.134792546595492,
0.2600689100713629
],
[
-0.012673359498388725,
-0.03851792400553792,
0.6407292112132114
],
[
0.0024548274823951986,
-0.03563676168692478,
0.5862814732390809
],
[
-0.06420057708350485,
-0.0782930528087084,
0.6712660398077324
]
],
"opt_line_orient": [
[
0.904885921631454,
0.42565416576511306,
0.0
],
[
-0.8023805484828427,
0.5967728145316715,
0.006903857785335944
],
[
-0.042102289765942165,
-0.9888925581288232,
0.14254439895659426
],
[
0.8867130148623866,
0.45761912237134084,
-0.06576296916761494
],
[
0.024873823236823207,
-0.09460241635323906,
-0.9952043386851325
],
[
-0.7658204690550908,
0.6290327587217506,
-0.13355447439582355
],
[
-0.1521180859810984,
-0.9873215634533683,
0.04534554286193523
],
[
0.046903910708797784,
-0.15102079579916244,
-0.9874172078693022
],
[
0.9184008656191635,
0.37736667332486823,
-0.11888752623254285
],
[
-0.10803070901950435,
-0.13595703736685957,
-0.9848071130425335
],
[
-0.17280918860523914,
-0.017062128044789862,
-0.9848075284644112
],
[
0.025932606037753905,
-0.9985671305033571,
0.046810103849298616
],
[
-0.09525718818940254,
-0.08821876161369885,
-0.9915359389339321
],
[
-0.017846115447925852,
-0.016267356987357366,
-0.9997084021153696
],
[
0.9303644217236311,
0.34872557325164216,
-0.11319239087132678
],
[
-0.7231862620977664,
0.676785052485181,
-0.13770847121978963
],
[
-0.2402805808987837,
0.7016872708970098,
-0.6707460147507771
],
[
-0.36600821874028217,
-0.6478497720255347,
-0.6680783312614087
],
[
0.8050922833782197,
-0.11874525704863688,
-0.5811419612911269
]
],
"opt_edge_ids": [
[
0,
1
],
[
5,
3
],
[
3,
4
],
[
4,
5
],
[
5,
1
],
[
1,
2
],
[
2,
0
],
[
4,
0
],
[
0,
1
],
[
3,
2
],
[
8,
3
],
[
8,
6
],
[
6,
4
],
[
7,
5
],
[
6,
7
],
[
7,
8
],
[
9,
8
],
[
9,
6
],
[
9,
7
]
]
}