{
"line_pt_pairs": [
[
[
-0.3300412877621147,
-0.4380297717173926,
-0.43941764326511945
],
[
0.5748446338693393,
-0.01237560595227949,
-0.43941764326511945
]
],
[
[
0.4589024858626546,
-0.18517615889373523,
-0.021457401204559187
],
[
-0.24471962488907023,
0.5085218922998138,
-0.17540199848409838
]
],
[
[
-0.18235850549079347,
0.5356675237014411,
-0.03975217738696732
],
[
-0.23235373552034216,
-0.4579879523436768,
-0.1404957722198048
]
],
[
[
-0.385839292936929,
-0.4951912295830416,
-0.09716965542669385
],
[
0.515882729622733,
-0.06329013042016979,
-0.1161125847887458
]
],
[
[
0.3732037010347504,
-0.036367520647290624,
0.20075281511802734
],
[
0.45252167178301816,
-0.17053116886679426,
-0.787026904765313
]
],
[
[
0.49716608479853197,
-0.14096448902116673,
-0.4635899926169799
],
[
-0.24930091130430565,
0.5110131851227324,
-0.5966769421917522
]
],
[
[
-0.17065570065011204,
0.523137406650998,
-0.4387886024995412
],
[
-0.1678193418459456,
-0.4723276652663086,
-0.5338740675370832
]
],
[
[
-0.1789572413356659,
-0.32625799395813304,
0.1752666102620125
],
[
-0.2152068611273509,
-0.3448026388653591,
-0.823904076462845
]
],
[
[
-0.31433034255541104,
-0.4899716329081067,
-0.4772948422153613
],
[
0.5675609933947929,
-0.026533377573362882,
-0.5638549662232063
]
],
[
[
-0.11576511725360214,
0.5123159436797401,
0.17693854009086135
],
[
-0.2600977364452806,
0.4241526499302912,
-0.8086553563353078
]
],
[
[
-0.16821822103188677,
0.5227519293374568,
0.637495689796953
],
[
-0.24869733950023598,
0.3688769271547769,
-0.3473117000990803
]
],
[
[
-0.2268856716689667,
0.5032931087684388,
0.3439658452898955
],
[
-0.28747328352938334,
-0.49242974978573517,
0.27421535968760125
]
],
[
[
-0.20047943700836332,
-0.40282029001756575,
0.5985458928820444
],
[
-0.3417645095480898,
-0.4189014179407311,
-0.39129244018157416
]
],
[
[
0.3698326873122317,
-0.09241508466156681,
0.5926410351850788
],
[
0.3873821549461121,
-0.19808443487202634,
-0.4016054154557403
]
],
[
[
-0.3893756753018064,
-0.5341854059271028,
0.32808803585821655
],
[
0.46860331461372734,
-0.037613372153037006,
0.19660317689335804
]
],
[
[
0.4291771291391685,
-0.2341309988511598,
0.2589420235848302
],
[
-0.2707610677649015,
0.4797606275734817,
0.23784069103308342
]
],
[
[
0.033477160825350925,
-0.1585661119195897,
0.7236763229398786
],
[
-0.285211085336632,
0.5325445305561273,
0.074982341454771
]
],
[
[
0.032344371615453435,
0.037284248941287526,
0.7911968598695256
],
[
-0.36652955988313374,
-0.49144673244974973,
0.04196849942917824
]
],
[
[
-0.23244388827640672,
0.009520152020190922,
0.6888055370097638
],
[
0.5867669923148187,
-0.219928190726062,
0.1632134983220122
]
]
],
"contact_id_pairs": [
[
0,
7
],
[
6,
7
],
[
6,
8
],
[
0,
4
],
[
0,
5
],
[
4,
5
],
[
4,
8
],
[
5,
9
],
[
6,
9
],
[
1,
9
],
[
2,
9
],
[
2,
10
],
[
2,
3
],
[
2,
7
],
[
3,
12
],
[
1,
4
],
[
1,
13
],
[
3,
4
],
[
3,
13
],
[
11,
12
],
[
11,
14
],
[
11,
17
],
[
12,
14
],
[
12,
17
],
[
13,
14
],
[
13,
15
],
[
13,
18
],
[
14,
15
],
[
15,
18
],
[
10,
11
],
[
10,
15
],
[
10,
16
],
[
15,
16
],
[
16,
17
],
[
16,
18
]
],
"contact_t_pairs": [
[
0.15925239775616593,
0.615243158683372
],
[
0.8659959390383404,
0.6956663618250506
],
[
0.9343200160142316,
0.17187688112600608
],
[
0.8167479033873153,
0.6424346544461232
],
[
0.8407476022438342,
0.08601014885944493
],
[
0.6791466550503036,
0.061977180592599074
],
[
0.7533287825209992,
0.8281231188739938
],
[
0.9380228194074007,
0.7706146832049003
],
[
0.06567998398576827,
0.6257180180246276
],
[
0.9252547370193601,
0.3518511802871963
],
[
0.042570349759206275,
0.2293853167950996
],
[
0.12255255966585223,
0.6974993573390764
],
[
0.9574296502407936,
0.17539760409558902
],
[
0.871418934827568,
0.3043336381749493
],
[
0.11256041966346016,
0.70330851994273
],
[
0.13010526271129585,
0.24667121747900073
],
[
0.07474526298063996,
0.6269687534087692
],
[
0.8874395803365398,
0.3242878244212991
],
[
0.8345468342995901,
0.7059779367274174
],
[
0.913461373133058,
0.32666550517707627
],
[
0.9748017509077018,
0.12878625202375607
],
[
0.8372470200818939,
0.6968573091279745
],
[
0.2966914800572699,
0.19202011851397596
],
[
0.42419441555030285,
0.8120049407072103
],
[
0.3776843159356257,
0.8712137479762441
],
[
0.3402567912760801,
0.11295698610476787
],
[
0.2940220632725828,
0.73232604820594
],
[
0.8221316052009993,
0.15727994128153097
],
[
0.06295550120642374,
0.7781328650340325
],
[
0.3025006426609234,
0.025198249092298217
],
[
0.4105121357633638,
0.9370444987935762
],
[
0.4845810559321651,
0.8615138608615995
],
[
0.8802795289362493,
0.7658588748428117
],
[
0.13848613913840058,
0.18799505929278962
],
[
0.20607193733886725,
0.2218671349659677
]
],
"half_couplers": [
{
"pose": [
[
-0.0005755297691427685,
0.42565377667616133,
0.9048859216314538,
-0.18593603504650763
],
[
0.0012235021467274232,
-0.9048850944784661,
0.4256541657651134,
-0.37024332520439784
],
[
0.9999990859035732,
0.0013521065114168729,
-2.220446049250313e-16,
-0.43941764326511945
],
[
0.0,
0.0,
0.0,
1.0
]
],
"at_element": 0,
"to_element": 7
},
{
"pose": [
[
-0.9041597355922675,
-0.42565377667616167,
-0.03624961979168516,
-0.20125957191737345
],
[
-0.42525176300159284,
0.9048850944784659,
-0.018544644907225412,
-0.33766745986751634
],
[
0.04069533877188633,
-0.0013521065114178669,
-0.9991706867248575,
-0.4394663191024228
],
[
0.0,
0.0,
0.0,
1.0
]
],
"at_element": 7,
"to_element": 0
},
{
"pose": [
[
-0.03680844795971261,
0.9993183142660456,
0.0028363588041672716,
-0.16819942544404826
],
[
0.0949174817271034,
0.006321570632108919,
-0.9954650719173064,
-0.33893130308389896
],
[
-0.9948044078216491,
-0.03637230426041377,
-0.09508546503754278,
-0.5211322290836247
],
[
0.0,
0.0,
0.0,
1.0
]
],
"at_element": 6,
"to_element": 7
},
{
"pose": [
[
0.006990839536631599,
-0.9993183142660457,
-0.03624961979168598,
-0.20417488245368876
],
[
-0.9998080485223192,
-0.0063215706321095855,
-0.01854464490722705,
-0.33915887961208047
],
[
0.01830284875545228,
0.03637230426041183,
-0.9991706867248573,
-0.5198228262141065
],
[
0.0,
0.0,
0.0,
1.0
]
],
"at_element": 7,
"to_element": 6
},
{
"pose": [
[
-0.9892976813159886,
-0.1458836961813841,
0.0028363588041663695,
-0.16800563384678116
],
[
-0.016664831325908153,
0.0936566814997778,
-0.9954650719173065,
-0.40694553528438815
],
[
0.14495648015762314,
-0.9848585549198964,
-0.095085465037543,
-0.5276288557161382
],
[
0.0,
0.0,
0.0,
1.0
]
],
"at_element": 6,
"to_element": 8
},
{
"pose": [
[
-0.4483141964787898,
0.1458836961813837,
0.8818913359502035,
-0.1627536102402431
],
[
0.8811659375524779,
-0.09365668149977946,
0.4634382553347442,
-0.4103173109866933
],
[
0.15020310160858774,
0.9848585549198963,
-0.08656012400784618,
-0.49217252635971
],
[
0.0,
0.0,
0.0,
1.0
]
],
"at_element": 8,
"to_element": 6
},
{
"pose": [
[
0.06605365705824862,
-0.42049778028240037,
0.9048859216314538,
0.4090223915350738
],
[
-0.14042156556095972,
0.8939241103652001,
0.42565416576511333,
-0.0903776242606597
],
[
-0.9878859743485786,
-0.15518151206042435,
-2.220446049250313e-16,
-0.43941764326511945
],
[
0.0,
0.0,
0.0,
1.0
]
],
"at_element": 0,
"to_element": 4
},
{
"pose": [
[
0.9038198251277468,
0.42049778028240065,
0.07931797074826763,
0.4241603141637815
],
[
0.4276678622531968,
-0.8939241103651998,
-0.13416364821950316,
-0.12255889763041868
],
[
0.014488730166228148,
0.15518151206042513,
-0.9877797198833402,
-0.4338311078941148
],
[
0.0,
0.0,
0.0,
1.0
]
],
"at_element": 4,
"to_element": 0
},
{
"pose": [
[
-0.4211514244993304,
-0.06174906052223578,
0.9048859216314542,
0.4307393811537322
],
[
0.8953136737648522,
0.13127054786390613,
0.42565416576511256,
-0.08016205246527423
],
[
-0.14506861553026834,
0.9894215970900024,
-4.440892098500626e-16,
-0.43941764326511945
],
[
0.0,
0.0,
0.0,
1.0
]
],
"at_element": 0,
"to_element": 5
},
{
"pose": [
[
0.6625511884026988,
0.06174906052223478,
-0.746466996102837,
0.4329623473450642
],
[
0.7467885615630581,
-0.13127054786390535,
0.6519776741438995,
-0.08488779221501529
],
[
-0.057730122680885565,
-0.9894215970900028,
-0.13308694957477374,
-0.4750368209611555
],
[
0.0,
0.0,
0.0,
1.0
]
],
"at_element": 5,
"to_element": 0
},
{
"pose": [
[
0.7453461541507677,
-0.6619424219741752,
0.07931797074826785,
0.4270722355538143
],
[
-0.650011074210473,
-0.7479877799136696,
-0.13416364821950333,
-0.12748431356491213
],
[
0.14813748309056352,
0.048440799856966824,
-0.9877797198833402,
-0.47009447756726913
],
[
0.0,
0.0,
0.0,
1.0
]
],
"at_element": 4,
"to_element": 5
},
{
"pose": [
[
-0.06796509192350153,
0.661942421974175,
-0.7464669961028374,
0.45090216497465146
],
[
0.12425535609272803,
0.7479877799136699,
0.6519776741438994,
-0.10055675096840758
],
[
0.9899198718896896,
-0.0484407998569662,
-0.1330869495747724,
-0.4718383465252938
],
[
0.0,
0.0,
0.0,
1.0
]
],
"at_element": 5,
"to_element": 4
},
{
"pose": [
[
0.8783221010365495,
0.4714434709985049,
0.07931797074826819,
0.43295621137057916
],
[
0.478036532529427,
-0.8680329423839139,
-0.13416364821950538,
-0.13743685841906492
],
[
0.00560003553411445,
0.15575578509065713,
-0.9877797198833402,
-0.543370078660623
],
[
0.0,
0.0,
0.0,
1.0
]
],
"at_element": 4,
"to_element": 8
},
{
"pose": [
[
-0.0029538498349381825,
-0.47144347099850437,
0.8818913359502035,
0.41598426107962494
],
[
-0.1781678827078931,
0.8680329423839138,
0.46343825533474403,
-0.10618769949477634
],
[
-0.9839956708962386,
-0.15575578509065838,
-0.08656012400784507,
-0.5489772820788577
],
[
0.0,
0.0,
0.0,
1.0
]
],
"at_element": 8,
"to_element": 4
},
{
"pose": [
[
0.00905229660036766,
0.6653608642349405,
-0.7464669961028365,
-0.20303699148042498
],
[
0.2099348283694326,
0.7285962395287304,
0.6519776741439003,
0.47060544706997315
],
[
0.977673475023106,
-0.1626113159934633,
-0.13308694957477307,
-0.5884285882834384
],
[
0.0,
0.0,
0.0,
1.0
]
],
"at_element": 5,
"to_element": 9
},
{
"pose": [
[
0.7324363558574907,
-0.6653608642349421,
-0.14433261919167908,
-0.22698995286813095
],
[
-0.6792457238583421,
-0.7285962395287293,
-0.0881632937494504,
0.444376014996708
],
[
-0.04649979826145606,
0.16261131599346343,
-0.9855938964261692,
-0.5825745881722744
],
[
0.0,
0.0,
0.0,
1.0
]
],
"at_element": 9,
"to_element": 5
},
{
"pose": [
[
-0.14728071045440538,
0.9890906669243116,
0.0028363588041664944,
-0.1704694086492765
],
[
0.09363305278560236,
0.01679708363735133,
-0.9954650719173066,
0.4577552766690776
],
[
-0.9846528544386057,
-0.14634722609089734,
-0.0950854650375419,
-0.44503381432048633
],
[
0.0,
0.0,
0.0,
1.0
]
],
"at_element": 6,
"to_element": 9
},
{
"pose": [
[
0.029457556594002288,
-0.9890906669243121,
-0.14433261919168108,
-0.2060766376705225
],
[
-0.9959644027858264,
-0.01679708363735144,
-0.08816329374945156,
0.4571505822523119
],
[
0.0847771239367284,
0.14634722609089487,
-0.9855938964261688,
-0.4397653193580913
],
[
0.0,
0.0,
0.0,
1.0
]
],
"at_element": 9,
"to_element": 6
},
{
"pose": [
[
-0.009323780284588246,
-0.7105131894500555,
-0.703622110751726,
-0.19212720518193965
],
[
-0.22564274618471125,
-0.6840090385839179,
0.6936980511935478,
0.4566712490341946
],
[
-0.9741654983704906,
0.16523511355947818,
-0.15394459727953969,
-0.16389536907599053
],
[
0.0,
0.0,
0.0,
1.0
]
],
"at_element": 1,
"to_element": 9
},
{
"pose": [
[
-0.68872280538311,
0.7105131894500544,
-0.14433261919167778,
-0.16654871967013665
],
[
0.7241262795747384,
0.6840090385839185,
-0.08816329374944715,
0.48129558471598977
],
[
0.036083633055256616,
-0.16523511355948156,
-0.9855938964261695,
-0.16984383565054295
],
[
0.0,
0.0,
0.0,
1.0
]
],
"at_element": 9,
"to_element": 1
},
{
"pose": [
[
0.13723830000664972,
-0.9892755561447868,
-0.04999523002954981,
-0.18448681991944332
],
[
-0.1067477231450924,
0.035407887947307204,
-0.9936554760451177,
0.4933672625460499
],
[
0.9847692991836328,
0.14170446529849978,
-0.10074359483283657,
-0.04404086745500098
],
[
0.0,
0.0,
0.0,
1.0
]
],
"at_element": 2,
"to_element": 9
},
{
"pose": [
[
0.02240466584648826,
0.989275556144787,
-0.14433261919167792,
-0.14887290083075178
],
[
0.9954765266475949,
-0.035407887947308314,
-0.08816329374944945,
0.49209257861332334
],
[
-0.09232830466302326,
-0.14170446529849925,
-0.9855938964261695,
-0.049142228072172056
],
[
0.0,
0.0,
0.0,
1.0
]
],
"at_element": 9,
"to_element": 2
},
{
"pose": [
[
-0.07000900840825874,
0.9962927359546416,
-0.04999523002954892,
-0.18848554890199773
],
[
0.10410824258207546,
-0.04254725316659247,
-0.993655476045118,
0.413892501686121
],
[
-0.9920988925344914,
-0.0747697501132179,
-0.10074359483283724,
-0.052098562803671075
],
[
0.0,
0.0,
0.0,
1.0
]
],
"at_element": 2,
"to_element": 10
},
{
"pose": [
[
-0.030395653876368334,
-0.9962927359546417,
-0.08047911846835103,
-0.22435235444277576
],
[
-0.9871738524450792,
0.04254725316659225,
-0.15387500218267813,
0.4154242142044886
],
[
0.15672871234770397,
0.0747697501132159,
-0.9848073898960337,
-0.04940683175830346
],
[
0.0,
0.0,
0.0,
1.0
]
],
"at_element": 10,
"to_element": 2
},
{
"pose": [
[
-0.9962425175957084,
-0.07072003329225668,
-0.049995230029548615,
-0.2302254210916923
],
[
0.042472941470620106,
0.10413858155546085,
-0.9936554760451181,
-0.4156876911882854
],
[
0.07547778068676006,
-0.9920452775568053,
-0.10074359483283635,
-0.13620708215177113
],
[
0.0,
0.0,
0.0,
1.0
]
],
"at_element": 2,
"to_element": 3
},
{
"pose": [
[
-0.4264927560018512,
0.07072003329225696,
0.9017220225596622,
-0.2276794106197356
],
[
0.8958887187444212,
-0.10413858155545919,
0.4319010991628716,
-0.4194368115836225
],
[
0.12444811249844345,
0.9920452775568056,
-0.018942929362051775,
-0.10049219985134974
],
[
0.0,
0.0,
0.0,
1.0
]
],
"at_element": 3,
"to_element": 2
},
{
"pose": [
[
0.030428428807567354,
-0.9982858246487303,
-0.04999523002954831,
-0.22592529558960206
],
[
-0.10233832416720379,
0.046643995671453053,
-0.993655476045118,
-0.33022267281937556
],
[
0.9942841536135187,
0.035351802969666224,
-0.10074359483283679,
-0.12754205348689865
],
[
0.0,
0.0,
0.0,
1.0
]
],
"at_element": 2,
"to_element": 7
},
{
"pose": [
[
0.04594972655373375,
0.9982858246487304,
-0.03624961979168448,
-0.18998922000932805
],
[
0.9987394223785634,
-0.04664399567145261,
-0.018544644907226626,
-0.3319017532114117
],
[
-0.020203683242683738,
-0.03535180296966634,
-0.9991706867248578,
-0.12881463998672588
],
[
0.0,
0.0,
0.0,
1.0
]
],
"at_element": 7,
"to_element": 2
},
{
"pose": [
[
0.03730067020450101,
0.4307041374693399,
0.9017220225596617,
-0.28434108365782934
],
[
-0.03407283726121918,
-0.9012771395652244,
0.43190109916287234,
-0.446576260608159
],
[
0.9987230355625455,
-0.04683442819036851,
-0.018942929362051775,
-0.0993018795053417
],
[
0.0,
0.0,
0.0,
1.0
]
],
"at_element": 3,
"to_element": 12
},
{
"pose": [
[
-0.8913655110246506,
-0.43070413746934055,
-0.14128507253972647,
-0.2998464322662796
],
[
-0.4329444710604886,
0.9012771395652242,
-0.016081127923165593,
-0.4141302842962169
],
[
0.13426321437355102,
0.04683442819036935,
-0.9898383330636191,
-0.09761584012750824
],
[
0.0,
0.0,
0.0,
1.0
]
],
"at_element": 12,
"to_element": 3
},
{
"pose": [
[
0.08155900687378748,
-0.7058782144669501,
-0.7036221107517246,
0.3673575462938249
],
[
-0.13637335997458044,
-0.7072378104000911,
0.6936980511935498,
-0.09492239170088458
],
[
-0.9872945027128457,
0.039377987269991255,
-0.15394459727953902,
-0.04148640347659827
],
[
0.0,
0.0,
0.0,
1.0
]
],
"at_element": 1,
"to_element": 4
},
{
"pose": [
[
-0.7038782606795912,
0.7058782144669501,
0.07931797074826764,
0.39276916144718943
],
[
0.6941288029155096,
0.7072378104000907,
-0.13416364821950383,
-0.06946183109501995
],
[
-0.1507998644089386,
-0.03937798726999049,
-0.9877797198833398,
-0.04290401098666252
],
[
0.0,
0.0,
0.0,
1.0
]
],
"at_element": 4,
"to_element": 1
},
{
"pose": [
[
-0.06512739752590502,
0.7075834561045008,
-0.703622110751725,
0.4063100661555239
],
[
0.15277767996733693,
0.7038764055386928,
0.6936980511935491,
-0.13332551562811595
],
[
0.9861122667299606,
-0.06231900491134129,
-0.15394459727953924,
-0.032964030612667054
],
[
0.0,
0.0,
0.0,
1.0
]
],
"at_element": 1,
"to_element": 13
},
{
"pose": [
[
0.7064118266514069,
-0.7075834561045009,
0.01754946763388119,
0.38083565515763323
],
[
-0.7024186744043965,
-0.7038764055386928,
-0.10566935021045773,
-0.1586664654365333
],
[
0.08712254022348645,
0.062319004911342984,
-0.9942464506408195,
-0.030720422554288973
],
[
0.0,
0.0,
0.0,
1.0
]
],
"at_element": 13,
"to_element": 1
},
{
"pose": [
[
-0.050228661098685734,
0.4293884903384644,
0.9017220225596623,
0.4143845203436333
],
[
0.14818647293705287,
-0.8896640994107718,
0.43190109916287134,
-0.11190509939505239
],
[
0.9876830720644703,
0.15531682003078362,
-0.018942929362051775,
-0.11398036071009796
],
[
0.0,
0.0,
0.0,
1.0
]
],
"at_element": 3,
"to_element": 4
},
{
"pose": [
[
-0.8996300261114185,
-0.42938849033846377,
0.0793179707482678,
0.39892555320621836
],
[
-0.4364606576955737,
0.8896640994107723,
-0.1341636482195039,
-0.07987515824481796
],
[
-0.012958024645574127,
-0.15531682003078276,
-0.98777971988334,
-0.11957212125042138
],
[
0.0,
0.0,
0.0,
1.0
]
],
"at_element": 4,
"to_element": 3
},
{
"pose": [
[
0.027452054454954244,
-0.43144383033845024,
0.9017220225596628,
0.3666899664084604
],
[
-0.10093314906265893,
0.8962555104222231,
0.4319010991628703,
-0.1347495345461536
],
[
-0.9945143961383854,
-0.10287021580947048,
-0.018942929362051553,
-0.11297841715815506
],
[
0.0,
0.0,
0.0,
1.0
]
],
"at_element": 3,
"to_element": 13
},
{
"pose": [
[
0.9019690889651681,
0.4314438303384486,
0.01754946763388012,
0.3822222242630632
],
[
0.4307668144877208,
-0.8962555104222238,
-0.10566935021045813,
-0.16701531449847393
],
[
-0.029861582132333482,
0.10287021580947013,
-0.9942464506408193,
-0.10927502263688471
],
[
0.0,
0.0,
0.0,
1.0
]
],
"at_element": 13,
"to_element": 3
},
{
"pose": [
[
0.13621137854498544,
-0.9888253645836187,
-0.06058761186041306,
-0.28223011479383564
],
[
-0.07747286537266618,
0.05033829639204335,
-0.995722858554174,
-0.40626126086643066
],
[
0.9876458957975897,
0.1403226791093306,
-0.06975048560229791,
0.2802514709349262
],
[
0.0,
0.0,
0.0,
1.0
]
],
"at_element": 11,
"to_element": 12
},
{
"pose": [
[
0.047570228436679796,
0.9888253645836186,
-0.14128507253972686,
-0.24663239660353292
],
[
0.9986027504674048,
-0.050338296392038906,
-0.016081127923164934,
-0.40807343979440375
],
[
-0.023013477038814872,
-0.14032267910933363,
-0.9898383330636185,
0.27519985376818235
],
[
0.0,
0.0,
0.0,
1.0
]
],
"at_element": 12,
"to_element": 11
},
{
"pose": [
[
-0.9786712185046229,
-0.19629515368375433,
-0.06058761186041661,
-0.2859465817938171
],
[
0.04551714202493366,
0.08040011650853673,
-0.9957228585541742,
-0.46733927716899193
],
[
0.2003268225988703,
-0.9772430782081218,
-0.06975048560229391,
0.2759729497981166
],
[
0.0,
0.0,
0.0,
1.0
]
],
"at_element": 11,
"to_element": 14
},
{
"pose": [
[
-0.4747001848575496,
0.19629515368375183,
0.8579789899155339,
-0.2788797768754568
],
[
0.8642638697405458,
-0.08040011650853884,
0.4965720337740638,
-0.4702337548375269
],
[
0.16645629443582072,
0.9772430782081218,
-0.13148485896486228,
0.31115459367426024
],
[
0.0,
0.0,
0.0,
1.0
]
],
"at_element": 14,
"to_element": 11
},
{
"pose": [
[
0.45416989475040936,
-0.8888525456966716,
-0.060587611860415,
-0.27761246915297894
],
[
-0.08972664543341874,
0.022025395614382437,
-0.995722858554174,
-0.3303728873834685
],
[
0.8863852637548006,
0.457663669037183,
-0.06975048560229657,
0.2855674590701096
],
[
0.0,
0.0,
0.0,
1.0
]
],
"at_element": 11,
"to_element": 17
},
{
"pose": [
[
-0.2254789098328418,
0.8888525456966714,
-0.3988739314985877,
-0.24561384296994804
],
[
0.8485036424584753,
-0.02202539561437944,
-0.5287309813910377,
-0.33116580000346385
],
[
-0.47874923493964255,
-0.45766366903718375,
-0.7492283604403469,
0.2690916006907009
],
[
0.0,
0.0,
0.0,
1.0
]
],
"at_element": 17,
"to_element": 11
},
{
"pose": [
[
-0.8581127015204177,
-0.49364067880065793,
-0.141285072539726,
-0.2423975142901735
],
[
-0.49658743051497994,
0.867837727446352,
-0.016081127923167078,
-0.40759142366207995
],
[
0.1305508151788412,
0.05636097101698077,
-0.9898383330636182,
0.3048692928279785
],
[
0.0,
0.0,
0.0,
1.0
]
],
"at_element": 12,
"to_element": 14
},
{
"pose": [
[
0.1420948032010496,
0.4936406788006587,
0.8579789899155339,
-0.2246264479757242
],
[
0.016549746047614777,
-0.8678377274463518,
0.4965720337740652,
-0.4388335851510807
],
[
0.9897146926306664,
-0.05636097101697965,
-0.1314848589648585,
0.30284029765699105
],
[
0.0,
0.0,
0.0,
1.0
]
],
"at_element": 14,
"to_element": 12
},
{
"pose": [
[
0.4818959541391644,
0.8647628678786741,
-0.14128507253972505,
-0.26041177578033475
],
[
0.8722928049480017,
-0.48871940800490643,
-0.0160811279231678,
-0.40964181467832256
],
[
-0.0829551193131071,
-0.11549252173878977,
-0.9898383330636187,
0.17866199969883675
],
[
0.0,
0.0,
0.0,
1.0
]
],
"at_element": 12,
"to_element": 17
},
{
"pose": [
[
-0.30509796641261655,
-0.8647628678786735,
-0.3988739314985851,
-0.2915432314807087
],
[
-0.6939718218750676,
0.4887194080049072,
-0.5287309813910402,
-0.3920479202532068
],
[
0.6521643514746,
0.11549252173879065,
-0.7492283604403465,
0.18281972947400094
],
[
0.0,
0.0,
0.0,
1.0
]
],
"at_element": 17,
"to_element": 12
},
{
"pose": [
[
0.8600941381295321,
0.5098333941014307,
0.01754946763388031,
0.37646084599056817
],
[
0.5086516926891459,
-0.8544632490344837,
-0.10566935021045908,
-0.13232474091116628
],
[
-0.03887838833702021,
0.09981215511373907,
-0.9942464506408191,
0.21712974460337722
],
[
0.0,
0.0,
0.0,
1.0
]
],
"at_element": 13,
"to_element": 14
},
{
"pose": [
[
-0.06278505492975062,
-0.5098333941014329,
0.8579789899155349,
0.35810741618737785
],
[
-0.15267210394478173,
0.8544632490344822,
0.4965720337740641,
-0.10156502324261288
],
[
-0.9862805207214337,
-0.09981215511374078,
-0.13148485896485806,
0.2135366190773143
],
[
0.0,
0.0,
0.0,
1.0
]
],
"at_element": 14,
"to_element": 13
},
{
"pose": [
[
-0.700328399586226,
0.7136050370609521,
0.017549467633880607,
0.37580401285793924
],
[
0.7084187391760339,
0.6978372864861391,
-0.10566935021045912,
-0.12836979870040616
],
[
-0.08765285344604498,
-0.06157087518380294,
-0.9942464506408191,
0.25434192815240214
],
[
0.0,
0.0,
0.0,
1.0
]
],
"at_element": 13,
"to_element": 15
},
{
"pose": [
[
-0.029229635576200286,
-0.7136050370609519,
-0.6999381969040696,
0.35011421995727915
],
[
-0.05815382455558099,
-0.6978372864861395,
0.713891626424642,
-0.15349195232480142
],
[
-0.9978796325677969,
0.061570875183802054,
-0.021101332551747287,
0.25655848065699044
],
[
0.0,
0.0,
0.0,
1.0
]
],
"at_element": 15,
"to_element": 13
},
{
"pose": [
[
-0.9778606393974028,
0.20851998969660065,
0.017549467633880492,
0.3749926179952806
],
[
0.2055701872269526,
0.9729208017868541,
-0.10566935021045903,
-0.12348420503511925
],
[
-0.03910841393841885,
-0.09972225101427737,
-0.9942464506408193,
0.30031064236622307
],
[
0.0,
0.0,
0.0,
1.0
]
],
"at_element": 13,
"to_element": 18
},
{
"pose": [
[
0.5342405329230262,
-0.20851998969660018,
0.8192108805912252,
0.3674855785542736
],
[
-0.027902893423840766,
-0.9729208017868543,
-0.2294483427462537,
-0.15851084609057456
],
[
0.8448718728426806,
0.09972225101427602,
-0.5255920386877515,
0.3039007963490591
],
[
0.0,
0.0,
0.0,
1.0
]
],
"at_element": 18,
"to_element": 13
},
{
"pose": [
[
0.5064397360285621,
-0.08597003335372683,
0.8579789899155337,
0.3159959689061833
],
[
-0.8605366891879938,
-0.11354656240879546,
0.4965720337740657,
-0.12593784270250527
],
[
0.05473025061779507,
-0.9898062090784765,
-0.1314848589648585,
0.21999017769781043
],
[
0.0,
0.0,
0.0,
1.0
]
],
"at_element": 14,
"to_element": 15
},
{
"pose": [
[
-0.7090103482177379,
0.08597003335372733,
-0.6999381969040707,
0.3190908906293957
],
[
-0.6909890910035605,
0.11354656240879368,
0.713891626424641,
-0.12185016576571553
],
[
0.14084886309173972,
0.9898062090784766,
-0.021101332551748175,
0.25562320724012944
],
[
0.0,
0.0,
0.0,
1.0
]
],
"at_element": 15,
"to_element": 14
},
{
"pose": [
[
0.45228185266827325,
-0.5527455529098655,
-0.6999381969040708,
0.3851121691395522
],
[
0.4201885912221554,
-0.5601788049609888,
0.7138916264246409,
-0.18918759370252747
],
[
-0.7866909644540827,
-0.6169862723034005,
-0.02110133255174773,
0.25761357861791156
],
[
0.0,
0.0,
0.0,
1.0
]
],
"at_element": 15,
"to_element": 18
},
{
"pose": [
[
-0.15285904245191206,
0.5527455529098655,
0.8192108805912257,
0.40501102130509614
],
[
0.79596052947585,
0.5601788049609899,
-0.22944834274625228,
-0.1690211442982615
],
[
-0.5857311231761626,
0.6169862723033992,
-0.5255920386877513,
0.2798250981065856
],
[
0.0,
0.0,
0.0,
1.0
]
],
"at_element": 18,
"to_element": 15
},
{
"pose": [
[
0.043468834425564484,
0.9958079995281423,
-0.08047911846834838,
-0.19256320608934702
],
[
0.986530418312317,
-0.05549970673620441,
-0.1538750021826808,
0.4762046422877452
],
[
-0.15769652557430547,
-0.07270633141587393,
-0.9848073898960332,
0.3395908214561764
],
[
0.0,
0.0,
0.0,
1.0
]
],
"at_element": 10,
"to_element": 11
},
{
"pose": [
[
0.06852422465676578,
-0.9958079995281421,
-0.06058761186041717,
-0.22841237340453296
],
[
-0.07386319452135642,
0.05549970673620375,
-0.995722858554174,
0.47820263615169556
],
[
0.9949113825513753,
0.07270633141587363,
-0.06975048560229347,
0.34220825517938014
],
[
0.0,
0.0,
0.0,
1.0
]
],
"at_element": 11,
"to_element": 10
},
{
"pose": [
[
-0.7029498209195089,
0.706671536684327,
-0.0804791184683496,
-0.2012558758386816
],
[
0.7092341188112081,
0.6879748893799607,
-0.15387500218268094,
0.4595843735508526
],
[
-0.0533714716240797,
-0.1652449418979073,
-0.9848073898960332,
0.23322030485518858
],
[
0.0,
0.0,
0.0,
1.0
]
],
"at_element": 10,
"to_element": 15
},
{
"pose": [
[
-0.10344979340188476,
-0.7066715366843266,
-0.6999381969040697,
-0.22669610776528523
],
[
-0.1305729577799694,
-0.6879748893799613,
0.713891626424642,
0.4348172224248493
],
[
-0.9860267962594618,
0.16524494189790756,
-0.021101332551747287,
0.23916913600000206
],
[
0.0,
0.0,
0.0,
1.0
]
],
"at_element": 15,
"to_element": 10
},
{
"pose": [
[
-0.3299438783304467,
0.9405637398086428,
-0.08047911846834879,
-0.20721687723976925
],
[
0.9364251772015675,
0.3153258175384518,
-0.15387500218267938,
0.4481870182982096
],
[
-0.11935210369019802,
-0.1261327877710087,
-0.9848073898960332,
0.1602766849113338
],
[
0.0,
0.0,
0.0,
1.0
]
],
"at_element": 10,
"to_element": 16
},
{
"pose": [
[
0.11737824805038977,
-0.9405637398086429,
-0.31868824616198244,
-0.2410771805368708
],
[
-0.6503350741352555,
-0.3153258175384517,
0.6911106424757172,
0.4368352859622058
],
[
-0.7505242422694371,
0.1261327877710085,
-0.6486939814851074,
0.16481746643296058
],
[
0.0,
0.0,
0.0,
1.0
]
],
"at_element": 16,
"to_element": 10
},
{
"pose": [
[
-0.28150707827765675,
0.6563842513301588,
-0.6999381969040726,
-0.18696413711603393
],
[
-0.24861052862809147,
0.6546384886149337,
0.7138916264246391,
0.39429318576945643
],
[
0.92679370408675,
0.3749775511009992,
-0.021101332551746177,
0.24036695250625142
],
[
0.0,
0.0,
0.0,
1.0
]
],
"at_element": 15,
"to_element": 16
},
{
"pose": [
[
0.6838110238684005,
-0.6563842513301557,
-0.3186882461619833,
-0.2105930608058943
],
[
-0.30629157526898626,
-0.6546384886149343,
0.6911106424757163,
0.3707271071187556
],
[
-0.6622597334545508,
-0.3749775511010034,
-0.648693981485108,
0.22686828016239038
],
[
0.0,
0.0,
0.0,
1.0
]
],
"at_element": 16,
"to_element": 15
},
{
"pose": [
[
0.3302197647562807,
0.888477748017645,
-0.3186882461619832,
-0.010656743974410292
],
[
0.7224547834113489,
-0.02061954856106718,
0.6911106424757172,
-0.06285686732566814
],
[
0.6074652194902745,
-0.4584562416355915,
-0.6486939814851072,
0.6338411979616889
],
[
0.0,
0.0,
0.0,
1.0
]
],
"at_element": 16,
"to_element": 17
},
{
"pose": [
[
0.2269512680034047,
-0.8884777480176452,
-0.398873931498588,
-0.042641956786971566
],
[
-0.8485389699562463,
0.020619548561066736,
-0.5287309813910381,
-0.06211456325525536
],
[
0.4779903120537478,
0.45845624163559096,
-0.7492283604403462,
0.650345629824703
],
[
0.0,
0.0,
0.0,
1.0
]
],
"at_element": 17,
"to_element": 16
},
{
"pose": [
[
-0.7966012360665566,
0.5136772064783817,
-0.31868824616198294,
-0.03219554346837472
],
[
0.17560349188908891,
0.7010916441472972,
0.6911106424757171,
-0.01614760290910945
],
[
0.5784374506665291,
0.4945768232048545,
-0.6486939814851078,
0.5899986974351792
],
[
0.0,
0.0,
0.0,
1.0
]
],
"at_element": 16,
"to_element": 18
},
{
"pose": [
[
0.2550083541092647,
-0.513677206478381,
0.8192108805912252,
-0.05068791726668409
],
[
-0.6751473650380615,
-0.7010916441472972,
-0.22944834274625373,
-0.041386894407609585
],
[
0.6922042869100468,
-0.4945768232048552,
-0.5255920386877517,
0.5721939372251903
],
[
0.0,
0.0,
0.0,
1.0
]
],
"at_element": 18,
"to_element": 16
}
],
"nstatus": 0,
"opt_line_pos": [
[
-0.19987163762727178,
-0.3767985684114694,
-0.43941764326511945
],
[
0.3386025034897518,
-0.06657291710313266,
-0.04777768315156419
],
[
-0.18670273395801718,
0.4493259586542026,
-0.04850607635502083
],
[
-0.24304926790712164,
-0.4267985684114694,
-0.10016931750666297
],
[
0.3974839983641517,
-0.07743681728758435,
-0.10161983849961465
],
[
0.43246574540213334,
-0.0844540511636121,
-0.47512535968836334
],
[
-0.17040895079247603,
0.43653663371056545,
-0.4470605901362261
],
[
-0.18946655873872523,
-0.3316343692298475,
-0.11440820417653581
],
[
-0.19375878118449255,
-0.42661068154495646,
-0.48912928131078687
],
[
-0.15843059930007258,
0.48625440992741914,
-0.11440820417653581
],
[
-0.2005525941309852,
0.4609290388052239,
0.24182622693907052
],
[
-0.2299979910775542,
0.45214391369219187,
0.3403828390707603
],
[
-0.24987163762727177,
-0.4084421316055083,
0.2525058431576319
],
[
0.37535958875831416,
-0.12569381975876642,
0.27952030352251517
],
[
-0.20375694420298057,
-0.4267549537928616,
0.29964205645006364
],
[
0.34395769841268997,
-0.14721269910212365,
0.25637287740080444
],
[
-0.026478821882623432,
-0.02854494474886847,
0.6016351569882497
],
[
-0.055580267793545274,
-0.07926505952947079,
0.626042839452059
],
[
-0.07264537083107504,
-0.03523695005183967,
0.5862814732390809
]
],
"opt_line_orient": [
[
0.904885921631454,
0.42565416576511306,
0.0
],
[
-0.703622110751725,
0.6936980511935492,
-0.1539445972795392
],
[
-0.049995230029548685,
-0.9936554760451178,
-0.10074359483283747
],
[
0.9017220225596619,
0.43190109916287184,
-0.018942929362051934
],
[
0.07931797074826775,
-0.13416364821950363,
-0.9877797198833402
],
[
-0.7464669961028375,
0.6519776741438991,
-0.13308694957477218
],
[
0.0028363588041664333,
-0.9954650719173066,
-0.09508546503754205
],
[
-0.03624961979168501,
-0.01854464490722605,
-0.9991706867248575
],
[
0.8818913359502039,
0.4634382553347438,
-0.08656012400784505
],
[
-0.14433261919167853,
-0.08816329374944884,
-0.9855938964261693
],
[
-0.08047911846834921,
-0.15387500218267994,
-0.9848073898960333
],
[
-0.06058761186041664,
-0.9957228585541742,
-0.06975048560229423
],
[
-0.14128507253972647,
-0.016081127923165392,
-0.9898383330636186
],
[
0.017549467633880482,
-0.10566935021045952,
-0.9942464506408192
],
[
0.8579789899155337,
0.49657203377406584,
-0.13148485896485854
],
[
-0.6999381969040702,
0.7138916264246417,
-0.0211013325517468
],
[
-0.31868824616198294,
0.6911106424757171,
-0.6486939814851077
],
[
-0.3988739314985872,
-0.5287309813910372,
-0.7492283604403474
],
[
0.8192108805912254,
-0.22944834274625295,
-0.5255920386877516
]
],
"opt_edge_ids": [
[
0,
1
],
[
5,
3
],
[
3,
4
],
[
4,
5
],
[
5,
1
],
[
1,
2
],
[
2,
0
],
[
4,
0
],
[
0,
1
],
[
3,
2
],
[
8,
3
],
[
8,
6
],
[
6,
4
],
[
7,
5
],
[
6,
7
],
[
7,
8
],
[
9,
8
],
[
9,
6
],
[
9,
7
]
]
}