{
"line_pt_pairs": [
[
[
-0.3947040971170519,
-0.46844685912480877,
-0.43941764326511945
],
[
0.5101818245144021,
-0.042792693359695766,
-0.43941764326511945
]
],
[
[
0.42710351508837013,
-0.15695676975962308,
-0.05001993356452219
],
[
-0.2916578003062933,
0.5280764147286375,
-0.16881264227177423
]
],
[
[
-0.178533620170891,
0.5706341412628695,
-0.11259699705449458
],
[
-0.25908279702920917,
-0.4259078077872024,
-0.13299243504761724
]
],
[
[
-0.3755648687087559,
-0.41453660801173403,
-0.0731268879216401
],
[
0.5338167290730484,
-0.032160355347341296,
-0.23687520398671952
]
],
[
[
0.3984409942808695,
-0.04438637312687527,
0.23031095908210175
],
[
0.4463188197742645,
-0.21129656542328695,
-0.7544980079432797
]
],
[
[
0.4921727175612925,
-0.16478660109035165,
-0.46249503279647974
],
[
-0.2778944691946942,
0.46267879107673376,
-0.5777500088900347
]
],
[
[
-0.1609861548330676,
0.5168558081042839,
-0.4899602859881819
],
[
-0.2974798591765144,
-0.4736656897248388,
-0.4745774704801132
]
],
[
[
-0.21644917551427426,
-0.35046790344566486,
0.25204051678030004
],
[
-0.10359463647509495,
-0.4037082945223765,
-0.7401435960617941
]
],
[
[
-0.4148500869871914,
-0.4007021080857891,
-0.42361087995539204
],
[
0.4932118014486419,
0.002847179758967977,
-0.535733933117254
]
],
[
[
-0.10859506794381801,
0.5248076202024706,
0.14378921022552607
],
[
-0.2577423630709449,
0.43587507119409524,
-0.8410184289015955
]
],
[
[
-0.1968909569066818,
0.47309484338500235,
0.5537893206493437
],
[
-0.3086743902963447,
0.46133176113981283,
-0.43987364732103995
]
],
[
[
-0.19370483131932317,
0.5362044245714391,
0.24441070769361753
],
[
-0.22228894555896941,
-0.463166045465538,
0.22339614057443996
]
],
[
[
-0.17495548562990557,
-0.38884611385985074,
0.6316843948047115
],
[
-0.19805536340733743,
-0.40760734774376517,
-0.36787271299344787
]
],
[
[
0.41381161995444704,
-0.09114599761194458,
0.5548110727773568
],
[
0.24863322233377083,
-0.09794616301040737,
-0.4314291893849722
]
],
[
[
-0.4053673288441685,
-0.44599183126888287,
0.31491364734505883
],
[
0.5219811437444831,
-0.07179329868166157,
0.31439538383554316
]
],
[
[
0.41375417654335805,
-0.18579818707046059,
0.28752134440714794
],
[
-0.31418403657252975,
0.4875256443926297,
0.15813442130626992
]
],
[
[
0.021431745067466323,
-0.18719302310284364,
0.6952326899895521
],
[
-0.3247020802867587,
0.5998880740826267,
0.18464996270731487
]
],
[
[
-0.0024416162253733664,
0.09203675040971565,
0.8096192030054038
],
[
-0.3501517634550577,
-0.5957324690131125,
0.17238207733865085
]
],
[
[
-0.24424943320901935,
-0.03906328705590857,
0.7506444817225342
],
[
0.48775957671935244,
-0.15009445424732706,
0.07845783405999962
]
]
],
"contact_id_pairs": [
[
0,
6
],
[
0,
7
],
[
6,
8
],
[
0,
5
],
[
4,
5
],
[
5,
8
],
[
5,
9
],
[
6,
9
],
[
1,
2
],
[
1,
10
],
[
2,
9
],
[
2,
3
],
[
3,
7
],
[
7,
12
],
[
1,
4
],
[
1,
13
],
[
3,
4
],
[
3,
13
],
[
11,
12
],
[
12,
14
],
[
14,
17
],
[
13,
14
],
[
13,
15
],
[
13,
18
],
[
14,
15
],
[
15,
18
],
[
10,
11
],
[
10,
15
],
[
10,
16
],
[
16,
18
],
[
17,
18
]
],
"contact_t_pairs": [
[
0.11531115397282395,
0.9457823241689772
],
[
0.2666153597173226,
0.6934030235349697
],
[
0.8632574505788554,
0.15469323907502175
],
[
0.8846888460271759,
0.10957272932939753
],
[
0.7055151078869097,
0.04805564925158552
],
[
0.17982808148771803,
0.845306760924978
],
[
0.9519443507484145,
0.7330608997820666
],
[
0.05421767583102284,
0.6377009180633619
],
[
0.8504742649048959,
0.14572588173389742
],
[
0.9449392052015637,
0.7174898424220263
],
[
0.06703148234817369,
0.26693910021793366
],
[
0.9329685176518264,
0.14161025681637804
],
[
0.20354007738280888,
0.35789413221548105
],
[
0.30659697646503226,
0.6832871047004336
],
[
0.055060794798436286,
0.2944848921130904
],
[
0.12710508229789277,
0.6241503822248884
],
[
0.8583897431836218,
0.44456610731902735
],
[
0.7452637128020979,
0.758357192535896
],
[
0.9322774451122906,
0.40785815210430587
],
[
0.31671289529956925,
0.22604784380732354
],
[
0.1451829147921983,
0.7412549420709602
],
[
0.24164280746410421,
0.854817085207802
],
[
0.2884136258862321,
0.0992676394116837
],
[
0.3561919940581767,
0.8124600920876246
],
[
0.8286516133673697,
0.06698777235743085
],
[
0.1324213954375979,
0.7403173566456888
],
[
0.3087462067396379,
0.06772255488770935
],
[
0.39255655400395445,
0.9330122276425692
],
[
0.2825101575779733,
0.8191335050211118
],
[
0.18086649497888835,
0.24861700779174808
],
[
0.25874505792903996,
0.1875399079123755
]
],
"half_couplers": [
{
"pose": [
[
-0.42558250468390346,
-0.007810284256565103,
0.9048859216314545,
-0.29036065727996657
],
[
0.9047335794045259,
0.01660365817166165,
0.4256541657651116,
-0.41936418607709386
],
[
-0.01834889655673433,
0.9998316448258429,
-2.220446049250313e-15,
-0.43941764326511945
],
[
0.0,
0.0,
0.0,
1.0
]
],
"at_element": 0,
"to_element": 6
},
{
"pose": [
[
-0.9906101494202626,
0.007810284256563868,
-0.13649370434344682,
-0.29007948776144593
],
[
0.13635058076029644,
-0.01660365817166376,
-0.9905214978291225,
-0.41996191625188034
],
[
-0.010002549269785582,
-0.9998316448258427,
0.015382815508069303,
-0.4754114909846981
],
[
0.0,
0.0,
0.0,
1.0
]
],
"at_element": 6,
"to_element": 0
},
{
"pose": [
[
0.0410835697297075,
-0.4236668610258047,
0.9048859216314538,
-0.15344761161814083
],
[
-0.08733837666536809,
0.9006611677696913,
0.42565416576511295,
-0.3549609206041663
],
[
-0.9953311751672014,
-0.09651866006258814,
0.0,
-0.43941764326511945
],
[
0.0,
0.0,
0.0,
1.0
]
],
"at_element": 0,
"to_element": 7
},
{
"pose": [
[
0.8987603929228278,
0.42366686102580475,
0.112854539039179,
-0.13819549692486205
],
[
0.4312480975375256,
-0.9006611677696914,
-0.05324039107671029,
-0.3873849515924409
],
[
0.07908751155188104,
0.09651866006258951,
-0.9921841128420943,
-0.43594294696776964
],
[
0.0,
0.0,
0.0,
1.0
]
],
"at_element": 7,
"to_element": 0
},
{
"pose": [
[
-0.9829463319527663,
-0.12323139687273864,
-0.13649370434344676,
-0.27881536206465557
],
[
0.1373488207802442,
0.001569639649035115,
-0.9905214978291227,
-0.3382192548552338
],
[
0.12227759374014129,
-0.9923767223469956,
0.015382815508066083,
-0.4766809558899616
],
[
0.0,
0.0,
0.0,
1.0
]
],
"at_element": 6,
"to_element": 8
},
{
"pose": [
[
-0.400296926787032,
0.12323139687273965,
0.9080618884358331,
-0.27437905218447134
],
[
0.9149565609969474,
-0.0015696396490361142,
0.4035492878447584,
-0.33827576162266537
],
[
0.0511552723919762,
0.9923767223469955,
-0.11212305316185978,
-0.4409555582239813
],
[
0.0,
0.0,
0.0,
1.0
]
],
"at_element": 8,
"to_element": 6
},
{
"pose": [
[
-0.42217242850451075,
-0.05433147746747108,
0.9048859216314538,
0.40583838467731664
],
[
0.8974841967492935,
0.11550172185764584,
0.4256541657651134,
-0.0918753664074107
],
[
-0.12764230174937818,
0.9918202673892689,
6.661338147750939e-16,
-0.43941764326511945
],
[
0.0,
0.0,
0.0,
1.0
]
],
"at_element": 0,
"to_element": 5
},
{
"pose": [
[
0.6356450412281384,
0.0543314774674718,
-0.7700671867559868,
0.4077943541414281
],
[
0.7700302162126659,
-0.11550172185764507,
0.6274653921670853,
-0.09603350551086334
],
[
-0.05485296420024488,
-0.9918202673892688,
-0.11525497609355462,
-0.475123835095845
],
[
0.0,
0.0,
0.0,
1.0
]
],
"at_element": 5,
"to_element": 0
},
{
"pose": [
[
0.7690256163644393,
-0.6374223993564379,
0.047877825493395865,
0.4322195234992327
],
[
-0.6230219270715718,
-0.7641888942503683,
-0.16691019229640944,
-0.16214403545230302
],
[
0.142979997773532,
0.09852927840536144,
-0.9848089670253819,
-0.4644866455368064
],
[
0.0,
0.0,
0.0,
1.0
]
],
"at_element": 4,
"to_element": 5
},
{
"pose": [
[
-0.026252860423227498,
0.6374223993564382,
-0.770067186755987,
0.4551666389343916
],
[
0.14934026763403518,
0.7641888942503683,
0.6274653921670853,
-0.1346333442868616
],
[
0.9884372877338214,
-0.09852927840535941,
-0.11525497609355484,
-0.4680336855021315
],
[
0.0,
0.0,
0.0,
1.0
]
],
"at_element": 5,
"to_element": 4
},
{
"pose": [
[
-0.6374141532411297,
0.026452318038582612,
-0.7700671867559864,
0.3536930127503191
],
[
-0.7492538318803885,
0.2119100682958679,
0.627465392167086,
-0.05195070341700607
],
[
0.1797829042496757,
0.9769311121185701,
-0.11525497609355395,
-0.4832211140292966
],
[
0.0,
0.0,
0.0,
1.0
]
],
"at_element": 5,
"to_element": 8
},
{
"pose": [
[
0.41799985842190834,
-0.02645231803858178,
0.9080618884358325,
0.35274076664592163
],
[
-0.890079825203802,
-0.21191006829586456,
0.40354928784475813,
-0.05957916670415589
],
[
0.18175264268899616,
-0.9769311121185709,
-0.11212305316186466,
-0.5183892548486647
],
[
0.0,
0.0,
0.0,
1.0
]
],
"at_element": 8,
"to_element": 5
},
{
"pose": [
[
-0.01651584415677476,
-0.6377489747334067,
-0.7700671867559856,
-0.24088839056779335
],
[
-0.20020819934474157,
-0.7524651875985628,
0.6274653921670872,
0.4325255342732438
],
[
-0.9796141606810946,
0.16453688546568765,
-0.11525497609355462,
-0.572211356184383
],
[
0.0,
0.0,
0.0,
1.0
]
],
"at_element": 5,
"to_element": 9
},
{
"pose": [
[
-0.7556661495546486,
0.6377489747334082,
-0.14914729512712682,
-0.21792911830977107
],
[
0.6526002935787989,
0.7524651875985615,
-0.08893254900837524,
0.4596146458064782
],
[
0.05551150545713163,
-0.1645368854656857,
-0.9848076391271217,
-0.5781347638252543
],
[
0.0,
0.0,
0.0,
1.0
]
],
"at_element": 9,
"to_element": 5
},
{
"pose": [
[
-0.1370102939444393,
0.9811206082984201,
-0.13649370434344693,
-0.16838652624813608
],
[
0.0034965295764030624,
-0.1373132791075682,
-0.9905214978291226,
0.4631520346313253
],
[
-0.9905634526037086,
-0.13618889585008415,
0.015382815508068859,
-0.489126265483597
],
[
0.0,
0.0,
0.0,
1.0
]
],
"at_element": 6,
"to_element": 9
},
{
"pose": [
[
-0.12311554056414331,
-0.9811206082984198,
-0.14914729512712446,
-0.20370643497305402
],
[
-0.9865272753997223,
0.1373132791075684,
-0.0889325490083782,
0.46809525205411473
],
[
0.10773346074455878,
0.1361888958500867,
-0.9848076391271217,
-0.4842235253616514
],
[
0.0,
0.0,
0.0,
1.0
]
],
"at_element": 9,
"to_element": 6
},
{
"pose": [
[
0.6743818904854767,
0.16908943573555357,
-0.7187613153946633,
-0.18418448626398226
],
[
0.7284828321832771,
0.006503796130258754,
0.6850331844882606,
0.42564632425349025
],
[
0.12050655168689284,
-0.9855792527029615,
-0.11879270870725223,
-0.15105007517838379
],
[
0.0,
0.0,
0.0,
1.0
]
],
"at_element": 1,
"to_element": 2
},
{
"pose": [
[
0.9823037172026172,
-0.16908943573555366,
-0.08054917685831836,
-0.19027171999150905
],
[
-0.08283625063569641,
-0.006503796130260087,
-0.9965419490500719,
0.4254121870527311
],
[
0.16798084042693875,
0.9855792527029615,
-0.020395437993121268,
-0.11556914023939141
],
[
0.0,
0.0,
0.0,
1.0
]
],
"at_element": 2,
"to_element": 1
},
{
"pose": [
[
-0.025482354788872508,
0.6947897675459447,
-0.7187613153946629,
-0.2520822310102936
],
[
0.14479035257794404,
0.71397849403902,
0.6850331844882609,
0.49035794312741005
],
[
0.9891341685508436,
-0.08661344562609896,
-0.11879270870725223,
-0.1622718213140938
],
[
0.0,
0.0,
0.0,
1.0
]
],
"at_element": 1,
"to_element": 10
},
{
"pose": [
[
0.7104728305382761,
-0.6947897675459453,
-0.11178343338966341,
-0.2770944349148241
],
[
-0.7000688108649511,
-0.7139784940390197,
-0.01176308224519073,
0.464654951358504
],
[
-0.07163809825130303,
0.08661344562609832,
-0.9936629679703839,
-0.15915376566032985
],
[
0.0,
0.0,
0.0,
1.0
]
],
"at_element": 10,
"to_element": 1
},
{
"pose": [
[
0.14045029566107292,
-0.9868057278695563,
-0.08054917685831786,
-0.1839329508976293
],
[
-0.03160543067393623,
0.0768455628868635,
-0.996541949050072,
0.503834457195905
],
[
0.9895831502206535,
0.14251040280778277,
-0.020395437993122822,
-0.11396413349631386
],
[
0.0,
0.0,
0.0,
1.0
]
],
"at_element": 2,
"to_element": 9
},
{
"pose": [
[
0.06300428398210012,
0.9868057278695562,
-0.14914729512712685,
-0.14840831270499188
],
[
0.9930688602465964,
-0.0768455628868634,
-0.08893254900837542,
0.5010680455900877
],
[
-0.09922045660260209,
-0.14251040280778288,
-0.9848076391271214,
-0.11909445485081528
],
[
0.0,
0.0,
0.0,
1.0
]
],
"at_element": 9,
"to_element": 2
},
{
"pose": [
[
-0.9781688298338829,
-0.1915660994248713,
-0.08054917685831814,
-0.2536834663024709
],
[
0.07509840856814998,
0.035558020389430234,
-0.996541949050072,
-0.35910812372023804
],
[
0.193767823365861,
-0.9808353871762199,
-0.0203954379931226,
-0.13162529860579797
],
[
0.0,
0.0,
0.0,
1.0
]
],
"at_element": 2,
"to_element": 3
},
{
"pose": [
[
-0.36922559386769604,
0.19156609942487252,
0.909381597781804,
-0.24678710710278634
],
[
0.9233222777472234,
-0.035558020389428346,
0.38237625266439385,
-0.3603882086714451
],
[
0.10558613663131372,
0.9808353871762197,
-0.16374831606507811,
-0.09631532901286544
],
[
0.0,
0.0,
0.0,
1.0
]
],
"at_element": 3,
"to_element": 2
},
{
"pose": [
[
-0.11314700909380937,
-0.40027848299519986,
0.909381597781804,
-0.1904692679257451
],
[
-0.15142761020764428,
0.9115141689875905,
0.38237625266439335,
-0.33670771595507504
],
[
-0.9819711977445811,
-0.09444075278143285,
-0.16374831606507945,
-0.10645623284483101
],
[
0.0,
0.0,
0.0,
1.0
]
],
"at_element": 3,
"to_element": 7
},
{
"pose": [
[
0.9094179397116133,
0.4002784829952004,
0.11285453903917904,
-0.17605919819826904
],
[
0.407808019162034,
-0.9115141689875899,
-0.053240391076710386,
-0.36952232700887744
],
[
0.08155752839451798,
0.09444075278143457,
-0.9921841128420938,
-0.10305635528330817
],
[
0.0,
0.0,
0.0,
1.0
]
],
"at_element": 7,
"to_element": 3
},
{
"pose": [
[
-0.9624282944102731,
0.24697293604115314,
0.11285453903917725,
-0.18184831506450694
],
[
0.24234651101307533,
0.9687278407054204,
-0.053240391076727865,
-0.3667912463756005
],
[
-0.12247426961742644,
-0.023890154989577618,
-0.9921841128420934,
-0.05216013231372643
],
[
0.0,
0.0,
0.0,
1.0
]
],
"at_element": 7,
"to_element": 12
},
{
"pose": [
[
0.968747007484348,
-0.24697293604115425,
-0.023099877777433754,
-0.19073933423538086
],
[
-0.247415413314059,
-0.9687278407054201,
-0.018761233883929557,
-0.4016654230409983
],
[
-0.017743977703823653,
0.023890154989578728,
-0.9995571077981587,
-0.05130008736543204
],
[
0.0,
0.0,
0.0,
1.0
]
],
"at_element": 12,
"to_element": 7
},
{
"pose": [
[
0.025060005931809126,
-0.6948051292231732,
-0.7187613153946637,
0.38752794579237043
],
[
-0.14522433429077813,
-0.7138903479384446,
0.68503318448826,
-0.11923829815839562
],
[
-0.989081335802318,
0.08721469787539216,
-0.118792708707252,
-0.056560754522202605
],
[
0.0,
0.0,
0.0,
1.0
]
],
"at_element": 1,
"to_element": 4
},
{
"pose": [
[
-0.7176026381161058,
0.6948051292231728,
0.047877825493394824,
0.41254029055590125
],
[
0.6800746715088722,
0.7138903479384451,
-0.1669101922964122,
-0.09353890309785923
],
[
-0.15014957522718908,
-0.0872146978753923,
-0.9848089670253817,
-0.05970040332437174
],
[
0.0,
0.0,
0.0,
1.0
]
],
"at_element": 4,
"to_element": 1
},
{
"pose": [
[
-0.001044527244713267,
0.6952561257946372,
-0.7187613153946635,
0.3357452989425898
],
[
0.1697974476478914,
0.7084478547657085,
0.6850331844882607,
-0.06988557046845514
],
[
0.985478429867999,
-0.12132830099732422,
-0.118792708707252,
-0.06511909058114707
],
[
0.0,
0.0,
0.0,
1.0
]
],
"at_element": 1,
"to_element": 13
},
{
"pose": [
[
0.6995248505267683,
-0.6952561257946371,
-0.1651783976206763,
0.3107154599442074
],
[
-0.7057303981184452,
-0.7084478547657087,
-0.006800165398463051,
-0.09539032344458759
],
[
-0.11229242479830717,
0.12132830099732388,
-0.9862402621623292,
-0.06075116381683501
],
[
0.0,
0.0,
0.0,
1.0
]
],
"at_element": 13,
"to_element": 1
},
{
"pose": [
[
-0.08113485596907744,
-0.40797333829882526,
0.9093815977818054,
0.40503896746707885
],
[
-0.22304424010416551,
0.896682590638791,
0.38237625266439046,
-0.08630875468763026
],
[
-0.9714259632639186,
-0.17180828525603384,
-0.16374831606507856,
-0.21368676289549415
],
[
0.0,
0.0,
0.0,
1.0
]
],
"at_element": 3,
"to_element": 4
},
{
"pose": [
[
0.9117376097668333,
0.40797333829882265,
0.04787782549339503,
0.4197258527873678
],
[
0.4100016089637677,
-0.8966825906387927,
-0.16691019229641166,
-0.11858898758796131
],
[
-0.025163695749696017,
0.17180828525603134,
-0.9848089670253815,
-0.20750172984124443
],
[
0.0,
0.0,
0.0,
1.0
]
],
"at_element": 4,
"to_element": 3
},
{
"pose": [
[
0.17308269084125216,
0.3782426360776424,
0.9093815977818045,
0.30216423720801566
],
[
0.010121395102915903,
-0.9239512751003203,
0.3823762526643921,
-0.12956546226371563
],
[
0.9848552886045352,
-0.05697850027447687,
-0.16374831606507967,
-0.19516256591739262
],
[
0.0,
0.0,
0.0,
1.0
]
],
"at_element": 3,
"to_element": 13
},
{
"pose": [
[
-0.9108504845541352,
-0.3782426360776416,
-0.1651783976206755,
0.2885473940672531
],
[
-0.38244973394035137,
0.9239512751003204,
-0.00680016539846626,
-0.09630295195230257
],
[
0.1551889035867307,
0.05697850027447966,
-0.986240262162329,
-0.19311132360193303
],
[
0.0,
0.0,
0.0,
1.0
]
],
"at_element": 13,
"to_element": 3
},
{
"pose": [
[
0.021962595436198606,
-0.9993500852128052,
-0.02858411423964813,
-0.22035315631345842
],
[
-0.02164598145454072,
0.028108986195543695,
-0.9993704700369772,
-0.3954861239553029
],
[
0.9995244348631882,
0.022567500531031792,
-0.02101456711917571,
0.2248193007496099
],
[
0.0,
0.0,
0.0,
1.0
]
],
"at_element": 11,
"to_element": 12
},
{
"pose": [
[
0.027673142789120364,
0.999350085212805,
-0.02309987777743289,
-0.18437695909404422
],
[
0.9994287873571641,
-0.028108986195545915,
-0.01876123388391337,
-0.39649803604294076
],
[
-0.019398354826150845,
-0.022567500531028843,
-0.9995571077981591,
0.22400687989542978
],
[
0.0,
0.0,
0.0,
1.0
]
],
"at_element": 12,
"to_element": 11
},
{
"pose": [
[
0.9270649415073567,
0.37418844166359416,
-0.023099877777431947,
-0.1822715148018622
],
[
0.3738204152688542,
-0.9273113356534441,
-0.018761233883913986,
-0.3947880385626177
],
[
-0.028441015385929722,
0.008757676289777172,
-0.9995571077981591,
0.3151117691766928
],
[
0.0,
0.0,
0.0,
1.0
]
],
"at_element": 12,
"to_element": 14
},
{
"pose": [
[
0.002796517989279601,
-0.3741884416635953,
0.9273484725886519,
-0.19574220615748888
],
[
-0.00831534594574812,
0.9273113356534437,
0.37419853258722025,
-0.36140505982167703
],
[
-0.9999615165139798,
-0.008757676289777916,
-0.0005182635095155597,
0.3147964949962088
],
[
0.0,
0.0,
0.0,
1.0
]
],
"at_element": 14,
"to_element": 12
},
{
"pose": [
[
0.23272808401399958,
-0.29302295012279683,
0.9273484725886519,
-0.270732174565655
],
[
-0.5778361893117347,
0.7253142743192527,
0.3741985325872204,
-0.39166459759690664
],
[
-0.7822678423870343,
-0.6229420150945584,
-0.0005182635095151156,
0.3148384043381169
],
[
0.0,
0.0,
0.0,
1.0
]
],
"at_element": 14,
"to_element": 17
},
{
"pose": [
[
0.8906375268395355,
0.2930229501227961,
-0.3477101472296847,
-0.2601834812675981
],
[
-0.029878157293442315,
-0.7253142743192524,
-0.6877692194228269,
-0.41777558249174235
],
[
-0.4537312987902686,
0.6229420150945588,
-0.637237125666754,
0.3372640343338297
],
[
0.0,
0.0,
0.0,
1.0
]
],
"at_element": 17,
"to_element": 14
},
{
"pose": [
[
-0.9127725376943718,
-0.37358050188740144,
-0.16517839762067651,
0.37389744822096477
],
[
-0.37772056025012346,
0.9258946679373883,
-0.006800165398461209,
-0.09278920867004939
],
[
0.15547820681790062,
0.0561842726630047,
-0.9862402621623292,
0.3164932069943175
],
[
0.0,
0.0,
0.0,
1.0
]
],
"at_element": 13,
"to_element": 14
},
{
"pose": [
[
0.021503929805021582,
0.3735805018873966,
0.9273484725886496,
0.38734598946596993
],
[
-0.051908786295544074,
-0.9258946679373903,
0.37419853258722585,
-0.12612053235363765
],
[
0.998420281699177,
-0.056184272663001245,
-0.0005182635095142274,
0.31447062684248506
],
[
0.0,
0.0,
0.0,
1.0
]
],
"at_element": 14,
"to_element": 13
},
{
"pose": [
[
-0.7090562684517496,
0.6855328621800318,
-0.165178397620676,
0.36617191937859006
],
[
0.695882953409376,
0.7181230207316833,
-0.00680016539846226,
-0.09310725797114133
],
[
0.1139566730100735,
-0.11976653107799262,
-0.9862402621623292,
0.27036594277213133
],
[
0.0,
0.0,
0.0,
1.0
]
],
"at_element": 13,
"to_element": 15
},
{
"pose": [
[
0.012274068473903443,
-0.6855328621800318,
-0.7279382131158878,
0.34149346848978474
],
[
-0.1758816223460145,
-0.7181230207316838,
0.6733238314630903,
-0.11895891976148926
],
[
-0.984334801865723,
0.11976653107799212,
-0.12938692310087796,
0.2746774099801827
],
[
0.0,
0.0,
0.0,
1.0
]
],
"at_element": 15,
"to_element": 13
},
{
"pose": [
[
-0.9783182208052954,
0.12493820792626904,
-0.1651783976206762,
0.354976397130604
],
[
0.12780499664918354,
0.991776003229588,
-0.006800165398462484,
-0.09356816208514845
],
[
0.1629703705336158,
-0.027763350268233573,
-0.9862402621623292,
0.20352018717729786
],
[
0.0,
0.0,
0.0,
1.0
]
],
"at_element": 13,
"to_element": 18
},
{
"pose": [
[
0.6697411840284699,
-0.12493820792626983,
0.732009009928372,
0.3504786744063565
],
[
-0.0636587726087787,
-0.9917760032295879,
-0.11103116719141679,
-0.1292716793768449
],
[
0.7398610052476662,
0.027763350268235017,
-0.6721866476625347,
0.20451965606255967
],
[
0.0,
0.0,
0.0,
1.0
]
],
"at_element": 18,
"to_element": 13
},
{
"pose": [
[
-0.3704196892444822,
-0.053047754028960004,
0.9273484725886512,
0.3630814791201837
],
[
0.9177855427452165,
0.13283506968206082,
0.3741985325872223,
-0.13591161352077968
],
[
-0.14303479069055092,
0.9897175253854227,
-0.0005182635095144494,
0.3144841874517492
],
[
0.0,
0.0,
0.0,
1.0
]
],
"at_element": 14,
"to_element": 15
},
{
"pose": [
[
0.683587517204735,
0.05304775402895928,
-0.7279382131158861,
0.36499121723287603
],
[
0.7273168925897615,
-0.13283506968205483,
0.673323831463091,
-0.14069372352557796
],
[
-0.06097740627018866,
-0.9897175253854237,
-0.1293869231008824,
0.2788540026564379
],
[
0.0,
0.0,
0.0,
1.0
]
],
"at_element": 15,
"to_element": 14
},
{
"pose": [
[
-0.4134722731180016,
0.546942992685967,
-0.7279382131158872,
0.3173595825702007
],
[
-0.28055645864523127,
0.6840490417333468,
0.6733238314630908,
-0.09663570572672818
],
[
0.866215188550212,
0.48262850232389737,
-0.12938692310087818,
0.2703877474987525
],
[
0.0,
0.0,
0.0,
1.0
]
],
"at_element": 15,
"to_element": 18
},
{
"pose": [
[
0.4062218262666384,
-0.5469429926859675,
0.7320090099283717,
0.2976695420619806
],
[
-0.7209361888654235,
-0.6840490417333469,
-0.11103116719141917,
-0.12126158725634503
],
[
0.5614577806467692,
-0.4826285023238974,
-0.6721866476625349,
0.25301303955247967
],
[
0.0,
0.0,
0.0,
1.0
]
],
"at_element": 18,
"to_element": 15
},
{
"pose": [
[
-0.02459445034901586,
-0.9934281942000883,
-0.11178343338966337,
-0.23140366794207323
],
[
-0.9995908921948075,
0.02607063745445648,
-0.011763082245189023,
0.46946303636223374
],
[
0.014600042918381545,
0.11144839537234175,
-0.9936629679703834,
0.24699964851083753
],
[
0.0,
0.0,
0.0,
1.0
]
],
"at_element": 10,
"to_element": 11
},
{
"pose": [
[
-0.11083037210749813,
0.9934281942000884,
-0.028584114239646075,
-0.19564062056483417
],
[
0.024062117130249472,
-0.026070637454456813,
-0.9993704700369772,
0.4685245030612041
],
[
-0.9935480074650263,
-0.11144839537234197,
-0.02101456711917793,
0.24298754751844756
],
[
0.0,
0.0,
0.0,
1.0
]
],
"at_element": 11,
"to_element": 10
},
{
"pose": [
[
-0.720205279857534,
0.684696150774159,
-0.11178343338966236,
-0.24077227631285847
],
[
0.6899252052470476,
0.7237850793301228,
-0.011763082245188183,
0.4684771683543657
],
[
0.07285304406921007,
-0.08559404216496543,
-0.9936629679703837,
0.16372041010154817
],
[
0.0,
0.0,
0.0,
1.0
]
],
"at_element": 10,
"to_element": 15
},
{
"pose": [
[
0.036015815979922094,
-0.6846961507741587,
-0.7279382131158875,
-0.2654210772620477
],
[
-0.15089790231461336,
-0.7237850793301237,
0.6733238314630906,
0.44242118084774706
],
[
-0.9878930529547972,
0.08559404216496458,
-0.12938692310087796,
0.16680176305697994
],
[
0.0,
0.0,
0.0,
1.0
]
],
"at_element": 15,
"to_element": 10
},
{
"pose": [
[
-0.3391291209498435,
0.934074891720897,
-0.11178343338966285,
-0.22847091228820232
],
[
0.9403517552972451,
0.34000030324322217,
-0.01176308224518944,
0.46977165316631114
],
[
0.02701880147557456,
-0.10910495154259395,
-0.9936629679703834,
0.2730694389886339
],
[
0.0,
0.0,
0.0,
1.0
]
],
"at_element": 10,
"to_element": 16
},
{
"pose": [
[
0.0877238371381972,
-0.9340748917208961,
-0.34613382535422244,
-0.2620980685013054
],
[
-0.5146874199432401,
-0.3400003032432233,
0.7870810971854723,
0.457531474770553
],
[
-0.8528782962122566,
0.10910495154259686,
-0.5105827272822356,
0.2769972709876147
],
[
0.0,
0.0,
0.0,
1.0
]
],
"at_element": 16,
"to_element": 10
},
{
"pose": [
[
-0.7328568992606863,
0.5857577486910976,
-0.346133825354225,
-0.04117226671798703
],
[
0.11295456393033523,
0.6064195024408635,
0.7870810971854701,
-0.04483642379076984
],
[
0.6709411536739418,
0.5377204170456172,
-0.5105827272822372,
0.6028853817092522
],
[
0.0,
0.0,
0.0,
1.0
]
],
"at_element": 16,
"to_element": 18
},
{
"pose": [
[
0.3479233668956746,
-0.5857577486910974,
0.7320090099283716,
-0.06225954348402754
],
[
-0.7873547275348558,
-0.6064195024408634,
-0.11103116719141892,
-0.06666752361466435
],
[
0.5089419061115825,
-0.5377204170456176,
-0.6721866476625347,
0.5835274487031088
],
[
0.0,
0.0,
0.0,
1.0
]
],
"at_element": 18,
"to_element": 16
},
{
"pose": [
[
0.8458987881641026,
0.40441673271022516,
-0.3477101472296846,
-0.09240989841283306
],
[
0.06303901690798597,
-0.7231871010753643,
-0.6877692194228272,
-0.08592013611165462
],
[
-0.5296048739671655,
0.55986384339605,
-0.6372371256667533,
0.6447372460102248
],
[
0.0,
0.0,
0.0,
1.0
]
],
"at_element": 17,
"to_element": 18
},
{
"pose": [
[
-0.5482790491051726,
-0.40441673271022444,
0.7320090099283716,
-0.10696853089602334
],
[
-0.6816689055181568,
0.7231871010753648,
-0.11103116719141731,
-0.05988606192639076
],
[
-0.4844766119865913,
-0.5598638433960503,
-0.6721866476625349,
0.6245826597199741
],
[
0.0,
0.0,
0.0,
1.0
]
],
"at_element": 18,
"to_element": 17
}
],
"nstatus": 0,
"opt_line_pos": [
[
-0.19987163762727178,
-0.3767985684114694,
-0.43941764326511945
],
[
0.34299599512902157,
-0.07679602515203947,
-0.06392073749570502
],
[
-0.183752560184655,
0.5060662231767556,
-0.11391845770241377
],
[
-0.24987163762727177,
-0.3616851902972649,
-0.09575991126472995
],
[
0.41498311561304313,
-0.10205500414948872,
-0.10994738084174947
],
[
0.4151193579726631,
-0.10200205797049129,
-0.4740275110919478
],
[
-0.1719465137171473,
0.43731755283584894,
-0.4887250555471369
],
[
-0.17485689451008365,
-0.37008952722161975,
-0.11362665780179944
],
[
-0.24987163762727177,
-0.32738448888297367,
-0.443981614245328
],
[
-0.14755437303393115,
0.5015772270109244,
-0.11345595962569258
],
[
-0.22959393981612541,
0.4696534758588696,
0.26308664607674914
],
[
-0.19655554144674467,
0.43653663371056545,
0.24231491284729945
],
[
-0.18395378028783108,
-0.39615433913533904,
0.2423182920897043
],
[
0.36356785573324446,
-0.09321446365754797,
0.2548177085643457
],
[
-0.2492872351639014,
-0.3830112541205783,
0.31482641949112117
],
[
0.35336182993912807,
-0.12993684406917835,
0.2767869444743351
],
[
-0.029427208926043596,
-0.07154376152041582,
0.6202105409402547
],
[
-0.07264382017654807,
-0.04682291588977752,
0.6809618974371335
],
[
-0.06836029936295904,
-0.0657421606248646,
0.5891296292594216
]
],
"opt_line_orient": [
[
0.904885921631454,
0.42565416576511306,
0.0
],
[
-0.7187613153946635,
0.6850331844882606,
-0.11879270870725205
],
[
-0.08054917685831817,
-0.996541949050072,
-0.020395437993122666
],
[
0.9093815977818043,
0.38237625266439274,
-0.16374831606507942
],
[
0.04787782549339501,
-0.16691019229641166,
-0.9848089670253815
],
[
-0.7700671867559867,
0.6274653921670854,
-0.11525497609355495
],
[
-0.1364937043434468,
-0.9905214978291226,
0.01538281550806872
],
[
0.11285453903917932,
-0.053240391076711635,
-0.9921841128420942
],
[
0.9080618884358332,
0.403549287844757,
-0.11212305316186201
],
[
-0.14914729512712685,
-0.08893254900837537,
-0.9848076391271215
],
[
-0.11178343338966287,
-0.011763082245189552,
-0.9936629679703837
],
[
-0.028584114239646227,
-0.9993704700369771,
-0.021014567119177575
],
[
-0.023099877777431832,
-0.018761233883914447,
-0.9995571077981591
],
[
-0.1651783976206762,
-0.006800165398462795,
-0.986240262162329
],
[
0.9273484725886516,
0.3741985325872213,
-0.0005182635095156409
],
[
-0.7279382131158877,
0.6733238314630902,
-0.12938692310087802
],
[
-0.346133825354225,
0.7870810971854704,
-0.5105827272822372
],
[
-0.34771014722968435,
-0.6877692194228282,
-0.637237125666753
],
[
0.7320090099283718,
-0.11103116719141849,
-0.6721866476625346
]
],
"opt_edge_ids": [
[
0,
1
],
[
5,
3
],
[
3,
4
],
[
4,
5
],
[
5,
1
],
[
1,
2
],
[
2,
0
],
[
4,
0
],
[
0,
1
],
[
3,
2
],
[
8,
3
],
[
8,
6
],
[
6,
4
],
[
7,
5
],
[
6,
7
],
[
7,
8
],
[
9,
8
],
[
9,
6
],
[
9,
7
]
]
}