{
"line_pt_pairs": [
[
[
-0.3690191130943549,
-0.4563647610552975,
-0.43941764326511945
],
[
0.535866808537099,
-0.03071059529018444,
-0.43941764326511945
]
],
[
[
-0.3650228521111065,
-0.3735836957136525,
-0.46149661153552873
],
[
0.5656910295426669,
-0.013763057716101867,
-0.5270769360849039
]
],
[
[
0.46520577157380905,
-0.1959011561573871,
-0.4680574968490439
],
[
-0.23253450100027945,
0.5180422062096612,
-0.5267378799448466
]
],
[
[
-0.17058394823116876,
0.5226326209860666,
-0.4268706373980847
],
[
-0.16169729885793332,
-0.4719438824985461,
-0.5304978837150619
]
],
[
[
-0.22081303888954198,
0.517401908937926,
-0.09080207876150732
],
[
-0.34526757452018275,
-0.4744805648724637,
-0.11688323496178304
]
],
[
[
0.4809317452940309,
-0.17981890016408272,
-0.11268059987921457
],
[
-0.32892434752452615,
0.40643530488025226,
-0.1336356945460496
]
],
[
[
-0.44318884318543705,
-0.4870349095562711,
-0.08361642949291494
],
[
0.4931396937734453,
-0.1373391422903581,
-0.051966133558389666
]
],
[
[
-0.17340778658294476,
-0.4386568855976346,
0.19941376723950444
],
[
-0.20771230029495724,
-0.40089754396320754,
-0.7992841012163752
]
],
[
[
-0.23277029357255094,
0.5079722130186631,
0.19103269401540343
],
[
-0.07629309078189307,
0.4336859906563799,
-0.793851279950034
]
],
[
[
0.4252519668855331,
-0.11786512655957909,
0.24548258598390493
],
[
0.2783212004448129,
-0.19369523548105444,
-0.7407532602790972
]
],
[
[
-0.44943325688212465,
-0.4561201870374804,
0.27116142113571795
],
[
0.499575936446865,
-0.1461163684446193,
0.21389726624887237
]
],
[
[
0.4452438322817345,
-0.22292056972748747,
0.2516845300718765
],
[
-0.3071908588698669,
0.4320527176092791,
0.3213410331915698
]
],
[
[
-0.19674883678639823,
0.5227185678845997,
0.2723088078123248
],
[
-0.34966173185433547,
-0.46507159798975906,
0.3021120748119161
]
],
[
[
-0.23451101424702123,
-0.39740648370774695,
0.6134947793165595
],
[
-0.2828381171788737,
-0.48767287894976596,
-0.3812496446498312
]
],
[
[
0.3915949502601028,
-0.06398806537128024,
0.5644042060645147
],
[
0.3644940142980703,
-0.05423598786601644,
-0.435180926004942
]
],
[
[
-0.14335586876624543,
0.5217709949592862,
0.5804782665404159
],
[
-0.2220585328697818,
0.36698114307038987,
-0.4043293250302521
]
],
[
[
0.002362596085849669,
-0.22671422484803166,
0.7521395697664695
],
[
-0.35268120454996155,
0.5171539453719911,
0.1859204911726854
]
],
[
[
0.0576247793291701,
0.11984034235962532,
0.7869432505044478
],
[
-0.2912860243807033,
-0.592600222584619,
0.1781003376965083
]
],
[
[
-0.18414988202257582,
0.026888885471504954,
0.783062237968636
],
[
0.5278546353523074,
-0.12957968076479243,
0.0985425852064108
]
]
],
"contact_id_pairs": [
[
0,
7
],
[
1,
3
],
[
3,
7
],
[
0,
2
],
[
0,
9
],
[
1,
2
],
[
2,
8
],
[
3,
8
],
[
4,
5
],
[
4,
8
],
[
4,
15
],
[
4,
6
],
[
6,
7
],
[
6,
13
],
[
5,
9
],
[
5,
14
],
[
6,
9
],
[
10,
12
],
[
10,
13
],
[
13,
17
],
[
10,
11
],
[
11,
18
],
[
14,
18
],
[
11,
12
],
[
11,
16
],
[
12,
15
],
[
16,
17
],
[
17,
18
]
],
"contact_t_pairs": [
[
0.17494175186405958,
0.6414225347905201
],
[
0.22094027585708842,
0.8174771364341665
],
[
0.9386213150634215,
0.7232741309679267
],
[
0.8250582481359404,
0.1242433975239503
],
[
0.7480981439348116,
0.6942339914286199
],
[
0.7790597241429115,
0.14925688197719442
],
[
0.8757566024760497,
0.7191834668849125
],
[
0.061378684936578644,
0.6280893385076853
],
[
0.17658435797546448,
0.8918139778942231
],
[
0.025926774348692207,
0.28081653311508753
],
[
0.09826250628720382,
0.6864272632947613
],
[
0.9740732256513078,
0.10705931861212264
],
[
0.2644976805447861,
0.276725869032073
],
[
0.173766966865384,
0.6928037938611917
],
[
0.1081860221057771,
0.3600499735365158
],
[
0.15917183851718655,
0.6809907778967088
],
[
0.8929406813878774,
0.3057660085713802
],
[
0.11028415653124203,
0.9555285480345636
],
[
0.19660333388851953,
0.35290146873045664
],
[
0.3071962061388083,
0.7870266005642099
],
[
0.889715843468758,
0.06358887994353349
],
[
0.1709747381580301,
0.7336852565576861
],
[
0.3190092221032905,
0.7854631432313528
],
[
0.8827881460361561,
0.17001207052162565
],
[
0.9364111200564663,
0.7984061701271956
],
[
0.04447145196543622,
0.3135727367052387
],
[
0.2015938298728043,
0.2750043519469694
],
[
0.21297339943579013,
0.21453685676864662
]
],
"half_couplers": [
{
"pose": [
[
-0.020761375947495164,
-0.42514754392088494,
0.9048859216314542,
-0.2107167847270242
],
[
0.04413601068561662,
0.9038089088560508,
0.42565416576511267,
-0.3819000756081138
],
[
-0.9988097806036573,
0.048775220865456825,
0.0,
-0.43941764326511945
],
[
0.0,
0.0,
0.0,
1.0
]
],
"at_element": 0,
"to_element": 7
},
{
"pose": [
[
0.9044737509939257,
0.4251475439208845,
-0.03430451371201249,
-0.19541147472285997
],
[
0.42626715612602517,
-0.903808908856051,
0.03775934163442711,
-0.41443719297445913
],
[
-0.014951433750945167,
-0.0487752208654572,
-0.9986978684558794,
-0.4411735510353554
],
[
0.0,
0.0,
0.0,
1.0
]
],
"at_element": 7,
"to_element": 0
},
{
"pose": [
[
-0.34908971948869283,
0.10912395815892773,
0.9307138816537736,
-0.15939067035450027
],
[
0.9274240366082233,
-0.10204785540296735,
0.3598206379975506,
-0.29408482469540015
],
[
0.13424240786210195,
0.9887761106354582,
-0.06558032454937512,
-0.4759859465322651
],
[
0.0,
0.0,
0.0,
1.0
]
],
"at_element": 1,
"to_element": 3
},
{
"pose": [
[
-0.9939884250928912,
-0.10912395815892775,
0.008886649373235411,
-0.16331931554904178
],
[
-0.020095121895067534,
0.10204785540296657,
-0.9945765034846127,
-0.2904109310472404
],
[
0.10762526124185073,
-0.9887761106354583,
-0.10362724631697784,
-0.5115835419738453
],
[
0.0,
0.0,
0.0,
1.0
]
],
"at_element": 3,
"to_element": 1
},
{
"pose": [
[
-0.03496315659987381,
0.9993490907303063,
0.00888664937323308,
-0.162242749709955
],
[
0.1032589287968394,
0.012456819018152654,
-0.994576503484613,
-0.4108980846458402
],
[
-0.9940398238019954,
-0.033855908147014224,
-0.10362724631697495,
-0.5241373796125269
],
[
0.0,
0.0,
0.0,
1.0
]
],
"at_element": 3,
"to_element": 7
},
{
"pose": [
[
0.011162221799100536,
-0.9993490907303064,
-0.03430451371201385,
-0.1982193539262779
],
[
-0.9992092172209401,
-0.012456819018150656,
0.03775934163442568,
-0.4113465305910733
],
[
-0.03816208884775452,
0.03385590814701489,
-0.9986978684558796,
-0.5229185656674427
],
[
0.0,
0.0,
0.0,
1.0
]
],
"at_element": 7,
"to_element": 3
},
{
"pose": [
[
-0.4248324914321935,
-0.026435261616078398,
0.9048859216314533,
0.3775644801697683
],
[
0.9031391478516428,
0.056197960680201,
0.4256541657651142,
-0.10517528073736812
],
[
-0.062105022673886345,
0.9980696198956645,
1.9984014443252818e-15,
-0.43941764326511945
],
[
0.0,
0.0,
0.0,
1.0
]
],
"at_element": 0,
"to_element": 2
},
{
"pose": [
[
0.7158628981666301,
0.02643526161607901,
-0.6977402725740879,
0.37851614951991713
],
[
0.6979445999127867,
-0.056197960680197,
0.7139433623670486,
-0.10719840717723221
],
[
-0.020338300839872647,
-0.9980696198956645,
-0.058680383095804256,
-0.4753481470128734
],
[
0.0,
0.0,
0.0,
1.0
]
],
"at_element": 2,
"to_element": 0
},
{
"pose": [
[
0.0026222787220547827,
-0.4256460883028276,
0.9048859216314539,
0.3079243653508771
],
[
-0.005574626748727718,
0.904868749987211,
0.4256541657651134,
-0.13793366968829582
],
[
-0.9999810234154028,
-0.006160585125113749,
-4.440892098500626e-16,
-0.43941764326511945
],
[
0.0,
0.0,
0.0,
1.0
]
],
"at_element": 0,
"to_element": 9
},
{
"pose": [
[
0.892881155241639,
0.42564608830282785,
-0.14693076644072,
0.3232476344357256
],
[
0.41888225061171974,
-0.9048687499872112,
-0.07583010892147624,
-0.17050896574660193
],
[
-0.16522984820188086,
0.006160585125113291,
-0.9862358462630023,
-0.4391958620572417
],
[
0.0,
0.0,
0.0,
1.0
]
],
"at_element": 9,
"to_element": 0
},
{
"pose": [
[
0.3646824395901165,
-0.02789961920112516,
0.930713881653773,
0.36005884778606057
],
[
-0.9266400776615992,
-0.10893702282667905,
0.35982063799755176,
-0.0932619287343543
],
[
0.09135034058998653,
-0.9936570516562,
-0.06558032454937734,
-0.5125876010881676
],
[
0.0,
0.0,
0.0,
1.0
]
],
"at_element": 1,
"to_element": 2
},
{
"pose": [
[
-0.715807322731941,
0.027899619201125825,
-0.6977402725740881,
0.3610632340594828
],
[
-0.6916773817248123,
0.10893702282668194,
0.7139433623670488,
-0.0893401959821672
],
[
0.09592849594171071,
0.9936570516561996,
-0.05868038309580137,
-0.4768159478631507
],
[
0.0,
0.0,
0.0,
1.0
]
],
"at_element": 2,
"to_element": 1
},
{
"pose": [
[
0.08407655876959108,
-0.7113997781091168,
-0.6977402725740884,
-0.14584487894638754
],
[
0.0002675139418316097,
-0.7002034017114771,
0.7139433623670486,
0.42933945722950634
],
[
-0.9964592619378649,
-0.060212556314903576,
-0.0586803830958027,
-0.519447229781017
],
[
0.0,
0.0,
0.0,
1.0
]
],
"at_element": 2,
"to_element": 8
},
{
"pose": [
[
-0.6851461455143064,
0.7113997781091165,
0.1564772027906572,
-0.1202344763811121
],
[
0.7100681329272686,
0.7002034017114771,
-0.07428622236228481,
0.45454679007837273
],
[
-0.16241307178940873,
0.060212556314905394,
-0.9848839739654376,
-0.5172795768604499
],
[
0.0,
0.0,
0.0,
1.0
]
],
"at_element": 8,
"to_element": 2
},
{
"pose": [
[
-0.15739592243552902,
-0.9874955954654108,
0.00888664937323591,
-0.1700384973791471
],
[
-0.10373077760043659,
0.007583171812041711,
-0.9945765034846128,
0.4615868231333605
],
[
0.9820725275554132,
-0.15746410524841203,
-0.10362724631697673,
-0.4332311415006197
],
[
0.0,
0.0,
0.0,
1.0
]
],
"at_element": 3,
"to_element": 8
},
{
"pose": [
[
0.01916595792606801,
0.9874955954654111,
0.15647720279066044,
-0.1344886307802337
],
[
0.997208129064545,
-0.007583171812041822,
-0.07428622236228584,
0.4613138287549019
],
[
-0.07217072387309212,
0.15746410524840998,
-0.9848839739654371,
-0.42756242969936853
],
[
0.0,
0.0,
0.0,
1.0
]
],
"at_element": 8,
"to_element": 3
},
{
"pose": [
[
0.9913726351797361,
-0.041126229802250475,
-0.12445453563064068,
-0.24278976316101328
],
[
-0.12539411436655937,
-0.021106260445845626,
-0.9918824738103896,
0.3422509791130029
],
[
0.0381656167120637,
0.9989310081243071,
-0.026081156200276512,
-0.09540760298439083
],
[
0.0,
0.0,
0.0,
1.0
]
],
"at_element": 4,
"to_element": 5
},
{
"pose": [
[
0.5851852203763438,
0.0411262298022535,
-0.8098560928185589,
-0.2413092383643597
],
[
0.8098521672736514,
0.02110626044584074,
0.5862542050443323,
0.3430107944937212
],
[
0.04120345877787013,
-0.9989310081243071,
-0.02095509466682932,
-0.13136864621119473
],
[
0.0,
0.0,
0.0,
1.0
]
],
"at_element": 5,
"to_element": 4
},
{
"pose": [
[
-0.16695431591619325,
-0.9780783838516818,
-0.12445453563064068,
-0.22403974355150888
],
[
-0.004976948622571364,
0.12706056874652272,
-0.9918824738103897,
0.49168559585902144
],
[
0.9859520710355877,
-0.16497965605459525,
-0.026081156200275624,
-0.09147827901306486
],
[
0.0,
0.0,
0.0,
1.0
]
],
"at_element": 4,
"to_element": 8
},
{
"pose": [
[
0.13739563329630866,
0.9780783838516817,
0.15647720279065785,
-0.18882890797333188
],
[
0.9891092806343248,
-0.12706056874652272,
-0.07428622236228322,
0.48711141359667026
],
[
-0.052775665928102664,
0.16497965605459528,
-0.9848839739654376,
-0.08553900907418086
],
[
0.0,
0.0,
0.0,
1.0
]
],
"at_element": 8,
"to_element": 4
},
{
"pose": [
[
0.0561920043616323,
-0.9906328922495882,
-0.12445453563064035,
-0.23304225347941887
],
[
-0.03328904402928784,
0.1227232565384313,
-0.9918824738103897,
0.41993705111896534
],
[
0.9978648697060333,
0.059878836810833114,
-0.026081156200276068,
-0.09336487853661446
],
[
0.0,
0.0,
0.0,
1.0
]
],
"at_element": 4,
"to_element": 15
},
{
"pose": [
[
0.11159015842009368,
0.9906328922495882,
-0.07870266410353759,
-0.19737952310084275
],
[
0.9802954167274354,
-0.12272325653843108,
-0.15478985188889502,
0.41551902054138967
],
[
-0.16299856590461786,
-0.059878836810832135,
-0.984807591570668,
-0.09552051341334283
],
[
0.0,
0.0,
0.0,
1.0
]
],
"at_element": 15,
"to_element": 4
},
{
"pose": [
[
-0.9919066080105843,
0.025146561313602128,
-0.12445453563064063,
-0.34204086985821586
],
[
0.12503774220036318,
0.02312403886039316,
-0.9918824738103897,
-0.44876425179355917
],
[
-0.022064541925285196,
-0.9994162942842608,
-0.026081156200273403,
-0.1162070347102255
],
[
0.0,
0.0,
0.0,
1.0
]
],
"at_element": 4,
"to_element": 6
},
{
"pose": [
[
-0.35022353052092337,
-0.025146561313602156,
0.9363285369588825,
-0.3429461480215334
],
[
0.9365778927473611,
-0.023124038860391494,
0.34969576726591317,
-0.449596718991239
],
[
0.012858051422071137,
0.999416294284261,
0.03165029593452506,
-0.08022797037629262
],
[
0.0,
0.0,
0.0,
1.0
]
],
"at_element": 6,
"to_element": 4
},
{
"pose": [
[
0.013020205278667984,
-0.35088366324316134,
0.9363285369588823,
-0.19553211693191969
],
[
0.05549863726360396,
0.9352180342669763,
0.3496957672659134,
-0.39454119021810774
],
[
-0.9983738656016514,
0.04741184715735852,
0.031650295934525174,
-0.07524499962967693
],
[
0.0,
0.0,
0.0,
1.0
]
],
"at_element": 6,
"to_element": 7
},
{
"pose": [
[
0.9357904974982605,
0.3508836632431618,
-0.034304513712012416,
-0.18290073295162407
],
[
0.3520532069178577,
-0.9352180342669765,
0.037759341634426694,
-0.4282078989697688
],
[
-0.018833063765895112,
-0.04741184715735852,
-0.99869786845588,
-0.07695176830942779
],
[
0.0,
0.0,
0.0,
1.0
]
],
"at_element": 7,
"to_element": 6
},
{
"pose": [
[
0.05339110052989171,
-0.34704216063850973,
0.9363285369588826,
-0.28048587332858943
],
[
-0.052704414026621904,
0.9353796636117419,
0.34969576726591234,
-0.4262693367528101
],
[
-0.9971818465687777,
-0.06801928874179405,
0.031650295934525396,
-0.07811665356798068
],
[
0.0,
0.0,
0.0,
1.0
]
],
"at_element": 6,
"to_element": 13
},
{
"pose": [
[
0.936603560670986,
0.34704216063850907,
-0.048327102931852065,
-0.2679922145045289
],
[
0.34193107900802927,
-0.9353796636117424,
-0.0902663952420211,
-0.45994338478959157
],
[
-0.07653043412156646,
0.06801928874179125,
-0.9947444239663903,
-0.07566793152962173
],
[
0.0,
0.0,
0.0,
1.0
]
],
"at_element": 13,
"to_element": 6
},
{
"pose": [
[
0.07014807824843183,
0.5824193987520616,
-0.8098560928185569,
0.3933166361338642
],
[
0.13224437018097326,
0.7992605542770597,
0.5862542050443348,
-0.11639438977755151
],
[
0.9887318512486031,
-0.14822351478093607,
-0.020955094666835317,
-0.11494764821406943
],
[
0.0,
0.0,
0.0,
1.0
]
],
"at_element": 5,
"to_element": 9
},
{
"pose": [
[
0.7994992144026345,
-0.5824193987520615,
-0.14693076644072034,
0.3723495483168518
],
[
-0.5961814832395284,
-0.7992605542770599,
-0.07583010892147585,
-0.1451677552700274
],
[
-0.07327103938041407,
0.1482235147809355,
-0.9862358462630021,
-0.10961160436385226
],
[
0.0,
0.0,
0.0,
1.0
]
],
"at_element": 9,
"to_element": 5
},
{
"pose": [
[
0.01228186761871497,
-0.5865000124914383,
-0.8098560928185572,
0.3520254620657559
],
[
-0.018768781891497277,
-0.8099097109518723,
0.5862542050443348,
-0.08650374050874426
],
[
-0.9997484126289504,
0.007999715832342158,
-0.020955094666835095,
-0.11601606082363639
],
[
0.0,
0.0,
0.0,
1.0
]
],
"at_element": 5,
"to_element": 14
},
{
"pose": [
[
-0.8094956915373455,
0.586500012491438,
-0.027100935962031985,
0.3731394627975894
],
[
0.5864734922314788,
0.809909710951872,
0.0097520775052654,
-0.05734699052486165
],
[
0.027668904790190147,
-0.007999715832343966,
-0.9995851320694569,
-0.11630405059744905
],
[
0.0,
0.0,
0.0,
1.0
]
],
"at_element": 14,
"to_element": 5
},
{
"pose": [
[
-0.03664705501186494,
0.3492074802111167,
0.9363285369588816,
0.39289699860954175
],
[
0.007679766611602967,
-0.9368318373865687,
0.3496957672659151,
-0.17477733285539016
],
[
0.99929876140409,
0.020006104656038165,
0.03165029593452473,
-0.05535459267501198
],
[
0.0,
0.0,
0.0,
1.0
]
],
"at_element": 6,
"to_element": 9
},
{
"pose": [
[
-0.9254542050462267,
-0.34920748021111875,
-0.14693076644072026,
0.38032553289462034
],
[
-0.34146142247677785,
0.9368318373865678,
-0.07583010892147493,
-0.1410513962940316
],
[
0.16412986115387954,
-0.020006104656040816,
-0.9862358462630019,
-0.05607481223795058
],
[
0.0,
0.0,
0.0,
1.0
]
],
"at_element": 9,
"to_element": 6
},
{
"pose": [
[
0.31074652182911966,
-0.053086251969464704,
0.9490091933289894,
-0.3447725784554426
],
[
-0.9504829558187106,
-0.021903952975913965,
0.31000381859286225,
-0.4219316773825026
],
[
0.004330111919071289,
-0.9983496715559452,
-0.05726415488684777,
0.2648460921145478
],
[
0.0,
0.0,
0.0,
1.0
]
],
"at_element": 10,
"to_element": 12
},
{
"pose": [
[
0.9868127970257461,
0.053086251969465655,
-0.15291289506793737,
-0.34286147338642586
],
[
-0.15424268230919766,
0.02190395297591341,
-0.9877901658743586,
-0.421143135076147
],
[
-0.0490886807755876,
0.998349671555945,
0.029803266999593903,
0.3007866802551307
],
[
0.0,
0.0,
0.0,
1.0
]
],
"at_element": 12,
"to_element": 10
},
{
"pose": [
[
-0.032309971424697714,
-0.3135882917514544,
0.9490091933289899,
-0.26285488558279074
],
[
-0.08504484750297538,
0.9469239707447691,
0.3100038185928609,
-0.3951724027839521
],
[
-0.9958531215293402,
-0.07069212760530315,
-0.057264154886845775,
0.25990309737265554
],
[
0.0,
0.0,
0.0,
1.0
]
],
"at_element": 10,
"to_element": 13
},
{
"pose": [
[
0.9483284633493919,
0.31358829175145414,
-0.048327102931852245,
-0.25156571985115994
],
[
0.3085238589136516,
-0.9469239707447692,
-0.09026639524202025,
-0.4292616271656594
],
[
-0.07406857688932743,
0.07069212760530162,
-0.9947444239663903,
0.2624480110873882
],
[
0.0,
0.0,
0.0,
1.0
]
],
"at_element": 13,
"to_element": 10
},
{
"pose": [
[
-0.43437641919012404,
-0.8994340540438635,
-0.04832710293185191,
-0.24935691692136602
],
[
-0.8949021758993332,
0.4370378398498811,
-0.09026639524201982,
-0.42513597786792134
],
[
0.102309442487995,
0.004038436030196289,
-0.9947444239663903,
0.30791306619635
],
[
0.0,
0.0,
0.0,
1.0
]
],
"at_element": 13,
"to_element": 17
},
{
"pose": [
[
0.2632102457746476,
0.8994340540438637,
-0.3489108037098734,
-0.21697730441473786
],
[
0.549023103303746,
-0.43703783984988087,
-0.7124405649442442,
-0.4408693335724885
],
[
-0.7932805295467511,
-0.004038436030195547,
-0.6088429128079396,
0.3077676825596035
],
[
0.0,
0.0,
0.0,
1.0
]
],
"at_element": 17,
"to_element": 13
},
{
"pose": [
[
0.3076163992479297,
-0.0689470948684453,
0.9490091933289899,
0.39491525802018296
],
[
-0.9503560382826403,
0.02685205685919856,
0.31000381859286114,
-0.18030487809959714
],
[
-0.04685671150927467,
-0.9972588756945875,
-0.057264154886845775,
0.22021259527004255
],
[
0.0,
0.0,
0.0,
1.0
]
],
"at_element": 10,
"to_element": 11
},
{
"pose": [
[
-0.6550483445218345,
0.06894709486844508,
-0.7524346911516011,
0.39739735304074564
],
[
-0.7551747876602474,
-0.02685205685919878,
0.6549732873367664,
-0.18127155199280837
],
[
0.02495408626866885,
0.997258875694587,
0.0696565031196934,
0.2561139090860411
],
[
0.0,
0.0,
0.0,
1.0
]
],
"at_element": 11,
"to_element": 10
},
{
"pose": [
[
0.2692184339988415,
-0.6011351514815988,
-0.752434691151602,
0.31659650798107114
],
[
0.4023364071175087,
-0.6396369348177484,
0.6549732873367657,
-0.11093668342457959
],
[
-0.8750124857983375,
-0.4790627529563851,
0.06965650311969263,
0.2635940324537701
],
[
0.0,
0.0,
0.0,
1.0
]
],
"at_element": 11,
"to_element": 18
},
{
"pose": [
[
-0.36288579042304137,
0.6011351514815982,
0.7120045173748832,
0.3382373349778468
],
[
0.7525836693663442,
0.63963693481775,
-0.1564685662362971,
-0.08790979469078619
],
[
-0.5494831423366267,
0.4790627529563839,
-0.684519652762225,
0.2808402609130046
],
[
0.0,
0.0,
0.0,
1.0
]
],
"at_element": 18,
"to_element": 11
},
{
"pose": [
[
-0.9755843466313776,
0.21794660327201607,
-0.027100935962032523,
0.38294950176058373
],
[
0.2177582815176696,
0.9759540090674369,
0.00975207750526356,
-0.06087706271243504
],
[
0.028574699268743148,
0.0036125209186584923,
-0.9995851320694564,
0.24552733065702237
],
[
0.0,
0.0,
0.0,
1.0
]
],
"at_element": 14,
"to_element": 18
},
{
"pose": [
[
0.667494453430102,
-0.2179466032720155,
0.7120045173748829,
0.3751034241896223
],
[
-0.1517608644056633,
-0.9759540090674368,
-0.15646856623629857,
-0.09601140638136031
],
[
0.7289854557361862,
-0.0036125209186595175,
-0.6845196527622248,
0.24539727990638444
],
[
0.0,
0.0,
0.0,
1.0
]
],
"at_element": 18,
"to_element": 14
},
{
"pose": [
[
-0.6503810437830615,
0.10414669192657977,
-0.7524346911516013,
-0.21899659373327543
],
[
-0.7555245004636485,
0.013882437625425514,
0.6549732873367666,
0.3552820843037432
],
[
0.07865892884351988,
0.9944650544319424,
0.06965650311969307,
0.31317646532027227
],
[
0.0,
0.0,
0.0,
1.0
]
],
"at_element": 11,
"to_element": 12
},
{
"pose": [
[
-0.9827365430687371,
-0.10414669192657963,
-0.15291289506793726,
-0.22274587468635432
],
[
0.15517044218369433,
-0.013882437625424071,
-0.9877901658743586,
0.35478231654339987
],
[
0.1007522743655182,
-0.9944650544319424,
0.029803266999592903,
0.27737572294323415
],
[
0.0,
0.0,
0.0,
1.0
]
],
"at_element": 12,
"to_element": 11
},
{
"pose": [
[
-0.2615637699193789,
0.6045051114896871,
-0.7524346911515997,
-0.25934437962887785
],
[
-0.3941821320110429,
0.6446940667312642,
0.6549732873367684,
0.39040369987459983
],
[
0.8810248810724876,
0.4679135929895019,
0.06965650311969296,
0.31691165417740524
],
[
0.0,
0.0,
0.0,
1.0
]
],
"at_element": 11,
"to_element": 16
},
{
"pose": [
[
0.7131041086776304,
-0.6045051114896891,
-0.3550438006358102,
-0.2811065650071919
],
[
-0.17615250680877462,
-0.6446940667312657,
0.7438681702200245,
0.36719471201686155
],
[
-0.6785667428721119,
-0.46791359298949775,
-0.5662190785937826,
0.30006676377345676
],
[
0.0,
0.0,
0.0,
1.0
]
],
"at_element": 16,
"to_element": 11
},
{
"pose": [
[
0.05851040673485741,
-0.9865060460157674,
-0.15291289506793743,
-0.20354909525430778
],
[
0.021055680088481243,
0.15436076748292793,
-0.9877901658743586,
0.47879010497098784
],
[
0.9980647226706958,
0.054576319374046944,
0.02980326699959157,
0.2736342023691102
],
[
0.0,
0.0,
0.0,
1.0
]
],
"at_element": 12,
"to_element": 15
},
{
"pose": [
[
0.14356779526531238,
0.9865060460157673,
-0.0787026641035358,
-0.16803487853518445
],
[
0.9758139449783931,
-0.15436076748292815,
-0.15478985188889707,
0.4732331174882864
],
[
-0.164849728384255,
-0.05457631937404745,
-0.9848075915706678,
0.2716694549235066
],
[
0.0,
0.0,
0.0,
1.0
]
],
"at_element": 15,
"to_element": 12
},
{
"pose": [
[
-0.37139034661881354,
-0.8579120642982216,
-0.3550438006358111,
-0.0692120434569199
],
[
-0.668066356262675,
-0.01864105585604814,
0.7438681702200226,
-0.07675499149290216
],
[
-0.6447918687981963,
0.5134582757811347,
-0.5662190785937844,
0.6379932971656981
],
[
0.0,
0.0,
0.0,
1.0
]
],
"at_element": 16,
"to_element": 17
},
{
"pose": [
[
-0.3771579788180206,
0.8579120642982216,
-0.3489108037098731,
-0.03832721013235988
],
[
0.7014848198346832,
0.018641055856047473,
-0.712440564944244,
-0.07608391350359937
],
[
-0.6047072899803734,
-0.5134582757811348,
-0.60884291280794,
0.6195087998301951
],
[
0.0,
0.0,
0.0,
1.0
]
],
"at_element": 17,
"to_element": 16
},
{
"pose": [
[
0.8433214261497366,
0.4087422454937887,
-0.34891080370987354,
-0.016683940636795326
],
[
0.04466608156411464,
-0.7003094905680165,
-0.7124405649442441,
-0.03189054665250521
],
[
-0.5355501034959123,
0.5852319148585979,
-0.60884291280794,
0.6572759056413525
],
[
0.0,
0.0,
0.0,
1.0
]
],
"at_element": 17,
"to_element": 18
},
{
"pose": [
[
-0.5709460079433568,
-0.40874224549378846,
0.7120045173748829,
-0.031398670859891134
],
[
-0.696479867045935,
0.7003094905680161,
-0.15646856623629687,
-0.006679388911927073
],
[
-0.43466820773231285,
-0.585231914858598,
-0.6845196527622253,
0.6362075432686628
],
[
0.0,
0.0,
0.0,
1.0
]
],
"at_element": 18,
"to_element": 17
}
],
"nstatus": 0,
"opt_line_pos": [
[
-0.19987163762727178,
-0.3767985684114694,
-0.43941764326511945
],
[
-0.24967768040276167,
-0.32899042801650963,
-0.46962410801424853
],
[
0.42032978173241325,
-0.14998304545593893,
-0.4718315950044816
],
[
-0.17010460514616035,
0.4689854757647162,
-0.432460258621367
],
[
-0.23093510935464287,
0.43673064820698715,
-0.09292329756267649
],
[
0.41416464696259436,
-0.13148624884181517,
-0.11440820417653581
],
[
-0.24987163762727177,
-0.4148356698076555,
-0.0770818142124452
],
[
-0.18418111543101193,
-0.4267985684114694,
-0.1142271911213571
],
[
-0.1922166418535782,
0.4887197114691016,
-0.06421625568129155
],
[
0.37538839122131906,
-0.14359942622619862,
-0.08921413502405441
],
[
-0.24987163762727177,
-0.39093128850156017,
0.25911967532881724
],
[
0.36015390761570204,
-0.14885217770205894,
0.2595617141951691
],
[
-0.21005998339479337,
0.4367309230202291,
0.2749031976200938
],
[
-0.24987163762727177,
-0.42609738419811377,
0.297318275260468
],
[
0.38285185794850374,
-0.0608419262867172,
0.24192585715328435
],
[
-0.1684143842136158,
0.4724867180058229,
0.2669206947967633
],
[
-0.06801432759997059,
-0.07926437963418757,
0.6399033983073729
],
[
-0.02796350472939748,
-0.05492227547549803,
0.6375932744808277
],
[
-0.020319722127297973,
-0.009114074621486383,
0.6255562651456447
]
],
"opt_line_orient": [
[
0.904885921631454,
0.42565416576511306,
0.0
],
[
0.9307138816537734,
0.35982063799755065,
-0.06558032454937515
],
[
-0.6977402725740884,
0.7139433623670484,
-0.05868038309580263
],
[
0.00888664937323543,
-0.9945765034846127,
-0.10362724631697727
],
[
-0.1244545356306408,
-0.9918824738103897,
-0.026081156200275724
],
[
-0.809856092818557,
0.5862542050443349,
-0.02095509466683503
],
[
0.9363285369588826,
0.3496957672659131,
0.031650295934525285
],
[
-0.03430451371201248,
0.037759341634427075,
-0.9986978684558795
],
[
0.15647720279065788,
-0.07428622236228326,
-0.9848839739654376
],
[
-0.14693076644072017,
-0.07583010892147533,
-0.9862358462630021
],
[
0.9490091933289899,
0.3100038185928612,
-0.05726415488684562
],
[
-0.7524346911516013,
0.6549732873367665,
0.06965650311969329
],
[
-0.1529128950679372,
-0.9877901658743587,
0.02980326699959129
],
[
-0.04832710293185244,
-0.09026639524201903,
-0.9947444239663903
],
[
-0.027100935962032495,
0.009752077505263801,
-0.9995851320694569
],
[
-0.0787026641035364,
-0.15478985188889638,
-0.9848075915706681
],
[
-0.35504380063581126,
0.7438681702200227,
-0.5662190785937841
],
[
-0.3489108037098734,
-0.7124405649442442,
-0.6088429128079395
],
[
0.7120045173748831,
-0.15646856623629737,
-0.6845196527622253
]
],
"opt_edge_ids": [
[
0,
1
],
[
0,
1
],
[
1,
2
],
[
2,
0
],
[
3,
4
],
[
5,
3
],
[
4,
5
],
[
4,
0
],
[
3,
2
],
[
5,
1
],
[
6,
7
],
[
7,
8
],
[
8,
6
],
[
6,
4
],
[
7,
5
],
[
8,
3
],
[
9,
8
],
[
9,
6
],
[
9,
7
]
]
}