{
"line_pt_pairs": [
[
[
-0.647312448695878,
0.0539703240358627,
0.3797571732914918
],
[
-0.18252853430504093,
-0.8228340136491323,
0.2565091861261487
]
],
[
[
0.09932879700085043,
0.38698026017065834,
0.39930064205299076
],
[
-0.7347521434003214,
-0.16466182022159814,
0.39930064205299076
]
],
[
[
-0.16204335151580324,
-0.719063241686887,
0.3775064685998656
],
[
-0.12255270353052139,
0.280046817590928,
0.3626882982815247
]
],
[
[
-0.13763681181824927,
-0.6956836331138053,
0.5786726832034632
],
[
0.007048243442982272,
0.2936943664140456,
0.5646224577845532
]
],
[
[
-0.6804882634640438,
0.11094108646426372,
0.5887398296618089
],
[
-0.20011969196616555,
-0.7632604735791824,
0.5179043305480683
]
],
[
[
0.1147755523816468,
0.35664563946272815,
0.6478742734563987
],
[
-0.810904235626705,
-0.0020132195426463134,
0.5275382733160602
]
],
[
[
0.14727812406761007,
0.40329181874091413,
0.8995037749269825
],
[
-0.650090832443798,
-0.18701396065720416,
1.0249702405705485
]
],
[
[
-0.6210798763892768,
-0.03719205399623439,
1.0637820224321948
],
[
-0.15106128654229653,
-0.9091307349238085,
0.9266490143687145
]
],
[
[
-0.19019368760897054,
-0.8190422225981446,
0.9758460043243495
],
[
-0.16837012830082224,
0.17869948997717128,
0.9123227231874371
]
],
[
[
-0.5453980998651247,
-0.05964118625843351,
0.6098694823416118
],
[
-0.5158002470152167,
-0.11751950582460555,
0.3169973818764577
]
],
[
[
-0.15460142825501996,
-0.6396937950332848,
0.6698661338259931
],
[
-0.22522983629490756,
-0.7014102129001184,
0.1787422067531641
]
],
[
[
-0.03838126109399631,
0.26205934234546313,
0.8119549235579624
],
[
-0.030309579861858282,
0.25609964302486093,
0.3120556037483684
]
],
[
[
-0.47467560327431424,
-0.10131447297772797,
1.0312486195424726
],
[
-0.5681794196575555,
-0.18092641429224637,
0.5465642117863505
]
],
[
[
-0.23421757711512387,
-0.5859610638075288,
1.1937666734779673
],
[
-0.18170413577886035,
-0.7409700594708717,
0.20725030273571543
]
],
[
[
0.03480562963757941,
0.27791329940127807,
1.014171698409037
],
[
-0.04898201337849534,
0.20150441427289528,
0.527200125161431
]
],
[
[
0.17663849445949895,
0.5103556551180313,
0.8752864490052563
],
[
-0.42232880928340816,
-0.22146263939600502,
1.200371288487997
]
],
[
[
-0.30962352635093043,
-0.19383081911972777,
1.1335312645159443
],
[
-0.536949833197285,
-0.1343008870106555,
0.9470401456960759
]
],
[
[
-0.34665455654817645,
0.12090153786580661,
1.1716088299822958
],
[
-0.26480767691088924,
-0.8304735949290649,
0.8746468038018773
]
]
],
"contact_id_pairs": [
[
1,
2
],
[
1,
11
],
[
0,
1
],
[
0,
9
],
[
0,
10
],
[
2,
10
],
[
3,
10
],
[
4,
13
],
[
10,
13
],
[
3,
11
],
[
3,
14
],
[
5,
11
],
[
11,
14
],
[
4,
5
],
[
4,
9
],
[
4,
12
],
[
6,
8
],
[
6,
14
],
[
6,
15
],
[
14,
15
],
[
6,
7
],
[
6,
12
],
[
12,
16
],
[
7,
8
],
[
7,
17
],
[
8,
13
],
[
15,
17
],
[
16,
17
]
],
"contact_t_pairs": [
[
0.2684295224204492,
0.9582711158997225
],
[
0.18093403785942652,
0.8241174840743307
],
[
0.13127601663518493,
0.8190659621405737
],
[
0.20644654667146947,
0.873000050799443
],
[
0.8687239833648152,
0.8221766936573467
],
[
0.041728884100278044,
0.5864922658877011
],
[
0.04021115201785246,
0.17782330634265334
],
[
0.9379642229252937,
0.6817164675475718
],
[
0.47937747812948767,
0.7644137117751423
],
[
0.9597888479821476,
0.4949087914113646
],
[
0.9085076364212492,
0.9097493410006507
],
[
0.1762060323858703,
0.36942491030610675
],
[
0.17588251592566773,
0.5943790898792349
],
[
0.06203577707470626,
0.8237939676141297
],
[
0.22338586299558255,
0.12699994920055718
],
[
0.30855498755670546,
0.9401287891542649
],
[
0.3910766820070709,
0.9915323252992244
],
[
0.18750486449195428,
0.18545746514265576
],
[
0.09309356465746162,
0.19228428629863886
],
[
0.09025065899934917,
0.29549689692676884
],
[
0.9069064353425388,
0.11089714522213547
],
[
0.8139647895552367,
0.059871210845735434
],
[
0.1310942020332438,
0.8457524691954513
],
[
0.8891028547778663,
0.008467674700773442
],
[
0.6987063927896215,
0.7949039191672451
],
[
0.19634889246433687,
0.235586288224863
],
[
0.8077157137013614,
0.2050960808327555
],
[
0.15424753080454826,
0.31070357543290206
]
],
"half_couplers": [
{
"pose": [
[
0.5515501470215343,
-0.01007075866167989,
-0.8340809404011713,
-0.12456315149103526
],
[
-0.833941937458806,
0.015226952681188344,
-0.5516420803922574,
0.23890323998394192
],
[
0.018255965271027186,
0.9998333459792302,
-1.9984014443252818e-15,
0.39930064205299076
],
[
0.0,
0.0,
0.0,
1.0
]
],
"at_element": 1,
"to_element": 2
},
{
"pose": [
[
0.9991691891475041,
0.010070758661680689,
0.03949064798528192,
-0.12420060420334407
],
[
-0.039334836492928724,
-0.01522695268119123,
0.9991100592778152,
0.23835506972390264
],
[
0.010663118511665827,
-0.9998333459792302,
-0.014818170318336321,
0.3633066439933169
],
[
0.0,
0.0,
0.0,
1.0
]
],
"at_element": 2,
"to_element": 1
},
{
"pose": [
[
-0.010397100923027924,
-0.551544091756854,
-0.8340809404011721,
-0.05158483544752125
],
[
0.015720381065125744,
0.8339327819193048,
-0.5516420803922564,
0.287169431112113
],
[
0.9998223691794278,
-0.018847548605492148,
0.0,
0.39930064205299076
],
[
0.0,
0.0,
0.0,
1.0
]
],
"at_element": 1,
"to_element": 11
},
{
"pose": [
[
0.8339895123420044,
0.5515440917568538,
0.01614336246427642,
-0.031729247464716726
],
[
0.5517372954372045,
-0.833932781919305,
-0.011919398641205593,
0.25714784993552897
],
[
0.006888405271514104,
0.01884754860549136,
-0.999798639619188,
0.39997915382601057
],
[
0.0,
0.0,
0.0,
1.0
]
],
"at_element": 11,
"to_element": 1
},
{
"pose": [
[
-0.8827856075675298,
-0.0683043482888038,
0.464783914390837,
-0.5862974678185401
],
[
-0.46962563110147815,
0.10327594119307626,
-0.876804337684995,
-0.06113305678387501
],
[
0.011888552652253942,
-0.9923046890827061,
-0.12324798716534291,
0.3635776684781211
],
[
0.0,
0.0,
0.0,
1.0
]
],
"at_element": 0,
"to_element": 1
},
{
"pose": [
[
0.5473970230685758,
0.0683043482888045,
-0.8340809404011715,
-0.5838385109519498
],
[
-0.8276624282345957,
-0.10327594119307548,
-0.551642080392257,
-0.06485099116305293
],
[
-0.12382004694100962,
0.9923046890827063,
-1.3322676295501878e-15,
0.39930064205299076
],
[
0.0,
0.0,
0.0,
1.0
]
],
"at_element": 1,
"to_element": 0
},
{
"pose": [
[
0.06071416020142506,
-0.8833400838151558,
0.46478391439083727,
-0.5513594146214418
],
[
-0.10730862386985285,
-0.4687206125827368,
-0.8768043376849947,
-0.1270429035857695
],
[
0.9923702182120311,
0.00335911677338685,
-0.12324798716534313,
0.35431305195699714
],
[
0.0,
0.0,
0.0,
1.0
]
],
"at_element": 0,
"to_element": 9
},
{
"pose": [
[
-0.45823203457496686,
0.8833400838151556,
0.09865950949969311,
-0.5195591728236005
],
[
0.8620208104268182,
0.46872061258273734,
-0.1929277318872405,
-0.11016896217988809
],
[
-0.21666454458535145,
-0.0033591167733861005,
-0.9762403348838464,
0.3541921237577927
],
[
0.0,
0.0,
0.0,
1.0
]
],
"at_element": 9,
"to_element": 0
},
{
"pose": [
[
0.22027970003223762,
-0.8575854282094808,
0.464783914390837,
-0.24354351518237877
],
[
-0.020314771751162586,
-0.480418009097781,
-0.876804337684995,
-0.7077306328293946
],
[
0.975225186201836,
0.18370021735775377,
-0.12324798716534291,
0.2726886909395193
],
[
0.0,
0.0,
0.0,
1.0
]
],
"at_element": 0,
"to_element": 10
},
{
"pose": [
[
-0.4945641972825834,
0.857585428209481,
-0.14125681607977558,
-0.21267045925553674
],
[
0.8683103544224671,
0.48041800909778065,
-0.1234328357336678,
-0.6904355954194132
],
[
-0.03799188293523083,
-0.18370021735775352,
-0.9822478541456583,
0.2660754872892427
],
[
0.0,
0.0,
0.0,
1.0
]
],
"at_element": 10,
"to_element": 0
},
{
"pose": [
[
0.13764402293308464,
0.9896942010906697,
0.03949064798528307,
-0.16039545084298054
],
[
0.00924906700998529,
-0.041152693828299336,
0.9991100592778153,
-0.6773714938198612
],
[
0.9904385784642284,
-0.1371562762624277,
-0.014818170318342316,
0.37688812288807333
],
[
0.0,
0.0,
0.0,
1.0
]
],
"at_element": 2,
"to_element": 10
},
{
"pose": [
[
-0.02349255708742004,
-0.9896942010906697,
-0.14125681607977583,
-0.1960244433223748
],
[
-0.9914992641719005,
0.04115269382830056,
-0.1234328357336665,
-0.6758899967904762
],
[
0.12797386025307853,
0.1371562762624279,
-0.9822478541456583,
0.3818257490053836
],
[
0.0,
0.0,
0.0,
1.0
]
],
"at_element": 10,
"to_element": 2
},
{
"pose": [
[
0.1236566831661221,
0.9817205607974235,
0.14468505526123104,
-0.1318188590664285
],
[
-0.003991392614330291,
-0.1453108489936863,
0.9893779995278511,
-0.6558996039716721
],
[
0.9923170327538229,
-0.1229206966801209,
-0.014050225418909434,
0.5781077074532583
],
[
0.0,
0.0,
0.0,
1.0
]
],
"at_element": 3,
"to_element": 10
},
{
"pose": [
[
-0.12755881944654646,
-0.9817205607974236,
-0.1412568160797754,
-0.16716080529439084
],
[
-0.9816563004572832,
0.14531084899368596,
-0.12343283573366694,
-0.65066841251399
],
[
0.14170270058796888,
0.12292069668012114,
-0.9822478541456581,
0.5825328532899146
],
[
0.0,
0.0,
0.0,
1.0
]
],
"at_element": 10,
"to_element": 3
},
{
"pose": [
[
0.05988098870040992,
-0.8750201727442343,
0.4803685714978777,
-0.22991972958130305
],
[
-0.04788601978422424,
-0.4831961936179021,
-0.8742015600434465,
-0.7090287004819666
],
[
0.9970562653639393,
0.02934511482037555,
-0.07083549911374032,
0.5222986657800639
],
[
0.0,
0.0,
0.0,
1.0
]
],
"at_element": 4,
"to_element": 13
},
{
"pose": [
[
-0.4812297120603348,
0.8750201727442346,
0.05251344133626276,
-0.19841829938859967
],
[
0.8616807121762751,
0.4831961936179018,
-0.15500899566334425,
-0.6916332487692397
],
[
-0.16101029312970896,
-0.0293451148203749,
-0.986516370742252,
0.5212422180377086
],
[
0.0,
0.0,
0.0,
1.0
]
],
"at_element": 13,
"to_element": 4
},
{
"pose": [
[
-0.9776023191487699,
0.15601351706166433,
-0.14125681607977653,
-0.1884590963854817
],
[
0.1737561939718214,
0.9770225791245399,
-0.12343283573368528,
-0.6692792557894731
],
[
0.11875390794147711,
-0.14521247320695949,
-0.9822478541456554,
0.43443238421676994
],
[
0.0,
0.0,
0.0,
1.0
]
],
"at_element": 10,
"to_element": 13
},
{
"pose": [
[
0.986358008520777,
-0.15601351706166264,
0.052513441336262213,
-0.1940755825051845
],
[
-0.1462842819453581,
-0.9770225791245399,
-0.1550089956633589,
-0.7044520655410816
],
[
0.07549031648269677,
0.14521247320696162,
-0.9865163707422495,
0.4396600327919402
],
[
0.0,
0.0,
0.0,
1.0
]
],
"at_element": 13,
"to_element": 10
},
{
"pose": [
[
-0.01547937646994435,
0.9893566716246253,
0.144685055261229,
0.0012302906911615128
],
[
0.016461122573050546,
-0.14443062519390448,
0.9893779995278511,
0.2539103372719125
],
[
0.9997446775790989,
0.017696632954915914,
-0.014050225418912321,
0.5651874335347581
],
[
0.0,
0.0,
0.0,
1.0
]
],
"at_element": 3,
"to_element": 11
},
{
"pose": [
[
-0.14461247581100878,
-0.9893566716246258,
0.016143362464274783,
-0.03438651509074109
],
[
-0.9894431375486572,
0.14443062519390204,
-0.011919398641202922,
0.2591098347575288
],
[
0.00946094063398063,
-0.01769663295491999,
-0.999798639619188,
0.5645503553636331
],
[
0.0,
0.0,
0.0,
1.0
]
],
"at_element": 11,
"to_element": 3
},
{
"pose": [
[
0.1460955672242057,
0.9786328831699312,
0.144685055261231,
-0.006189334237389975
],
[
-0.007316467619846279,
-0.1451814153114488,
0.9893779995278511,
0.20317383476442633
],
[
0.9892434253200805,
-0.14560232356206582,
-0.014050225418909656,
0.5659079461169435
],
[
0.0,
0.0,
0.0,
1.0
]
],
"at_element": 3,
"to_element": 14
},
{
"pose": [
[
-0.11914782201010099,
-0.9786328831699311,
-0.1675752860321501,
-0.04142012338029236
],
[
-0.9775321405160626,
0.14518141531144813,
-0.15281777025676485,
0.2084003665091374
],
[
0.17388131230334625,
0.14560232356206565,
-0.9739431464952117,
0.5711496305609773
],
[
0.0,
0.0,
0.0,
1.0
]
],
"at_element": 14,
"to_element": 3
},
{
"pose": [
[
-0.11835137974705234,
-0.35931863434114,
-0.9256797880083519,
-0.04833481032309839
],
[
-0.027571327408663804,
0.9330614367563836,
-0.35865885900537475,
0.29344778493734786
],
[
0.9925889243875802,
-0.016925550311028797,
-0.1203360001403384,
0.6266703443184841
],
[
0.0,
0.0,
0.0,
1.0
]
],
"at_element": 5,
"to_element": 11
},
{
"pose": [
[
0.9330752975315363,
0.3593186343411402,
0.01614336246427611,
-0.035399380978794234
],
[
0.3595195170976747,
-0.9330614367563836,
-0.011919398641204677,
0.2598576809584983
],
[
0.01077988693307123,
0.01692555031102832,
-0.999798639619188,
0.6272796621752194
],
[
0.0,
0.0,
0.0,
1.0
]
],
"at_element": 11,
"to_element": 5
},
{
"pose": [
[
-0.7921171521938859,
-0.6101555613518534,
0.016143362464272427,
-0.03696159349113788
],
[
-0.6103441793911724,
0.7920466593701085,
-0.01191939864119373,
0.26101113543479515
],
[
-0.005513608941933699,
-0.01929456742339666,
-0.999798639619188,
0.7240313734803211
],
[
0.0,
0.0,
0.0,
1.0
]
],
"at_element": 11,
"to_element": 14
},
{
"pose": [
[
0.7743569683696568,
0.6101555613518542,
-0.1675752860321529,
-0.014995993361441333
],
[
0.5910235346197356,
-0.7920466593701079,
-0.15281777025675575,
0.2324974557999829
],
[
-0.22597005789030647,
0.019294567423395872,
-0.9739431464952129,
0.7247259779050658
],
[
0.0,
0.0,
0.0,
1.0
]
],
"at_element": 14,
"to_element": 11
},
{
"pose": [
[
0.8733739672571512,
-0.08039868677156681,
0.4803685714978781,
-0.6506882258489063
],
[
0.46937995518681586,
-0.12431448059831007,
-0.8742015600434462,
0.05670931336704805
],
[
0.13000142686265898,
0.988980263240364,
-0.07083549911374121,
0.5843454944298133
],
[
0.0,
0.0,
0.0,
1.0
]
],
"at_element": 4,
"to_element": 5
},
{
"pose": [
[
-0.36966604014734683,
0.08039868677156492,
-0.9256797880083525,
-0.6477938729219598
],
[
0.9251538968034114,
0.1243144805983083,
-0.3586588590053727,
0.06118463498273399
],
[
0.08623970078359067,
-0.9889802632403646,
-0.12033600014034107,
0.5487422024539748
],
[
0.0,
0.0,
0.0,
1.0
]
],
"at_element": 5,
"to_element": 4
},
{
"pose": [
[
0.040004615131993715,
-0.876153905592636,
0.4803685714978774,
-0.573180715564035
],
[
-0.058841126057939175,
-0.4819848071276083,
-0.8742015600434467,
-0.08434318345812605
],
[
0.9974654643908103,
0.006706669287547762,
-0.0708354991137401,
0.5729161805615632
],
[
0.0,
0.0,
0.0,
1.0
]
],
"at_element": 4,
"to_element": 9
},
{
"pose": [
[
-0.4718269120133458,
0.8761539055926362,
0.09865950949969225,
-0.5416391740567408
],
[
0.8546751055032591,
0.4819848071276077,
-0.19292773188724188,
-0.06699172990315097
],
[
-0.2165867704476495,
-0.006706669287546818,
-0.9762403348838462,
0.5726747404602767
],
[
0.0,
0.0,
0.0,
1.0
]
],
"at_element": 9,
"to_element": 4
},
{
"pose": [
[
-0.24541943075550954,
0.8420304855079357,
0.4803685714978778,
-0.5322681448628835
],
[
-0.056439068224377165,
0.48227198135032545,
-0.8742015600434464,
-0.15879816501699429
],
[
-0.9677726667898849,
-0.2416576038110564,
-0.07083549911374076,
0.5668831831141956
],
[
0.0,
0.0,
0.0,
1.0
]
],
"at_element": 4,
"to_element": 12
},
{
"pose": [
[
0.5059770812619337,
-0.8420304855079362,
-0.18700763276648308,
-0.5625812329519936
],
[
-0.8614299107907538,
-0.48227198135032534,
-0.15922388262903786,
-0.17615995096796655
],
[
0.043882821612661604,
0.24165760381105483,
-0.9693688155122437,
0.5755828541567576
],
[
0.0,
0.0,
0.0,
1.0
]
],
"at_element": 12,
"to_element": 4
},
{
"pose": [
[
0.593172073355908,
0.11112892774863498,
-0.7973689565114082,
-0.16455428178031178
],
[
-0.8048923601032085,
0.06072376352521991,
-0.5903057793981181,
0.17243699316430006
],
[
-0.017180804350785117,
0.991949084359057,
0.12546646564356634,
0.9485707840140225
],
[
0.0,
0.0,
0.0,
1.0
]
],
"at_element": 6,
"to_element": 8
},
{
"pose": [
[
0.9935663509180261,
-0.1111289277486352,
0.021823559308148263,
-0.1685549231018567
],
[
-0.0287071337929935,
-0.06072376352521913,
0.997741712575316,
0.17025093771968877
],
[
-0.10955275803387525,
-0.9919490843590572,
-0.06352328113691308,
0.9128606176680304
],
[
0.0,
0.0,
0.0,
1.0
]
],
"at_element": 8,
"to_element": 6
},
{
"pose": [
[
0.08698802347550072,
-0.5971899454643672,
-0.7973689565114084,
-0.0022324340731524617
],
[
0.09330733635297672,
0.8017685624866395,
-0.5903057793981185,
0.2926066135660525
],
[
0.9918300382396867,
-0.02305084042662464,
0.12546646564356578,
0.9230293475657638
],
[
0.0,
0.0,
0.0,
1.0
]
],
"at_element": 6,
"to_element": 14
},
{
"pose": [
[
0.784399574545722,
0.597189945464367,
-0.16757528603214944,
0.01926658575354044
],
[
0.5777663033630964,
-0.8017685624866397,
-0.1528177702567658,
0.26374270125099186
],
[
-0.22561783207590808,
0.02305084042662449,
-0.9739431464952117,
0.9238591848380049
],
[
0.0,
0.0,
0.0,
1.0
]
],
"at_element": 14,
"to_element": 6
},
{
"pose": [
[
-0.5105905523713732,
0.3217142132716593,
-0.7973689565114093,
0.0730482055587626
],
[
0.5490521171047047,
-0.5916763131240121,
-0.5903057793981167,
0.3483381494988421
],
[
-0.66169408379699,
-0.7392016676570566,
0.12546646564356767,
0.911183895458715
],
[
0.0,
0.0,
0.0,
1.0
]
],
"at_element": 6,
"to_element": 15
},
{
"pose": [
[
0.7333063030043778,
-0.3217142132716587,
-0.5989673037429081,
0.06146649394307399
],
[
-0.3381732164180745,
0.5916763131240119,
-0.7318182945140346,
0.3696384966571127
],
[
0.5898311128378239,
0.7392016676570567,
0.3250848394827427,
0.9377951553517025
],
[
0.0,
0.0,
0.0,
1.0
]
],
"at_element": 15,
"to_element": 6
},
{
"pose": [
[
0.6198510823367612,
0.766618000856482,
-0.16757528603214916,
0.02724373963937645
],
[
0.75188288444287,
-0.6413414513156153,
-0.15281777025676627,
0.271017347165036
],
[
-0.22462583067807523,
-0.03127272912924423,
-0.9739431464952117,
0.9702221930094908
],
[
0.0,
0.0,
0.0,
1.0
]
],
"at_element": 14,
"to_element": 15
},
{
"pose": [
[
0.23137633805072633,
-0.7666180008564818,
-0.5989673037429066,
-0.00035448515712351025
],
[
0.2304845475057838,
0.6413414513156157,
-0.731818294514037,
0.2941056199748933
],
[
0.945167637803628,
0.03127272912924273,
0.32508483948274014,
0.9713480103103429
],
[
0.0,
0.0,
0.0,
1.0
]
],
"at_element": 15,
"to_element": 14
},
{
"pose": [
[
-0.5722025397742991,
-0.1917993760880099,
-0.7973689565114082,
-0.5758609139349509
],
[
0.8055822361435911,
0.05075773457387034,
-0.5903057793981185,
-0.1320602914151324
],
[
0.1536929220417555,
-0.9801207332329925,
0.12546646564356623,
1.013290120038816
],
[
0.0,
0.0,
0.0,
1.0
]
],
"at_element": 6,
"to_element": 7
},
{
"pose": [
[
0.8615657401095446,
0.19179937608800965,
0.4700185898469794,
-0.5689561565739129
],
[
0.48697699030160657,
-0.05075773457386723,
-0.871938680927574,
-0.1338875645198568
],
[
-0.14338021616067445,
0.9801207332329926,
-0.1371330080634825,
1.0485743633222306
],
[
0.0,
0.0,
0.0,
1.0
]
],
"at_element": 7,
"to_element": 6
},
{
"pose": [
[
0.09081459351411869,
-0.5966200271502562,
-0.7973689565114088,
-0.5017521308170768
],
[
0.08816558589905193,
0.8023502453867999,
-0.5903057793981175,
-0.07719630076011517
],
[
0.9919574280522034,
-0.01669212182346902,
0.12546646564356623,
1.001629060230787
],
[
0.0,
0.0,
0.0,
1.0
]
],
"at_element": 6,
"to_element": 12
},
{
"pose": [
[
0.7804310914426109,
0.5966200271502554,
-0.18700763276648244,
-0.48027378997987624
],
[
0.5752232948414692,
-0.8023502453868006,
-0.15922388262903694,
-0.10608093630200781
],
[
-0.24504177721649698,
0.016692121823469963,
-0.9693688155122442,
1.0022299771720653
],
[
0.0,
0.0,
0.0,
1.0
]
],
"at_element": 12,
"to_element": 6
},
{
"pose": [
[
-0.890243836066889,
0.4153240393138673,
-0.18700763276648247,
-0.4869334114701382
],
[
0.44466075631189783,
0.8814332459106962,
-0.15922388262903675,
-0.1117511368966722
],
[
0.09870523867070746,
-0.2249030354871795,
-0.9693688155122442,
0.9677093038697285
],
[
0.0,
0.0,
0.0,
1.0
]
],
"at_element": 12,
"to_element": 16
},
{
"pose": [
[
0.5033033658707929,
-0.41532403931386724,
-0.7577543561545151,
-0.5018853116793176
],
[
-0.4286020707342176,
-0.8814332459106962,
0.19843310703024092,
-0.14348323204744232
],
[
-0.7503239212936447,
0.22490303548717944,
-0.6216370627328949,
0.9758059402910183
],
[
0.0,
0.0,
0.0,
1.0
]
],
"at_element": 16,
"to_element": 12
},
{
"pose": [
[
-0.8031962427745736,
-0.36600317046586517,
0.47001858984698025,
-0.20318500635765957
],
[
-0.4869354948707084,
-0.05115428171032854,
-0.8719386809275748,
-0.8124352244001877
],
[
0.3431757850254404,
-0.9292066070964172,
-0.1371330080634765,
0.9418566734786783
],
[
0.0,
0.0,
0.0,
1.0
]
],
"at_element": 7,
"to_element": 8
},
{
"pose": [
[
-0.9303576793191204,
0.3660031704658639,
0.021823559308148638,
-0.19000889280793612
],
[
0.04352831779399585,
0.05115428171033354,
0.9977417125753161,
-0.8105936703406642
],
[
0.3640602616078352,
0.9292066070964171,
-0.06352328113691041,
0.9753081098437564
],
[
0.0,
0.0,
0.0,
1.0
]
],
"at_element": 8,
"to_element": 7
},
{
"pose": [
[
0.8272501480504979,
-0.30779817697427236,
0.4700185898469801,
-0.2926748829332286
],
[
0.3809872111630672,
-0.30752509106164183,
-0.8719386809275738,
-0.6464211844808805
],
[
0.412923646066216,
0.9003824746288898,
-0.13713300806348183,
0.9679663130357704
],
[
0.0,
0.0,
0.0,
1.0
]
],
"at_element": 7,
"to_element": 17
},
{
"pose": [
[
-0.9479247705092182,
0.3077981769742717,
0.08184687963728732,
-0.28159415115288705
],
[
0.01771087426044532,
0.3075250910616423,
-0.9513751327948714,
-0.635350283791095
],
[
-0.31800150060648513,
-0.9003824746288898,
-0.2969620261804191,
0.9355525515276351
],
[
0.0,
0.0,
0.0,
1.0
]
],
"at_element": 17,
"to_element": 7
},
{
"pose": [
[
-0.0547223078542185,
0.9982630922167922,
0.021823559308149332,
-0.18590865590918587
],
[
0.06463526935305908,
-0.01826901592677821,
0.9977417125753161,
-0.6231367423685107
],
[
0.9964074221816925,
0.05600930078866645,
-0.06352328113691108,
0.9633732784274162
],
[
0.0,
0.0,
0.0,
1.0
]
],
"at_element": 8,
"to_element": 13
},
{
"pose": [
[
-0.02670462875217594,
-0.9982630922167921,
0.05251344133626172,
-0.22184613038879947
],
[
-0.987744123910899,
0.018269015926778875,
-0.15500899566334111,
-0.6224790577373196
],
[
0.1537803904361641,
-0.05600930078866939,
-0.9865163707422524,
0.9613569434217375
],
[
0.0,
0.0,
0.0,
1.0
]
],
"at_element": 13,
"to_element": 8
},
{
"pose": [
[
0.49319628634201074,
0.6308689183859053,
-0.5989673037429066,
-0.30715680876698337
],
[
-0.6569653045541548,
-0.18121416177174154,
-0.7318182945140355,
-0.08074548093508664
],
[
-0.5702227737915384,
0.7544308022529058,
0.32508483948274336,
1.1378625821415507
],
[
0.0,
0.0,
0.0,
1.0
]
],
"at_element": 15,
"to_element": 17
},
{
"pose": [
[
-0.771560429330221,
-0.6308689183859072,
0.08184687963728793,
-0.3298680823061786
],
[
-0.2490919193247828,
0.18121416177174154,
-0.9513751327948723,
-0.07422177327216385
],
[
0.5853611873184461,
-0.7544308022529043,
-0.29696202618041645,
1.1107030822565378
],
[
0.0,
0.0,
0.0,
1.0
]
],
"at_element": 17,
"to_element": 15
},
{
"pose": [
[
0.031752020979014306,
-0.6517669406257144,
-0.757754356154516,
-0.34468804786889773
],
[
-0.9403013194601396,
-0.2765099105924531,
0.19843310703023975,
-0.184648474082941
],
[
-0.3388587283592811,
0.7062167687414046,
-0.6216370627328949,
1.104765469921002
],
[
0.0,
0.0,
0.0,
1.0
]
],
"at_element": 16,
"to_element": 17
},
{
"pose": [
[
-0.7539900154518211,
0.6517669406257135,
0.08184687963728743,
-0.32122443840684495
],
[
0.13574839241661274,
0.2765099105924518,
-0.9513751327948717,
-0.17469411747151198
],
[
-0.6427063330598729,
-0.7062167687414057,
-0.2969620261804191,
1.0793416666802407
],
[
0.0,
0.0,
0.0,
1.0
]
],
"at_element": 17,
"to_element": 16
}
],
"nstatus": 0,
"opt_line_pos": [
[
-0.3769457235028976,
0.024865037243619485,
-0.36656028455737244
],
[
0.24735435922479881,
0.4432480934267902,
-0.32971021337826834
],
[
0.04809968562992216,
-0.49749166909608794,
-0.3533962042286327
],
[
0.08104336505264229,
-0.5088129179942126,
-0.1516568023201748
],
[
-0.3969018405523804,
0.062125935612856405,
-0.15184449686959947
],
[
0.14766404293901053,
0.3839374269518587,
-0.10352380783373452
],
[
0.14762250146429323,
0.34572321295848557,
0.20271154186499032
],
[
-0.3733596369263995,
-0.022238640414718045,
0.3223366348047138
],
[
0.01822381017776569,
-0.5734146953273053,
0.23718251627311182
],
[
-0.33699329185424565,
0.027915297365621875,
-0.15182958500666993
],
[
0.037139682231341356,
-0.5573517581927852,
-0.15204666254360177
],
[
0.16930341821632494,
0.3541683563506238,
-0.0770501063003473
],
[
-0.28802362236691054,
-0.023006354644124313,
0.206604184670404
],
[
-0.011556483643282817,
-0.5437775246128483,
0.13487820352699728
],
[
0.21402311409291552,
0.3483253603881863,
0.1347247009332045
],
[
0.16808085768862382,
0.34332356479408177,
0.26223732581338965
],
[
-0.1630083775675737,
-0.08449861632173515,
0.35654025774700376
],
[
-0.114498977083113,
-0.09955650200544501,
0.3444379814451264
]
],
"opt_line_orient": [
[
0.4647839143908371,
-0.876804337684995,
-0.12324798716534306
],
[
-0.8340809404011719,
-0.5516420803922565,
0.0
],
[
0.03949064798528185,
0.9991100592778153,
-0.014818170318340842
],
[
0.14468505526123154,
0.9893779995278509,
-0.014050225418909977
],
[
0.48036857149787837,
-0.8742015600434464,
-0.07083549911374071
],
[
-0.9256797880083519,
-0.35865885900537453,
-0.12033600014033856
],
[
-0.7973689565114082,
-0.5903057793981183,
0.12546646564356612
],
[
0.47001858984698025,
-0.8719386809275741,
-0.13713300806348022
],
[
0.021823559308148322,
0.9977417125753162,
-0.06352328113691247
],
[
0.09865950949969345,
-0.19292773188724013,
-0.9762403348838468
],
[
-0.1412568160797752,
-0.12343283573366697,
-0.9822478541456582
],
[
0.016143362464276056,
-0.011919398641204362,
-0.999798639619188
],
[
-0.1870076327664825,
-0.15922388262903683,
-0.9693688155122442
],
[
0.05251344133626351,
-0.15500899566334292,
-0.9865163707422521
],
[
-0.1675752860321495,
-0.15281777025676554,
-0.973943146495212
],
[
-0.5989673037429072,
-0.7318182945140363,
0.3250848394827406
],
[
-0.7577543561545151,
0.19843310703024095,
-0.621637062732895
],
[
0.0818468796372872,
-0.9513751327948717,
-0.2969620261804184
]
],
"opt_edge_ids": [
[
1,
2
],
[
0,
1
],
[
2,
0
],
[
3,
4
],
[
5,
3
],
[
4,
5
],
[
6,
7
],
[
7,
8
],
[
8,
6
],
[
5,
1
],
[
3,
2
],
[
4,
0
],
[
7,
5
],
[
8,
3
],
[
6,
4
],
[
6,
9
],
[
9,
7
],
[
9,
8
]
],
"opt_parameters": {
"pos_devi": 0.1,
"layers": [],
"contactopt_trust_region_start": 0.1,
"clamp_collision_dist": 0.024,
"clamp_t_bnd": 0.2,
"clamp_gap": 0.016,
"orient_devi": 0.2617993877991494,
"bar_collision_distance": 0.03,
"time_out": 200,
"debug_mode": true,
"adjustopt_trust_region_start": 0.1,
"bar_available_lengths": [
0.3,
0.5,
1.0
],
"opt_tol": 0.001,
"trust_region_lobnd": 1e-06,
"trust_region_upbnd": 1.0,
"contact_ignore_para_tol": 0.0001,
"line_para_tol": 0.0001,
"bigM": 1,
"pos_tol": 1e-06,
"bar_contact_distance_tol": 0,
"bar_contact_distance": 0.018000000000000002,
"fixed_contact_pairs": [
[
1,
2
],
[
1,
11
],
[
0,
1
],
[
0,
9
],
[
0,
10
],
[
2,
10
],
[
3,
10
],
[
4,
13
],
[
10,
13
],
[
3,
11
],
[
3,
14
],
[
5,
11
],
[
11,
14
],
[
4,
5
],
[
4,
9
],
[
4,
12
],
[
6,
8
],
[
6,
14
],
[
6,
15
],
[
14,
15
],
[
6,
7
],
[
6,
12
],
[
12,
16
],
[
7,
8
],
[
7,
17
],
[
8,
13
],
[
15,
17
],
[
16,
17
]
]
}
}