{
"line_pt_pairs": [
[
[
-0.340422958782193,
-0.44291326190290903,
-0.43941764326511945
],
[
0.5644629628492611,
-0.01725909613779597,
-0.43941764326511945
]
],
[
[
0.4445280746845727,
-0.14946837931286366,
-0.47341709881832406
],
[
-0.30411123522318984,
0.512959595573814,
-0.5004052767554235
]
],
[
[
-0.18228341084827196,
0.5645848926184579,
-0.4427310501395421
],
[
-0.16819092967527696,
-0.43441596733567256,
-0.4003201578440837
]
],
[
[
-0.228578805073248,
0.5408415732059765,
-0.06277687609978252
],
[
-0.27644655272073526,
-0.4575618124989408,
-0.09276617666039408
]
],
[
[
0.43163962816246904,
-0.180481703445032,
-0.06171734507952236
],
[
-0.3276199526232205,
0.4685726899960357,
-0.10918610680749319
]
],
[
[
-0.3711212157930486,
-0.4865651759455842,
-0.0449474489657556
],
[
0.5130560860193787,
-0.03034708496054339,
-0.14542407519126715
]
],
[
[
-0.24121800393178913,
-0.3480283970240819,
0.2356040395118777
],
[
-0.22272815213022698,
-0.3518211040890731,
-0.7642178149969522
]
],
[
[
-0.1388377057060848,
0.483890150863337,
0.190308898800433
],
[
-0.2627789580086636,
0.49419943629656,
-0.8019271036765607
]
],
[
[
0.3641563520027983,
-0.05737749317684546,
0.2353743852235458
],
[
0.4496430087579693,
-0.038295381777377575,
-0.7607821810557523
]
],
[
[
-0.3952751840258354,
-0.4246509854370301,
0.3233353267315216
],
[
0.4896704734447817,
0.01850423883342489,
0.18021079869491952
]
],
[
[
0.41799588135832033,
-0.1373867698329801,
0.2901937083072932
],
[
-0.1995644359055233,
0.6484724123413684,
0.32251398573872697
]
],
[
[
-0.15777912796206497,
0.5862737567443259,
0.28451365297226244
],
[
-0.16378305670066087,
-0.4116438584886026,
0.35673973058942166
]
],
[
[
-0.21878876776059708,
-0.4576272170006534,
0.6368911439232761
],
[
-0.1522668759603317,
-0.29722462062763577,
-0.34791637279667104
]
],
[
[
0.3287537538223073,
-0.122360404734818,
0.5783888592454554
],
[
0.3773607028137546,
-0.044626097590078524,
-0.4173996434007995
]
],
[
[
-0.1948843045377531,
0.4626719880744773,
0.5902554912507051
],
[
-0.19319986274401452,
0.5423588177952692,
-0.40656303377022024
]
],
[
[
0.040045072150641646,
-0.19976707805610688,
0.7585458472204231
],
[
-0.10807149302991606,
0.6039257318065218,
0.18223052511435056
]
],
[
[
0.02335846902106159,
0.1365332879853728,
0.7911451768215516
],
[
-0.30817469117853263,
-0.5529307006043415,
0.1471535836108695
]
],
[
[
-0.17748920103641644,
-0.026964185647093047,
0.8142534018290888
],
[
0.47333855738475067,
-0.1568263273005447,
0.06621660257810436
]
]
],
"contact_id_pairs": [
[
0,
2
],
[
0,
6
],
[
0,
1
],
[
0,
8
],
[
1,
7
],
[
2,
7
],
[
3,
4
],
[
3,
14
],
[
7,
14
],
[
3,
5
],
[
3,
6
],
[
5,
12
],
[
4,
13
],
[
5,
8
],
[
5,
13
],
[
8,
13
],
[
9,
16
],
[
11,
12
],
[
11,
16
],
[
12,
16
],
[
9,
13
],
[
10,
13
],
[
13,
17
],
[
10,
11
],
[
10,
15
],
[
11,
14
],
[
15,
17
],
[
16,
17
]
],
"contact_t_pairs": [
[
0.18997224601043397,
0.9260443265183432
],
[
0.14036946038172007,
0.6755489568636512
],
[
0.8061102034768303,
0.0735507718144653
],
[
0.8596305396182796,
0.6780890881715934
],
[
0.9264492281855347,
0.6968389090807006
],
[
0.07395567348165692,
0.6303386321579101
],
[
0.15439182697387877,
0.8752878172115435
],
[
0.024218179210446295,
0.6559223254145558
],
[
0.30316109091929805,
0.7004954853069658
],
[
0.9757818207895536,
0.11372886769301324
],
[
0.8897773111945306,
0.3244510431363489
],
[
0.2440625939501426,
0.7130698482742935
],
[
0.12471218278845651,
0.6454780126477446
],
[
0.8862711323069865,
0.3716101347151692
],
[
0.8490587941227012,
0.7099333997857128
],
[
0.321910911828399,
0.66948035614765
],
[
0.17913162247445774,
0.7361966197755621
],
[
0.9999999999999998,
0.28693015172570646
],
[
0.908647148401714,
0.6609593912364725
],
[
0.34078798662318815,
0.7601966244530642
],
[
0.8208683775255423,
0.37586661686568246
],
[
0.07591251394786434,
0.2900666002142873
],
[
0.35186653449023025,
0.7879805020472511
],
[
0.9240874860521355,
3.8878230473698713e-16
],
[
0.7653125035218692,
0.8031841976775173
],
[
0.10015718969490985,
0.29950451469303374
],
[
0.19681580232248275,
0.2510232434899695
],
[
0.2398033755469359,
0.21201949795274871
]
],
"half_couplers": [
{
"pose": [
[
0.4251926241315638,
0.019816690372233714,
0.904885921631454,
-0.16851974786664414
],
[
-0.9039047435765071,
-0.04212773085148003,
0.42565416576511295,
-0.36205078400881296
],
[
0.04655584736640189,
-0.9989156886724706,
0.0,
-0.43941764326511945
],
[
0.0,
0.0,
0.0,
1.0
]
],
"at_element": 0,
"to_element": 2
},
{
"pose": [
[
0.9997043066612646,
-0.01981669037223394,
0.014092481172995002,
-0.1692331486114534
],
[
0.014917644057055337,
0.04212773085148258,
-0.9990008599541305,
-0.36053418592901054
],
[
0.01920320646942092,
0.9989156886724706,
0.04241089229545558,
-0.4034566839467523
],
[
0.0,
0.0,
0.0,
1.0
]
],
"at_element": 2,
"to_element": 0
},
{
"pose": [
[
-0.004811399433333419,
0.4256269719703949,
0.9048859216314539,
-0.21340461025577032
],
[
0.010228415368008809,
-0.9048281111271164,
0.42565416576511317,
-0.38316441634522885
],
[
0.9999361129364978,
0.011303541279068213,
0.0,
-0.4394176432651195
],
[
0.0,
0.0,
0.0,
1.0
]
],
"at_element": 0,
"to_element": 6
},
{
"pose": [
[
-0.9047097910997035,
-0.425626971970395,
0.018489851801562207,
-0.22872720383468031
],
[
-0.42576014924750083,
0.9048281111271163,
-0.003792707064991427,
-0.35059055632552605
],
[
-0.015115859256984812,
-0.011303541279068059,
-0.9998218545088298,
-0.43982457135104364
],
[
0.0,
0.0,
0.0,
1.0
]
],
"at_element": 6,
"to_element": 0
},
{
"pose": [
[
-0.42547037292235435,
-0.012507221854045014,
0.904885921631454,
0.3890148156274576
],
[
0.9044952017248151,
0.026588742422158695,
0.42565416576511234,
-0.0997890957272333
],
[
-0.029383529776019046,
0.9995682108680235,
-6.661338147750939e-16,
-0.43941764326511945
],
[
0.0,
0.0,
0.0,
1.0
]
],
"at_element": 0,
"to_element": 1
},
{
"pose": [
[
0.6628595273980163,
0.012507221854045514,
-0.7486393099077633,
0.38946507563020805
],
[
0.7486536027188706,
-0.026588742422161582,
0.6624279748866767,
-0.10074629048845526
],
[
-0.011620244134008584,
-0.9995682108680236,
-0.026988177937096847,
-0.47540210013546386
],
[
0.0,
0.0,
0.0,
1.0
]
],
"at_element": 1,
"to_element": 0
},
{
"pose": [
[
-0.008168667419778064,
0.42557577669056434,
0.9048859216314553,
0.43744461432283815
],
[
0.017365534608029337,
-0.9047192765574226,
0.4256541657651103,
-0.07700794169547624
],
[
0.9998158385824676,
0.019190855104387755,
5.551115123125783e-16,
-0.43941764326511945
],
[
0.0,
0.0,
0.0,
1.0
]
],
"at_element": 0,
"to_element": 8
},
{
"pose": [
[
-0.9008758459471811,
-0.4255757766905617,
0.08548665675517114,
0.4221239211327502
],
[
-0.4255806664428621,
0.9047192765574235,
0.01908211139946746,
-0.04443812165759151
],
[
-0.0854623106345754,
-0.01919085510438433,
-0.9961565662792986,
-0.4401085124809289
],
[
0.0,
0.0,
0.0,
1.0
]
],
"at_element": 8,
"to_element": 0
},
{
"pose": [
[
-0.029553939206550917,
-0.6623184644400336,
-0.748639309907763,
-0.24904823616882515
],
[
-0.07401193827090213,
-0.7454605362330862,
0.662427974886677,
0.46423750674940556
],
[
-0.9968193405380735,
0.07498560249058361,
-0.026988177937099067,
-0.49842027543828366
],
[
0.0,
0.0,
0.0,
1.0
]
],
"at_element": 1,
"to_element": 7
},
{
"pose": [
[
-0.7388997344968162,
0.6623184644400328,
-0.12394125230257812,
-0.22520479275070968
],
[
0.6664700350000257,
0.7454605362330865,
0.010309285433224749,
0.4910740620780256
],
[
0.09922134250048757,
-0.0749856024905846,
-0.9922360024769938,
-0.5011197547162306
],
[
0.0,
0.0,
0.0,
1.0
]
],
"at_element": 7,
"to_element": 1
},
{
"pose": [
[
-0.12335930421103747,
0.9922620037263129,
0.014092481172994997,
-0.18124119191209556
],
[
-0.0438281228759948,
0.008739419664650194,
-0.9990008599541302,
0.4907031112117958
],
[
-0.991393755129482,
-0.12385369798664736,
0.04241089229545825,
-0.4395945240368735
],
[
0.0,
0.0,
0.0,
1.0
]
],
"at_element": 2,
"to_element": 7
},
{
"pose": [
[
0.007394723707516926,
-0.9922620037263133,
-0.12394125230257991,
-0.21696266515043072
],
[
-0.9999086664179794,
-0.008739419664650638,
0.010309285433221904,
0.49038849174184024
],
[
-0.011312686838589825,
0.12385369798664636,
-0.9922360024769943,
-0.4351357857787479
],
[
0.0,
0.0,
0.0,
1.0
]
],
"at_element": 7,
"to_element": 2
},
{
"pose": [
[
0.9952820345849253,
-0.08439401855373511,
-0.04786774764748724,
-0.23596919408566813
],
[
-0.05021181249785252,
-0.0258737955978392,
-0.9984033857049173,
0.38669625043008815
],
[
0.0830207535389327,
0.9960964794304381,
-0.02998930056061222,
-0.0674069790030041
],
[
0.0,
0.0,
0.0,
1.0
]
],
"at_element": 3,
"to_element": 4
},
{
"pose": [
[
0.6452925992272737,
0.08439401855373496,
-0.7592595807856896,
-0.23293103300038873
],
[
0.7603018749524488,
0.025873795597839644,
0.6490543934410677,
0.3876276998415625
],
[
0.07442123572139914,
-0.9960964794304381,
-0.04746876172797143,
-0.10326617391813281
],
[
0.0,
0.0,
0.0,
1.0
]
],
"at_element": 4,
"to_element": 3
},
{
"pose": [
[
0.000697667280763481,
-0.9988534386963495,
-0.04786774764748697,
-0.22973807476417527
],
[
-0.030057128969020186,
0.047825185949433635,
-0.9984033857049173,
0.5166620610866585
],
[
0.999547938949656,
0.0021353204397068226,
-0.029989300560611998,
-0.06350316235515535
],
[
0.0,
0.0,
0.0,
1.0
]
],
"at_element": 3,
"to_element": 14
},
{
"pose": [
[
0.04784318823324363,
0.9988534386963493,
0.0016844417937395204,
-0.19377944155937862
],
[
0.9956720146503825,
-0.04782518594943275,
0.07968682972079089,
0.5149403587298529
],
[
0.07967602262742904,
-0.0021353204397082937,
-0.9968185250209252,
-0.06358003369732779
],
[
0.0,
0.0,
0.0,
1.0
]
],
"at_element": 14,
"to_element": 3
},
{
"pose": [
[
0.8682772587995911,
0.4803469244505829,
-0.12394125230258882,
-0.17641187096403854
],
[
0.4851800104124694,
-0.8743535189670206,
0.010309285433262087,
0.4870155250818713
],
[
-0.10341643654479721,
-0.06908513617887987,
-0.9922360024769925,
-0.11049845015989576
],
[
0.0,
0.0,
0.0,
1.0
]
],
"at_element": 7,
"to_element": 14
},
{
"pose": [
[
-0.8770769606064865,
-0.48034692445058036,
0.001684441793728602,
-0.19370436066597685
],
[
-0.4787023428384587,
0.8743535189670217,
0.07968682972083076,
0.5184922525323169
],
[
-0.03975012118545988,
0.06908513617887997,
-0.9968185250209223,
-0.10801138519680184
],
[
0.0,
0.0,
0.0,
1.0
]
],
"at_element": 14,
"to_element": 7
},
{
"pose": [
[
-0.9902020095651989,
-0.13118177841529177,
-0.04786774764748738,
-0.275287283029808
],
[
0.04348865911662796,
0.036047412406385204,
-0.9984033857049174,
-0.4333823003796226
],
[
0.1326978401530333,
-0.9907027430418297,
-0.029989300560612664,
-0.09203989040502124
],
[
0.0,
0.0,
0.0,
1.0
]
],
"at_element": 3,
"to_element": 5
},
{
"pose": [
[
-0.44835459178143555,
0.13118177841529383,
0.8841773018124266,
-0.2705647324180576
],
[
0.8891375807583255,
-0.03604741240638276,
0.45621809098504246,
-0.4346800090367874
],
[
0.09171980435944366,
0.9907027430418294,
-0.10047662622550813,
-0.056374541895997145
],
[
0.0,
0.0,
0.0,
1.0
]
],
"at_element": 5,
"to_element": 3
},
{
"pose": [
[
-0.020074866640659828,
-0.9986519305866864,
-0.0478677476474863,
-0.27117044086796754
],
[
-0.029056045234089223,
0.04843991792223279,
-0.9984033857049172,
-0.34751510681406067
],
[
0.9993761784056663,
-0.018651967380710288,
-0.029989300560610666,
-0.08946067531720811
],
[
0.0,
0.0,
0.0,
1.0
]
],
"at_element": 3,
"to_element": 6
},
{
"pose": [
[
0.04850203001772202,
0.9986519305866866,
0.01848985180156114,
-0.23521895222733577
],
[
0.9988188973606811,
-0.0484399179222319,
-0.003792707064990122,
-0.34925894478762887
],
[
-0.0028919473289403,
0.018651967380712273,
-0.99982185450883,
-0.08878920413403107
],
[
0.0,
0.0,
0.0,
1.0
]
],
"at_element": 6,
"to_element": 3
},
{
"pose": [
[
0.14150042344467795,
0.44520571551213595,
0.884177301812427,
-0.15532661000086945
],
[
-0.056570206358046105,
-0.8880680521280859,
0.45621809098504074,
-0.37521940525279296
],
[
0.9883205157830048,
-0.11457314547813521,
-0.10047662622551123,
-0.06947003499371288
],
[
0.0,
0.0,
0.0,
1.0
]
],
"at_element": 5,
"to_element": 12
},
{
"pose": [
[
-0.8929539231038974,
-0.4452057155121361,
0.06652189180026535,
-0.17135401246766288
],
[
-0.4308203127363213,
0.8880680521280861,
0.16040259637301785,
-0.34324896194214294
],
[
-0.1304881195631907,
0.11457314547813519,
-0.9848075167199473,
-0.06534540260360042
],
[
0.0,
0.0,
0.0,
1.0
]
],
"at_element": 12,
"to_element": 5
},
{
"pose": [
[
0.09495888118248164,
-0.6438227239463599,
-0.7592595807856891,
0.3369507085396372
],
[
0.03833149454286444,
-0.7597756845812831,
0.6490543934410677,
-0.0995367132905588
],
[
-0.994742935340926,
-0.09073703350524215,
-0.04746876172797054,
-0.06763727796888275
],
[
0.0,
0.0,
0.0,
1.0
]
],
"at_element": 4,
"to_element": 13
},
{
"pose": [
[
-0.7636292717281281,
0.6438227239463604,
0.048606948991448545,
0.360128470658177
],
[
0.6455217166074035,
0.7597756845812833,
0.07773430714474289,
-0.0721846186444822
],
[
0.013116735424626054,
0.09073703350523901,
-0.9957885026462545,
-0.06437072446012262
],
[
0.0,
0.0,
0.0,
1.0
]
],
"at_element": 13,
"to_element": 4
},
{
"pose": [
[
0.07889182568930186,
0.46044172139273526,
0.884177301812427,
0.41249960264438745
],
[
0.0661705358926517,
-0.8874043687280588,
0.4562180909850412,
-0.08223225186934029
],
[
0.9946846435021948,
0.022514607774749118,
-0.10047662622551146,
-0.13399698226102558
],
[
0.0,
0.0,
0.0,
1.0
]
],
"at_element": 5,
"to_element": 8
},
{
"pose": [
[
-0.8835640625997183,
-0.4604417213927355,
0.08548665675517121,
0.39592406003593683
],
[
-0.4605967427011339,
0.8874043687280584,
0.019082111399467222,
-0.05028638718903933
],
[
-0.08464743289307354,
-0.022514607774748084,
-0.9961565662792988,
-0.13480749056890454
],
[
0.0,
0.0,
0.0,
1.0
]
],
"at_element": 8,
"to_element": 5
},
{
"pose": [
[
0.11099626989093592,
0.45377343138398174,
0.8841773018124279,
0.3795972978744746
],
[
0.0037584368014354774,
-0.889860060689756,
0.45621809098503907,
-0.09920919375686464
],
[
0.9938137160570426,
-0.04731538184597717,
-0.1004766262255119,
-0.13025801206630583
],
[
0.0,
0.0,
0.0,
1.0
]
],
"at_element": 5,
"to_element": 13
},
{
"pose": [
[
-0.889790445824044,
-0.4537734313839802,
0.04860694899144723,
0.3632614503730162
],
[
-0.44956250942660847,
0.8898600606897569,
0.07773430714473978,
-0.06717422378356627
],
[
-0.07852714586879796,
0.04731538184597501,
-0.9957885026462545,
-0.1285546579057246
],
[
0.0,
0.0,
0.0,
1.0
]
],
"at_element": 13,
"to_element": 5
},
{
"pose": [
[
-0.5296509843508601,
0.8438968339157251,
0.08548665675519616,
0.39167543962801676
],
[
0.8477124296799379,
0.5301127329075139,
0.01908211139951345,
-0.051234753296631665
],
[
-0.02921423184514707,
0.08257496058940726,
-0.9961565662792957,
-0.08529928335126999
],
[
0.0,
0.0,
0.0,
1.0
]
],
"at_element": 8,
"to_element": 13
},
{
"pose": [
[
0.5342990718846117,
-0.8438968339157239,
0.04860694899147186,
0.36129515134435214
],
[
-0.8443564815301922,
-0.5301127329075155,
0.07773430714478403,
-0.07031881310266701
],
[
-0.03983257311795034,
-0.08257496058940815,
-0.9957885026462503,
-0.08827198215389442
],
[
0.0,
0.0,
0.0,
1.0
]
],
"at_element": 13,
"to_element": 8
},
{
"pose": [
[
0.13562363748571105,
-0.44550803840002895,
0.8849456574706172,
-0.23675343260139803
],
[
-0.539262137611871,
0.7161073900889994,
0.4431552242704548,
-0.34526787110543133
],
[
-0.8311453398133326,
-0.5373200104043028,
-0.1431245280366018,
0.29769719780843407
],
[
0.0,
0.0,
0.0,
1.0
]
],
"at_element": 9,
"to_element": 16
},
{
"pose": [
[
0.8316299365757754,
0.44550803840002906,
-0.33153316019959445,
-0.22071512286138958
],
[
0.10876403034958301,
-0.7161073900889994,
-0.689463988589714,
-0.3710477698713515
],
[
-0.5445750951825531,
0.5373200104043032,
-0.6439915932106826,
0.31704074273596866
],
[
0.0,
0.0,
0.0,
1.0
]
],
"at_element": 16,
"to_element": 9
},
{
"pose": [
[
0.06695118187824578,
0.9977382078547912,
-0.0060006526157887485,
-0.16378305670066087
],
[
-0.07242669862044271,
-0.0011384112088226317,
-0.9973730883409994,
-0.41164385848860235
],
[
-0.9951240689341452,
0.06720991449651559,
0.07218666650650563,
0.35673973058942166
],
[
0.0,
0.0,
0.0,
1.0
]
],
"at_element": 11,
"to_element": 12
},
{
"pose": [
[
0.00965952887168553,
-0.9977382078547915,
0.06652189180026423,
-0.19970163125326593
],
[
-0.9870510174741297,
0.001138411208819412,
0.16040259637301651,
-0.4116028756861462
],
[
-0.16011552830772624,
-0.06720991449651326,
-0.9848075167199473,
0.3543201737302054
],
[
0.0,
0.0,
0.0,
1.0
]
],
"at_element": 12,
"to_element": 11
},
{
"pose": [
[
-0.42791990351002784,
0.9037967406160264,
-0.006000652615790358,
-0.16323458068959723
],
[
-0.06268327768539639,
-0.036300542031095784,
-0.9973730883409999,
-0.3204812386769134
],
[
-0.9016403733632294,
-0.4264196551521701,
0.07218666650649874,
0.350141672439335
],
[
0.0,
0.0,
0.0,
1.0
]
],
"at_element": 11,
"to_element": 16
},
{
"pose": [
[
0.270623752357252,
-0.9037967406160254,
-0.33153316019959367,
-0.19577148671916614
],
[
-0.723409758771757,
0.03630054203109345,
-0.6894639885897138,
-0.319174410192355
],
[
0.6351701390760345,
0.42641965515217223,
-0.6439915932106826,
0.3654928854116131
],
[
0.0,
0.0,
0.0,
1.0
]
],
"at_element": 16,
"to_element": 11
},
{
"pose": [
[
0.42178797474023433,
0.9042509288222188,
0.06652189180026441,
-0.19611890618761907
],
[
0.88995069021433,
-0.42691776264736525,
0.16040259637301912,
-0.4029639391335608
],
[
0.173443573970237,
-0.008454682745242706,
-0.9848075167199468,
0.30128057308890355
],
[
0.0,
0.0,
0.0,
1.0
]
],
"at_element": 12,
"to_element": 16
},
{
"pose": [
[
-0.2691022508494201,
-0.904250928822219,
-0.33153316019959456,
-0.22867192025692692
],
[
-0.5851330040034758,
0.4269177626473646,
-0.6894639885897138,
-0.387594908822474
],
[
0.7649858470675417,
0.00845468274524358,
-0.6439915932106823,
0.30158494148664017
],
[
0.0,
0.0,
0.0,
1.0
]
],
"at_element": 16,
"to_element": 12
},
{
"pose": [
[
-0.14973551639773697,
-0.44096537103609523,
0.8849456574706168,
0.3311487220203444
],
[
-0.020249066425351292,
0.896216169520894,
0.4431552242704557,
-0.060878875498173876
],
[
-0.9885187152694709,
0.048436752949542916,
-0.14312452803660247,
0.20584892761800708
],
[
0.0,
0.0,
0.0,
1.0
]
],
"at_element": 9,
"to_element": 13
},
{
"pose": [
[
0.8962069549254463,
0.44096537103609595,
0.048606948991447504,
0.3470234832958854
],
[
0.4367538837629544,
-0.8962161695208937,
0.07773430714473858,
-0.09314267369392693
],
[
0.07784047122952605,
-0.04843675294954302,
-0.9957885026462547,
0.20410520364206386
],
[
0.0,
0.0,
0.0,
1.0
]
],
"at_element": 13,
"to_element": 9
},
{
"pose": [
[
-0.047919223724350646,
0.785062419517478,
-0.6175603172638437,
0.37111532516038126
],
[
-0.07860953934149145,
0.613388853922846,
0.7858591821743486,
-0.0777302237051126
],
[
0.9957531261925188,
0.0862038940221439,
0.03232027743143373,
0.29264722181860575
],
[
0.0,
0.0,
0.0,
1.0
]
],
"at_element": 10,
"to_element": 13
},
{
"pose": [
[
0.6175065683627231,
-0.7850624195174778,
0.048606948991447435,
0.3428530062630457
],
[
-0.7859462394947536,
-0.613388853922846,
0.07773430714473976,
-0.09981227854133023
],
[
-0.031211322512013986,
-0.08620389402214358,
-0.9957885026462547,
0.2895438737503803
],
[
0.0,
0.0,
0.0,
1.0
]
],
"at_element": 13,
"to_element": 10
},
{
"pose": [
[
-0.9552288167448502,
0.29184802923777947,
0.048606948991447324,
0.3458569125160712
],
[
0.29492497508018595,
0.9523532099839214,
0.07773430714473975,
-0.09500830346879938
],
[
-0.02360437955517305,
0.08858945345437699,
-0.9957885026462545,
0.22800420973410218
],
[
0.0,
0.0,
0.0,
1.0
]
],
"at_element": 13,
"to_element": 17
},
{
"pose": [
[
0.7008908307992788,
-0.2918480292377793,
0.650827758421167,
0.3353503827905819
],
[
-0.2759695410702053,
-0.9523532099839216,
-0.12986214165345245,
-0.12929302122411113
],
[
0.657717914993196,
-0.08858945345437802,
-0.7480367992509849,
0.22481498920547927
],
[
0.0,
0.0,
0.0,
1.0
]
],
"at_element": 17,
"to_element": 13
},
{
"pose": [
[
-0.7736841696040853,
0.14153466093157813,
-0.6175603172638443,
-0.15268387970758418
],
[
-0.6143606337021061,
0.07061414553339318,
0.785859182174348,
0.5888158662135009
],
[
0.15483480700793117,
0.9874115566497953,
0.03232027743143184,
0.3200604722274144
],
[
0.0,
0.0,
0.0,
1.0
]
],
"at_element": 10,
"to_element": 11
},
{
"pose": [
[
-0.9899151134936615,
-0.14153466093157752,
-0.00600065261579219,
-0.15777912796206495
],
[
0.016142029108052805,
-0.07061414553339374,
-0.9973730883409998,
0.5862737567443256
],
[
0.14073913092351678,
-0.9874115566497955,
0.07218666650650296,
0.28451365297226244
],
[
0.0,
0.0,
0.0,
1.0
]
],
"at_element": 11,
"to_element": 10
},
{
"pose": [
[
-0.4042347963795123,
0.6746951044264325,
-0.6175603172638437,
-0.054630751122631646
],
[
-0.35237785082981843,
0.508188150232591,
0.7858591821743484,
0.4640410882925192
],
[
0.8440521782689576,
0.5352862038444319,
0.03232027743143384,
0.3149288207428651
],
[
0.0,
0.0,
0.0,
1.0
]
],
"at_element": 10,
"to_element": 15
},
{
"pose": [
[
0.7230822907402165,
-0.6746951044264324,
-0.14811656518055794,
-0.07891981241665427
],
[
-0.3095523725289326,
-0.5081881502325907,
0.8036928098626285,
0.4457462866125979
],
[
-0.6175186875549517,
-0.5352862038444327,
-0.5763153221060731,
0.29565848762539726
],
[
0.0,
0.0,
0.0,
1.0
]
],
"at_element": 15,
"to_element": 10
},
{
"pose": [
[
0.0007847265124570901,
0.9999816880185783,
-0.0060006526157911355,
-0.15838046459165123
],
[
-0.07219264062747976,
-0.005928346512139804,
-0.9973730883409997,
0.48632513285554946
],
[
-0.9973903984115409,
0.001215868063054626,
0.07218666650650274,
0.29174761392908355
],
[
0.0,
0.0,
0.0,
1.0
]
],
"at_element": 11,
"to_element": 14
},
{
"pose": [
[
-0.0058125969547400125,
-0.9999816880185785,
0.0016844417937385905,
-0.19437980661579077
],
[
-0.9968023193575956,
0.005928346512138805,
0.07968682972079189,
0.48653855333742946
],
[
-0.0796953564516793,
-0.0012158680630535573,
-0.9968185250209256,
0.2917038426772871
],
[
0.0,
0.0,
0.0,
1.0
]
],
"at_element": 14,
"to_element": 11
},
{
"pose": [
[
-0.7038710620935418,
0.6947136180228681,
-0.14811656518055777,
0.010893391537379872
],
[
0.3236863356845614,
0.49930453980132605,
0.8036928098626288,
-0.04158763286218306
],
[
0.6322916131330634,
0.517752803437473,
-0.5763153221060728,
0.6451178847093764
],
[
0.0,
0.0,
0.0,
1.0
]
],
"at_element": 15,
"to_element": 17
},
{
"pose": [
[
0.3062616819030012,
-0.6947136180228682,
0.6508277584211675,
-0.014116306164228737
],
[
-0.856639247699383,
-0.4993045398013265,
-0.12986214165345134,
-0.05956260165149635
],
[
0.41517825268067715,
-0.5177528034374728,
-0.7480367992509847,
0.6264787782312515
],
[
0.0,
0.0,
0.0,
1.0
]
],
"at_element": 17,
"to_element": 15
},
{
"pose": [
[
-0.822406378842409,
-0.46231321820534865,
-0.3315331601995943,
-0.05614430190054416
],
[
-0.12329152588448655,
0.7137496816693074,
-0.689463988589714,
-0.028802503796494794
],
[
0.5553800029568864,
-0.5261443529959968,
-0.6439915932106823,
0.6367138189457808
],
[
0.0,
0.0,
0.0,
1.0
]
],
"at_element": 16,
"to_element": 17
},
{
"pose": [
[
0.6022372598412471,
0.46231321820534793,
0.6508277584211668,
-0.03950102644224776
],
[
0.6882566498640912,
-0.7137496816693067,
-0.12986214165345014,
-0.054497491723526595
],
[
0.4044911207638111,
0.526144352995998,
-0.7480367992509851,
0.6556550152017139
],
[
0.0,
0.0,
0.0,
1.0
]
],
"at_element": 17,
"to_element": 16
}
],
"nstatus": 0,
"opt_line_pos": [
[
-0.19987163762727178,
-0.3767985684114694,
-0.43941764326511945
],
[
0.38860249848054695,
-0.09998304545593895,
-0.4754331957315559
],
[
-0.18118241717733063,
0.48653663336783504,
-0.43941764326511945
],
[
-0.23118241717733062,
0.48653663371056544,
-0.06440804760397756
],
[
0.3886025034897518,
-0.1436913414176048,
-0.06440801776676347
],
[
-0.19987121146258052,
-0.3982035431637009,
-0.06440805108815656
],
[
-0.23566983318742463,
-0.34916645841071514,
-0.06440822788193133
],
[
-0.17065465042522848,
0.4865366463491334,
-0.06440789203917165
],
[
0.38988263691000524,
-0.05163493810302012,
-0.06440816107115467
],
[
-0.1998717073719622,
-0.3267985684114694,
0.29173222191180515
],
[
0.3886025034897518,
-0.09998304545593895,
0.2917320230286279
],
[
-0.15837919305645393,
0.4865364756990515,
0.29173231761164653
],
[
-0.19547393494405185,
-0.4014087358876167,
0.2917322497994767
],
[
0.3427461929966659,
-0.09998309887521627,
0.291732108659134
],
[
-0.1943798545459217,
0.4865362858799273,
0.29173220675766026
],
[
0.008622422178090757,
-0.029265164114314873,
0.6362816384988578
],
[
-0.0563667819735979,
-0.0292651784757245,
0.6362816591684082
],
[
-0.022645272254520062,
-0.05786078456050168,
0.6362816491330379
]
],
"opt_line_orient": [
[
0.904885921631454,
0.42565416576511306,
0.0
],
[
-0.7486393099077625,
0.6624279748866776,
-0.026988177937099345
],
[
0.014092481172994992,
-0.9990008599541303,
0.04241089229545843
],
[
-0.047867747647487253,
-0.9984033857049173,
-0.029989300560611564
],
[
-0.7592595807856896,
0.6490543934410676,
-0.04746876172797083
],
[
0.8841773018124272,
0.45621809098504074,
-0.10047662622551154
],
[
0.018489851801562148,
-0.00379270706499118,
-0.9998218545088297
],
[
-0.12394125230257877,
0.01030928543322303,
-0.9922360024769938
],
[
0.08548665675517109,
0.019082111399467885,
-0.9961565662792984
],
[
0.8849456574706172,
0.44315522427045495,
-0.14312452803660208
],
[
-0.6175603172638436,
0.7858591821743485,
0.03232027743143377
],
[
-0.006000652615792269,
-0.9973730883409997,
0.07218666650650164
],
[
0.06652189180026538,
0.1604025963730176,
-0.984807516719947
],
[
0.04860694899144732,
0.07773430714473949,
-0.9957885026462548
],
[
0.0016844417937385819,
0.07968682972079184,
-0.9968185250209253
],
[
-0.1481165651805577,
0.8036928098626287,
-0.5763153221060725
],
[
-0.3315331601995942,
-0.6894639885897142,
-0.6439915932106821
],
[
0.6508277584211672,
-0.12986214165345167,
-0.7480367992509847
]
],
"opt_edge_ids": [
[
0,
1
],
[
1,
2
],
[
2,
0
],
[
3,
4
],
[
5,
3
],
[
4,
5
],
[
4,
0
],
[
3,
2
],
[
5,
1
],
[
6,
7
],
[
7,
8
],
[
8,
6
],
[
6,
4
],
[
7,
5
],
[
8,
3
],
[
9,
8
],
[
9,
6
],
[
9,
7
]
]
}