{
"line_pt_pairs": [
[
[
-0.5722020508613775,
0.11222414281595404,
0.3685042082264557
],
[
-0.14820501586620025,
-0.7927000717394029,
0.33191622896183204
]
],
[
[
0.20551185451353446,
0.45720730878363175,
0.39930064205299076
],
[
-0.6285690858876374,
-0.09443477160862467,
0.39930064205299076
]
],
[
[
-0.13128935420456228,
-0.6536337568807307,
0.3973501998162119
],
[
0.012294029932432088,
0.33526507754994633,
0.43559816788534017
]
],
[
[
-0.16151037834738322,
-0.6092287370527455,
0.6755437260072656
],
[
0.023625588222429855,
0.3516406528813156,
0.8815890835623587
]
],
[
[
-0.5984670168049177,
0.15716206838648578,
0.7134497211170638
],
[
-0.04221062437162257,
-0.6560881099570881,
0.542560946467465
]
],
[
[
0.18378748653860885,
0.4463647971454336,
0.6776565543550014
],
[
-0.745227334572618,
0.07636156465892004,
0.672264884371979
]
],
[
[
0.1953758150068595,
0.45321003503444973,
0.9306148471956831
],
[
-0.6319112037330673,
-0.10855903188400927,
0.9271937248699005
]
],
[
[
-0.5540463575236977,
0.07003015400487402,
0.9590689151025612
],
[
-0.11658775062624613,
-0.8281095635398668,
1.0035100561769514
]
],
[
[
-0.15855623722214748,
-0.735280013665229,
0.9630629629918773
],
[
-0.08606084512468817,
0.262085874322699,
0.9654511846498497
]
],
[
[
-0.5420746043718129,
-0.005184224621221437,
0.7629844488918945
],
[
-0.4320247292362138,
-0.07326970713495431,
0.2800213115268248
]
],
[
[
-0.1033800184364303,
-0.5855392729418801,
0.8094268611835562
],
[
-0.17798365443025227,
-0.6508367998887434,
0.31935489659965455
]
],
[
[
-0.014783921114061599,
0.3486522008146243,
0.8793945320448325
],
[
0.11038422367591469,
0.35003845442011255,
0.3953170446207871
]
],
[
[
-0.44238752588924884,
-0.019717764612502645,
0.9463604603614469
],
[
-0.4024434533961807,
-0.0651859358432886,
0.6525286777415329
]
],
[
[
-0.11528462015392736,
-0.5981948371638071,
1.0046978195860603
],
[
-0.08517802914601888,
-0.658283321518142,
0.5092354423808061
]
],
[
[
0.021243290789655145,
0.3061778030536549,
1.2347662642473067
],
[
0.10720459253182071,
0.31630466614260283,
0.2385192560978368
]
],
[
[
0.14862643282677543,
0.5299598609758209,
0.8764114433855188
],
[
-0.3606812937569758,
-0.22318171371703444,
1.2928047767990802
]
],
[
[
-0.20737065073556227,
-0.13765257458714378,
1.217701007099273
],
[
-0.49862585462559184,
-0.04611591619710802,
0.8217320103611909
]
],
[
[
-0.32982429830451554,
0.13294769732615885,
1.293771703297216
],
[
-0.18221323447107574,
-0.7621107576945673,
0.8729613708077782
]
]
],
"contact_id_pairs": [
[
1,
2
],
[
1,
11
],
[
0,
1
],
[
0,
9
],
[
0,
10
],
[
2,
10
],
[
3,
10
],
[
4,
13
],
[
10,
13
],
[
3,
11
],
[
3,
14
],
[
5,
11
],
[
11,
14
],
[
4,
5
],
[
4,
9
],
[
4,
12
],
[
6,
8
],
[
6,
14
],
[
6,
15
],
[
14,
15
],
[
6,
7
],
[
6,
12
],
[
12,
16
],
[
7,
8
],
[
7,
17
],
[
8,
13
],
[
15,
17
],
[
16,
17
]
],
"contact_t_pairs": [
[
0.2344252078057591,
0.9909850716897836
],
[
0.14041468017161776,
0.9814416856340145
],
[
0.14154756530341764,
0.8595853198283825
],
[
0.20806931222900477,
0.8216603997072256
],
[
0.8584524346965823,
0.9778446434572359
],
[
0.00901492831021693,
0.8305123836102335
],
[
0.011830938807979635,
0.2775824367521922
],
[
0.971804903717658,
0.9216516818922378
],
[
0.022155356542764057,
0.4070564999777464
],
[
0.9881690611920205,
0.018558314365985325
],
[
0.9641679228449447,
0.35895329776422696
],
[
0.17252137586167243,
0.4117902309197845
],
[
0.8184410170527727,
0.7548907901075201
],
[
0.02819509628234187,
0.8274786241383278
],
[
0.1904427469170821,
0.1783396002927742
],
[
0.2960855742383543,
0.9617117959973216
],
[
0.34007742880015157,
0.9999998851810117
],
[
0.2032627159521219,
0.3045490359223831
],
[
0.15009924519440032,
0.18309888065648278
],
[
0.2451092098924838,
0.26835403982902606
],
[
0.8499007548055999,
0.10353099555666717
],
[
0.7929869015334591,
0.03828820400267754
],
[
0.20398534181702682,
0.8287955856533608
],
[
0.8964690044433328,
1.1481898925767362e-07
],
[
0.7047958979167313,
0.7629709670408598
],
[
0.1353433688332789,
0.07834831810776227
],
[
0.8169011193435172,
0.23702903295914102
],
[
0.1712044143466389,
0.2994299372765154
]
],
"half_couplers": [
{
"pose": [
[
-0.5509177132438046,
-0.02826053951555718,
-0.8340809404011738,
0.009982256733166772
],
[
0.8329856997481321,
0.04272983917148898,
-0.5516420803922535,
0.3278884994532757
],
[
0.05122984725071594,
-0.9986868892454073,
-5.995204332975845e-15,
0.39930064205299076
],
[
0.0,
0.0,
0.0,
1.0
]
],
"at_element": 1,
"to_element": 2
},
{
"pose": [
[
-0.9892346302602117,
0.028260539515553997,
0.1435833841369946,
0.010999636017898815
],
[
0.14231393503809614,
-0.04272983917149231,
0.9888988344306767,
0.32635022545149717
],
[
0.034082109499185824,
0.9986868892454072,
0.038247968069131444,
0.4352533651951855
],
[
0.0,
0.0,
0.0,
1.0
]
],
"at_element": 2,
"to_element": 1
},
{
"pose": [
[
-0.07661782140788542,
-0.5462954276782894,
-0.8340809404011724,
0.08839464602986176
],
[
0.11584588413910893,
0.8259968197690185,
-0.5516420803922555,
0.37974866249614725
],
[
0.9903077504345492,
-0.13889045838092146,
1.1102230246251565e-16,
0.39930064205299076
],
[
0.0,
0.0,
0.0,
1.0
]
],
"at_element": 1,
"to_element": 11
},
{
"pose": [
[
0.7993078554706805,
0.5462954276782883,
0.25033628957995246,
0.10806131389629511
],
[
0.5636679580526394,
-0.8259968197690193,
0.002772507210977007,
0.3500127278899109
],
[
0.20829158707837875,
0.13889045838092295,
-0.9681549748480911,
0.40430070680989894
],
[
0.0,
0.0,
0.0,
1.0
]
],
"at_element": 11,
"to_element": 1
},
{
"pose": [
[
-0.9054337775055359,
-0.02040070752092621,
0.4239970349951774,
-0.5121863028619422
],
[
-0.4244534162076144,
0.030845800055369965,
-0.9049242145553571,
-0.01586567653846427
],
[
0.005382566464216726,
-0.9993159399066893,
-0.03658797926462376,
0.3633252688421763
],
[
0.0,
0.0,
0.0,
1.0
]
],
"at_element": 0,
"to_element": 1
},
{
"pose": [
[
0.5512647240592703,
0.02040070752092754,
-0.8340809404011711,
-0.5114518774039649
],
[
-0.8335103789152516,
-0.030845800055367967,
-0.5516420803922575,
-0.016976125321140276
],
[
-0.036981782655926276,
0.9993159399066893,
-2.220446049250313e-15,
0.39930064205299076
],
[
0.0,
0.0,
0.0,
1.0
]
],
"at_element": 1,
"to_element": 0
},
{
"pose": [
[
-0.11707517247261956,
-0.8980645401672446,
0.4239970349951776,
-0.48398127940279373
],
[
-0.09482548356200793,
-0.4148738285052478,
-0.9049242145553569,
-0.07606281612595144
],
[
0.9885856218141844,
-0.14614988236599347,
-0.03658797926462354,
0.3608913725450164
],
[
0.0,
0.0,
0.0,
1.0
]
],
"at_element": 0,
"to_element": 9
},
{
"pose": [
[
-0.38083616113067786,
0.8980645401672446,
0.2200997502711987,
-0.4516509799801663
],
[
0.8996316883619021,
0.41487382850524857,
-0.13617096502746484,
-0.061127369397714515
],
[
-0.21360394113958148,
0.14614988236599202,
-0.9659262747301394,
0.36615276440065564
],
[
0.0,
0.0,
0.0,
1.0
]
],
"at_element": 9,
"to_element": 0
},
{
"pose": [
[
0.18847447081086943,
-0.8858351359975855,
0.42399703499517766,
-0.2082207638656356
],
[
0.04864990792552493,
-0.42278286669425036,
-0.9049242145553569,
-0.6646102523849846
],
[
0.9808723465932765,
0.19118252917547346,
-0.03658797926462376,
0.3370951683461115
],
[
0.0,
0.0,
0.0,
1.0
]
],
"at_element": 0,
"to_element": 10
},
{
"pose": [
[
-0.43935555284774086,
0.8858351359975857,
-0.14920727198764494,
-0.17633078427542254
],
[
0.8967717544215391,
0.42278286669425114,
-0.13059505389372822,
-0.6493901098978749
],
[
-0.05260340914399737,
-0.19118252917547157,
-0.9801439291678031,
0.33021261570662375
],
[
0.0,
0.0,
0.0,
1.0
]
],
"at_element": 10,
"to_element": 0
},
{
"pose": [
[
0.1244253345872417,
0.9817851841989782,
0.14358338413699356,
-0.12999496029002894
],
[
-0.05638072780247,
-0.13747839391741645,
0.9888988344306768,
-0.644718904782281
],
[
0.9906258373600583,
-0.13113940404495555,
0.038247968069129445,
0.3976950025063665
],
[
0.0,
0.0,
0.0,
1.0
]
],
"at_element": 2,
"to_element": 10
},
{
"pose": [
[
-0.11762245565105278,
-0.9817851841989784,
-0.14920727198764308,
-0.1653392619916496
],
[
-0.9818577407671554,
0.13747839391741568,
-0.13059505389372766,
-0.6397696776903731
],
[
0.14872906515618908,
0.1311394040449559,
-0.9801439291678036,
0.4024160257364301
],
[
0.0,
0.0,
0.0,
1.0
]
],
"at_element": 10,
"to_element": 2
},
{
"pose": [
[
-0.08929035932440588,
-0.9786479988300081,
0.1851359665698128,
-0.1593200460557396
],
[
0.2252504022967718,
0.1612211889079327,
0.9608693899340613,
-0.5978607500979749
],
[
-0.9702007462359844,
0.1274983240404869,
0.2060453575550928,
0.6779814360241683
],
[
0.0,
0.0,
0.0,
1.0
]
],
"at_element": 3,
"to_element": 10
},
{
"pose": [
[
0.14136931906189865,
0.9786479988300084,
-0.1492072719876448,
-0.12408867750616895
],
[
0.9782395719585298,
-0.16122118890793247,
-0.13059505389372567,
-0.6036647195856824
],
[
-0.15186196193374904,
-0.1274983240404856,
-0.9801439291678036,
0.6733914910704227
],
[
0.0,
0.0,
0.0,
1.0
]
],
"at_element": 10,
"to_element": 3
},
{
"pose": [
[
-0.11216486277026094,
0.8234062602608895,
0.5562563924332959,
-0.05789432691394751
],
[
0.13028235912804598,
0.5671425343986968,
-0.8132501783435734,
-0.6331584428770592
],
[
-0.9851119481864787,
-0.01874769956553124,
-0.1708887746495984,
0.5473791719222818
],
[
0.0,
0.0,
0.0,
1.0
]
],
"at_element": 4,
"to_element": 13
},
{
"pose": [
[
0.5642486183188293,
-0.8234062602608886,
0.060213182015816644,
-0.08753682991544678
],
[
-0.8148047875827785,
-0.5671425343986978,
-0.12017696870867028,
-0.6535754898313352
],
[
0.13310392502655638,
0.018747699565531732,
-0.9909247544105078,
0.5480540863205114
],
[
0.0,
0.0,
0.0,
1.0
]
],
"at_element": 13,
"to_element": 4
},
{
"pose": [
[
-0.9872388078367631,
-0.055648237052507904,
-0.14920727198764439,
-0.10503288859126002
],
[
-0.036110123986237294,
0.9907779725267394,
-0.1305950538937146,
-0.5869859629327486
],
[
0.15509866294312652,
-0.12354061222428654,
-0.9801439291678049,
0.7985691420765871
],
[
0.0,
0.0,
0.0,
1.0
]
],
"at_element": 10,
"to_element": 13
},
{
"pose": [
[
0.9966331553909282,
0.05564823705250662,
0.06021318201581663,
-0.10302953659198665
],
[
0.06258198900483933,
-0.9907779725267396,
-0.12017696870865767,
-0.6226542452940502
],
[
0.05297025795406328,
0.12354061222428657,
-0.9909247544105098,
0.8030166384502356
],
[
0.0,
0.0,
0.0,
1.0
]
],
"at_element": 13,
"to_element": 10
},
{
"pose": [
[
-0.2813983519029679,
0.9415623407021729,
0.18513596656981213,
0.021435255930786264
],
[
-0.14905509079188056,
-0.2334793254161247,
0.9608693899340617,
0.3402726659265451
],
[
0.947943852480366,
0.2427916044155492,
0.206045357555092,
0.879151373545456
],
[
0.0,
0.0,
0.0,
1.0
]
],
"at_element": 3,
"to_element": 11
},
{
"pose": [
[
-0.22537102895178895,
-0.9415623407021728,
0.2503362895799517,
-0.01246101133444205
],
[
-0.9723578136709744,
0.23347932541612304,
0.0027725072109777427,
0.3486779273448259
],
[
-0.06105883639748422,
-0.24279160441555142,
-0.9681549748480911,
0.8704108698557208
],
[
0.0,
0.0,
0.0,
1.0
]
],
"at_element": 11,
"to_element": 3
},
{
"pose": [
[
0.12118785523539488,
-0.9752118629434867,
0.18513596656981335,
0.01699178198412457
],
[
0.18574609774750367,
0.20549550520466386,
0.9608693899340611,
0.31721070676526736
],
[
-0.9750958367847848,
-0.08205741718439608,
0.20604535755509312,
0.8742060504130036
],
[
0.0,
0.0,
0.0,
1.0
]
],
"at_element": 3,
"to_element": 14
},
{
"pose": [
[
0.20389329801905132,
0.975211862943487,
0.0859613017421674,
0.052099383530111266
],
[
0.9786056631680903,
-0.2054955052046641,
0.010126863088945726,
0.3098128739554396
],
[
0.02754049814830164,
0.0820574171843935,
-0.9962470081494699,
0.8771601152843099
],
[
0.0,
0.0,
0.0,
1.0
]
],
"at_element": 14,
"to_element": 3
},
{
"pose": [
[
-0.03921153417297707,
-0.3679591250988027,
-0.9290148211112271,
0.02351257140461452
],
[
0.08394417961018852,
0.9252302322444417,
-0.37000323248651357,
0.38253133040359405
],
[
0.9956986644047355,
-0.09249378139864486,
-0.005391669983022762,
0.6767263760313382
],
[
0.0,
0.0,
0.0,
1.0
]
],
"at_element": 5,
"to_element": 11
},
{
"pose": [
[
0.8955098125514124,
0.36795912509880274,
0.25033628957995274,
0.03675909813280376
],
[
0.37939600754971264,
-0.9252302322444417,
0.0027725072109759316,
0.3492230465069417
],
[
0.2326388726749523,
0.09249378139864431,
-0.9681549748480907,
0.6800561517154158
],
[
0.0,
0.0,
0.0,
1.0
]
],
"at_element": 11,
"to_element": 5
},
{
"pose": [
[
-0.9672328103502492,
0.042337131472278154,
0.25033628957995213,
0.08765882261045531
],
[
0.04444554620664704,
0.9990079612426309,
0.002772507210959471,
0.3497867676253932
],
[
-0.24997056627601463,
0.013807993067099,
-0.9681549748480909,
0.48320566090514594
],
[
0.0,
0.0,
0.0,
1.0
]
],
"at_element": 11,
"to_element": 14
},
{
"pose": [
[
0.9953985241607963,
-0.04233713147227966,
0.08596130174216526,
0.08613468578046946
],
[
-0.04336519362138386,
-0.9990079612426308,
0.01012686308893266,
0.3138224787321815
],
[
0.08544728246520522,
-0.01380799306709721,
-0.9962470081494701,
0.48270857312310034
],
[
0.0,
0.0,
0.0,
1.0
]
],
"at_element": 14,
"to_element": 11
},
{
"pose": [
[
0.8288235082555917,
0.0602529504670859,
0.556256392433295,
-0.5827833142625928
],
[
0.5578452145640982,
-0.16562869320284035,
-0.8132501783435739,
0.13423240130645703
],
[
0.04313129665136878,
0.9843458324938092,
-0.17088877464959884,
0.7086314956622469
],
[
0.0,
0.0,
0.0,
1.0
]
],
"at_element": 4,
"to_element": 5
},
{
"pose": [
[
-0.36510415516080785,
-0.06025295046708401,
-0.9290148211112262,
-0.584952419438624
],
[
0.9141470034613951,
0.165628693202843,
-0.37000323248651534,
0.1401950314007595
],
[
0.1761652972263964,
-0.9843458324938087,
-0.0053916699830198755,
0.673195062695642
],
[
0.0,
0.0,
0.0,
1.0
]
],
"at_element": 5,
"to_element": 4
},
{
"pose": [
[
-0.0015515302243132023,
0.831009277102885,
0.5562563924332949,
-0.4925320214397345
],
[
0.20462295882716247,
0.5447509450611009,
-0.8132501783435739,
0.0022844704919286613
],
[
-0.9788396382834016,
0.11256104665459599,
-0.17088877464959928,
0.6809051934555
],
[
0.0,
0.0,
0.0,
1.0
]
],
"at_element": 4,
"to_element": 9
},
{
"pose": [
[
0.5108617046711336,
-0.8310092771028852,
0.2200997502711981,
-0.5224483536278605
],
[
-0.8274683535571175,
-0.5447509450611006,
-0.13617096502746584,
-0.017326562358461226
],
[
0.233058882177824,
-0.11256104665459646,
-0.9659262747301396,
0.6768529960180638
],
[
0.0,
0.0,
0.0,
1.0
]
],
"at_element": 9,
"to_element": 4
},
{
"pose": [
[
0.07487421069426281,
-0.8276307621457817,
0.5562563924332948,
-0.4337675234275501
],
[
-0.155755629933219,
-0.5606820232255099,
-0.8132501783435739,
-0.08362957766781534
],
[
0.9849538244593079,
-0.025748599607384237,
-0.17088877464959862,
0.6628520201440485
],
[
0.0,
0.0,
0.0,
1.0
]
],
"at_element": 4,
"to_element": 12
},
{
"pose": [
[
-0.5452515221046343,
0.8276307621457819,
0.13314690831022785,
-0.4039728401924931
],
[
0.8140424204056185,
0.5606820232255098,
-0.15156057076928534,
-0.06344504122757556
],
[
-0.20008926863463333,
0.025748599607382877,
-0.9794392753997141,
0.6637789689769548
],
[
0.0,
0.0,
0.0,
1.0
]
],
"at_element": 12,
"to_element": 4
},
{
"pose": [
[
-0.5617732825977277,
0.002639618112536657,
-0.8272870187399255,
-0.0859658272059576
],
[
0.8272911602266132,
0.0022026494196740742,
-0.5617690669184611,
0.26216505517735994
],
[
0.00033936746763063574,
-0.9999940903584151,
-0.00342112232577807,
0.9294514007115202
],
[
0.0,
0.0,
0.0,
1.0
]
],
"at_element": 6,
"to_element": 8
},
{
"pose": [
[
-0.9973652543280496,
-0.002639618112534395,
0.07249539209745917,
-0.08606085344853576
],
[
0.07250126766882044,
-0.002202649419673408,
0.9973658879879279,
0.2620857598061567
],
[
-0.0024729831294244,
0.999994090358415,
0.0023882216579687032,
0.9654511843756365
],
[
0.0,
0.0,
0.0,
1.0
]
],
"at_element": 8,
"to_element": 6
},
{
"pose": [
[
-0.025310550388375264,
-0.5612090204758309,
-0.8272870187399269,
0.027219208705848014
],
[
0.03118848886510256,
0.8267059898270215,
-0.5617690669184591,
0.33902332875471447
],
[
0.9991930014773668,
-0.04002051624708425,
-0.003421122325782733,
0.9299194605801402
],
[
0.0,
0.0,
0.0,
1.0
]
],
"at_element": 6,
"to_element": 14
},
{
"pose": [
[
0.8231980866956331,
0.5612090204758307,
0.0859613017421653,
0.04742272236186474
],
[
0.5625430232685338,
-0.8267059898270213,
0.010126863088948833,
0.30926192944431197
],
[
0.07674800995821786,
0.04002051624708505,
-0.9962470081494696,
0.9313601983748272
],
[
0.0,
0.0,
0.0,
1.0
]
],
"at_element": 14,
"to_element": 6
},
{
"pose": [
[
-0.3497031249036455,
0.43966340882205523,
-0.8272870187399267,
0.07120065793487076
],
[
0.519735874598773,
-0.6436537392951371,
-0.5617690669184592,
0.3688889221164265
],
[
-0.7794756860144348,
-0.6264231404045977,
-0.003421122325783177,
0.9301013393168653
],
[
0.0,
0.0,
0.0,
1.0
]
],
"at_element": 6,
"to_element": 15
},
{
"pose": [
[
0.7397984364575675,
-0.4396634088220553,
-0.509307726583751,
0.0553727581795926
],
[
-0.13596923313953452,
0.6436537392951373,
-0.7531415746928558,
0.3920604816736982
],
[
0.6589466147226083,
0.6264231404045972,
0.4163933334135608,
0.9526525966463635
],
[
0.0,
0.0,
0.0,
1.0
]
],
"at_element": 15,
"to_element": 6
},
{
"pose": [
[
0.5304068468780679,
0.8433737198820332,
0.08596130174216457,
0.042313197541006736
],
[
0.8459981891246968,
-0.5330895896954952,
0.010126863088949788,
0.3086599904640762
],
[
0.054365805269484806,
0.06735174808889713,
-0.9962470081494701,
0.9905769472220392
],
[
0.0,
0.0,
0.0,
1.0
]
],
"at_element": 14,
"to_element": 15
},
{
"pose": [
[
0.17124954964738748,
-0.8433737198820332,
-0.5093077265837509,
0.011951646881888739
],
[
0.3854779602356717,
0.5330895896954955,
-0.7531415746928556,
0.327851276843799
],
[
0.9066864584398031,
-0.06735174808889571,
0.4163933334135611,
0.9881522765649227
],
[
0.0,
0.0,
0.0,
1.0
]
],
"at_element": 15,
"to_element": 14
},
{
"pose": [
[
-0.561064835466309,
0.028327354757669343,
-0.8272870187399273,
-0.5077360466610789
],
[
0.8265263669408004,
-0.03563257225076866,
-0.5617690669184582,
-0.024237918965986135
],
[
-0.04539179611785743,
-0.9989634031170646,
-0.0034211223257807344,
0.9277072327487182
],
[
0.0,
0.0,
0.0,
1.0
]
],
"at_element": 6,
"to_element": 7
},
{
"pose": [
[
0.8987922608833334,
-0.028327354757668288,
0.43745860689745164,
-0.5087558324367718
],
[
0.4382640386381783,
0.03563257225076999,
-0.8981397175447409,
-0.022955145101516847
],
[
0.009854146983847262,
0.9989634031170646,
0.044441141074390345,
0.963669950681667
],
[
0.0,
0.0,
0.0,
1.0
]
],
"at_element": 7,
"to_element": 6
},
{
"pose": [
[
-0.11525665422537257,
-0.5498291482644203,
-0.8272870187399264,
-0.46065195466256775
],
[
0.16376571445919863,
0.8109231197969579,
-0.5617690669184598,
0.0077345232814385045
],
[
0.9797431777891803,
-0.20022887278709553,
-0.003421122325782955,
0.9279019420027937
],
[
0.0,
0.0,
0.0,
1.0
]
],
"at_element": 6,
"to_element": 12
},
{
"pose": [
[
0.8245967551029102,
0.5498291482644213,
0.13314690831022752,
-0.44085813909293653
],
[
0.5651841179357897,
-0.8109231197969577,
-0.15156057076928792,
-0.021458659228215653
],
[
0.024639486741702063,
0.20022887278709323,
-0.9794392753997134,
0.9351101691260253
],
[
0.0,
0.0,
0.0,
1.0
]
],
"at_element": 12,
"to_element": 6
},
{
"pose": [
[
-0.9052880161155838,
0.4033924995397639,
0.13314690831022732,
-0.43423952060818627
],
[
0.38363095456825874,
0.9109646996921094,
-0.15156057076928575,
-0.028992605062809623
],
[
-0.18243053081805452,
-0.08612669290020733,
-0.9794392753997139,
0.8864230837470175
],
[
0.0,
0.0,
0.0,
1.0
]
],
"at_element": 12,
"to_element": 16
},
{
"pose": [
[
0.7056600570692457,
-0.40339249953976375,
-0.5825104077800589,
-0.44876167801818834
],
[
-0.3696315416709026,
-0.9109646996921099,
0.18307331678007233,
-0.06178739618802247
],
[
-0.604496821545838,
0.0861266929002073,
-0.7919379934761643,
0.8895236505471605
],
[
0.0,
0.0,
0.0,
1.0
]
],
"at_element": 16,
"to_element": 12
},
{
"pose": [
[
0.8944912181038894,
-0.09227907664450025,
0.437458606897451,
-0.16187827571317204
],
[
0.4396889330281967,
0.004323186461166362,
-0.8981397175447414,
-0.7351242644334759
],
[
0.08098828870612126,
0.9957237980848206,
0.04444114107438646,
0.9989090205978455
],
[
0.0,
0.0,
0.0,
1.0
]
],
"at_element": 7,
"to_element": 8
},
{
"pose": [
[
0.9930906253400413,
0.09227907664449873,
0.07249539209745925,
-0.15855622889829984
],
[
-0.0724057700523512,
-0.0043231864611701365,
0.9973658879879281,
-0.7352798991486859
],
[
0.09234941431785951,
-0.9957237980848208,
0.0023882216579796944,
0.9630629632660906
],
[
0.0,
0.0,
0.0,
1.0
]
],
"at_element": 8,
"to_element": 7
},
{
"pose": [
[
0.42514531327702176,
-0.7923896956989807,
0.4374586068974527,
-0.24572732587400595
],
[
0.2501191613876475,
-0.3616427143955667,
-0.8981397175447405,
-0.562975034676751
],
[
0.8698803755145434,
0.491256671481094,
0.04444114107438657,
0.9903908490305302
],
[
0.0,
0.0,
0.0,
1.0
]
],
"at_element": 7,
"to_element": 17
},
{
"pose": [
[
-0.591886428281676,
0.7923896956989788,
0.14761106383344064,
-0.2172013421855859
],
[
0.26093085141569305,
0.3616427143955674,
-0.8950584550207251,
-0.5499559176591025
],
[
-0.7626175626062133,
-0.4912566714810963,
-0.420810332489439,
0.972705636976964
],
[
0.0,
0.0,
0.0,
1.0
]
],
"at_element": 17,
"to_element": 7
},
{
"pose": [
[
0.06924022152568443,
-0.994962416299083,
0.07249539209746036,
-0.14874446663078789
],
[
-0.0026440802162301935,
0.07248651128218453,
0.9973658879879279,
-0.6002931544255481
],
[
-0.9975965119039282,
-0.06924951865845785,
0.002388221657973477,
0.9633861929565879
],
[
0.0,
0.0,
0.0,
1.0
]
],
"at_element": 8,
"to_element": 13
},
{
"pose": [
[
0.08015087562728251,
0.9949624162990829,
0.06021318201581849,
-0.11292581938449946
],
[
0.9901026218903433,
-0.07248651128218597,
-0.1201769687086714,
-0.6029026688506138
],
[
-0.11520692367235302,
0.06924951865845488,
-0.9909247544105075,
0.9658791756463551
],
[
0.0,
0.0,
0.0,
1.0
]
],
"at_element": 13,
"to_element": 8
},
{
"pose": [
[
0.40119923335281393,
0.7613440843660668,
-0.5093077265837518,
-0.2674276191097929
],
[
-0.6358457297046114,
-0.16875418953488497,
-0.7531415746928558,
-0.08528233441491175
],
[
-0.6593476952060457,
0.6260009654267471,
0.41639333341355966,
1.2165636235382356
],
[
0.0,
0.0,
0.0,
1.0
]
],
"at_element": 15,
"to_element": 17
},
{
"pose": [
[
-0.6313209635635091,
-0.7613440843660659,
0.14761106383343953,
-0.29483619059000526
],
[
-0.4127861257483539,
0.16875418953488475,
-0.8950584550207258,
-0.07920714270930666
],
[
0.6565374744482657,
-0.6260009654267485,
-0.420810332489439,
1.19402743712803
],
[
0.0,
0.0,
0.0,
1.0
]
],
"at_element": 17,
"to_element": 15
},
{
"pose": [
[
-0.19688396986332513,
0.7886179856170962,
-0.5825104077800588,
-0.25723482734296566
],
[
0.913511743057626,
0.36329114492230774,
0.1830733167800718,
-0.12198109459622936
],
[
0.35599578327091874,
-0.49608589657666347,
-0.7919379934761639,
1.1499093669133036
],
[
0.0,
0.0,
0.0,
1.0
]
],
"at_element": 16,
"to_element": 17
},
{
"pose": [
[
0.5969025436327049,
-0.7886179856170965,
0.14761106383344008,
-0.2856251267195489
],
[
-0.25863082978823404,
-0.36329114492230774,
-0.8950584550207259,
-0.13505959971951198
],
[
0.7594849881912455,
0.4960858965766637,
-0.42081033248943855,
1.167768491834594
],
[
0.0,
0.0,
0.0,
1.0
]
],
"at_element": 17,
"to_element": 16
}
],
"nstatus": 0,
"opt_line_pos": [
[
-0.3065140354798649,
0.07693218963519363,
-0.3657348557722511
],
[
0.24735435922479881,
0.4432480934267902,
-0.32971021337826834
],
[
0.08113377180775216,
-0.509189970003691,
-0.3297102601088654
],
[
0.044751379678488426,
-0.5091895201990932,
-0.052175625309833995
],
[
-0.2741826424308554,
0.07693215422215893,
-0.05217562939754062
],
[
0.24735427684850395,
0.4840115888346996,
-0.05217571687278284
],
[
0.2473540981168986,
0.4432483064415111,
0.20097077425742063
],
[
-0.3065140354798649,
0.07693212137339663,
0.23436859861723916
],
[
0.056145112039936086,
-0.5091897176876291,
0.23436836227233226
],
[
-0.3173430134176983,
0.07668737986696243,
-0.0521755236266571
],
[
0.08153687257953705,
-0.5091894456690618,
-0.05217566044400232
],
[
0.242693273851256,
0.4432487029755452,
-0.052175723255626645
],
[
-0.23959977608703484,
0.07693218963519363,
0.23436837629553806
],
[
0.09232740737655834,
-0.5091894303990007,
0.2343683202505682
],
[
0.24976127323203076,
0.4029528882557312,
0.23436835167568032
],
[
0.2473539555598579,
0.4666754684560093,
0.2343683202505682
],
[
-0.03620547063623739,
-0.03297058026663548,
0.4425530966767538
],
[
-0.08185506650766854,
-0.03297093355714557,
0.4425527844657286
]
],
"opt_line_orient": [
[
0.4239970349951773,
-0.9049242145553571,
-0.03658797926462363
],
[
-0.8340809404011719,
-0.5516420803922565,
0.0
],
[
0.14358338413699437,
0.9888988344306769,
0.03824796806912829
],
[
0.1851359665698131,
0.9608693899340613,
0.206045357555093
],
[
0.556256392433295,
-0.8132501783435738,
-0.17088877464959884
],
[
-0.929014821111227,
-0.3700032324865136,
-0.005391669983022436
],
[
-0.8272870187399269,
-0.5617690669184591,
-0.0034211223257826946
],
[
0.43745860689745164,
-0.8981397175447411,
0.044441141074390345
],
[
0.07249539209745931,
0.997365887987928,
0.0023882216579723405
],
[
0.22009975027119807,
-0.13617096502746573,
-0.9659262747301395
],
[
-0.14920727198764394,
-0.13059505389372683,
-0.9801439291678034
],
[
0.2503362895799525,
0.0027725072109765453,
-0.9681549748480909
],
[
0.13314690831022713,
-0.15156057076928653,
-0.9794392753997136
],
[
0.06021318201581694,
-0.12017696870866976,
-0.9909247544105081
],
[
0.08596130174216558,
0.010126863088947953,
-0.99624700814947
],
[
-0.5093077265837511,
-0.7531415746928551,
0.4163933334135614
],
[
-0.5825104077800591,
0.18307331678007152,
-0.791937993476164
],
[
0.1476110638334398,
-0.895058455020726,
-0.42081033248943767
]
],
"opt_edge_ids": [
[
1,
2
],
[
0,
1
],
[
2,
0
],
[
3,
4
],
[
5,
3
],
[
4,
5
],
[
6,
7
],
[
7,
8
],
[
8,
6
],
[
5,
1
],
[
3,
2
],
[
4,
0
],
[
7,
5
],
[
8,
3
],
[
6,
4
],
[
6,
9
],
[
9,
7
],
[
9,
8
]
],
"opt_parameters": {
"pos_devi": 0.1,
"layers": [],
"contactopt_trust_region_start": 0.1,
"clamp_collision_dist": 0.024,
"clamp_t_bnd": 0.2,
"clamp_gap": 0.016,
"orient_devi": 0.2617993877991494,
"bar_collision_distance": 0.03,
"time_out": 200,
"debug_mode": 0,
"adjustopt_trust_region_start": 0.1,
"bar_available_lengths": [
0.3,
0.5,
1.0
],
"opt_tol": 0.001,
"trust_region_lobnd": 1e-06,
"trust_region_upbnd": 1.0,
"contact_ignore_para_tol": 0.0001,
"line_para_tol": 0.0001,
"bigM": 1,
"pos_tol": 1e-06,
"bar_contact_distance_tol": 0,
"bar_contact_distance": 0.018000000000000002,
"fixed_contact_pairs": [
[
1,
2
],
[
1,
11
],
[
0,
1
],
[
0,
9
],
[
0,
10
],
[
2,
10
],
[
3,
10
],
[
4,
13
],
[
10,
13
],
[
3,
11
],
[
3,
14
],
[
5,
11
],
[
11,
14
],
[
4,
5
],
[
4,
9
],
[
4,
12
],
[
6,
8
],
[
6,
14
],
[
6,
15
],
[
14,
15
],
[
6,
7
],
[
6,
12
],
[
12,
16
],
[
7,
8
],
[
7,
17
],
[
8,
13
],
[
15,
17
],
[
16,
17
]
],
"adjustopt_weight_pos": 1,
"adjustopt_weight_orient": 1
}
}