{
"contact_id_pairs": [
[
0,
6
],
[
0,
5
],
[
7,
1
],
[
1,
2
],
[
7,
4
],
[
5,
4
],
[
6,
3
],
[
2,
3
]
],
"contact_t_bound_pairs": [
[
[
0.6,
0.9
],
[
0.1,
0.4
]
],
[
[
0.6,
0.9
],
[
0.1,
0.4
]
],
[
[
0.1,
0.4
],
[
0.1,
0.4
]
],
[
[
0.1,
0.4
],
[
0.1,
0.4
]
],
[
[
0.1,
0.4
],
[
0.1,
0.4
]
],
[
[
0.1,
0.4
],
[
0.1,
0.4
]
],
[
[
0.1,
0.4
],
[
0.1,
0.4
]
],
[
[
0.1,
0.4
],
[
0.1,
0.4
]
]
],
"line_pt_pairs": [
[
[
0.41221327012283365,
0.2139757703229802,
-0.03777253083367986
],
[
0.0,
0.0,
0.0
]
],
[
[
-0.01357452626964865,
0.0744401961952792,
-0.05176040412006578
],
[
-0.2976147115485321,
-0.37465004622792053,
-0.013828505113995106
]
],
[
[
-0.0643203939766955,
0.04095260213570098,
-0.11103054910502416
],
[
-0.14260137309763588,
0.11206179870070317,
0.45454413241121155
]
],
[
[
0.0537760728068179,
0.00040926246821619474,
0.11255556886330939
],
[
-0.3168202344831101,
0.27674201474574583,
-0.24365997172783752
]
],
[
[
0.007264785505192037,
-0.017914458609976678,
-0.06737733394336506
],
[
0.23791395693431316,
-0.06118950137755051,
-0.3913036068711535
]
],
[
[
0.01993758324049195,
0.009450093409384745,
-0.1730379389268206
],
[
0.292155319457359,
0.024651095077406447,
0.33874247126787477
]
],
[
[
0.0399271184085276,
0.08862842459554096,
-0.008908656667086387
],
[
-0.03205208182367151,
-0.37098095357672173,
0.32056445071324124
]
],
[
[
0.07445327094471496,
-0.07374503660884184,
-0.11705562347255602
],
[
-0.4829288206792625,
0.10226424925190164,
0.018391544557441453
]
]
],
"contact_t_pairs": [
[
0.8999999999999662,
0.10000000000006788
],
[
0.7864352523634516,
0.3078549306519878
],
[
0.28549913966501733,
0.22257976641310637
],
[
0.10000000000010001,
0.10000000000005763
],
[
0.1000000000000439,
0.10000000000002185
],
[
0.10000000000003809,
0.15999999481043412
],
[
0.17785830110840753,
0.10000000000005276
],
[
0.20545386985116054,
0.30306099050870083
]
],
"half_couplers": [
{
"pose": [
[
-0.4023523118806893,
0.23568796034035153,
-0.8846263632036236,
0.04122132701229731
],
[
0.6638212694277367,
-0.5903186191187428,
-0.4592006643909492,
0.02139757703230526
],
[
-0.6304394811396355,
-0.7719942443259185,
0.08106138012667596,
-0.003777253083369264
],
[
0.0,
0.0,
0.0,
1.0
]
],
"at_element": 0,
"to_element": 6
},
{
"pose": [
[
0.9635913919698537,
-0.23568796033507,
-0.12626485922335795,
0.0327291983853028
],
[
0.03874173863803056,
0.5903186191166472,
-0.8062400421782072,
0.042667486778283484
],
[
0.264557568421133,
0.7719942443291332,
0.5779569012597636,
0.02403865407096874
],
[
0.0,
0.0,
0.0,
1.0
]
],
"at_element": 6,
"to_element": 0
},
{
"pose": [
[
0.1655451898743926,
-0.43592543819804697,
-0.8846263631846453,
0.08803422300621934
],
[
-0.14676129166027474,
0.876125489331557,
-0.4592006644308647,
0.045697681389363316
],
[
0.9752209561836019,
0.20584736888136457,
0.08106138010767117,
-0.008066881015088583
],
[
0.0,
0.0,
0.0,
1.0
]
],
"at_element": 0,
"to_element": 5
},
{
"pose": [
[
-0.7678487140665557,
0.43592543822045593,
0.46944367566156436,
0.10374115554577668
],
[
-0.4813698518254801,
-0.8761254893064738,
0.026214361350358095,
0.014129796723734317
],
[
0.42271907700014194,
-0.20584736894066752,
0.8825731939280462,
-0.015483816237286785
],
[
0.0,
0.0,
0.0,
1.0
]
],
"at_element": 5,
"to_element": 0
},
{
"pose": [
[
0.29844450263247024,
-0.21896423102311985,
-0.9289701525780638,
-0.08467883667861847
],
[
0.954351389183588,
0.05621300384909289,
0.2933488097156995,
-0.02349453692254548
],
[
-0.012012693778382488,
-0.9741122952363941,
0.22574528003365002,
-0.07838557352992871
],
[
0.0,
0.0,
0.0,
1.0
]
],
"at_element": 7,
"to_element": 1
},
{
"pose": [
[
0.8171742732408951,
0.2189642310281701,
-0.5331799627550318,
-0.07679612436095798
],
[
-0.5349680791449762,
-0.05621300387727968,
-0.8430001497574168,
-0.02551820506168191
],
[
-0.21455852686190155,
0.9741122952336322,
0.0712030534844933,
-0.04331753089968903
],
[
0.0,
0.0,
0.0,
1.0
]
],
"at_element": 1,
"to_element": 7
},
{
"pose": [
[
0.1156912981876439,
0.8380540858660511,
-0.5331799627582372,
-0.0419785447975654
],
[
-0.156027503852864,
-0.5147874955268339,
-0.8430001497571958,
0.029531171952914312
],
[
-0.9809540975831144,
0.18071852039131897,
0.0712030534631084,
-0.047967214219454914
],
[
0.0,
0.0,
0.0,
1.0
]
],
"at_element": 1,
"to_element": 2
},
{
"pose": [
[
0.5283515198647213,
-0.8380540858637613,
-0.13605153664584033,
-0.07214849188879405
],
[
0.8483631739651407,
0.5147874955338917,
0.12358705232238472,
0.0480635217922053
],
[
-0.03353500434518333,
-0.18071852038183256,
0.9829629799105202,
-0.054473080953368
],
[
0.0,
0.0,
0.0,
1.0
]
],
"at_element": 2,
"to_element": 1
},
{
"pose": [
[
-0.18194899767623385,
-0.3223492172532847,
-0.9289701525780085,
0.018715061782292743
],
[
0.16921919993926265,
-0.9409098459488365,
0.29334880972734956,
-0.056144108022759764
],
[
-0.9686379223510351,
-0.10382506408729793,
0.22574528001873861,
-0.10351090666955032
],
[
0.0,
0.0,
0.0,
1.0
]
],
"at_element": 7,
"to_element": 4
},
{
"pose": [
[
-0.7507309639100601,
0.3223492172532582,
0.5766229287523033,
0.030329702648109188
],
[
0.32091136392837766,
0.9409098459488282,
-0.10818760695283287,
-0.022241962886735005
],
[
-0.5774243814806406,
0.10382506408745441,
-0.8098156825716181,
-0.09976996123615098
],
[
0.0,
0.0,
0.0,
1.0
]
],
"at_element": 4,
"to_element": 7
},
{
"pose": [
[
0.8790523972243014,
0.08300312229304517,
0.46944367566707607,
0.04715935686218903
],
[
-0.1078394748646647,
0.9938226476193122,
0.02621436132835876,
0.010970193576187493
],
[
-0.46436788282042335,
-0.07366835662987324,
0.882573193925768,
-0.12185989790733157
],
[
0.0,
0.0,
0.0,
1.0
]
],
"at_element": 5,
"to_element": 4
},
{
"pose": [
[
0.8127831689489635,
-0.0830031222927672,
0.5766229287523456,
0.04416865173688234
],
[
-0.024738366578095233,
-0.9938226476192444,
-0.1081876069525664,
-0.024838465228209806
],
[
0.5820408349010647,
0.07366835663110141,
-0.8098156825716236,
-0.11920553593077447
],
[
0.0,
0.0,
0.0,
1.0
]
],
"at_element": 4,
"to_element": 5
},
{
"pose": [
[
-0.9490034476686633,
0.2888765162484351,
-0.1262648592172747,
0.027125020140086775
],
[
-0.07148957385748805,
-0.5872531270104813,
-0.8062400421996456,
0.006883081420330714
],
[
-0.30705324805750767,
-0.7560979587173737,
0.5779569012311865,
0.04969087047248661
],
[
0.0,
0.0,
0.0,
1.0
]
],
"at_element": 6,
"to_element": 3
},
{
"pose": [
[
-0.7164532458744535,
-0.28887651626979505,
-0.6350158303725874,
0.016716442077805545
],
[
-0.6564570100665997,
0.5872531270265835,
0.47349546854422964,
0.028042537695983735
],
[
0.23613331067509305,
0.7560979586967063,
-0.6103744231570436,
0.0769340148041759
],
[
0.0,
0.0,
0.0,
1.0
]
],
"at_element": 3,
"to_element": 6
},
{
"pose": [
[
-0.7826609470617527,
-0.6073975809319127,
-0.13605153664130715,
-0.0804035240728306
],
[
0.5949011443403324,
-0.7942410647656011,
0.1235870523257482,
0.05556226175198753
],
[
-0.18312419394215312,
0.015789544580666184,
0.9829629799107248,
0.005168957902324106
],
[
0.0,
0.0,
0.0,
1.0
]
],
"at_element": 2,
"to_element": 3
},
{
"pose": [
[
-0.4773081539731403,
0.6073975809354725,
-0.6350158303731406,
-0.05853721115933454
],
[
0.3807665588754765,
0.7942410647628908,
0.4734954684962021,
0.0841549400834398
],
[
0.7919556514053558,
-0.015789544580064596,
-0.6103744231937254,
0.004600534297164088
],
[
0.0,
0.0,
0.0,
1.0
]
],
"at_element": 3,
"to_element": 2
}
],
"contact_residues": [
2.2499999993412655e-06,
2.2499999996346582e-06,
5.8648791399203e-16,
4.817117558787319e-15,
2.2499999977927864e-06,
2.249999999373604e-06,
2.2499999994580243e-06,
2.4648774642244846e-15
],
"collision_dists": [
0.07,
0.07,
0.07,
0.07,
0.07,
0.07,
0.07,
0.07,
0.07,
0.07,
0.07,
0.07,
0.07,
0.07,
0.07,
0.07,
0.07,
0.07,
0.07,
0.07,
0.025,
0.025,
0.025,
0.025
],
"collision_id_pairs": [
[
1,
3
],
[
3,
4
],
[
0,
3
],
[
5,
3
],
[
0,
2
],
[
6,
7
],
[
1,
4
],
[
6,
4
],
[
0,
7
],
[
6,
2
],
[
0,
4
],
[
5,
7
],
[
6,
1
],
[
0,
1
],
[
7,
2
],
[
2,
4
],
[
5,
1
],
[
5,
6
],
[
7,
3
],
[
5,
2
],
[
1,
6
],
[
2,
7
],
[
3,
7
],
[
5,
6
]
],
"collision_t_pairs": [
[
[
0.037321007386630654,
0.9626789926133693
],
[
0.3016573969975233,
0.6983426030024767
]
],
[
[
0.223929523197532,
0.776070476802468
],
[
1.5817536544970146e-14,
0.9999999999999841
]
],
[
[
0.980331619653773,
0.019668380346226984
],
[
0.17127036816449215,
0.8287296318355079
]
],
[
[
0.46166215078831546,
0.5383378492116845
],
[
5.841766953527646e-14,
0.9999999999999416
]
],
[
[
0.9999999999999647,
3.5246669459962063e-14
],
[
0.16567703206563855,
0.8343229679343616
]
],
[
[
0.1144231971658054,
0.8855768028341946
],
[
0.1747563727034272,
0.8252436272965729
]
],
[
[
0.12319953942234071,
0.8768004605776594
],
[
1.6308655533663094e-13,
0.9999999999998369
]
],
[
[
0.09863936533381727,
0.9013606346661828
],
[
2.6836840995818125e-14,
0.9999999999999732
]
],
[
[
0.9999999999999635,
3.659344918210949e-14
],
[
0.19537106611057806,
0.804628933889422
]
],
[
[
0.08563279266384857,
0.9143672073361515
],
[
0.20125684956720125,
0.7987431504327989
]
],
[
[
0.9921412230360783,
0.007858776963921763
],
[
3.126719379155469e-14,
0.9999999999999688
]
],
[
[
0.10650680889126835,
0.8934931911087317
],
[
0.08042850868121279,
0.9195714913187872
]
],
[
[
1.8752435005190768e-13,
0.9999999999998125
],
[
3.522945617236143e-14,
0.9999999999999648
]
],
[
[
0.9999999999999244,
7.556661743123118e-14
],
[
0.11112776031041047,
0.8888722396895895
]
],
[
[
0.29129916397445216,
0.7087008360255478
],
[
0.04906688544959489,
0.9509331145504051
]
],
[
[
0.045005268490946625,
0.9549947315090535
],
[
4.979453511528805e-14,
0.9999999999999503
]
],
[
[
0.1570699995798537,
0.8429300004201463
],
[
0.017263884329401055,
0.9827361156705989
]
],
[
[
0.30470805515038957,
0.6952919448496105
],
[
0.08318710554886882,
0.9168128944511311
]
],
[
[
0.37681296619417587,
0.6231870338058241
],
[
0.38644394802576787,
0.6135560519742321
]
],
[
[
0.02758794133972421,
0.9724120586602758
],
[
1.926691316950071e-14,
0.9999999999999808
]
],
[
[
3.5227616282776537e-14,
0.9999999999999648
],
[
1.8739246325251532e-13,
0.9999999999998125
]
],
[
[
0.04906688544959487,
0.9509331145504052
],
[
0.29129916397445216,
0.708700836025548
]
],
[
[
0.38644394802576787,
0.6135560519742321
],
[
0.37681296619417587,
0.6231870338058241
]
],
[
[
0.30470805515038957,
0.6952919448496104
],
[
0.08318710554886884,
0.9168128944511312
]
]
],
"collision_dual_t_pairs": [
[
[
9.408523476529039e-15,
3.6474745063173986e-16
],
[
1.1640173878517984e-15,
5.028117469042681e-16
]
],
[
[
1.568057965039817e-15,
4.524522300596806e-16
],
[
0.044330287068324786,
3.511347401730033e-16
]
],
[
[
3.5817932148679963e-16,
1.7853443034990853e-14
],
[
2.0501730575195643e-15,
4.237026224537665e-16
]
],
[
[
7.6058786133875335e-16,
6.522573831925782e-16
],
[
0.012025959661165098,
3.5113474017313464e-16
]
],
[
[
3.511347401730652e-16,
0.01992159943409089
],
[
2.1193928096400193e-15,
4.2086189589326266e-16
]
],
[
[
3.0687134402678793e-15,
3.9650441904849967e-16
],
[
2.0092843995191248e-15,
4.2549208629713597e-16
]
],
[
[
2.8501291902982073e-15,
4.004728272985185e-16
],
[
0.021052665726027115,
3.511347401730581e-16
]
],
[
[
3.559757224021413e-15,
3.89561093578926e-16
],
[
0.026219640422498053,
3.511347401730376e-16
]
],
[
[
3.5113474017306877e-16,
0.019197594421392492
],
[
1.7972719017740864e-15,
4.3639332378068705e-16
]
],
[
[
4.100429573891154e-15,
3.840197808678909e-16
],
[
1.7447043462800895e-15,
4.396094143259919e-16
]
],
[
[
3.5391589283688935e-16,
4.468502446403441e-14
],
[
0.023505582804792098,
3.5113474017304747e-16
]
],
[
[
3.2968307902124657e-15,
3.9299092761943466e-16
],
[
4.365797592396495e-15,
3.8184606275830383e-16
]
],
[
[
0.0037464499697109,
3.5113474017350185e-16
],
[
0.019942963849589542,
3.511347401730648e-16
]
],
[
[
3.511347401731449e-16,
0.011561469646839365
],
[
3.1597510958625475e-15,
3.950338006235722e-16
]
],
[
[
1.2054093175520543e-15,
4.954625816227696e-16
],
[
7.156245266790529e-15,
3.6925283029185617e-16
]
],
[
[
7.802063717692187e-15,
3.676824230524926e-16
],
[
0.014114363946873883,
3.51134740173109e-16
]
],
[
[
2.2355324172675292e-15,
4.1656445717001494e-16
],
[
2.0339473396889987e-14,
3.573031207797357e-16
]
],
[
[
1.1523631180357733e-15,
5.0501796678481125e-16
],
[
4.221008732583885e-15,
3.829951103342011e-16
]
],
[
[
9.31854805377598e-16,
5.6344978492707785e-16
],
[
9.086307506782025e-16,
5.722943604212041e-16
]
],
[
[
1.2727902683954887e-14,
3.6109660002906845e-16
],
[
0.036478457770121896,
3.5113474017301394e-16
]
],
[
[
0.019942963849589573,
3.511347401730652e-16
],
[
0.0037464499697108565,
3.5113474017350185e-16
]
],
[
[
7.156245266776128e-15,
3.692528302918948e-16
],
[
1.2054093175518823e-15,
4.954625816227988e-16
]
],
[
[
9.086307506782025e-16,
5.722943604212041e-16
],
[
9.31854805377598e-16,
5.6344978492707785e-16
]
],
[
[
1.1523631180357733e-15,
5.0501796678481125e-16
],
[
4.221008732583885e-15,
3.829951103342011e-16
]
]
],
"clamp_dist": 0.024,
"clamp_gap": 0.016,
"radius": [
0.01,
0.01,
0.01,
0.01,
0.01,
0.01,
0.01,
0.01
],
"boundary_vertices": [
false,
true,
false,
false,
false,
false,
false,
false,
false,
false,
false,
false,
false,
false,
false,
false
],
"nstatus": 0,
"config": {
"weights": [
10.0,
1.0
],
"shape_deviation": 0.2,
"length_deviation_ratio": 0.2
}
}