{
"contact_id_pairs": [
[
0,
1
],
[
0,
2
],
[
1,
2
],
[
3,
4
],
[
3,
5
],
[
4,
5
],
[
6,
7
],
[
6,
14
],
[
7,
9
],
[
8,
10
],
[
8,
14
],
[
9,
10
],
[
11,
13
],
[
11,
15
],
[
12,
16
],
[
15,
16
],
[
18,
19
],
[
18,
26
],
[
19,
21
],
[
20,
22
],
[
20,
26
],
[
21,
22
],
[
23,
25
],
[
23,
27
],
[
24,
28
],
[
27,
28
],
[
30,
31
],
[
30,
38
],
[
31,
33
],
[
32,
34
],
[
32,
38
],
[
33,
34
],
[
35,
37
],
[
35,
39
],
[
36,
40
],
[
39,
40
]
],
"contact_t_bound_pairs": [
[
[
0.1,
0.4
],
[
0.1,
0.4
]
],
[
[
0.6,
0.9
],
[
0.1,
0.4
]
],
[
[
0.6,
0.9
],
[
0.6,
0.9
]
],
[
[
0.6,
0.9
],
[
0.1,
0.4
]
],
[
[
0.1,
0.4
],
[
0.1,
0.4
]
],
[
[
0.6,
0.9
],
[
0.6,
0.9
]
],
[
[
0.1,
0.4
],
[
0.6,
0.9
]
],
[
[
0.6,
0.9
],
[
0.6,
0.9
]
],
[
[
0.1,
0.4
],
[
0.1,
0.4
]
],
[
[
0.6,
0.9
],
[
0.1,
0.4
]
],
[
[
0.1,
0.4
],
[
0.1,
0.4
]
],
[
[
0.6,
0.9
],
[
0.6,
0.9
]
],
[
[
0.1,
0.4
],
[
0.6,
0.9
]
],
[
[
0.6,
0.9
],
[
0.6,
0.9
]
],
[
[
0.1,
0.4
],
[
0.1,
0.4
]
],
[
[
0.1,
0.4
],
[
0.6,
0.9
]
],
[
[
0.1,
0.4
],
[
0.6,
0.9
]
],
[
[
0.6,
0.9
],
[
0.6,
0.9
]
],
[
[
0.1,
0.4
],
[
0.1,
0.4
]
],
[
[
0.6,
0.9
],
[
0.1,
0.4
]
],
[
[
0.1,
0.4
],
[
0.1,
0.4
]
],
[
[
0.6,
0.9
],
[
0.6,
0.9
]
],
[
[
0.1,
0.4
],
[
0.6,
0.9
]
],
[
[
0.6,
0.9
],
[
0.6,
0.9
]
],
[
[
0.1,
0.4
],
[
0.1,
0.4
]
],
[
[
0.1,
0.4
],
[
0.6,
0.9
]
],
[
[
0.1,
0.4
],
[
0.6,
0.9
]
],
[
[
0.6,
0.9
],
[
0.6,
0.9
]
],
[
[
0.1,
0.4
],
[
0.1,
0.4
]
],
[
[
0.6,
0.9
],
[
0.1,
0.4
]
],
[
[
0.1,
0.4
],
[
0.1,
0.4
]
],
[
[
0.6,
0.9
],
[
0.6,
0.9
]
],
[
[
0.1,
0.4
],
[
0.6,
0.9
]
],
[
[
0.6,
0.9
],
[
0.6,
0.9
]
],
[
[
0.1,
0.4
],
[
0.1,
0.4
]
],
[
[
0.1,
0.4
],
[
0.6,
0.9
]
]
],
"line_pt_pairs": [
[
[
0.38306486925437305,
1.5686644842636686,
0.31075852645306973
],
[
0.04020115294760643,
1.581770219470882,
0.3257038690996972
]
],
[
[
0.30463421219569475,
1.551409080304659,
0.26680151009104053
],
[
-0.017979633521922517,
1.7476528764717216,
0.35708444073368817
]
],
[
[
0.1998008972887516,
1.5746537063146933,
0.2799047108217773
],
[
-0.034671814640690655,
1.719701991308051,
0.3411308188409697
]
],
[
[
0.07059002925533259,
1.8106512517106919,
0.6687132536748648
],
[
0.3474602400816074,
1.5602041331602998,
0.6025695634714117
]
],
[
[
0.3725357642806355,
1.59792296710007,
0.6490448906691915
],
[
0.1028765749192701,
1.4872206239642218,
0.623497339099398
]
],
[
[
0.08335124960319934,
1.811642818587183,
0.6242355853834217
],
[
0.13015382680409118,
1.4677168122307602,
0.6657351677167719
]
],
[
[
0.8276200788943558,
1.598714202756343,
0.6027498196613631
],
[
0.34803043117608917,
1.6482005724063618,
0.9699914795938559
]
],
[
[
0.3499701666894707,
1.724727349375634,
0.34639633055462155
],
[
0.8334312993896426,
1.6296721251115183,
0.6745907881804071
]
],
[
[
0.37683427228826943,
1.6568582209129896,
0.6865735460191812
],
[
0.662524560470073,
1.8719535969851753,
0.31606470357596333
]
],
[
[
0.39977440654613816,
1.7538582639477465,
0.44881571206770704
],
[
0.8334699405501329,
1.6460197708177946,
-0.005297347059774249
]
],
[
[
0.5755270642620123,
1.8793696613139075,
0.3692676068489306
],
[
0.844950040483504,
1.6170351615008247,
0.02587070884435746
]
],
[
[
0.7703307084591557,
1.6227953049630965,
-0.0360236704320161
],
[
0.6180919801366062,
1.4455013144754356,
0.36851972966686275
]
],
[
[
0.36030180588063443,
1.6393646382462737,
0.3062586697802445
],
[
0.5828339221691649,
1.9278214884981293,
0.2945867480695871
]
],
[
[
0.8280730588858255,
1.6996940012509913,
0.6405837680550509
],
[
0.7713845955063982,
1.5618591156371404,
-0.042799665664896944
]
],
[
[
0.3857969201301057,
1.713247821463693,
0.6183787475438277
],
[
0.40419498745591337,
1.6745798228539905,
0.972865050979096
]
],
[
[
0.3464438715697622,
1.6555128673971564,
0.6141347137534497
],
[
0.6325066710197071,
1.4279596092616935,
0.2778842744832918
]
],
[
[
0.40659035366219276,
1.648918362806421,
0.26249492523081247
],
[
0.44804499705272577,
1.6225801119269971,
0.6425241151543464
]
],
[
[
0.3233267330138721,
1.604452028496109,
0.39054341503904433
],
[
0.5836136754384748,
1.3712488385364323,
0.33915793267343697
]
],
[
[
-0.16265352182214596,
2.1764102400512724,
0.5539196702214112
],
[
0.11604342881966076,
1.8313651007918728,
0.9695566208719191
]
],
[
[
0.06788932914136993,
1.87953550969124,
0.26262201670000573
],
[
-0.20706075098847823,
2.165187401238881,
0.6591791873196738
]
],
[
[
-0.021897334001010675,
1.747655914391827,
0.6821160937774449
],
[
-0.1937803904325174,
2.0240487180057585,
0.33451780250843877
]
],
[
[
0.01065558210557695,
1.8679001251619343,
0.37182619894743285
],
[
-0.1639436219773861,
2.2218767633196093,
-0.005297347059774249
]
],
[
[
-0.19098967751867774,
1.9428206839529825,
0.3939711369845772
],
[
-0.16137987852779306,
2.185969769182152,
-0.029172780029126467
]
],
[
[
-0.19698377177211426,
2.2593423637115553,
0.04375693724534963
],
[
0.07913846671082068,
2.068083745850735,
0.36577122901002934
]
],
[
[
0.0759587389698268,
1.777549510307582,
0.3395179472876009
],
[
-0.24931373418350697,
1.9218286296806453,
0.3034564571846285
]
],
[
[
-0.13257758682423954,
2.2362033971867152,
0.6586722828576009
],
[
-0.09217628700923268,
2.2360788480546407,
0.004578400637839932
]
],
[
[
-0.013268649838987187,
1.7763675473572151,
0.600862366216321
],
[
0.06417912929590329,
1.860309820377492,
0.9751160180456393
]
],
[
[
0.1809448194017534,
1.838421519370609,
0.6223420471354248
],
[
0.01450359823358358,
2.130819923219268,
0.3303825435907258
]
],
[
[
0.0492061206445439,
1.8193149179996027,
0.293046855044122
],
[
0.141144124402661,
1.8635101818121635,
0.642047124350162
]
],
[
[
0.12508309862627823,
1.8191495233948476,
0.3067530267858469
],
[
0.14309830413181118,
2.138049864679497,
0.315099680836943
]
],
[
[
-0.15362918986228513,
1.0636002700235672,
0.6104511635149428
],
[
0.04647301588438606,
1.5150484399330866,
0.9608845769431205
]
],
[
[
0.03214807367524077,
1.4172035005259083,
0.285241612293513
],
[
-0.11529669976064265,
1.0586691026899278,
0.6849018924704242
]
],
[
[
0.042394418795794295,
1.443576380104454,
0.6996087678082
],
[
0.1085649281591551,
1.116812424617999,
0.3055361009736406
]
],
[
[
0.07120093813848186,
1.3932872196909676,
0.36308688629039326
],
[
-0.16394362229847648,
1.0701627785013612,
-0.005297347059774249
]
],
[
[
0.14819065028157405,
1.1830915326560567,
0.3657609555700063
],
[
-0.1375807543658131,
1.1024618640665709,
-0.024526619682426882
]
],
[
[
-0.16906621220126444,
1.0243115066212756,
0.04796248639137759
],
[
-0.2318761778630438,
1.3768907313836014,
0.3722752384298989
]
],
[
[
0.1093291734859658,
1.5009924789219888,
0.3434407957507456
],
[
0.18646476218118413,
1.1701568826909814,
0.291656219369443
]
],
[
[
-0.2164367504833649,
1.0931413713027494,
0.6478497220061447
],
[
-0.22146550416695837,
1.1107642349837792,
-0.02368745707260223
]
],
[
[
0.08822644753378209,
1.4094728147055073,
0.6292343351107031
],
[
0.05306521941135078,
1.4574341215961382,
0.9709109009121528
]
],
[
[
0.0514198250566402,
1.5346586727460918,
0.6255762188666825
],
[
-0.24258596063691334,
1.3469053920419198,
0.28171566324786823
]
],
[
[
0.09072831411865676,
1.4563820099244684,
0.2836188150513761
],
[
0.02799205915748738,
1.4876461995480472,
0.6459536197411581
]
],
[
[
0.06860610759235926,
1.5233628897723352,
0.28282224161979874
],
[
-0.2610341158499265,
1.4241714685296054,
0.30855799841855625
]
]
],
"contact_t_pairs": [
[
0.3999957760681578,
0.18485225283066042
],
[
0.6000203144217123,
0.10000036026336095
],
[
0.8969349745917657,
0.87234319200479
],
[
0.8999976973492326,
0.1944485181112722
],
[
0.11034480992800194,
0.10001111836595229
],
[
0.8982196782156092,
0.8999978863831093
],
[
0.1000000023536697,
0.8999987447515968
],
[
0.8999989755145786,
0.8982184768735186
],
[
0.1769326226045341,
0.1000000019945629
],
[
0.899999642515557,
0.11135119137252737
],
[
0.10000000249100341,
0.10000100756288452
],
[
0.8928575680124295,
0.8756334797839659
],
[
0.14771518022232824,
0.8999999801844819
],
[
0.8999976928351876,
0.8999999932845227
],
[
0.10000079777954607,
0.10000000172620091
],
[
0.2366135995513883,
0.7147829152750793
],
[
0.1000132182583251,
0.8353257420792851
],
[
0.8999995447359739,
0.8999999984932177
],
[
0.1770301594782313,
0.1182285455394447
],
[
0.8999999316307686,
0.10000150337322755
],
[
0.10000000789135202,
0.10000000102560483
],
[
0.8999806283746844,
0.8933263027085728
],
[
0.2796126423062271,
0.8006108003672943
],
[
0.8999987559023382,
0.8999999976882731
],
[
0.10000221748647338,
0.10000000224418171
],
[
0.1000001490138863,
0.8884018617643554
],
[
0.100000841477126,
0.8999982931173574
],
[
0.8999990295548157,
0.8847188904653814
],
[
0.11053758839396206,
0.10323358670773487
],
[
0.8999999990913956,
0.10000000149095888
],
[
0.1000000055199913,
0.10000084753662758
],
[
0.8874242844357515,
0.8999945700640978
],
[
0.2519327542400673,
0.7714910293156415
],
[
0.8999975272153663,
0.899999997421208
],
[
0.10000346755390946,
0.13589332935053458
],
[
0.10000000720393575,
0.8635447045170322
]
],
"half_couplers": [
{
"pose": [
[
-0.051896464930730524,
0.025625433892108085,
-0.9983236419446024,
0.2459208309646352
],
[
-0.9230696250064054,
-0.38273523698320266,
0.038160264175520875,
1.5739067229888217
],
[
-0.3811157623586661,
0.9235026126163655,
0.0435166654572684,
0.31673660038361195
],
[
0.0,
0.0,
0.0,
1.0
]
],
"at_element": 0,
"to_element": 1
},
{
"pose": [
[
0.5557838065718198,
-0.025625416396869993,
-0.8309318253545384,
0.2449983160204301
],
[
0.7733265211534514,
0.3827352173294507,
0.5054501410589165,
1.5876851881301814
],
[
0.305074502430535,
-0.9235026212471003,
0.232534850111755,
0.2834905132124882
],
[
0.0,
0.0,
0.0,
1.0
]
],
"at_element": 1,
"to_element": 0
},
{
"pose": [
[
-0.050986400386151765,
0.027391458932083945,
-0.9983236423891979,
0.17733967439219017
],
[
-0.9356611064785594,
-0.3508305757924377,
0.038160200634491215,
1.5765281916234284
],
[
-0.3491971947180863,
0.9360382551299485,
0.043516710977513084,
0.3197260356470394
],
[
0.0,
0.0,
0.0,
1.0
]
],
"at_element": 0,
"to_element": 2
},
{
"pose": [
[
0.5567833746792039,
-0.027391542960463366,
-0.8302059847140844,
0.17635354162388012
],
[
0.783042613611888,
0.35083068275958007,
0.513577742218557,
1.5891585870696117
],
[
0.27719404565881445,
-0.9360382125793221,
0.2167854368785117,
0.28602734368122
],
[
0.0,
0.0,
0.0,
1.0
]
],
"at_element": 2,
"to_element": 0
},
{
"pose": [
[
-0.033555882567486206,
0.5553614008076697,
-0.8309318366978483,
0.015270570684011872
],
[
-0.46271397400241016,
0.7282966083844611,
0.5054501246202118,
1.727427004633555
],
[
0.885872327713206,
0.40144459730906024,
0.23253484531001478,
0.34777942819307384
],
[
0.0,
0.0,
0.0,
1.0
]
],
"at_element": 1,
"to_element": 2
},
{
"pose": [
[
0.04828890498322791,
-0.5553613456610167,
-0.8302059728772767,
-0.0047397766737976715
],
[
0.4536760368314226,
-0.7282966146676653,
0.5135777396544284,
1.7011855902406194
],
[
-0.8898574241194229,
-0.40144466220041203,
0.21678548828356237,
0.33331488932526965
],
[
0.0,
0.0,
0.0,
1.0
]
],
"at_element": 2,
"to_element": 1
},
{
"pose": [
[
-0.6831337171726211,
-0.00912091619974803,
0.7302363544425834,
0.3197725814635765
],
[
-0.7093746529773555,
0.24589873468485002,
-0.6605462996593396,
1.5852494217075888
],
[
-0.1735394081330624,
-0.9692526095750618,
-0.17445186343733754,
0.609184084797576
],
[
0.0,
0.0,
0.0,
1.0
]
],
"at_element": 3,
"to_element": 4
},
{
"pose": [
[
0.3881567725633749,
0.00912090642672797,
-0.9215482239031983,
0.3201009345142311
],
[
-0.8924166978451893,
-0.24589872864070106,
-0.37832030431893976,
1.5763970605258588
],
[
-0.23005816073391683,
0.9692526112004247,
-0.08730760769191614,
0.6440772071250739
],
[
0.0,
0.0,
0.0,
1.0
]
],
"at_element": 4,
"to_element": 3
},
{
"pose": [
[
0.5780627766660628,
0.36414047726740173,
0.7302363583447421,
0.1011412200436837
],
[
0.7334822644879377,
0.1602571769855744,
-0.6605462927806508,
1.783015712017233
],
[
-0.35755725963091367,
0.9174526418513836,
-0.17445187314886645,
0.6614146407514281
],
[
0.0,
0.0,
0.0,
1.0
]
],
"at_element": 3,
"to_element": 5
},
{
"pose": [
[
-0.9216702292429364,
-0.36414047685346546,
0.1338868987026127,
0.08803202769146934
],
[
-0.07960531177605484,
-0.16025718303852865,
-0.9838600660772814,
1.7772463940563412
],
[
0.3797196108503088,
-0.9174526409583692,
0.11871675843874652,
0.6283860050243
],
[
0.0,
0.0,
0.0,
1.0
]
],
"at_element": 5,
"to_element": 3
},
{
"pose": [
[
-0.36415038469833383,
0.1346973325532026,
-0.921548222247272,
0.13032257398458785
],
[
0.9201902278587735,
-0.10061654910956808,
-0.3783203068809556,
1.4984879440708747
],
[
-0.1436817381481516,
-0.9857651539024566,
-0.08730761406883225,
0.626097577118975
],
[
0.0,
0.0,
0.0,
1.0
]
],
"at_element": 4,
"to_element": 5
},
{
"pose": [
[
0.9817998402551985,
-0.13469733390186736,
0.13388689971238987,
0.1254734701612843
],
[
0.14797186912173813,
0.10061656665448038,
-0.9838600675214357,
1.5021101397942187
],
[
0.11905208785857513,
0.9857651519273714,
0.11871674533156962,
0.6615851217692187
],
[
0.0,
0.0,
0.0,
1.0
]
],
"at_element": 5,
"to_element": 4
},
{
"pose": [
[
-0.5925645149379231,
-0.15065184224566533,
-0.7913098748684811,
0.7796611129937335
],
[
0.14177452262878507,
-0.986525758551301,
0.08165116317702083,
1.6036628398378194
],
[
-0.7929484727078829,
-0.06380399785881401,
0.6059387506072444,
0.6394739865189779
],
[
0.0,
0.0,
0.0,
1.0
]
],
"at_element": 6,
"to_element": 7
},
{
"pose": [
[
0.5571432945923597,
0.15065184113348007,
0.8166366217932329,
0.7850845792558105
],
[
-0.03141195131868751,
0.9865257587566831,
-0.16056218927226645,
1.6391777668558483
],
[
-0.8298220523733527,
0.0638039973092861,
0.5543684797336814,
0.6417709304522596
],
[
0.0,
0.0,
0.0,
1.0
]
],
"at_element": 7,
"to_element": 6
},
{
"pose": [
[
-0.585565310799447,
-0.17590323796547797,
-0.7913098746139897,
0.39598988728051815
],
[
0.18391421637493544,
-0.9795451230910017,
0.08165116559993928,
1.6432518847432958
],
[
-0.7894864329445701,
-0.0977210453377148,
0.6059387506130989,
0.9332669373668799
],
[
0.0,
0.0,
0.0,
1.0
]
],
"at_element": 6,
"to_element": 14
},
{
"pose": [
[
0.9830580430385222,
0.17590323871947292,
0.05152605773073757,
0.40232240414090914
],
[
-0.16959850129875867,
0.9795451233568369,
-0.10829450431602787,
1.6785155106487386
],
[
-0.06952145262065607,
0.09772104131577473,
0.9927826376955202,
0.9367848950879784
],
[
0.0,
0.0,
0.0,
1.0
]
],
"at_element": 14,
"to_element": 6
},
{
"pose": [
[
-0.5367869667186815,
-0.2120480613336821,
0.8166366217881637,
0.43551021282547075
],
[
0.14160336756357295,
-0.9768153713734335,
-0.16056218902106661,
1.7079089792543218
],
[
0.8317501058945608,
0.02945080530661394,
0.5543684798139041,
0.4044646366666244
],
[
0.0,
0.0,
0.0,
1.0
]
],
"at_element": 7,
"to_element": 9
},
{
"pose": [
[
-0.7012035237864251,
0.21204806361271275,
0.6806976105052808,
0.44314396081157065
],
[
0.1310887847101261,
0.976815370782914,
-0.16925561120819688,
1.7430744144196606
],
[
-0.7008062134090437,
-0.029450808483588817,
-0.7127435030408487,
0.40340440524920185
],
[
0.0,
0.0,
0.0,
1.0
]
],
"at_element": 9,
"to_element": 7
},
{
"pose": [
[
-0.26197039831576596,
0.7896603103645553,
0.5548045643658974,
0.6339554295220592
],
[
0.908545444974913,
0.007932775731397168,
0.4177107198582921,
1.850443982484706
],
[
0.32544843650203054,
0.6134930034679691,
-0.7195204304772966,
0.3531157202714323
],
[
0.0,
0.0,
0.0,
1.0
]
],
"at_element": 8,
"to_element": 10
},
{
"pose": [
[
-0.31068850238920165,
-0.7896603143325321,
0.5290644974399641,
0.6055276336474076
],
[
-0.8570663973866216,
-0.007932776586547563,
-0.5151448937205391,
1.8501584022216047
],
[
0.410986429160225,
-0.6134929983495122,
-0.6743266982867078,
0.3310299531424912
],
[
0.0,
0.0,
0.0,
1.0
]
],
"at_element": 10,
"to_element": 8
},
{
"pose": [
[
0.6698023410363871,
0.4935146535298403,
0.5548045698203079,
0.40540330181810524
],
[
0.2887474553703295,
-0.8614770251587105,
0.4177107158559119,
1.6783677590560115
],
[
0.6840977495645888,
-0.11958520759283067,
-0.719520428595078,
0.6495226608519206
],
[
0.0,
0.0,
0.0,
1.0
]
],
"at_element": 8,
"to_element": 14
},
{
"pose": [
[
0.868209855904503,
-0.4935146514508813,
0.05152606052860452,
0.38763674539989623
],
[
0.49611453066453265,
0.8614770288330297,
-0.10829451166391499,
1.7093809826422826
],
[
0.009056410646207342,
0.11958518970311707,
0.9927826367487884,
0.6538277350545969
],
[
0.0,
0.0,
0.0,
1.0
]
],
"at_element": 14,
"to_element": 8
},
{
"pose": [
[
-0.2752406585934595,
-0.6788912612807386,
0.6806976092316519,
0.7870027462947968
],
[
-0.9607483431245715,
0.21980709329912573,
-0.1692556141425745,
1.6575738492336125
],
[
-0.03471600553677506,
-0.7005651269454093,
-0.7127435035603855,
0.04335743049245947
],
[
0.0,
0.0,
0.0,
1.0
]
],
"at_element": 9,
"to_element": 10
},
{
"pose": [
[
0.5091143395494793,
0.6788912633365696,
0.529064496853053,
0.8114428424645898
],
[
0.8284386394288212,
-0.21980709559360445,
-0.5151448936251116,
1.6496607903751916
],
[
-0.2334352371995735,
0.7005651242332726,
-0.6743266988200884,
0.06857778610216661
],
[
0.0,
0.0,
0.0,
1.0
]
],
"at_element": 10,
"to_element": 9
},
{
"pose": [
[
0.4852118954279395,
-0.8114084963914551,
-0.32586142533135826,
0.7478427372681723
],
[
0.7189467771083179,
0.5823245639343213,
-0.3794912830675631,
1.596606291205876
],
[
0.497679563796615,
-0.05014333677030977,
0.8659103288197632,
0.02373353082134323
],
[
0.0,
0.0,
0.0,
1.0
]
],
"at_element": 11,
"to_element": 13
},
{
"pose": [
[
0.5788329065045319,
0.8114084949157655,
-0.08104764479025954,
0.7770534429676522
],
[
0.7887105428824687,
-0.5823245647833957,
-0.197062885384007,
1.575642606929795
],
[
-0.20709453371240222,
0.05014335078912309,
-0.9770350548870197,
0.02553869124869463
],
[
0.0,
0.0,
0.0,
1.0
]
],
"at_element": 13,
"to_element": 11
},
{
"pose": [
[
0.4755641174216312,
0.8171004249992142,
-0.32586142098611237,
0.6333162042086982
],
[
-0.857386900823204,
0.34766947172514984,
-0.37949129203070836,
1.463231122570658
],
[
-0.19679042791194445,
0.4598617552009066,
0.8659103265268149,
0.3280644563086771
],
[
0.0,
0.0,
0.0,
1.0
]
],
"at_element": 11,
"to_element": 15
},
{
"pose": [
[
0.02468657373842076,
-0.8171004267023227,
0.5759665491675188,
0.6039003891536644
],
[
-0.8180547977531225,
-0.34766947137085613,
-0.45816185627986067,
1.4507149366033685
],
[
0.5746102339413697,
-0.4598617524426138,
-0.6770156923515531,
0.31150932066838977
],
[
0.0,
0.0,
0.0,
1.0
]
],
"at_element": 15,
"to_element": 11
},
{
"pose": [
[
-0.1204815398933281,
-0.7827953505910895,
0.6105044124639112,
0.3825551950410582
],
[
0.05283469842728594,
0.609056232567122,
0.7913652760977331,
1.6682105533964342
],
[
-0.9913085761694136,
0.127600723603422,
-0.03202127650255404,
0.3050914682975584
],
[
0.0,
0.0,
0.0,
1.0
]
],
"at_element": 12,
"to_element": 16
},
{
"pose": [
[
-0.6128032548169668,
0.7827953705382271,
0.1081830797752179,
0.4107358180728051
],
[
-0.7901431074055225,
-0.6090562155614441,
-0.06873424259797158,
1.6462845376730135
],
[
0.012084730252532441,
-0.1276006824037062,
0.9917519978022893,
0.3004978448791726
],
[
0.0,
0.0,
0.0,
1.0
]
],
"at_element": 16,
"to_element": 12
},
{
"pose": [
[
0.5400952369933847,
-0.6136445815435041,
0.5759665463543499,
0.4141302202453606
],
[
-0.4084075883521603,
-0.7894877782251475,
-0.45816185983721186,
1.6016706719000782
],
[
0.7358670917723064,
0.012221930102006118,
-0.6770156923374451,
0.5345732869670021
],
[
0.0,
0.0,
0.0,
1.0
]
],
"at_element": 15,
"to_element": 16
},
{
"pose": [
[
0.7821360177612351,
0.6136445815750596,
0.10818307272474224,
0.43622142451656676
],
[
-0.6099054467644441,
0.7894877782014136,
-0.06873422784653431,
1.63009223105958
],
[
-0.12758760021123006,
-0.012221930050752536,
0.9917519995937361,
0.5341332974939829
],
[
0.0,
0.0,
0.0,
1.0
]
],
"at_element": 16,
"to_element": 15
},
{
"pose": [
[
0.47659253747043995,
0.7500940403716952,
0.45849589292201176,
-0.1347801428696773
],
[
-0.4923645855712172,
0.6598127121541351,
-0.5676480421485552,
2.1419011652295477
],
[
-0.7283108320646967,
0.04478968049305582,
0.6837815560678419,
0.5954888592830452
],
[
0.0,
0.0,
0.0,
1.0
]
],
"at_element": 18,
"to_element": 19
},
{
"pose": [
[
-0.4437888996931705,
-0.750094040227645,
-0.49031657459654926,
-0.16178355057785437
],
[
0.5524108668299794,
-0.6598127125299986,
0.5094010390566126,
2.118147887974625
],
[
-0.7056157925651013,
-0.04478967736849421,
0.7071776566634088,
0.5938764295247417
],
[
0.0,
0.0,
0.0,
1.0
]
],
"at_element": 19,
"to_element": 18
},
{
"pose": [
[
0.11212153174634232,
0.8815953040466521,
0.4584958909322362,
0.08817360687478427
],
[
-0.7263241331269942,
0.3875937960219763,
-0.5676480449385826,
1.865869771804452
],
[
-0.6781460135960208,
-0.26937106223231483,
0.6837815550858768,
0.9279927365823167
],
[
0.0,
0.0,
0.0,
1.0
]
],
"at_element": 18,
"to_element": 26
},
{
"pose": [
[
-0.4285023916469728,
-0.8815953047670644,
0.19792781251125788,
0.056434351265717296
],
[
0.8965210162806836,
-0.3875937957759419,
0.21452532914098504,
1.8519155929489814
],
[
-0.11240893078343409,
0.2693710602285716,
0.9564535870555666,
0.9376906522987887
],
[
0.0,
0.0,
0.0,
1.0
]
],
"at_element": 26,
"to_element": 18
},
{
"pose": [
[
0.32052797620776907,
0.8104637399302891,
-0.49031657398701156,
0.019214872607430426
],
[
-0.6491456073776746,
0.5649075683489921,
0.5094010400895337,
1.9301045096071774
],
[
0.689834615607554,
0.15500956577010827,
0.7071776563419837,
0.3328245958570417
],
[
0.0,
0.0,
0.0,
1.0
]
],
"at_element": 19,
"to_element": 21
},
{
"pose": [
[
0.49076725548365374,
-0.8104637400176296,
-0.3198375010246273,
-0.009987027845496446
],
[
-0.5103142559182985,
-0.5649075680005522,
0.6484279449732677,
1.9097502682462584
],
[
-0.7062059622741765,
-0.15500956658328555,
-0.6908293371854346,
0.3272394306143229
],
[
0.0,
0.0,
0.0,
1.0
]
],
"at_element": 21,
"to_element": 19
},
{
"pose": [
[
-0.8769074801509313,
0.31740740207239587,
-0.3609512603731923,
-0.1765920730378543
],
[
0.05516360031819678,
0.8124468162494133,
0.5804198032167116,
1.9964094187476018
],
[
0.4774832441618008,
0.48906309600688996,
-0.7299500254598785,
0.3692776554003674
],
[
0.0,
0.0,
0.0,
1.0
]
],
"at_element": 20,
"to_element": 22
},
{
"pose": [
[
0.9463534879973647,
-0.31740740148034846,
0.060560855680170014,
-0.1880286531050102
],
[
-0.30431999763220746,
-0.8124468201831778,
0.49731227957428964,
1.9671359580197245
],
[
-0.1086481237590174,
-0.4890630898562434,
-0.8654553017596629,
0.3516561091399706
],
[
0.0,
0.0,
0.0,
1.0
]
],
"at_element": 22,
"to_element": 20
},
{
"pose": [
[
0.04569858050462061,
-0.9314643452069292,
-0.36095126173500036,
-0.03908564100055105
],
[
-0.7707686379078303,
-0.26273286230646065,
0.5804198048670993,
1.7752951969343334
],
[
-0.6354741116344317,
0.25168555117940394,
-0.7299500234741751,
0.6473562619075238
],
[
0.0,
0.0,
0.0,
1.0
]
],
"at_element": 20,
"to_element": 26
},
{
"pose": [
[
0.3052847155217133,
0.9314643440688283,
0.19792781057055658,
-0.0055238718460673235
],
[
-0.9407179843674062,
0.2627328626418387,
0.21452532898413032,
1.7847617747453346
],
[
0.14782055458071863,
-0.25168555504130996,
0.9564535874923553,
0.6382877317830893
],
[
0.0,
0.0,
0.0,
1.0
]
],
"at_element": 26,
"to_element": 20
},
{
"pose": [
[
-0.8037948623353919,
0.5016151824895366,
-0.3198375024590108,
-0.1464803192987279
],
[
0.200322389214494,
0.7344468296303275,
0.6484279411201815,
2.1864722424010368
],
[
0.5601649396942169,
0.45713243501413203,
-0.6908293401379424,
0.0324223130369774
],
[
0.0,
0.0,
0.0,
1.0
]
],
"at_element": 21,
"to_element": 22
},
{
"pose": [
[
0.8629684763585624,
-0.5016151825760788,
0.060560857164908166,
-0.16453846526220672
],
[
-0.4618098493941627,
-0.7344468363689727,
0.49731228373140807,
2.160032157267728
],
[
-0.20498066204869692,
-0.45713242409259797,
-0.8654552992669831,
0.015965546085102134
],
[
0.0,
0.0,
0.0,
1.0
]
],
"at_element": 22,
"to_element": 21
},
{
"pose": [
[
-0.594592932781812,
-0.5425147345146424,
0.5934113304617895,
-0.11977650307039063
],
[
0.3556504852914676,
-0.8393840405088171,
-0.4110318294865216,
2.2058640362076547
],
[
0.7210908240976776,
-0.03334959330487361,
0.6920374469842885,
0.13379620422604008
],
[
0.0,
0.0,
0.0,
1.0
]
],
"at_element": 23,
"to_element": 25
},
{
"pose": [
[
-0.8377810720941488,
0.542514732537459,
0.061649332685671805,
-0.10023186984346788
],
[
0.5435387691826693,
0.8393840421862335,
-0.00019004864732143079,
2.2361036818064
],
[
-0.05185057025885378,
0.03334958324939996,
-0.9980978527483784,
0.13499765629828736
],
[
0.0,
0.0,
0.0,
1.0
]
],
"at_element": 25,
"to_element": 23
},
{
"pose": [
[
-0.5727067653627997,
0.5655704653057362,
0.5934113326197372,
0.05152589933949593
],
[
-0.8197495405761089,
-0.3988276693331809,
-0.4110318490087131,
2.0872098455812162
],
[
0.004201384645291739,
-0.7218493879945569,
0.6920374335387834,
0.33356939921633394
],
[
0.0,
0.0,
0.0,
1.0
]
],
"at_element": 23,
"to_element": 27
},
{
"pose": [
[
-0.7352058689621215,
-0.5655704514602231,
-0.3736340384369855,
0.03114772073516721
],
[
-0.64038386556004,
0.39882764677407734,
0.6563878524919792,
2.1015800821584567
],
[
-0.22221798976237692,
0.7218494113066319,
-0.6554026185652881,
0.35957849462012637
],
[
0.0,
0.0,
0.0,
1.0
]
],
"at_element": 27,
"to_element": 23
},
{
"pose": [
[
-0.00030797560108930533,
-0.4158093949938558,
-0.9094517316415826,
0.043430770367184034
],
[
-0.2431365963657371,
-0.8821298615367918,
0.4033999292176016,
1.7919777421818839
],
[
-0.9699920106159196,
0.22124523592594014,
-0.10082680656135712,
0.3359117183114371
],
[
0.0,
0.0,
0.0,
1.0
]
],
"at_element": 24,
"to_element": 28
},
{
"pose": [
[
0.8735948676045693,
0.41580938977484205,
0.2528528399485135,
0.0583999212266812
],
[
-0.4550526800020199,
0.8821298630652472,
0.12154819254710234,
1.823734444480041
],
[
-0.1725081613081955,
-0.22124523964045342,
0.9598392981215679,
0.327946882757946
],
[
0.0,
0.0,
0.0,
1.0
]
],
"at_element": 28,
"to_element": 24
},
{
"pose": [
[
0.016096625638976736,
0.9274365229614806,
-0.3736340382247817,
0.1643006724828832
],
[
0.7110572894118666,
0.25209620437608216,
0.6563878692613244,
1.8676614033268972
],
[
0.702949806043993,
-0.2762408362575882,
-0.6554026018917081,
0.5931460532749347
],
[
0.0,
0.0,
0.0,
1.0
]
],
"at_element": 27,
"to_element": 28
},
{
"pose": [
[
-0.27554841322714796,
-0.9274365263795136,
0.2528528455546867,
0.13088401435015343
],
[
0.9600383030252143,
-0.25209620271954525,
0.12154818509073842,
1.8585780726518486
],
[
-0.04898498435712044,
0.27624082629381075,
0.9598392975889481,
0.6030993440518694
],
[
0.0,
0.0,
0.0,
1.0
]
],
"at_element": 28,
"to_element": 27
},
{
"pose": [
[
0.21704759770229298,
-0.9185221383350914,
0.330465462219571,
-0.13361880090618902
],
[
0.5367179222485563,
0.39506383913543064,
0.7455591424862062,
1.1087454668978276
],
[
-0.8153675320178355,
0.015544915435784346,
0.5787349508499018,
0.6454947997394621
],
[
0.0,
0.0,
0.0,
1.0
]
],
"at_element": 30,
"to_element": 31
},
{
"pose": [
[
-0.29358408261505065,
0.9185221389511589,
-0.26481213471377674,
-0.10055197074612979
],
[
-0.6551926801662165,
-0.39506383768876474,
-0.643930986991025,
1.0945231544496663
],
[
-0.6960825657145058,
-0.01554491579950762,
0.7177934363736527,
0.6449351822795378
],
[
0.0,
0.0,
0.0,
1.0
]
],
"at_element": 31,
"to_element": 30
},
{
"pose": [
[
0.40699339171486737,
-0.8515567835952256,
0.3304654647816968,
0.026462601121497002
],
[
0.4406749939488635,
0.4999471160117235,
0.7455591397734518,
1.4699031848364321
],
[
-0.8001011991045869,
-0.15780977632743332,
0.5787349528816172,
0.9258408955238842
],
[
0.0,
0.0,
0.0,
1.0
]
],
"at_element": 30,
"to_element": 38
},
{
"pose": [
[
-0.5143660007722484,
0.8515567836101154,
-0.10138373408569337,
0.05711864480190449
],
[
-0.8549434839716412,
-0.4999471176486927,
0.13829142695480573,
1.451905088923056
],
[
0.06707649710588368,
0.15780977106110805,
0.9851887228818877,
0.9315220473045835
],
[
0.0,
0.0,
0.0,
1.0
]
],
"at_element": 38,
"to_element": 30
},
{
"pose": [
[
0.4297796424068505,
-0.8632288189417052,
-0.26481213174843077,
0.015849883998344097
],
[
0.5875347908953514,
0.49005688899074107,
-0.6439309862401966,
1.3775719728328375
],
[
0.6856327941837347,
0.12116208854763577,
0.7177934381412103,
0.329419095841124
],
[
0.0,
0.0,
0.0,
1.0
]
],
"at_element": 31,
"to_element": 33
},
{
"pose": [
[
0.2601190729934981,
0.8632288191175064,
-0.4326361909387594,
0.046926121769760916
],
[
0.6374985951987517,
-0.4900568886550496,
-0.5945080209730984,
1.359929924674032
],
[
-0.725212802551514,
-0.12116208865287667,
-0.677780303113517,
0.32505726059507634
],
[
0.0,
0.0,
0.0,
1.0
]
],
"at_element": 33,
"to_element": 31
},
{
"pose": [
[
0.8618402551943132,
-0.4907120290264761,
0.1281915718575912,
0.10194787716269621
],
[
-0.3097783467944027,
-0.709437403845927,
-0.6330370809689414,
1.1494888204635436
],
[
0.4015828063848449,
0.505865866206715,
-0.7634336742789134,
0.3449433680151527
],
[
0.0,
0.0,
0.0,
1.0
]
],
"at_element": 32,
"to_element": 34
},
{
"pose": [
[
-0.6477840080442825,
0.49071202750279963,
-0.5827328590239073,
0.11961350939076193
],
[
0.6853216520169731,
0.7094373984079254,
-0.16441657768279117,
1.1750285656768926
],
[
0.3327312912829391,
-0.5058658753111206,
-0.7958577787500114,
0.32673219746286025
],
[
0.0,
0.0,
0.0,
1.0
]
],
"at_element": 34,
"to_element": 32
},
{
"pose": [
[
0.01516101524233826,
-0.9916335322854797,
0.12819158031572941,
0.04901147009739101
],
[
-0.768444025023272,
-0.09358337628392976,
-0.6330370700751524,
1.4108999827520743
],
[
0.6397373867633926,
-0.08891056928353869,
-0.7634336818917689,
0.6602014989494663
],
[
0.0,
0.0,
0.0,
1.0
]
],
"at_element": 32,
"to_element": 38
},
{
"pose": [
[
0.07990171555957393,
0.9916335299644516,
-0.10138371713878923,
0.08471029492111025
],
[
-0.9859602572261454,
0.09358337879833267,
0.13829144002157512,
1.4142689860435345
],
[
0.14662225963744413,
0.0889105925237756,
0.9851887227916696,
0.6634022812742524
],
[
0.0,
0.0,
0.0,
1.0
]
],
"at_element": 38,
"to_element": 32
},
{
"pose": [
[
0.4329078850394794,
-0.7908329098741035,
-0.43263618865127673,
-0.1374720551462452
],
[
-0.7964280150200246,
-0.1107367728925317,
-0.5945080184662033,
1.106538743684579
],
[
0.4222477708193477,
0.6019307898665811,
-0.6777803067725454,
0.03617377161220795
],
[
0.0,
0.0,
0.0,
1.0
]
],
"at_element": 33,
"to_element": 34
},
{
"pose": [
[
-0.18709813018769572,
0.7908329148665807,
-0.5827328637067725,
-0.10900206218066447
],
[
0.9801553713618365,
0.11073677781473856,
-0.1644165868449711,
1.1105252687394518
],
[
-0.06549608897337955,
-0.6019307824017949,
-0.795857773428365,
0.01450425707933349
],
[
0.0,
0.0,
0.0,
1.0
]
],
"at_element": 34,
"to_element": 33
},
{
"pose": [
[
0.12131456171199051,
0.9840643646262244,
-0.13000039765097882,
-0.18489009984416058
],
[
-0.6601954472210458,
0.17779206408306614,
0.729747869758923,
1.113137761803476
],
[
0.7412319128216424,
-0.002703372313960617,
0.671243579628812,
0.12966749124761826
],
[
0.0,
0.0,
0.0,
1.0
]
],
"at_element": 35,
"to_element": 37
},
{
"pose": [
[
0.1776549797943121,
-0.9840643644648617,
-0.007485635888197584,
-0.22031638883889526
],
[
-0.9837183649426411,
-0.17779206502729306,
0.026232805566848934,
1.1067372525435162
],
[
-0.027145655800876536,
0.002703368953567011,
-0.999627833329706,
0.12976481249495994
],
[
0.0,
0.0,
0.0,
1.0
]
],
"at_element": 37,
"to_element": 35
},
{
"pose": [
[
-0.929662965408447,
-0.34471244261636824,
-0.13000039482028555,
-0.22559502598134792
],
[
0.1456527464200731,
-0.6680219437307322,
0.7297478743747765,
1.3416319370548797
],
[
-0.33839628870344163,
0.659484658350497,
0.6712435751588728,
0.33984316127045705
],
[
0.0,
0.0,
0.0,
1.0
]
],
"at_element": 35,
"to_element": 39
},
{
"pose": [
[
-0.7217376582154031,
0.3447124420611472,
-0.6002233625926154,
-0.2131853813093782
],
[
0.6378274996175275,
0.6680219398600076,
-0.3833050594465527,
1.3656807205965138
],
[
0.2688323519322013,
-0.6594846625615433,
-0.7020036655179862,
0.31610171969649453
],
[
0.0,
0.0,
0.0,
1.0
]
],
"at_element": 39,
"to_element": 35
},
{
"pose": [
[
0.11407055573169056,
0.9677813733099836,
0.22447075931912736,
0.11704299982729977
],
[
0.17954043956503013,
0.20214355808754103,
-0.9627581277166684,
1.467907772108623
],
[
-0.9771147009823664,
0.1501239334614945,
-0.15069726515829585,
0.338262158546805
],
[
0.0,
0.0,
0.0,
1.0
]
],
"at_element": 36,
"to_element": 40
},
{
"pose": [
[
-0.18574629545805044,
-0.9677813722621748,
-0.1699927328621812,
0.08220287556099945
],
[
0.9756850886296417,
-0.20214356788633037,
0.08471473182365091,
1.4606306047418631
],
[
-0.11634827695062411,
-0.1501239270220669,
0.9817972728552947,
0.3328576980002463
],
[
0.0,
0.0,
0.0,
1.0
]
],
"at_element": 40,
"to_element": 36
},
{
"pose": [
[
-0.690471835009006,
-0.40370850774059314,
-0.6002233632883337,
0.02201924436928606
],
[
-0.1946892524032629,
0.9028694960425554,
-0.383305058816761,
1.515883343323112
],
[
0.6966668788294405,
-0.14780430945586628,
-0.7020036652670125,
0.5911901608276517
],
[
0.0,
0.0,
0.0,
1.0
]
],
"at_element": 39,
"to_element": 40
},
{
"pose": [
[
-0.8989560119010274,
0.4037085073703204,
-0.16999273438540777,
0.03655275336570855
],
[
-0.42148556929486725,
-0.9028694969425568,
0.0847147352405465,
1.4833800353149262
],
[
-0.1192811952622099,
0.14780430496951785,
0.9817972722967284,
0.5965111169034505
],
[
0.0,
0.0,
0.0,
1.0
]
],
"at_element": 40,
"to_element": 39
}
],
"contact_residues": [
-2.3917437730108133e-10,
1.0081272687465616e-07,
2.249257250661083e-06,
1.739086842510471e-09,
2.5840790041232014e-08,
-6.084696475635745e-12,
1.2124242582811853e-11,
2.3250072738008808e-10,
4.180502947943097e-09,
1.2708579604293786e-09,
2.8010359745248998e-09,
9.57486135751732e-10,
4.667508742407229e-13,
1.6109090847427355e-08,
-4.113110456736031e-10,
-1.2064106710118793e-11,
1.213445619535092e-09,
1.4894900484771294e-07,
2.2414779274299837e-06,
2.249855012677475e-06,
2.247113852949424e-06,
-1.845968936445501e-11,
1.873457855229324e-06,
2.247279456087372e-06,
1.3258924768187816e-09,
2.2488367537632794e-06,
1.9638054932478122e-09,
4.40924815830812e-12,
1.717043213934166e-10,
-3.0107114228940834e-11,
8.139747889151553e-10,
4.3620290449844086e-10,
-9.983747751029894e-10,
-3.167147571635702e-10,
-1.6498785773009126e-10,
2.902541263301953e-10
],
"collision_dists": [
0.07,
0.07,
0.07,
0.07,
0.07,
0.07,
0.07,
0.07,
0.07,
0.07,
0.07,
0.07,
0.07,
0.07,
0.07,
0.07,
0.07,
0.07,
0.07,
0.07,
0.07,
0.07,
0.07,
0.07,
0.07,
0.07,
0.07,
0.07,
0.07,
0.07,
0.07,
0.07,
0.07,
0.07,
0.07,
0.07,
0.07,
0.07,
0.07,
0.07,
0.07,
0.07,
0.07,
0.07,
0.07,
0.07,
0.07,
0.07,
0.07,
0.07,
0.07,
0.07,
0.07,
0.07,
0.07,
0.07,
0.07,
0.07,
0.07,
0.07,
0.07,
0.07,
0.07,
0.07,
0.07,
0.07,
0.07,
0.07,
0.07,
0.07,
0.07,
0.07,
0.07,
0.07,
0.07,
0.07,
0.07,
0.07,
0.07,
0.07,
0.07,
0.07,
0.07,
0.07,
0.07,
0.07,
0.07,
0.07,
0.07,
0.07,
0.07,
0.07,
0.07,
0.07,
0.07,
0.07,
0.07,
0.07,
0.07,
0.07,
0.07,
0.07,
0.07,
0.07,
0.07,
0.07,
0.07,
0.07,
0.07,
0.07,
0.07,
0.07,
0.07,
0.07,
0.07,
0.07,
0.07,
0.07,
0.07,
0.07,
0.025,
0.025,
0.025,
0.025,
0.025,
0.025,
0.025,
0.025,
0.025,
0.025,
0.025,
0.025,
0.025,
0.025,
0.025,
0.025,
0.025,
0.025,
0.025,
0.025,
0.025,
0.025,
0.025,
0.025,
0.025,
0.025,
0.025,
0.025,
0.025,
0.025,
0.025,
0.025,
0.025,
0.025,
0.025,
0.025,
0.025,
0.025,
0.025,
0.025,
0.025,
0.025,
0.025,
0.025,
0.025,
0.025,
0.025,
0.025,
0.025,
0.025,
0.025,
0.025,
0.025,
0.025,
0.025,
0.025,
0.025,
0.025,
0.025,
0.025,
0.025,
0.025,
0.025,
0.025,
0.025,
0.025,
0.025,
0.025,
0.025,
0.025,
0.025,
0.025,
0.025,
0.025,
0.025,
0.025,
0.025,
0.025,
0.025,
0.025,
0.025,
0.025,
0.025,
0.025,
0.025,
0.025,
0.025,
0.025,
0.025,
0.025,
0.025,
0.025,
0.025,
0.025,
0.025,
0.025,
0.025,
0.025,
0.025,
0.025,
0.025,
0.025,
0.025,
0.025,
0.025,
0.025,
0.025,
0.025,
0.025,
0.025,
0.025,
0.025,
0.025,
0.025,
0.025,
0.025,
0.025,
0.025,
0.025,
0.025,
0.025,
0.025,
0.025,
0.025,
0.025,
0.025,
0.025,
0.025,
0.025,
0.025,
0.025,
0.025,
0.025,
0.025,
0.025,
0.025,
0.025,
0.025,
0.025,
0.025,
0.025,
0.025,
0.025,
0.025,
0.025,
0.025,
0.025,
0.025,
0.025,
0.025,
0.025,
0.025,
0.025,
0.025,
0.025,
0.025,
0.025,
0.025,
0.025,
0.025,
0.025,
0.025,
0.025,
0.025,
0.025,
0.025,
0.025,
0.025,
0.025,
0.025,
0.025,
0.025,
0.025,
0.025,
0.025,
0.025,
0.025,
0.025,
0.025,
0.025,
0.025,
0.025,
0.025,
0.025,
0.025,
0.025,
0.025,
0.025,
0.025,
0.025,
0.025,
0.025,
0.025,
0.025,
0.025,
0.025,
0.025,
0.025
],
"collision_id_pairs": [
[
0,
7
],
[
0,
9
],
[
0,
12
],
[
0,
16
],
[
0,
17
],
[
0,
31
],
[
0,
33
],
[
0,
36
],
[
0,
40
],
[
0,
41
],
[
1,
7
],
[
1,
9
],
[
1,
12
],
[
1,
16
],
[
1,
17
],
[
1,
19
],
[
1,
21
],
[
1,
24
],
[
1,
28
],
[
1,
29
],
[
2,
19
],
[
2,
21
],
[
2,
24
],
[
2,
28
],
[
2,
29
],
[
2,
31
],
[
2,
33
],
[
2,
36
],
[
2,
40
],
[
2,
41
],
[
3,
8
],
[
3,
14
],
[
3,
15
],
[
3,
16
],
[
3,
20
],
[
3,
26
],
[
3,
27
],
[
3,
28
],
[
4,
8
],
[
4,
14
],
[
4,
15
],
[
4,
16
],
[
4,
32
],
[
4,
38
],
[
4,
39
],
[
4,
40
],
[
5,
20
],
[
5,
26
],
[
5,
27
],
[
5,
28
],
[
5,
32
],
[
5,
38
],
[
5,
39
],
[
5,
40
],
[
6,
13
],
[
7,
12
],
[
7,
13
],
[
7,
16
],
[
7,
17
],
[
8,
12
],
[
8,
15
],
[
8,
16
],
[
9,
11
],
[
9,
12
],
[
9,
13
],
[
9,
16
],
[
9,
17
],
[
10,
11
],
[
10,
12
],
[
10,
13
],
[
11,
17
],
[
12,
17
],
[
14,
15
],
[
14,
16
],
[
15,
17
],
[
16,
17
],
[
18,
25
],
[
19,
24
],
[
19,
25
],
[
19,
28
],
[
19,
29
],
[
20,
24
],
[
20,
27
],
[
20,
28
],
[
21,
23
],
[
21,
24
],
[
21,
25
],
[
21,
28
],
[
21,
29
],
[
22,
23
],
[
22,
24
],
[
22,
25
],
[
23,
29
],
[
24,
29
],
[
26,
27
],
[
26,
28
],
[
27,
29
],
[
28,
29
],
[
30,
37
],
[
31,
36
],
[
31,
37
],
[
31,
40
],
[
31,
41
],
[
32,
36
],
[
32,
39
],
[
32,
40
],
[
33,
35
],
[
33,
36
],
[
33,
37
],
[
33,
40
],
[
33,
41
],
[
34,
35
],
[
34,
36
],
[
34,
37
],
[
35,
41
],
[
36,
41
],
[
38,
39
],
[
38,
40
],
[
39,
41
],
[
40,
41
],
[
0,
1
],
[
0,
2
],
[
0,
3
],
[
0,
4
],
[
0,
5
],
[
0,
12
],
[
0,
15
],
[
0,
16
],
[
0,
17
],
[
0,
28
],
[
0,
32
],
[
0,
36
],
[
0,
40
],
[
0,
41
],
[
1,
2
],
[
1,
3
],
[
1,
4
],
[
1,
5
],
[
1,
8
],
[
1,
12
],
[
1,
16
],
[
1,
17
],
[
1,
24
],
[
1,
27
],
[
1,
28
],
[
1,
29
],
[
1,
40
],
[
2,
3
],
[
2,
4
],
[
2,
5
],
[
2,
16
],
[
2,
20
],
[
2,
24
],
[
2,
28
],
[
2,
29
],
[
2,
36
],
[
2,
39
],
[
2,
40
],
[
2,
41
],
[
3,
4
],
[
3,
5
],
[
3,
8
],
[
3,
14
],
[
3,
16
],
[
3,
26
],
[
3,
27
],
[
3,
28
],
[
3,
38
],
[
3,
40
],
[
4,
5
],
[
4,
14
],
[
4,
15
],
[
4,
16
],
[
4,
26
],
[
4,
28
],
[
4,
32
],
[
4,
38
],
[
4,
40
],
[
5,
14
],
[
5,
16
],
[
5,
20
],
[
5,
26
],
[
5,
28
],
[
5,
38
],
[
5,
39
],
[
5,
40
],
[
6,
7
],
[
6,
8
],
[
6,
14
],
[
6,
15
],
[
7,
8
],
[
7,
9
],
[
7,
10
],
[
7,
11
],
[
7,
12
],
[
7,
13
],
[
7,
15
],
[
7,
16
],
[
7,
17
],
[
8,
9
],
[
8,
12
],
[
8,
14
],
[
8,
15
],
[
8,
16
],
[
8,
17
],
[
9,
10
],
[
9,
11
],
[
9,
12
],
[
9,
13
],
[
9,
15
],
[
9,
17
],
[
10,
11
],
[
10,
12
],
[
10,
13
],
[
10,
17
],
[
11,
12
],
[
11,
13
],
[
11,
17
],
[
12,
13
],
[
12,
15
],
[
12,
16
],
[
12,
17
],
[
13,
17
],
[
14,
15
],
[
14,
16
],
[
14,
26
],
[
14,
38
],
[
15,
16
],
[
15,
17
],
[
16,
17
],
[
16,
28
],
[
16,
40
],
[
18,
19
],
[
18,
20
],
[
18,
26
],
[
18,
27
],
[
19,
20
],
[
19,
21
],
[
19,
22
],
[
19,
23
],
[
19,
24
],
[
19,
25
],
[
19,
27
],
[
19,
28
],
[
19,
29
],
[
20,
21
],
[
20,
24
],
[
20,
26
],
[
20,
27
],
[
20,
28
],
[
20,
29
],
[
21,
22
],
[
21,
23
],
[
21,
24
],
[
21,
25
],
[
21,
27
],
[
21,
29
],
[
22,
23
],
[
22,
24
],
[
22,
25
],
[
22,
29
],
[
23,
24
],
[
23,
25
],
[
23,
29
],
[
24,
25
],
[
24,
27
],
[
24,
28
],
[
24,
29
],
[
25,
29
],
[
26,
27
],
[
26,
28
],
[
26,
38
],
[
27,
28
],
[
27,
29
],
[
28,
29
],
[
28,
40
],
[
30,
31
],
[
30,
32
],
[
30,
38
],
[
30,
39
],
[
31,
32
],
[
31,
33
],
[
31,
34
],
[
31,
35
],
[
31,
36
],
[
31,
37
],
[
31,
39
],
[
31,
40
],
[
31,
41
],
[
32,
33
],
[
32,
36
],
[
32,
38
],
[
32,
39
],
[
32,
40
],
[
32,
41
],
[
33,
34
],
[
33,
35
],
[
33,
36
],
[
33,
37
],
[
33,
39
],
[
33,
41
],
[
34,
35
],
[
34,
36
],
[
34,
37
],
[
34,
41
],
[
35,
36
],
[
35,
37
],
[
35,
41
],
[
36,
37
],
[
36,
39
],
[
36,
40
],
[
36,
41
],
[
37,
41
],
[
38,
39
],
[
38,
40
],
[
39,
40
],
[
39,
41
],
[
40,
41
]
],
"collision_t_pairs": [
[
[
0.11804456366644289,
0.8819554363332825
],
[
9.115464196926335e-06,
0.9999908845509434
]
],
[
[
3.234855623250593e-16,
0.9999999999999998
],
[
0.18578560042539033,
0.8142143995632828
]
],
[
[
0.07345405685893765,
