{
"line_pt_pairs": [
[
[
0.9061491146324663,
0.04007342110181322,
0.5212223752239622
],
[
0.08965253370474043,
0.04007342110181322,
1.0985726444135882
]
],
[
[
0.08965252788117271,
0.04007342110181322,
0.446416566959874
],
[
0.9061491088088985,
0.04007342110181322,
-0.13093370222975242
]
],
[
[
-0.3577794115366032,
0.7698029001802549,
0.521222375724945
],
[
0.05046887501054022,
0.06269611673238808,
1.0985726449145705
]
],
[
[
0.04540807856599756,
0.0714616734132283,
0.43925951630602567
],
[
-0.362840207981146,
0.778568456861095,
-0.13809075288360007
]
],
[
[
-0.3577794153129775,
-0.6896560635778322,
0.5212223709597722
],
[
0.050468871628439174,
0.017450719642400983,
1.0985726401493978
]
],
[
[
0.0504687985974233,
0.017450593148967172,
0.44641645529634444
],
[
-0.3577794883439936,
-0.6896561900712654,
-0.13093381389328174
]
],
[
[
0.46449836746541157,
0.03513858775761529,
0.30851983565432284
],
[
-0.1621981191627106,
-0.27592785201512005,
0.28640233816742466
]
],
[
[
0.435552728520988,
-0.01564938160834596,
0.2248291443084119
],
[
-0.21593083514615785,
0.24019963852854448,
0.2143198547725256
]
],
[
[
-0.06011632539630947,
-0.32188298073899807,
0.2406913491677181
],
[
-0.052695521092405925,
0.3730598873063979,
0.15702928000658284
]
],
[
[
-0.22536622525942074,
0.2073746458433992,
0.6214596521472113
],
[
0.4289579861018045,
-0.020123157731817498,
0.5209381330830681
]
],
[
[
0.40500704030888507,
0.14780690061748758,
0.6370964949571705
],
[
-0.16471388480363974,
-0.2585712797205485,
0.6205181345413823
]
],
[
[
-0.07996828504154381,
0.3927205847452049,
0.6021563051200963
],
[
-0.1435046188316943,
-0.2952812586792931,
0.7144799345708903
]
],
[
[
0.2575606964284875,
0.14060581422790067,
0.24939060665109952
],
[
0.8674460680457416,
0.07296639878381646,
0.5862358871073745
]
],
[
[
0.28156589423115763,
0.09502805661636918,
0.6840176252218384
],
[
0.5011518388622025,
0.3260050331619074,
0.29874934307759826
]
],
[
[
0.42170369674101793,
0.371932771025239,
0.36536806748950507
],
[
0.6864668838555233,
-0.08042881260462993,
-0.09860332430620311
]
],
[
[
0.6638333214635456,
-0.005385102707057665,
-0.15179200567212026
],
[
0.4214176273412608,
-0.31016286747125354,
0.4298824267628557
]
],
[
[
0.251385663494961,
-0.06394445809717789,
0.3394567728375428
],
[
0.5781477951278418,
0.3024333965334374,
0.24462124696773213
]
],
[
[
0.64240653492574,
0.15055146725850588,
0.6395225689545365
],
[
0.7429891120100469,
0.07229240930755854,
-0.04877872047888443
]
],
[
[
0.2518210990921388,
0.0021821832165964186,
0.5173942572491029
],
[
0.3029506391777755,
0.004345336132978647,
1.0147684533028305
]
],
[
[
0.2926354644193107,
0.04377059139478787,
0.8070578316516502
],
[
0.5427636375402759,
-0.274045046762072,
0.23571807532962055
]
],
[
[
0.3394539475358517,
-0.06636213674265244,
0.22554725340187692
],
[
0.4208912880277376,
-0.030705061649720033,
0.7175803138454061
]
],
[
[
0.17641176120197036,
0.0862564604792688,
0.4067557510303288
],
[
0.4800206872287002,
-0.3105335859100628,
0.42623084084392787
]
],
[
[
-0.06419946246342582,
0.045507121511955476,
0.13940307845985167
],
[
-0.44134792117185434,
0.7843383150880443,
0.6978719741852885
]
],
[
[
0.2070530445663425,
0.27349342610871,
0.7824377559688191
],
[
-0.5676971600768712,
0.31321678175739814,
0.15141939219379663
]
],
[
[
-0.471515566392764,
0.2464045423319564,
0.3965178155203476
],
[
-0.3503993373910537,
0.6611101777717456,
-0.1542544559375444
]
],
[
[
-0.4130483513603686,
0.6187578455744258,
-0.24062208908454152
],
[
0.21590796531129047,
0.6039995388114906,
0.5366784603172394
]
],
[
[
-0.05882456683883816,
0.22435336785002086,
0.4095578784063914
],
[
-0.3227877780586874,
0.3588270058908556,
0.3622264533848708
]
],
[
[
-0.33898778632875187,
0.6652561118890247,
0.8297997336681844
],
[
-0.38381256112840684,
0.7428948551058003,
-0.16617364203815443
]
],
[
[
-0.05723076868440469,
0.25663331923907534,
0.5292914384162875
],
[
-0.06037747159239969,
0.1758625303961016,
1.0227143583647762
]
],
[
[
-0.1640334305391627,
0.23478902653994038,
0.7690439700652049
],
[
-0.010820677072981788,
0.5963749751370149,
0.18957744475725824
]
],
[
[
-0.02457226444103515,
0.2671785738240648,
0.1279967239967824
],
[
0.09511748935083641,
0.23838009957326112,
0.817086711384545
]
],
[
[
0.006041084302661398,
0.01688060469514409,
0.354562187562971
],
[
0.13836853636835666,
0.7042313918138863,
0.360754188616481
]
],
[
[
-0.028288194218803825,
0.10201385727067581,
0.27576004265849363
],
[
-0.29894650413540186,
-0.7412763668667055,
0.7400936265692597
]
],
[
[
0.028708713861455237,
-0.028276471544371934,
0.610023259688258
],
[
0.13873367372071438,
-0.39809838312685863,
0.2920197032278874
]
],
[
[
0.2559870061102431,
-0.5005458521652497,
0.5140302546508663
],
[
-0.3752597796217828,
-0.674822109987276,
-0.24171790542796345
]
],
[
[
-0.35981679612317585,
-0.7054243959971731,
0.010544763324112583
],
[
-0.3895244896175772,
-0.1325921306903165,
0.4117687017558289
]
],
[
[
-0.03216780303704704,
0.07359817295383085,
0.33710311193810183
],
[
0.15760652687435212,
-0.5998755335316533,
0.3166367888833056
]
],
[
[
-0.3764551377940474,
-0.5992076963489009,
0.7949425102521753
],
[
-0.3099131446512643,
-0.6971166792502265,
-0.19802576427416296
]
],
[
[
-0.1090164286403587,
-0.18368749619427,
0.4608788247046939
],
[
-0.06644727609167268,
-0.11426408924733496,
1.1561257289187052
]
],
[
[
0.07937650331892766,
-0.04809220503887002,
0.6622443068312911
],
[
-0.415998908876282,
-0.29390257726786717,
0.23308179460886025
]
],
[
[
-0.0820868938607479,
-0.051284457959120996,
0.12366323710640886
],
[
-0.1763244688922408,
-0.043320628727409646,
0.8172451406161182
]
],
[
[
0.026742262714423315,
-0.03146491767613162,
0.29644106920274976
],
[
-0.432444333028648,
-0.22840821666544797,
0.31544126059899613
]
]
],
"contact_id_pairs": [
[
1,
7
],
[
1,
16
],
[
1,
21
],
[
6,
16
],
[
6,
20
],
[
12,
16
],
[
5,
6
],
[
5,
8
],
[
5,
36
],
[
6,
36
],
[
8,
40
],
[
32,
36
],
[
32,
40
],
[
36,
41
],
[
40,
41
],
[
3,
31
],
[
7,
8
],
[
7,
22
],
[
8,
22
],
[
8,
30
],
[
22,
26
],
[
30,
31
],
[
9,
11
],
[
11,
28
],
[
11,
29
],
[
23,
28
],
[
23,
30
],
[
9,
18
],
[
9,
20
],
[
10,
13
],
[
10,
18
],
[
18,
19
],
[
19,
20
],
[
10,
38
],
[
10,
39
],
[
11,
38
],
[
11,
40
],
[
33,
39
],
[
38,
39
],
[
0,
12
],
[
12,
17
],
[
0,
18
],
[
13,
14
],
[
14,
16
],
[
1,
14
],
[
1,
17
],
[
14,
15
],
[
15,
19
],
[
15,
21
],
[
2,
27
],
[
22,
27
],
[
2,
28
],
[
23,
24
],
[
23,
26
],
[
3,
25
],
[
3,
27
],
[
24,
25
],
[
25,
29
],
[
25,
31
],
[
4,
32
],
[
4,
37
],
[
4,
38
],
[
33,
36
],
[
34,
36
],
[
5,
37
],
[
34,
37
],
[
35,
37
],
[
35,
39
],
[
35,
41
]
],
"coupler_pt_pairs": [
[
[
0.3815011768757046,
0.04007342110181322,
0.24004840817570766
],
[
0.36999170609847787,
0.010097581602136356,
0.2237715585068169
]
],
[
[
0.31494171379664293,
0.04007342110181322,
0.2871130558710479
],
[
0.3348297350896418,
0.029616138351772087,
0.31523896531237183
]
],
[
[
0.18106842019778113,
0.04007342110181322,
0.3817757695945808
],
[
0.1997924249386958,
0.05569999835505615,
0.40825551104112046
]
],
[
[
0.28271416997094995,
-0.055091634252709465,
0.30210427147448504
],
[
0.2736352790539438,
-0.038997361644720396,
0.33299931100929175
]
],
[
[
0.3363720108011504,
-0.028458082175933555,
0.30399797470250167
],
[
0.3523864941213997,
-0.06069966321443504,
0.3036838973219924
]
],
[
[
0.39061585667746423,
0.12584931459716722,
0.3228781911317259
],
[
0.4037922642987235,
0.10693949089346559,
0.29522410713350766
]
],
[
[
-0.07629440113358592,
-0.20210971184102117,
0.267146217480163
],
[
-0.06452042825325201,
-0.2274446512875934,
0.2898495987302526
]
],
[
[
-0.08984024517386062,
-0.2255718022200951,
0.24798950095932776
],
[
-0.05911527990487302,
-0.22813715530376494,
0.22940557289492977
]
],
[
[
-0.011822826539052367,
-0.09044166771466396,
0.3583227934459904
],
[
0.011946279810161872,
-0.08295448038547065,
0.33234560299978266
]
],
[
[
0.03915679305907495,
-0.17598352966446745,
0.29350859591749023
],
[
0.0385190726044891,
-0.17725636654268462,
0.32947984469595526
]
],
[
[
-0.05721489054757656,
-0.050169649858588336,
0.2079806033994281
],
[
-0.0928849814396626,
-0.05037193314639314,
0.20313639985221776
]
],
[
[
-0.04864922065292178,
0.03857499758598558,
0.310690831885579
],
[
-0.02403461746941564,
0.04473501410445295,
0.336225983807182
]
],
[
[
-0.07934506906643067,
-0.05706407182478365,
0.3633517433847242
],
[
-0.11400058320416613,
-0.04858749581848937,
0.35854573907474163
]
],
[
[
0.0009363444253642494,
-0.04388227291027012,
0.33353297588895525
],
[
-0.0008089330301609549,
-0.043281515615490596,
0.29758108068652456
]
],
[
[
-0.10591373801460462,
-0.04927089895244556,
0.2990271290289081
],
[
-0.09167233890944308,
-0.08225246789756421,
0.30134082044945776
]
],
[
[
0.003504245531463751,
0.14404124218935838,
0.37999854674462263
],
[
0.029596929756289324,
0.1392371426700486,
0.3556644367001551
]
],
[
[
-0.053732082008971435,
0.17650134378725646,
0.21693633468720439
],
[
-0.05484023346326519,
0.17221204048292627,
0.18120874457044212
]
],
[
[
-0.12291528914099074,
0.2036708024532899,
0.21582031826665343
],
[
-0.13271885014963236,
0.17973612289954988,
0.2408643091591452
]
],
[
[
-0.055704488149080994,
0.0912763891052757,
0.1909523427488124
],
[
-0.0866022909215141,
0.08939410582007885,
0.17257644184296267
]
],
[
[
-0.05383003237349236,
0.26681526863435906,
0.16981974817893614
],
[
-0.0183854192874294,
0.26568996101298287,
0.16361625627756277
]
],
[
[
-0.21186281532106666,
0.33477859729333004,
0.3580580608822397
],
[
-0.2280053627785344,
0.31054097335580005,
0.3792219534830066
]
],
[
[
0.01624484908976294,
0.2573575945357888,
0.36299314897942525
],
[
0.05105793586035172,
0.2507124201556607,
0.3566686619786692
]
],
[
[
-0.10752217449798758,
0.1664022009191014,
0.6033556865755145
],
[
-0.10040271847499939,
0.1714467555377025,
0.6382816147200688
]
],
[
[
-0.09368861781486727,
0.2441502521915278,
0.6264119944625506
],
[
-0.05784808253657432,
0.24078786821897713,
0.6260901551582715
]
],
[
[
-0.08517937101892915,
0.33629245071836483,
0.6113687990655811
],
[
-0.12021109887570068,
0.33821083057250184,
0.6033033663267313
]
],
[
[
-0.06031046457198193,
0.287201813273156,
0.5646755881649289
],
[
-0.0574195708588844,
0.2517870719084969,
0.5588968136131968
]
],
[
[
0.07022495537044716,
0.28050894003472704,
0.6709940461828782
],
[
0.06950299770017994,
0.2445431858432151,
0.6696163626762706
]
],
[
[
0.26651845958420534,
0.0363544031697932,
0.5458931441893206
],
[
0.254888871497277,
0.0023119723915793547,
0.5472367090123266
]
],
[
[
0.40091551990060914,
-0.01037325186430818,
0.5252461981858172
],
[
0.3897703197367315,
-0.044331276560651944,
0.5295517610991942
]
],
[
[
0.3272400678348798,
0.09233623178407134,
0.6348335468341678
],
[
0.3064728449165927,
0.12122705662047635,
0.6403178423411438
]
],
[
[
0.24252143854908081,
0.03190699197144579,
0.6323683118246688
],
[
0.26343240083625064,
0.002673426071288662,
0.6303458281109193
]
],
[
[
0.2790493274064849,
0.0033341361069891273,
0.7822630228420021
],
[
0.3046923173191286,
0.028451020029806567,
0.7795177136719729
]
],
[
[
0.37963054450521466,
-0.06676632473515799,
0.6083447189409982
],
[
0.40186963339043535,
-0.039033631365987864,
0.6026541277818496
]
],
[
[
-0.07833790897054967,
-0.19695986554080686,
0.6230315968270506
],
[
-0.09918896983002952,
-0.16766049938094524,
0.6213826145407213
]
],
[
[
0.06818850056524299,
-0.09244354350671517,
0.6272953819903495
],
[
0.04758851699563699,
-0.06386573064829047,
0.634705168365493
]
],
[
[
-0.13075256473343355,
-0.15719591123023413,
0.6919360307315479
],
[
-0.09498114844387685,
-0.16079822285061512,
0.6901054952431804
]
],
[
[
-0.12062343615121184,
-0.04751285712344151,
0.6740291038180958
],
[
-0.15620482973309624,
-0.045020899244913246,
0.6691660159011142
]
],
[
[
0.03531021145301078,
-0.05046578623932112,
0.5909430463006358
],
[
0.025782306089211553,
-0.07468619667840541,
0.6158136206134905
]
],
[
[
-0.10719203638827217,
-0.18071220732511561,
0.4906751205995801
],
[
-0.12145465590562769,
-0.14774669088710063,
0.48825665483335723
]
],
[
[
0.8390794261718525,
0.04007342110181322,
0.5686478067465315
],
[
0.8413081235478593,
0.07586523087427721,
0.5717996608021054
]
],
[
[
0.6615845903804853,
0.09579749239540719,
0.47253670623439176
],
[
0.6672751783431031,
0.1312022254436974,
0.4693428039612048
]
],
[
[
0.2964456624942458,
0.04007342110181322,
0.9523478207437459
],
[
0.29654886835562383,
0.004074494478609095,
0.952493775872623
]
],
[
[
0.4879766821843398,
0.3121464145691751,
0.32186544000625267
],
[
0.4567041323722674,
0.31213271852383173,
0.3040332534986772
]
],
[
[
0.49490919522318827,
0.24685739485715136,
0.23708264613603797
],
[
0.5169176542122866,
0.2337798853224891,
0.26239194941661087
]
],
[
[
0.6251156486353158,
0.04007342110181322,
0.06778696319930771
],
[
0.6065221997690219,
0.05616081033460109,
0.041491855641304476
]
],
[
[
0.741867973911311,
0.04007342110181322,
-0.014769397722646238
],
[
0.7386784301350051,
0.07564636893402771,
-0.019280093788880626
]
],
[
[
0.6641956146510614,
-0.0423771985695547,
-0.059575119960777356
],
[
0.6317618501021699,
-0.0457070438652413,
-0.07483677812784939
]
],
[
[
0.47980552661749576,
-0.2367545285634962,
0.2897811503354217
],
[
0.512907781773073,
-0.2361098644314356,
0.30391446099054353
]
],
[
[
0.431806871375073,
-0.2971009632670737,
0.40495352251564243
],
[
0.4552675079633715,
-0.278183367233987,
0.42464304039394385
]
],
[
[
-0.3192467118484107,
0.7030623057137695,
0.5757158427416447
],
[
-0.3504230851326463,
0.6850626191478073,
0.5757158436134135
]
],
[
[
-0.38097092257061566,
0.6660601969860649,
0.6084677224709317
],
[
-0.3489561484952535,
0.6825218118060001,
0.6083100917991879
]
],
[
[
-0.030375015260338215,
0.20272184395427523,
0.9842421177616089
],
[
-0.060110040334987264,
0.18272705947750528,
0.9807794456081061
]
],
[
[
-0.432467266837765,
0.30628321128361563,
0.2615614037141536
],
[
-0.44583604532323046,
0.3343320000369016,
0.27974099489114823
]
],
[
[
-0.27082827493705397,
0.2979955811242609,
0.39321309167776286
],
[
-0.2542680257316735,
0.3239202462310927,
0.3745127773190726
]
],
[
[
-0.26961582053944166,
0.6170990792420684,
-0.0062515585547571195
],
[
-0.2417120849411747,
0.6147374818187813,
-0.028874833369142372
]
],
[
[
-0.35059274825845865,
0.7573552340863885,
-0.12077022907298474
],
[
-0.3817691352196239,
0.7393555396240475,
-0.12077022820121563
]
],
[
[
-0.35559003291969843,
0.6433370791100405,
-0.13064993001792047
],
[
-0.336782715936716,
0.6169682910167918,
-0.14636861114987543
]
],
[
[
-0.033717994969262075,
0.6098569511629686,
0.22817627832498105
],
[
-0.01738693793581811,
0.5808784344828546,
0.2144117244133131
]
],
[
[
0.0909961938560508,
0.6069305631013706,
0.3823052773071473
],
[
0.11865039080948044,
0.6018090851886,
0.35983151704555705
]
],
[
[
-0.2715428727480816,
-0.5402899886680099,
0.6431792600794806
],
[
-0.2388854050792089,
-0.5541439721486507,
0.6370545386987441
]
],
[
[
-0.3309065029324274,
-0.643110813451904,
0.5592264084367162
],
[
-0.3603926979962552,
-0.6228417516159421,
0.5552518671349312
]
],
[
[
-0.04720028374489628,
-0.1517172217427072,
0.9604475948031317
],
[
-0.07842097206231717,
-0.13379125195225916,
0.9605692154064972
]
],
[
[
0.12757582865286554,
-0.3605940241394846,
0.3242690620874455
],
[
0.09292637515026289,
-0.37033773704462014,
0.32361225748876177
]
],
[
[
0.1125168872640602,
-0.5401554565021635,
0.3422633945336207
],
[
0.13851242521010104,
-0.5321141275193779,
0.31869600338973614
]
],
[
[
-0.3453381947040179,
-0.6681072371270392,
-0.11333916754235196
],
[
-0.31585458887111334,
-0.6883745191035933,
-0.10936497525152689
]
],
[
[
-0.3170907186447929,
-0.6587626440268511,
-0.17207610795584827
],
[
-0.3119094044533525,
-0.694179409751703,
-0.1682367159219076
]
],
[
[
-0.36142781720001566,
-0.6743602255971001,
0.032302770941498915
],
[
-0.32550825078309115,
-0.6741702523776645,
0.0346911246466004
]
],
[
[
-0.3813845867450826,
-0.289548072177582,
0.3018334121121069
],
[
-0.3677522922254002,
-0.26996211008725224,
0.27487966890457854
]
],
[
[
-0.3843959236247676,
-0.2314826108950646,
0.34250369986230206
],
[
-0.39397641187167975,
-0.21190947874899263,
0.31384953760147405
]
]
],
"half_couplers": [
{
"pose": [
[
-0.4807461509309243,
0.3197131084244662,
0.8164965809277259,
0.38150117687570456
],
[
0.5537593476369537,
0.8326767589555358,
9.71445146547012e-16,
0.04007342110181322
],
[
-0.6798777267051749,
0.4521426140023411,
-0.577350269189626,
0.24004840817570777
],
[
0.0,
0.0,
0.0,
1.0
]
],
"at_element": 1,
"to_element": 7
},
{
"pose": [
[
0.17775869414899792,
-0.31971310842446615,
-0.93069080523878,
0.36999170609847787
],
[
0.4160050340445341,
-0.8326767589555351,
0.36549860019555713,
0.010097581602136356
],
[
-0.8918192968892572,
-0.45214261400234246,
-0.015013270765551923,
0.22377155850681688
],
[
0.0,
0.0,
0.0,
1.0
]
],
"at_element": 7,
"to_element": 1
},
{
"pose": [
[
-0.1677116661662359,
-0.5524546410023896,
0.8164965809277256,
0.31494171379664293
],
[
-0.9568795070933618,
0.2904851268219508,
1.6653345369377348e-16,
0.04007342110181322
],
[
-0.23718011286047963,
-0.7812888459015372,
-0.5773502691896262,
0.2871130558710479
],
[
0.0,
0.0,
0.0,
1.0
]
],
"at_element": 1,
"to_element": 16
},
{
"pose": [
[
-0.5173972428974323,
0.5524546410023896,
0.6535242632657613,
0.33482973508964187
],
[
0.6153758702129173,
-0.29048512682195127,
0.7327557092612308,
0.029616138351772098
],
[
0.5946533707983418,
0.7812888459015369,
-0.18967105173962162,
0.31523896531237183
],
[
0.0,
0.0,
0.0,
1.0
]
],
"at_element": 16,
"to_element": 1
},
{
"pose": [
[
0.25061570274953227,
-0.520120277309674,
0.8164965809277254,
0.18106842019778113
],
[
-0.9008747463471682,
-0.43407913033676815,
5.551115123125783e-17,
0.04007342110181322
],
[
0.35442412577205173,
-0.7355611502365949,
-0.5773502691896262,
0.38177576959458087
],
[
0.0,
0.0,
0.0,
1.0
]
],
"at_element": 1,
"to_element": 21
},
{
"pose": [
[
0.6006341459481723,
0.5201202773096741,
0.6072178520534598,
0.19979242493869578
],
[
0.42638708347167753,
0.43407913033676815,
-0.7935800927786633,
0.05569999835505615
],
[
-0.6763376950678014,
0.7355611502365952,
0.038950179627198045,
0.40825551104112046
],
[
0.0,
0.0,
0.0,
1.0
]
],
"at_element": 21,
"to_element": 1
},
{
"pose": [
[
-0.36724620564524457,
0.2521957598211314,
-0.8952806951830321,
0.2827141699709499
],
[
0.776307625287742,
-0.4470708312550906,
-0.4443806282467646,
-0.055091634252709444
],
[
-0.512324794792598,
-0.8582103300293726,
-0.03159642498128301,
0.30210427147448504
],
[
0.0,
0.0,
0.0,
1.0
]
],
"at_element": 6,
"to_element": 16
},
{
"pose": [
[
-0.7136549138422477,
-0.25219575982113107,
0.6535242632657616,
0.2736352790539438
],
[
0.5130270386499648,
0.44707083125509106,
0.7327557092612308,
-0.03899736164472044
],
[
-0.476969518484003,
0.8582103300293723,
-0.18967105173962162,
0.33299931100929175
],
[
0.0,
0.0,
0.0,
1.0
]
],
"at_element": 16,
"to_element": 6
},
{
"pose": [
[
-0.024420028506654923,
-0.4448327090495058,
-0.8952806951830314,
0.3363720108011503
],
[
-0.02186563817244494,
0.8955711870679637,
-0.4443806282467657,
-0.028458082175933586
],
[
0.9994626336562293,
0.00872409613405592,
-0.031596424981283455,
0.30399797470250167
],
[
0.0,
0.0,
0.0,
1.0
]
],
"at_element": 6,
"to_element": 20
},
{
"pose": [
[
-0.8806791125342486,
0.4448327090495066,
0.16287468098377184,
0.35238649412139966
],
[
-0.4391657328127357,
-0.8955711870679632,
0.07131415018586496,
-0.06069966321443504
],
[
0.17758873801269404,
-0.00872409613405705,
0.9840661208870582,
0.3036838973219924
],
[
0.0,
0.0,
0.0,
1.0
]
],
"at_element": 20,
"to_element": 6
},
{
"pose": [
[
0.3269983259441007,
-0.3660187347548754,
0.8712648165960772,
0.39061585667746423
],
[
0.8454231523676106,
0.525283517739649,
-0.09662773634869126,
0.12584931459716722
],
[
-0.4222934859438019,
0.7681845558194335,
0.48120754350896444,
0.3228781911317259
],
[
0.0,
0.0,
0.0,
1.0
]
],
"at_element": 12,
"to_element": 16
},
{
"pose": [
[
0.6625226963141593,
0.36601873475487556,
0.6535242632657615,
0.40379226429872356
],
[
-0.43260408751666857,
-0.52528351773965,
0.7327557092612312,
0.1069394908934656
],
[
0.6114878415246593,
-0.768184555819433,
-0.18967105173962095,
0.29522410713350766
],
[
0.0,
0.0,
0.0,
1.0
]
],
"at_element": 16,
"to_element": 12
},
{
"pose": [
[
-0.8522691134299054,
-0.32706374684883827,
-0.40824828694141674,
-0.0762944011335859
],
[
0.06863826855892419,
0.7037675647635149,
-0.7071067832202325,
-0.20210971184102117
],
[
0.518580896661876,
-0.6306667267931858,
-0.5773502691896257,
0.26714621748016293
],
[
0.0,
0.0,
0.0,
1.0
]
],
"at_element": 5,
"to_element": 6
},
{
"pose": [
[
0.30249261533099725,
0.3270637468488381,
-0.8952806951830319,
-0.06452042825325188
],
[
-0.554289700450804,
-0.7037675647635153,
-0.4443806282467652,
-0.22744465128759336
],
[
-0.7754103079301768,
0.6306667267931858,
-0.03159642498128279,
0.2898495987302526
],
[
0.0,
0.0,
0.0,
1.0
]
],
"at_element": 6,
"to_element": 5
},
{
"pose": [
[
0.32388508764041934,
-0.8534821534241689,
-0.4082482869414168,
-0.08984024517386062
],
[
-0.7035068636816336,
0.07126071762736275,
-0.7071067832202323,
-0.2255718022200951
],
[
0.6325950859412277,
0.5162268144039758,
-0.5773502691896264,
0.24798950095932779
],
[
0.0,
0.0,
0.0,
1.0
]
],
"at_element": 5,
"to_element": 8
},
{
"pose": [
[
0.5210142315006424,
0.853482153424169,
0.010601149005576349,
-0.059115279904873
],
[
0.09653323540206854,
-0.07126071762736297,
0.9927755257791371,
-0.2281371553037649
],
[
0.8480716390946015,
-0.5162268144039757,
-0.11951724165876443,
0.22940557289492977
],
[
0.0,
0.0,
0.0,
1.0
]
],
"at_element": 8,
"to_element": 5
},
{
"pose": [
[
0.6303542606720223,
-0.660292997283802,
-0.4082482869414168,
-0.011822826539052353
],
[
-0.6758255253327817,
-0.20799003926295323,
-0.7071067832202325,
-0.09044166771466397
],
[
0.3819860800622161,
0.7216323865413528,
-0.5773502691896264,
0.3583227934459904
],
[
0.0,
0.0,
0.0,
1.0
]
],
"at_element": 5,
"to_element": 36
},
{
"pose": [
[
-0.7003674705995802,
0.660292997283802,
0.2711061855877135,
0.011946279810161872
],
[
-0.17633361829288416,
0.20799003926295279,
-0.9621052949792631,
-0.08295448038547062
],
[
-0.691658775109292,
-0.7216323865413529,
-0.029237604363995473,
0.3323456029997826
],
[
0.0,
0.0,
0.0,
1.0
]
],
"at_element": 36,
"to_element": 5
},
{
"pose": [
[
-0.4451501595663627,
0.017714747264051645,
-0.8952806951830315,
0.03915679305907488
],
[
0.8951400608484985,
0.03535715914997206,
-0.4443806282467653,
-0.1759835296644675
],
[
0.023782491505052072,
-0.9992177235348731,
-0.03159642498128212,
0.29350859591749023
],
[
0.0,
0.0,
0.0,
1.0
]
],
"at_element": 6,
"to_element": 36
},
{
"pose": [
[
0.9623864212806887,
-0.017714747264051117,
0.2711061855877131,
0.03851907260448911
],
[
0.270376168827263,
-0.03535715914997084,
-0.9621052949792632,
-0.17725636654268467
],
[
0.02662899669232928,
0.9992177235348734,
-0.029237604363994807,
0.32947984469595526
],
[
0.0,
0.0,
0.0,
1.0
]
],
"at_element": 36,
"to_element": 6
},
{
"pose": [
[
-0.13426775773530464,
0.9908883816416938,
0.01060114900557646,
-0.05721489054757656
],
[
0.11985482521731411,
0.005619278075080891,
0.992775525779137,
-0.05016964985858835
],
[
0.9836701632685931,
0.1345683426420191,
-0.11951724165876465,
0.2079806033994281
],
[
0.0,
0.0,
0.0,
1.0
]
],
"at_element": 8,
"to_element": 40
},
{
"pose": [
[
-0.004036786118385205,
-0.9908883816416939,
-0.13462510718784698,
-0.09288498143966262
],
[
0.9999194917018462,
-0.005619278075081002,
0.01137689890244472,
-0.05037193314639314
],
[
-0.012029732854720726,
-0.13456834264201883,
0.9908312907281563,
0.20313639985221776
],
[
0.0,
0.0,
0.0,
1.0
]
],
"at_element": 40,
"to_element": 8
},
{
"pose": [
[
-0.6776412338377393,
-0.6837736741612364,
-0.270658309916598,
-0.048649220652921765
],
[
0.5094894079755656,
-0.17112025314098034,
-0.8432902241373811,
0.0385749975859856
],
[
0.5303045364350314,
-0.7093457700508335,
0.46433358391076607,
0.310690831885579
],
[
0.0,
0.0,
0.0,
1.0
]
],
"at_element": 32,
"to_element": 36
},
{
"pose": [
[
0.6774621750770472,
0.6837736741612364,
0.27110618558771304,
-0.024034617469415653
],
[
0.2122999301409017,
0.17112025314098056,
-0.962105294979263,
0.044735014104452984
],
[
-0.7042540315838061,
0.7093457700508334,
-0.029237604363994585,
0.336225983807182
],
[
0.0,
0.0,
0.0,
1.0
]
],
"at_element": 36,
"to_element": 32
},
{
"pose": [
[
0.0032472105418280828,
0.9626700031146644,
-0.27065830991659773,
-0.07934506906643067
],
[
-0.4831335612549159,
-0.23546456179957986,
-0.8432902241373811,
-0.05706407182478365
],
[
-0.8755406430388251,
0.13350245405888217,
0.4643335839107663,
0.3633517433847242
],
[
0.0,
0.0,
0.0,
1.0
]
],
"at_element": 32,
"to_element": 40
},
{
"pose": [
[
0.2348244996116734,
-0.9626700031146643,
-0.13462510718784673,
-0.11400058320416613
],
[
0.9718163439188988,
0.23546456179957964,
0.011376898902444428,
-0.04858749581848936
],
[
0.020747242569356367,
-0.1335024540588822,
0.9908312907281563,
0.3585457390747417
],
[
0.0,
0.0,
0.0,
1.0
]
],
"at_element": 40,
"to_element": 32
},
{
"pose": [
[
0.9613277453916422,
0.04848094549719974,
0.2711061855877131,
0.0009363444253642425
],
[
0.2721670631786519,
-0.016688052420001265,
-0.9621052949792631,
-0.04388227291027011
],
[
-0.04211954013198259,
0.9986846883927504,
-0.029237604363994585,
0.3335329758889552
],
[
0.0,
0.0,
0.0,
1.0
]
],
"at_element": 36,
"to_element": 41
},
{
"pose": [
[
-0.3927343619843502,
-0.04848094549719972,
-0.9183731914861426,
-0.0008089330301609583
],
[
0.9190075390546295,
0.016688052420001265,
-0.3938865979786327,
-0.043281515615490596
],
[
0.034421854649324124,
-0.9986846883927504,
0.038000382792492404,
0.29758108068652456
],
[
0.0,
0.0,
0.0,
1.0
]
],
"at_element": 41,
"to_element": 36
},
{
"pose": [
[
0.9085018668525483,
-0.3956013630412506,
-0.13462510718784695,
-0.10591373801460463
],
[
0.40062660978345876,
0.9161707732212242,
0.011376898902444324,
-0.04927089895244556
],
[
0.11883887183429045,
-0.06427033417626525,
0.9908312907281563,
0.2990271290289081
],
[
0.0,
0.0,
0.0,
1.0
]
],
"at_element": 40,
"to_element": 41
},
{
"pose": [
[
-0.009499616806061484,
0.39560136304125026,
-0.9183731914861424,
-0.09167233890944307
],
[
-0.07405715514413677,
-0.9161707732212241,
-0.3938865979786329,
-0.08225246789756421
],
[
-0.9972087519935307,
0.06427033417626501,
0.03800038279249274,
0.30134082044945776
],
[
0.0,
0.0,
0.0,
1.0
]
],
"at_element": 41,
"to_element": 40
},
{
"pose": [
[
-0.5550007575258571,
-0.7247809984243831,
-0.4082482865471434,
0.003504245531463751
],
[
-0.694400903612912,
0.13344430247703754,
0.7071067834478665,
0.14404124218935835
],
[
-0.4580191526642695,
0.6759327795419977,
-0.5773502691896255,
0.3799985467446226
],
[
0.0,
0.0,
0.0,
1.0
]
],
"at_element": 3,
"to_element": 31
},
{
"pose": [
[
0.6625380582800409,
0.7247809984243834,
0.18903921723670764,
0.02959692975628931
],
[
-0.1341890102718336,
-0.13344430247703776,
0.9819296958839172,
0.13923714267004855
],
[
0.7369101918502545,
-0.6759327795419974,
0.008845715790728459,
0.3556644367001551
],
[
0.0,
0.0,
0.0,
1.0
]
],
"at_element": 31,
"to_element": 3
},
{
"pose": [
[
-0.36450947576612736,
0.030780953862664773,
-0.9306908052387795,
-0.05373208200897128
],
[
-0.9231552641567528,
0.11914332341664624,
0.36549860019555835,
0.1765013437872564
],
[
0.12213599115895085,
0.9923998193090026,
-0.015013270765550812,
0.21693633468720436
],
[
0.0,
0.0,
0.0,
1.0
]
],
"at_element": 7,
"to_element": 8
},
{
"pose": [
[
0.9994699337744313,
-0.030780953862665543,
0.010601149005576524,
-0.05484023346326519
],
[
-0.014199433058893396,
-0.1191433234166468,
0.9927755257791372,
0.17221204048292627
],
[
-0.029295521530431683,
-0.9923998193090026,
-0.11951724165876332,
0.18120874457044212
],
[
0.0,
0.0,
0.0,
1.0
]
],
"at_element": 8,
"to_element": 7
},
{
"pose": [
[
0.24426651543454647,
0.27230221167199037,
-0.930690805238779,
-0.12291528914099037
],
[
0.6514934810562392,
0.6648059998197298,
0.3654986001955591,
0.20367080245328975
],
[
0.7182549084960632,
-0.6956180619580201,
-0.01501327076555281,
0.21582031826665343
],
[
0.0,
0.0,
0.0,
1.0
]
],
"at_element": 7,
"to_element": 22
},
{
"pose": [
[
-0.8852177955804992,
-0.27230221167199176,
-0.3771484587084287,
-0.13271885014963222
],
[
-0.11027896446116067,
-0.6648059998197271,
0.7388311935760881,
0.17973612289954957
],
[
-0.4519159262351523,
0.6956180619580221,
0.5584688957254376,
0.240864309159145
],
[
0.0,
0.0,
0.0,
1.0
]
],
"at_element": 22,
"to_element": 7
},
{
"pose": [
[
-0.5130246414280906,
0.8583084136412391,
0.010601149005577015,
-0.055704488149080994
],
[
0.10799415022016162,
0.05228784688799992,
0.9927755257791372,
0.09127638910527555
],
[
0.8515532753772979,
0.5104631702096406,
-0.11951724165876354,
0.1909523427488124
],
[
0.0,
0.0,
0.0,
1.0
]
],
"at_element": 8,
"to_element": 22
},
{
"pose": [
[
0.34794497721122164,
-0.8583084136412387,
-0.37714845870842806,
-0.0866022909215141
],
[
0.6718589498300589,
-0.05228784688799948,
0.7388311935760884,
0.08939410582007888
],
[
-0.6538653105699467,
-0.5104631702096415,
0.5584688957254376,
0.17257644184296272
],
[
0.0,
0.0,
0.0,
1.0
]
],
"at_element": 22,
"to_element": 8
},
{
"pose": [
[
-0.17480550281112794,
-0.9845459114874786,
0.010601149005576294,
-0.05383003237349235
],
[
-0.11584347939667178,
0.031257698175501725,
0.9927755257791371,
0.266815268634359
],
[
-0.9777644524466113,
0.17231455097599563,
-0.1195172416587642,
0.16981974817893614
],
[
0.0,
0.0,
0.0,
1.0
]
],
"at_element": 8,
"to_element": 30
},
{
"pose": [
[
-0.03785966142978214,
0.9845459114874787,
0.17098536255981667,
-0.018385419287429407
],
[
-0.9986643084437913,
-0.03125769817550106,
-0.04114067750114796,
0.26568996101298287
],
[
-0.03516027697425676,
-0.17231455097599557,
0.9844142676968038,
0.16361625627756277
],
[
0.0,
0.0,
0.0,
1.0
]
],
"at_element": 30,
"to_element": 8
},
{
"pose": [
[
0.8103615016619927,
0.448411949793911,
-0.3771484587084285,
-0.21186281532106663
],
[
-0.028699979838418932,
0.6732791238083997,
0.7388311935760888,
0.33477859729333
],
[
0.5852269199049156,
-0.587896202340019,
0.5584688957254369,
0.3580580608822397
],
[
0.0,
0.0,
0.0,
1.0
]
],
"at_element": 22,
"to_element": 26
},
{
"pose": [
[
-0.1572976025065358,
-0.44841194979391075,
-0.8798773707328307,
-0.22800536277853437
],
[
-0.5880231533801668,
-0.6732791238083999,
0.44824546013611605,
0.3105409733558
],
[
-0.7934016859917432,
0.5878962023400192,
-0.1577714167384019,
0.3792219534830066
],
[
0.0,
0.0,
0.0,
1.0
]
],
"at_element": 26,
"to_element": 22
},
{
"pose": [
[
0.18893092994332106,
-0.966989715302619,
0.17098536255981658,
0.016244849089762946
],
[
0.9819559570044856,
0.184580451722688,
-0.04114067750114819,
0.2573575945357888
],
[
0.008222056564933605,
0.1756728417849738,
0.9844142676968038,
0.36299314897942525
],
[
0.0,
0.0,
0.0,
1.0
]
],
"at_element": 30,
"to_element": 31
},
{
"pose": [
[
0.1708656338925203,
0.9669897153026188,
0.18903921723670786,
0.05105793586035171
],
[
-0.04176277269490364,
-0.18458045172268744,
0.9819296958839172,
0.25071242015566064
],
[
0.984408861180831,
-0.17567284178497422,
0.008845715790728237,
0.3566686619786692
],
[
0.0,
0.0,
0.0,
1.0
]
],
"at_element": 31,
"to_element": 30
},
{
"pose": [
[
-0.29518316739184325,
-0.19776612808085198,
0.9347488733731786,
-0.1075221744979875
],
[
-0.9352758477995575,
-0.14012896934706842,
-0.3249968622503098,
0.16640220091910138
],
[
0.19525876730978675,
-0.9701816482152381,
-0.14360217009163234,
0.6033556865755145
],
[
0.0,
0.0,
0.0,
1.0
]
],
"at_element": 9,
"to_element": 11
},
{
"pose": [
[
0.9760379383670907,
0.19776612808085145,
-0.09076619112878637,
-0.10040271847499938
],
[
-0.1197937061807908,
0.14012896934706898,
-0.9828597763207113,
0.17144675553770244
],
[
-0.18165739959492289,
0.9701816482152384,
0.16046232778684855,
0.6382816147200687
],
[
0.0,
0.0,
0.0,
1.0
]
],
"at_element": 11,
"to_element": 9
},
{
"pose": [
[
0.023774286868408878,
-0.9955884098521192,
-0.09076619112878676,
-0.09368861781486726
],
[
0.15894297110870081,
0.09340124210062872,
-0.9828597763207112,
0.2441502521915278
],
[
0.9870014768069182,
0.008940142179439226,
0.16046232778684877,
0.6264119944625506
],
[
0.0,
0.0,
0.0,
1.0
]
],
"at_element": 11,
"to_element": 28
},
{
"pose": [
[
-0.09361683188061964,
0.9955884098521192,
-0.006293405815990263,
-0.057848082536574315
],
[
-0.9824360165694225,
-0.09340124210062917,
-0.16154157768594762,
0.24078786821897713
],
[
-0.16141673437361198,
-0.0089401421794391,
0.9868458398969772,
0.6260901551582715
],
[
0.0,
0.0,
0.0,
1.0
]
],
"at_element": 28,
"to_element": 11
},
{
"pose": [
[
0.2116527465373107,
0.9731210682290183,
-0.09076619112878559,
-0.08517937101892913
],
[
-0.17648487703030563,
-0.05328928851466719,
-0.9828597763207111,
0.3362924507183649
],
[
-0.9612784211989838,
0.22404383119919824,
0.16046232778684955,
0.6113687990655811
],
[
0.0,
0.0,
0.0,
1.0
]
],
"at_element": 11,
"to_element": 29
},
{
"pose": [
[
0.07161677482822604,
-0.9731210682290183,
0.21887536209454336,
-0.1202110988757007
],
[
-0.854596366265383,
0.053289288514666744,
0.5165513551386771,
0.33821083057250184
],
[
-0.5143307188271048,
-0.2240438311991984,
-0.8278093218684957,
0.6033033663267313
],
[
0.0,
0.0,
0.0,
1.0
]
],
"at_element": 29,
"to_element": 11
},
{
"pose": [
[
-0.6271470245870892,
-0.08030398468855504,
-0.7747502046432136,
-0.06031046457198197
],
[
-0.1750395054632184,
0.9837597402532794,
0.03972335564868866,
0.287201813273156
],
[
0.7589781163371926,
0.16052427697996519,
-0.6310183637750224,
0.564675588164929
],
[
0.0,
0.0,
0.0,
1.0
]
],
"at_element": 23,
"to_element": 28
},
{
"pose": [
[
-0.9967505520873194,
0.08030398468855478,
-0.006293405815989943,
-0.05741957085888439
],
[
-0.07823740879869752,
-0.9837597402532798,
-0.1615415776859488,
0.2517870719084969
],
[
-0.019163631651904156,
-0.1605242769799643,
0.9868458398969769,
0.5588968136131968
],
[
0.0,
0.0,
0.0,
1.0
]
],
"at_element": 28,
"to_element": 23
},
{
"pose": [
[
-0.6319493082548095,
0.020054730154405523,
-0.7747502046432136,
0.07022495537044716
],
[
-0.01699452003216141,
0.9990661846468856,
0.039723355648682186,
0.280508940034727
],
[
0.7748233721856511,
0.03826965499647474,
-0.6310183637750226,
0.6709940461828782
],
[
0.0,
0.0,
0.0,
1.0
]
],
"at_element": 23,
"to_element": 30
},
{
"pose": [
[
-0.9850694460740941,
-0.020054730154403223,
0.1709853625598166,
0.06950299770018002
],
[
0.013198611664192523,
-0.9990661846468858,
-0.041140677501142114,
0.2445431858432151
],
[
0.17165075898875515,
-0.03826965499647482,
0.9844142676968041,
0.669616362676271
],
[
0.0,
0.0,
0.0,
1.0
]
],
"at_element": 30,
"to_element": 23
},
{
"pose": [
[
-0.14792626181566004,
0.32305164415742815,
0.934748873373179,
0.26651845958420534
],
[
0.01150411211440372,
0.9456451210321517,
-0.3249968622503092,
0.0363544031697932
],
[
-0.9889314821916149,
-0.03732211509640959,
-0.143602170091633,
0.5458931441893206
],
[
0.0,
0.0,
0.0,
1.0
]
],
"at_element": 9,
"to_element": 18
},
{
"pose": [
[
-0.9408404305352254,
-0.32305164415742776,
0.10225908017127339,
0.254888871497277
],
[
0.3251716287530761,
-0.9456451210321519,
0.004326305832764679,
0.0023119723915793525
],
[
0.09530318003279784,
0.03732211509640973,
0.9947483921074547,
0.5472367090123266
],
[
0.0,
0.0,
0.0,
1.0
]
],
"at_element": 18,
"to_element": 9
},
{
"pose": [
[
-0.17433279644465594,
0.3096007425885137,
0.9347488733731788,
0.40091551990060914
],
[
-0.06733994261547079,
0.9433145666510183,
-0.3249968622503095,
-0.010373251864308194
],
[
-0.9823814983051804,
-0.11960354732466094,
-0.14360217009163323,
0.5252461981858171
],
[
0.0,
0.0,
0.0,
1.0
]
],
"at_element": 9,
"to_element": 20
},
{
"pose": [
[
-0.9368133317171976,
-0.30960074258851383,
0.16287468098377217,
0.3897703197367315
],
[
0.3241479913978628,
-0.943314566651019,
0.07131415018586636,
-0.044331276560651944
],
[
0.13156314525601692,
0.11960354732465946,
0.9840661208870581,
0.5295517610991943
],
[
0.0,
0.0,
0.0,
1.0
]
],
"at_element": 20,
"to_element": 9
},
{
"pose": [
[
-0.06943301695287607,
0.5768595574239633,
-0.8138870358750353,
0.32724006783487986
],
[
0.13764912059411671,
-0.8025121362792442,
-0.5805402576257658,
0.09233623178407135
],
[
-0.9880444199308492,
-0.15233949630070767,
-0.02368337202255466,
0.6348335468341678
],
[
0.0,
0.0,
0.0,
1.0
]
],
"at_element": 10,
"to_element": 13
},
{
"pose": [
[
-0.6887387768164326,
-0.5768595574239637,
0.43917188926208983,
0.30647284491659277
],
[
-0.37758815705481696,
0.8025121362792436,
0.46195395309107556,
0.12122705662047636
],
[
-0.6189233239758795,
0.1523394963007084,
-0.7705365642884803,
0.6403178423411438
],
[
0.0,
0.0,
0.0,
1.0
]
],
"at_element": 13,
"to_element": 10
},
{
"pose": [
[
0.013383089026250516,
-0.5808689919101068,
-0.8138870358750359,
0.24252143854908087
],
[
-0.059481896893383235,
0.8120559791158337,
-0.580540257625765,
0.03190699197144581
],
[
0.9981396680174976,
0.05618096670190825,
-0.023683372022554217,
0.6323683118246689
],
[
0.0,
0.0,
0.0,
1.0
]
],
"at_element": 10,
"to_element": 18
},
{
"pose": [
[
-0.8075483234827885,
0.5808689919101062,
0.10225908017127378,
0.26343240083625064
],
[
-0.5835635097057261,
-0.8120559791158346,
0.004326305832763153,
0.0026734260712886608
],
[
0.08555311437974028,
-0.05618096670190606,
0.9947483921074547,
0.6303458281109193
],
[
0.0,
0.0,
0.0,
1.0
]
],
"at_element": 18,
"to_element": 10
},
{
"pose": [
[
-0.6943685194751099,
-0.7123169517037127,
0.1022590801712733,
0.2790493274064849
],
[
0.7163744032776287,
-0.6977026568721543,
0.004326305832764339,
0.0033341361069891265
],
[
0.0682647309418673,
0.07625983811330819,
0.9947483921074547,
0.7822630228420021
],
[
0.0,
0.0,
0.0,
1.0
]
],
"at_element": 18,
"to_element": 19
},
{
"pose": [
[
-0.604088335826128,
0.7123169517037128,
0.3573259616013792,
0.3046923173191286
],
[
0.5541432280295256,
0.6977026568721539,
-0.45402234022408494,
0.02845102002980663
],
[
-0.5727150821724857,
-0.07625983811330883,
-0.8161996518886145,
0.779517713671973
],
[
0.0,
0.0,
0.0,
1.0
]
],
"at_element": 19,
"to_element": 18
},
{
"pose": [
[
0.7005129219378352,
-0.6177376493008706,
0.35732596160138014,
0.3796305445052147
],
[
-0.44771538828054225,
-0.7703341130147687,
-0.4540223402240827,
-0.06676632473515806
],
[
0.5557270708674534,
0.1580681845343461,
-0.816199651888615,
0.6083447189409981
],
[
0.0,
0.0,
0.0,
1.0
]
],
"at_element": 19,
"to_element": 20
},
{
"pose": [
[
0.7693322006329062,
0.6177376493008698,
0.1628746809837712,
0.4018696333904353
],
[
-0.6336399974031125,
0.7703341130147696,
0.07131415018586285,
-0.039033631365987864
],
[
-0.08141448741049284,
-0.158068184534345,
0.9840661208870586,
0.6026541277818496
],
[
0.0,
0.0,
0.0,
1.0
]
],
"at_element": 20,
"to_element": 19
},
{
"pose": [
[
0.0458679838132281,
0.5792098245847191,
-0.8138870358750337,
-0.07833790897054953
],
[
-0.023563386748263637,
-0.8138905184856,
-0.5805402576257679,
-0.19695986554080677
],
[
-0.998669562400828,
0.04580614613542733,
-0.023683372022553772,
0.6230315968270506
],
[
0.0,
0.0,
0.0,
1.0
]
],
"at_element": 10,
"to_element": 38
},
{
"pose": [
[
0.8129069743858283,
-0.5792098245847211,
0.06081307506955165,
-0.09918896983002949
],
[
0.5724912980148021,
0.8138905184855985,
0.09917629563847814,
-0.16766049938094524
],
[
-0.10693906999878637,
-0.04580614613543045,
0.9932098631628736,
0.6213826145407213
],
[
0.0,
0.0,
0.0,
1.0
]
],
"at_element": 38,
"to_element": 10
},
{
"pose": [
[
-0.10069228746904901,
0.5722315580940966,
-0.8138870358750363,
0.0681885005652428
],
[
0.18107549152671426,
-0.7938417195160317,
-0.5805402576257641,
-0.09244354350671535
],
[
-0.9783009402083844,
-0.20583092157650199,
-0.02368337202255355,
0.6272953819903495
],
[
0.0,
0.0,
0.0,
1.0
]
],
"at_element": 10,
"to_element": 39
},
{
"pose": [
[
-0.41441675886502694,
-0.5722315580940963,
-0.7076791602788716,
0.04758851699563695
],
[
-0.4964913009472801,
0.7938417195160332,
-0.35115767461285113,
-0.06386573064829049
],
[
0.7627287447418533,
0.20583092157649824,
-0.6130893031749014,
0.634705168365493
],
[
0.0,
0.0,
0.0,
1.0
]
],
"at_element": 39,
"to_element": 10
},
{
"pose": [
[
0.06603518869906444,
-0.9936804578945143,
-0.09076619112878637,
-0.13075256473343355
],
[
0.15483284181441637,
0.1000672333307624,
