{
"line_pt_pairs": [
[
[
-0.019203503108150333,
0.6941721016743247,
-0.09601751554075161
],
[
0.17324658662172493,
0.5017220119444497,
0.8662329331086248
]
],
[
[
-0.01858500900256621,
-0.01858500900256621,
-0.09292504501283089
],
[
0.1738650807273091,
0.1738650807273091,
0.8693254036365454
]
],
[
[
0.6229011202575907,
0.5399748788529396,
0.5167184273984463
],
[
0.2979938652889376,
0.5399748788529396,
1.1367468748657659
]
],
[
[
0.5315602333447715,
0.1349937197132348,
0.6910264720381616
],
[
0.3458989447912554,
0.1349937197132349,
1.045328442019487
]
],
[
[
0.6205396464669446,
0.7188997948312557,
-0.04407630136587498
],
[
0.509136307301425,
0.4614587895820862,
0.8110923514968627
]
],
[
[
0.10264040559014792,
0.036926255414853615,
0.6967728339359275
],
[
0.09448797797384673,
0.635484760871859,
0.656014356670001
]
],
[
[
0.034694750486850445,
0.21856057867645615,
0.648941212285588
],
[
0.6344178217803347,
0.23545389936047112,
0.6420962524918795
]
],
[
[
0.5622792664865364,
0.6326854017331097,
0.7099668606557955
],
[
0.5418297203846744,
0.034305159090353976,
0.7489912284152416
]
],
[
[
0.5261716592777079,
0.4444466537138473,
0.6585475675817605
],
[
0.031762360411734414,
0.3966460504631947,
0.7157712298529766
]
],
[
[
0.12423588913102507,
0.5612512076607673,
0.46480239286802105
],
[
0.40184647432939813,
0.6677239545229848,
1.2074974293139578
]
],
[
[
0.21909521634831639,
0.1894521067528505,
0.613400965910277
],
[
0.37088186271737184,
0.1685537899758227,
1.08934641902431
]
],
[
[
0.5781498377264017,
0.19536577929730675,
0.7799430662226852
],
[
0.7173586524558596,
0.7482961415261633,
-0.16074227990910467
]
],
[
[
0.41382269407831673,
0.5739384071878647,
0.6908663034442657
],
[
0.6980921030512803,
0.019034265278648488,
-0.09097274419543772
]
],
[
[
0.1298210945481295,
0.1156686656112923,
0.8011831904126481
],
[
0.659976963854017,
0.11110439280165305,
-0.046704727683982095
]
],
[
[
0.5299690023510162,
0.05360276335009101,
0.791667978833861
],
[
-0.05657415567287494,
-0.18951597921893676,
0.01910057026227513
]
],
[
[
0.06835166126452158,
0.6477738007450374,
0.7360042034022355
],
[
-0.020361436938166277,
-0.17348872351170758,
0.009603589099962118
]
],
[
[
0.20866492796631234,
0.16527924888736936,
0.8614362460276805
],
[
0.06895273135599228,
0.675403756725437,
0.012758752146000474
]
],
[
[
0.5104614598140098,
0.4972102992945977,
0.819316641742626
],
[
-0.054341209969302695,
0.6333279607545885,
0.005394086185707081
]
],
[
[
0.16079678341053386,
0.5351608315341135,
0.8801527674599754
],
[
0.7415157714703888,
0.7692518081128179,
-0.1435497633521577
]
],
[
[
0.7369925078453707,
0.02863314348791307,
-0.09595024178650152
],
[
0.4266363013855821,
0.1639642468812031,
0.8449878632800559
]
],
[
[
0.22863751048065484,
-0.02115792574667419,
1.0737981384905515
],
[
0.5966719619748023,
0.5594712728884139,
0.49291916985269696
]
],
[
[
0.4641431473524367,
0.09717864939082169,
0.6559318641421801
],
[
0.21568392484714102,
0.45732888811687833,
1.0664922376533463
]
],
[
[
0.2554576454686575,
0.0001773067980652132,
1.0005697492675265
],
[
0.016623990498013053,
0.4693688588619138,
0.7127889772807938
]
],
[
[
0.04173444844148033,
-0.019953469443914296,
0.6665889856772753
],
[
0.34574279444105094,
0.6724515656648706,
1.1545994291296748
]
]
],
"contact_id_pairs": [
[
0,
17
],
[
16,
17
],
[
0,
5
],
[
0,
9
],
[
0,
18
],
[
5,
8
],
[
5,
15
],
[
8,
22
],
[
9,
18
],
[
1,
15
],
[
14,
15
],
[
1,
5
],
[
1,
13
],
[
1,
16
],
[
1,
23
],
[
5,
6
],
[
5,
23
],
[
6,
10
],
[
13,
23
],
[
4,
18
],
[
11,
18
],
[
2,
4
],
[
2,
7
],
[
2,
17
],
[
2,
20
],
[
4,
7
],
[
4,
17
],
[
4,
20
],
[
8,
20
],
[
12,
17
],
[
3,
7
],
[
3,
19
],
[
6,
11
],
[
7,
11
],
[
7,
14
],
[
19,
21
],
[
2,
23
],
[
9,
23
],
[
21,
23
],
[
3,
10
],
[
10,
20
],
[
20,
22
],
[
12,
13
],
[
12,
19
]
],
"coupler_pt_pairs": [
[
[
0.026568382033149596,
0.6484002165330249,
0.13284191016574792
],
[
0.028898849454930264,
0.6132670742985025,
0.12534918823448865
]
],
[
[
0.09569771258150661,
0.5777510770323593,
0.17522032809337545
],
[
0.07586432432706836,
0.6019483767232838,
0.19302992236689004
]
],
[
[
0.13103762654836285,
0.5439309720178116,
0.6551881327418144
],
[
0.09573495046981784,
0.543930928238985,
0.6622486592017582
]
],
[
[
0.09668603359754113,
0.5782825649686334,
0.48343016798770566
],
[
0.12770602144600474,
0.562582116996545,
0.47408608082359527
]
],
[
[
0.17132208572442617,
0.5036465128417483,
0.856610428622131
],
[
0.17000576750270752,
0.5388730230135705,
0.8639189943008392
]
],
[
[
0.09768288987037466,
0.4009114803892787,
0.6719874814900104
],
[
0.10157508788215994,
0.40339570200760133,
0.7076910016935078
]
],
[
[
0.0954088436038584,
0.5678739851411598,
0.6606182713089673
],
[
0.05970185667474537,
0.5676981355315783,
0.6651778711592515
]
],
[
[
0.041650546389053855,
0.39760206252820773,
0.7146267566075524
],
[
0.043279442451801264,
0.417003906884361,
0.7449072586924284
]
],
[
[
0.22712077380203782,
0.6007109288154828,
0.7400515989307934
],
[
0.24035617507530954,
0.5672316542103911,
0.7399039512998433
]
],
[
[
0.03714173035868101,
0.03714173035868101,
0.18570865179340518
],
[
0.0020739595565130164,
0.03420721689862338,
0.19330910864585
]
],
[
[
-0.04179930003592136,
-0.1833918871125742,
0.03856132396012241
],
[
-0.019554954227232746,
-0.16602270056391882,
0.016207231048164628
]
],
[
[
0.13658523440886042,
0.13658523440886042,
0.682926172044302
],
[
0.10128304075805941,
0.1365851918070316,
0.6899866192948279
]
],
[
[
0.15008214561570027,
0.15008214561570027,
0.7504107280785013
],
[
0.15825536841971014,
0.11542386631620233,
0.7557077393775988
]
],
[
[
0.17194057983001035,
0.17194057983001035,
0.8597028991500517
],
[
0.20726780600020914,
0.17038049396575006,
0.8529494710888638
]
],
[
[
0.15936406915617643,
0.15936406915617643,
0.7968203457808821
],
[
0.12560885614720702,
0.17107767485333553,
0.801228667243244
]
],
[
[
0.10010818991392836,
0.22284378844784944,
0.6841128926363267
],
[
0.09976729868298276,
0.22039357706691715,
0.6481985045302968
]
],
[
[
0.1025045317965429,
0.046902230505803666,
0.6960935259814953
],
[
0.07144633242023463,
0.047717890043981304,
0.7142840896672776
]
],
[
[
0.22813076801874538,
0.22400938802267173,
0.6467334236810822
],
[
0.22912146432660585,
0.1880716710468934,
0.644839483403167
]
],
[
[
0.13512265324118838,
0.11562302288319593,
0.7927043112316818
],
[
0.1107219122555182,
0.13717138562270415,
0.7773313493378853
]
],
[
[
0.6048151901053513,
0.6825622857130533,
0.07662979473922815
],
[
0.6104199806388635,
0.7164063831618668,
0.08754840221913596
]
],
[
[
0.7160931177765009,
0.7432695018695373,
-0.15219059494427017
],
[
0.7366764465698901,
0.767301049974662,
-0.1350189089287233
]
],
[
[
0.5521557264972626,
0.5399748788529396,
0.6517235896036191
],
[
0.5313197292774878,
0.5127222660286854,
0.6408051120904263
]
],
[
[
0.5272230338966145,
0.5399748788529396,
0.699303255640474
],
[
0.5591108996574524,
0.5399748788430263,
0.7160131323783616
]
],
[
[
0.4855175423180756,
0.5399748788529396,
0.77889086348505
],
[
0.48063261632915744,
0.5043990620898796,
0.7763310649785983
]
],
[
[
0.6182595880437528,
0.5399748788529396,
0.5255759766479795
],
[
0.5865192828209583,
0.5434539083803813,
0.5089434245708444
]
],
[
[
0.5216627840737111,
0.49040611554775015,
0.714934997985615
],
[
0.5573849186544098,
0.48947043604253715,
0.7193068640373945
]
],
[
[
0.5103741221810418,
0.4643192451959659,
0.8015904775761655
],
[
0.5048134331161767,
0.4985714759091976,
0.8111774161870569
]
],
[
[
0.545783532106437,
0.5461465418888383,
0.529776206914367
],
[
0.5749193534504183,
0.5251532909591143,
0.5272519143920437
]
],
[
[
0.5070790033817976,
0.44260073279048484,
0.6607573797664303
],
[
0.5065601215645299,
0.41730641448308226,
0.6351451834964504
]
],
[
[
0.4265151669757428,
0.549162242185453,
0.6559576196074475
],
[
0.40459131169257173,
0.5227250458630616,
0.6667499027269452
]
],
[
[
0.5133828696750639,
0.13499371971323482,
0.7257147789405883
],
[
0.5452707353371253,
0.13499371970332158,
0.7424246556267151
]
],
[
[
0.4501951448174692,
0.13499371971323484,
0.8462974570535362
],
[
0.42973986345018,
0.16261093584727015,
0.8355784822293904
]
],
[
[
0.5964648127643863,
0.23438481867486918,
0.6425294304588437
],
[
0.5957968457337066,
0.2654588014144603,
0.6606957192224001
]
],
[
[
0.5481331098785537,
0.218750511375012,
0.7369623164523605
],
[
0.5838082614959492,
0.21784075195346134,
0.7417070081644253
]
],
[
[
0.5421705461530387,
0.04427816313439992,
0.7483408222859175
],
[
0.513203603416208,
0.04665360257319101,
0.7695853739452945
]
],
[
[
0.47314527688979413,
0.14368396621766172,
0.7039819276207986
],
[
0.4405121279912725,
0.1314326294944662,
0.6949803648882631
]
],
[
[
0.3227064031834847,
0.5399748788529396,
1.0895873354297763
],
[
0.29677967530581034,
0.5609338699502939,
1.076001213664777
]
],
[
[
0.37557088806839434,
0.6576464070741903,
1.1372020279991633
],
[
0.34211222529197716,
0.6641826336036013,
1.1487714455110059
]
],
[
[
0.2496793005644958,
0.40805141490927244,
1.010317409400102
],
[
0.23964492057699105,
0.43080457457234456,
0.9842854520461977
]
],
[
[
0.3517336421829439,
0.1349937197132349,
1.0341939465291994
],
[
0.3536057108040642,
0.1709324082799291,
1.0351749477708128
]
],
[
[
0.3135883149335846,
0.17644209068940553,
0.909695545823225
],
[
0.3382849271832651,
0.1518272158181409,
0.9007385836868074
]
],
[
[
0.26074146261296416,
0.029490843475677875,
1.0231275816225582
],
[
0.25147708455248013,
0.007997165999129363,
0.9957734030677476
]
],
[
[
0.6563180032660115,
0.10057881514464972,
0.023920456976365967
],
[
0.6272271053171887,
0.11138634627513791,
0.0056727163479142195
]
],
[
[
0.6917605267246989,
0.03139373069255991,
-0.07355872267579072
],
[
0.7259808669945558,
0.03343477940011286,
-0.06256514343764114
]
]
],
"half_couplers": [
{
"pose": [
[
0.9791690476400964,
-0.06473746292951146,
0.19245008972987468,
0.02656838203314917
],
[
0.10234991045558789,
0.9759546397208764,
-0.19245008972985062,
0.6484002165330253
],
[
-0.1753638274369028,
0.20813842053005144,
0.9622504486493814,
0.13284191016574592
],
[
0.0,
0.0,
0.0,
1.0
]
],
"at_element": 0,
"to_element": 17
},
{
"pose": [
[
0.8226828095317742,
0.06473746292950747,
-0.5648026697833122,
0.028898849454929362
],
[
0.17024841686770883,
-0.9759546397208774,
0.13611766145997028,
0.6132670742985028
],
[
-0.542409874038946,
-0.2081384205300475,
-0.8139225555569223,
0.12534918823448726
],
[
0.0,
0.0,
0.0,
1.0
]
],
"at_element": 17,
"to_element": 0
},
{
"pose": [
[
0.8227831731732939,
0.5509159210453123,
-0.13971219661032,
0.09569771258150661
],
[
0.5366656504429947,
-0.6721331461381495,
0.5101245078380674,
0.5777510770323595
],
[
0.1871305148218295,
-0.4947005981411669,
-0.8486774938816799,
0.17522032809337534
],
[
0.0,
0.0,
0.0,
1.0
]
],
"at_element": 16,
"to_element": 17
},
{
"pose": [
[
-0.6144018165211085,
-0.550915921045312,
-0.5648026697833122,
0.07586432432706833
],
[
-0.727811112927727,
0.6721331461381493,
0.13611766145999007,
0.6019483767232838
],
[
0.3046332085549195,
0.4947005981411673,
-0.813922555556919,
0.19302992236688993
],
[
0.0,
0.0,
0.0,
1.0
]
],
"at_element": 17,
"to_element": 16
},
{
"pose": [
[
-0.03774135268700629,
0.9805807224600727,
0.1924500897298751,
0.13103762654836287
],
[
-0.9813067629245629,
1.2160175387743166e-06,
-0.19245008972987523,
0.5439309720178116
],
[
-0.1887130820475113,
-0.19611590128850662,
0.9622504486493764,
0.6551881327418145
],
[
0.0,
0.0,
0.0,
1.0
]
],
"at_element": 0,
"to_element": 5
},
{
"pose": [
[
-0.1956446520142987,
-0.9805807224600722,
-0.01358737936050125,
0.09573495046981784
],
[
-0.06927632962242564,
-1.2160175395514727e-06,
0.9975975090950087,
0.5439309282389851
],
[
-0.9782249027152439,
0.1961159012885076,
-0.06793079544321157,
0.6622486592017582
],
[
0.0,
0.0,
0.0,
1.0
]
],
"at_element": 5,
"to_element": 0
},
{
"pose": [
[
0.469601954977643,
-0.8616478206576864,
0.1924500897298705,
0.09668603359754137
],
[
0.8790718849665101,
0.43611418691025516,
-0.1924500897298671,
0.5782825649686332
],
[
0.08189398599776808,
0.25955240151357967,
0.9622504486493788,
0.48343016798770694
],
[
0.0,
0.0,
0.0,
1.0
]
],
"at_element": 0,
"to_element": 9
},
{
"pose": [
[
-0.37033073099759006,
0.8616478206576847,
0.34701323149795427,
0.12770602144600546
],
[
-0.8899950670509378,
-0.4361141869102585,
0.13309093357776391,
0.5625821169965453
],
[
0.2660149061684086,
-0.2595524015135794,
0.9283687955574264,
0.47408608082359716
],
[
0.0,
0.0,
0.0,
1.0
]
],
"at_element": 9,
"to_element": 0
},
{
"pose": [
[
-0.9806253436217844,
0.03656362139641678,
0.19245008972987515,
0.17132208572442637
],
[
-0.07425292665889682,
-0.9784934674516519,
-0.1924500897298627,
0.5036465128417482
],
[
0.1812744833925779,
-0.20301141776960033,
0.9622504486493788,
0.856610428622132
],
[
0.0,
0.0,
0.0,
1.0
]
],
"at_element": 0,
"to_element": 18
},
{
"pose": [
[
-0.8743411500464233,
-0.03656362139642043,
0.4839324900498796,
0.1700057675027074
],
[
0.06705192777715385,
0.9784934674516521,
0.19507581381557781,
0.5388730230135705
],
[
-0.4806574584013702,
0.20301141776959702,
-0.853085442343446,
0.8639189943008393
],
[
0.0,
0.0,
0.0,
1.0
]
],
"at_element": 18,
"to_element": 0
},
{
"pose": [
[
0.9940456427581803,
-0.10811402885652727,
-0.013587379360501972,
0.09768288987037464
],
[
0.006130885952092303,
-0.06900450771417721,
0.997597509095009,
0.4009114803892787
],
[
-0.10879187630939474,
-0.9917407598155549,
-0.06793079544321068,
0.6719874814900104
],
[
0.0,
0.0,
0.0,
1.0
]
],
"at_element": 5,
"to_element": 8
},
{
"pose": [
[
0.10270899446414461,
0.1081140288565286,
-0.988818597731947,
0.10157508788215992
],
[
-0.9930250687825655,
0.06900450771417799,
-0.09560120650130655,
0.40339570200760133
],
[
0.05789710895671568,
0.9917407598155548,
0.1144473245424309,
0.7076910016935078
],
[
0.0,
0.0,
0.0,
1.0
]
],
"at_element": 8,
"to_element": 5
},
{
"pose": [
[
0.12602868904865971,
0.9919335424607789,
-0.013587379360499585,
0.09540884360385839
],
[
0.06910387789227718,
0.004885069874943415,
0.9975975090950087,
0.5678739851411595
],
[
0.9896168064442546,
-0.1266648468736562,
-0.06793079544321334,
0.6606182713089674
],
[
0.0,
0.0,
0.0,
1.0
]
],
"at_element": 5,
"to_element": 15
},
{
"pose": [
[
0.09779419057829164,
-0.9919335424607788,
-0.08064827109335326,
0.0597018566747454
],
[
-0.6652526959909731,
-0.004885069874940751,
-0.7466022947788593,
0.5676981355315782
],
[
0.7401858866297564,
0.1266648468736578,
-0.6603641948202479,
0.6651778711592514
],
[
0.0,
0.0,
0.0,
1.0
]
],
"at_element": 15,
"to_element": 5
},
{
"pose": [
[
-0.14209317212109251,
-0.04524722329592795,
-0.988818597731947,
0.0416505463890539
],
[
0.8369005540439074,
-0.5389414364812708,
-0.0956012065013046,
0.39760206252820773
],
[
-0.5285896263431267,
-0.84112711098116,
0.11444732454243256,
0.7146267566075523
],
[
0.0,
0.0,
0.0,
1.0
]
],
"at_element": 8,
"to_element": 22
},
{
"pose": [
[
-0.9162445288840841,
0.04524722329592848,
-0.39805609161774086,
0.0432794424518012
],
[
-0.31311363560028493,
0.5389414364812714,
0.7819859201064145,
0.41700390688436106
],
[
0.24991161335791284,
0.8411271109811598,
-0.47963461997788803,
0.7449072586924286
],
[
0.0,
0.0,
0.0,
1.0
]
],
"at_element": 22,
"to_element": 8
},
{
"pose": [
[
0.8627986273203048,
-0.36764159974020455,
0.3470132314979662,
0.2271207738020378
],
[
0.3427301698684632,
0.9299585120107947,
0.13309093357777205,
0.6007109288154828
],
[
-0.37163767214335547,
0.00410122897822271,
0.9283687955574207,
0.7400515989307934
],
[
0.0,
0.0,
0.0,
1.0
]
],
"at_element": 9,
"to_element": 18
},
{
"pose": [
[
0.794134119160351,
0.3676415997402047,
0.48393249004987937,
0.24035617507530949
],
[
0.31164497878652786,
-0.9299585120107947,
0.19507581381558642,
0.5672316542103911
],
[
0.521755122622249,
-0.00410122897822314,
-0.8530854423434444,
0.7399039512998433
],
[
0.0,
0.0,
0.0,
1.0
]
],
"at_element": 18,
"to_element": 9
},
{
"pose": [
[
0.11906210324150945,
0.9740570714976983,
0.19245008972987246,
0.03714173035868121
],
[
-0.9779156601087681,
0.08151027344449668,
0.19245008972987218,
0.03714173035868121
],
[
0.17177071137344876,
-0.21111346898843567,
0.9622504486493775,
0.18570865179340612
],
[
0.0,
0.0,
0.0,
1.0
]
],
"at_element": 1,
"to_element": 15
},
{
"pose": [
[
0.2114442664982431,
-0.9740570714976988,
-0.08064827109335193,
0.002073959556513171
],
[
-0.6602583500069847,
-0.0815102734444968,
-0.7466022947788584,
0.03420721689862424
],
[
0.7206595821961116,
0.21111346898843336,
-0.6603641948202492,
0.19330910864585088
],
[
0.0,
0.0,
0.0,
1.0
]
],
"at_element": 15,
"to_element": 1
},
{
"pose": [
[
0.5236687563266329,
-0.6178496236323849,
-0.5865431580238899,
-0.04179930003592097
],
[
-0.8415139054138212,
-0.48243924385028536,
-0.24311874256902424,
-0.18339188711257406
],
[
-0.13276061404835351,
0.6208979131632555,
-0.7725674085715881,
0.038561323960123
],
[
0.0,
0.0,
0.0,
1.0
]
],
"at_element": 14,
"to_element": 15
},
{
"pose": [
[
-0.7821494096059731,
0.6178496236323859,
-0.08064827109335113,
-0.01955495422723264
],
[
0.4580801124520823,
0.4824392438502838,
-0.7466022947788561,
-0.16602270056391794
],
[
-0.4223800559080828,
-0.6208979131632554,
-0.6603641948202519,
0.016207231048165533
],
[
0.0,
0.0,
0.0,
1.0
]
],
"at_element": 15,
"to_element": 14
},
{
"pose": [
[
0.03774375027007537,
0.9805806301770971,
0.19245008972987596,
0.1365852344088604
],
[
-0.9813067629246027,
1.1833408587458294e-06,
0.19245008972987598,
0.1365852344088604
],
[
0.18871260253090624,
-0.19611636270359195,
0.962250448649376,
0.6829261720443018
],
[
0.0,
0.0,
0.0,
1.0
]
],
"at_element": 1,
"to_element": 5
},
{
"pose": [
[
-0.1956451145405913,
-0.9805806301770971,
-0.013587379360502472,
0.10128304075805941
],
[
-0.06927632962299046,
-1.1833408581907179e-06,
0.9975975090950091,
0.13658519180703158
],
[
-0.9782248102099874,
0.19611636270359228,
-0.06793079544321046,
0.6899866192948279
],
[
0.0,
0.0,
0.0,
1.0
]
],
"at_element": 5,
"to_element": 1
},
{
"pose": [
[
0.9546836004249913,
-0.22702904228873103,
0.19245008972987504,
0.15008214561570024
],
[
0.19014245923622222,
0.9627090984085295,
0.19245008972987732,
0.15008214561570024
],
[
-0.228965211932243,
-0.14713601122396186,
0.9622504486493759,
0.7504107280785011
],
[
0.0,
0.0,
0.0,
1.0
]
],
"at_element": 1,
"to_element": 13
},
{
"pose": [
[
0.8169409820776403,
0.227029042288732,
0.5301558693058879,
0.1582553684197101
],
[
0.2705002019503048,
-0.9627090984085291,
-0.004564272809641931,
0.11542386631620233
],
[
0.509349656470744,
0.1471360112239612,
-0.8478879180966299,
0.7557077393775988
],
[
0.0,
0.0,
0.0,
1.0
]
],
"at_element": 13,
"to_element": 1
},
{
"pose": [
[
0.005596976859160496,
-0.9812908013494279,
0.19245008972987124,
0.1719405798300103
],
[
0.9803494575845619,
0.04333478944931635,
0.19245008972987948,
0.1719405798300103
],
[
-0.1971892868887488,
0.18759120238001803,
0.9622504486493763,
0.8597028991500513
],
[
0.0,
0.0,
0.0,
1.0
]
],
"at_element": 1,
"to_element": 16
},
{
"pose": [
[
0.1324721302965921,
0.981290801349428,
-0.13971219661031678,
0.20726780600020916
],
[
0.859008197007663,
-0.04333478944931479,
0.5101245078380642,
0.17038049396574995
],
[
0.4945260884607874,
-0.18759120238001722,
-0.8486774938816821,
0.8529494710888639
],
[
0.0,
0.0,
0.0,
1.0
]
],
"at_element": 16,
"to_element": 1
},
{
"pose": [
[
-0.2895226178267758,
0.937624453995146,
0.1924500897298708,
0.15936406915617649
],
[
-0.9257952028174053,
-0.32537087362461325,
0.19245008972987207,
0.15936406915617649
],
[
0.24306356412883137,
-0.1224507160741031,
0.9622504486493778,
0.7968203457808822
],
[
0.0,
0.0,
0.0,
1.0
]
],
"at_element": 1,
"to_element": 23
},
{
"pose": [
[
0.08222099106850767,
-0.937624453995146,
0.3377870511106321,
0.12560885614720704
],
[
0.5497739613845943,
0.32537087362461314,
0.7693389278986515,
0.1710776748533356
],
[
-0.8312570601271324,
0.12245071607410224,
0.5422338260582206,
0.801228667243244
],
[
0.0,
0.0,
0.0,
1.0
]
],
"at_element": 23,
"to_element": 1
},
{
"pose": [
[
-0.999862847993815,
0.009469335975153625,
-0.013587379360501996,
0.10010818991392836
],
[
-0.012912000994156342,
0.06806239841322503,
0.9975975090950088,
0.2228437884478495
],
[
0.01037137560902313,
0.9976361268510824,
-0.06793079544321157,
0.6841128926363267
],
[
0.0,
0.0,
0.0,
1.0
]
],
"at_element": 5,
"to_element": 6
},
{
"pose": [
[
0.02886545232909321,
-0.009469335975153648,
0.9995384521558072,
0.09976729868298277
],
[
-0.9972836987541505,
-0.06806239841322559,
0.028155534473358335,
0.22039357706691712
],
[
0.06776437014447911,
-0.9976361268510825,
-0.011408266322847638,
0.6481985045302968
],
[
0.0,
0.0,
0.0,
1.0
]
],
"at_element": 6,
"to_element": 5
},
{
"pose": [
[
0.5055847235712085,
0.8626699661014856,
-0.013587379360501917,
0.10250453179654291
],
[
0.06546701067249205,
-0.0226556915816174,
0.9975975090950089,
0.0469022305058037
],
[
0.8602895778777239,
-0.5052595859807314,
-0.0679307954432109,
0.6960935259814954
],
[
0.0,
0.0,
0.0,
1.0
]
],
"at_element": 5,
"to_element": 23
},
{
"pose": [
[
-0.3764311858606375,
-0.8626699661014849,
0.33778705111063256,
0.0714463324202346
],
[
0.6384389819385352,
0.022655691581617732,
0.7693389278986508,
0.047717890043981304
],
[
-0.6713383861011085,
0.5052595859807326,
0.5422338260582215,
0.7142840896672775
],
[
0.0,
0.0,
0.0,
1.0
]
],
"at_element": 23,
"to_element": 5
},
{
"pose": [
[
-0.01286933944093227,
-0.02751840773605175,
0.999538452155807,
0.22813076801874538
],
[
0.052269448047877996,
0.9982360295437596,
0.02815553447335918,
0.22400938802267173
],
[
-0.9985500913339921,
0.05260766632709288,
-0.011408266322847194,
0.6467334236810823
],
[
0.0,
0.0,
0.0,
1.0
]
],
"at_element": 6,
"to_element": 10
},
{
"pose": [
[
-0.9524106221435236,
0.027518407736052644,
0.30357329273811107,
0.22912146432660588
],
[
-0.04216480456800775,
-0.9982360295437598,
-0.04179663355405559,
0.18807167104689343
],
[
0.3018876216142825,
-0.05260766632709202,
0.9518909062280663,
0.644839483403167
],
[
0.0,
0.0,
0.0,
1.0
]
],
"at_element": 10,
"to_element": 6
},
{
"pose": [
[
0.5094546163246484,
0.6777837030690719,
0.5301558693058878,
0.13512265324118838
],
[
0.8010704387032763,
-0.5985526874465266,
-0.004564272809639697,
0.11562302288319591
],
[
0.3142326306118536,
0.42701748465902034,
-0.8478879180966299,
0.7927043112316818
],
[
0.0,
0.0,
0.0,
1.0
]
],
"at_element": 13,
"to_element": 23
},
{
"pose": [
[
0.6530766876531103,
-0.6777837030690719,
0.337787051110634,
0.1107219122555182
],
[
0.22327627363940145,
0.5985526874465265,
0.76933892789865,
0.13717138562270415
],
[
-0.7236287346932437,
-0.42701748465902095,
0.5422338260582218,
0.7773313493378853
],
[
0.0,
0.0,
0.0,
1.0
]
],
"at_element": 23,
"to_element": 13
},
{
"pose": [
[
-0.9800204991198309,
-0.15568546670421346,
-0.12378148796168743,
0.6048151901053512
],
[
0.18547186912746666,
-0.9400947412748437,
-0.28604556138795245,
0.6825622857130528
],
[
-0.0718331891766056,
-0.30328849777806643,
0.9501873920697126,
0.07662979473922968
],
[
0.0,
0.0,
0.0,
1.0
]
],
"at_element": 4,
"to_element": 18
},
{
"pose": [
[
-0.8611453887301586,
0.15568546670421135,
0.48393249004987854,
0.610419980638863
],
[
0.27958416316303386,
0.9400947412748446,
0.19507581381557546,
0.7164063831618667
],
[
-0.4245719199113502,
0.3032884977780643,
-0.8530854423434473,
0.08754840221913669
],
[
0.0,
0.0,
0.0,
1.0
]
],
"at_element": 18,
"to_element": 4
},
{
"pose": [
[
0.8106107078760298,
-0.5717468845827903,
0.12655346793587033,
0.7160931177765009
],
[
-0.5493035309172675,
-0.6675287024137431,
0.5026639656625956,
0.7432695018695373
],
[
-0.20291848412242894,
-0.4769810598165277,
-0.8551684964834458,
-0.15219059494427026
],
[
0.0,
0.0,
0.0,
1.0
]
],
"at_element": 11,
"to_element": 18
},
{
"pose": [
[
-0.6625064867939023,
0.5717468845827891,
0.48393249004987804,
0.7366764465698901
],
[
0.718575575926439,
0.6675287024137423,
0.19507581381558303,
0.7673010499746621
],
[
-0.2115048383323345,
0.47698105981653016,
-0.8530854423434455,
-0.13501890892872337
],
[
0.0,
0.0,
0.0,
1.0
]
],
"at_element": 18,
"to_element": 11
},
{
"pose": [
[
0.6705168534433291,
0.5787650095915514,
-0.46415322138378856,
0.5521557264972626
],
[
-0.6534143850479351,
0.7570004236540615,
4.551914400963142e-15,
0.5399748788529396
],
[
0.351364185227928,
0.3032843917185033,
0.8857549249533144,
0.6517235896036191
],
[
0.0,
0.0,
0.0,
1.0
]
],
"at_element": 2,
"to_element": 4
},
{
"pose": [
[
-0.8060454124368435,
-0.5787650095915523,
-0.12378148796168698,
0.5313197292774877
],
[
0.5874762083674693,
-0.7570004236540611,
-0.2860455613879616,
0.5127222660286852
],
[
0.0718505232527975,
-0.30328439171850335,
0.9501873920697099,
0.640805112090427
],
[
0.0,
0.0,
0.0,
1.0
]
],
"at_element": 4,
"to_element": 2
},
{
"pose": [
[
2.4390156561082676e-10,
-0.8857549249533135,
-0.46415322138379034,
0.5272230338966144
],
[
0.9999999999999999,
2.7536006808048796e-10,
2.220446049250313e-16,
0.5399748788529395
],
[
1.2780906888387733e-10,
-0.46415322138379034,
0.8857549249533135,
0.6993032556404739
],
[
0.0,
0.0,
0.0,
1.0
]
],
"at_element": 2,
"to_element": 7
},
{
"pose": [
[
0.46290019537383986,
0.8857549249533132,
-0.03408257683643606,
0.5591108996574524
],
[
-0.07342958105855796,
-2.7536128932581505e-10,
-0.997300404404593,
0.5399748788430263
],
[
-0.8833637448686842,
0.4641532213837911,
0.06504061293241148,
0.7160131323783616
],
[
0.0,
0.0,
0.0,
1.0
]
],
"at_element": 7,
"to_element": 2
},
{
"pose": [
[
0.8753000212467567,
0.13568957176024185,
-0.46415322138379,
0.4855175423180756
],
[
-0.15319087474155793,
0.988196618035053,
1.5543122344752192e-15,
0.5399748788529396
],
[
0.45867464362153676,
0.07110403799789342,
0.8857549249533138,
0.7788908634850499
],
[
0.0,
0.0,
0.0,
1.0
]
],
"at_element": 2,
"to_element": 17
},
{
"pose": [
[
0.8139940321164303,
-0.13568957176024277,
-0.5648026697833126,
0.48063261632915744
],
[
-0.0702810525159363,
-0.9881966180350525,
0.13611766145998902,
0.5043990620898796
],
[
-0.5766058353295498,
-0.07110403799789367,
-0.813922555556919,
0.7763310649785983
],
[
0.0,
0.0,
0.0,
1.0
]
],
"at_element": 17,
"to_element": 2
},
{
"pose": [
[
-0.08559274474831069,
0.8816097033979958,
-0.46415322138378856,
0.618259588043753
],
[
-0.9953201258739407,
-0.09663253608533018,
1.582067810090848e-15,
0.5399748788529396
],
[
-0.04485230291448983,
0.46198104273250773,
0.8857549249533144,
0.525575976647979
],
[
0.0,
0.0,
0.0,
1.0
]
],
"at_element": 2,
"to_element": 20
},
{
"pose": [
[
0.23567541636474554,
-0.8816097033979967,
0.4089271683268306,
0.5865192828209586
],
[
-0.7579260832374503,
0.09663253608532973,
0.6451435540389867,
0.5434539083803817
],
[
-0.6082804866750547,
-0.4619810427325061,
-0.6454210762642822,
0.5089434245708441
],
[
0.0,
0.0,
0.0,
1.0
]
],
"at_element": 20,
"to_element": 2
},
{
"pose": [
[
-0.010040936043092863,
-0.9922586975387861,
-0.12378148796168965,
0.5216627840737111
],
[
0.9578634718669283,
0.02599049967349898,
-0.2860455613879648,
0.49040611554775015
],
[
0.28704833890202636,
-0.12143793099914564,
0.9501873920697086,
0.7149349979856147
],
[
0.0,
0.0,
0.0,
1.0
]
],
"at_element": 4,
"to_element": 7
},
{
"pose": [
[
0.11941965966632306,
0.9922586975387859,
-0.03408257683643584,
0.5573849186544098
],
[
-0.06867603148957485,
-0.025990499673499867,
-0.9973004044045929,
0.4894704360425372
],
[
-0.9904658235315453,
0.12143793099914768,
0.06504061293241115,
0.7193068640373945
],
[
0.0,
0.0,
0.0,
1.0
]
],
"at_element": 7,
"to_element": 4
},
{
"pose": [
[
-0.9802142573197694,
0.15446084612303182,
-0.12378148796168835,
0.510374122181042
],
[
-0.11380384623631841,
-0.9514339816256632,
-0.2860455613879667,
0.4643192451959659
],
[
-0.16195275338466125,
-0.2662991280926276,
0.9501873920697081,
0.8015904775761654
],
[
0.0,
0.0,
0.0,
1.0
]
],
"at_element": 4,
"to_element": 17
},
{
"pose": [
[
-0.8106415923332579,
-0.15446084612303193,
-0.5648026697833125,
0.5048134331161767
],
[
-0.27612562511762684,
0.9514339816256634,
0.13611766145999096,
0.4985714759091976
],
[
0.5163476037833431,
0.2662991280926281,
-0.8139225555569192,
0.8111774161870567
],
[
0.0,
0.0,
0.0,
1.0
]
],
"at_element": 17,
"to_element": 4
},
{
"pose": [
[
0.5741585236516937,
-0.8093331408981703,
-0.12378148796168958,
0.5457835321064373
],
[
0.7603386318509928,
0.5831492962571463,
-0.286045561387964,
0.5461465418888385
],
[
0.30368924023262295,
0.07011965001836215,
0.9501873920697088,
0.5297762069143662
],
[
0.0,
0.0,
0.0,
1.0
]
],
"at_element": 4,
"to_element": 20
},
{
"pose": [
[
0.42161408663386035,
0.8093331408981697,
0.4089271683268294,
0.5749193534504187
],
[
0.49368683692877297,
-0.5831492962571478,
0.6451435540389882,
0.5251532909591148
],
[
0.760601649350801,
-0.07011965001835829,
-0.6454210762642822,
0.5272519143920432
],
[
0.0,
0.0,
0.0,
1.0
]
],
"at_element": 20,
"to_element": 4
},
{
"pose": [
[
0.14842521410739773,
0.014413070339076461,
-0.988818597731947,
0.5070790033817976
],
[
-0.7051291260670008,
0.7026046718372163,
-0.09560120650130566,
0.4426007327904849
],
[
0.6933706594521871,
0.7114344232014068,
0.1144473245424319,
0.6607573797664305
],
[
0.0,
0.0,
0.0,
1.0
]
],
"at_element": 8,
"to_element": 20
},
{
"pose": [
[
0.9124531957353215,
-0.014413070339075962,
0.40892716832683046,
0.50656012156453
],
[
-0.3002273635005026,
-0.7026046718372159,
0.6451435540389869,
0.4173064144830823
],
[
0.27801563948442926,
-0.7114344232014072,
-0.6454210762642825,
0.6351451834964503
],
[
0.0,
0.0,
0.0,
1.0
]
],
"at_element": 20,
"to_element": 8
},
{
"pose": [
[
-0.7404932789570218,
0.6089832567005764,
0.28426940897296304,
0.4265151669757429
],
[
0.3909087825661369,
0.7343512218309818,
-0.5549041419092172,
0.5491622421854528
],
[
-0.5466809193049804,
-0.29977937896677265,
-0.7818390476397026,
0.6559576196074474
],
[
0.0,
0.0,
0.0,
1.0
]
],
"at_element": 12,
"to_element": 17
},
{
"pose": [
[
0.5568997551301327,
-0.6089832567005767,
-0.5648026697833126,
0.40459131169257173
],
[
-0.6649814021715258,
-0.7343512218309811,
0.1361176614599904,
0.5227250458630616
],
[
-0.4976569074191474,
0.29977937896677354,
-0.8139225555569187,
0.6667499027269452
],
[
0.0,
0.0,
0.0,
1.0
]
],
"at_element": 17,
"to_element": 12
},
{
"pose": [
[
2.4390345298996863e-10,
-0.8857549249533136,
-0.46415322138378984,
0.513382869675064
],
[
0.9999999999999998,
2.753623995488397e-10,
-2.7755575615628914e-16,
0.13499371971323482
],
[
1.2781053992938496e-10,
-0.46415322138378984,
0.8857549249533138,
0.7257147789405884
],
[
0.0,
0.0,
0.0,
1.0
]
],
"at_element": 3,
"to_element": 7
},
{
"pose": [
[
0.4629001953738381,
0.8857549249533141,
-0.034082576836436784,
0.5452707353371254
],
[
-0.07342958105855718,
-2.7536284363804953e-10,
-0.9973004044045931,
0.13499371970332155
],
[
-0.8833637448686852,
0.46415322138378945,
0.06504061293241004,
0.7424246556267152
],
[
0.0,
0.0,
0.0,
1.0
]
],
"at_element": 7,
"to_element": 3
},
{
"pose": [
[
-0.6794956599196957,
0.5681966518991018,
-0.4641532213837882,
0.45019514481747025
],
[
-0.641482915750141,
-0.767137320693432,
-6.38378239159465e-15,
0.13499371971323482
],
[
-0.35606925864358824,
0.2977463618080888,
0.8857549249533146,
0.8462974570535342
],
[
0.0,
0.0,
0.0,
1.0
]
],
"at_element": 3,
"to_element": 19
},
{
"pose": [
[
0.762123080533939,
-0.5681966518991023,
-0.31035620645978623,
0.429739863450181
],
[
0.6270453122810663,
0.7671373206934314,
0.1353311033932827,
0.16261093584726977
],
[
0.16119114883826335,
-0.2977463618080894,
0.9409381050665592,
0.8355784822293874
],
[
0.0,
0.0,
0.0,
1.0
]
],
"at_element": 19,
"to_element": 3
},
{
"pose": [
[
0.0240545626963653,
0.01855426299964863,
0.999538452155807,
0.5964648127643863
],
[
-0.5041643131978737,
-0.8631486611101449,
0.028155534473358695,
0.2343848186748692
],
[
0.8632726818979058,
-0.5046088863152371,
-0.011408266322847194,
0.6425294304588437
],
[
0.0,
0.0,
0.0,
1.0
]
],
"at_element": 6,
"to_element": 11
},
{
"pose": [
[
-0.9917862466670648,
-0.018554262999648935,
0.12655346793587077,
0.5957968457337066
],
[
0.047992983321682614,
0.8631486611101451,
0.5026639656625972,
0.2654588014144603
],
[
-0.11856101582704286,
0.504608886315237,
-0.8551684964834447,
0.6606957192224001
],
[
0.0,
0.0,
0.0,
1.0
]
],
"at_element": 11,
"to_element": 6
},
{
"pose": [
[
-0.12979473149101972,
-0.9909549463186318,
-0.03408257683643667,
0.5481331098785537
],
[
0.0689442008033469,
0.02527054708594534,
-0.997300404404593,
0.21875051137501195
],
[
0.9891410540730589,
-0.13179413422688624,
0.06504061293241015,
0.7369623164523607
],
[
0.0,
0.0,
0.0,
1.0
]
],
"at_element": 7,
"to_element": 11
},
{
"pose": [
[
-0.04463758640475324,
0.990954946318632,
0.12655346793587127,
0.5838082614959491
],
[
0.8641124562661555,
-0.025270547085945783,
0.5026639656625973,
0.21784075195346125
],
[
0.5013154184798528,
0.13179413422688588,
-0.8551684964834454,
0.7417070081644254
],
[
0.0,
0.0,
0.0,
1.0
]
],
"at_element": 11,
"to_element": 7
},
{
"pose": [
[
-0.5928118586933706,
0.8046194617014305,
-0.03408257683643723,
0.5421705461530387
],
[
-0.03222035925214506,
-0.06598296616626231,
-0.997300404404593,
0.0442781631344
],
[
-0.8046961840609002,
-0.5901133535408281,
0.06504061293241126,
0.7483408222859175
],
[
0.0,
0.0,
0.0,
1.0
]
],
"at_element": 7,
"to_element": 14
},
{
"pose": [
[
0.09249132730510179,
-0.8046194617014311,
-0.5865431580238916,
0.5132036034162081
],
[
-0.9677497223908444,
0.06598296616626309,
-0.24311874256902824,
0.046653602573191025
],
[
0.2343199291263638,
0.5901133535408271,
-0.7725674085715855,
0.7695853739452946
],
[
0.0,
0.0,
0.0,
1.0
]
],
"at_element": 14,
"to_element": 7
},
{
"pose": [
[
0.28637155612753895,
0.9064603449423366,
-0.3103562064597901,
0.4731452768897939
],
[
-0.9305242323424338,
0.34030889714769397,
0.1353311033932878,
0.1436839662176618
],
[
0.22828925700657984,
0.2500389920975134,
0.9409381050665572,
0.703981927620799
],
[
0.0,
0.0,
0.0,
1.0
]
],
"at_element": 19,
"to_element": 21
},
{
"pose": [
[
-0.08277624204564593,
-0.906460344942336,
-0.4140987041754925,
0.44051212799127226
],
[
0.7238019856085712,
-0.3403088971476942,
0.6002503978767608,
0.13143262949446644
],
[
-0.6850246560393942,
-0.2500389920975157,
0.6842672891852775,
0.6949803648882632
],
[
0.0,
0.0,
0.0,
1.0
]
],
"at_element": 21,
"to_element": 19
},
{
"pose": [
[
-0.5156699916324352,
0.7201709844258202,
-0.46415322138378956,
0.32270640318348465
],
[
-0.8130589671446404,
-0.5821813428354523,
-1.1934897514720433e-15,
0.5399748788529396
],
[
-0.2702213457066165,
0.37738393877516097,
0.885754924953314,
1.0895873354297763
],
[
0.0,
0.0,
0.0,
1.0
]
],
"at_element": 2,
"to_element": 23
},
{
"pose": [
[
0.6060145718488333,
-0.720170984425821,
0.33778705111063567,
0.2967796753058104
],
[
0.26302566048595166,
0.5821813428354504,
0.7693389278986477,
0.560933869950294
],
[
-0.7507088920698916,
-0.37738393877516263,
0.5422338260582239,
1.0760012136647772
],
[
0.0,
0.0,
0.0,
1.0
]
],
"at_element": 23,
"to_element": 2
},
{
"pose": [
[
-0.1257818528973067,
0.9293872942143422,
0.3470132314979708,
0.3755708880683943
],
[
-0.974332344647147,
-0.18155793999103853,
0.13309093357777593,
0.6576464070741903
],
[
0.18669603010271477,
-0.32136579123975606,
0.9283687955574185,
1.1372020279991633
],
[
0.0,
0.0,
0.0,
1.0
]
],
"at_element": 9,
"to_element": 23
},
{
"pose": [
[
-0.14879235684310643,
-0.9293872942143412,
0.33778705111063567,
0.3421122252919771
],
[
0.612498431382455,
0.18155793999103886,
0.7693389278986488,
0.6641826336036012
],
[
-0.7763417456887821,
0.32136579123975817,
0.5422338260582223,
1.148771445511006
],
[
0.0,
0.0,
0.0,
1.0
]
],
"at_element": 23,
"to_element": 9
},
{
"pose": [
[
-0.8665066476359238,
0.27872655561128545,
-0.4140987041754929,
0.2496793005644959
],
[
-0.4901556641539475,
-0.6320181047617168,
0.6002503978767613,
0.40805141490927227
],
[
-0.09441215229278455,
0.7230937853767494,
0.684267289185277,
1.010317409400102
],
[
0.0,
0.0,
0.0,
1.0
]
],
"at_element": 21,
"to_element": 23
},
{
"pose": [
[
0.8990057926949365,
-0.27872655561128534,
0.3377870511106338,
0.239644920576991
],
[
-0.09311675076570082,
0.6320181047617175,
0.7693389278986505,
0.43080457457234445
],
[
-0.42792272132686204,
-0.7230937853767488,
0.5422338260582209,
0.9842854520461977
],
[
0.0,
0.0,
0.0,
1.0
]
],
"at_element": 23,
"to_element": 21
},
{
"pose": [
[
-0.8842271803046702,
-0.0520007758548108,
-0.46415322138379034,
0.35173364218294406
],
[
0.05870785969104556,
-0.9982752061483329,
-2.0018708912772354e-15,
0.1349937197132349
],
[
-0.463352652761316,
-0.027249442196148145,
0.8857549249533135,
1.034193946529199
],
[
0.0,
0.0,
0.0,
1.0
]
],
"at_element": 3,
"to_element": 10
},
{
"pose": [
[
0.9513880255955711,
0.052000775854810014,
0.3035732927381109,
0.35360571080406417
],
[
-0.04122686276023589,
0.9982752061483329,
-0.04179663355405709,
0.17093240827992912
],
[
-0.305223148762196,
0.02724944219614896,
0.9518909062280662,
1.0351749477708125
],
[
0.0,
0.0,
0.0,
1.0
]
],
"at_element": 10,
"to_element": 3
},
{
"pose": [
[
0.6612406022511145,
-0.6860059197053074,
0.30357329273811096,
0.31358831493358463
],
[
0.728531978346596,
0.6837354736664926,
-0.04179663355405555,
0.17644209068940553
],
[
-0.1788910910609535,
0.24880048267503913,
0.9518909062280663,
0.9096955458232251
],
[
0.0,
0.0,
0.0,
1.0
]
],
"at_element": 10,
"to_element": 20
},
{
"pose": [
[
0.6018093129334867,
0.6860059197053074,
0.40892716832683046,
0.3382849271832651
],
[
0.34102140216121635,
-0.6837354736664927,
0.6451435540389868,
0.15182721581814088
],
[
0.7221703082615087,
-0.24880048267503896,
-0.6454210762642829,
0.9007385836868075
],
[
0.0,
0.0,
0.0,
1.0
]
],
"at_element": 20,
"to_element": 10
},
{
"pose": [
[
-0.875531657367099,
0.2573380810378055,
0.4089271683268304,
0.2607414626129642
],
[
0.4768029954619389,
0.5970332471483206,
0.6451435540389865,
0.0294908434756779
],
[
-0.07812311096303284,
0.7598213038914559,
-0.6454210762642827,
1.0231275816225582
],
[
0.0,
0.0,
0.0,
1.0
]
],
"at_element": 20,
"to_element": 22
},
{
"pose": [
[
0.880527376050165,
-0.2573380810378055,
-0.3980560916177407,
0.2514770845524801
],
[
0.17902324585052176,
-0.5970332471483206,
0.7819859201064144,
0.00799716599912936
],
[
-0.4388874770044766,
-0.7598213038914557,
-0.4796346199778878,
0.9957734030677476
],
[
0.0,
0.0,
0.0,
1.0
]
],
"at_element": 22,
"to_element": 20
},
{
"pose": [
[
0.5159734565944699,
0.8080608239557943,
0.28426940897296266,
0.6563180032660115
],
[
0.7758609535679564,
-0.3002018887692406,
-0.5549041419092147,
0.10057881514465003
],
[
-0.3630580846346439,
0.5068693428954478,
-0.7818390476397046,
0.023920456976366453
],
[
0.0,
0.0,
0.0,
1.0
]
],
"at_element": 12,
"to_element": 13
},
{
"pose": [
[
-0.25685104443704576,
-0.8080608239557946,
0.5301558693058872,
0.6272271053171885
],
[
-0.953864766826566,
0.3002018887692417,
-0.00456427280963867,
0.11138634627513791
],
[
-0.155465583260411,
-0.5068693428954468,
-0.8478879180966303,
0.005672716347914629
],
[
0.0,
0.0,
0.0,
1.0
]
],
"at_element": 13,
"to_element": 12
},
{
"pose": [
[
-0.12512536513168548,
-0.950544342007683,
0.28426940897297315,
0.6917605267246989
],
[
-0.8299801922986466,
-0.05669456485315649,
-0.5549041419092247,
0.03139373069255988
],
[
0.5435775228912286,
-0.3053705620934871,
-0.7818390476396939,
-0.07355872267579074
],
[
0.0,
0.0,
0.0,
1.0
]
],
"at_element": 12,
"to_element": 19
},
{
"pose": [
[
0.012019941308571647,
0.9505443420076835,
-0.3103562064598008,
0.7259808669945557
],
[
-0.989177041166276,
0.05669456485316293,
0.13533110339327695,
0.03343477940011295
],
[
0.14623372470285306,
0.30537056209348423,
0.9409381050665552,
-0.06256514343764041
],
[
0.0,
0.0,
0.0,
1.0
]
],
"at_element": 19,
"to_element": 12
}
],
"nstatus": 0,
"opt_line_pos": [
[
-0.3374842992830872,
0.33748429928308715,
-0.48226470252476455
],
[
-0.3374842992830872,
-0.33748429928308726,
-0.48226470252476455
],
[
0.2024905795698524,
0.20249057956985234,
0.19270389604140975
],
[
0.2024905795698525,
-0.20249057956985247,
0.19270389604140953
],
[
0.27115675673691964,
0.35391914661775953,
-0.4350035122167585
],
[
-0.23486439561600822,
-0.29905277439407096,
0.2144056310021262
],
[
-0.30249057956985237,
-0.11891529908133433,
0.16667309746532885
],
[
0.2184227617334889,
0.1087421054487585,
0.23986239330005701
],
[
0.1806225599653394,
0.10618263142114076,
0.17721629692047222
],
[
-0.16038700069835302,
0.24404098929402182,
