{
"line_pt_pairs": [
[
[
-0.0316140213630407,
0.7065826199292151,
-0.15807010681520367
],
[
0.1608360683668345,
0.51413253019934,
0.8041803418341728
]
],
[
[
-0.028728185008320195,
-0.028728185008320195,
-0.14364092504160092
],
[
0.1637219047215551,
0.1637219047215551,
0.8186095236077754
]
],
[
[
0.529667139061413,
0.5399748788529396,
0.6946391100801568
],
[
0.2975905283695177,
0.5399748788529396,
1.1375165725568142
]
],
[
[
0.6708061997599085,
0.1349937197132347,
0.42529999455216744
],
[
0.20665297837611835,
0.13499371971323498,
1.311054919505481
]
],
[
[
0.6157925751294147,
0.6538747035660453,
-0.17910976331449396
],
[
0.3533674842957957,
0.4686961245113246,
0.7679076417843995
]
],
[
[
0.07728425042904369,
-0.15982597136248028,
0.5699844011342438
],
[
0.08216413135232348,
0.8398642668201295,
0.5943896146053772
]
],
[
[
-0.16373684622028772,
0.07690925909879842,
0.6223778350310805
],
[
0.834910205357867,
0.1063624563050328,
0.5795225489091854
]
],
[
[
0.48858016213070915,
0.5980995581567783,
0.706954153222601
],
[
0.4237623767569354,
0.10285458351225718,
0.7299991046998122
]
],
[
[
0.5399548523866327,
0.46935435693266725,
0.6800020359353517
],
[
0.04379711804826303,
0.4107389036869293,
0.6602098330005365
]
],
[
[
0.1001108997899052,
0.49695699520769243,
0.38498529696735895
],
[
0.4675862501046178,
0.6463370269831115,
1.30294361465823
]
],
[
[
-0.08184707081142273,
0.16405317458881694,
0.4809850391426348
],
[
0.485146654354521,
0.07422473265836943,
1.299794520427991
]
],
[
[
0.5183389056939536,
-0.02359389884672136,
0.9513289418545745
],
[
0.8057479302240766,
0.731204789463237,
-0.31266274828591406
]
],
[
[
0.33226104730958445,
0.6976264979401356,
0.8944101853712416
],
[
0.7602766577056683,
-0.09972201461647068,
-0.30184981428645613
]
],
[
[
0.13966546909812444,
0.23555383951444556,
0.6747171768011617
],
[
0.6752832159919734,
0.037862785197960436,
-0.14627726669744884
]
],
[
[
0.576921002245114,
0.03481314761314214,
0.6709100250617981
],
[
-0.018600387942943497,
0.010031895623345943,
-0.13204711163872435
]
],
[
[
0.06800210303859833,
0.5344906686556639,
0.767017853212445
],
[
-0.03823273266434829,
-0.05360550181574536,
-0.03476581708773724
]
],
[
[
0.28657706315247383,
-0.07304549405949512,
0.8785433321118543
],
[
-0.03139342839187115,
0.8118614526696222,
-0.29014587470816205
]
],
[
[
0.6592383542282243,
0.4333017745268128,
0.6364472725116616
],
[
-0.04376561879515117,
0.5216219482824127,
-0.06923322234499091
]
],
[
[
-0.10414239398284625,
0.6261866701160924,
0.8936656434912977
],
[
0.801270786010343,
0.6660624971092369,
-0.30159035081127566
]
],
[
[
0.769728777005892,
-0.0425133083200393,
-0.22890503829597747
],
[
0.5334339365583658,
0.19976914354398562,
0.7120859084705866
]
],
[
[
0.16680433426035976,
-0.05383944855651751,
1.0782443294419144
],
[
0.600118979010477,
0.5775380002440872,
0.4351261942667977
]
],
[
[
0.5461298459377648,
-0.0629765852764464,
0.5856623312025895
],
[
0.2527677157041335,
0.7119613891694503,
1.1454924807180267
]
],
[
[
0.44514446116246387,
0.04227440160492374,
1.187120673745368
],
[
0.11012933915606621,
0.7533887898407587,
0.5689935065127565
]
],
[
[
-0.15487588642819206,
-0.13728163462728799,
0.4309469937216673
],
[
0.5127607136801204,
0.7706991756502466,
1.420811741231934
]
]
],
"contact_id_pairs": [
[
0,
16
],
[
16,
17
],
[
0,
5
],
[
5,
15
],
[
5,
18
],
[
5,
22
],
[
8,
15
],
[
9,
22
],
[
1,
14
],
[
1,
15
],
[
1,
5
],
[
1,
6
],
[
1,
10
],
[
5,
6
],
[
6,
16
],
[
6,
23
],
[
10,
23
],
[
13,
16
],
[
4,
18
],
[
11,
18
],
[
2,
7
],
[
4,
8
],
[
4,
12
],
[
7,
8
],
[
7,
20
],
[
12,
17
],
[
17,
20
],
[
3,
6
],
[
3,
11
],
[
3,
19
],
[
3,
21
],
[
7,
21
],
[
11,
19
],
[
14,
21
],
[
2,
21
],
[
2,
23
],
[
9,
23
],
[
3,
10
],
[
10,
20
],
[
10,
22
],
[
12,
13
],
[
12,
19
]
],
"coupler_pt_pairs": [
[
[
-0.02968952046574197,
0.7046581190319163,
-0.14844760232870985
],
[
0.005492280410627937,
0.7092090971135195,
-0.15457376688766372
]
],
[
[
0.07114070927486393,
0.5265105376916528,
0.08671469320085456
],
[
0.09008440181135169,
0.5048060304059943,
0.06512640064824843
]
],
[
[
0.11609392078736586,
0.5588746777788086,
0.5804696039368294
],
[
0.08079251054214187,
0.5588746369532808,
0.5875298778207687
]
],
[
[
0.08003373671996478,
0.40343256880766554,
0.5837351054897068
],
[
0.04433832502522822,
0.40349242183329415,
0.5884207794448392
]
],
[
[
0.08117036916183068,
0.6362825859288428,
0.5894196207100717
],
[
0.1098727686660011,
0.6356122360215493,
0.6111394867264943
]
],
[
[
0.08170603859018655,
0.746019587064582,
0.5920986054956674
],
[
0.1134794903761302,
0.7462776459584004,
0.5751747781850827
]
],
[
[
0.05372027273503044,
0.41191121275184406,
0.6606056770592328
],
[
0.051118701853243576,
0.44102731912497706,
0.6395941575859386
]
],
[
[
0.23906059495824888,
0.5534405385573508,
0.7320834854884555
],
[
0.2060074326679565,
0.5498747173875635,
0.745895534060744
]
],
[
[
-0.02305382100949671,
-0.02305382100949671,
-0.11526910504748361
],
[
-0.012645174041062912,
0.010279708143243915,
-0.12401754027171913
]
],
[
[
0.006723705112369749,
0.006723705112369749,
0.033618525561848744
],
[
-0.028131418320950785,
0.002313484106074848,
0.04147159444977083
]
],
[
[
0.11392142875213201,
0.11392142875213201,
0.5696071437606601
],
[
0.07862051886842486,
0.11392138752656669,
0.5766673339825146
]
],
[
[
0.12066347185282106,
0.12066347185282106,
0.6033173592641053
],
[
0.121997129423462,
0.08533643977274857,
0.6101160341659916
]
],
[
[
0.15831004332315865,
0.15831004332315865,
0.7915502166157933
],
[
0.13983453986514066,
0.1289323032143063,
0.8011208653291674
]
],
[
[
0.0784792673670261,
0.0849846676973281,
0.575960908334235
],
[
0.0800483431018092,
0.0840992400292142,
0.6119161969336478
]
],
[
[
0.21824442287745832,
0.08817507080879586,
0.6059857407926614
],
[
0.21832956191634112,
0.11688624346570012,
0.6277020741708468
]
],
[
[
-0.015913578994313005,
0.0812690254791188,
0.6160342440672547
],
[
-0.014100266616150436,
0.05417216123040297,
0.6396665626282265
]
],
[
[
0.07738454260253791,
0.13882621509316964,
0.7109352996072575
],
[
0.047764208886451553,
0.13830738776701632,
0.7313893103225613
]
],
[
[
0.219905597737599,
0.2059380253984658,
0.5517251733795908
],
[
0.19471568947896276,
0.18260328424367162,
0.5409101278026411
]
],
[
[
0.5728831062510691,
0.6235959125798487,
-0.024261712229674826
],
[
0.5839887961917115,
0.6564930549736596,
-0.014751583137644575
]
],
[
[
0.788489057674642,
0.68587923163387,
-0.2367602204535189
],
[
0.7657499627884794,
0.6644981039319036,
-0.25469852527057185
]
],
[
[
0.5131615225996513,
0.5399748788529396,
0.7261371809689232
],
[
0.4814152772695085,
0.5433557374453113,
0.7095015161572344
]
],
[
[
0.3778955452984062,
0.4860041931453206,
0.6793928560639795
],
[
0.3822896224380303,
0.45072798415858445,
0.673712620269851
]
],
[
[
0.40099384904484076,
0.5023033627588351,
0.5960376570369046
],
[
0.43538245721815094,
0.5055220493962003,
0.6061963567499765
]
],
[
[
0.47093545151800487,
0.4632838712336894,
0.713227454563497
],
[
0.47259106111838456,
0.46139608301236834,
0.6773148303654987
]
],
[
[
0.45111061048824885,
0.31181074026359384,
0.7202758672320206
],
[
0.41997854042537,
0.3150575788743544,
0.702487531660069
]
],
[
[
0.4786265486638084,
0.42496281007511894,
0.48533352941031993
],
[
0.495528174627498,
0.4538690999797741,
0.47211380501094435
]
],
[
[
0.5444563317816749,
0.4477221313889515,
0.5212282445844395
],
[
0.5301577113827092,
0.475598296140273,
0.5389615031269538
]
],
[
[
0.5846861075259701,
0.13499371971323476,
0.5896450692372586
],
[
0.5857716548338192,
0.09901458815815939,
0.590213917646348
]
],
[
[
0.5550591323866346,
0.1349937197132348,
0.6461829492564883
],
[
0.5842459400864842,
0.14949232623340866,
0.6614774177761056
]
],
[
[
0.5958242137819898,
0.13499371971323476,
0.5683899491251754
],
[
0.5725768966182269,
0.15963431741508086,
0.5562078919374494
]
],
[
[
0.5030729686564861,
0.13499371971323482,
0.7453894147769202
],
[
0.4711857955446489,
0.13499372044147429,
0.7286799010009039
]
],
[
[
0.43167915281337166,
0.1633432832530311,
0.7271844185912933
],
[
0.46158649100495497,
0.1603510002313212,
0.7469984893320605
]
],
[
[
0.5938296566817718,
0.17466125308629293,
0.6193293392427003
],
[
0.5588681201332524,
0.17369046850388592,
0.6108000046521238
]
],
[
[
0.5407072573522784,
0.03330619596964174,
0.6220820813683365
],
[
0.5177931646909842,
0.011876874338163756,
0.639737915145625
]
],
[
[
0.34976245208526613,
0.5399748788529396,
1.0379556167204176
],
[
0.3178752862298113,
0.5399748795811788,
1.0212461067468899
]
],
[
[
0.3022320605833556,
0.5399748788529396,
1.1286590233072809
],
[
0.3230802463836723,
0.5127351509671935,
1.1395838878794253
]
],
[
[
0.45982900571414353,
0.6431836796564232,
1.2835659148900733
],
[
0.42760720405999114,
0.6548910359372391,
1.2945597393403845
]
],
[
[
0.33086418764535164,
0.1349937197132349,
1.074019636163866
],
[
0.3276343290896786,
0.09917930646646864,
1.0723271259547822
]
],
[
[
0.24442245773262428,
0.11236250836510225,
0.9521588309657816
],
[
0.2619849758926843,
0.08484709577589733,
0.9369788598969109
]
],
[
[
0.3962682256011152,
0.08830568350806023,
1.1714430115577041
],
[
0.4254460497847266,
0.08408691344679198,
1.1507756778807607
]
],
[
[
0.6944808019645028,
0.0228488132537068,
-0.11795710464073178
],
[
0.6699270385230349,
0.03983969574112528,
-0.13806732226246293
]
],
[
[
0.7330680948305027,
-0.04903529522967087,
-0.22580465465872263
],
[
0.7673658286014167,
-0.04009048380139907,
-0.21949512882831185
]
]
],
"half_couplers": [
{
"pose": [
[
-0.08889442443692297,
-0.9772720932611278,
0.19245008972988695,
-0.029689520465741522
],
[
0.9731299750298086,
-0.12641603799139944,
-0.1924500897298856,
0.7046581190319159
],
[
0.2124048798933588,
0.17017121105395694,
0.9622504486493719,
-0.1484476023287078
],
[
0.0,
0.0,
0.0,
1.0
]
],
"at_element": 0,
"to_element": 16
},
{
"pose": [
[
0.0018964184169718568,
0.9772720932611269,
-0.21198032769623495,
0.005492280410628412
],
[
0.7974911807641415,
0.12641603799140033,
0.589937964486074,
0.7092090971135183
],
[
0.6033276226069905,
-0.17017121105396243,
-0.779126137880013,
-0.1545737668876621
],
[
0.0,
0.0,
0.0,
1.0
]
],
"at_element": 16,
"to_element": 0
},
{
"pose": [
[
-0.8235072856611747,
-0.5262129712699641,
-0.2119803276962299,
0.071140709274864
],
[
-0.5371053675769424,
0.6029021663404941,
0.5899379644860778,
0.5265105376916526
],
[
-0.18262961036754874,
0.5996739836687726,
-0.7791261378800114,
0.08671469320085479
],
[
0.0,
0.0,
0.0,
1.0
]
],
"at_element": 16,
"to_element": 17
},
{
"pose": [
[
0.4784196095276463,
0.5262129712699638,
-0.7030039730233754,
0.09008440181135197
],
[
0.7929114230036794,
-0.6029021663404939,
0.08832017375559947,
0.5048060304059943
],
[
-0.37736739722675383,
-0.5996739836687726,
-0.7056804948566524,
0.06512640064824862
],
[
0.0,
0.0,
0.0,
1.0
]
],
"at_element": 17,
"to_element": 16
},
{
"pose": [
[
-0.03774143461763746,
0.9805807193066588,
0.19245008972987776,
0.11609392078736587
],
[
-0.9813067629246616,
1.1340262443537696e-06,
-0.19245008972987254,
0.5588746777788086
],
[
-0.18871306566140195,
-0.19611591705608544,
0.9622504486493764,
0.5804696039368294
],
[
0.0,
0.0,
0.0,
1.0
]
],
"at_element": 0,
"to_element": 5
},
{
"pose": [
[
-0.19605519550935657,
-0.980580719306658,
0.004879880923277458,
0.08079251054214187
],
[
0.02488830410275228,
-1.1340262413561675e-06,
0.9996902381826098,
0.5588746369532805
],
[
-0.9802769673070348,
0.19611591705609027,
0.02440521347113611,
0.5875298778207688
],
[
0.0,
0.0,
0.0,
1.0
]
],
"at_element": 5,
"to_element": 0
},
{
"pose": [
[
0.1300706174214501,
0.9914927237482771,
0.004879880923279567,
0.08003373671996478
],
[
-0.02483271543529786,
-0.0016625060921720003,
0.9996902381826098,
0.4034325688076654
],
[
0.9911937099920036,
-0.13015150720493446,
0.02440521347113367,
0.5837351054897066
],
[
0.0,
0.0,
0.0,
1.0
]
],
"at_element": 5,
"to_element": 15
},
{
"pose": [
[
0.07520863273182599,
-0.9914927237482771,
-0.1062348357029462,
0.04433832502522819
],
[
-0.8087892991072254,
0.0016625060921721113,
-0.5880961704714089,
0.40349242183329403
],
[
0.5832696899481853,
0.13015150720493457,
-0.8017836703001824,
0.5884207794448391
],
[
0.0,
0.0,
0.0,
1.0
]
],
"at_element": 15,
"to_element": 5
},
{
"pose": [
[
0.6035902555858644,
-0.7972797439568908,
0.004879880923278179,
0.08117036916183068
],
[
0.016513639404491687,
0.018620617498225966,
0.9996902381826098,
0.6362825859288427
],
[
-0.7971236435305437,
-0.6033227017774312,
0.02440521347113045,
0.5894196207100718
],
[
0.0,
0.0,
0.0,
1.0
]
],
"at_element": 5,
"to_element": 18
},
{
"pose": [
[
-0.0012010579964980561,
0.7972797439568903,
0.6036087866621265,
0.10987276866600103
],
[
0.9994731460525877,
-0.018620617498222858,
0.02658388466209599,
0.6356122360215494
],
[
0.032434361091777164,
0.6033227017774323,
-0.7968373295350488,
0.6111394867264943
],
[
0.0,
0.0,
0.0,
1.0
]
],
"at_element": 18,
"to_element": 5
},
{
"pose": [
[
-0.4701293318703077,
-0.8825840459000789,
0.004879880923279123,
0.08170603859018655
],
[
0.023833684113798492,
-0.007168206467498939,
0.9996902381826096,
0.746019587064582
],
[
-0.8822756750680263,
0.4701000092944975,
0.024405213471134335,
0.5920986054956674
],
[
0.0,
0.0,
0.0,
1.0
]
],
"at_element": 5,
"to_element": 22
},
{
"pose": [
[
0.3298640173612224,
0.8825840459000796,
-0.3350151220063979,
0.11347949037613012
],
[
0.7030397881059172,
0.007168206467499716,
0.7111143882358354,
0.7462776459584005
],
[
0.6300196714312198,
-0.4701000092944966,
-0.6181271672326107,
0.5751747781850824
],
[
0.0,
0.0,
0.0,
1.0
]
],
"at_element": 22,
"to_element": 5
},
{
"pose": [
[
0.10043732124279692,
0.07226586418521419,
-0.9923154686767386,
0.053720272735030376
],
[
-0.5763076661487274,
-0.8087808037419,
-0.11723090649147477,
0.41191121275184406
],
[
-0.8110374950887154,
0.5836533700512403,
-0.039584405869630857,
0.6606056770592328
],
[
0.0,
0.0,
0.0,
1.0
]
],
"at_element": 8,
"to_element": 15
},
{
"pose": [
[
-0.9917115531023784,
-0.0722658641852133,
-0.10623483570294658,
0.051118701853243576
],
[
0.004062730051029688,
0.8087808037419011,
-0.5880961704714094,
0.44102731912497706
],
[
0.12841997378834885,
-0.5836533700512392,
-0.8017836703001817,
0.6395941575859386
],
[
0.0,
0.0,
0.0,
1.0
]
],
"at_element": 15,
"to_element": 8
},
{
"pose": [
[
0.14823669139589235,
0.9181436435738575,
0.3674753503147121,
0.2390605949582489
],
[
-0.9838061708706358,
0.09905061465549925,
0.14938003177541864,
0.5534405385573509
],
[
0.10075366733204436,
-0.3836681189534638,
0.9179583176908712,
0.7320834854884556
],
[
0.0,
0.0,
0.0,
1.0
]
],
"at_element": 9,
"to_element": 22
},
{
"pose": [
[
-0.21160604384553316,
-0.9181436435738582,
-0.3350151220063988,
0.20600743266795654
],
[
-0.6960641511960955,
-0.09905061465549836,
0.711114388235836,
0.5498747173875634
],
[
-0.6860886091662661,
0.38366811895346215,
-0.6181271672326099,
0.745895534060744
],
[
0.0,
0.0,
0.0,
1.0
]
],
"at_element": 22,
"to_element": 9
},
{
"pose": [
[
-0.9377458536799899,
-0.2891291698686754,
0.19245008972987726,
-0.023053821009496933
],
[
0.32498238600467017,
-0.9259316452901205,
0.1924500897298893,
-0.023053821009496933
],
[
0.12255269353506154,
0.2430121630317741,
0.962250448649373,
-0.11526910504748461
],
[
0.0,
0.0,
0.0,
1.0
]
],
"at_element": 1,
"to_element": 14
},
{
"pose": [
[
-0.7495055683312357,
0.2891291698686794,
-0.5955213901880598,
-0.012645174041063908
],
[
0.37687727153564154,
0.9259316452901195,
-0.02478125198981239,
0.010279708143243863
],
[
0.5442471178061685,
-0.24301216303177203,
-0.8029571367005202,
-0.12401754027172045
],
[
0.0,
0.0,
0.0,
1.0
]
],
"at_element": 14,
"to_element": 1
},
{
"pose": [
[
0.1598627814704371,
0.968197735002256,
0.1924500897298739,
0.006723705112369385
],
[
-0.9736299159009872,
0.12250612158418928,
0.19245008972987365,
0.006723705112369385
],
[
0.16275342688610853,
-0.21814077131728737,
0.9622504486493768,
0.03361852556184694
],
[
0.0,
0.0,
0.0,
1.0
]
],
"at_element": 1,
"to_element": 15
},
{
"pose": [
[
0.22651116003338778,
-0.9681977350022555,
-0.10623483570294254,
-0.028131418320950948
],
[
-0.7994592825474405,
-0.12250612158418739,
-0.5880961704714052,
0.0023134841060742928
],
[
0.5563789625148139,
0.21814077131729065,
-0.8017836703001855,
0.0414715944497699
],
[
0.0,
0.0,
0.0,
1.0
]
],
"at_element": 15,
"to_element": 1
},
{
"pose": [
[
0.03774371211183469,
0.9805806316458537,
0.19245008972987607,
0.11392142875213201
],
[
-0.981306762924648,
1.1451543613372195e-06,
0.19245008972987607,
0.11392142875213201
],
[
0.1887126101625635,
-0.19611635536004393,
0.9622504486493759,
0.5696071437606599
],
[
0.0,
0.0,
0.0,
1.0
]
],
"at_element": 1,
"to_element": 5
},
{
"pose": [
[
-0.19605563394912506,
-0.9805806316458535,
0.004879880923279845,
0.07862051886842489
],
[
0.02488830410224041,
-1.1451543611151749e-06,
0.9996902381826096,
0.11392138752656666
],
[
-0.9802768796190803,
0.19611635536004468,
0.024405213471133336,
0.5766673339825145
],
[
0.0,
0.0,
0.0,
1.0
]
],
"at_element": 5,
"to_element": 1
},
{
"pose": [
[
0.9806072370843649,
-0.03704604622265615,
0.19245008972987526,
0.12066347185282107
],
[
-0.000697027804868626,
0.9813065153738673,
0.1924500897298757,
0.12066347185282107
],
[
-0.1959820418558993,
-0.1888520938302427,
0.9622504486493761,
0.6033173592641052
],
[
0.0,
0.0,
0.0,
1.0
]
],
"at_element": 1,
"to_element": 6
},
{
"pose": [
[
0.03649187352723404,
0.03704604622265602,
0.9986470515781547,
0.121997129423462
],
[
0.19018420559849047,
-0.9813065153738676,
0.02945319720623464,
0.08533643977274859
],
[
0.9810699827776528,
0.18885209383024348,
-0.04285528612189493,
0.6101160341659916
],
[
0.0,
0.0,
0.0,
1.0
]
],
"at_element": 6,
"to_element": 1
},
{
"pose": [
[
0.8364082021500441,
0.5132097839471638,
0.1924500897298736,
0.15831004332315865
],
[
-0.5449995966622706,
0.8160504902277357,
0.19245008972986916,
0.15831004332315865
],
[
-0.058281721097556624,
-0.26585205483497343,
0.9622504486493778,
0.7915502166157932
],
[
0.0,
0.0,
0.0,
1.0
]
],
"at_element": 1,
"to_element": 10
},
{
"pose": [
[
-0.6443088027361992,
-0.5132097839471629,
0.5669937251659422,
0.13983453986514038
],
[
0.570957483898248,
-0.8160504902277363,
-0.08982844193045295,
0.12893230321430632
],
[
0.5087963426531555,
0.26585205483497265,
0.818809481285357,
0.8011208653291668
],
[
0.0,
0.0,
0.0,
1.0
]
],
"at_element": 10,
"to_element": 1
},
{
"pose": [
[
0.9990378063874182,
-0.0435849534907421,
0.004879880923279782,
0.0784792673670261
],
[
-0.0038100660226317792,
0.02459494011580743,
0.9996902381826099,
0.08498466769732808
],
[
-0.04369147291541828,
-0.9987469352893704,
0.024405213471133114,
0.575960908334235
],
[
0.0,
0.0,
0.0,
1.0
]
],
"at_element": 5,
"to_element": 6
},
{
"pose": [
[
-0.028362267248384754,
0.043584953490740985,
0.9986470515781545,
0.08004834310180928
],
[
0.9992635278519028,
-0.024594940115808317,
0.029453197206233017,
0.08409924002921423
],
[
0.025845380660780515,
0.9987469352893703,
-0.04285528612189626,
0.6119161969336478
],
[
0.0,
0.0,
0.0,
1.0
]
],
"at_element": 6,
"to_element": 5
},
{
"pose": [
[
0.051946828653680166,
-0.0023650300387163536,
0.9986470515781545,
0.21824442287745838
],
[
-0.6025311478078762,
-0.7975517068476838,
0.029453197206235182,
0.08817507080879586
],
[
0.796403002828435,
-0.6032459544309121,
-0.04285528612189471,
0.6059857407926614
],
[
0.0,
0.0,
0.0,
1.0
]
],
"at_element": 6,
"to_element": 16
},
{
"pose": [
[
-0.9772710715572803,
0.002365030038715632,
-0.21198032769623004,
0.21832956191634115
],
[
-0.1260336183816555,
0.7975517068476825,
0.5899379644860768,
0.11688624346570015
],
[
0.17046049317924766,
0.603245954430914,
-0.7791261378800118,
0.6277020741708467
],
[
0.0,
0.0,
0.0,
1.0
]
],
"at_element": 16,
"to_element": 6
},
{
"pose": [
[
-0.012922052913482807,
-0.05036950389630607,
0.9986470515781546,
-0.01591357899431299
],
[
-0.6577200441174553,
0.7526864239113545,
0.029453197206234183,
0.08126902547911881
],
[
-0.7531516209334174,
-0.6564495870489803,
-0.042855286121895375,
0.6160342440672547
],
[
0.0,
0.0,
0.0,
1.0
]
],
"at_element": 6,
"to_element": 23
},
{
"pose": [
[
-0.8940675899430033,
0.05036950389630608,
0.44509106673887516,
-0.014100266616150436
],
[
0.2589405161222353,
-0.7526864239113542,
0.6053205401850228,
0.05417216123040296
],
[
0.3655036986459374,
0.6564495870489808,
0.6599098316735117,
0.6396665626282265
],
[
0.0,
0.0,
0.0,
1.0
]
],
"at_element": 23,
"to_element": 6
},
{
"pose": [
[
-0.039236978650850185,
0.8227870776384366,
0.566993725165944,
0.07738454260253802
],
[
-0.9958529755959934,
0.014411870695862028,
-0.08982844193044723,
0.1388262150931696
],
[
-0.0820811214772234,
-0.5681669850090263,
0.8188094812853562,
0.7109352996072577
],
[
0.0,
0.0,
0.0,
1.0
]
],
"at_element": 10,
"to_element": 23
},
{
"pose": [
[
-0.35343368144596465,
-0.8227870776384378,
0.4450910667388775,
0.04776420888645164
],
[
0.7958513313510005,
-0.014411870695862472,
0.6053205401850211,
0.13830738776701645
],
[
-0.4916353233916299,
0.5681669850090246,
0.6599098316735115,
0.7313893103225614
],
[
0.0,
0.0,
0.0,
1.0
]
],
"at_element": 23,
"to_element": 10
},
{
"pose": [
[
-0.4727669498536442,
0.6997178290842947,
0.535617746893849,
0.219905597737599
],
[
0.7353732017037975,
0.6481855453950993,
-0.1976910543164853,
0.20593802539846584
],
[
-0.4855076367494003,
0.300417140660148,
-0.8209944434986103,
0.5517251733795909
],
[
0.0,
0.0,
0.0,
1.0
]
],
"at_element": 13,
"to_element": 16
},
{
"pose": [
[
0.6822457770711081,
-0.6997178290842949,
-0.21198032769623057,
0.19471568947896278
],
[
-0.4814859258575297,
-0.6481855453950984,
0.5899379644860768,
0.18260328424367153
],
[
-0.5501926961254187,
-0.30041714066014913,
-0.7791261378800114,
0.5409101278026412
],
[
0.0,
0.0,
0.0,
1.0
]
],
"at_element": 16,
"to_element": 13
},
{
"pose": [
[
-0.9143118726518482,
-0.30849128225743916,
-0.262425090833616,
0.5728831062510688
],
[
0.36147149254977406,
-0.9138091999608673,
-0.1851785790547011,
0.6235959125798485
],
[
-0.18268048500512923,
-0.2641701626566493,
0.947017405098898,
-0.024261712229673466
],
[
0.0,
0.0,
0.0,
1.0
]
],
"at_element": 4,
"to_element": 18
},
{
"pose": [
[
-0.7351799517366082,
0.3084912822574366,
0.6036087866621237,
0.5839887961917117
],
[
0.4052728008923733,
0.9138091999608693,
0.02658388466208031,
0.6564930549736596
],
[
-0.5433823657622773,
0.2641701626566456,
-0.7968373295350513,
-0.014751583137644714
],
[
0.0,
0.0,
0.0,
1.0
]
],
"at_element": 18,
"to_element": 4
},
{
"pose": [
[
-0.7512101467819203,
0.6316410767746667,
0.1916060163534166,
0.7884890576746418
],
[
0.6277339561629127,
0.5939197928473698,
0.5031991255399753,
0.6858792316338697
],
[
0.2040426319472097,
0.49828589162756454,
-0.8426611267603239,
-0.23676022045351824
],
[
0.0,
0.0,
0.0,
1.0
]
],
"at_element": 11,
"to_element": 18
},
{
"pose": [
[
0.48650383636228245,
-0.6316410767746651,
0.6036087866621254,
0.765749962788479
],
[
-0.8040849312979398,
-0.5939197928473674,
0.026583884662094437,
0.6644981039319036
],
[
0.34170373200240156,
-0.49828589162756926,
-0.7968373295350495,
-0.25469852527057124
],
[
0.0,
0.0,
0.0,
1.0
]
],
"at_element": 18,
"to_element": 11
},
{
"pose": [
[
-0.08318368231666251,
0.8818402701596756,
-0.46415322138379156,
0.5131615225996513
],
[
-0.995580431241922,
-0.0939127516802094,
-1.3600232051658168e-15,
0.5399748788529396
],
[
-0.043589906221386504,
0.46210186430760236,
0.885754924953313,
0.7261371809689232
],
[
0.0,
0.0,
0.0,
1.0
]
],
"at_element": 2,
"to_element": 7
},
{
"pose": [
[
-0.4533788225332862,
-0.881840270159675,
-0.1296355707475475,
0.48141527726950856
],
[
0.10054877139598312,
0.09391275168021007,
-0.9904899492890423,
0.5433557374453113
],
[
0.8856283576360288,
-0.46210186430760325,
0.04608990295442261,
0.7095015161572343
],
[
0.0,
0.0,
0.0,
1.0
]
],
"at_element": 7,
"to_element": 2
},
{
"pose": [
[
0.9572015488142831,
-0.12205845586645901,
-0.26242509083361903,
0.3778955452984062
],
[
0.07418465865132866,
0.9799007757319415,
-0.1851785790547201,
0.4860041931453206
],
[
0.27975316149835266,
0.1577853068933703,
0.9470174050988934,
0.6793928560639795
],
[
0.0,
0.0,
0.0,
1.0
]
],
"at_element": 4,
"to_element": 8
},
{
"pose": [
[
0.02029147546039367,
0.12205845586646044,
-0.9923154686767388,
0.38228962243803016
],
[
0.16140441221703408,
-0.9799007757319418,
-0.11723090649147434,
0.4507279841585844
],
[
-0.9866797209533162,
-0.15778530689336823,
-0.03958440586963041,
0.673712620269851
],
[
0.0,
0.0,
0.0,
1.0
]
],
"at_element": 8,
"to_element": 4
},
{
"pose": [
[
-0.13691856074942033,
-0.9551891851477765,
-0.2624250908336206,
0.4009938490448408
],
[
0.9786296264773091,
-0.0894032887547076,
-0.1851785790547192,
0.5023033627588351
],
[
0.15341890986182183,
-0.28217135314657493,
0.9470174050988932,
0.5960376570369045
],
[
0.0,
0.0,
0.0,
1.0
]
],
"at_element": 4,
"to_element": 12
},
{
"pose": [
[
0.0786928870282676,
0.955189185147777,
0.28534374026405834,
0.43538245721815094
],
[
0.8422855721674918,
0.08940328875470727,
-0.5315656750377356,
0.5055220493962004
],
[
-0.5332564527969983,
0.2821713531465739,
-0.7975066664384658,
0.6061963567499766
],
[
0.0,
0.0,
0.0,
1.0
]
],
"at_element": 12,
"to_element": 4
},
{
"pose": [
[
0.9904946497745949,
-0.04598877650971204,
-0.12963557074754753,
0.47093545151800487
],
[
-0.12720024737822389,
0.05243812948903814,
-0.9904899492890423,
0.4632838712336893
],
[
0.052349267758215044,
0.9975646720944115,
0.0460899029544225,
0.713227454563497
],
[
0.0,
0.0,
0.0,
1.0
]
],
"at_element": 7,
"to_element": 8
},
{
"pose": [
[
-0.11486967859276032,
0.04598877650971317,
-0.9923154686767388,
0.47259106111838445
],
[
0.9917192935195314,
-0.05243812948903703,
-0.11723090649147477,
0.4613960830123683
],
[
-0.05742647299911274,
-0.9975646720944116,
-0.03958440586962908,
0.6773148303654988
],
[
0.0,
0.0,
0.0,
1.0
]
],
"at_element": 8,
"to_element": 7
},
{
"pose": [
[
0.48523215974485034,
0.8647221345301077,
-0.12963557074754695,
0.45111061048824885
],
[
-0.10390627781558537,
-0.0901839552686663,
-0.9904899492890423,
0.31181074026359396
],
[
-0.8681896316933636,
0.494087526927966,
0.04608990295442339,
0.7202758672320206
],
[
0.0,
0.0,
0.0,
1.0
]
],
"at_element": 7,
"to_element": 20
},
{
"pose": [
[
0.2539567851008786,
-0.8647221345301079,
0.43331464475011694,
0.4199785404253701
],
[
-0.770213847809905,
0.09018395526866552,
0.6313774488006044,
0.3150575788743545
],
[
-0.5850440837604348,
-0.49408752692796576,
-0.6431181351751172,
0.7024875316600689
],
[
0.0,
0.0,
0.0,
1.0
]
],
"at_element": 20,
"to_element": 7
},
{
"pose": [
[
0.835558735027734,
-0.4694896699725905,
0.28534374026405607,
0.4786265486638084
],
[
-0.26963875033794954,
-0.8029525997453795,
-0.5315656750377372,
0.42496281007511894
],
[
0.47868209140831863,
0.3672146134771387,
-0.7975066664384654,
0.4853335294103199
],
[
0.0,
0.0,
0.0,
1.0
]
],
"at_element": 12,
"to_element": 17
},
{
"pose": [
[
-0.5341955294668586,
0.46948966997259034,
-0.7030039730233753,
0.495528174627498
],
[
0.5894630348630154,
0.8029525997453797,
0.08832017375560022,
0.4538690999797741
],
[
0.6059442769988885,
-0.3672146134771386,
-0.7056804948566522,
0.4721138050109443
],
[
0.0,
0.0,
0.0,
1.0
]
],
"at_element": 17,
"to_element": 12
},
{
"pose": [
[
0.5899409382115923,
0.39718396661418165,
-0.7030039730233756,
0.544456331781675
],
[
0.6265781253811682,
-0.7743380396839628,
0.0883201737555995,
0.4477221313889515
],
[
-0.5092833614166551,
-0.4925905977208892,
-0.7056804948566529,
0.5212282445844396
],
[
0.0,
0.0,
0.0,
1.0
]
],
"at_element": 17,
"to_element": 20
},
{
"pose": [
[
-0.8090014309688855,
-0.3971839666141822,
0.4333146447501174,
0.5301577113827092
],
[
-0.041989492071693696,
0.7743380396839622,
0.6313774488006044,
0.47559829614027294
],
[
-0.5863050121275252,
0.4925905977208892,
-0.6431181351751172,
0.5389615031269539
],
[
0.0,
0.0,
0.0,
1.0
]
],
"at_element": 20,
"to_element": 17
},
{
"pose": [
[
0.8852415025052558,
-0.03015409294420176,
-0.46415322138379006,
0.5846861075259701
],
[
0.03404338163379798,
0.9994203560899365,
-3.469446951953614e-17,
0.13499371971323476
],
[
0.46388417779567864,
-0.015801345252125055,
0.8857549249533136,
0.5896450692372586
],
[
0.0,
0.0,
0.0,
1.0
]
],
"at_element": 3,
"to_element": 6
},
{
"pose": [
[
0.042365045178445526,
0.03015409294419788,
0.9986470515781544,
0.5857716548338195
],
[
0.01707222912787678,
-0.9994203560899366,
0.029453197206238506,
0.0990145881581594
],
[
0.9989563263424651,
0.015801345252128875,
-0.04285528612189493,
0.590213917646348
],
[
0.0,
0.0,
0.0,
1.0
]
],
"at_element": 6,
"to_element": 3
},
{
"pose": [
[
-0.3567281006855303,
-0.8107446264147223,
-0.46415322138378723,
0.5550591323866346
],
[
0.9153148388731273,
-0.40273905415127254,
-1.942890293094024e-15,
0.13499371971323476
],
[
-0.18693262936137092,
-0.42484633104334474,
0.8857549249533152,
0.6461829492564883
],
[
0.0,
0.0,
0.0,
1.0
]
],
"at_element": 3,
"to_element": 11
},
{
"pose": [
[
-0.5531548474313746,
0.810744626414723,
0.19160601635341415,
0.5842459400864843
],
[
0.7645860934630903,
0.40273905415127054,
0.5031991255399703,
0.14949232623340875
],
[
0.3307987612522515,
0.424846331043345,
-0.8426611267603277,
0.6614774177761055
],
[
0.0,
0.0,
0.0,
1.0
]
],
"at_element": 11,
"to_element": 3
},
{
"pose": [
[
-0.6062649008013943,
0.6457589775878712,
-0.46415322138378273,
0.5958242137819905
],
[
-0.7290492656553944,
-0.6844612247946045,
-1.9234613901630837e-14,
0.13499371971323476
],
[
-0.3176948824007176,
0.33839056520142086,
0.8857549249533175,
0.5683899491251743
],
[
0.0,
0.0,
0.0,
1.0
]
],
"at_element": 3,
"to_element": 19
},
{
"pose": [
[
0.7260579117691267,
-0.6457589775878739,
-0.23629484044751978,
0.5725768966182269
],
[
0.6876132963166411,
0.6844612247946029,
0.24228245186400757,
0.15963431741508088
],
[
0.0052785875021698625,
-0.33839056520141914,
0.9409909467665701,
0.5562078919374495
],
[
0.0,
0.0,
0.0,
1.0
]
],
"at_element": 19,
"to_element": 3
},
{
"pose": [
[
-1.7917827443980627e-08,
0.8857549249533134,
-0.4641532213837902,
0.5030729686564861
],
[
-0.9999999999999998,
-2.0228876795869155e-08,
2.7755575615628914e-16,
0.13499371971323482
],
[
-9.389298089024223e-09,
0.46415322138379017,
0.8857549249533136,
0.7453894147769202
],
[
0.0,
0.0,
0.0,
1.0
]
],
"at_element": 3,
"to_element": 21
},
{
"pose": [
[
0.35968996853642743,
-0.8857549249533134,
-0.2933621302336314,
0.47118579554464884
],
[
0.6320372898505993,
2.0228876795869155e-08,
0.7749379744458966,
0.13499372044147429
],
[
-0.6864051214644116,
-0.4641532213837902,
0.5598301495154372,
0.7286799010009037
],
[
0.0,
0.0,
0.0,
1.0
]
],
"at_element": 21,
"to_element": 3
},
{
"pose": [
[
-0.5413256563389224,
-0.8307593830864581,
-0.12963557074754795,
0.4316791528133717
],
[
0.10963985087040246,
0.08311897171227778,
-0.9904899492890422,
0.16334328325303127
],
[
0.8336339945625724,
-0.5503908465402574,
0.046089902954421724,
0.7271844185912933
],
[
0.0,
0.0,
0.0,
1.0
]
],
"at_element": 7,
"to_element": 21
},
{
"pose": [
[
-0.4730512741327231,
0.8307593830864585,
-0.2933621302336316,
0.4615864910049549
],
[
-0.6265479808467861,
-0.08311897171227867,
0.7749379744458964,
0.16035100023132143
],
[
0.6194030349765995,
0.5503908465402567,
0.5598301495154374,
0.7469984893320606
],
[
0.0,
0.0,
0.0,
1.0
]
],
"at_element": 21,
"to_element": 7
},
{
"pose": [
[
-0.14194428189129105,
0.9711534149327502,
0.1916060163534104,
0.593829656681772
],
[
0.8637496527400482,
0.026966227901920936,
0.5031991255399674,
0.1746612530862931
],
[
0.4835166576549477,
0.23692586861125853,
-0.8426611267603299,
0.6193293392427
],
[
0.0,
0.0,
0.0,
1.0
]
],
"at_element": 11,
"to_element": 19
},
{
"pose": [
[
0.03202800403299311,
-0.9711534149327504,
-0.23629484044752205,
0.5588681201332525
],
[
0.9698309316945403,
-0.02696622790192471,
0.24228245186402067,
0.17369046850388592
],
[
-0.24166541102558017,
-0.2369258686112574,
0.9409909467665661,
0.6108000046521238
],
[
0.0,
0.0,
0.0,
1.0
]
],
"at_element": 19,
"to_element": 11
},
{
"pose": [
[
-0.4901211347446208,
0.636502590022326,
-0.5955213901880572,
0.5407072573522783
],
[
0.8031517122394463,
0.5952589492621376,
-0.024781251989795222,
0.03330619596964171
],
[
0.3387161059109699,
-0.4904398395503843,
-0.802957136700523,
0.6220820813683365
],
[
0.0,
0.0,
0.0,
1.0
]
],
"at_element": 14,
"to_element": 21
},
{
"pose": [
[
-0.7133043624145696,
-0.6365025900223267,
-0.29336213023363183,
0.5177931646909842
],
[
0.21245686405722145,
-0.595258949262137,
0.774937974445896,
0.011876874338163784
],
[
-0.6678764612376422,
0.4904398395503842,
0.5598301495154381,
0.6397379151456248
],
[
0.0,
0.0,
0.0,
1.0
]
],
"at_element": 21,
"to_element": 14
},
{
"pose": [
[
-1.7917832328961936e-08,
0.885754924953314,
-0.46415322138378945,
0.3497624520852661
],
[
-0.9999999999999999,
-2.022888190289507e-08,
9.159339953157541e-16,
0.5399748788529396
],
[
-9.389299837625487e-09,
0.46415322138378934,
0.8857549249533141,
1.0379556167204176
],
[
0.0,
0.0,
0.0,
1.0
]
],
"at_element": 2,
"to_element": 21
},
{
"pose": [
[
0.35968996853642843,
-0.8857549249533133,
-0.2933621302336299,
0.31787528622981126
],
[
0.6320372898506007,
2.0228879904493624e-08,
0.7749379744458954,
0.5399748795811791
],
[
-0.6864051214644095,
-0.4641532213837901,
0.5598301495154396,
1.02124610674689
],
[
0.0,
0.0,
0.0,
1.0
]
],
"at_element": 21,
"to_element": 2
},
{
"pose": [
[
0.6702139386270745,
-0.5791157600592773,
-0.4641532213837899,
0.3022320605833556
],
[
0.6538103754712976,
0.7566584387463612,
-6.38378239159465e-16,
0.5399748788529396
],
[
0.351205451831353,
-0.30346819194914754,
0.8857549249533138,
1.128659023307281
],
[
0.0,
0.0,
0.0,
1.0
]
],
"at_element": 2,
"to_element": 23
},
{
"pose": [
[
-0.6830218728270832,
0.5791157600592776,
0.4450910667388749,
0.32308024638367233
],
[
-0.247093202464232,
-0.7566584387463617,
0.6053205401850237,
0.5127351509671936
],
[
0.687332576367332,
0.30346819194914654,
0.659909831673511,
1.1395838878794253
],
[
0.0,
0.0,
0.0,
1.0
]
],
"at_element": 23,
"to_element": 2
},
{
"pose": [
[
-0.25288908607915594,
0.8949910485882674,
0.3674753503147152,
0.45982900571414376
],
[
-0.9337781772168622,
-0.32518290524000193,
0.14938003177542103,
0.6431836796564232
],
[
0.2531904932962595,
-0.30536388307484114,
0.9179583176908697,
1.283565914890074
],
[
0.0,
0.0,
0.0,
1.0
]
],
"at_element": 9,
"to_element": 23
},
{
"pose": [
[
0.029748365604176374,
-0.8949910485882682,
0.4450910667388781,
0.4276072040599916
],
[
0.7265281286844907,
0.32518290524000193,
0.6053205401850198,
0.6548910359372396
],
[
-0.6864924711707276,
0.3053638830748394,
0.6599098316735124,
1.2945597393403852
],
[
0.0,
0.0,
0.0,
1.0
]
],
"at_element": 23,
"to_element": 9
},
{
"pose": [
[
0.8811993083237939,
0.08971937409900745,
-0.4641532213837901,
0.3308641876453517
],
[
-0.10129141997571874,
0.9948567978555017,
2.5326962749261384e-16,
0.13499371971323493
],
[
0.46176598754019327,
0.04701473888026801,
0.8857549249533136,
1.0740196361638659
],
[
0.0,
0.0,
0.0,
1.0
]
],
"at_element": 3,
"to_element": 10
},
{
"pose": [
[
-0.8188214393466553,
-0.08971937409900774,
0.5669937251659439,
0.32763432908967866
],
[
0.04680601223182748,
-0.9948567978555016,
-0.0898284419304465,
0.09917930646646862
],
[
0.572136913409042,
-0.04701473888026905,
0.8188094812853565,
1.0723271259547822
],
[
0.0,
0.0,
0.0,
1.0
]
],
"at_element": 10,
"to_element": 3
},
{
"pose": [
[
0.6637149061247486,
-0.48785309162724544,
0.5669937251659446,
0.2444224577326244
],
[
0.6385432645815596,
0.7643254217137305,
-0.0898284419304502,
0.11236250836510225
],
[
-0.389544634984671,
0.421670500167923,
0.8188094812853556,
0.9521588309657817
],
[
0.0,
0.0,
0.0,
1.0
]
],
"at_element": 10,
"to_element": 20
},
{
"pose": [
[
0.7577847845099684,
0.48785309162724433,
0.43331464475011716,
0.2619849758926843
],
[
0.13103116754485986,
-0.7643254217137296,
0.6313774488006044,
0.08484709577589727
],
[
0.6392128389644655,
-0.4216705001679256,
-0.6431181351751165,
0.9369788598969109
],
[
0.0,
0.0,
0.0,
1.0
]
],
"at_element": 20,
"to_element": 10
},
{
"pose": [
[
0.14750848166295305,
-0.8104069122730507,
0.5669937251659405,
0.3962682256011149
],
[
0.9890403425298183,
0.11717530400578757,
-0.08982844193044281,
0.08830568350806023
],
[
0.0063599281434560395,
0.5740301252296879,
0.8188094812853592,
1.1714430115577035
],
[
0.0,
0.0,
0.0,
1.0
]
],
"at_element": 10,
"to_element": 22
},
{
"pose": [
[
0.48063032006636475,
0.8104069122730525,
-0.3350151220063966,
0.42544604978472644
],
[
0.693243301428241,
-0.11717530400578813,
0.7111143882358338,
0.08408691344679228
],
[
0.537036516875507,
-0.5740301252296854,
-0.6181271672326134,
1.1507756778807605
],
[
0.0,
0.0,
0.0,
1.0
]
],
"at_element": 22,
"to_element": 10
},
{
"pose": [
[
0.6733405533472978,
0.682049447701612,
0.2853437402640553,
0.6944808019645035
],
[
0.7033369983525978,
-0.47196927852354276,
-0.5315656750377362,
0.022848813253705788
],
[
-0.22788059585298723,
0.5586175355463632,
-0.7975066664384662,
-0.11795710464073325
],
[
0.0,
0.0,
0.0,
1.0
]
],
"at_element": 12,
"to_element": 13
},
{
"pose": [
[
-0.4979178447317165,
-0.6820494477016145,
0.5356177468938509,
0.6699270385230359
],
[
-0.8591642725190561,
0.4719692785235454,
-0.19769105431648912,
0.03983969574112489
],
[
-0.1179600471537866,
-0.5586175355463582,
-0.8209944434986087,
-0.13806732226246438
],
[
0.0,
0.0,
0.0,
1.0
]
],
"at_element": 13,
"to_element": 12
},
{
"pose": [
[
0.1049831776365664,
-0.9526581140710672,
0.28534374026406634,
0.7330680948305032
],
[
-0.8097588781163277,
-0.2484521934567545,
-0.5315656750377268,
-0.04903529522967149
],
[
0.5772946316441161,
-0.17525417330576,
-0.7975066664384689,
-0.22580465465872362
],
[
0.0,
0.0,
0.0,
1.0
]
],
"at_element": 12,
"to_element": 19
},
{
"pose": [
[
0.19133025393918268,
0.9526581140710666,
-0.2362948404475362,
0.7673658286014168
],
[
-0.9378543176236322,
0.24845219345675618,
0.2422824518640125,
-0.040090483801399
],
[
0.2895203150769888,
0.1752541733057598,
0.9409909467665647,
-0.21949512882831165
],
[
0.0,
0.0,
0.0,
1.0
]
],
"at_element": 19,
"to_element": 12
}
],
"nstatus": 0,
"opt_line_pos": [
[
-0.3374842992830872,
0.33748429928308715,
-0.48226470252476455
],
[
-0.3374842992830872,
-0.33748429928308726,
-0.48226470252476455
],
[
0.2024905795698524,
0.20249057956985234,
0.19270389604140975
],
[
0.2024905795698525,
-0.20249057956985247,
0.19270389604140953
],
[
0.24841200480942646,
0.29529429273332686,
-0.5534873391565074
],
[
-0.25872975165091683,
-0.19610583875441825,
0.09507293482004649
],
[
-0.19339185222257035,
-0.25149620010107077,
0.126903147637886
],
[
0.13047131020225572,
0.10303187349561227,
0.2320221883440067
],
[
0.10249057956985239,
0.1200585488115909,
0.1937490373735716
],
[
-0.11144874796236623,
0.21066151289116375,
0.21728205054037175
],
[
-0.2483596258304607,
-0.20051806537756547,
0.24562480667056177
],
[
0.2453104611848714,
-0.19180308675550617,
0.1855948355821708
],
[
0.10892137256704211,
0.1475026491099824,
0.0931228930221467
],
[
-0.16265391605075585,
-0.11490947136871435,
0.13855172270923283
],
[
0.2437760538600611,
-0.3024905795698525,
0.19449618336190524
],
[
-0.28499200721811,
0.11114695821080986,
0.1676963200745648
],
[
-0.12316330407189245,
-0.20944227684373867,
0.1307040276166747
],
[
0.26863800394360504,
0.10249057956985233,
0.10086429214788119
],
[
-0.2084169400685769,
0.29897329683353197,
0.1035355800480396
],
[
0.39942497067596416,
-0.34634646811477626,
-0.5804734507539405
],
[
-0.09537883559341984,
-0.28160339666546524,
0.4842189871098258
],
[
0.1628549400238757,
-0.2795015776344627,
0.19078096658892105
],
[
0.03295114451521737,
-0.1366300196701494,
0.5670124225668268
],
[
-0.2638386612597334,
-0.1639783603955172,
0.28749745061924836
]
],
"opt_line_orient": [
[
0.19245008972987523,
-0.19245008972987512,
0.9622504486493764
],
[
0.1924500897298753,
0.1924500897298753,
0.9622504486493764
],
[
-0.46415322138379017,
0.0,
0.8857549249533136
],
[
-0.4641532213837902,
2.544876874908916e-16,
0.8857549249533136
],
[
-0.26242509083361887,
-0.18517857905472065,
0.9470174050988934
],
[
0.0048798809232798255,
0.9996902381826099,
0.02440521347113339
],
[
0.9986470515781547,
0.029453197206234363,
-0.042855286121895105
],
[
-0.12963557074754753,
-0.9904899492890423,
0.04608990295442241
],
[
-0.9923154686767385,
-0.11723090649147591,
