{
"line_pt_pairs": [
[
[
-0.028728184911354204,
0.7036967834775286,
-0.1436409245567712
],
[
0.163721904818521,
0.5112466937476535,
0.8186095240926052
]
],
[
[
-0.028728184770690668,
-0.028728184770690668,
-0.14364092385345334
],
[
0.16372190495918462,
0.16372190495918462,
0.8186095247959231
]
],
[
[
0.67080620136397,
0.5399748788529396,
0.4252999914910978
],
[
0.20665297998017984,
0.5399748788529396,
1.3110549164444114
]
],
[
[
0.554767894413961,
0.1349937197132348,
0.6467387257904958
],
[
0.3226912837220659,
0.1349937197132349,
1.0896161882671527
]
],
[
[
0.7521932921285651,
0.6083708183410025,
-0.14594839702971923
],
[
0.454510190352489,
0.4721891102786874,
0.7989533509346947
]
],
[
[
0.222029579125521,
0.048134464825835666,
0.6767429549769081
],
[
0.27035067808453606,
0.5414214698653879,
0.6109174124079173
]
],
[
[
-0.15939144994672366,
0.04057631823295771,
0.6367584958875228
],
[
0.8400351345994648,
0.07352359128463692,
0.6445674203203962
]
],
[
[
0.45623391909714656,
0.8334875548091942,
0.6086494855849306
],
[
0.5181323710759235,
-0.1645887390216661,
0.6051433002667463
]
],
[
[
0.8392256207665462,
0.4942376254988098,
0.7638515850354302
],
[
-0.13878376318634356,
0.37076310967640697,
0.5957691979673239
]
],
[
[
0.20568411086138375,
0.5388054760405707,
0.6167460016573612
],
[
0.34090402270049325,
0.501658829504936,
1.0966790199978167
]
],
[
[
0.018066027219722947,
0.18876998449370933,
0.3976687253237322
],
[
0.5853354399965887,
0.31401128409532997,
1.2116220594909235
]
],
[
[
0.5965669561136577,
0.11260406930629518,
0.7485550773969345
],
[
0.7503565570630516,
0.6675224853320982,
-0.06901101179417207
]
],
[
[
0.593594620189102,
0.4906238063352011,
0.813785836691904
],
[
0.8762211933149447,
-0.10902078010134936,
0.06508790686941462
]
],
[
[
0.13337604081044016,
0.2014133732166466,
0.6566003862889682
],
[
0.8704401093166928,
-0.08093579470242251,
0.04258450189148827
]
],
[
[
0.524806645282918,
0.239289709545839,
0.5868340339837157
],
[
-0.17735701073047783,
-0.012225049128101906,
-0.07927896419534036
]
],
[
[
0.09915988617880728,
0.6583767081350378,
0.6074031843818479
],
[
-0.15682009670117347,
0.004383351554957837,
-0.10447246340636313
]
],
[
[
0.10321991124334229,
0.08545202158741066,
0.7328725906473418
],
[
0.02819472838890702,
0.6957738829984348,
-0.055720109941144014
]
],
[
[
0.6318323208550384,
0.5628116841278239,
0.6812623594112218
],
[
-0.07285123801922999,
0.7157652942592929,
-0.011576925704775587
]
],
[
[
0.12316805766292177,
0.492599571819178,
0.7435904180630895
],
[
0.7312619006274446,
0.5558121534711096,
-0.04775403770161485
]
],
[
[
0.7945407385353169,
-0.04925335282828219,
-0.1227631054404677
],
[
0.6159258614663374,
0.1439551184882863,
0.8419996697022865
]
],
[
[
0.33476471482315806,
0.048492696707051086,
1.2647140321886243
],
[
0.6013834522069956,
0.5752615119965574,
0.45760247601169884
]
],
[
[
0.5500736388880676,
-0.08507245065153529,
0.6133272705140181
],
[
0.20121519403881838,
0.6788945943101279,
1.1561459692246536
]
],
[
[
0.4906436060391587,
0.04360242403957043,
1.1861761227715386
],
[
0.009029422186021208,
0.5692919652903934,
0.48496411194244854
]
],
[
[
-0.025025669905767822,
-0.019524761365613263,
0.6280212376989598
],
[
0.47819369177544063,
0.6270951634346948,
1.2013038441684052
]
]
],
"contact_id_pairs": [
[
0,
16
],
[
0,
17
],
[
0,
15
],
[
0,
18
],
[
5,
8
],
[
5,
18
],
[
8,
22
],
[
9,
18
],
[
15,
22
],
[
1,
14
],
[
14,
15
],
[
1,
16
],
[
1,
23
],
[
5,
6
],
[
5,
10
],
[
6,
23
],
[
10,
13
],
[
10,
16
],
[
16,
23
],
[
4,
11
],
[
4,
18
],
[
2,
17
],
[
2,
20
],
[
4,
7
],
[
4,
8
],
[
4,
20
],
[
8,
12
],
[
8,
20
],
[
3,
21
],
[
6,
7
],
[
6,
19
],
[
7,
14
],
[
7,
21
],
[
11,
19
],
[
2,
9
],
[
9,
21
],
[
9,
23
],
[
21,
23
],
[
3,
22
],
[
10,
20
],
[
20,
22
],
[
12,
13
],
[
13,
19
]
],
"coupler_pt_pairs": [
[
[
-0.0033809367837243087,
0.6783495353498987,
-0.016904683918621433
],
[
0.031111336263853984,
0.6720475889793001,
-0.025063527802256347
]
],
[
[
0.0134552356804305,
0.6615133628857439,
0.06727617840215266
],
[
0.014352866215739835,
0.6968373905313738,
0.07416145782421696
]
],
[
[
0.10231036841842725,
0.5726582301477472,
0.5115518420921363
],
[
0.06754966270444268,
0.577616970910042,
0.5194957313873924
]
],
[
[
0.14532172938980992,
0.5296468691763646,
0.7266086469490497
],
[
0.14095589537843176,
0.49444865343217603,
0.7204421706024877
]
],
[
[
0.2579358394991007,
0.41468431620393703,
0.6278295585179605
],
[
0.2512536417010569,
0.42000566349163504,
0.6628017020874292
]
],
[
[
0.26675264912430874,
0.5046909118261034,
0.6158188367047196
],
[
0.238212458190465,
0.5045586693270426,
0.593877097368348
]
],
[
[
0.14236654115416145,
0.40625857451689285,
0.6440881763471397
],
[
0.13497235063670204,
0.4318232558945493,
0.6683322457504346
]
],
[
[
0.21025122594790333,
0.537550830866653,
0.6329559614093658
],
[
0.2103359916833472,
0.501660854399896,
0.6301542073439627
]
],
[
[
0.0587727790632106,
0.5551932503977495,
0.49508737860383395
],
[
0.02755577582726315,
0.549070155648498,
0.5119377811690748
]
],
[
[
0.021627371405642914,
0.021627371405642914,
0.10813685702821468
],
[
0.014385697135312125,
0.05645711703549694,
0.10261924275631024
]
],
[
[
-0.17033537417034383,
-0.009709901541362476,
-0.07261783421354978
],
[
-0.15426029677025926,
0.010923285381646775,
-0.09735370664450277
]
],
[
[
0.13224408211291994,
0.13224408211291994,
0.6612204105645997
],
[
0.09700144446491782,
0.13603858565742788,
0.6675100373852987
]
],
[
[
0.16107628024273962,
0.16107628024273962,
0.8053814012136981
],
[
0.13203303475754855,
0.18229038235090456,
0.8069472298891032
]
],
[
[
0.2229960011047013,
0.05800020492662672,
0.6754264441255282
],
[
0.22343311540037947,
0.053196580371680624,
0.6397496591686161
]
],
[
[
0.23941104235597074,
0.2255735157759391,
0.6530650115435901
],
[
0.2098327215013194,
0.23110808605742064,
0.6728274711983722
]
],
[
[
0.006637695317089631,
0.046049664317730554,
0.6380557488014108
],
[
0.007224632074579129,
0.021915790070343,
0.6647617500611066
]
],
[
[
0.1725940955799438,
0.22288657119917782,
0.6193951812743762
],
[
0.16705092541627897,
0.18851344218690788,
0.6285473106653777
]
],
[
[
0.11279852793899503,
0.2096849522980107,
0.5335967924426579
],
[
0.08579524680942302,
0.22719980849258314,
0.549721245192404
]
],
[
[
0.10246963312307289,
0.09155545408190033,
0.7249863872880823
],
[
0.07137768320553928,
0.1043502992661382,
0.7378468321661615
]
],
[
[
0.6958366197308581,
0.5825892141382849,
0.03293820399108094
],
[
0.7290004322725449,
0.5904632637199878,
0.04452100413840865
]
],
[
[
0.7073256752176195,
0.5878451362610893,
-0.0035302033425242407
],
[
0.7023611036731255,
0.5528078573276485,
-0.010143912715830317
]
],
[
[
0.5682237867487762,
0.5399748788529396,
0.6210605179140736
],
[
0.5733146108510652,
0.5755131227934747,
0.6237282111326015
]
],
[
[
0.6097308851519908,
0.5399748788529396,
0.5418515086098602
],
[
0.5788913132310967,
0.5308229345810322,
0.5256909587219392
]
],
[
[
0.511349076478069,
0.49819131379900483,
0.6185361135034262
],
[
0.47715733571605856,
0.49610971343049715,
0.6074642963950518
]
],
[
[
0.48345048537716284,
0.485428487269767,
0.7070914508393704
],
[
0.4885315010478783,
0.44996219486949374,
0.7035806860642795
]
],
[
[
0.5323501065647337,
0.5077986987369023,
0.5518749227285806
],
[
0.5667146789542385,
0.5067650935036446,
0.5625522173740025
]
],
[
[
0.6185907396832102,
0.4663822842696804,
0.7259328921358933
],
[
0.6182894513025938,
0.43822915134436713,
0.7483674695245858
]
],
[
[
0.5174279399387084,
0.45361039483524046,
0.708546878113386
],
[
0.5243289695528969,
0.4230220297353755,
0.6908627637754337
]
],
[
[
0.48260533687685214,
0.13499371971323482,
0.7844482962318253
],
[
0.45080670753677854,
0.13231275336617904,
0.767785181155652
]
],
[
[
0.5037672300362948,
0.062438124236359915,
0.6419400230742774
],
[
0.5040437680141168,
0.06258173583937643,
0.605941337239076
]
],
[
[
0.6551952101933742,
0.06743012573706547,
0.6431231911752202
],
[
0.6540901432510575,
0.10267265275239523,
0.6358607466173001
]
],
[
[
0.49334048612990933,
0.23516588896940155,
0.6065476155642862
],
[
0.5177849229484435,
0.2367745312347629,
0.5801728226314317
]
],
[
[
0.5124748827620863,
-0.07336505267483989,
0.6054637638943436
],
[
0.5438666617356126,
-0.07147975692914393,
0.6229852372640511
]
],
[
[
0.5995787564641792,
0.1234715367395931,
0.7325439438820578
],
[
0.6349727402303028,
0.12335202881442572,
0.739120671515398
]
],
[
[
0.33514726002988804,
0.5399748788529396,
1.0658461445586065
],
[
0.33170936257902295,
0.5041847207357626,
1.0640446178251364
]
],
[
[
0.31774285160511495,
0.508021500685014,
1.0144735918110959
],
[
0.2877653992327005,
0.4893578194977294,
1.0214751007101095
]
],
[
[
0.3381996244637111,
0.5024017624356487,
1.0870803596310077
],
[
0.3692168592120206,
0.48706360534497395,
1.0771541643786207
]
],
[
[
0.3137262945831929,
0.4325059106553186,
0.9810803227146769
],
[
0.3096963341262166,
0.41058173603359555,
1.009346595040229
]
],
[
[
0.36161397713847726,
0.1349937197132349,
1.0153390620990947
],
[
0.3798824833925284,
0.16449995094938535,
1.0249121232120597
]
],
[
[
0.41521465714503203,
0.2764521500160265,
0.9675222097646272
],
[
0.4364526606679611,
0.2494014523612872,
0.9568830184325401
]
],
[
[
0.39930387655284627,
0.1760051817548728,
1.069340279506677
],
[
0.39647842449495246,
0.146385217294823,
1.0490751848954354
]
],
[
[
0.8733949272752678,
-0.10302433358261703,
0.0725748869846618
],
[
0.8630694670787893,
-0.07811230242838074,
0.048724662029067056
]
],
[
[
0.7352308070336562,
-0.029140793934169185,
0.15522146639355133
],
[
0.744051899887743,
0.00536063842329404,
0.14994515316979784
]
]
],
"half_couplers": [
{
"pose": [
[
0.21206184374232484,
-0.958119375334603,
0.19245008972987143,
-0.0033809367837242255
],
[
0.9655666696414474,
0.17505419001123168,
-0.19245008972987054,
0.6783495353498986
],
[
0.1507009651798204,
0.22663471306916189,
0.9622504486493779,
-0.01690468391862124
],
[
0.0,
0.0,
0.0,
1.0
]
],
"at_element": 0,
"to_element": 16
},
{
"pose": [
[
0.2763665763910097,
0.9581193753346036,
-0.07502518285443271,
0.03111133626385398
],
[
0.7725692564704458,
-0.17505419001123057,
0.6103218614110214,
0.6720475889793001
],
[
0.5716277279931532,
-0.22663471306916058,
-0.7885927005884878,
-0.025063527802256236
],
[
0.0,
0.0,
0.0,
1.0
]
],
"at_element": 16,
"to_element": 0
},
{
"pose": [
[
-0.9809899333991672,
-0.024934184014331288,
0.19245008972987512,
0.013455235680430534
],
[
-0.012814647308761262,
-0.9812230876703385,
-0.19245008972988073,
0.661513362885744
],
[
0.1936350572180812,
-0.19125778073120728,
0.9622504486493753,
0.06727617840215255
],
[
0.0,
0.0,
0.0,
1.0
]
],
"at_element": 0,
"to_element": 17
},
{
"pose": [
[
-0.7090834706294,
0.024934184014330625,
-0.7046835588742681,
0.014352866215739946
],
[
-0.11750083136062395,
0.9812230876703381,
0.1529536101314719,
0.6968373905313738
],
[
0.6952655509298062,
0.19125778073120997,
-0.6928392851159968,
0.07416145782421706
],
[
0.0,
0.0,
0.0,
1.0
]
],
"at_element": 17,
"to_element": 0
},
{
"pose": [
[
-0.17500972051421715,
0.965574730763237,
0.19245008972987768,
0.10231036841842725
],
[
-0.9715914270504895,
-0.1377427379027909,
-0.19245008972987296,
0.5726582301477472
],
[
-0.15931634130725172,
-0.22066349373320773,
0.9622504486493763,
0.5115518420921363
],
[
0.0,
0.0,
0.0,
1.0
]
],
"at_element": 0,
"to_element": 15
},
{
"pose": [
[
0.0462567581685982,
-0.9655747307632366,
-0.2559799828799806,
0.06754966270444265
],
[
-0.7438545742980703,
0.137742737902791,
-0.65399335658008,
0.5776169709100419
],
[
0.6667388428909542,
0.22066349373320987,
-0.7118756477882111,
0.5194957313873924
],
[
0.0,
0.0,
0.0,
1.0
]
],
"at_element": 15,
"to_element": 0
},
{
"pose": [
[
0.9737842603283972,
0.12127315160265026,
0.1924500897298755,
0.14532172938980986
],
[
-0.08373017854686637,
0.9777280911191386,
-0.1924500897298708,
0.5296468691763646
],
[
-0.2115028877750524,
0.17129098790329297,
0.9622504486493771,
0.7266086469490495
],
[
0.0,
0.0,
0.0,
1.0
]
],
"at_element": 0,
"to_element": 18
},
{
"pose": [
[
0.784547449711615,
-0.1212731516026492,
0.6080938429645227,
0.14095589537843173
],
[
-0.2001298312531705,
-0.977728091119139,
0.06321258165192967,
0.49444865343217603
],
[
0.5868844433051351,
-0.17129098790329053,
-0.7913444557647045,
0.7204421706024877
],
[
0.0,
0.0,
0.0,
1.0
]
],
"at_element": 18,
"to_element": 0
},
{
"pose": [
[
0.9778585149295976,
0.18561522125422286,
0.09664219791803005,
0.2579358394991007
],
[
-0.0694457662456982,
-0.1478141000952995,
0.9865740100791041,
0.4146843162039371
],
[
0.1974082326809843,
-0.9714411878501767,
-0.13165108513798018,
0.6278295585179605
],
[
0.0,
0.0,
0.0,
1.0
]
],
"at_element": 5,
"to_element": 8
},
{
"pose": [
[
0.0951032835333977,
-0.1856152212542247,
-0.9780093839528899,
0.251253641701057
],
[
-0.9812772471403998,
0.1478141000952966,
-0.12347451582240127,
0.42000566349163504
],
[
0.16748232654738515,
0.971441187850177,
-0.16808238706810474,
0.6628017020874293
],
[
0.0,
0.0,
0.0,
1.0
]
],
"at_element": 8,
"to_element": 5
},
{
"pose": [
[
-0.601793343653573,
0.7927831084955237,
0.09664219791802953,
0.26675264912430874
],
[
0.1632734783966482,
0.0036734028767917426,
0.9865740100791041,
0.5046909118261034
],
[
0.7817842047435546,
0.6094927801011918,
-0.13165108513798263,
0.6158188367047196
],
[
0.0,
0.0,
0.0,
1.0
]
],
"at_element": 5,
"to_element": 18
},
{
"pose": [
[
0.04143453912874928,
-0.7927831084955242,
0.6080938429645233,
0.238212458190465
],
[
-0.9979933244427054,
-0.003673402876792853,
0.06321258165193189,
0.5045586693270426
],
[
-0.04788009330593995,
-0.6094927801011912,
-0.7913444557647042,
0.5938770973683479
],
[
0.0,
0.0,
0.0,
1.0
]
],
"at_element": 18,
"to_element": 5
},
{
"pose": [
[
0.03620686082608837,
0.20539403138652762,
-0.9780093839528895,
0.1423665411541613
],
[
0.6931595109018152,
-0.7101295208543155,
-0.12347451582240293,
0.40625857451689285
],
[
-0.7198742637957526,
-0.67344588162822,
-0.16808238706810652,
0.6440881763471397
],
[
0.0,
0.0,
0.0,
1.0
]
],
"at_element": 8,
"to_element": 22
},
{
"pose": [
[
-0.851974805837747,
-0.20539403138652673,
-0.48161418385313726,
0.1349723506367019
],
[
-0.4683658504104728,
0.7101295208543136,
0.52568954125082,
0.4318232558945494
],
[
0.23403495548102982,
0.6734458816282223,
-0.701212010829092,
0.6683322457504344
],
[
0.0,
0.0,
0.0,
1.0
]
],
"at_element": 22,
"to_element": 8
},
{
"pose": [
[
0.9627340013654254,
-0.0023546515263967033,
0.270439823678219,
0.21025122594790333
],
[
0.023307962411740032,
0.9969640141413526,
-0.0742932930712714,
0.537550830866653
],
[
-0.2694438373819856,
0.07782808055804889,
0.959866036680911,
0.6329559614093658
],
[
0.0,
0.0,
0.0,
1.0
]
],
"at_element": 9,
"to_element": 18
},
{
"pose": [
[
0.7938616590847724,
0.0023546515263958775,
0.608093842964523,
0.2103359916833472
],
[
-0.045463436166425356,
-0.9969640141413529,
0.06321258165193325,
0.501660854399896
],
[
0.6063965222584263,
-0.07782808055804924,
-0.7913444557647045,
0.6301542073439625
],
[
0.0,
0.0,
0.0,
1.0
]
],
"at_element": 18,
"to_element": 9
},
{
"pose": [
[
-0.42720418923061,
0.8671625159499118,
-0.2559799828799808,
0.0587727790632106
],
[
0.7371308455558482,
0.17009058198277816,
-0.65399335658008,
0.5551932503977494
],
[
-0.5235787402425126,
-0.4680794428856905,
-0.7118756477882104,
0.4950873786038339
],
[
0.0,
0.0,
0.0,
1.0
]
],
"at_element": 15,
"to_element": 22
},
{
"pose": [
[
-0.126794908584287,
-0.8671625159499112,
-0.481614183853136,
0.027555775827263124
],
[
-0.8334984703886732,
-0.17009058198277804,
0.5256895412508242,
0.5490701556484979
],
[
-0.5377763020223598,
0.46807944288569203,
-0.70121201082909,
0.5119377811690747
],
[
0.0,
0.0,
0.0,
1.0
]
],
"at_element": 22,
"to_element": 15
},
{
"pose": [
[
-0.9604678467836547,
0.20115784413672116,
0.19245008972987554,
0.021627371405643015
],
[
-0.1640679326539881,
-0.9674940188123184,
0.19245008972987307,
0.021627371405643015
],
[
0.22490715588752835,
0.1532672349351171,
0.9622504486493767,
0.10813685702821509
],
[
0.0,
0.0,
0.0,
1.0
]
],
"at_element": 1,
"to_element": 14
},
{
"pose": [
[
-0.6830093131987054,
-0.20115784413672205,
-0.7021636560133961,
0.014385697135312514
],
[
-0.026375172636041014,
0.9674940188123179,
-0.25151475867393813,
0.05645711703549708
],
[
0.7299333040437679,
-0.15326723493511757,
-0.6661129981790566,
0.10261924275631054
],
[
0.0,
0.0,
0.0,
1.0
]
],
"at_element": 14,
"to_element": 1
},
{
"pose": [
[
0.5545964375382108,
-0.44652994484561437,
-0.7021636560133955,
-0.170335374170344
],
[
-0.7799013804654338,
-0.5731441030991244,
-0.2515147586739407,
-0.00970990154136255
],
[
-0.29013208753606706,
0.6871075937863534,
-0.6661129981790559,
-0.07261783421354995
],
[
0.0,
0.0,
0.0,
1.0
]
],
"at_element": 14,
"to_element": 15
},
{
"pose": [
[
-0.8573711312616821,
0.446529944845615,
-0.2559799828799812,
-0.15426029677025932
],
[
0.4937595838379411,
0.573144103099126,
-0.6539933565800815,
0.010923285381646629
],
[
-0.14531419974402598,
-0.687107593786352,
-0.7118756477882096,
-0.0973537066445029
],
[
0.0,
0.0,
0.0,
1.0
]
],
"at_element": 15,
"to_element": 14
},
{
"pose": [
[
-0.06780062192542302,
0.9789617145882108,
0.19245008972987376,
0.13224408211292
],
[
-0.975629646271055,
-0.1054028286147004,
0.1924500897298739,
0.13224408211292
],
[
0.20868605363929393,
-0.17471177719470057,
0.9622504486493768,
0.6612204105646
],
[
0.0,
0.0,
0.0,
1.0
]
],
"at_element": 1,
"to_element": 16
},
{
"pose": [
[
-0.18975031833482858,
-0.9789617145882109,
-0.07502518285443477,
0.09700144446491782
],
[
-0.7851098453107076,
0.10540282861469974,
0.6103218614110236,
0.13603858565742774
],
[
-0.5895738694074117,
0.17471177719469974,
-0.7885927005884861,
0.6675100373852988
],
[
0.0,
0.0,
0.0,
1.0
]
],
"at_element": 16,
"to_element": 1
},
{
"pose": [
[
-0.5586648602111455,
0.8067568016002251,
0.19245008972987337,
0.16107628024273954
],
[
-0.784672757139967,
-0.589280601382163,
0.19245008972987887,
0.16107628024273954
],
[
0.26866752347022443,
-0.043495240043608635,
0.9622504486493759,
0.8053814012136976
],
[
0.0,
0.0,
0.0,
1.0
]
],
"at_element": 1,
"to_element": 23
},
{
"pose": [
[
0.30969943025607694,
-0.8067568016002236,
0.5032193616812045,
0.13203303475754816
],
[
0.4843872889392442,
0.5892806013821652,
0.6466199248003134,
0.182290382350904
],
[
-0.8182024304615273,
0.04349524004361116,
0.573282606469443,
0.8069472298891027
],
[
0.0,
0.0,
0.0,
1.0
]
],
"at_element": 23,
"to_element": 1
},
{
"pose": [
[
-0.9952451291588988,
-0.012141600679432492,
0.09664219791803011,
0.2229960011047013
],
[
0.09417241768302415,
0.1334289263397177,
0.9865740100791042,
0.05800020492662672
],
[
-0.024873452378400156,
0.9909840075141331,
-0.13165108513798152,
0.6754264441255282
],
[
0.0,
0.0,
0.0,
1.0
]
],
"at_element": 5,
"to_element": 6
},
{
"pose": [
[
0.031608284282468424,
0.01214160067943354,
0.9994265845461885,
0.2234331154003794
],
[
-0.9905105748119445,
-0.13342892633971637,
0.032947273051678216,
0.053196580371680624
],
[
0.13375244876423764,
-0.9909840075141332,
0.0078089244328725105,
0.6397496591686161
],
[
0.0,
0.0,
0.0,
1.0
]
],
"at_element": 6,
"to_element": 5
},
{
"pose": [
[
0.5618129718449028,
0.8215999453799707,
0.0966421979180303,
0.23941104235597072
],
[
0.0551133892369407,
-0.15373430639663166,
0.9865740100791042,
0.2255735157759391
],
[
0.825426374059865,
-0.5489437974769148,
-0.13165108513798196,
0.6530650115435901
],
[
0.0,
0.0,
0.0,
1.0
]
],
"at_element": 5,
"to_element": 10
},
{
"pose": [
[
0.05638211666316151,
-0.8215999453799709,
0.5672694127768662,
0.2098327215013194
],
[
0.9801430405358413,
0.15373430639663177,
0.12524129960162017,
0.23110808605742064
],
[
-0.1901070146252838,
0.5489437974769142,
0.8139533341671908,
0.6728274711983723
],
[
0.0,
0.0,
0.0,
1.0
]
],
"at_element": 10,
"to_element": 5
},
{
"pose": [
[
0.02967638821616081,
-0.016303805837409646,
0.9994265845461885,
0.006637695317089659
],
[
-0.7412809935716483,
0.6703856843399087,
0.032947273051679216,
0.04604966431773055
],
[
-0.670538440771201,
-0.7418336876600632,
0.00780892443287351,
0.6380557488014107
],
[
0.0,
0.0,
0.0,
1.0
]
],
"at_element": 6,
"to_element": 23
},
{
"pose": [
[
-0.864004895787271,
0.016303805837409452,
0.5032193616812082,
0.007224632074579195
],
[
0.36395838647207157,
-0.6703856843399094,
0.6466199248003088,
0.021915790070343038
],
[
0.3478934218582938,
0.7418336876600624,
0.5732826064694446,
0.6647617500611066
],
[
0.0,
0.0,
0.0,
1.0
]
],
"at_element": 23,
"to_element": 6
},
{
"pose": [
[
0.8090095897298653,
0.153976936756467,
0.5672694127768657,
0.17259409557994382
],
[
-0.26954455919065257,
0.954809063365453,
0.12524129960162156,
0.22288657119917782
],
[
-0.522349705021293,
-0.2542257962172236,
0.813953334167191,
0.6193951812743762
],
[
0.0,
0.0,
0.0,
1.0
]
],
"at_element": 10,
"to_element": 13
},
{
"pose": [
[
0.658048373498564,
-0.1539769367564661,
0.7370640685062523,
0.16705092541627897
],
[
0.09283641467977168,
-0.9548090633654531,
-0.28234916791907033,
0.1885134421869079
],
[
0.7472307128627006,
0.25422579621722324,
-0.6140158843974797,
0.6285473106653778
],
[
0.0,
0.0,
0.0,
1.0
]
],
"at_element": 13,
"to_element": 10
},
{
"pose": [
[
-0.33991906007866324,
0.7501069563222489,
0.5672694127768652,
0.11279852793899503
],
[
-0.8646382159377557,
-0.4865340403446312,
0.12524129960162148,
0.2096849522980107
],
[
0.3699402494122699,
-0.4479109081758337,
0.8139533341671913,
0.5335967924426579
],
[
0.0,
0.0,
0.0,
1.0
]
],
"at_element": 10,
"to_element": 16
},
{
"pose": [
[
-0.6570470120277774,
-0.7501069563222493,
-0.07502518285443502,
0.085795246809423
],
[
-0.6251334682047602,
0.4865340403446312,
0.6103218614110238,
0.22719980849258314
],
[
-0.42130436849818964,
0.44791090817583357,
-0.7885927005884863,
0.549721245192404
],
[
0.0,
0.0,
0.0,
1.0
]
],
"at_element": 16,
"to_element": 10
},
{
"pose": [
[
0.4983404994117455,
0.8637291060186119,
-0.0750251828544358,
0.10246963312307288
],
[
0.7079340387878799,
-0.3554386335350479,
0.6103218614110247,
0.09155545408190037
],
[
0.5004859072656618,
-0.3572609819264161,
-0.788592700588485,
0.7249863872880823
],
[
0.0,
0.0,
0.0,
1.0
]
],
"at_element": 16,
"to_element": 23
},
{
"pose": [
[
-0.02724528299443363,
-0.8637291060186119,
0.5032193616812086,
0.0713776832055393
],
[
0.6749415164604871,
0.3554386335350479,
0.646619924800308,
0.1043502992661382
],
[
-0.73736805186594,
0.35726098192641687,
0.5732826064694454,
0.7378468321661615
],
[
0.0,
0.0,
0.0,
1.0
]
],
"at_element": 23,
"to_element": 16
},
{
"pose": [
[
-0.2504879834770759,
-0.9212168805718739,
-0.2976831017760562,
0.6958366197308582
],
[
0.9662373121451695,
-0.2187235675634982,
-0.13618170806233132,
0.582589214138285
],
[
0.06034257826830354,
-0.32174440157013073,
0.9449017479644177,
0.03293820399108083
],
[
0.0,
0.0,
0.0,
1.0
]
],
"at_element": 4,
"to_element": 11
},
{
"pose": [
[
-0.3573628654312735,
0.9212168805718767,
0.15378960094938354,
0.729000432272545
],
[
0.8026366254711575,
0.21872356756348976,
0.5549184160257907,
0.590463263719988
],
[
0.4775628020093511,
0.32174440157012907,
-0.817566089191117,
0.044521004138408274
],
[
0.0,
0.0,
0.0,
1.0
]
],
"at_element": 11,
"to_element": 4
},
{
"pose": [
[
0.9446518049243366,
0.1379048163414434,
-0.2976831017760763,
0.7073256752176191
],
[
-0.18499512011603111,
0.9732581096104386,
-0.1361817080623193,
0.587845136261089
],
[
0.27094237945815763,
0.18371421748832698,
0.9449017479644132,
-0.003530203342522742
],
[
0.0,
0.0,
0.0,
1.0
]
],
"at_element": 4,
"to_element": 18
},
{
"pose": [
[
0.7817954590418589,
-0.13790481634144322,
0.6080938429645231,
0.7023611036731251
],
[
-0.22084569635474946,
-0.9732581096104382,
0.06321258165193303,
0.5528078573276484
],
[
0.58311494460622,
-0.18371421748832972,
-0.7913444557647042,
-0.010143912715829574
],
[
0.0,
0.0,
0.0,
1.0
]
],
"at_element": 18,
"to_element": 4
},
{
"pose": [
[
-0.8743937861247948,
-0.14141178828300327,
-0.4641532213837903,
0.5682237867487762
],
[
0.15965114536671388,
-0.9871734962928738,
-2.0539125955565396e-15,
0.5399748788529396
],
[
-0.4581997583690362,
-0.07410259341957381,
0.8857549249533135,
0.6210605179140734
],
[
0.0,
0.0,
0.0,
1.0
]
],
"at_element": 2,
"to_element": 17
},
{
"pose": [
[
-0.6952868386406426,
0.14141178828300238,
-0.7046835588742681,
0.5733146108510652
],
[
0.04575676304825114,
0.9871734962928738,
0.15295361013146996,
0.5755131227934748
],
[
0.7172743761270488,
0.0741025934195749,
-0.6928392851159972,
0.6237282111326015
],
[
0.0,
0.0,
0.0,
1.0
]
],
"at_element": 17,
"to_element": 2
},
{
"pose": [
[
0.22517715749502265,
0.8566545597973054,
-0.4641532213837867,
0.609730885151991
],
[
-0.9671462564461109,
0.2542206101838984,
5.134781488891349e-15,
0.5399748788529396
],
[
0.11799731515901271,
0.44890405047873105,
0.8857549249533154,
0.5418515086098596
],
[
0.0,
0.0,
0.0,
1.0
]
],
"at_element": 2,
"to_element": 20
},
{
"pose": [
[
0.44165304714711395,
-0.8566545597973071,
0.26661873738383657,
0.5788913132310968
],
[
-0.8111020260091931,
-0.25422061018389885,
0.5267688152895048,
0.5308229345810326
],
[
-0.3834789294726001,
-0.44890405047872783,
-0.8071115561769266,
0.5256909587219386
],
[
0.0,
0.0,
0.0,
1.0
]
],
"at_element": 20,
"to_element": 2
},
{
"pose": [
[
0.09651932590851453,
0.9497730205913104,
-0.29768310177607393,
0.511349076478069
],
[
-0.9889950023214273,
0.05782238124179395,
-0.1361817080623126,
0.49819131379900483
],
[
-0.11212896641549074,
0.30755126659532245,
0.944901747964415,
0.618536113503426
],
[
0.0,
0.0,
0.0,
1.0
]
],
"at_element": 4,
"to_element": 7
},
{
"pose": [
[
-0.3067568923422719,
-0.9497730205913109,
0.06189845197877769,
0.47715733571605856
],
[
-0.022367027526766614,
-0.05782238124179373,
-0.99807629383086,
0.4961097134304971
],
[
0.9515250522609104,
-0.30755126659532056,
-0.0035061853181832525,
0.6074642963950517
],
[
0.0,
0.0,
0.0,
1.0
]
],
"at_element": 7,
"to_element": 4
},
{
"pose": [
[
0.9441739582352842,
-0.14113931949421454,
-0.2976831017760764,
0.48345048537716295
],
[
0.10433236433242637,
0.9851747561433134,
-0.1361817080623122,
0.48542848726976706
],
[
0.31249047080370573,
0.09752124051032687,
0.9449017479644142,
0.7070914508393702
],
[
0.0,
0.0,
0.0,
1.0
]
],
"at_element": 4,
"to_element": 8
},
{
"pose": [
[
0.15354913673739523,
0.14113931949421463,
-0.9780093839528898,
0.48853150104787835
],
[
0.11909972208357865,
-0.9851747561433144,
-0.12347451582240224,
0.44996219486949374
],
[
-0.9809372654797122,
-0.0975212405103234,
-0.16808238706810652,
0.7035806860642795
],
[
0.0,
0.0,
0.0,
1.0
]
],
"at_element": 8,
"to_element": 4
},
{
"pose": [
[
-0.013261039465573665,
-0.9545726351353573,
-0.2976831017760877,
0.5323501065647338
],
[
0.9902677436445219,
0.028711291967123187,
-0.136181708062303,
0.5077986987369023
],
[
0.13854219837103857,
-0.2965918845220124,
0.944901747964412,
0.5518749227285805
],
[
0.0,
0.0,
0.0,
1.0
]
],
"at_element": 4,
"to_element": 20
},
{
"pose": [
[
-0.13306214009471629,
0.9545726351353564,
0.2666187373838455,
0.5667146789542387
],
[
0.8495235587975539,
-0.02871129196711797,
0.5267688152895138,
0.5067650935036447
],
[
0.5104940645309728,
0.29659188452201585,
-0.8071115561769182,
0.5625522173740022
],
[
0.0,
0.0,
0.0,
1.0
]
],
"at_element": 20,
"to_element": 4
},
{
"pose": [
[
-0.20839290462631332,
0.008369121907199462,
-0.9780093839528896,
0.6185907396832102
],
[
0.6108852519008394,
0.7820314910235211,
-0.12347451582240154,
0.4663822842696804
],
[
0.7638007634923234,
-0.6231827218770037,
-0.16808238706810674,
0.7259328921358932
],
[
0.0,
0.0,
0.0,
1.0
]
],
"at_element": 8,
"to_element": 12
},
{
"pose": [
[
0.9591935039196445,
-0.008369121907200613,
0.28262657312584255,
0.6182894513025937
],
[
0.1698620528689792,
-0.7820314910235218,
-0.5996445864365522,
0.4382291513443672
],
[
0.22604137902935145,
0.6231827218770029,
-0.7486979298224881,
0.7483674695245858
],
[
0.0,
0.0,
0.0,
1.0
]
],
"at_element": 12,
"to_element": 8
},
{
"pose": [
[
-0.08216188197330143,
-0.19169525307293095,
-0.9780093839528893,
0.5174279399387084
],
[
-0.5126436098203853,
0.8496767463293011,
-0.12347451582240362,
0.45361039483524046
],
[
0.8546613097952486,
0.49122536243210946,
-0.1680823870681063,
0.708546878113386
],
[
0.0,
0.0,
0.0,
1.0
]
],
"at_element": 8,
"to_element": 20
},
{
"pose": [
[
0.9445461231857094,
0.19169525307293145,
0.26661873738383707,
0.5243289695528969
],
[
0.02374956811685673,
-0.8496767463293022,
0.5267688152895093,
0.42302202973537567
],
[
0.3275188226485762,
-0.4912253624321072,
-0.8071115561769235,
0.6908627637754335
],
[
0.0,
0.0,
0.0,
1.0
]
],
"at_element": 20,
"to_element": 8
},
{
"pose": [
[
0.0659633143698668,
0.8832953233411762,
-0.4641532213837892,
0.4826053368768521
],
[
-0.9972231578477901,
0.07447129280522391,
1.3322676295501878e-15,
0.13499371971323482
],
[
0.034566090456161186,
0.4628643411535666,
0.8857549249533141,
0.7844482962318253
],
[
0.0,
0.0,
0.0,
1.0
]
],
"at_element": 3,
"to_element": 21
},
{
"pose": [
[
0.31318869267738625,
-0.8832953233411764,
-0.34885844484924855,
0.45080670753677854
],
[
0.6409433522242534,
-0.07447129280522446,
0.7639670449616626,
0.1323127533661791
],
[
-0.7007884573953586,
-0.46286434115356634,
0.5428186987106365,
0.7677851811556522
],
[
0.0,
0.0,
0.0,
1.0
]
],
"at_element": 21,
"to_element": 3
},
{
"pose": [
[
-0.03297719022946488,
-0.007681603147129512,
0.9994265845461885,
0.503767230036295
],
[
0.9994491299825846,
-0.003989207378982673,
0.032947273051680714,
0.06243812423635996
],
[
0.003733832029460038,
0.9999625388971216,
0.007808924432871622,
0.6419400230742774
],
[
0.0,
0.0,
0.0,
1.0
]
],
"at_element": 6,
"to_element": 7
},
{
"pose": [
[
-0.99805289169248,
0.007681603147127871,
0.0618984519787769,
0.5040437680141168
],
[
-0.06186920007032473,
0.003989207378981896,
-0.9980762938308603,
0.0625817358393764
],
[
-0.007913751761146157,
-0.9999625388971216,
-0.0035061853181834746,
0.605941337239076
],
[
0.0,
0.0,
0.0,
1.0
]
],
"at_element": 7,
"to_element": 6
},
{
"pose": [
[
-0.014291221590805536,
0.030696304138817868,
0.9994265845461885,
0.6551952101933745
],
[
0.2013791894322236,
-0.9789590896774383,
0.03294727305168038,
0.06743012573706547
],
[
0.979409098920907,
0.20173457227292146,
0.007808924432873288,
0.6431231911752203
],
[
0.0,
0.0,
0.0,
1.0
]
],
"at_element": 6,
"to_element": 19
},
{
"pose": [
[
0.9834401164289824,
-0.030696304138818874,
-0.1786148770689795,
0.6540901432510576
],
[
0.06564744739468442,
0.9789590896774377,
0.19320847131656693,
0.10267265275239522
],
[
0.16892587146056598,
-0.20173457227292413,
0.9647627751427543,
0.6358607466173001
],
[
0.0,
0.0,
0.0,
1.0
]
],
"at_element": 19,
"to_element": 6
},
{
"pose": [
[
0.7314515766789602,
-0.6790781785748194,
0.061898451978776636,
0.4933404861299093
],
[
0.04297229400792402,
-0.04468885364999764,
-0.9980762938308603,
0.23516588896940155
],
[
0.6805380025550078,
0.7327043972455434,
-0.0035061853181834746,
0.6065476155642862
],
[
0.0,
0.0,
0.0,
1.0
]
],
"at_element": 7,
"to_element": 14
},
{
"pose": [
[
-0.21405379594253238,
0.6790781785748198,
-0.7021636560133956,
0.5177849229484435
],
[
0.9668211998754676,
0.04468885364999675,
-0.2515147586739407,
0.2367745312347629
],
[
-0.13941929534305564,
-0.732704397245543,
-0.6661129981790563,
0.5801728226314317
],
[
0.0,
0.0,
0.0,
1.0
]
],
"at_element": 14,
"to_element": 7
},
{
"pose": [
[
-0.48558766537391307,
-0.8719938078216749,
0.06189845197877608,
0.5124748827620863
],
[
-0.03318381668118736,
-0.05236932311309417,
-0.9980762938308603,
-0.07336505267483967
],
[
0.8735579279859935,
-0.48670756426968803,
-0.003506185318185473,
0.6054637638943436
],
[
0.0,
0.0,
0.0,
1.0
]
],
"at_element": 7,
"to_element": 21
},
{
"pose": [
[
-0.3434014918109951,
0.8719938078216756,
-0.3488584448492511,
0.5438666617356125
],
[
-0.6431265880129842,
0.052369323113092614,
0.7639670449616619,
-0.07147975692914375
],
[
0.6844440132054341,
0.48670756426968687,
0.5428186987106358,
0.6229852372640512
],
[
0.0,
0.0,
0.0,
1.0
]
],
"at_element": 21,
"to_element": 7
},
{
"pose": [
[
0.09866220287140703,
-0.9831655650827016,
0.15378960094939353,
0.5995787564641794
],
[
-0.831898149653564,
0.003319662391079503,
0.5549184160258027,
0.12347153673959296
],
[
-0.5460872076212168,
-0.18268675780477808,
-0.8175660891911067,
0.7325439438820579
],
[
0.0,
0.0,
0.0,
1.0
]
],
"at_element": 11,
"to_element": 19
},
{
"pose": [
[
-0.03849931590619571,
0.9831655650827016,
-0.1786148770689802,
0.6349727402303027
],
[
-0.9811521117814119,
-0.003319662391079392,
0.19320847131656776,
0.12335202881442575
],
[
0.18936297479082512,
0.1826867578047769,
0.964762775142754,
0.7391206715153982
],
[
0.0,
0.0,
0.0,
1.0
]
],
"at_element": 19,
"to_element": 11
},
{
"pose": [
[
0.8805918927299168,
0.09549714936788907,
-0.4641532213837902,
0.33514726002988804
],
[
-0.10781441533946055,
0.9941710375207127,
-4.544975507059235e-16,
0.5399748788529396
],
[
0.4614476896717037,
0.05004240819142093,
0.8857549249533136,
1.0658461445586063
],
[
0.0,
0.0,
0.0,
1.0
]
],
"at_element": 2,
"to_element": 9
},
{
"pose": [
[
-0.9579888288657135,
-0.09549714936788908,
0.2704398236782191,
0.3317093625790229
],
[
0.07813101023035895,
-0.9941710375207129,
-0.07429329307126852,
0.5041847207357626
],
[
0.27595823779855294,
-0.05004240819142232,
0.9598660366809112,
1.0640446178251362
],
[
0.0,
0.0,
0.0,
1.0
]
],
"at_element": 9,
"to_element": 2
},
{
"pose": [
[
0.48317935110619237,
0.8327064407301611,
0.2704398236782178,
0.31774285160511495
],
[
-0.851883451451431,
0.5184352338989159,
-0.0742932930712717,
0.508021500685014
],
[
-0.2020700368876998,
-0.19448622526719733,
0.9598660366809113,
1.014473591811096
],
[
0.0,
0.0,
0.0,
1.0
]
],
"at_element": 9,
"to_element": 21
},
{
"pose": [
[
-0.4299974058338818,
-0.8327064407301619,
-0.3488584448492503,
0.2877653992327005
],
[
0.38416046447379704,
-0.5184352338989151,
0.7639670449616619,
0.4893578194977293
],
[
-0.8170207882981978,
0.1944862252671966,
0.5428186987106364,
1.0214751007101095
],
[
0.0,
0.0,
0.0,
1.0
]
],
"at_element": 21,
"to_element": 9
},
{
"pose": [
[
0.4294688109951056,
-0.8616373031335994,
0.2704398236782222,
0.3381996244637111
],
[
0.9016282257099067,
0.42608338292854286,
-0.07429329307127464,
0.5024017624356487
],
[
-0.051216042268568365,
0.27574283062452676,
0.9598660366809099,
1.087080359631008
],
[
0.0,
0.0,
0.0,
1.0
]
],
"at_element": 9,
"to_element": 23
},
{
"pose": [
[
-0.06596538393593443,
0.8616373031335987,
0.5032193616812095,
0.3692168592120207
],
[
-0.6327208101867781,
-0.426083382928542,
0.6466199248003086,
0.48706360534497395
],
[
0.7715652561376594,
-0.2757428306245308,
0.573282606469444,
1.0771541643786207
],
[
0.0,
0.0,
0.0,
1.0
]
],
"at_element": 23,
"to_element": 9
},
{
"pose": [
[
0.9304651685975253,
0.11194800348439368,
-0.3488584448492498,
0.31372629458319273
],
[
0.21315858803280044,
0.6090301885460285,
0.7639670449616606,
0.432505910655319
],
[
0.2979899098537428,
-0.7852068988205892,
0.5428186987106386,
0.9810803227146773
],
[
0.0,
0.0,
0.0,
1.0
]
],
"at_element": 21,
"to_element": 23
},
{
"pose": [
[
-0.856876839776298,
-0.11194800348439315,
0.5032193616812084,
0.3096963341262168
],
[
0.45930915763876,
-0.6090301885460325,
0.6466199248003086,
0.4105817360335957
],
[
0.23408797313009755,
0.7852068988205863,
0.5732826064694448,
1.0093465950402292
],
[
0.0,
0.0,
0.0,
1.0
]
],
"at_element": 23,
"to_element": 21
},
{
"pose": [
[
-0.7259804072152876,
-0.5074586046354675,
-0.46415322138379056,
0.36161397713847726
],
[
0.5729108473906764,
-0.8196176919406373,
-8.326672684688674e-16,
0.13499371971323487
],
[
-0.38042819201739353,
-0.26591841538210026,
0.8857549249533134,
1.0153390620990947
],
[
0.0,
0.0,
0.0,
1.0
]
],
"at_element": 3,
"to_element": 22
},
{
"pose": [
[
-0.7145162996691541,
0.5074586046354673,
-0.48161418385313753,
0.3798824833925283
],
[
0.22776598797318978,
0.8196176919406367,
0.5256895412508226,
0.1644999509493854
],
[
0.6615051868501834,
0.2659184153821016,
-0.70121201082909,
1.0249121232120597
],
[
0.0,
0.0,
0.0,
1.0
]
],
"at_element": 22,
"to_element": 3
},
{
"pose": [
[
0.5746015466726611,
-0.5899478586190267,
0.5672694127768663,
0.4152146571450321
],
[
0.6478378527897765,
0.7514124921551607,
0.12524129960161884,
0.27645215001602647
],
[
-0.5001391596886986,
0.29553475386829814,
0.813953334167191,
0.9675222097646272
],
[
0.0,
0.0,
0.0,
1.0
]
],
"at_element": 10,
"to_element": 20
},
{
"pose": [
[
0.7621521980462131,
0.589947858619026,
0.26661873738383707,
0.43645266066796107
],
[
0.39735863130383764,
-0.7514124921551608,
0.5267688152895073,
0.2494014523612872
],
[
0.5111067844801774,
-0.29553475386829875,
-0.8071115561769249,
0.9568830184325401
],
[
0.0,
0.0,
0.0,
1.0
]
],
"at_element": 20,
"to_element": 10
},
{
"pose": [
[
-0.960601158683225,
0.07848479350991494,
0.26661873738383757,
0.39930387655284627
],
[
0.21343084245203403,
0.8227769386223116,
0.5267688152895081,
0.1760051817548729
],
[
-0.17802440682856038,
0.5629193960586213,
-0.8071115561769242,
1.069340279506677
],
[
0.0,
0.0,
0.0,
1.0
]
],
"at_element": 20,
"to_element": 22
},
{
"pose": [
[
0.8728619106704008,
-0.07848479350991404,
-0.4816141838531372,
0.3964784244949524
],
[
0.21607548563128104,
-0.8227769386223118,
0.5256895412508248,
0.1463852172948231
],
[
-0.43751967888315985,
-0.5629193960586211,
-0.7012120108290887,
1.0490751848954352
],
[
0.0,
0.0,
0.0,
1.0
]
],
"at_element": 22,
"to_element": 20
},
{
"pose": [
[
0.9153475406815743,
0.28681195918464786,
0.2826265731258431,
0.8733949272752677
],
[
0.40197322609357444,
-0.6919854734467039,
-0.5996445864365537,
-0.10302433358261665
],
[
0.023588244362770072,
0.6624915128568859,
-0.748697929822487,
0.07257488698466244
],
[
0.0,
0.0,
0.0,
1.0
]
],
"at_element": 12,
"to_element": 13
},
{
"pose": [
[
-0.6119439998771734,
-0.28681195918464764,
0.7370640685062528,
0.863069467078789
],
[
-0.6644057885916954,
0.6919854734467017,
-0.2823491679190704,
-0.0781123024283806
],
[
-0.4290565103808279,
-0.6624915128568879,
-0.6140158843974792,
0.048724662029067355
],
[
0.0,
0.0,
0.0,
1.0
]
],
"at_element": 13,
"to_element": 12
},
{
"pose": [
[
0.629838616480199,
-0.24503035752191515,
0.7370640685062536,
0.7352308070336564
],
[
-0.04242528448981091,
-0.9583731228552745,
-0.2823491679190642,
-0.029140793934169233
],
[
0.7755665106399757,
0.14656425649288352,
-0.6140158843974812,
0.1552214663935512
],
[
0.0,
0.0,
0.0,
1.0
]
],
"at_element": 13,
"to_element": 19
},
{
"pose": [
[
0.9529201695747218,
0.24503035752191318,
-0.17861487706897988,
0.744051899887743
],
[
-0.21021761106087986,
0.9583731228552752,
0.19320847131656588,
0.005360638423294123
],
[
0.21852163832796978,
-0.14656425649288107,
0.9647627751427544,
0.14994515316979798
],
[
0.0,
0.0,
0.0,
1.0
]
],
"at_element": 19,
"to_element": 13
}
],
"nstatus": 0,
"opt_line_pos": [
[
-0.3374842992830872,
0.33748429928308715,
-0.48226470252476455
],
[
-0.3374842992830872,
-0.33748429928308726,
-0.48226470252476455
],
[
0.2024905795698524,
0.20249057956985234,
0.19270389604140975
],
[
0.2024905795698525,
-0.20249057956985247,
0.19270389604140953
],
[
0.39647256611671583,
0.2625438629714297,
-0.5703272760400734
],
[
-0.11498790597604558,
-0.284584351583867,
0.1938423336208363
],
[
-0.22668426405467634,
-0.288000800897076,
0.15660490879911265
],
[
0.1377271754468155,
0.1900012831600687,
0.12530981551562378
],
[
0.1723352030393259,
0.11516552383755471,
0.22497457631872805
],
[
-0.1428940591882498,
0.2043688055458178,
0.09510607096056063
],
[
-0.15195408283442152,
-0.111741701383172,
0.15569202723984849
],
[
0.261166084747915,
-0.21736260516562425,
0.255214593389029
],
[
0.2775012314822305,
0.10775473100607404,
0.27485508791288427
],
[
-0.20015924360591772,
-0.13758368609553928,
0.17104593195089435
],
[
0.1748147421311966,
-0.10267480875979014,
0.09270389604140952
],
[
-0.24796923693711034,
0.2962512215173388,
0.09831640328456269
],
[
-0.2466652621539634,
-0.15115248927585825,
0.12026180384360656
],
[
0.18623714032208402,
0.2487931651562255,
0.09270389604140974
],
[
-0.12317162830613107,
0.16458993895132573,
0.1427144431938244
],
[
0.41633692892796204,
-0.3426911848091376,
-0.3850871824834977
],
[
0.06393018699764856,
-0.15730910533474193,
0.5806863129764102
],
[
0.1576124356965204,
-0.3021625228771781,
0.21660583598044583
],
[
0.0007906695391176765,
