{
"line_pt_pairs": [
[
[
-0.02047798410082835,
0.7843982149999902,
-0.10238992050414186
],
[
0.17197210562904686,
0.5919481252701151,
0.8598605281452345
]
],
[
[
-0.019833021775021442,
-0.019833021775021442,
-0.09916510887510732
],
[
0.17261706795485382,
0.17261706795485382,
0.863085339774269
]
],
[
[
0.6125864554304028,
0.6111361847193295,
0.7611526438919685
],
[
0.3805098447385077,
0.6111361847193295,
1.2040301063686254
]
],
[
[
0.6761029894659429,
0.15278404617983224,
0.6399424911966686
],
[
0.3047804123589109,
0.1527840461798324,
1.3485464311593196
]
],
[
[
0.7893087169737154,
0.7475124567587583,
-0.16601319168466566
],
[
0.5301118456807505,
0.3818033456258327,
0.7278961034601513
]
],
[
[
0.09223056854916695,
-0.007157415307193216,
0.7913169327473423
],
[
-0.011488289507104898,
0.7776540924647495,
0.9067001886913167
]
],
[
[
0.026545062657641838,
0.13264223474908537,
0.77870479675734
],
[
0.7183823456023396,
0.044496591147062114,
0.7187755097460347
]
],
[
[
0.6221804273627546,
0.6740320830570885,
0.8086967124546923
],
[
0.6943690601762351,
0.07887804418873451,
0.7846037402178291
]
],
[
[
0.6593449930364177,
0.4930884233818717,
0.8400503732827781
],
[
0.07209560212051541,
0.5859161753660469,
0.7592966654393212
]
],
[
[
0.2023169163266079,
0.6443492783289024,
0.6257764872018251
],
[
0.4459175390722274,
0.7319586727032441,
1.2761481737129365
]
],
[
[
0.14573583309262433,
0.19758883474618985,
0.764227805179586
],
[
0.42209661800329956,
0.18823607000321083,
1.1808058199081817
]
],
[
[
0.6459749698861701,
0.1273555355402456,
0.821827908398266
],
[
0.732271298441868,
0.7084675303690711,
-0.10815155005437638
]
],
[
[
0.48652069409233245,
0.6863875765136583,
0.8846117591184122
],
[
0.6349084272720447,
-0.16716737885887917,
-0.0846276430938444
]
],
[
[
0.10654370625959114,
0.04695878301966544,
0.8333058428140525
],
[
0.6725421164043475,
-0.1845518960387033,
-0.08105109252112719
]
],
[
[
0.7487553509987055,
0.09871041922905172,
0.7940657970942586
],
[
-0.03726640932730557,
-0.05598551766860643,
-0.09937639991758751
]
],
[
[
0.25311633754200646,
0.6716349654141766,
0.8646690791388052
],
[
0.04932880831692188,
-0.04888214646401884,
-0.0730546191983108
]
],
[
[
0.0993688484982383,
0.22056273121908407,
0.8344576769148454
],
[
-0.055033544295385484,
0.7905037288901784,
-0.09361945364773949
]
],
[
[
0.5214947117604671,
0.5473338371022312,
0.8541323277611961
],
[
-0.03131736116310657,
0.7429517471689622,
-0.07653004135612562
]
],
[
[
0.019996669199977668,
0.6580523952668961,
0.9285476068448837
],
[
0.8453727253026735,
0.7761997716043456,
-0.1960836942831513
]
],
[
[
0.6622917845591488,
-0.07718282329862242,
0.00077613500224194
],
[
0.4791985041615166,
0.1557972565748978,
0.743875814086686
]
],
[
[
0.30664924307158664,
0.1403467643455413,
1.2705043353298233
],
[
0.48463295688864083,
0.7202003266184747,
0.7488802907006685
]
],
[
[
0.577278312910751,
0.035626359475337654,
0.6281934772606032
],
[
0.3028655963380761,
0.6068723685566242,
1.1164307741684771
]
],
[
[
0.3587476677404594,
0.12823818241617096,
1.3890990604230102
],
[
0.015597270689700904,
0.7873307077807428,
0.8813148070117234
]
],
[
[
0.1993914863267592,
-0.032506395411087685,
0.7089704443674896
],
[
0.4026486002523878,
0.7740854866321147,
1.2640344780254347
]
]
],
"contact_id_pairs": [
[
0,
16
],
[
0,
17
],
[
16,
17
],
[
0,
8
],
[
5,
18
],
[
5,
22
],
[
8,
15
],
[
9,
15
],
[
9,
18
],
[
1,
14
],
[
14,
15
],
[
1,
6
],
[
1,
10
],
[
5,
6
],
[
5,
13
],
[
5,
16
],
[
6,
23
],
[
10,
23
],
[
13,
23
],
[
4,
11
],
[
4,
18
],
[
2,
7
],
[
4,
12
],
[
7,
8
],
[
8,
17
],
[
12,
17
],
[
12,
20
],
[
3,
11
],
[
6,
14
],
[
7,
11
],
[
7,
14
],
[
14,
19
],
[
14,
21
],
[
19,
21
],
[
2,
23
],
[
9,
23
],
[
21,
23
],
[
3,
10
],
[
3,
20
],
[
3,
22
],
[
12,
13
],
[
12,
19
]
],
"coupler_pt_pairs": [
[
[
-0.01855348320352962,
0.7824737141026914,
-0.09276741601764815
],
[
-0.053629886179079767,
0.7853224470931685,
-0.08518238882444318
]
],
[
[
-0.005567128900252738,
0.7694873597994145,
-0.027835644501263634
],
[
-0.006480912322346044,
0.7341631290224468,
-0.034717733972239984
]
],
[
[
-0.047853766489943994,
0.7640012268793476,
-0.05046346711677008
],
[
-0.026291796863801342,
0.7411734025319918,
-0.0680694743641499
]
],
[
[
0.15523375163094946,
0.6086864792682125,
0.7761687581547474
],
[
0.15051231108537297,
0.5735206804982669,
0.7700798865098737
]
],
[
[
0.0041607920235173235,
0.659241881788168,
0.8892911850310925
],
[
0.033143301808452263,
0.6599342528018697,
0.9106344211804798
]
],
[
[
-0.010191803781401498,
0.7678439486176003,
0.9052578979920171
],
[
0.022439931397213786,
0.7741879384157972,
0.8914403828192233
]
],
[
[
0.22244809397840062,
0.5621496393077997,
0.7799719039135423
],
[
0.2298281772960052,
0.5892966691248468,
0.7575091374270252
]
],
[
[
0.28390436583092454,
0.6736916788493005,
0.8436009185772442
],
[
0.25141810813179744,
0.6656306561485249,
0.856854714985996
]
],
[
[
0.21883063874501427,
0.650288332193528,
0.6698652804847989
],
[
0.21123029434305413,
0.6854262824921182,
0.6679787193978632
]
],
[
[
-0.017063179904177272,
-0.017063179904177272,
-0.08531589952088625
],
[
-0.01845453425603688,
-0.05228317660651599,
-0.0779936293100465
]
],
[
[
0.03811569131112019,
-0.04114966289692917,
-0.01369232218692873
],
[
0.05767160455843595,
-0.019385113570094037,
-0.03466543132300792
]
],
[
[
0.1520822055986238,
0.1520822055986238,
0.7604110279931189
],
[
0.1483000372102787,
0.11712967007779401,
0.7681579687749538
]
],
[
[
0.16506804526937746,
0.16506804526937746,
0.8253402263468873
],
[
0.18012054877295727,
0.19642516691026182,
0.8160583013179945
]
],
[
[
0.07518092277959593,
0.12185247213424888,
0.810284010465429
],
[
0.07272400417362207,
0.12675866556145654,
0.7747046205479715
]
],
[
[
0.08579212880035553,
0.04156045241385359,
0.798479450300456
],
[
0.11652967929376973,
0.04287421430575339,
0.817173741493245
]
],
[
[
0.061828366845434635,
0.22288751775356064,
0.8251382173833426
],
[
0.09735644827913315,
0.22799104478235466,
0.8223616038741448
]
],
[
[
0.22938450388065065,
0.10679885577075693,
0.7611341578369767
],
[
0.2293542232219681,
0.08639571766484011,
0.7907940877287335
]
],
[
[
0.2285280215791476,
0.19478693265389008,
0.8890262838273404
],
[
0.2581729724954501,
0.2007581070822868,
0.8694936761848056
]
],
[
[
0.183217897938814,
0.015596691070734803,
0.7094405144552927
],
[
0.2066626195593533,
-0.0036521185526114386,
0.7288267950919456
]
],
[
[
0.75058014349679,
0.6928690804284786,
-0.03244741349441693
],
[
0.7267164000517583,
0.6710613262051872,
-0.048288732214341046
]
],
[
[
0.7867167482607857,
0.7438553656474292,
-0.15707409873321754
],
[
0.8049014808957954,
0.7704065682415508,
-0.1409388570673804
]
],
[
[
0.5976611308172568,
0.6111361847193295,
0.7896350052622231
],
[
0.6294237518848473,
0.6143150102141098,
0.8062792512864738
]
],
[
[
0.5650337326725458,
0.43107574689806427,
0.607458695283728
],
[
0.530264407329438,
0.4347652732420863,
0.598886453124768
]
],
[
[
0.6434720781262429,
0.49849458563965365,
0.8015906192828334
],
[
0.6382546338372899,
0.496422221020964,
0.8371502004917537
]
],
[
[
0.4976043119260185,
0.5186551145766486,
0.8178091246568406
],
[
0.5025796445557862,
0.5540271169645598,
0.8222887011131301
]
],
[
[
0.5046290201997309,
0.5822249806489952,
0.7663317450276039
],
[
0.4767847383879078,
0.563154894526005,
0.7788628251940353
]
],
[
[
0.4950660766172998,
0.6372328826353846,
0.8287950061247977
],
[
0.4601775831242922,
0.6405271065813343,
0.8205526403909856
]
],
[
[
0.6253325460950334,
0.15278404617983227,
0.7368289678730038
],
[
0.6525393900902803,
0.17155977207671758,
0.7510858959784227
]
],
[
[
0.6741957159976399,
0.05012632374622561,
0.722603105154555
],
[
0.6778119514514717,
0.08474813953960342,
0.7134270286094261
]
],
[
[
0.6849746515787507,
0.1563295763990572,
0.7877391261740329
],
[
0.6496767656707474,
0.15228310741760842,
0.7819352026869034
]
],
[
[
0.6931659162960104,
0.0887972781698737,
0.7850052897551101
],
[
0.7196490375128685,
0.09298204291481205,
0.76098171471858
]
],
[
[
0.5270368099460807,
0.055074276863868565,
0.5420464377903162
],
[
0.5313242069883682,
0.08946904189826393,
0.5323192077570446
]
],
[
[
0.5910707751179293,
0.06767671961484611,
0.6148315048383173
],
[
0.5738481539535927,
0.04276693458885372,
0.6342964434719516
]
],
[
[
0.4814871701664869,
0.15288500557647886,
0.7345870680981307
],
[
0.5150144274648089,
0.16524132963824242,
0.7389738795130527
]
],
[
[
0.39393981136599654,
0.6111361847193295,
1.1784013731524858
],
[
0.36591281112845636,
0.628305647906982,
1.1637146668418614
]
],
[
[
0.4236649371316026,
0.7239556677958747,
1.2167375610048667
],
[
0.38996222567913164,
0.7237417296746491,
1.2293899329606859
]
],
[
[
0.3329431666598342,
0.5442597745640432,
1.0629165208391766
],
[
0.3393996565454218,
0.5230926256367897,
1.0913113042060991
]
],
[
[
0.40546575263919526,
0.15278404617983238,
1.1564061380078892
],
[
0.4061462722260736,
0.18877587101612148,
1.1567627438246515
]
],
[
[
0.3404281360004569,
0.1527840461798324,
1.2805190097730401
],
[
0.3088740394942998,
0.14759493387395298,
1.2639840347719589
]
],
[
[
0.3094219445727488,
0.1527840461798324,
1.3396888819097863
],
[
0.3340942827376062,
0.17559019459499436,
1.3526176784828252
]
],
[
[
0.6337669831706623,
-0.1606015715098597,
-0.07717195538451938
],
[
0.6580233985492354,
-0.17861329591289338,
-0.057596450025574564
]
],
[
[
0.6154720384125156,
-0.05536550905400445,
0.042327014920640504
],
[
0.6495519750044473,
-0.06097184143636175,
0.05248173758435676
]
]
],
"half_couplers": [
{
"pose": [
[
-0.11669251613375864,
0.9743437892455229,
0.19245008972990538,
-0.018553483203530386
],
[
-0.9781110277430951,
-0.07913141203289609,
-0.19245008972984767,
0.7824737141026922
],
[
-0.17228370232183568,
-0.21069504025571212,
0.9622504486493758,
-0.09276741601765204
],
[
0.0,
0.0,
0.0,
1.0
]
],
"at_element": 0,
"to_element": 16
},
{
"pose": [
[
-0.175930722967784,
-0.9743437892455208,
-0.14036581163058556,
-0.053629886179080044
],
[
-0.8516345513360722,
0.07913141203290475,
0.5181281797010133,
0.7853224470931692
],
[
-0.49372762904929646,
0.21069504025571853,
-0.8437064823296081,
-0.08518238882444465
],
[
0.0,
0.0,
0.0,
1.0
]
],
"at_element": 16,
"to_element": 0
},
{
"pose": [
[
0.9809784260874348,
0.025382878362825264,
0.192450089729876,
-0.005567128900253628
],
[
0.01236584236869034,
0.9812288463480315,
-0.19245008972984115,
0.7694873597994155
],
[
-0.19372251674374877,
0.1911691935970051,
0.9622504486493829,
-0.027835644501268228
],
[
0.0,
0.0,
0.0,
1.0
]
],
"at_element": 0,
"to_element": 17
},
{
"pose": [
[
0.8641717099173667,
-0.025382878362830392,
-0.5025564299305227,
-0.0064809123223463876
],
[
0.07459795316301653,
-0.9812288463480319,
0.1778344636969973,
0.7341631290224471
],
[
-0.4976368165262524,
-0.19116919359700196,
-0.8460566991975706,
-0.03471773397224077
],
[
0.0,
0.0,
0.0,
1.0
]
],
"at_element": 17,
"to_element": 0
},
{
"pose": [
[
-0.7883932321673706,
-0.5989436955156793,
-0.14036581163056613,
-0.04785376648994409
],
[
-0.5739793975670371,
0.6341063322253747,
0.5181281797009923,
0.7640012268793479
],
[
-0.22132275671802823,
0.4890558342701822,
-0.8437064823296243,
-0.05046346711677069
],
[
0.0,
0.0,
0.0,
1.0
]
],
"at_element": 16,
"to_element": 17
},
{
"pose": [
[
0.623460892388216,
0.5989436955156793,
-0.502556429930521,
-0.02629179686380157
],
[
0.7525184801407021,
-0.6341063322253757,
0.17783446369702666,
0.7411734025319919
],
[
-0.21216138364277565,
-0.489055834270181,
-0.8460566991975658,
-0.06806947436415033
],
[
0.0,
0.0,
0.0,
1.0
]
],
"at_element": 17,
"to_element": 16
},
{
"pose": [
[
0.972503132067719,
0.131151138315455,
0.1924500897298755,
0.1552337516309494
],
[
-0.09365013051635479,
0.9768278333551078,
-0.192450089729871,
0.6086864792682125
],
[
-0.21323065251681442,
0.16913533900792604,
0.962250448649377,
0.7761687581547472
],
[
0.0,
0.0,
0.0,
1.0
]
],
"at_element": 0,
"to_element": 8
},
{
"pose": [
[
0.15763820461550382,
-0.13115113831545425,
-0.9787489848598369,
0.15051231108537277
],
[
0.14788947351315593,
-0.9768278333551086,
0.15471291997362574,
0.5735206804982669
],
[
-0.9763600258457953,
-0.1691353390079216,
-0.13458951307242817,
0.7700798865098737
],
[
0.0,
0.0,
0.0,
1.0
]
],
"at_element": 8,
"to_element": 0
},
{
"pose": [
[
0.5788380513525662,
-0.8050700329392702,
-0.12964857257033968,
0.004160792023517329
],
[
0.19297897956000137,
-0.01923253572389605,
0.9810143847149285,
0.6592418817881681
],
[
-0.7922787538198565,
-0.5928679040332608,
0.14422906992996842,
0.8892911850310925
],
[
0.0,
0.0,
0.0,
1.0
]
],
"at_element": 5,
"to_element": 18
},
{
"pose": [
[
-0.06548235646526335,
0.8050700329392702,
0.5895543257876399,
0.03314330180845224
],
[
0.9962470936175183,
0.019232535723895605,
0.08439098309817838,
0.6599342528018697
],
[
0.056602026910739844,
0.5928679040332606,
-0.8033080722343104,
0.9106344211804798
],
[
0.0,
0.0,
0.0,
1.0
]
],
"at_element": 18,
"to_element": 5
},
{
"pose": [
[
-0.4019491246366602,
-0.9064370628092699,
-0.12964857257033974,
-0.010191803781401483
],
[
0.08097287817865295,
-0.17622193388410912,
0.9810143847149286,
0.7678439486176001
],
[
-0.9120747196383023,
0.3838198551193628,
0.14422906992996787,
0.9052578979920171
],
[
0.0,
0.0,
0.0,
1.0
]
],
"at_element": 5,
"to_element": 22
},
{
"pose": [
[
0.1816556382929435,
0.9064370628092688,
-0.38127821894528546,
0.022439931397213887
],
[
0.6577582254256671,
0.17622193388411034,
0.7323250281828565,
0.7741879384157971
],
[
0.7309961326582108,
-0.3838198551193647,
-0.5642047260125436,
0.8914403828192234
],
[
0.0,
0.0,
0.0,
1.0
]
],
"at_element": 22,
"to_element": 5
},
{
"pose": [
[
0.004956253952618339,
-0.20500209799559804,
-0.9787489848598364,
0.2224480939784005
],
[
-0.6382963183805133,
-0.75408336564011,
0.1547129199736277,
0.5621496393077997
],
[
-0.7697748018015654,
0.623965077133558,
-0.13458951307242883,
0.7799719039135423
],
[
0.0,
0.0,
0.0,
1.0
]
],
"at_element": 8,
"to_element": 15
},
{
"pose": [
[
-0.9639161314763918,
0.20500209799560024,
-0.16982294102090378,
0.2298281772960052
],
[
0.26615968907590765,
0.7540833656401107,
-0.6004309265651623,
0.5892966691248468
],
[
0.00497105528064469,
-0.6239650771335569,
-0.7814364152809308,
0.7575091374270252
],
[
0.0,
0.0,
0.0,
1.0
]
],
"at_element": 15,
"to_element": 8
},
{
"pose": [
[
0.2541197478537144,
0.9023959965352794,
0.3480008896365998,
0.2839043658309244
],
[
-0.9665386468128262,
0.22391728467251126,
0.12515627767763143,
0.6736916788493005
],
[
0.03501710964650659,
-0.368160990684768,
0.9291024093015876,
0.843600918577244
],
[
0.0,
0.0,
0.0,
1.0
]
],
"at_element": 9,
"to_element": 15
},
{
"pose": [
[
0.39603236501593075,
-0.902395996535279,
-0.16982294102090362,
0.2514181081317974
],
[
-0.7676872749036483,
-0.22391728467251149,
-0.600430926565163,
0.6656306561485248
],
[
0.5038001724998702,
0.3681609906847686,
-0.7814364152809303,
0.8568547149859957
],
[
0.0,
0.0,
0.0,
1.0
]
],
"at_element": 15,
"to_element": 9
},
{
"pose": [
[
-0.9134130701541716,
0.21112068606289047,
0.3480008896365993,
0.21883063874501424
],
[
-0.17791593356881347,
-0.9760542130128924,
0.12515627767763138,
0.650288332193528
],
[
0.36609081367041657,
0.052404476680120125,
0.9291024093015877,
0.6698652804847989
],
[
0.0,
0.0,
0.0,
1.0
]
],
"at_element": 9,
"to_element": 18
},
{
"pose": [
[
-0.7796497629457833,
-0.21112068606289072,
0.58955432578764,
0.21123029434305413
],
[
-0.20049023724736817,
0.9760542130128926,
0.08439098309817786,
0.6854262824921182
],
[
-0.5932536657342106,
-0.05240447668012019,
-0.8033080722343109,
0.6679787193978632
],
[
0.0,
0.0,
0.0,
1.0
]
],
"at_element": 18,
"to_element": 9
},
{
"pose": [
[
0.9805453778914374,
0.038648736831895986,
0.19245008972987535,
-0.017063179904177543
],
[
-0.07633342367344274,
0.9783333641419221,
0.19245008972988278,
-0.017063179904177543
],
[
-0.18084239084359874,
-0.20339642019477158,
0.9622504486493747,
-0.08531589952088783
],
[
0.0,
0.0,
0.0,
1.0
]
],
"at_element": 1,
"to_element": 14
},
{
"pose": [
[
0.7546240917105079,
-0.03864873683189723,
-0.6550181336050093,
-0.018454534256037755
],
[
-0.16200368716027333,
-0.9783333641419218,
-0.12891328074805375,
-0.05228317660651616
],
[
-0.6358437587619833,
0.20339642019477383,
-0.7445351641765379,
-0.0779936293100475
],
[
0.0,
0.0,
0.0,
1.0
]
],
"at_element": 14,
"to_element": 1
},
{
"pose": [
[
0.5252272171822204,
-0.5432196746985791,
-0.6550181336050098,
0.03811569131112073
],
[
-0.7860506863290557,
-0.6045706613526614,
-0.1289132807480505,
-0.04114966289692905
],
[
-0.3259765157992842,
0.5825862171833239,
-0.7445351641765374,
-0.013692322186928091
],
[
0.0,
0.0,
0.0,
1.0
]
],
"at_element": 14,
"to_element": 15
},
{
"pose": [
[
-0.8222363125789223,
0.5432196746985776,
-0.16982294102090287,
0.05767160455843606
],
[
0.5234281401068461,
0.6045706613526587,
-0.6004309265651603,
-0.019385113570093638
],
[
-0.22349592484183103,
-0.5825862171833286,
-0.7814364152809328,
-0.03466543132300731
],
[
0.0,
0.0,
0.0,
1.0
]
],
"at_element": 15,
"to_element": 14
},
{
"pose": [
[
0.9756665963530944,
0.1050602480661978,
0.1924500897298752,
0.1520822055986238
],
[
-0.14250815034422143,
0.9709039036116973,
0.1924500897298744,
0.1520822055986238
],
[
-0.16663168920177462,
-0.2151928303355781,
0.9622504486493765,
0.7604110279931189
],
[
0.0,
0.0,
0.0,
1.0
]
],
"at_element": 1,
"to_element": 6
},
{
"pose": [
[
0.11021984175487509,
-0.10506024806619765,
0.9883389756352824,
0.14830003721027873
],
[
0.20368891041243833,
-0.9709039036116975,
-0.12592234800289065,
0.11712967007779397
],
[
0.9728116026541439,
0.215192830335577,
-0.08561326715900752,
0.7681579687749538
],
[
0.0,
0.0,
0.0,
1.0
]
],
"at_element": 6,
"to_element": 1
},
{
"pose": [
[
-0.8877694016498314,
-0.4181249244630871,
0.19245008972987862,
0.16506804526937763
],
[
0.4519605229947838,
-0.8710307965951829,
0.1924500897298908,
0.16506804526937763
],
[
0.08716177573100567,
0.25783114421167047,
0.9622504486493725,
0.8253402263468881
],
[
0.0,
0.0,
0.0,
1.0
]
],
"at_element": 1,
"to_element": 10
},
{
"pose": [
[
0.7208816919557279,
0.4181249244630903,
0.5527215698213541,
0.18012054877295702
],
[
-0.4908721366602659,
0.8710307965951811,
-0.018705529485942368,
0.19642516691026185
],
[
-0.4892587573601848,
-0.2578311442116705,
0.8331560294571891,
0.8160583013179942
],
[
0.0,
0.0,
0.0,
1.0
]
],
"at_element": 10,
"to_element": 1
},
{
"pose": [
[
-0.9892085191479687,
0.06824773458186376,
-0.12964857257033985,
0.07518092277959595
],
[
-0.13797710765571608,
-0.13628314182375378,
0.9810143847149285,
0.12185247213424885
],
[
0.04928309454616395,
0.9883163218216576,
0.14422906992996853,
0.810284010465429
],
[
0.0,
0.0,
0.0,
1.0
]
],
"at_element": 5,
"to_element": 6
},
{
"pose": [
[
-0.13611875684358887,
-0.06824773458186356,
0.9883389756352825,
0.0727240041736221
],
[
-0.9826344526466013,
0.13628314182375356,
-0.1259223480028901,
0.12675866556145654
],
[
-0.12610002580202023,
-0.9883163218216575,
-0.08561326715900774,
0.7747046205479715
],
[
0.0,
0.0,
0.0,
1.0
]
],
"at_element": 6,
"to_element": 5
},
{
"pose": [
[
0.5041635941836962,
-0.8538210104759958,
-0.12964857257033996,
0.08579212880035554
],
[
0.19047049445809056,
-0.0364933928715967,
0.9810143847149286,
0.04156045241385363
],
[
-0.8423420095428387,
-0.5192859658670439,
0.14422906992996765,
0.798479450300456
],
[
0.0,
0.0,
0.0,
1.0
]
],
"at_element": 5,
"to_element": 13
},
{
"pose": [
[
0.07895659974300473,
0.8538210104759966,
0.5145440092225069,
0.11652967929376966
],
[
0.9769201759589531,
0.03649339287159614,
-0.21046425368942767,
0.042874214305753396
],
[
-0.1984762584324668,
0.519285965867043,
-0.8312335775774349,
0.817173741493245
],
[
0.0,
0.0,
0.0,
1.0
]
],
"at_element": 13,
"to_element": 5
},
{
"pose": [
[
-0.09611040449247232,
-0.98689109722338,
-0.1296485725703399,
0.06182836684543462
],
[
0.1323388306731812,
-0.14176463197301858,
0.9810143847149286,
0.22288751775356064
],
[
-0.9865339446994962,
0.07712814883547964,
0.14422906992996798,
0.8251382173833426
],
[
0.0,
0.0,
0.0,
1.0
]
],
"at_element": 5,
"to_element": 16
},
{
"pose": [
[
-0.07964547160087454,
0.9868910972233799,
-0.14036581163056672,
0.09735644827913316
],
[
0.8434725712916146,
0.14176463197301858,
0.5181281797009952,
0.22799104478235466
],
[
0.5312349953948691,
-0.07712814883548016,
-0.8437064823296225,
0.8223616038741449
],
[
0.0,
0.0,
0.0,
1.0
]
],
"at_element": 16,
"to_element": 5
},
{
"pose": [
[
-0.15226740209821488,
0.0008411292771769996,
0.9883389756352825,
0.22938450388065054
],
[
-0.8142074374146866,
0.5667537482293774,
-0.12592234800288882,
0.10679885577075691
],
[
-0.5602507359360358,
-0.823886813445567,
-0.08561326715900819,
0.7611341578369767
],
[
0.0,
0.0,
0.0,
1.0
]
],
"at_element": 6,
"to_element": 23
},
{
"pose": [
[
-0.9791250370305948,
-0.0008411292771753898,
0.20325711392562867,
0.22935422322196808
],
[
0.16792773651174578,
-0.5667537482293761,
0.8065918820432023,
0.08639571766484004
],
[
0.11451828312491678,
0.8238868134455684,
0.5550640336579455,
0.7907940877287335
],
[
0.0,
0.0,
0.0,
1.0
]
],
"at_element": 23,
"to_element": 6
},
{
"pose": [
[
-0.12804307740847554,
-0.8234706045646002,
0.5527215698213513,
0.2285280215791476
],
[
0.9859708944382223,
-0.16586590513828248,
-0.018705529485959105,
0.19478693265389008
],
[
0.10708111714237448,
0.5425722670121189,
0.8331560294571906,
0.8890262838273404
],
[
0.0,
0.0,
0.0,
1.0
]
],
"at_element": 10,
"to_element": 23
},
{
"pose": [
[
0.529700584346134,
0.8234706045646001,
0.20325711392562934,
0.2581729724954501
],
[
-0.5673605884573416,
0.1658659051382838,
0.8065918820432033,
0.20075810708228675
],
[
0.6304912795659454,
-0.5425722670121188,
0.5550640336579438,
0.8694936761848056
],
[
0.0,
0.0,
0.0,
1.0
]
],
"at_element": 23,
"to_element": 10
},
{
"pose": [
[
-0.5577883246240913,
-0.6512423876609068,
0.5145440092225055,
0.18321789793881396
],
[
-0.8184205510773648,
0.5346892550754834,
-0.21046425368942587,
0.01559669107073481
],
[
-0.13805790990476155,
-0.5385078950401243,
-0.8312335775774353,
0.7094405144552927
],
[
0.0,
0.0,
0.0,
1.0
]
],
"at_element": 13,
"to_element": 23
},
{
"pose": [
[
-0.7311428712312968,
0.6512423876609069,
0.2032571139256286,
0.2066626195593533
],
[
-0.2520256660120733,
-0.5346892550754831,
0.8065918820432024,
-0.003652118552611449
],
[
0.6339662179634068,
0.5385078950401242,
0.5550640336579453,
0.7288267950919457
],
[
0.0,
0.0,
0.0,
1.0
]
],
"at_element": 23,
"to_element": 13
},
{
"pose": [
[
0.7024286659219825,
0.662880797129471,
-0.2591968712929634,
0.7505801434967896
],
[
-0.7066112580859152,
0.6057700685743794,
-0.3657091111329219,
0.692869080428478
],
[
-0.0854078406078985,
0.4400359903648663,
0.893909295144819,
-0.032447413494415364
],
[
0.0,
0.0,
0.0,
1.0
]
],
"at_element": 4,
"to_element": 11
},
{
"pose": [
[
0.7446035567972966,
-0.662880797129471,
0.07845120777790482,
0.7267164000517585
],
[
-0.5949445592127105,
-0.6057700685743783,
0.5282836316625632,
0.6710613262051882
],
[
-0.3026656813515676,
-0.44003599036486785,
-0.8454358713205876,
-0.048288732214342364
],
[
0.0,
0.0,
0.0,
1.0
]
],
"at_element": 11,
"to_element": 4
},
{
"pose": [
[
-0.8232002031135806,
-0.505132069369683,
-0.25919687129296365,
0.7867167482607861
],
[
0.5677147294555109,
-0.7375342920797816,
-0.36570911113292115,
0.7438553656474296
],
[
-0.00643518088443043,
-0.44820169622690753,
0.8939092951448193,
-0.15707409873321868
],
[
0.0,
0.0,
0.0,
1.0
]
],
"at_element": 4,
"to_element": 18
},
{
"pose": [
[
-0.6302914321481656,
0.505132069369682,
0.5895543257876386,
0.8049014808957962
],
[
0.6700159177050186,
0.7375342920797823,
0.08439098309817361,
0.7704065682415511
],
[
-0.392187940383837,
0.44820169622690764,
-0.803308072234312,
-0.14093885706738157
],
[
0.0,
0.0,
0.0,
1.0
]
],
"at_element": 18,
"to_element": 4
},
{
"pose": [
[
-0.07821278853290825,
-0.8822950452025435,
-0.4641532213837884,
0.5976611308172568
],
[
0.9960938633776681,
-0.08830070974432314,
-1.8041124150158794e-15,
0.6111361847193295
],
[
-0.040985058878300895,
-0.46234017548736805,
0.8857549249533145,
0.7896350052622232
],
[
0.0,
0.0,
0.0,
1.0
]
],
"at_element": 2,
"to_element": 7
},
{
"pose": [
[
0.45506032704007393,
0.8822950452025446,
0.12031438802246736,
0.6294237518848472
],
[
0.0910546919866077,
0.08830070974432269,
-0.9919233981139234,
0.6143150102141098
],
[
-0.8857929452312234,
0.4623401754873665,
-0.040154953728105625,
0.8062792512864738
],
[
0.0,
0.0,
0.0,
1.0
]
],
"at_element": 7,
"to_element": 2
},
{
"pose": [
[
-0.004532075334939822,
0.9658138755500959,
-0.25919687129296565,
0.5650337326725458
],
[
-0.9250693534384083,
-0.10248676677215407,
-0.3657091111329264,
0.43107574689806416
],
[
-0.37977118324354664,
0.2381176608979138,
0.8939092951448165,
0.6074586952837283
],
[
0.0,
0.0,
0.0,
1.0
]
],
"at_element": 4,
"to_element": 12
},
{
"pose": [
[
-0.2327544015246481,
-0.9658138755500959,
0.11414441013824084,
0.5302644073294379
],
[
-0.7472604640901338,
0.10248676677215485,
-0.6565807349019525,
0.43476527324208636
],
[
0.6224364926470017,
-0.23811766089791384,
-0.7455687709325045,
0.598886453124768
],
[
0.0,
0.0,
0.0,
1.0
]
],
"at_element": 12,
"to_element": 4
},
{
"pose": [
[
-0.9820998088221338,
0.14492899484336444,
0.12031438802246752,
0.6434720781262429
],
[
-0.11302285131594855,
0.05756567861616946,
-0.9919233981139235,
0.49849458563965365
],
[
-0.1506844404440678,
-0.987766054842518,
-0.04015495372810518,
0.8015906192828333
],
[
0.0,
0.0,
0.0,
1.0
]
],
"at_element": 7,
"to_element": 8
},
{
"pose": [
[
-0.14507243394087954,
-0.14492899484336402,
-0.9787489848598369,
0.6382546338372898
],
[
-0.9862809463021651,
-0.05756567861616957,
0.15471291997362513,
0.496422221020964
],
[
-0.07876473748940283,
0.9877660548425179,
-0.1345895130724286,
0.8371502004917537
],
[
0.0,
0.0,
0.0,
1.0
]
],
"at_element": 8,
"to_element": 7
},
{
"pose": [
[
0.1514930788920149,
-0.1382037325243301,
-0.9787489848598369,
0.49760431192601845
],
[
0.10318762814312447,
-0.982555965729907,
0.15471291997362557,
0.5186551145766486
],
[
-0.9830575570362164,
-0.12443272288635583,
-0.13458951307242795,
0.8178091246568405
],
[
0.0,
0.0,
0.0,
1.0
]
],
"at_element": 8,
"to_element": 17
},
{
"pose": [
[
-0.8534264836831773,
0.13820373252433008,
-0.5025564299305214,
0.5025796445557861
],
[
0.05439372877601739,
0.9825559657299074,
0.17783446369702935,
0.5540271169645598
],
[
0.5183672049985499,
0.12443272288635503,
-0.8460566991975649,
0.82228870111313
],
[
0.0,
0.0,
0.0,
1.0
]
],
"at_element": 17,
"to_element": 8
},
{
"pose": [
[
-0.623492358318213,
0.7734522174982664,
0.11414441013823995,
0.5046290201997309
],
[
0.5369298010589966,
0.5297245768230494,
-0.6565807349019521,
0.5822249806489952
],
[
-0.5682989247337521,
-0.34808553540280207,
-0.7455687709325043,
0.7663317450276038
],
[
0.0,
0.0,
0.0,
1.0
]
],
"at_element": 12,
"to_element": 17
},
{
"pose": [
[
0.38627542244168567,
-0.7734522174982668,
-0.5025564299305215,
0.4767847383879078
],
[
-0.8293170541061072,
-0.529724576823049,
0.17783446369702804,
0.563154894526005
],
[
-0.4037629524687291,
0.3480855354028024,
-0.8460566991975651,
0.7788628251940353
],
[
0.0,
0.0,
0.0,
1.0
]
],
"at_element": 17,
"to_element": 12
},
{
"pose": [
[
0.21855174338856498,
0.969126508303231,
0.11414441013823917,
0.49506607661729973
],
[
0.7486843934112826,
-0.09150638020375323,
-0.6565807349019509,
0.6372328826353845
],
[
-0.6258648532424541,
0.22895500275380284,
-0.7455687709325058,
0.8287950061247976
],
[
0.0,
0.0,
0.0,
1.0
]
],
"at_element": 12,
"to_element": 20
},
{
"pose": [
[
0.10628555724468236,
-0.9691265083032313,
0.2224796422713189,
0.4601775831242923
],
[
-0.6828374383819701,
0.09150638020375323,
0.7248169528411674,
0.6405271065813344
],
[
-0.7227976293992229,
-0.22895500275380057,
-0.652030055786442,
0.8205526403909855
],
[
0.0,
0.0,
0.0,
1.0
]
],
"at_element": 20,
"to_element": 12
},
{
"pose": [
[
-0.46196361469810965,
-0.755745595934311,
-0.46415322138379,
0.6253325460950334
],
[
0.8532220083045484,
-0.5215478928581276,
2.220446049250313e-16,
0.15278404617983227
],
[
-0.24207813457602786,
-0.3960257437101029,
0.8857549249533136,
0.7368289678730038
],
[
0.0,
0.0,
0.0,
1.0
]
],
"at_element": 3,
"to_element": 11
},
{
"pose": [
[
-0.6501492153529684,
0.755745595934311,
0.07845120777790732,
0.6525393900902804
],
[
0.6700031343006198,
0.5215478928581276,
0.5282836316625688,
0.17155977207671758
],
[
0.3583319659244274,
0.3960257437101028,
-0.8454358713205838,
0.7510858959784227
],
[
0.0,
0.0,
0.0,
1.0
]
],
"at_element": 11,
"to_element": 3
},
{
"pose": [
[
0.11443452900054385,
-0.10045301295941615,
0.9883389756352823,
0.6741957159976398
],
[
0.2433237004718105,
-0.9617365226828727,
-0.12592234800289165,
0.05012632374622563
],
[
0.9631709689152432,
0.25489616145644894,
-0.08561326715900752,
0.7226031051545551
],
[
0.0,
0.0,
0.0,
1.0
]
],
"at_element": 6,
"to_element": 14
},
{
"pose": [
[
-0.748906160233701,
0.10045301295941757,
-0.6550181336050094,
0.6778119514514717
],
[
0.2417524084360526,
0.9617365226828721,
-0.12891328074804914,
0.08474813953960345
],
[
0.6170051346458818,
-0.2548961614564496,
-0.7445351641765388,
0.713427028609426
],
[
0.0,
0.0,
0.0,
1.0
]
],
"at_element": 14,
"to_element": 6
},
{
"pose": [
[
0.15540448127449524,
0.9804967594207461,
0.12031438802246663,
0.6849746515787507
],
[
0.05876889788464584,
0.11240190797113314,
-0.9919233981139235,
0.156329576399057
],
[
-0.986101244214421,
0.16122008513167496,
-0.04015495372810651,
0.787739126174033
],
[
0.0,
0.0,
0.0,
1.0
]
],
"at_element": 7,
"to_element": 11
},
{
"pose": [
[
0.18019853707398004,
-0.9804967594207462,
0.0784512077779089,
0.6496767656707474
],
[
-0.8415950425245237,
-0.1124019079711327,
0.5282836316625702,
0.15228310741760842
],
[
-0.5091623234632965,
-0.16122008513167393,
-0.845435871320583,
0.7819352026869034
],
[
0.0,
0.0,
0.0,
1.0
]
],
"at_element": 11,
"to_element": 7
},
{
"pose": [
[
0.6665995578330984,
-0.7356422211452366,
0.12031438802246613,
0.6931659162960103
],
[
0.05074869819369321,
-0.11624345962578686,
-0.9919233981139237,
0.0887972781698739
],
[
0.7436864925009483,
0.6673214971531571,
-0.040154953728101406,
0.7850052897551102
],
[
0.0,
0.0,
0.0,
1.0
]
],
"at_element": 7,
"to_element": 14
},
{
"pose": [
[
-0.17257394680864335,
0.7356422211452374,
-0.6550181336050087,
0.7196490375128686
],
[
0.9848191834753239,
0.11624345962578275,
-0.12891328074804748,
0.09298204291481205
],
[
-0.018692478216743802,
-0.6673214971531567,
-0.744535164176539,
0.76098171471858
],
[
0.0,
0.0,
0.0,
1.0
]
],
"at_element": 14,
"to_element": 7
},
{
"pose": [
[
0.7461687372952324,
-0.11909433291239768,
-0.655018133605009,
0.5270368099460807
],
[
-0.26565632120948524,
-0.9554099042024935,
-0.1289132807480473,
0.05507427686386859
],
[
-0.6104579711042205,
0.27020076761536604,
-0.7445351641765388,
0.5420464377903162
],
[
0.0,
0.0,
0.0,
1.0
]
],
"at_element": 14,
"to_element": 19
},
{
"pose": [
[
0.9661452370348271,
0.11909433291239827,
-0.22886660049703295,
0.5313242069883682
],
[
-0.048783769574152626,
0.9554099042024934,
0.29122509984188927,
0.08946904189826392
],
[
0.25334467584903697,
-0.2702007676153664,
0.9288745988555254,
0.5323192077570446
],
[
0.0,
0.0,
0.0,
1.0
]
],
"at_element": 19,
"to_element": 14
},
{
"pose": [
[
-0.5848750207716382,
0.47840616083615256,
-0.655018133605009,
0.5910707751179294
],
[
0.7103537716621073,
0.6919384980850495,
-0.12891328074804717,
0.06767671961484611
],
[
0.391559355861656,
-0.5406927594686463,
-0.7445351641765392,
0.6148315048383173
],
[
0.0,
0.0,
0.0,
1.0
]
],
"at_element": 14,
"to_element": 21
},
{
"pose": [
[
-0.8083734536464382,
-0.47840616083615317,
-0.3430158957158439,
0.5738481539535927
],
[
0.10650345229218774,
-0.6919384980850498,
0.7140575113516077,
0.042766934588853674
],
[
-0.5789554163228595,
0.5406927594686455,
0.6102966211348428,
0.6342964434719516
],
[
0.0,
0.0,
0.0,
1.0
]
],
"at_element": 21,
"to_element": 14
},
{
"pose": [
[
-0.28333129419278613,
-0.9313127599834421,
-0.22886660049702495,
0.48148717016648673
],
[
0.8929615073740724,
-0.34323124503796043,
0.2912250998418854,
0.15288500557647916
],
[
-0.3497758197463991,
-0.12185588012777829,
0.9288745988555286,
0.7345870680981317
],
[
0.0,
0.0,
0.0,
1.0
]
],
"at_element": 19,
"to_element": 21
},
{
"pose": [
[
0.1224607626069727,
0.9313127599834425,
-0.3430158957158418,
0.5150144274648085
],
[
-0.6101755345079296,
0.34323124503795976,
0.7140575113516098,
0.16524132963824287
],
[
0.7827446446381354,
0.12185588012777493,
0.6102966211348415,
0.738973879513053
],
[
0.0,
0.0,
0.0,
1.0
]
],
"at_element": 21,
"to_element": 19
},
{
"pose": [
[
-0.42244226698731846,
0.7785270182477066,
-0.46415322138379034,
0.39393981136599643
],
[
-0.8789417888799675,
-0.47692906365672694,
4.440892098500626e-16,
0.6111361847193295
],
[
-0.22136816126782433,
0.40796366271746853,
0.8857549249533135,
1.178401373152486
],
[
0.0,
0.0,
0.0,
1.0
]
],
"at_element": 2,
"to_element": 23
},
{
"pose": [
[
0.5937863483585313,
-0.7785270182477066,
0.20325711392562856,
0.3659128111284564
],
[
0.3492108303897834,
0.47692906365672694,
0.8065918820432026,
0.628305647906982
],
[
-0.7248927978960191,
-0.40796366271746887,
0.555064033657945,
1.1637146668418616
],
[
0.0,
0.0,
0.0,
1.0
]
],
"at_element": 23,
"to_element": 2
},
{
"pose": [
[
0.04950815231068251,
0.9361860518438193,
0.34800088963659864,
0.4236649371316026
],
[
-0.9921192419255459,
0.00594272319399658,
0.1251562776776301,
0.7239556677958747
],
[
0.11510148850411434,
-0.3514546348735799,
0.9291024093015882,
1.2167375610048667
],
[
0.0,
0.0,
0.0,
1.0
]
],
"at_element": 9,
"to_element": 23
},
{
"pose": [
[
-0.28677904730246073,
-0.9361860518438192,
0.20325711392562695,
0.3899622256791316
],
[
0.5910788609509248,
-0.005942723193996802,
0.8065918820432034,
0.723741729674649
],
[
-0.7539121687340313,
0.3514546348735805,
0.5550640336579444,
1.2293899329606859
],
[
0.0,
0.0,
0.0,
1.0
]
],
"at_element": 23,
"to_element": 9
},
{
"pose": [
[
0.9220491986438177,
-0.1793470673486215,
-0.3430158957158437,
0.33294316665983426
],
[
0.380006823031677,
0.5879767724423468,
0.7140575113516084,
0.5442597745640432
],
[
0.07362125868025637,
-0.7887445369076921,
0.6102966211348422,
1.0629165208391766
],
[
0.0,
0.0,
0.0,
1.0
]
],
"at_element": 21,
"to_element": 23
},
{
"pose": [
[
-0.9625596994846988,
0.17934706734862146,
0.20325711392562884,
0.3393996565454218
],
[
0.06076883156921518,
-0.5879767724423459,
0.806591882043202,
0.5230926256367897
],
[
0.2641703504135908,
0.7887445369076932,
0.555064033657946,
1.0913113042060991
],
[
0.0,
0.0,
0.0,
1.0
]
],
"at_element": 23,
"to_element": 21
},
{
"pose": [
[
-0.8855531898077604,
-0.018903309243397694,
-0.46415322138379,
0.4054657526391954
],
[
0.021341466709195952,
-0.9997722449631721,
4.0505793164058446e-16,
0.15278404617983238
],
[
-0.4640475081497598,
-0.009905710522127853,
0.8857549249533138,
1.1564061380078892
],
[
0.0,
0.0,
0.0,
1.0
]
],
"at_element": 3,
"to_element": 10
},
{
"pose": [
[
0.8331515655352695,
0.018903309243398284,
0.5527215698213505,
0.4061462722260735
],
[
-0.01027430620284386,
0.9997722449631717,
-0.018705529485956225,
0.18877587101612148
],
[
-0.5529492811082944,
0.009905710522129478,
0.8331560294571912,
1.1567627438246515
],
[
0.0,
0.0,
0.0,
1.0
]
],
"at_element": 10,
"to_element": 3
},
{
"pose": [
[
0.12767482437960664,
0.8765049493863037,
-0.46415322138379045,
0.34042813600045685
],
[
-0.9895569583567403,
0.14414238158070192,
-3.0531133177191805e-16,
0.15278404617983238
],
[
0.06690415074861414,
0.45930604996402635,
0.8857549249533135,
1.2805190097730406
],
[
0.0,
0.0,
0.0,
1.0
]
],
"at_element": 3,
"to_element": 20
},
{
"pose": [
[
0.4268979766596943,
-0.8765049493863031,
0.22247964227131714,
0.30887403949429976
],
[
-0.6736938167344944,
-0.14414238158070125,
0.724816952841166,
0.14759493387395284
],
[
-0.6032369010741706,
-0.45930604996402746,
-0.6520300557864442,
1.263984034771959
],
[
0.0,
0.0,
0.0,
1.0
]
],
"at_element": 20,
"to_element": 3
},
{
"pose": [
[
-0.5611297306718657,
-0.6853431348128977,
-0.46415322138379,
0.30942194457274885
],
[
0.7737390055708927,
-0.6335044997931474,
2.220446049250313e-16,
0.1527840461798324
],
[
-0.2940431543401161,
-0.35913345194602,
0.8857549249533138,
1.3396888819097863
],
[
0.0,
0.0,
0.0,
1.0
]
],
"at_element": 3,
"to_element": 22
},
{
"pose": [
[
-0.6204286480512808,
0.6853431348128978,
-0.38127821894528735,
0.33409428273760616
],
[
0.24974407268003548,
0.6335044997931475,
0.7323250281828576,
0.1755901945949944
],
[
0.7434353978917397,
0.35913345194602,
-0.5642047260125411,
1.3526176784828252
],
[
0.0,
0.0,
0.0,
1.0
]
],
"at_element": 22,
"to_element": 3
},
{
"pose": [
[
-0.7300532306822063,
-0.6737902744954593,
0.11414441013824,
0.6337669831706623
],
[
-0.564424700452432,
0.5003263895446608,
-0.6565807349019516,
-0.1606015715098591
],
[
0.3852882529868457,
-0.5437648112194627,
-0.7455687709325052,
-0.07717195538451874
],
[
0.0,
0.0,
0.0,
1.0
]
],
"at_element": 12,
"to_element": 13
},
{
"pose": [
[
0.5303311499134873,
0.6737902744954601,
0.5145440092225064,
0.6580233985492352
],
[
0.8398680264447237,
-0.5003263895446624,
-0.21046425368942812,
-0.17861329591289332
],
[
0.1156311791312501,
0.5437648112194605,
-0.8312335775774351,
-0.05759645002557421
],
[
0.0,
0.0,
0.0,
1.0
]
],
"at_element": 13,
"to_element": 12
},
{
"pose": [
[
-0.3013149295624562,
-0.946668034137082,
0.11414441013823134,
0.6154720384125155
],
[
-0.7380035854566916,
0.1557319697707954,
-0.6565807349019432,
-0.05536550905400446
],
[
0.6037880597327507,
-0.2820765618308986,
-0.7455687709325141,
0.04232701492064034
],
[
0.0,
0.0,
0.0,
1.0
]
],
"at_element": 12,
"to_element": 19
},
{
"pose": [
[
-0.2268032458320992,
0.9466680341370799,
-0.22886660049701574,
0.6495519750044475
],
[
-0.9438937942445531,
-0.15573196977080106,
0.2912250998419047,
-0.06097184143636209
],
[
0.24005164624856346,
0.2820765618309017,
0.9288745988555247,
0.05248173758435583
],
[
0.0,
0.0,
0.0,
1.0
]
],
"at_element": 19,
"to_element": 12
}
],
"nstatus": 0,
"opt_line_pos": [
[
-0.3819601154495809,
0.3819601154495809,
-0.5458205962319511
],
[
-0.3819601154495809,
-0.3819601154495809,
-0.5458205962319511
],
[
0.2291760692697486,
0.2291760692697486,
0.2180996346672106
],
[
0.2291760692697487,
-0.22917606926974865,
0.21809963466721038
],
[
0.37268711250133396,
0.3166473438150349,
-0.5922944313399682
],
[
-0.3092478371605904,
-0.24142810286210203,
0.26720968665136036
],
[
-0.1307522813139675,
-0.2779417277719507,
0.21342315087603816
],
[
0.2568975776923627,
0.15457743835924298,
0.257310075064392
],
[
0.12918707060074894,
0.13455424840035557,
0.27385083312424335
],
[
-0.15345710671548937,
0.2718068222883693,
0.1498682454221665
],
[
-0.25933011060435585,
-0.18358931963080455,
0.1835781717415328
],
[
0.2673959775526282,
-0.23183638998043074,
0.23957036175322516
],
[
0.13451437398634475,
0.1321274339669967,
0.14313888037836836
],
[
-0.2896580402920178,
-0.3291760692697486,
0.31049226203519104
],
[
0.25253575032200737,
-0.30573695930765027,
0.11837062147608601
],
[
-0.1449492480576271,
0.23273188155979474,
0.24473952692709627
],
[
-0.2787210247847607,
-0.17568349496842278,
0.3119002126820508
],
[
0.1336324401294982,
0.16746225682335408,
0.2983754169592295
],
[
-0.277829685155967,
0.28813549704068725,
0.2680890095370224
],
[
0.2920506377858139,
-0.4740549347116684,
-0.5926068941251529
],
[
-0.08530571814023422,
-0.27417558275609116,
0.7539760364667375
],
[
0.174997410330092,
-0.3040318951312,
0.11852778778309307
],
[
-0.08257164867745997,
-0.13971010030323167,
0.7554403972505748
],
[
-0.1606289307747493,
-0.3274024852024723,
0.22306380257048877
]
],
"opt_line_orient": [
[
0.19245008972987523,
-0.19245008972987515,
0.9622504486493764
],
[
0.19245008972987526,
0.19245008972987526,
0.9622504486493763
],
[
-0.46415322138379006,
0.0,
0.8857549249533136
],
[
-0.4641532213837901,
2.2485488776215904e-16,
0.8857549249533138
],
[
-0.2591968712929649,
-0.3657091111329257,
0.893909295144817
],
[
-0.12964857257033982,
0.9810143847149284,
0.14422906992996812
],
[
0.9883389756352825,
-0.12592234800289034,
-0.08561326715900755
],
[
0.12031438802246754,
-0.9919233981139235,
-0.04015495372810549
],
[
-0.9787489848598371,
0.15471291997362532,
-0.13458951307242817
],
[
0.34800088963659936,
