{
"line_pt_pairs": [
[
[
-0.028728178461483456,
0.7036967770276579,
-0.14364089230741733
],
[
0.16372191126839175,
0.5112466872977828,
0.818609556341959
]
],
[
[
-0.041086681957429816,
-0.041086681957429816,
-0.20543340978714913
],
[
0.15136340777244545,
0.15136340777244545,
0.7568170388622272
]
],
[
[
0.6708062003218809,
0.5399748788529396,
0.425299993479742
],
[
0.2066529789380907,
0.5399748788529396,
1.3110549184330555
]
],
[
[
0.6708061997245196,
0.1349937197132347,
0.42529999461970114
],
[
0.20665297834072932,
0.13499371971323498,
1.3110549195730148
]
],
[
[
0.5914341856663026,
0.6549498078387341,
-0.17742732115683052
],
[
0.3897979192263409,
0.45542967010879476,
0.7814963101592296
]
],
[
[
0.19919179225702435,
-0.1624799799350108,
0.7075974330007955
],
[
0.21148385450888826,
0.8367656294126887,
0.6707583585696841
]
],
[
[
-0.1665646677191145,
0.07459075471352766,
0.622625826910507
],
[
0.8238425321617955,
-0.008236755168409382,
0.7332295430814066
]
],
[
[
0.4616096757378184,
0.8411873181353173,
0.6483597069663638
],
[
0.45724651804797184,
-0.1560541847405002,
0.5742628258109829
]
],
[
[
0.852524448198987,
0.5655540429971666,
0.635061269676501
],
[
-0.132839473361266,
0.7042723030649485,
0.5359896470433438
]
],
[
[
0.08738329538799078,
0.5344902919017991,
0.3900410953809321
],
[
0.35972042669545023,
0.49506237855663626,
1.3514348370708134
]
],
[
[
0.15311643178039414,
0.16575641824458115,
0.3638452563614526
],
[
0.514679859725184,
0.17385733290279531,
1.2961575767533442
]
],
[
[
0.47598547491239923,
0.12021823771027162,
0.7263494834057262
],
[
0.5988745700413576,
0.7005398958276962,
-0.07085882655945913
]
],
[
[
0.6333966161445269,
0.5648765854301642,
0.6314840865635368
],
[
0.6848351922519178,
-0.18333034870139958,
-0.6369960776166639
]
],
[
[
0.10527080477752251,
0.14378145584380309,
0.5361199933111
],
[
0.6514436163187233,
0.03829083766660618,
-0.3202903021331985
]
],
[
[
0.5794488537078435,
0.04753663612732412,
0.6980680969130153
],
[
-0.04351435093042311,
-0.07402744665018385,
-0.18796738818866693
]
],
[
[
0.12105609538815654,
0.5129762986490743,
0.7862674107143139
],
[
0.0700979239852566,
-0.03054257737185395,
-0.07098946455832872
]
],
[
[
0.05800691113839923,
0.025199257056045532,
0.6287507460868219
],
[
-0.5186972810022661,
0.9157114796114134,
-0.7908401929768878
]
],
[
[
0.5349799850749719,
0.50519235036846,
0.6644976582358861
],
[
-0.538714841826241,
0.9367160986315992,
-0.7695318848024482
]
],
[
[
-0.013345835464138922,
0.6277861099653381,
0.6389419088419495
],
[
0.6577958018054316,
0.7304023802906409,
-0.09525071151570857
]
],
[
[
0.6500311136150341,
-0.17609080747937617,
-0.6426776384274466
],
[
0.5056152130352634,
0.3348713922423005,
0.8930613175682318
]
],
[
[
0.3607025902353542,
-0.06395665219025598,
1.173335792010875
],
[
0.6034560569419873,
0.5890219883121826,
0.4559170513513497
]
],
[
[
0.6516000360982015,
0.039409830565957316,
0.5230219136730809
],
[
0.3036458862006696,
0.5881301642116388,
1.2831757829738022
]
],
[
[
0.362326396728064,
0.10225379639631596,
1.2241554591570978
],
[
-0.05662724855621659,
0.6697878647408737,
0.5153656988111344
]
],
[
[
0.15647372576733803,
-0.02428853739797371,
0.5220288186652456
],
[
0.4721453119565774,
0.683269675627596,
1.154257278047479
]
]
],
"contact_id_pairs": [
[
0,
17
],
[
16,
17
],
[
0,
9
],
[
0,
15
],
[
5,
9
],
[
8,
18
],
[
8,
22
],
[
15,
22
],
[
18,
22
],
[
1,
14
],
[
14,
15
],
[
1,
13
],
[
5,
6
],
[
5,
23
],
[
6,
16
],
[
10,
13
],
[
10,
23
],
[
4,
11
],
[
11,
18
],
[
2,
12
],
[
2,
17
],
[
2,
20
],
[
4,
7
],
[
4,
17
],
[
7,
8
],
[
7,
17
],
[
8,
12
],
[
3,
11
],
[
3,
21
],
[
6,
14
],
[
7,
11
],
[
7,
14
],
[
11,
19
],
[
19,
21
],
[
2,
9
],
[
2,
23
],
[
9,
21
],
[
3,
10
],
[
3,
20
],
[
3,
22
],
[
12,
13
],
[
12,
19
]
],
"coupler_pt_pairs": [
[
[
-0.012864873331567439,
0.6878334718977419,
-0.0643243666578373
],
[
-0.0064359102172702465,
0.7227903220193446,
-0.05861878925637626
]
],
[
[
-0.5186972810022661,
0.9157114796114134,
-0.7908401929768878
],
[
-0.538714841826241,
0.9367160986315992,
-0.7695318848024482
]
],
[
[
0.1358223566449681,
0.5391462419212064,
0.6791117832248407
],
[
0.16661132244269264,
0.5230199655080973,
0.6697287347826792
]
],
[
[
0.15608834995840087,
0.5188802486077736,
0.7804417497920045
],
[
0.12105609538815654,
0.5129762986490743,
0.7862674107143139
]
],
[
[
0.20760331071696522,
0.5213086892745449,
0.6823882737665554
],
[
0.17298453259470856,
0.522097276867008,
0.692227188538165
]
],
[
[
0.07362792225419701,
0.6752060898072592,
0.5567485356700725
],
[
0.06959622367609414,
0.6404677918778146,
0.5482077860332818
]
],
[
[
-0.050606074113656696,
0.6926955913409948,
0.5442576545478206
],
[
-0.05243771206556591,
0.6641125240062118,
0.5224535964785577
]
],
[
[
0.11874776690845001,
0.4883557114844066,
0.7474349643148845
],
[
0.08620714107359295,
0.47629776587537265,
0.757014277202614
]
],
[
[
0.006867669259509546,
0.6308767161053213,
0.6168294288890681
],
[
-0.006100901546960413,
0.6013425281278115,
0.6008466530669376
]
],
[
[
-0.03916217550088674,
-0.03916217550088674,
-0.19581087750443366
],
[
-0.04351435093042311,
-0.07402744665018385,
-0.18796738818866693
]
],
[
[
0.05072780574211244,
-0.055637176968809376,
-0.05392753738742201
],
[
0.0700979239852566,
-0.03054257737185395,
-0.07098946455832872
]
],
[
[
0.10850563804358615,
0.10850563804358615,
0.5425281902179308
],
[
0.10527080477752251,
0.14378145584380309,
0.5361199933111
]
],
[
[
0.2017419975096575,
0.04483115707478441,
0.6999545168495924
],
[
0.20562176804404333,
0.043464894875470506,
0.6641897441647
]
],
[
[
0.2030881570252585,
0.15426307808885176,
0.69592010264185
],
[
0.23570398945373833,
0.15330116735894134,
0.6807115438088128
]
],
[
[
0.058441707229743345,
0.05577352706532773,
0.6477534120436512
],
[
0.05800691113839923,
0.025199257056045532,
0.6287507460868219
]
],
[
[
0.1776303331415579,
0.16630565803909098,
0.4270557762688322
],
[
0.1736416421603726,
0.1305759616331756,
0.4289131023682987
]
],
[
[
0.27742936156089754,
0.16854167902382733,
0.6843933734018545
],
[
0.24400072926346375,
0.17189779325287977,
0.6973282912681594
]
],
[
[
0.5455294180829267,
0.6095268007953898,
0.04088244624246623
],
[
0.5803987575754114,
0.6132911931331808,
0.048997790626583104
]
],
[
[
0.5988745700413576,
0.7005398958276962,
-0.07085882655945913
],
[
0.6171801819561947,
0.7241923298416251,
-0.050819422040243645
]
],
[
[
0.6107593415953564,
0.5399748788529396,
0.5398888800685886
],
[
0.6365626128303246,
0.5188251420774981,
0.5534103080940453
]
],
[
[
0.5432036636964859,
0.5399748788529396,
0.6688070296164653
],
[
0.5349799850749719,
0.50519235036846,
0.6644976582358861
]
],
[
[
0.614222403568507,
0.5399748788529396,
0.5332802343524352
],
[
0.582842659859817,
0.5335743434836167,
0.5168366236896393
]
],
[
[
0.4248177614655718,
0.49008198672929004,
0.6149520922907743
],
[
0.4600704726561381,
0.48938770337970994,
0.6222203473730427
]
],
[
[
0.4414070695294414,
0.5064971936173486,
0.5360581521752776
],
[
0.4447902357223927,
0.5414400976057845,
0.544039999494907
]
],
[
[
0.46063113678089884,
0.6175328620307701,
0.6317417687778109
],
[
0.46458981574017283,
0.6201669794536904,
0.5960570878992386
]
],
[
[
0.4602137316105872,
0.5221309102933063,
0.6246532279785191
],
[
0.48921641859949466,
0.523584974831765,
0.6033757223967829
]
],
[
[
0.639507409948582,
0.5955423064847307,
0.6136438591480534
],
[
0.6333966161445269,
0.5648765854301642,
0.6314840865635368
]
],
[
[
0.5050650982704361,
0.13499371971323482,
0.7415877851955486
],
[
0.47598547491239923,
0.12021823771027162,
0.7263494834057262
]
],
[
[
0.5610560849291802,
0.1349937197132348,
0.6347388183002607
],
[
0.5928389295421219,
0.13207552805609135,
0.6513936618650479
]
],
[
[
0.5756882667364978,
0.012516324851839011,
0.7055169174633801
],
[
0.5794488537078435,
0.04753663612732412,
0.6980680969130153
]
],
[
[
0.45883957830431477,
0.20805500340645533,
0.6013168093885866
],
[
0.4944725059747307,
0.20751991820927954,
0.606420088742927
]
],
[
[
0.45805246764982466,
0.028153320311222918,
0.5879497828523671
],
[
0.48738749113752644,
0.029571923256992372,
0.5671299717769129
]
],
[
[
0.49960969452616427,
0.23177936755343287,
0.5730940283731015
],
[
0.5353247419671909,
0.2297552229367792,
0.5771260170793533
]
],
[
[
0.5056152130352634,
0.3348713922423005,
0.8930613175682318
],
[
0.4796380762385176,
0.3105921803564644,
0.8986965512607306
]
],
[
[
0.2995946371237943,
0.5399748788529396,
1.1336920828894792
],
[
0.29776868248519206,
0.5040315117430547,
1.1327352462931117
]
],
[
[
0.37332676627823036,
0.5399748788529396,
0.9929872606087469
],
[
0.3981067157394365,
0.5173167703733452,
1.0059724476442609
]
],
[
[
0.3176998449939571,
0.5011459553575146,
1.2030954458315941
],
[
0.3431364259131868,
0.525853964507506,
1.196903248008825
]
],
[
[
0.38714964617825154,
0.13499371971323487,
0.9666087214014145
],
[
0.38680660799219085,
0.17099230226281728,
0.9664289625599649
]
],
[
[
0.40566474122395024,
0.13499371971323487,
0.9312759134682644
],
[
0.43704451479193496,
0.14139426117296683,
0.9477195397779254
]
],
[
[
0.2974326360707745,
0.13499371971323493,
1.1378178822855431
],
[
0.31751356893954724,
0.16295933447937422,
1.1483406910409375
]
],
[
[
0.6713502850997121,
0.012816236233927414,
-0.3044569886132476
],
[
0.6514436163187233,
0.03829083766660618,
-0.3202903021331985
]
],
[
[
0.6848351922519178,
-0.18333034870139958,
-0.6369960776166639
],
[
0.6500311136150341,
-0.17609080747937617,
-0.6426776384274466
]
]
],
"half_couplers": [
{
"pose": [
[
-0.9649186689793754,
-0.17859150376776844,
0.19245008972987643,
-0.012864873331567123
],
[
0.14134710407343254,
-0.9710736115933858,
-0.1924500897298628,
0.6878334718977415
],
[
0.22125315461056044,
-0.15849642156511032,
0.9622504486493786,
-0.06432436665783564
],
[
0.0,
0.0,
0.0,
1.0
]
],
"at_element": 0,
"to_element": 17
},
{
"pose": [
[
-0.7928355736201116,
0.17859150376777017,
-0.5826807255988784,
-0.006435910217269636
],
[
0.04663243102634197,
0.971073611593386,
0.23418252975734774,
0.7227903220193445
],
[
0.6076488867586629,
0.15849642156510704,
-0.7782298598563371,
-0.05861878925637548
],
[
0.0,
0.0,
0.0,
1.0
]
],
"at_element": 17,
"to_element": 0
},
{
"pose": [
[
0.7647942604163557,
0.5560560652551703,
-0.32540957503911483,
-0.5186972810022651
],
[
0.6380225326328461,
-0.5834749751608435,
0.5024780604303254,
0.9157114796114117
],
[
0.08953762944688824,
-0.5919109778116898,
-0.8010146111395477,
-0.7908401929768852
],
[
0.0,
0.0,
0.0,
1.0
]
],
"at_element": 16,
"to_element": 17
},
{
"pose": [
[
-0.5926928583241942,
-0.5560560652551708,
-0.5826807255988768,
-0.5387148418262392
],
[
-0.7776345517770519,
0.583474975160845,
0.23418252975735582,
0.9367160986315985
],
[
0.20976100584713053,
0.591910977811688,
-0.7782298598563351,
-0.7695318848024457
],
[
0.0,
0.0,
0.0,
1.0
]
],
"at_element": 17,
"to_element": 16
},
{
"pose": [
[
0.4811914509299371,
-0.8552296478226755,
0.1924500897298947,
0.1358223566449693
],
[
0.8731042109019875,
0.4479419603789848,
-0.1924500897299084,
0.5391462419212052
],
[
0.07838255199443128,
0.2606343216403676,
0.9622504486493657,
0.6791117832248468
],
[
0.0,
0.0,
0.0,
1.0
]
],
"at_element": 0,
"to_element": 9
},
{
"pose": [
[
-0.4409248647970381,
0.8552296478226814,
0.2723371313075141,
0.1666113224426923
],
[
-0.8931928346001726,
-0.4479419603789734,
-0.03942791334512788,
0.5230199655080973
],
[
0.08827130803733681,
-0.2606343216403677,
0.9613937416898671,
0.669728734782678
],
[
0.0,
0.0,
0.0,
1.0
]
],
"at_element": 9,
"to_element": 0
},
{
"pose": [
[
0.1266620796387007,
0.9730979809580131,
0.1924500897298771,
0.1560883499584009
],
[
-0.9675063491073415,
0.1639952054175572,
-0.19245008972987293,
0.5188802486077736
],
[
-0.21883368574920636,
-0.1618205551080934,
0.9622504486493764,
0.7804417497920048
],
[
0.0,
0.0,
0.0,
1.0
]
],
"at_element": 0,
"to_element": 15
},
{
"pose": [
[
0.22486950175173026,
-0.9730979809580129,
-0.050140070177127655,
0.12105609538815654
],
[
-0.828916156189828,
-0.1639952054175582,
-0.5347930240827132,
0.5129762986490743
],
[
0.5121832808569694,
0.16182055510809368,
-0.8434941581037174,
0.7862674107143139
],
[
0.0,
0.0,
0.0,
1.0
]
],
"at_element": 15,
"to_element": 0
},
{
"pose": [
[
0.2739160351221407,
0.961675054739678,
0.0122920622518633,
0.20760331071696525
],
[
0.03206761124173174,
-0.021906175124693172,
0.9992456093476996,
0.5213086892745449
],
[
0.9612188481361648,
-0.27331521835207734,
-0.03683907443111023,
0.6823882737665554
],
[
0.0,
0.0,
0.0,
1.0
]
],
"at_element": 5,
"to_element": 9
},
{
"pose": [
[
0.03183670841434194,
-0.9616750547396785,
0.27233713130746023,
0.17298453259470858
],
[
0.998982261674677,
0.021906175124692506,
-0.039427913345163615,
0.522097276867008
],
[
0.03195097583310387,
0.273315218352076,
0.9613937416898809,
0.692227188538165
],
[
0.0,
0.0,
0.0,
1.0
]
],
"at_element": 9,
"to_element": 5
},
{
"pose": [
[
-0.1285119355401958,
0.11199385925626254,
-0.9853639215602531,
0.07362792225419686
],
[
-0.22267998352841062,
0.9649719525766303,
0.13871826006778018,
0.6752060898072592
],
[
0.9663841406808676,
0.237247773918606,
-0.09907162263315716,
0.5567485356700725
],
[
0.0,
0.0,
0.0,
1.0
]
],
"at_element": 8,
"to_element": 18
},
{
"pose": [
[
0.7328207681363901,
-0.1119938592562608,
0.6711416372695708,
0.06959622367609407
],
[
-0.24145192441761604,
-0.9649719525766303,
0.10261627032530304,
0.6404677918778146
],
[
0.6361404640352798,
-0.2372477739186075,
-0.7341926203576583,
0.5482077860332818
],
[
0.0,
0.0,
0.0,
1.0
]
],
"at_element": 18,
"to_element": 8
},
{
"pose": [
[
-0.16269239144528758,
0.05088347328173215,
-0.9853639215602533,
-0.05060607411365682
],
[
-0.5918170047939714,
0.794046520778512,
0.13871826006778137,
0.6926955913409948
],
[
0.789483260495437,
0.6057235301573873,
-0.09907162263315761,
0.5442576545478207
],
[
0.0,
0.0,
0.0,
1.0
]
],
"at_element": 8,
"to_element": 22
},
{
"pose": [
[
0.906580782528397,
-0.05088347328173126,
-0.4189536452842804,
-0.052437712065565995
],
[
0.21770439616097148,
-0.7940465207785123,
0.5675340683445586,
0.6641125240062119
],
[
-0.3615467890085405,
-0.6057235301573868,
-0.7087897603459625,
0.5224535964785576
],
[
0.0,
0.0,
0.0,
1.0
]
],
"at_element": 22,
"to_element": 8
},
{
"pose": [
[
-0.42481843430678334,
0.9038889706350919,
-0.050140070177125906,
0.11874776690845003
],
[
0.7757666837052115,
0.3349365221134998,
-0.5347930240827113,
0.48835571148440665
],
[
-0.4665997753172965,
-0.26608693113106285,
-0.8434941581037187,
0.7474349643148845
],
[
0.0,
0.0,
0.0,
1.0
]
],
"at_element": 15,
"to_element": 22
},
{
"pose": [
[
0.08638617868180853,
-0.9038889706350924,
-0.4189536452842814,
0.08620714107359295
],
[
-0.7521453366356726,
-0.33493652211349945,
0.5675340683445567,
0.4762977658753726
],
[
-0.6533106617145974,
0.2660869311310614,
-0.7087897603459639,
0.757014277202614
],
[
0.0,
0.0,
0.0,
1.0
]
],
"at_element": 22,
"to_element": 15
},
{
"pose": [
[
-0.6479101305051798,
0.3602518084782943,
0.6711416372695705,
0.006867669259509442
],
[
0.5624696410100516,
0.8204253799137057,
0.10261627032530182,
0.6308767161053214
],
[
-0.5136539357688065,
0.44398291688033464,
-0.7341926203576588,
0.6168294288890681
],
[
0.0,
0.0,
0.0,
1.0
]
],
"at_element": 18,
"to_element": 22
},
{
"pose": [
[
0.8334845395033613,
-0.3602518084782952,
-0.4189536452842814,
-0.006100901546960413
],
[
-0.06933453152456634,
-0.8204253799137047,
0.5675340683445554,
0.6013425281278115
],
[
-0.5481753780927585,
-0.44398291688033603,
-0.7087897603459647,
0.6008466530669377
],
[
0.0,
0.0,
0.0,
1.0
]
],
"at_element": 22,
"to_element": 18
},
{
"pose": [
[
0.9738317167709567,
0.12089148180866212,
0.1924500897298753,
-0.03916217550088672
],
[
-0.15825709796901272,
0.968461488085814,
0.1924500897298756,
-0.03916217550088672
],
[
-0.1631149237603888,
-0.21787059397889558,
0.9622504486493761,
-0.19581087750443366
],
[
0.0,
0.0,
0.0,
1.0
]
],
"at_element": 1,
"to_element": 14
},
{
"pose": [
[
0.8115995874004464,
-0.12089148180866166,
-0.5715692078458489,
-0.04351435093042311
],
[
-0.22280542916613294,
-0.9684614880858136,
-0.11153513719320335,
-0.07402744665018385
],
[
-0.5400591175654018,
0.21787059397889702,
-0.8129382226305772,
-0.18796738818866693
],
[
0.0,
0.0,
0.0,
1.0
]
],
"at_element": 14,
"to_element": 1
},
{
"pose": [
[
0.619525981991709,
-0.5380485092254017,
-0.571569207845849,
0.05072780574211239
],
[
-0.7082858919791848,
-0.697058827068809,
-0.1115351371932049,
-0.05563717696880939
],
[
-0.3384060473166212,
0.47393332160313345,
-0.812938222630577,
-0.053927537387421884
],
[
0.0,
0.0,
0.0,
1.0
]
],
"at_element": 14,
"to_element": 15
},
{
"pose": [
[
-0.8414212827608749,
0.5380485092254017,
-0.05014007017712584,
0.0700979239852566
],
[
0.47760382431250087,
0.6970588270688083,
-0.534793024082711,
-0.03054257737185395
],
[
-0.2527940108450319,
-0.4739333216031345,
-0.8434941581037194,
-0.07098946455832872
],
[
0.0,
0.0,
0.0,
1.0
]
],
"at_element": 15,
"to_element": 14
},
{
"pose": [
[
-0.9771838264048285,
0.08985951466473203,
0.1924500897298754,
0.10850563804358612
],
[
-0.05220903260527433,
-0.9799169249877184,
0.19245008972987265,
0.10850563804358612
],
[
0.20587857180202043,
0.1780114820645945,
0.9622504486493768,
0.5425281902179305
],
[
0.0,
0.0,
0.0,
1.0
]
],
"at_element": 1,
"to_element": 13
},
{
"pose": [
[
-0.8401687884956,
-0.08985951466473148,
0.5348286402784119,
0.10527080477752254
],
[
-0.17056384072519049,
0.9799169249877185,
-0.10329954675450335,
0.14378145584380309
],
[
-0.5148051894405377,
-0.17801148206459289,
-0.8386223996401834,
0.5361199933111
],
[
0.0,
0.0,
0.0,
1.0
]
],
"at_element": 13,
"to_element": 1
},
{
"pose": [
[
-0.994099880590412,
-0.1077698131005408,
0.012292062251863883,
0.20174199750965746
],
[
0.008241424381919105,
0.037951167617106596,
0.9992456093476997,
0.044831157074784356
],
[
-0.10815501067581798,
0.9934512450345879,
-0.036839074431110896,
0.6999545168495924
],
[
0.0,
0.0,
0.0,
1.0
]
],
"at_element": 5,
"to_element": 6
},
{
"pose": [
[
-0.08648263298680159,
0.10776981310054057,
0.99040719988091,
0.20562176804404336
],
[
-0.9958410076328731,
-0.037951167617106485,
-0.08282750988193699,
0.043464894875470485
],
[
0.02866080439230989,
-0.9934512450345879,
0.11060371617089948,
0.6641897441647
],
[
0.0,
0.0,
0.0,
1.0
]
],
"at_element": 6,
"to_element": 5
},
{
"pose": [
[
-0.4231226503383867,
-0.9059890330330803,
0.012292062251863467,
0.2030881570252585
],
[
-0.028182929380933697,
0.0267195563371454,
0.9992456093476996,
0.15426307808885167
],
[
-0.9056340018253117,
0.42245702424380455,
-0.036839074431110674,
0.69592010264185
],
[
0.0,
0.0,
0.0,
1.0
]
],
"at_element": 5,
"to_element": 23
},
{
"pose": [
[
0.2820200732156368,
0.9059890330330803,
0.31567158618924007,
0.2357039894537383
],
[
-0.7061497295115305,
-0.026719556337143846,
0.7075582130255702,
0.1533011673589413
],
[
0.6494745859648697,
-0.42245702424380416,
0.6322284593822323,
0.6807115438088127
],
[
0.0,
0.0,
0.0,
1.0
]
],
"at_element": 23,
"to_element": 5
},
{
"pose": [
[
0.1376507062219232,
0.012077313470350792,
0.9904071998809101,
0.05844170722974337
],
[
0.5214370611468169,
0.8492602633288151,
-0.08282750988193771,
0.05577352706532771
],
[
-0.8421138131744288,
0.5278362848744018,
0.11060371617089926,
0.6477534120436512
],
[
0.0,
0.0,
0.0,
1.0
]
],
"at_element": 6,
"to_element": 16
},
{
"pose": [
[
0.9454960322350385,
-0.012077313470351347,
-0.3254095750391156,
0.05800691113839923
],
[
0.16208887659814086,
-0.8492602633288151,
0.5024780604303284,
0.025199257056045532
],
[
-0.2824260064352283,
-0.5278362848744022,
-0.8010146111395458,
0.6287507460868219
],
[
0.0,
0.0,
0.0,
1.0
]
],
"at_element": 16,
"to_element": 6
},
{
"pose": [
[
0.9257405896902333,
0.1107982318125693,
0.3615634279447899,
0.1776303331415579
],
[
-0.12195269073226424,
0.9925028546079155,
0.008100914658214848,
0.16630565803909098
],
[
-0.35795516733683264,
-0.051592978420974336,
0.9323123203918915,
0.4270557762688322
],
[
0.0,
0.0,
0.0,
1.0
]
],
"at_element": 10,
"to_element": 13
},
{
"pose": [
[
0.8376646568676235,
-0.11079823181256895,
0.5348286402784119,
0.17364164216037253
],
[
-0.06532447654174273,
-0.992502854607916,
-0.10329954675450512,
0.1305759616331756
],
[
0.5422643593298329,
0.05159297842097427,
-0.8386223996401834,
0.42891310236829877
],
[
0.0,
0.0,
0.0,
1.0
]
],
"at_element": 13,
"to_element": 10
},
{
"pose": [
[
-0.08400290945269817,
0.9285555442601668,
0.36156342794479,
0.2774293615608975
],
[
-0.9956122386989418,
-0.09322363077343665,
0.008100914658214275,
0.16854167902382733
],
[
0.0412284047273665,
-0.35929647352725785,
0.9323123203918915,
0.6843933734018544
],
[
0.0,
0.0,
0.0,
1.0
]
],
"at_element": 10,
"to_element": 23
},
{
"pose": [
[
-0.19528453829342896,
-0.928555544260166,
0.31567158618923763,
0.2440007292634637
],
[
0.7004789289089847,
0.0932236307734372,
0.7075582130255711,
0.17189779325287963
],
[
-0.6864351529882804,
0.3592964735272597,
0.6322284593822325,
0.6973282912681593
],
[
0.0,
0.0,
0.0,
1.0
]
],
"at_element": 23,
"to_element": 10
},
{
"pose": [
[
-0.1452539038356928,
-0.9686300219777637,
-0.20163626643996482,
0.5455294180829264
],
[
0.9742980704913957,
-0.10457047612481674,
-0.19952013772993651,
0.6095268007953898
],
[
0.17217599500869737,
-0.22543490423265503,
0.9589236313160598,
0.04088244624246684
],
[
0.0,
0.0,
0.0,
1.0
]
],
"at_element": 4,
"to_element": 11
},
{
"pose": [
[
-0.2155497377066502,
0.9686300219777638,
0.12366968544454035,
0.5803987575754113
],
[
0.8049843726344336,
0.10457047612481829,
0.5840078555442356,
0.6132911931331804
],
[
0.5527553440618573,
0.22543490423265417,
-0.8022721692572119,
0.048997790626583826
],
[
0.0,
0.0,
0.0,
1.0
]
],
"at_element": 11,
"to_element": 4
},
{
"pose": [
[
0.8521541086370787,
-0.5084674857205672,
0.12366968544453683,
0.5988745700413576
],
[
-0.47676711626282997,
-0.656983973558757,
0.5840078555442312,
0.700539895827696
],
[
-0.2157000045975221,
-0.5566263328768692,
-0.8022721692572152,
-0.07085882655945895
],
[
0.0,
0.0,
0.0,
1.0
]
],
"at_element": 11,
"to_element": 18
},
{
"pose": [
[
-0.5394717033247658,
0.5084674857205677,
0.6711416372695708,
0.6171801819561946
],
[
0.7468881841021916,
0.656983973558758,
0.1026162703253034,
0.7241923298416252
],
[
-0.3887522627077641,
0.5566263328768676,
-0.7341926203576579,
-0.05081942204024352
],
[
0.0,
0.0,
0.0,
1.0
]
],
"at_element": 18,
"to_element": 11
},
{
"pose": [
[
0.5203847433722162,
-0.7167715856146107,
-0.46415322138378956,
0.6107593415953564
],
[
0.809221112321097,
0.5875042054094647,
-1.27675647831893e-15,
0.5399748788529396
],
[
0.27269196951732755,
-0.37560258609561,
0.8857549249533139,
0.5398888800685886
],
[
0.0,
0.0,
0.0,
1.0
]
],
"at_element": 2,
"to_element": 12
},
{
"pose": [
[
0.6964337842877607,
0.7167715856146113,
0.03490670649237418,
0.6365626128303246
],
[
0.6301099596286861,
-0.5875042054094646,
-0.5077403346228557,
0.5188251420774981
],
[
-0.34342600786685396,
0.3756025860956096,
-0.8608026919328993,
0.5534103080940453
],
[
0.0,
0.0,
0.0,
1.0
]
],
"at_element": 12,
"to_element": 2
},
{
"pose": [
[
0.8557920087298477,
0.22843341452857205,
-0.4641532213837902,
0.543203663696486
],
[
-0.25789686073787554,
0.966172453147754,
-1.5265566588595902e-16,
0.5399748788529396
],
[
0.4484520565408091,
0.11970365869625178,
0.8857549249533136,
0.6688070296164652
],
[
0.0,
0.0,
0.0,
1.0
]
],
"at_element": 2,
"to_element": 17
},
{
"pose": [
[
0.7799367584249274,
-0.228433414528572,
-0.5826807255988773,
0.5349799850749719
],
[
-0.10802468946910224,
-0.966172453147754,
0.2341825297573566,
0.50519235036846
],
[
-0.6164651809491923,
-0.11970365869625194,
-0.7782298598563351,
0.6644976582358861
],
[
0.0,
0.0,
0.0,
1.0
]
],
"at_element": 17,
"to_element": 2
},
{
"pose": [
[
0.15747782875933258,
0.8716435742482698,
-0.4641532213837873,
0.6142224035685072
],
[
-0.9840685608315536,
0.17778939108651792,
3.858025010572419e-15,
0.5399748788529396
],
[
0.08252151860067264,
0.4567585925724724,
0.8857549249533151,
0.5332802343524349
],
[
0.0,
0.0,
0.0,
1.0
]
],
"at_element": 2,
"to_element": 20
},
{
"pose": [
[
0.42580304587169227,
-0.871643574248271,
0.24275346670663245,
0.5828426598598171
],
[
-0.7362131671361719,
-0.17778939108651826,
0.6529786405024377,
0.5335743434836168
],
[
-0.5260056450854081,
-0.45675859257246987,
-0.7174187406595256,
0.5168366236896393
],
[
0.0,
0.0,
0.0,
1.0
]
],
"at_element": 20,
"to_element": 2
},
{
"pose": [
[
-0.021788317137857227,
-0.9792180989404005,
-0.20163626643996435,
0.4248177614655719
],
[
0.9797039331028801,
0.019285178323638852,
-0.19952013772993657,
0.49008198672929015
],
[
0.19926232132304283,
-0.20189105132366217,
0.95892363131606,
0.6149520922907741
],
[
0.0,
0.0,
0.0,
1.0
]
],
"at_element": 4,
"to_element": 7
},
{
"pose": [
[
0.20276310700549727,
0.9792180989404,
-0.004363157689846575,
0.4600704726561381
],
[
0.07167612460929101,
-0.01928517832363852,
-0.9972415028758175,
0.48938770337971005
],
[
-0.9766010729046282,
0.20189105132366492,
-0.07409688115538127,
0.6222203473730427
],
[
0.0,
0.0,
0.0,
1.0
]
],
"at_element": 7,
"to_element": 4
},
{
"pose": [
[
-0.9749421907443019,
-0.09397095701786867,
-0.2016362664399618,
0.44140706952944153
],
[
0.1348145592403187,
-0.970575473241037,
-0.19952013772994354,
0.5064971936173487
],
[
-0.17695411643570197,
-0.22170410456300288,
0.9589236313160591,
0.5360581521752774
],
[
0.0,
0.0,
0.0,
1.0
]
],
"at_element": 4,
"to_element": 17
},
{
"pose": [
[
-0.8072500425845222,
0.0939709570178672,
-0.582680725598877,
0.44479023572239285
],
[
-0.05605170380444007,
0.9705754732410369,
0.2341825297573596,
0.5414400976057845
],
[
0.5875419774347249,
0.2217041045630041,
-0.7782298598563344,
0.5440399994949071
],
[
0.0,
0.0,
0.0,
1.0
]
],
"at_element": 17,
"to_element": 4
},
{
"pose": [
[
0.9939260998875887,
-0.10996304296089865,
-0.00436315768984652,
0.46063113678089884
],
[
-0.01247284962512045,
-0.0731697544359029,
-0.9972415028758171,
0.61753286203077
],
[
0.10934045904639345,
0.9912387786091547,
-0.07409688115538149,
0.6317417687778109
],
[
0.0,
0.0,
0.0,
1.0
]
],
"at_element": 7,
"to_element": 8
},
{
"pose": [
[
0.13025387238073938,
0.1099630429609002,
-0.9853639215602535,
0.4645898157401727
],
[
0.9876251471887285,
0.07316975443590179,
0.13871826006778043,
0.6201669794536904
],
[
0.08735271816185575,
-0.9912387786091549,
-0.09907162263315561,
0.5960570878992386
],
[
0.0,
0.0,
0.0,
1.0
]
],
"at_element": 8,
"to_element": 7
},
{
"pose": [
[
0.5924037095547925,
-0.8056294481712387,
-0.004363157689846353,
0.4602137316105872
],
[
-0.062273435758034346,
-0.04039064422451255,
-0.9972415028758171,
0.5221309102933063
],
[
0.8032308909053554,
0.5910412744457311,
-0.07409688115538127,
0.6246532279785191
],
[
0.0,
0.0,
0.0,
1.0
]
],
"at_element": 7,
"to_element": 17
},
{
"pose": [
[
0.10697833544636193,
0.8056294481712377,
-0.5826807255988762,
0.4892164185994947
],
[
0.9713532511993638,
0.040390644224514216,
0.2341825297573553,
0.523584974831765
],
[
0.21219919210390864,
-0.5910412744457327,
-0.7782298598563364,
0.6033757223967829
],
[
0.0,
0.0,
0.0,
1.0
]
],
"at_element": 17,
"to_element": 7
},
{
"pose": [
[
-0.01564825031059769,
0.16974414378592448,
-0.9853639215602531,
0.6395074099485821
],
[
0.5051252481689139,
0.8518249397535037,
0.1387182600677826,
0.5955423064847307
],
[
0.8629041754010177,
-0.4955614973586258,
-0.09907162263315761,
0.6136438591480534
],
[
0.0,
0.0,
0.0,
1.0
]
],
"at_element": 8,
"to_element": 12
},
{
"pose": [
[
0.9848697616904676,
-0.16974414378592506,
0.034906706492374553,
0.6333966161445269
],
[
-0.1288177961735501,
-0.8518249397535034,
-0.5077403346228566,
0.5648765854301642
],
[
0.11592035152099604,
0.4955614973586264,
-0.860802691932899,
0.6314840865635368
],
[
0.0,
0.0,
0.0,
1.0
]
],
"at_element": 12,
"to_element": 8
},
{
"pose": [
[
0.3635200792126724,
0.8077220679715666,
-0.4641532213837889,
0.5050650982704363
],
[
-0.9119024294605405,
0.4104070651730597,
2.7478019859472624e-15,
0.13499371971323482
],
[
0.1904917613787445,
0.4232624502218121,
0.8857549249533143,
0.7415877851955484
],
[
0.0,
0.0,
0.0,
1.0
]
],
"at_element": 3,
"to_element": 11
},
{
"pose": [
[
0.5764467623413143,
-0.8077220679715675,
0.12366968544453702,
0.4759854749123993
],
[
-0.7003576697078882,
-0.41040706517306,
0.5840078555442321,
0.12021823771027182
],
[
-0.42096112013765963,
-0.4232624502218101,
-0.8022721692572148,
0.726349483405726
],
[
0.0,
0.0,
0.0,
1.0
]
],
"at_element": 11,
"to_element": 3
},
{
"pose": [
[
0.07179871947057959,
-0.8828401502885073,
-0.46415322138379167,
0.5610560849291802
],
[
0.9967092763667567,
0.08105935112284357,
2.1094237467877974e-15,
0.13499371971323476
],
[
0.037623958946945896,
-0.46262582140873815,
0.8857549249533129,
0.6347388183002605
],
[
0.0,
0.0,
0.0,
1.0
]
],
"at_element": 3,
"to_element": 21
},
{
"pose": [
[
-0.3154697744755448,
0.882840150288507,
-0.34795414989753354,
0.5928389295421219
],
[
-0.8320669306247648,
-0.08105935112284324,
0.5487203336456802,
0.1320755280560913
],
[
0.4562274042109174,
0.4626258214087385,
0.7601538693007214,
0.6513936618650479
],
[
0.0,
0.0,
0.0,
1.0
]
],
"at_element": 21,
"to_element": 3
},
{
"pose": [
[
-0.09045409921345171,
-0.10445876870583135,
0.99040719988091,
0.5756882667364976
],
[
0.21647646229248826,
-0.9727679810109329,
-0.08282750988193718,
0.012516324851839023
],
[
0.9720884719040813,
0.2069077590627648,
0.1106037161708997,
0.7055169174633801
],
[
0.0,
0.0,
0.0,
1.0
]
],
"at_element": 6,
"to_element": 14
},
{
"pose": [
[
-0.8138777588083668,
0.10445876870583204,
-0.5715692078458489,
0.5794488537078435
],
[
0.20318062971456075,
0.9727679810109331,
-0.11153513719320642,
0.04753663612732412
],
[
0.5443534012255865,
-0.20690775906276282,
-0.8129382226305768,
0.6980680969130153
],
[
0.0,
0.0,
0.0,
1.0
]
],
"at_element": 14,
"to_element": 6
},
{
"pose": [
[
-0.1424661180141471,
-0.9897900626258846,
-0.004363157689846187,
0.45883957830431477
],
[
-0.07272185360499539,
0.014863275218963024,
-0.9972415028758175,
0.20805500340645539
],
[
0.9871245803981546,
-0.14175582872253517,
-0.07409688115538038,
0.6013168093885866
],
[
0.0,
0.0,
0.0,
1.0
]
],
"at_element": 7,
"to_element": 11
},
{
"pose": [
[
-0.07086212549095894,
0.9897900626258846,
0.12366968544453757,
0.4944725059747307
],
[
0.8116119194001477,
-0.01486327521896258,
0.5840078555442327,
0.20751991820927962
],
[
0.5798833084841394,
0.14175582872253492,
-0.8022721692572139,
0.606420088742927
],
[
0.0,
0.0,
0.0,
1.0
]
],
"at_element": 11,
"to_element": 7
},
{
"pose": [
[
0.5796480037304272,
-0.814855296740657,
-0.004363157689847907,
0.45805246764982466
],
[
-0.06290155268922232,
-0.03940532465626645,
-0.9972415028758176,
0.02815332031122303
],
[
0.8124355891026782,
0.578323495772418,
-0.0740968811553786,
0.5879497828523671
],
[
0.0,
0.0,
0.0,
1.0
]
],
"at_element": 7,
"to_element": 14
},
{
"pose": [
[
-0.09653748503127435,
0.8148552967406577,
-0.5715692078458487,
0.4873874911375264
],
[
0.9929789189907445,
0.03940532465626401,
-0.11153513719320446,
0.029571923256992337
],
[
-0.06836212711588924,
-0.5783234957724173,
-0.8129382226305772,
0.5671299717769129
],
[
0.0,
0.0,
0.0,
1.0
]
],
"at_element": 14,
"to_element": 7
},
{
"pose": [
[
0.020300586284786037,
-0.9921157669841475,
0.12366968544453583,
0.4996096945261643
],
[
-0.8097982689284938,
0.05622800283702345,
0.5840078555442333,
0.23177936755343295
],
[
-0.5863571009520635,
-0.11200319905438491,
-0.8022721692572135,
0.5730940283731013
],
[
0.0,
0.0,
0.0,
1.0
]
],
"at_element": 11,
"to_element": 19
},
{
"pose": [
[
-0.0883607200727945,
0.9921157669841475,
-0.08887456356952858,
0.5353247419671909
],
[
-0.9476073935047257,
-0.05622800283702234,
0.31444974077289367,
0.22975522293677902
],
[
0.3069733065323391,
0.11200319905438753,
0.945104582825724,
0.5771260170793527
],
[
0.0,
0.0,
0.0,
1.0
]
],
"at_element": 19,
"to_element": 11
},
{
"pose": [
[
0.6866093899391681,
0.7215738753569796,
-0.08887456356952496,
0.5056152130352635
],
[
-0.6680511171919681,
0.6744101610640331,
0.31444974077290694,
0.3348713922423003
],
[
0.2868366267859231,
-0.15653139319604542,
0.94510458282572,
0.893061317568231
],
[
0.0,
0.0,
0.0,
1.0
]
],
"at_element": 19,
"to_element": 21
},
{
"pose": [
[
-0.5985474517291047,
-0.7215738753569773,
-0.3479541498975238,
0.47963807623851756
],
[
0.4940414254871123,
-0.6744101610640354,
0.5487203336456961,
0.3105921803564646
],
[
-0.630606071911187,
0.15653139319604653,
0.7601538693007144,
0.8986965512607309
],
[
0.0,
0.0,
0.0,
1.0
]
],
"at_element": 21,
"to_element": 19
},
{
"pose": [
[
0.8843017126394673,
0.05071753249079753,
-0.4641532213837903,
0.2995946371237942
],
[
-0.05725910301144634,
0.9983593516977364,
-3.903127820947816e-16,
0.5399748788529396
],
[
0.4633917091891368,
0.026576997116309453,
0.8857549249533136,
1.1336920828894792
],
[
0.0,
0.0,
0.0,
1.0
]
],
"at_element": 2,
"to_element": 9
},
{
"pose": [
[
-0.9608643082190476,
-0.05071753249079772,
0.27233713130745946,
0.2977686824851921
],
[
0.0415216151771831,
-0.9983593516977365,
-0.039427913345160645,
0.5040315117430547
],
[
0.2738900083314641,
-0.026576997116312017,
0.9613937416898812,
1.132735246293112
],
[
0.0,
0.0,
0.0,
1.0
]
],
"at_element": 9,
"to_element": 2
},
{
"pose": [
[
0.5574760390030593,
-0.6883184241443128,
-0.46415322138378995,
0.3733267662782303
],
[
0.7770980490801023,
0.6293795533030121,
-9.43689570931383e-16,
0.5399748788529396
],
[
0.29212854713868447,
-0.36069256281158735,
0.8857549249533138,
0.992987260608747
],
[
0.0,
0.0,
0.0,
1.0
]
],
"at_element": 2,
"to_element": 23
},
{
"pose": [
[
-0.6531226505460208,
0.6883184241443129,
0.3156715861892391,
0.39810671573943657
],
[
-0.32131410343177025,
-0.6293795533030127,
0.70755821302557,
0.5173167703733453
],
[
0.6857025960863631,
0.3606925628115862,
0.632228459382233,
1.0059724476442609
],
[
0.0,
0.0,
0.0,
1.0
]
],
"at_element": 23,
"to_element": 2
},
{
"pose": [
[
-0.6530931267058708,
-0.7066129455089062,
0.2723371313074604,
0.3176998449939571
],
[
0.7261794816723873,
-0.6863736592026748,
-0.03942791334516066,
0.5011459553575145
],
[
0.21478530733635476,
0.17201553764691738,
0.961393741689881,
1.2030954458315941
],
[
0.0,
0.0,
0.0,
1.0
]
],
"at_element": 9,
"to_element": 21
},
{
"pose": [
[
0.6161380160388678,
0.7066129455089065,
-0.3479541498975335,
0.3431364259131867
],
[
-0.4772810444554738,
0.6863736592026732,
0.5487203336456785,
0.5258539645075061
],
[
0.6265594543179284,
-0.17201553764692273,
0.7601538693007226,
1.196903248008825
],
[
0.0,
0.0,
0.0,
1.0
]
],
"at_element": 21,
"to_element": 9
},
{
"pose": [
[
-0.8857036703514494,
0.00952866228917972,
-0.4641532213837902,
0.38714964617825176
],
[
-0.010757673506226492,
-0.9999421345561619,
3.8077180297690916e-16,
0.13499371971323487
],
[
-0.464126362951626,
0.004993208812510417,
0.8857549249533136,
0.9666087214014141
],
[
0.0,
0.0,
0.0,
1.0
]
],
"at_element": 3,
"to_element": 10
},
{
"pose": [
[
0.9322988212841372,
-0.009528662289179226,
0.36156342794478985,
0.38680660799219074
],
[
0.007078327554360865,
0.999942134556162,
0.00810091465821667,
0.17099230226281725
],
[
-0.36161969679656786,
-0.004993208812508015,
0.9323123203918915,
0.9664289625599645
],
[
0.0,
0.0,
0.0,
1.0
]
],
"at_element": 10,
"to_element": 3
},
{
"pose": [
[
-0.15747782875934546,
-0.8716435742482689,
-0.46415322138378523,
0.40566474122395013
],
[
0.984068560831552,
-0.17778939108652803,
-4.496403249731884e-15,
0.13499371971323487
],
[
-0.08252151860066967,
-0.456758592572471,
0.8857549249533162,
0.9312759134682647
],
[
0.0,
0.0,
0.0,
1.0
]
],
"at_element": 3,
"to_element": 20
},
{
"pose": [
[
-0.4258030458716964,
0.8716435742482698,
0.24275346670663042,
0.43704451479193496
],
[
0.7362131671361727,
0.17778939108652458,
0.6529786405024354,
0.14139426117296694
],
[
0.526005645085404,
0.4567585925724702,
-0.7174187406595287,
0.9477195397779252
],
[
0.0,
0.0,
0.0,
1.0
]
],
"at_element": 20,
"to_element": 3
},
{
"pose": [
[
-0.6880614710237554,
-0.5577931508827215,
-0.464153221383792,
0.29743263607077464
],
[
0.6297375664178487,
-0.7768079540286168,
-4.9960036108132044e-15,
0.13499371971323493
],
[
-0.36055791425893224,
-0.2922947200792376,
0.8857549249533127,
1.137817882285543
],
[
0.0,
0.0,
0.0,
1.0
]
],
"at_element": 3,
"to_element": 22
},
{
"pose": [
[
-0.7164807352129858,
0.5577931508827195,
-0.4189536452842797,
0.3175135689395472
],
[
0.2729001352622359,
0.776807954028617,
0.5675340683445596,
0.16295933447937427
],
[
0.642013140241313,
0.2922947200792405,
-0.7087897603459619,
1.1483406910409377
],
[
0.0,
0.0,
0.0,
1.0
]
],
"at_element": 22,
"to_element": 3
},
{
"pose": [
[
0.8324635892833198,
0.5529791084294121,
0.03490670649237544,
0.6713502850997121
],
[
0.4913588191909454,
-0.7076484037997592,
-0.5077403346228591,
0.012816236233927553
],
[
-0.2560681224221638,
0.4398270594679976,
-0.8608026919328973,
-0.30445698861324744
],
[
0.0,
0.0,
0.0,
1.0
]
],
"at_element": 12,
"to_element": 13
},
{
"pose": [
[
-0.6388837383895101,
-0.5529791084294129,
0.5348286402784128,
0.6514436163187232
],
[
-0.6989727750348844,
0.7076484037997586,
-0.10329954675450706,
0.03829083766660621
],
[
-0.3213481423339443,
-0.4398270594679976,
-0.8386223996401823,
-0.3202903021331983
],
[
0.0,
0.0,
0.0,
1.0
]
],
"at_element": 13,
"to_element": 12
},
{
"pose": [
[
0.2532367075546317,
0.9667743748097306,
0.034906706492367184,
0.6848351922519174
],
[
0.8377109684796396,
-0.20109720506755524,
-0.5077403346228484,
-0.18333034870139267
],
[
-0.48385070345695924,
0.15782022153473255,
-0.8608026919329039,
-0.6369960776166522
],
[
0.0,
0.0,
0.0,
1.0
]
],
"at_element": 12,
"to_element": 19
},
{
"pose": [
[
0.2396844178531079,
-0.9667743748097298,
-0.08887456356952068,
0.6500311136150327
],
[
0.9277290955025014,
0.20109720506755457,
0.31444974077287563,
-0.17609080747937128
],
[
-0.28612952520934914,
-0.15782022153473835,
0.9451045828257307,
-0.642677638427432
],
[
0.0,
0.0,
0.0,
1.0
]
],
"at_element": 19,
"to_element": 12
}
],
"nstatus": 0,
"opt_line_pos": [
[
-0.3374842992830872,
0.33748429928308715,
-0.48226470252476455
],
[
-0.3374842992830872,
-0.33748429928308726,
-0.48226470252476455
],
[
0.2024905795698524,
0.20249057956985234,
0.19270389604140975
],
[
0.2024905795698525,
-0.20249057956985247,
0.19270389604140953
],
[
0.23766896947945265,
0.3013554563296221,
-0.5822647025247646
],
[
-0.13569034660216284,
-0.2884296054487587,
0.21753410567463036
],
[
-0.30248600193313363,
-0.27975020563088693,
0.1628706669069851
],
[
0.12236998106187119,
0.10249057956985233,
0.1362841809391314
],
[
0.10565655660631755,
0.2857022370324486,
0.11163583873245346
],
[
-0.19771598875156596,
0.18942189335267248,
0.09270389604140954
],
[
-0.10249135717768375,
-0.169893418337382,
0.09270389604140974
],
[
0.16168713577922908,
-0.10777453325515207,
0.09367241038837583
],
[
0.2975948983897015,
0.2029180634536092,
0.10772676401056255
],
[
-0.26495603074337837,
-0.18737878205169956,
0.10519626664687848
],
[
0.17768754738204176,
-0.3024905795698525,
0.12438273151130645
],
[
-0.21858486873251987,
0.15248905369094617,
0.26772166221039806
],
[
-0.30101615453480157,
-0.2790261636016501,
0.09346711631528387
],
[
0.13121340252075137,
0.19434725861806418,
0.09370616950580261
],
[
-0.2968254687972486,
0.298559020624546,
0.09759902519484717
],
[
0.26148657885538484,
-0.3329173666336353,
-0.5819606304282046
],
[
0.08660713944822028,
-0.23093230879379623,
0.5037355656034286
],
[
0.26073475189902745,
-0.21389317108893344,
0.15737534098811407
],
[
-0.05737767864266285,
-0.12385177508089697,
0.6027905577324921
],
[
-0.15456225620323816,
-0.30249057956985237,
0.09273492390180149
]
],
"opt_line_orient": [
[
0.19245008972987523,
-0.19245008972987512,
0.9622504486493764
],
[
0.1924500897298753,
0.1924500897298753,
0.9622504486493764
],
[
-0.46415322138379017,
0.0,
0.8857549249533136
],
[
-0.4641532213837902,
2.544876874908916e-16,
0.8857549249533136
],
[
-0.20163626643996166,
-0.19952013772993935,
0.9589236313160601
],
[
0.012292062251863911,
0.9992456093476995,
-0.03683907443111121
],
[
0.9904071998809101,
-0.08282750988193704,
0.11060371617089963
],
[
-0.004363157689846572,
-0.9972415028758174,
-0.074096881155381
],
[
-0.985363921560253,
0.13871826006778187,
-0.09907162263315712
],
[
0.27233713130745946,
-0.03942791334516284,
0.9613937416898811
],
[
