{
"line_pt_pairs": [
[
[
-0.01467162152033441,
0.5415307203715541,
-0.073358107601672
],
[
0.12004344129057826,
0.4068156575606415,
0.6002172064528914
]
],
[
[
-0.043539135026444575,
-0.043539135026444575,
-0.21769567513222282
],
[
0.14891095470343071,
0.14891095470343071,
0.7445547735171535
]
],
[
[
0.5703982339536953,
-0.04353913510247559,
-0.21769567551237784
],
[
0.37794814422382006,
0.1489109546273997,
0.7445547731369986
]
],
[
[
0.5502496225236169,
0.5502496225236169,
-0.1169526183619855
],
[
0.41553455971270414,
0.41553455971270414,
0.5566226956925779
]
],
[
[
0.05227620881656367,
0.005499420239128527,
0.5974714646758885
],
[
-0.004294626204849161,
0.4916931374119189,
0.6995273807546974
]
],
[
[
0.011078756632511899,
0.18621407143755192,
0.5314891001122137
],
[
0.498170223570239,
0.15425878230116485,
0.639751569752727
]
],
[
[
0.5449367475666987,
0.5312118656404059,
0.5835606620480894
],
[
0.47681956044908774,
0.03617838376327215,
0.5661853738552027
]
],
[
[
0.6218211734325564,
0.3632967140286519,
0.5234746587004501
],
[
-0.06694205488263533,
0.3246475751752208,
0.6422663224935089
]
],
[
[
0.5558968786866341,
-0.064479416810519,
-0.13514990477984773
],
[
0.1392040890321568,
0.05334655286338852,
0.11481841305337931
]
],
[
[
0.4860364765180176,
0.0978456489234783,
0.2422258072003266
],
[
-0.06989263696242848,
0.1633134499748102,
0.6625313958026535
]
],
[
[
-0.08360706147001767,
0.09073727555058256,
-0.1220011281425743
],
[
0.45718685474173215,
0.06784910293557833,
0.32186604989912854
]
],
[
[
0.18252780463182403,
0.002279455300806865,
0.0827698418269246
],
[
0.4864075767996673,
0.05481490765964048,
0.47633954380190224
]
],
[
[
0.4781157750580546,
0.6237094939476998,
0.04935745989473511
],
[
0.42705792919277397,
0.2194314802920464,
0.3391028378565528
]
],
[
[
0.5511023195766642,
0.35095516995420584,
0.26650457040600556
],
[
0.4241351848153062,
0.05589557695179642,
0.6496744847622135
]
],
[
[
0.580331306190721,
-0.10565011951888076,
-0.08273704185816655
],
[
0.487776313182566,
0.41593585060484334,
0.3748453540437669
]
],
[
[
0.47094108546972213,
0.21321307764527567,
0.20652541286767012
],
[
0.4761247590067313,
0.5532399727000621,
0.5730698715190907
]
],
[
[
-0.06571558953029322,
-0.020780560143388416,
-0.15231060642783262
],
[
0.095260116808153,
0.24860054431856746,
0.2369459189223475
]
],
[
[
0.013540422105022792,
0.179864251895855,
0.21641161719475105
],
[
0.021594757957351995,
0.553900993643798,
0.5481217971660033
]
],
[
[
-0.06899336809302137,
0.5435730737180995,
-0.025557175916794128
],
[
-0.012754897327555026,
0.20038099775327395,
0.3336870772048324
]
],
[
[
0.03742054381980481,
0.2179422584252434,
0.19217224482254663
],
[
0.1299972878735275,
0.009868854717602238,
0.38745410555192716
]
],
[
[
-0.05519827318226739,
0.4885705457685844,
-0.019867534007592336
],
[
0.3437740626744741,
0.4630278511772886,
0.28041341106556983
]
],
[
[
0.1510772029399564,
0.5117739356283004,
0.13304620895679714
],
[
0.4279296852898758,
0.45130034949371367,
0.7731209299048365
]
],
[
[
0.5637050555156659,
0.5823252224880722,
-0.10547404762906615
],
[
0.1851264220611893,
0.588690143434792,
0.22108024505912277
]
],
[
[
0.29205262286149286,
0.5564733555326384,
0.09932675232316895
],
[
-0.04905040073075556,
0.4787149236618373,
0.7056289488961487
]
],
[
[
0.5373618181349865,
0.5311861516962608,
0.5364768532140777
],
[
0.20969151963031,
0.4480577545616047,
0.9048813117480092
]
],
[
[
-0.004540384214196946,
0.4860461038690253,
0.3345664064339313
],
[
0.45581742054142793,
0.4371697361890955,
0.8596204915365979
]
],
[
[
0.2962491450938012,
0.13421853824502,
0.5556679842983395
],
[
0.19905326407585722,
0.11840954633704848,
0.8390458883205125
]
],
[
[
0.025242407914101345,
0.032276475427873264,
0.48806859610838194
],
[
0.2611017227797613,
0.09799507362815685,
0.9240175030248818
]
],
[
[
0.03547046413506083,
0.07725088618414183,
0.3611528179583002
],
[
0.20805836052456766,
0.45225799468283717,
0.6432575619724563
]
],
[
[
0.08101985306558379,
0.17780264493479103,
0.6276242714312102
],
[
0.33040443207285025,
0.4982072637297056,
0.919425936964932
]
],
[
[
0.4929486884531141,
0.08064499381133572,
0.3746100575077471
],
[
0.2296204105635328,
0.40744959488831417,
0.6463764475905247
]
],
[
[
0.39951328091799665,
0.18023381225502944,
0.5831104099203908
],
[
0.22157691852733855,
0.5608348895008056,
0.8541850692645188
]
],
[
[
0.02280579566370844,
0.47517701895256387,
0.3127213787789921
],
[
0.1499969859874607,
0.16242875964212738,
0.6815179723130417
]
],
[
[
0.1413295082494343,
0.3912005004010317,
0.6017742626877529
],
[
0.28883649569852365,
0.022168869171603323,
0.9051837941890579
]
],
[
[
0.40190424130328306,
0.4482003593508976,
0.4489024626103964
],
[
0.3350018744563661,
0.21309779661169642,
0.6228302013519224
]
],
[
[
0.3346009209695828,
0.2872261841726711,
0.47978226989631195
],
[
0.11925124936750336,
-0.04205070729803867,
0.7883292641844803
]
]
],
"contact_id_pairs": [
[
0,
20
],
[
18,
20
],
[
0,
25
],
[
0,
32
],
[
4,
7
],
[
4,
23
],
[
17,
23
],
[
17,
32
],
[
23,
25
],
[
25,
32
],
[
1,
16
],
[
10,
16
],
[
1,
9
],
[
1,
19
],
[
1,
28
],
[
4,
9
],
[
4,
27
],
[
5,
9
],
[
2,
8
],
[
2,
14
],
[
2,
5
],
[
2,
11
],
[
2,
13
],
[
2,
30
],
[
5,
26
],
[
6,
13
],
[
3,
12
],
[
3,
22
],
[
3,
15
],
[
3,
34
],
[
6,
7
],
[
6,
24
],
[
7,
34
],
[
15,
24
],
[
21,
24
],
[
8,
10
],
[
8,
11
],
[
9,
10
],
[
12,
15
],
[
13,
14
],
[
14,
15
],
[
16,
19
],
[
17,
18
],
[
17,
19
],
[
20,
21
],
[
21,
23
],
[
22,
23
],
[
24,
25
],
[
24,
29
],
[
24,
31
],
[
26,
27
],
[
26,
33
],
[
26,
35
],
[
27,
33
],
[
27,
35
],
[
28,
32
],
[
28,
33
],
[
29,
32
],
[
29,
33
],
[
30,
34
],
[
30,
35
],
[
31,
34
]
],
"coupler_pt_pairs": [
[
[
0.007549930690855522,
0.5193091681603642,
0.03774965345427761
],
[
0.01111251491971732,
0.4843252483973769,
0.03004035265590782
]
],
[
[
-0.06348699757701598,
0.5099707601647977,
0.009616823953913334
],
[
-0.04721882646513259,
0.48805969187675846,
-0.013861915106129108
]
],
[
[
0.08433074705768806,
0.44252835179353167,
0.42165373528844036
],
[
0.07885490368883105,
0.47719199362648096,
0.4296816323288015
]
],
[
[
0.06688179163887936,
0.45997730721234037,
0.3344089581943969
],
[
0.03214573333646503,
0.45221120471820253,
0.3398029493560521
]
],
[
[
0.015409894021037124,
0.3223441445942623,
0.6639796844588046
],
[
0.00903640384764054,
0.32891101706731946,
0.6291622438290896
]
],
[
[
-0.003163209504420894,
0.4819692630684631,
0.6974862624331213
],
[
-0.03454152049102893,
0.4820223929529657,
0.6798397727507148
]
],
[
[
0.02076282303340582,
0.5152666190653946,
0.5138593466789465
],
[
0.05044450291693195,
0.5013959530039543,
0.5287792159500089
]
],
[
[
0.018179503868578917,
0.3952993987976371,
0.40746779797786875
],
[
0.05299351545329117,
0.40094894708129897,
0.40025203398097803
]
],
[
[
0.09376519636457306,
0.5112714127831411,
0.45177775370038975
],
[
0.09463864699113525,
0.4755162274440904,
0.44768354043913733
]
],
[
[
0.002036155853740562,
0.48534787004502633,
0.3420671790782551
],
[
0.025349619470183493,
0.4689220537663551,
0.32009731064967306
]
],
[
[
-0.02964875529858585,
-0.02964875529858585,
-0.14824377649292936
],
[
-0.06249607540352431,
-0.015392938054149319,
-0.14452547592082904
]
],
[
[
0.00544741488342676,
0.08696819796702787,
-0.04890792585975223
],
[
-0.013732565892996429,
0.06620923874741813,
-0.026610079196055403
]
],
[
[
0.10724824989495427,
0.10724824989495427,
0.5362412494747713
],
[
0.1062219574600381,
0.1425736920626864,
0.529381419528208
]
],
[
[
0.06703475420156513,
0.06703475420156513,
0.33517377100782564
],
[
0.10126458259517582,
0.07444783560642876,
0.32684518904813076
]
],
[
[
0.07250547461518086,
0.07250547461518086,
0.3625273730759044
],
[
0.03892222206285098,
0.08475102835411572,
0.3667949128385833
]
],
[
[
0.035479252913835635,
0.14985957374302555,
0.627773805472863
],
[
0.01414218245678861,
0.1534172694983484,
0.5989975685886798
]
],
[
[
0.04826765826192453,
0.03995060155715868,
0.6047030407847982
],
[
0.07881238996224299,
0.0472029332946039,
0.5870842959153862
]
],
[
[
0.08264385504958618,
0.18151909407248146,
0.5473953822390764
],
[
0.07986774913725081,
0.14567723894574108,
0.5493062998279823
]
],
[
[
0.554028710465119,
-0.027169611613899303,
-0.13584805806949657
],
[
0.5475630228935446,
-0.06212289741704086,
-0.1301505384231832
]
],
[
[
0.5261363159433797,
0.0007227829078400028,
0.003613914539200125
],
[
0.5614403961710335,
0.0008080337248943525,
0.010657680421320037
]
],
[
[
0.40176766924732543,
0.12509142960389436,
0.6254571480194718
],
[
0.40548186146449894,
0.16033953635191428,
0.6191503651133025
]
],
[
[
0.44441116515202855,
0.08244793369919118,
0.412239668495956
],
[
0.44199504329090455,
0.047136764025269284,
0.4188186780585156
]
],
[
[
0.4124723495935817,
0.11438674925763803,
0.5719337462881903
],
[
0.4472764671195002,
0.1096737247462084,
0.57983717469566
]
],
[
[
0.4490299313532816,
0.07782916749793817,
0.3891458374896908
],
[
0.47757541281434,
0.09972405836391934,
0.39047595560870624
]
],
[
[
0.2862336934796088,
0.16816272757080047,
0.5926458951267619
],
[
0.284460839758109,
0.1323011604538125,
0.5900371903080583
]
],
[
[
0.48818546669839047,
0.1187787432814465,
0.5690845818966914
],
[
0.45337124082365987,
0.12383740144861805,
0.5614439588242242
]
],
[
[
0.49733359277909683,
0.49733359277909683,
0.14762753036061432
],
[
0.4620666446007088,
0.4966318534354848,
0.14043379285621432
]
],
[
[
0.5483251216263181,
0.5483251216263181,
-0.10733011387549168
],
[
0.5561334828465763,
0.5824525209070065,
-0.09894296177530232
]
],
[
[
0.439359330998244,
0.439359330998244,
0.437498839264879
],
[
0.4742875433592318,
0.43272645507492036,
0.44315790655241183
]
],
[
[
0.4347412952385025,
0.4347412952385025,
0.46058901806358615
],
[
0.3996741624083858,
0.4403636072595909,
0.4547000539017806
]
],
[
[
0.5207139275879297,
0.35517542869433505,
0.5773819207379287
],
[
0.5144913863926065,
0.35727402920477813,
0.5419859314468455
]
],
[
[
0.5435744038243465,
0.5213111960028632,
0.5832131562842316
],
[
0.5163868928045858,
0.5258649128452197,
0.5600592653045211
]
],
[
[
0.3717984328355281,
0.34926698186439664,
0.566596323912272
],
[
0.36790009674225194,
0.32870590935116495,
0.5373038787347745
]
],
[
[
0.47594178649858276,
0.5412377558586786,
0.5601316418121935
],
[
0.5006568781680991,
0.5218742829052981,
0.5777447483993614
]
],
[
[
0.39460150082175804,
0.4585803089039917,
0.6960671567471423
],
[
0.3910797013829564,
0.4940750740351058,
0.7009439540198588
]
],
[
[
0.1693531856643008,
0.044821455636675445,
0.0967323814338315
],
[
0.17568587177367698,
0.07976314800213452,
0.09081861541380448
]
],
[
[
0.193410700476694,
0.038018842101977424,
0.08230060661505345
],
[
0.1886054000751809,
0.003330164347983555,
0.09064123586642414
]
],
[
[
0.42312196666213464,
0.1052546413914216,
0.28979179979793124
],
[
0.4201977256857853,
0.06941460422050713,
0.2915064991717589
]
],
[
[
0.4362943781654184,
0.2925660432688141,
0.2866874185757383
],
[
0.472106074301853,
0.2896313807144726,
0.28890332454740886
]
],
[
[
0.5386335663344323,
0.3219789686418319,
0.3041336081954663
],
[
0.504033906388957,
0.3243175353867207,
0.2944694800990312
]
],
[
[
0.494082946606414,
0.380395342138675,
0.34366600500632133
],
[
0.4731645610715005,
0.3590636023175884,
0.3637503335652659
]
],
[
[
0.07347317291842265,
0.21214168265948669,
0.18426275157108674
],
[
0.04050643528826223,
0.2110064783016554,
0.19868164018019263
]
],
[
[
0.015073907900557848,
0.25107807274898103,
0.27956677468339597
],
[
-0.02069041383748793,
0.24880703686544264,
0.2829959993191275
]
],
[
[
0.013701508822069386,
0.18734498673081387,
0.22304582079417606
],
[
0.04791226292824727,
0.19436130698919715,
0.2143035311481673
]
],
[
[
0.15540865380469143,
0.475087233941243,
0.13864282220243423
],
[
0.15503223840209812,
0.5109100272549492,
0.14219013354176913
]
],
[
[
0.203679479539661,
0.5002838876510278,
0.25466111097971666
],
[
0.20246566295355295,
0.5360509580846433,
0.2585653600741493
]
],
[
[
0.2859458437509167,
0.5869950988859393,
0.13411544559671434
],
[
0.27757163066440727,
0.553172243647671,
0.12506635816185707
]
],
[
[
0.349792303956316,
0.4836006575695281,
0.7473639724427967
],
[
0.3524533684777805,
0.44814393791080204,
0.7417301957098719
]
],
[
[
0.25975126397553805,
0.46075767374066956,
0.8485984167342959
],
[
0.2802418007934221,
0.4337592580959382,
0.8607312918783783
]
],
[
[
0.290119931782382,
0.4684620604043932,
0.8144544840347703
],
[
0.2629460178445687,
0.4723475024750048,
0.7911618942702416
]
],
[
[
0.20229312677645533,
0.11893651273398087,
0.82959995818644
],
[
0.2104810884830058,
0.08389040649687654,
0.8304532094049336
]
],
[
[
0.21347702732099416,
0.12075558357686494,
0.7969929149464208
],
[
0.24144320384155799,
0.1407369730002087,
0.8076997581626999
]
],
[
[
0.2718882674552038,
0.13025622097986173,
0.6266929533923682
],
[
0.2393986379373558,
0.14165869115280386,
0.6161854418186855
]
],
[
[
0.2306994892572832,
0.08952395528206591,
0.8678237483729039
],
[
0.26242261653930765,
0.08825087031467982,
0.8508526547669621
]
],
[
[
0.1500479742631029,
0.06705164160149063,
0.718752087485146
],
[
0.17440210699459296,
0.04227680909096887,
0.7093106558594288
]
],
[
[
0.13112414228307367,
0.28509170242884374,
0.5175042015284301
],
[
0.09848414625754048,
0.2890928070235716,
0.5321541699356667
]
],
[
[
0.1758444927216249,
0.38226218575845616,
0.5906021607515886
],
[
0.14427964799841608,
0.38381986777644317,
0.6078424533177791
]
],
[
[
0.1042997511471733,
0.2077122203388051,
0.6548637786240956
],
[
0.13483346339502503,
0.19971408800274357,
0.6375506545779662
]
],
[
[
0.15896208888947633,
0.2779413642436941,
0.7188234719566415
],
[
0.18847921898083758,
0.2732417856031257,
0.6987572727188851
]
],
[
[
0.32828655208312485,
0.2849995896038997,
0.544548640417382
],
[
0.35735496597761024,
0.2916491147408933,
0.5647183161466005
]
],
[
[
0.3450372955957589,
0.26421101309680467,
0.5272611347529129
],
[
0.31738986926030055,
0.26090990719108414,
0.504441784043377
]
],
[
[
0.3728378116241857,
0.2372919211927116,
0.6237487800349198
],
[
0.3409930915194642,
0.23415161805099147,
0.6072546860868399
]
]
],
"half_couplers": [
{
"pose": [
[
0.9763041267502339,
-0.0989606742773418,
0.1924500897298752,
0.007549930690855517
],
[
0.13643761014402664,
0.9717755612800465,
-0.19245008972987557,
0.5193091681603642
],
[
-0.16797330332124139,
0.214147247111478,
0.9622504486493763,
0.03774965345427766
],
[
0.0,
0.0,
0.0,
1.0
]
],
"at_element": 0,
"to_element": 20
},
{
"pose": [
[
-0.5945511633414202,
0.09896067427734186,
0.7979446717134828,
0.011112514919717341
],
[
-0.23030966438886957,
-0.9717755612800465,
-0.051085389182591784,
0.48432524839737695
],
[
0.7703676866655624,
-0.21414724711147806,
0.6005618901463241,
0.030040352655907817
],
[
0.0,
0.0,
0.0,
1.0
]
],
"at_element": 20,
"to_element": 0
},
{
"pose": [
[
0.8849525377173014,
-0.45189373044063735,
0.11247694153093263,
-0.06348699757701598
],
[
0.3980364868464487,
0.6086409049010351,
-0.686384151929651,
0.5099707601647977
],
[
0.2417146274569355,
0.6521873237572882,
0.718488506243253,
0.00961682395391334
],
[
0.0,
0.0,
0.0,
1.0
]
],
"at_element": 18,
"to_element": 20
},
{
"pose": [
[
-0.3988437755218286,
0.4518937304406374,
0.7979446717134827,
-0.047218826465132556
],
[
-0.7917995528499069,
-0.6086409049010351,
-0.051085389182591645,
0.48805969187675846
],
[
0.4625765999639203,
-0.6521873237572882,
0.6005618901463241,
-0.013861915106129094
],
[
0.0,
0.0,
0.0,
1.0
]
],
"at_element": 20,
"to_element": 18
},
{
"pose": [
[
-0.9694464902515787,
0.152106756923744,
0.192450089729875,
0.08433074705768809
],
[
-0.1892806137595527,
-0.9628789187731608,
-0.1924500897298724,
0.4425283517935316
],
[
0.1560331752984054,
-0.22299713513937794,
0.9622504486493769,
0.42165373528844063
],
[
0.0,
0.0,
0.0,
1.0
]
],
"at_element": 0,
"to_element": 25
},
{
"pose": [
[
0.7378039996139,
-0.15210675692374362,
0.6576540067937499,
0.07885490368883113
],
[
0.2607467795629812,
0.9628789187731611,
-0.06982338239989803,
0.477191993626481
],
[
-0.622620570734108,
0.22299713513937675,
0.7500772644323811,
0.4296816323288017
],
[
0.0,
0.0,
0.0,
1.0
]
],
"at_element": 25,
"to_element": 0
},
{
"pose": [
[
0.17874606833923123,
0.9648900486668052,
0.1924500897298762,
0.06688179163887942
],
[
-0.9573012596841722,
0.21572496649683515,
-0.19245008972987407,
0.4599773072123403
],
[
-0.2272094656046797,
-0.1498330164339952,
0.9622504486493764,
0.33440895819439725
],
[
0.0,
0.0,
0.0,
1.0
]
],
"at_element": 0,
"to_element": 32
},
{
"pose": [
[
-0.06539723541463038,
-0.9648900486668053,
0.25438238064750696,
0.032145733336465185
],
[
0.7498112055865165,
-0.21572496649683393,
-0.6254965186208747,
0.4522112047182021
],
[
0.6584119968355815,
0.14983301643399408,
0.737593187068097,
0.33980294935605254
],
[
0.0,
0.0,
0.0,
1.0
]
],
"at_element": 32,
"to_element": 0
},
{
"pose": [
[
-0.9776785218110686,
0.17704143720960883,
-0.11314167004282565,
0.015409894021037098
],
[
-0.1455613728795235,
-0.18241316907572025,
0.9723874343455805,
0.3223441445942624
],
[
0.15151433831407446,
0.9671513662599607,
0.2041118321576173,
0.6639796844588046
],
[
0.0,
0.0,
0.0,
1.0
]
],
"at_element": 4,
"to_element": 7
},
{
"pose": [
[
-0.022443433706567095,
-0.17704143720960963,
-0.9839474690217027,
0.009036403847640477
],
[
0.9816704916872898,
0.18241316907572047,
-0.05521305550490074,
0.32891101706731946
],
[
0.18925997472760464,
-0.9671513662599606,
0.16970237684722622,
0.6291622438290896
],
[
0.0,
0.0,
0.0,
1.0
]
],
"at_element": 7,
"to_element": 4
},
{
"pose": [
[
-0.47694640137540034,
0.8716198097306971,
-0.1131416700428246,
-0.0031632095044209036
],
[
-0.2333677343849428,
-0.0014758302268391699,
0.9723874343455805,
0.48196926306846305
],
[
0.8473851726122512,
0.4901803027562055,
0.2041118321576194,
0.6974862624331213
],
[
0.0,
0.0,
0.0,
1.0
]
],
"at_element": 4,
"to_element": 23
},
{
"pose": [
[
-0.05317264652567788,
-0.8716198097306977,
-0.4872900337032121,
-0.034541520491028876
],
[
0.9938099837024994,
0.0014758302268406132,
-0.11108347410114416,
0.48202239295296573
],
[
0.09754171392124153,
-0.49018030275620406,
0.8661459951042565,
0.6798397727507148
],
[
0.0,
0.0,
0.0,
1.0
]
],
"at_element": 23,
"to_element": 4
},
{
"pose": [
[
0.5656455798741779,
-0.8244911089058005,
0.01610867170465774,
0.02076282303340582
],
[
0.5403080972323406,
0.3852962799658166,
0.7480734834958866,
0.5152666190653946
],
[
-0.6229865472335439,
-0.414440813602843,
0.6634203599425035,
0.5138593466789464
],
[
0.0,
0.0,
0.0,
1.0
]
],
"at_element": 17,
"to_element": 23
},
{
"pose": [
[
-0.28768530443665274,
0.8244911089057998,
-0.48729003370321017,
0.05044450291693207
],
[
-0.9160825500063432,
-0.3852962799658166,
-0.11108347410114303,
0.5013959530039545
],
[
-0.27933837399302425,
0.41444081360284524,
0.8661459951042578,
0.5287792159500088
],
[
0.0,
0.0,
0.0,
1.0
]
],
"at_element": 23,
"to_element": 17
},
{
"pose": [
[
-0.25405408038899635,
-0.9670558592623352,
0.016108671704657018,
0.01817950386857891
],
[
0.6447933343238187,
-0.15693189383264916,
0.7480734834958866,
0.3952993987976371
],
[
-0.7209008810157427,
0.20043788505291382,
0.6634203599425037,
0.4074677979778687
],
[
0.0,
0.0,
0.0,
1.0
]
],
"at_element": 17,
"to_element": 32
},
{
"pose": [
[
-0.009621303575671591,
0.967055859262335,
0.25438238064750396,
0.05299351545329117
],
[
-0.7642816796778954,
0.15693189383264938,
-0.6254965186208735,
0.40094894708129897
],
[
-0.6448107820331787,
-0.20043788505291335,
0.737593187068099,
0.40025203398097803
],
[
0.0,
0.0,
0.0,
1.0
]
],
"at_element": 32,
"to_element": 17
},
{
"pose": [
[
0.872903049930361,
-0.024262903284567032,
-0.4872900337032119,
0.09376519636457306
],
[
-0.03440425705672283,
0.9932153889655533,
-0.11108347410114405,
0.5112714127831413
],
[
0.486679167952203,
0.11372995492045335,
0.8661459951042567,
0.45177775370038975
],
[
0.0,
0.0,
0.0,
1.0
]
],
"at_element": 23,
"to_element": 25
},
{
"pose": [
[
-0.7529292920801596,
0.02426290328456688,
0.65765400679375,
0.09463864699113524
],
[
-0.0929940126687839,
-0.9932153889655535,
-0.06982338239989958,
0.4755162274440904
],
[
0.6514979621882389,
-0.11372995492045312,
0.7500772644323808,
0.4476835404391374
],
[
0.0,
0.0,
0.0,
1.0
]
],
"at_element": 25,
"to_element": 23
},
{
"pose": [
[
0.38485114138809207,
-0.6475961753441798,
0.6576540067937494,
0.002036155853740588
],
[
0.8870963674534514,
0.4562726488856511,
-0.06982338239989883,
0.48534787004502633
],
[
-0.2548521803382775,
0.6102740888801208,
0.7500772644323813,
0.3420671790782551
],
[
0.0,
0.0,
0.0,
1.0
]
],
"at_element": 25,
"to_element": 32
},
{
"pose": [
[
-0.7182679152626119,
0.6475961753441802,
0.25438238064750424,
0.025349619470183504
],
[
-0.6329055024820377,
-0.456272648885651,
-0.6254965186208723,
0.4689220537663551
],
[
-0.289001430502102,
-0.6102740888801208,
0.7375931870681,
0.3200973106496732
],
[
0.0,
0.0,
0.0,
1.0
]
],
"at_element": 32,
"to_element": 25
},
{
"pose": [
[
-0.36116879554054004,
0.912425374532492,
0.19245008972987604,
-0.02964875529858589
],
[
-0.8978591464053665,
-0.39599484362702175,
0.1924500897298758,
-0.02964875529858589
],
[
0.25180558838918216,
-0.1032861061810946,
0.962250448649376,
-0.1482437764929294
],
[
0.0,
0.0,
0.0,
1.0
]
],
"at_element": 1,
"to_element": 16
},
{
"pose": [
[
0.25264050305640817,
-0.9124253745324921,
0.3219514126768925,
-0.06249607540352429
],
[
0.7435881696586079,
0.39599484362702153,
0.5387622089239114,
-0.015392938054149308
],
[
-0.6190714095798373,
0.10328610618109493,
0.7785130507003598,
-0.144525475920829
],
[
0.0,
0.0,
0.0,
1.0
]
],
"at_element": 16,
"to_element": 1
},
{
"pose": [
[
0.3453914138795231,
0.5327772404384785,
0.772562737445357,
0.005447414883426718
],
[
-0.8163453822651559,
0.5766377524733455,
-0.03269738945000589,
0.0869681979670279
],
[
-0.46290926548586236,
-0.6193846256513382,
0.6340959686310038,
-0.0489079258597523
],
[
0.0,
0.0,
0.0,
1.0
]
],
"at_element": 10,
"to_element": 16
},
{
"pose": [
[
-0.7826210449164477,
-0.5327772404384783,
0.3219514126768922,
-0.013732565892996457
],
[
0.6141857900162753,
-0.576637752473345,
0.5387622089239112,
0.06620923874741808
],
[
-0.1013909039113988,
0.619384625651338,
0.7785130507003599,
-0.026610079196055472
],
[
0.0,
0.0,
0.0,
1.0
]
],
"at_element": 16,
"to_element": 10
},
{
"pose": [
[
-0.9808925773239505,
0.02850815170684922,
0.19245008972987526,
0.10724824989495428
],
[
0.00923957959737625,
-0.9812632639265708,
0.19245008972987449,
0.10724824989495428
],
[
0.19433059954531484,
0.1905510224439435,
0.9622504486493765,
0.5362412494747714
],
[
0.0,
0.0,
0.0,
1.0
]
],
"at_element": 1,
"to_element": 9
},
{
"pose": [
[
0.607007700208551,
-0.028508151706847895,
-0.7941844478292088,
0.10622195746003786
],
[
0.16844999494738028,
0.9812632639265706,
0.09352543007332884,
0.14257369206268644
],
[
0.7766377862876319,
-0.1905510224439452,
0.6004365551461817,
0.5293814195282083
],
[
0.0,
0.0,
0.0,
1.0
]
],
"at_element": 9,
"to_element": 1
},
{
"pose": [
[
-0.2426687933739251,
-0.9508284912040693,
0.1924500897298748,
0.06703475420156513
],
[
0.9594583705429424,
-0.20591891160853892,
0.19245008972987568,
0.06703475420156513
],
[
-0.14335791543380402,
0.23134948056252116,
0.9622504486493763,
0.33517377100782564
],
[
0.0,
0.0,
0.0,
1.0
]
],
"at_element": 1,
"to_element": 19
},
{
"pose": [
[
-0.02641815216118104,
0.9508284912040692,
0.3085891468457408,
0.10126458259517583
],
[
-0.6903237954861248,
0.20591891160853848,
-0.6935780123588017,
0.07444783560642869
],
[
-0.723018076276119,
-0.23134948056252114,
0.6509395357645991,
0.3268451890481308
],
[
0.0,
0.0,
0.0,
1.0
]
],
"at_element": 19,
"to_element": 1
},
{
"pose": [
[
-0.30449999323571797,
0.932868006248692,
0.19245008972987682,
0.07250547461518086
],
[
-0.920466221555289,
-0.340154226695321,
0.19245008972987637,
0.07250547461518086
],
[
0.24499324295820313,
-0.11854275591067542,
0.9622504486493757,
0.36252737307590427
],
[
0.0,
0.0,
0.0,
1.0
]
],
"at_element": 1,
"to_element": 28
},
{
"pose": [
[
0.10300948983937586,
-0.9328680062486923,
0.34517579277901456,
0.038922222062851
],
[
0.5672510699532443,
0.3401542266953209,
0.7500142169973898,
0.0847510283541158
],
[
-0.8170772721352192,
0.11854275591067526,
0.5642094880283128,
0.36679491283858334
],
[
0.0,
0.0,
0.0,
1.0
]
],
"at_element": 28,
"to_element": 1
},
{
"pose": [
[
-0.7974395433427137,
0.5926964967108251,
-0.11314167004282533,
0.03547925291383562
],
[
-0.21141503511177698,
-0.09882489795342897,
0.9723874343455805,
0.1498595737430256
],
[
0.5651494117859903,
0.7993400417414416,
0.20411183215761874,
0.627773805472863
],
[
0.0,
0.0,
0.0,
1.0
]
],
"at_element": 4,
"to_element": 9
},
{
"pose": [
[
0.13409670246853045,
-0.5926964967108236,
-0.7941844478292075,
0.014142182456788471
],
[
0.9907000724104614,
0.09882489795342797,
0.09352543007332881,
0.15341726949834844
],
[
0.02305300225508583,
-0.7993400417414427,
0.6004365551461833,
0.5989975685886799
],
[
0.0,
0.0,
0.0,
1.0
]
],
"at_element": 9,
"to_element": 4
},
{
"pose": [
[
-0.5170153753167783,
-0.8484657118504977,
-0.11314167004282549,
0.04826765826192451
],
[
0.11780921228299263,
-0.20145388312981205,
0.9723874343455807,
0.03995060155715867
],
[
-0.8478302254504213,
0.4894101232973717,
0.20411183215761763,
0.6047030407847982
],
[
0.0,
0.0,
0.0,
1.0
]
],
"at_element": 4,
"to_element": 27
},
{
"pose": [
[
0.2399738947853144,
0.8484657118504979,
0.47171862973132056,
0.07881238996224299
],
[
-0.9706392720131813,
0.20145388312981205,
0.13143719640056803,
0.04720293329460389
],
[
0.016490404703593087,
-0.489410123297371,
0.8718978138329995,
0.5870842959153861
],
[
0.0,
0.0,
0.0,
1.0
]
],
"at_element": 27,
"to_element": 4
},
{
"pose": [
[
0.21218157355873213,
0.07711414389042193,
0.9741829338754543,
0.08264385504958607
],
[
-0.06840784350139528,
0.9956082587706514,
-0.06391057827277302,
0.18151909407248143
],
[
-0.9748329840488724,
-0.05308110661731669,
0.21652493928102634,
0.5473953822390762
],
[
0.0,
0.0,
0.0,
1.0
]
],
"at_element": 5,
"to_element": 9
},
{
"pose": [
[
-0.6027640264964909,
-0.07711414389042104,
-0.7941844478292087,
0.07986774913725075
],
[
0.004145961561573451,
-0.9956082587706514,
0.09352543007333126,
0.1456772389457411
],
[
-0.7979087287180581,
0.05308110661731781,
0.6004365551461813,
0.5493062998279823
],
[
0.0,
0.0,
0.0,
1.0
]
],
"at_element": 9,
"to_element": 5
},
{
"pose": [
[
0.9647310014465592,
0.17960249945610976,
-0.19245008972987523,
0.554028710465119
],
[
-0.14236456968917685,
0.9709249673688377,
0.192450089729875,
-0.027169611613899348
],
[
0.22141911422714713,
-0.15826449358254532,
0.9622504486493764,
-0.13584805806949662
],
[
0.0,
0.0,
0.0,
1.0
]
],
"at_element": 2,
"to_element": 8
},
{
"pose": [
[
-0.5226962965135649,
-0.17960249945611018,
-0.8333855793089543,
0.5475630228935446
],
[
-0.04210547733295446,
-0.9709249673688376,
0.23565193934781403,
-0.06212289741704086
],
[
-0.8514785437047533,
0.1582644935825459,
0.49993663566645397,
-0.13015053842318322
],
[
0.0,
0.0,
0.0,
1.0
]
],
"at_element": 8,
"to_element": 2
},
{
"pose": [
[
0.03537613182945565,
-0.9806689004244746,
-0.19245008972987504,
0.5261363159433797
],
[
0.9813039056114565,
-0.0023680782640922438,
0.19245008972987515,
0.0007227829078399958
],
[
-0.18918555475640003,
-0.19566016443207623,
0.9622504486493764,
0.0036139145392000693
],
[
0.0,
0.0,
0.0,
1.0
]
],
"at_element": 2,
"to_element": 14
},
{
"pose": [
[
-0.1442428653630079,
0.9806689004244744,
-0.1322214185830778,
0.5614403961710335
],
[
-0.6669230717053294,
0.002368078264092688,
0.7451228144624638,
0.0008080337248942415
],
[
0.7310318818074881,
0.19566016443207707,
0.6536891370027617,
0.010657680421319954
],
[
0.0,
0.0,
0.0,
1.0
]
],
"at_element": 14,
"to_element": 2
},
{
"pose": [
[
-0.9758680741749637,
-0.10317201543543801,
-0.1924500897298752,
0.40176766924732543
],
[
0.06556228906257412,
-0.9791141655679578,
0.19245008972987446,
0.12509142960389433
],
[
-0.20828607264750748,
0.17518843002650317,
0.9622504486493765,
0.6254571480194717
],
[
0.0,
0.0,
0.0,
1.0
]
],
"at_element": 2,
"to_element": 5
},
{
"pose": [
[
0.20080624137910186,
0.10317201543543839,
0.9741829338754542,
0.40548186146449877
],
[
-0.19300489312191163,
0.9791141655679583,
-0.06391057827277358,
0.16033953635191428
],
[
-0.9604300935800572,
-0.17518843002650178,
0.21652493928102634,
0.6191503651133025
],
[
0.0,
0.0,
0.0,
1.0
]
],
"at_element": 5,
"to_element": 2
},
{
"pose": [
[
0.9790089919819002,
0.06711450351113976,
-0.19245008972987523,
0.44441116515202855
],
[
-0.029410652234958173,
0.9808659319693378,
0.19245008972987446,
0.08244793369919116
],
[
0.20168392884337158,
-0.1827502856916388,
0.9622504486493765,
0.41223966849595595
],
[
0.0,
0.0,
0.0,
1.0
]
],
"at_element": 2,
"to_element": 11
},
{
"pose": [
[
-0.7912799629001943,
-0.06711450351113932,
0.607759544335686,
0.44199504329090455
],
[
0.1638967006493224,
-0.980865931969338,
0.10507090471766603,
0.04713676402526924
],
[
0.5890788502644904,
0.18275028569163912,
0.7871394039499551,
0.41881867805851547
],
[
0.0,
0.0,
0.0,
1.0
]
],
"at_element": 11,
"to_element": 2
},
{
"pose": [
[
0.1682254879346915,
-0.9667797826661962,
-0.19245008972987593,
0.41247234959358164
],
[
0.9725346552907087,
0.13091717695377147,
0.1924500897298761,
0.11438674925763807
],
[
-0.1608618334712042,
-0.2195393919239944,
0.9622504486493759,
0.5719337462881904
],
[
0.0,
0.0,
0.0,
1.0
]
],
"at_element": 2,
"to_element": 13
},
{
"pose": [
[
0.02922736029591466,
0.9667797826661962,
-0.25393426952271614,
0.44727646711950014
],
[
-0.7966304281707203,
-0.13091717695377136,
-0.5901191860048189,
0.1096737247462083
],
[
-0.6037596560906234,
0.21953939192399513,
0.7663398287124157,
0.5798371746956601
],
[
0.0,
0.0,
0.0,
1.0
]
],
"at_element": 13,
"to_element": 2
},
{
"pose": [
[
-0.5781218731024205,
-0.7929300491238247,
-0.19245008972987604,
0.4490299313532816
],
[
0.7701078886867632,
-0.6081914194933855,
0.1924500897298736,
0.07782916749793811
],
[
-0.2696459523578359,
-0.0369477259260895,
0.9622504486493765,
0.38914583748969067
],
[
0.0,
0.0,
0.0,
1.0
]
],
"at_element": 2,
"to_element": 30
},
{
"pose": [
[
0.3064225994461206,
0.7929300491238248,
-0.5266565557791634,
0.47757541281434
],
[
-0.45044223615719015,
0.6081914194933855,
0.653609202153956,
0.0997240583639193
],
[
0.8385743750165471,
0.03694772592609019,
0.5435327801655555,
0.39047595560870624
],
[
0.0,
0.0,
0.0,
1.0
]
],
"at_element": 30,
"to_element": 2
},
{
"pose": [
[
0.22032351148550078,
0.049245930111138085,
0.9741829338754541,
0.28623369347960886
],
[
0.05993023279087676,
0.9961545086895259,
-0.06391057827277517,
0.16816272757080047
],
[
-0.9735840577394074,
0.07246401303418205,
0.21652493928102645,
0.5926458951267619
],
[
0.0,
0.0,
0.0,
1.0
]
],
"at_element": 5,
"to_element": 26
},
{
"pose": [
[
-0.9447791991678371,
-0.04924593011113892,
-0.32398627005981223,
0.284460839758109
],
[
0.06999470681823372,
-0.996154508689526,
-0.052696639693238165,
0.1323011604538125
],
[
-0.3201452886381592,
-0.07246401303418325,
0.9445930134072407,
0.5900371903080583
],
[
0.0,
0.0,
0.0,
1.0
]
],
"at_element": 26,
"to_element": 5
},
{
"pose": [
[
0.21501448239895238,
0.9670620288458481,
-0.1362343742352224,
0.48818546669839047
],
[
0.004691637424470874,
-0.14051831133586634,
-0.9900669637542674,
0.11877874328144654
],
[
-0.9765995908748826,
0.21223957346326489,
-0.03475057638577406,
0.5690845818966914
],
[
0.0,
0.0,
0.0,
1.0
]
],
"at_element": 6,
"to_element": 13
},
{
"pose": [
[
-0.017561865690065126,
-0.9670620288458481,
-0.2539342695227169,
0.45337124082365987
],
[
0.7949930505912158,
0.14051831133586645,
-0.5901191860048178,
0.12383740144861813
],
[
0.6063642720223186,
-0.21223957346326405,
0.7663398287124161,
0.5614439588242242
],
[
0.0,
0.0,
0.0,
1.0
]
],
"at_element": 13,
"to_element": 6
},
{
"pose": [
[
0.05721345780851361,
0.9796374754002403,
-0.1924500897298759,
0.49733359277909683
],
[
-0.9811131409109365,
0.019492760062131298,
-0.1924500897298759,
0.49733359277909683
],
[
-0.18477993662048522,
0.199826047092475,
0.962250448649376,
0.14762753036061427
],
[
0.0,
0.0,
0.0,
1.0
]
],
"at_element": 3,
"to_element": 12
},
{
"pose": [
[
-0.1728664290538542,
-0.9796374754002406,
-0.10211569173056434,
0.4620666446007088
],
[
0.5880962361754412,
-0.019492760062131964,
-0.808556027311305,
0.496631853435485
],
[
0.7901012686374124,
-0.19982604709247248,
0.5794907559236372,
0.14043379285621424
],
[
0.0,
0.0,
0.0,
1.0
]
],
"at_element": 12,
"to_element": 3
},
{
"pose": [
[
-0.9570358457068961,
-0.2168994075488668,
-0.19245008972987537,
0.5483251216263182
],
[
0.25354799060770333,
-0.9479854320725392,
-0.19245008972987598,
0.5483251216263182
],
[
-0.14069757101983849,
-0.23297696792428196,
0.9622504486493761,
-0.1073301138754918
],
[
0.0,
0.0,
0.0,
1.0
]
],
"at_element": 3,
"to_element": 22
},
{
"pose": [
[
0.616171664531821,
0.21689940754886722,
-0.757157266908953,
0.5561334828465764
],
[
-0.31805906951949875,
0.9479854320725392,
0.01272984189343844,
0.5824525209070065
],
[
0.7205351539824243,
0.2329769679242814,
0.6531085853763773,
-0.09894296177530244
],
[
0.0,
0.0,
0.0,
1.0
]
],
"at_element": 22,
"to_element": 3
},
{
"pose": [
[
0.14703887813198202,
-0.9702280820923762,
-0.1924500897298765,
0.4393593309982439
],
[
0.9638548507145993,
0.18424654601077672,
-0.19245008972987376,
0.4393593309982439
],
[
0.22217874576931493,
-0.15719630721632138,
0.9622504486493764,
0.4374988392648789
],
[
0.0,
0.0,
0.0,
1.0
]
],
"at_element": 3,
"to_element": 15
},
{
"pose": [
[
-0.24197104544551729,
0.9702280820923761,
0.010367347074016264,
0.47428754335923173
],
[
-0.7096337455622479,
-0.1842465460107776,
0.6800537901095718,
0.43272645507492036
],
[
0.6617174323873436,
0.15719630721632133,
0.7330889173028422,
0.4431579065524119
],
[
0.0,
0.0,
0.0,
1.0
]
],
"at_element": 15,
"to_element": 3
},
{
"pose": [
[
-0.11879862012246556,
0.9740892417124638,
-0.19245008972987113,
0.4347412952385026
],
[
-0.9687993171600371,
-0.15617568963577666,
-0.1924500897298717,
0.4347412952385026
],
[
-0.21751958745649605,
0.16358271041533357,
0.9622504486493778,
0.46058901806358593
],
[
0.0,
0.0,
0.0,
1.0
]
],
"at_element": 3,
"to_element": 34
},
{
"pose": [
[
-0.03765143297906759,
-0.9740892417124639,
-0.2230078894897211,
0.3996741624083858
],
[
0.6012173654850522,
0.15617568963577688,
-0.783675209130672,
0.44036360725959095
],
[
0.7981980011462291,
-0.16358271041533218,
0.5797591291384189,
0.45470005390178053
],
[
0.0,
0.0,
0.0,
1.0
]
],
"at_element": 34,
"to_element": 3
},
{
"pose": [
[
0.9754812361569046,
0.17284835313804636,
-0.136234374235222,
0.5207139275879297
],
[
-0.12794203337079096,
-0.0582944541046011,
-0.9900669637542675,
0.355175428694335
],
[
-0.17907315265763518,
0.9832218485357777,
-0.03475057638577406,
0.5773819207379288
],
[
0.0,
0.0,
0.0,
1.0
]
],
"at_element": 6,
"to_element": 7
},
{
"pose": [
[
-0.044393975078274917,
-0.1728483531380467,
-0.9839474690217027,
0.5144913863926065
],
[
0.9967714257152736,
0.0582944541046021,
-0.05521305550490113,
0.35727402920477813
],
[
0.0669021662899667,
-0.9832218485357775,
0.16970237684722655,
0.5419859314468455
],
[
0.0,
0.0,
0.0,
1.0
]
],
"at_element": 7,
"to_element": 6
},
{
"pose": [
[
0.6411708045365339,
0.7552087093557063,
-0.13623437423522128,
0.5435744038243465
],
[
-0.06137706596846154,
-0.12649214622065985,
-0.9900669637542676,
0.5213111960028634
],
[
-0.7649397722586249,
0.6431636978699744,
-0.03475057638577139,
0.5832131562842316
],
[
0.0,
0.0,
0.0,
1.0
]
],
"at_element": 6,
"to_element": 24
},
{
"pose": [
[
-0.013729793323826733,
-0.7552087093557062,
-0.6553405970093517,
0.5163868928045858
],
[
0.9779357930374483,
0.12649214622065774,
-0.16625679426931356,
0.5258649128452197
],
[
0.20845401764298543,
-0.6431636978699748,
0.7368089170678634,
0.5600592653045211
],
[
0.0,
0.0,
0.0,
1.0
]
],
"at_element": 24,
"to_element": 6
},
{
"pose": [
[
0.14184956100069945,
0.10828702715327676,
-0.9839474690217026,
0.3717984328355281
],
[
-0.8189933508227835,
0.5711404466590349,
-0.05521305550490113,
0.34926698186439664
],
[
0.5559933393054076,
0.8136783823725586,
0.16970237684722733,
0.566596323912272
],
[
0.0,
0.0,
0.0,
1.0
]
],
"at_element": 7,
"to_element": 34
},
{
"pose": [
[
-0.9687834644416908,
-0.10828702715327711,
-0.22300788948972328,
0.3679000967422519
],
[
0.24423709133568866,
-0.5711404466590353,
-0.7836752091306706,
0.32870590935116495
],
[
-0.04250696696116628,
-0.8136783823725583,
0.57975912913842,
0.5373038787347745
],
[
0.0,
0.0,
0.0,
1.0
]
],
"at_element": 34,
"to_element": 7
},
{
"pose": [
[
0.7270275981285326,
-0.6865299626921637,
0.010367347074018929,
0.4759417864985828
],
[
0.49821525446538734,
0.5378739655119923,
0.6800537901095717,
0.5412377558586787
],
[
-0.47245362923513046,
-0.4892527031609538,
0.7330889173028422,
0.5601316418121935
],
[
0.0,
0.0,
0.0,
1.0
]
],
"at_element": 15,
"to_element": 24
},
{
"pose": [
[
-0.31496874803275365,
0.6865299626921643,
-0.6553405970093531,
0.500656878168099
],
[
-0.8264685569237918,
-0.5378739655119933,
-0.1662567942693117,
0.5218742829052981
],
[
-0.4666309164414473,
0.48925270316095204,
0.7368089170678627,
0.5777447483993615
],
[
0.0,
0.0,
0.0,
1.0
]
],
"at_element": 24,
"to_element": 15
},
{
"pose": [
[
-0.9132399195735732,
0.09782532509155929,
0.3955035462141706,
0.3946015008217581
],
[
-0.14302692188196275,
-0.9859411355864545,
-0.08639083733512469,
0.45858030890399165
],
[
0.3814920037356284,
-0.13546321614823634,
0.9143924584971989,
0.6960671567471423
],
[
0.0,
0.0,
0.0,
1.0
]
],
"at_element": 21,
"to_element": 24
},
{
"pose": [
[
0.7489719004623311,
-0.09782532509155917,
-0.6553405970093528,
0.3910797013829565
],
[
-0.016695973100869448,
0.9859411355864541,
-0.16625679426931197,
0.49407507403510587
],
[
0.662391377359382,
0.13546321614823728,
0.7368089170678629,
0.7009439540198588
],
[
0.0,
0.0,
0.0,
1.0
]
],
"at_element": 24,
"to_element": 21
},
{
"pose": [
[
-0.523951150688071,
-0.17590812344097492,
-0.8333855793089544,
0.16935318566430085
],
[
-0.04895853597929778,
-0.9706035365876113,
0.2356519393478142,
0.04482145563667546
],
[
-0.8503400810542865,
0.16427144265238808,
0.49993663566645397,
0.0967323814338315
],
[
0.0,
0.0,
0.0,
1.0
]
],
"at_element": 8,
"to_element": 10
},
{
"pose": [
[
0.6100845423532801,
0.17590812344097473,
0.7725627374453569,
0.175685871773677
],
[
-0.23845262734299283,
0.9706035365876112,
-0.032697389450005415,
0.07976314800213455
],
[
-0.7556038616198387,
-0.1642714426523866,
0.6340959686310039,
0.09081861541380448
],
[
0.0,
0.0,
0.0,
1.0
]
],
"at_element": 10,
"to_element": 8
},
{
"pose": [
[
0.5363309458307437,
0.13348255595462138,
-0.8333855793089543,
0.193410700476694
],
[
0.1263522836624047,
0.9635887420963931,
0.23565193934781456,
0.03801884210197745
],
[
0.8344963852273989,
-0.23168759863426489,
0.49993663566645397,
0.08230060661505345
],
[
0.0,
0.0,
0.0,
1.0
]
],
"at_element": 8,
"to_element": 11
},
{
"pose": [
[
-0.7828222937070077,
-0.13348255595462138,
0.6077595443356861,
0.1886054000751809
],
[
0.24587972890602672,
-0.9635887420963933,
0.10507090471766774,
0.003330164347983538
],
[
0.5716051219053223,
0.23168759863426397,
0.7871394039499546,
0.09064123586642416
],
[
0.0,
0.0,
0.0,
1.0
]
],
"at_element": 11,
"to_element": 8
},
{
"pose": [
[
0.6022233175623752,
0.08122892717733754,
-0.7941844478292089,
0.42312196666213453
],
[
-0.010945379362034206,
0.9955567249535406,
0.09352543007332995,
0.1052546413914216
],
[
0.798252638238539,
-0.04763054471029035,
0.6004365551461814,
0.2897917997979313
],
[
0.0,
0.0,
0.0,
1.0
]
],
"at_element": 9,
"to_element": 10
},
{
"pose": [
[
-0.629721111366417,
-0.08122892717733653,
0.7725627374453568,
0.42019772568578523
],
[
0.08830451926676534,
-0.9955567249535404,
-0.03269738945000674,
0.06941460422050716
],
[
0.7717860025787653,
0.04763054471028968,
0.634095968631004,
0.29150649917175886
],
[
0.0,
0.0,
0.0,
1.0
]
],
"at_element": 10,
"to_element": 9
},
{
"pose": [
[
-0.0025298418087020824,
-0.9947693126563628,
-0.10211569173056062,
0.43629437816541833
],
[
0.5827451422259147,
0.08151840228227847,
-0.8085560273113073,
0.29256604326881414
],
[
0.8126510315704532,
-0.0615529421435933,
0.579490755923635,
0.2866874185757383
],
[
0.0,
0.0,
0.0,
1.0
]
],
"at_element": 12,
"to_element": 15
},
{
"pose": [
[
